# # x Density Velocity Pressure q0 q1 q2
1.9608e-01 1.0000e+05 0.0000e+00 1.0000e+00 1.0000e+05 0.0000e+00 2.5000e+00
5.8824e-01 1.0000e+05 0.0000e+00 1.0000e+00 1.0000e+05 0.0000e+00 2.5000e+00
9.8039e-01 1.0000e+05 0.0000e+00 1.0000e+00 1.0000e+05 0.0000e+00 2.5000e+00
1.3725e+00 1.0000e+05 0.0000e+00 1.0000e+00 1.0000e+05 0.0000e+00 2.5000e+00
1.7647e+00 1.0000e+05 0.0000e+00 1.0000e+00 1.0000e+05 0.0000e+00 2.5000e+00
2.1569e+00 1.0000e+05 0.0000e+00 1.0000e+00 1.0000e+05 0.0000e+00 2.5000e+00
2.5490e+00 1.0000e+05 0.0000e+00 1.0000e+00 1.0000e+05 0.0000e+00 2.5000e+00
2.9412e+00 1.0000e+05 0.0000e+00 1.0000e+00 1.0000e+05 0.0000e+00 2.5000e+00
3.3333e+00 1.0000e+05 0.0000e+00 1.0000e+00 1.0000e+05 0.0000e+00 2.5000e+00
3.7255e+00 1.0000e+05 0.0000e+00 1.0000e+00 1.0000e+05 0.0000e+00 2.5000e+00
4.1176e+00 1.0000e+05 0.0000e+00 1.0000e+00 1.0000e+05 0.0000e+00 2.5000e+00
4.5098e+00 1.0000e+05 0.0000e+00 1.0000e+00 1.0000e+05 0.0000e+00 2.5000e+00
4.9020e+00 1.0000e+05 0.0000e+00 1.0000e+00 1.0000e+05 0.0000e+00 2.5000e+00
5.2941e+00 1.0000e+05 0.0000e+00 1.0000e+00 1.0000e+05 0.0000e+00 2.5000e+00
5.6863e+00 1.0000e+05 0.0000e+00 1.0000e+00 1.0000e+05 0.0000e+00 2.5000e+00
6.0784e+00 1.0000e+05 0.0000e+00 1.0000e+00 1.0000e+05 0.0000e+00 2.5000e+00
6.4706e+00 1.0000e+05 0.0000e+00 1.0000e+00 1.0000e+05 0.0000e+00 2.5000e+00
6.8627e+00 1.0000e+05 0.0000e+00 1.0000e+00 1.0000e+05 0.0000e+00 2.5000e+00
7.2549e+00 1.0000e+05 0.0000e+00 1.0000e+00 1.0000e+05 0.0000e+00 2.5000e+00
7.6471e+00 1.0000e+05 0.0000e+00 1.0000e+00 1.0000e+05 0.0000e+00 2.5000e+00
8.0392e+00 1.0000e+05 0.0000e+00 1.0000e+00 1.0000e+05 0.0000e+00 2.5000e+00
8.4314e+00 1.0000e+05 0.0000e+00 1.0000e+00 1.0000e+05 0.0000e+00 2.5000e+00
8.8235e+00 1.0000e+05 0.0000e+00 1.0000e+00 1.0000e+05 0.0000e+00 2.5000e+00
9.2157e+00 1.0000e+05 0.0000e+00 1.0000e+00 1.0000e+05 0.0000e+00 2.5000e+00
9.6078e+00 1.0000e+05 0.0000e+00 1.0000e+00 1.0000e+05 0.0000e+00 2.5000e+00
1.0000e+01 1.0000e+05 0.0000e+00 1.0000e+00 1.0000e+05 0.0000e+00 2.5000e+00
1.0392e+01 1.0000e+05 0.0000e+00 1.0000e+00 1.0000e+05 0.0000e+00 2.5000e+00
1.0784e+01 1.0000e+05 0.0000e+00 1.0000e+00 1.0000e+05 0.0000e+00 2.5000e+00
1.1176e+01 1.0000e+05 0.0000e+00 1.0000e+00 1.0000e+05 0.0000e+00 2.5000e+00
1.1569e+01 1.0000e+05 0.0000e+00 1.0000e+00 1.0000e+05 0.0000e+00 2.5000e+00
1.1961e+01 1.0000e+05 0.0000e+00 1.0000e+00 1.0000e+05 0.0000e+00 2.5000e+00
1.2353e+01 1.0000e+05 0.0000e+00 1.0000e+00 1.0000e+05 0.0000e+00 2.5000e+00
1.2745e+01 1.0000e+05 0.0000e+00 1.0000e+00 1.0000e+05 0.0000e+00 2.5000e+00
1.3137e+01 1.0000e+05 0.0000e+00 1.0000e+00 1.0000e+05 0.0000e+00 2.5000e+00
1.3529e+01 1.0000e+05 0.0000e+00 1.0000e+00 1.0000e+05 0.0000e+00 2.5000e+00
1.3922e+01 1.0000e+05 0.0000e+00 1.0000e+00 1.0000e+05 0.0000e+00 2.5000e+00
1.4314e+01 1.0000e+05 0.0000e+00 1.0000e+00 1.0000e+05 0.0000e+00 2.5000e+00
1.4706e+01 1.0000e+05 0.0000e+00 1.0000e+00 1.0000e+05 0.0000e+00 2.5000e+00
1.5098e+01 1.0000e+05 0.0000e+00 1.0000e+00 1.0000e+05 0.0000e+00 2.5000e+00
1.5490e+01 1.0000e+05 0.0000e+00 1.0000e+00 1.0000e+05 0.0000e+00 2.5000e+00
1.5882e+01 1.0000e+05 0.0000e+00 1.0000e+00 1.0000e+05 0.0000e+00 2.5000e+00
1.6275e+01 1.0000e+05 0.0000e+00 1.0000e+00 1.0000e+05 0.0000e+00 2.5000e+00
1.6667e+01 1.0000e+05 0.0000e+00 1.0000e+00 1.0000e+05 0.0000e+00 2.5000e+00
1.7059e+01 1.0000e+05 0.0000e+00 1.0000e+00 1.0000e+05 0.0000e+00 2.5000e+00
1.7451e+01 1.0000e+05 0.0000e+00 1.0000e+00 1.0000e+05 0.0000e+00 2.5000e+00
1.7843e+01 1.0000e+05 0.0000e+00 1.0000e+00 1.0000e+05 0.0000e+00 2.5000e+00
1.8235e+01 1.0000e+05 0.0000e+00 1.0000e+00 1.0000e+05 0.0000e+00 2.5000e+00
1.8627e+01 1.0000e+05 0.0000e+00 1.0000e+00 1.0000e+05 0.0000e+00 2.5000e+00
1.9020e+01 1.0000e+05 0.0000e+00 1.0000e+00 1.0000e+05 0.0000e+00 2.5000e+00
1.9412e+01 1.0000e+05 0.0000e+00 1.0000e+00 1.0000e+05 0.0000e+00 2.5000e+00
1.9804e+01 1.0000e+05 0.0000e+00 1.0000e+00 1.0000e+05 0.0000e+00 2.5000e+00
2.0196e+01 1.0000e+05 0.0000e+00 1.0000e+00 1.0000e+05 0.0000e+00 2.5000e+00
2.0588e+01 1.0000e+05 0.0000e+00 1.0000e+00 1.0000e+05 0.0000e+00 2.5000e+00
2.0980e+01 1.0000e+05 0.0000e+00 1.0000e+00 1.0000e+05 0.0000e+00 2.5000e+00
2.1373e+01 1.0000e+05 0.0000e+00 1.0000e+00 1.0000e+05 0.0000e+00 2.5000e+00
2.1765e+01 1.0000e+05 0.0000e+00 1.0000e+00 1.0000e+05 0.0000e+00 2.5000e+00
2.2157e+01 1.0000e+05 0.0000e+00 1.0000e+00 1.0000e+05 0.0000e+00 2.5000e+00
2.2549e+01 1.0000e+05 0.0000e+00 1.0000e+00 1.0000e+05 0.0000e+00 2.5000e+00
2.2941e+01 1.0000e+05 0.0000e+00 1.0000e+00 1.0000e+05 0.0000e+00 2.5000e+00
2.3333e+01 1.0000e+05 0.0000e+00 1.0000e+00 1.0000e+05 0.0000e+00 2.5000e+00
2.3725e+01 1.0000e+05 0.0000e+00 1.0000e+00 1.0000e+05 0.0000e+00 2.5000e+00
2.4118e+01 1.0000e+05 0.0000e+00 1.0000e+00 1.0000e+05 0.0000e+00 2.5000e+00
2.4510e+01 1.0000e+05 0.0000e+00 1.0000e+00 1.0000e+05 0.0000e+00 2.5000e+00
2.4902e+01 1.0000e+05 0.0000e+00 1.0000e+00 1.0000e+05 0.0000e+00 2.5000e+00
2.5294e+01 1.0000e+05 0.0000e+00 1.0000e+00 1.0000e+05 0.0000e+00 2.5000e+00
2.5686e+01 1.0000e+05 0.0000e+00 1.0000e+00 1.0000e+05 0.0000e+00 2.5000e+00
2.6078e+01 1.0000e+05 0.0000e+00 1.0000e+00 1.0000e+05 0.0000e+00 2.5000e+00
2.6471e+01 1.0000e+05 0.0000e+00 1.0000e+00 1.0000e+05 0.0000e+00 2.5000e+00
2.6863e+01 1.0000e+05 0.0000e+00 1.0000e+00 1.0000e+05 0.0000e+00 2.5000e+00
2.7255e+01 1.0000e+05 0.0000e+00 1.0000e+00 1.0000e+05 0.0000e+00 2.5000e+00
2.7647e+01 1.0000e+05 0.0000e+00 1.0000e+00 1.0000e+05 0.0000e+00 2.5000e+00
2.8039e+01 1.0000e+05 0.0000e+00 1.0000e+00 1.0000e+05 0.0000e+00 2.5000e+00
2.8431e+01 1.0000e+05 0.0000e+00 1.0000e+00 1.0000e+05 0.0000e+00 2.5000e+00
2.8824e+01 1.0000e+05 0.0000e+00 1.0000e+00 1.0000e+05 0.0000e+00 2.5000e+00
2.9216e+01 1.0000e+05 0.0000e+00 1.0000e+00 1.0000e+05 0.0000e+00 2.5000e+00
2.9608e+01 1.0000e+05 0.0000e+00 1.0000e+00 1.0000e+05 0.0000e+00 2.5000e+00
3.0000e+01 1.0000e+05 0.0000e+00 1.0000e+00 1.0000e+05 0.0000e+00 2.5000e+00
3.0392e+01 1.0000e+05 0.0000e+00 1.0000e+00 1.0000e+05 0.0000e+00 2.5000e+00
3.0784e+01 1.0000e+05 0.0000e+00 1.0000e+00 1.0000e+05 0.0000e+00 2.5000e+00
3.1176e+01 1.0000e+05 0.0000e+00 1.0000e+00 1.0000e+05 0.0000e+00 2.5000e+00
3.1569e+01 1.0000e+05 0.0000e+00 1.0000e+00 1.0000e+05 0.0000e+00 2.5000e+00
3.1961e+01 1.0000e+05 0.0000e+00 1.0000e+00 1.0000e+05 0.0000e+00 2.5000e+00
3.2353e+01 1.0000e+05 0.0000e+00 1.0000e+00 1.0000e+05 0.0000e+00 2.5000e+00
3.2745e+01 1.0000e+05 0.0000e+00 1.0000e+00 1.0000e+05 0.0000e+00 2.5000e+00
3.3137e+01 1.0000e+05 0.0000e+00 1.0000e+00 1.0000e+05 0.0000e+00 2.5000e+00
3.3529e+01 1.0000e+05 0.0000e+00 1.0000e+00 1.0000e+05 0.0000e+00 2.5000e+00
3.3922e+01 1.0000e+05 0.0000e+00 1.0000e+00 1.0000e+05 0.0000e+00 2.5000e+00
3.4314e+01 1.0000e+05 0.0000e+00 1.0000e+00 1.0000e+05 0.0000e+00 2.5000e+00
3.4706e+01 1.0000e+05 4.8411e-20 1.0000e+00 1.0000e+05 4.8411e-15 2.5000e+00
3.5098e+01 1.0000e+05 4.2296e-19 1.0000e+00 1.0000e+05 4.2296e-14 2.5000e+00
3.5490e+01 1.0000e+05 1.6777e-18 1.0000e+00 1.0000e+05 1.6777e-13 2.5000e+00
3.5882e+01 1.0000e+05 5.9965e-18 1.0000e+00 1.0000e+05 5.9965e-13 2.5000e+00
3.6275e+01 1.0000e+05 2.3491e-17 1.0000e+00 1.0000e+05 2.3491e-12 2.5000e+00
3.6667e+01 1.0000e+05 9.3999e-17 1.0000e+00 1.0000e+05 9.3999e-12 2.5000e+00
3.7059e+01 1.0000e+05 3.7130e-16 1.0000e+00 1.0000e+05 3.7130e-11 2.5000e+00
3.7451e+01 1.0000e+05 1.4336e-15 1.0000e+00 1.0000e+05 1.4336e-10 2.5000e+00
3.7843e+01 1.0000e+05 5.3951e-15 1.0000e+00 1.0000e+05 5.3951e-10 2.5000e+00
3.8235e+01 1.0000e+05 1.9760e-14 1.0000e+00 1.0000e+05 1.9760e-09 2.5000e+00
3.8627e+01 1.0000e+05 7.0370e-14 1.0000e+00 1.0000e+05 7.0370e-09 2.5000e+00
3.9020e+01 1.0000e+05 2.4354e-13 1.0000e+00 1.0000e+05 2.4354e-08 2.5000e+00
3.9412e+01 1.0000e+05 8.1855e-13 1.0000e+00 1.0000e+05 8.1855e-08 2.5000e+00
3.9804e+01 1.0000e+05 2.6703e-12 1.0000e+00 1.0000e+05 2.6703e-07 2.5000e+00
4.0196e+01 1.0000e+05 8.4495e-12 1.0000e+00 1.0000e+05 8.4495e-07 2.5000e+00
4.0588e+01 1.0000e+05 2.5916e-11 1.0000e+00 1.0000e+05 2.5916e-06 2.5000e+00
4.0980e+01 1.0000e+05 7.7000e-11 1.0000e+00 1.0000e+05 7.7000e-06 2.5000e+00
4.1373e+01 1.0000e+05 2.2146e-10 1.0000e+00 1.0000e+05 2.2146e-05 2.5000e+00
4.1765e+01 1.0000e+05 6.1611e-10 1.0000e+00 1.0000e+05 6.1611e-05 2.5000e+00
4.2157e+01 1.0000e+05 1.6569e-09 9.9999e-01 1.0000e+05 1.6569e-04 2.5000e+00
4.2549e+01 1.0000e+05 4.3040e-09 9.9998e-01 1.0000e+05 4.3040e-04 2.4999e+00
4.2941e+01 1.0000e+05 1.0791e-08 9.9994e-01 1.0000e+05 1.0791e-03 2.4999e+00
4.3333e+01 1.0000e+05 2.6097e-08 9.9987e-01 1.0000e+05 2.6097e-03 2.4997e+00
4.3725e+01 1.0000e+05 6.0829e-08 9.9970e-01 1.0000e+05 6.0829e-03 2.4993e+00
4.4118e+01 1.0000e+05 1.3656e-07 9.9937e-01 1.0000e+05 1.3656e-02 2.4984e+00
4.4510e+01 9.9999e+04 2.9506e-07 9.9869e-01 9.9999e+04 2.9506e-02 2.4967e+00
4.4902e+01 9.9998e+04 6.1325e-07 9.9741e-01 9.9998e+04 6.1324e-02 2.4935e+00
4.5294e+01 9.9997e+04 1.2253e-06 9.9509e-01 9.9997e+04 1.2252e-01 2.4877e+00
4.5686e+01 9.9994e+04 2.3523e-06 9.9110e-01 9.9994e+04 2.3521e-01 2.4778e+00
4.6078e+01 9.9988e+04 4.3376e-06 9.8456e-01 9.9988e+04 4.3371e-01 2.4614e+00
4.6471e+01 9.9977e+04 7.6810e-06 9.7441e-01 9.9977e+04 7.6792e-01 2.4360e+00
4.6863e+01 9.9959e+04 1.3061e-05 9.5947e-01 9.9959e+04 1.3055e+00 2.3987e+00
4.7255e+01 9.9929e+04 2.1329e-05 9.3867e-01 9.9929e+04 2.1314e+00 2.3467e+00
4.7647e+01 9.9881e+04 3.3464e-05 9.1137e-01 9.9881e+04 3.3424e+00 2.2785e+00
4.8039e+01 9.9808e+04 5.0467e-05 8.7763e-01 9.9808e+04 5.0370e+00 2.1942e+00
4.8431e+01 9.9704e+04 7.3322e-05 8.3862e-01 9.9704e+04 7.3105e+00 2.0968e+00
4.8824e+01 9.9517e+04 1.0116e-04 7.9616e-01 9.9517e+04 1.0067e+01 1.9909e+00
4.9216e+01 9.9706e+04 1.4996e-04 7.5900e-01 9.9706e+04 1.4952e+01 1.8986e+00
4.9608e+01 1.0001e+05 9.5417e-05 6.9112e-01 1.0001e+05 9.5425e+00 1.7282e+00
5.0000e+01 1.2566e+04 5.8502e-04 7.5900e-01 1.2566e+04 7.3510e+00 1.8996e+00
5.0392e+01 1.2551e+04 8.9739e-04 7.5978e-01 1.2551e+04 1.1264e+01 1.9045e+00
5.0784e+01 1.2649e+04 9.6212e-04 7.4343e-01 1.2649e+04 1.2170e+01 1.8644e+00
5.1176e+01 1.2694e+04 8.5003e-04 7.1184e-01 1.2694e+04 1.0791e+01 1.7842e+00
5.1569e+01 1.2649e+04 8.6537e-04 6.8832e-01 1.2649e+04 1.0946e+01 1.7255e+00
5.1961e+01 1.2672e+04 7.6470e-04 6.5375e-01 1.2672e+04 9.6901e+00 1.6381e+00
5.2353e+01 1.2639e+04 7.4719e-04 6.1949e-01 1.2639e+04 9.4436e+00 1.5523e+00
5.2745e+01 1.2642e+04 6.5663e-04 5.7920e-01 1.2642e+04 8.3009e+00 1.4507e+00
5.3137e+01 1.2618e+04 6.0625e-04 5.3287e-01 1.2618e+04 7.6495e+00 1.3345e+00
5.3529e+01 1.2607e+04 5.1525e-04 4.8074e-01 1.2607e+04 6.4957e+00 1.2035e+00
5.3922e+01 1.2585e+04 4.3490e-04 4.1800e-01 1.2585e+04 5.4734e+00 1.0462e+00
5.4314e+01 1.2567e+04 3.3341e-04 3.4779e-01 1.2567e+04 4.1899e+00 8.7017e-01
5.4706e+01 1.2546e+04 2.3388e-04 2.7054e-01 1.2546e+04 2.9343e+00 6.7668e-01
5.5098e+01 1.2528e+04 1.4019e-04 1.9940e-01 1.2528e+04 1.7563e+00 4.9863e-01
5.5490e+01 1.2514e+04 7.0235e-05 1.4713e-01 1.2514e+04 8.7895e-01 3.6786e-01
5.5882e+01 1.2506e+04 2.8965e-05 1.1832e-01 1.2506e+04 3.6225e-01 2.9581e-01
5.6275e+01 1.2502e+04 1.0114e-05 1.0612e-01 1.2502e+04 1.2645e-01 2.6531e-01
5.6667e+01 1.2501e+04 3.1503e-06 1.0187e-01 1.2501e+04 3.9381e-02 2.5467e-01
5.7059e+01 1.2500e+04 9.2014e-07 1.0054e-01 1.2500e+04 1.1502e-02 2.5136e-01
5.7451e+01 1.2500e+04 2.5967e-07 1.0015e-01 1.2500e+04 3.2459e-03 2.5039e-01
5.7843e+01 1.2500e+04 7.1688e-08 1.0004e-01 1.2500e+04 8.9610e-04 2.5011e-01
5.8235e+01 1.2500e+04 1.9435e-08 1.0001e-01 1.2500e+04 2.4294e-04 2.5003e-01
5.8627e+01 1.2500e+04 5.1789e-09 1.0000e-01 1.2500e+04 6.4737e-05 2.5001e-01
5.9020e+01 1.2500e+04 1.3562e-09 1.0000e-01 1.2500e+04 1.6953e-05 2.5000e-01
5.9412e+01 1.2500e+04 3.4893e-10 1.0000e-01 1.2500e+04 4.3616e-06 2.5000e-01
5.9804e+01 1.2500e+04 8.8160e-11 1.0000e-01 1.2500e+04 1.1020e-06 2.5000e-01
6.0196e+01 1.2500e+04 2.1867e-11 1.0000e-01 1.2500e+04 2.7333e-07 2.5000e-01
6.0588e+01 1.2500e+04 5.3226e-12 1.0000e-01 1.2500e+04 6.6533e-08 2.5000e-01
6.0980e+01 1.2500e+04 1.2711e-12 1.0000e-01 1.2500e+04 1.5888e-08 2.5000e-01
6.1373e+01 1.2500e+04 2.9773e-13 1.0000e-01 1.2500e+04 3.7216e-09 2.5000e-01
6.1765e+01 1.2500e+04 6.8387e-14 1.0000e-01 1.2500e+04 8.5484e-10 2.5000e-01
6.2157e+01 1.2500e+04 1.5402e-14 1.0000e-01 1.2500e+04 1.9252e-10 2.5000e-01
6.2549e+01 1.2500e+04 3.4003e-15 1.0000e-01 1.2500e+04 4.2504e-11 2.5000e-01
6.2941e+01 1.2500e+04 7.3561e-16 1.0000e-01 1.2500e+04 9.1952e-12 2.5000e-01
6.3333e+01 1.2500e+04 1.5548e-16 1.0000e-01 1.2500e+04 1.9435e-12 2.5000e-01
6.3725e+01 1.2500e+04 3.1804e-17 1.0000e-01 1.2500e+04 3.9755e-13 2.5000e-01
6.4118e+01 1.2500e+04 6.0811e-18 1.0000e-01 1.2500e+04 7.6014e-14 2.5000e-01
6.4510e+01 1.2500e+04 8.8556e-19 1.0000e-01 1.2500e+04 1.1069e-14 2.5000e-01
6.4902e+01 1.2500e+04 2.5197e-20 1.0000e-01 1.2500e+04 3.1496e-16 2.5000e-01
6.5294e+01 1.2500e+04 0.0000e+00 1.0000e-01 1.2500e+04 0.0000e+00 2.5000e-01
6.5686e+01 1.2500e+04 0.0000e+00 1.0000e-01 1.2500e+04 0.0000e+00 2.5000e-01
6.6078e+01 1.2500e+04 0.0000e+00 1.0000e-01 1.2500e+04 0.0000e+00 2.5000e-01
6.6471e+01 1.2500e+04 0.0000e+00 1.0000e-01 1.2500e+04 0.0000e+00 2.5000e-01
6.6863e+01 1.2500e+04 0.0000e+00 1.0000e-01 1.2500e+04 0.0000e+00 2.5000e-01
6.7255e+01 1.2500e+04 0.0000e+00 1.0000e-01 1.2500e+04 0.0000e+00 2.5000e-01
6.7647e+01 1.2500e+04 0.0000e+00 1.0000e-01 1.2500e+04 0.0000e+00 2.5000e-01
6.8039e+01 1.2500e+04 0.0000e+00 1.0000e-01 1.2500e+04 0.0000e+00 2.5000e-01
6.8431e+01 1.2500e+04 0.0000e+00 1.0000e-01 1.2500e+04 0.0000e+00 2.5000e-01
6.8824e+01 1.2500e+04 0.0000e+00 1.0000e-01 1.2500e+04 0.0000e+00 2.5000e-01
6.9216e+01 1.2500e+04 0.0000e+00 1.0000e-01 1.2500e+04 0.0000e+00 2.5000e-01
6.9608e+01 1.2500e+04 0.0000e+00 1.0000e-01 1.2500e+04 0.0000e+00 2.5000e-01
7.0000e+01 1.2500e+04 0.0000e+00 1.0000e-01 1.2500e+04 0.0000e+00 2.5000e-01
7.0392e+01 1.2500e+04 0.0000e+00 1.0000e-01 1.2500e+04 0.0000e+00 2.5000e-01
7.0784e+01 1.2500e+04 0.0000e+00 1.0000e-01 1.2500e+04 0.0000e+00 2.5000e-01
7.1176e+01 1.2500e+04 0.0000e+00 1.0000e-01 1.2500e+04 0.0000e+00 2.5000e-01
7.1569e+01 1.2500e+04 0.0000e+00 1.0000e-01 1.2500e+04 0.0000e+00 2.5000e-01
7.1961e+01 1.2500e+04 0.0000e+00 1.0000e-01 1.2500e+04 0.0000e+00 2.5000e-01
7.2353e+01 1.2500e+04 0.0000e+00 1.0000e-01 1.2500e+04 0.0000e+00 2.5000e-01
7.2745e+01 1.2500e+04 0.0000e+00 1.0000e-01 1.2500e+04 0.0000e+00 2.5000e-01
7.3137e+01 1.2500e+04 0.0000e+00 1.0000e-01 1.2500e+04 0.0000e+00 2.5000e-01
7.3529e+01 1.2500e+04 0.0000e+00 1.0000e-01 1.2500e+04 0.0000e+00 2.5000e-01
7.3922e+01 1.2500e+04 0.0000e+00 1.0000e-01 1.2500e+04 0.0000e+00 2.5000e-01
7.4314e+01 1.2500e+04 0.0000e+00 1.0000e-01 1.2500e+04 0.0000e+00 2.5000e-01
7.4706e+01 1.2500e+04 0.0000e+00 1.0000e-01 1.2500e+04 0.0000e+00 2.5000e-01
7.5098e+01 1.2500e+04 0.0000e+00 1.0000e-01 1.2500e+04 0.0000e+00 2.5000e-01
7.5490e+01 1.2500e+04 0.0000e+00 1.0000e-01 1.2500e+04 0.0000e+00 2.5000e-01
7.5882e+01 1.2500e+04 0.0000e+00 1.0000e-01 1.2500e+04 0.0000e+00 2.5000e-01
7.6275e+01 1.2500e+04 0.0000e+00 1.0000e-01 1.2500e+04 0.0000e+00 2.5000e-01
7.6667e+01 1.2500e+04 0.0000e+00 1.0000e-01 1.2500e+04 0.0000e+00 2.5000e-01
7.7059e+01 1.2500e+04 0.0000e+00 1.0000e-01 1.2500e+04 0.0000e+00 2.5000e-01
7.7451e+01 1.2500e+04 0.0000e+00 1.0000e-01 1.2500e+04 0.0000e+00 2.5000e-01
7.7843e+01 1.2500e+04 0.0000e+00 1.0000e-01 1.2500e+04 0.0000e+00 2.5000e-01
7.8235e+01 1.2500e+04 0.0000e+00 1.0000e-01 1.2500e+04 0.0000e+00 2.5000e-01
7.8627e+01 1.2500e+04 0.0000e+00 1.0000e-01 1.2500e+04 0.0000e+00 2.5000e-01
7.9020e+01 1.2500e+04 0.0000e+00 1.0000e-01 1.2500e+04 0.0000e+00 2.5000e-01
7.9412e+01 1.2500e+04 0.0000e+00 1.0000e-01 1.2500e+04 0.0000e+00 2.5000e-01
7.9804e+01 1.2500e+04 0.0000e+00 1.0000e-01 1.2500e+04 0.0000e+00 2.5000e-01
8.0196e+01 1.2500e+04 0.0000e+00 1.0000e-01 1.2500e+04 0.0000e+00 2.5000e-01
8.0588e+01 1.2500e+04 0.0000e+00 1.0000e-01 1.2500e+04 0.0000e+00 2.5000e-01
8.0980e+01 1.2500e+04 0.0000e+00 1.0000e-01 1.2500e+04 0.0000e+00 2.5000e-01
8.1373e+01 1.2500e+04 0.0000e+00 1.0000e-01 1.2500e+04 0.0000e+00 2.5000e-01
8.1765e+01 1.2500e+04 0.0000e+00 1.0000e-01 1.2500e+04 0.0000e+00 2.5000e-01
8.2157e+01 1.2500e+04 0.0000e+00 1.0000e-01 1.2500e+04 0.0000e+00 2.5000e-01
8.2549e+01 1.2500e+04 0.0000e+00 1.0000e-01 1.2500e+04 0.0000e+00 2.5000e-01
8.2941e+01 1.2500e+04 0.0000e+00 1.0000e-01 1.2500e+04 0.0000e+00 2.5000e-01
8.3333e+01 1.2500e+04 0.0000e+00 1.0000e-01 1.2500e+04 0.0000e+00 2.5000e-01
8.3725e+01 1.2500e+04 0.0000e+00 1.0000e-01 1.2500e+04 0.0000e+00 2.5000e-01
8.4118e+01 1.2500e+04 0.0000e+00 1.0000e-01 1.2500e+04 0.0000e+00 2.5000e-01
8.4510e+01 1.2500e+04 0.0000e+00 1.0000e-01 1.2500e+04 0.0000e+00 2.5000e-01
8.4902e+01 1.2500e+04 0.0000e+00 1.0000e-01 1.2500e+04 0.0000e+00 2.5000e-01
8.5294e+01 1.2500e+04 0.0000e+00 1.0000e-01 1.2500e+04 0.0000e+00 2.5000e-01
8.5686e+01 1.2500e+04 0.0000e+00 1.0000e-01 1.2500e+04 0.0000e+00 2.5000e-01
8.6078e+01 1.2500e+04 0.0000e+00 1.0000e-01 1.2500e+04 0.0000e+00 2.5000e-01
8.6471e+01 1.2500e+04 0.0000e+00 1.0000e-01 1.2500e+04 0.0000e+00 2.5000e-01
8.6863e+01 1.2500e+04 0.0000e+00 1.0000e-01 1.2500e+04 0.0000e+00 2.5000e-01
8.7255e+01 1.2500e+04 0.0000e+00 1.0000e-01 1.2500e+04 0.0000e+00 2.5000e-01
8.7647e+01 1.2500e+04 0.0000e+00 1.0000e-01 1.2500e+04 0.0000e+00 2.5000e-01
8.8039e+01 1.2500e+04 0.0000e+00 1.0000e-01 1.2500e+04 0.0000e+00 2.5000e-01
8.8431e+01 1.2500e+04 0.0000e+00 1.0000e-01 1.2500e+04 0.0000e+00 2.5000e-01
8.8824e+01 1.2500e+04 0.0000e+00 1.0000e-01 1.2500e+04 0.0000e+00 2.5000e-01
8.9216e+01 1.2500e+04 0.0000e+00 1.0000e-01 1.2500e+04 0.0000e+00 2.5000e-01
8.9608e+01 1.2500e+04 0.0000e+00 1.0000e-01 1.2500e+04 0.0000e+00 2.5000e-01
9.0000e+01 1.2500e+04 0.0000e+00 1.0000e-01 1.2500e+04 0.0000e+00 2.5000e-01
9.0392e+01 1.2500e+04 0.0000e+00 1.0000e-01 1.2500e+04 0.0000e+00 2.5000e-01
9.0784e+01 1.2500e+04 0.0000e+00 1.0000e-01 1.2500e+04 0.0000e+00 2.5000e-01
9.1176e+01 1.2500e+04 0.0000e+00 1.0000e-01 1.2500e+04 0.0000e+00 2.5000e-01
9.1569e+01 1.2500e+04 0.0000e+00 1.0000e-01 1.2500e+04 0.0000e+00 2.5000e-01
9.1961e+01 1.2500e+04 0.0000e+00 1.0000e-01 1.2500e+04 0.0000e+00 2.5000e-01
9.2353e+01 1.2500e+04 0.0000e+00 1.0000e-01 1.2500e+04 0.0000e+00 2.5000e-01
9.2745e+01 1.2500e+04 0.0000e+00 1.0000e-01 1.2500e+04 0.0000e+00 2.5000e-01
9.3137e+01 1.2500e+04 0.0000e+00 1.0000e-01 1.2500e+04 0.0000e+00 2.5000e-01
9.3529e+01 1.2500e+04 0.0000e+00 1.0000e-01 1.2500e+04 0.0000e+00 2.5000e-01
9.3922e+01 1.2500e+04 0.0000e+00 1.0000e-01 1.2500e+04 0.0000e+00 2.5000e-01
9.4314e+01 1.2500e+04 0.0000e+00 1.0000e-01 1.2500e+04 0.0000e+00 2.5000e-01
9.4706e+01 1.2500e+04 0.0000e+00 1.0000e-01 1.2500e+04 0.0000e+00 2.5000e-01
9.5098e+01 1.2500e+04 0.0000e+00 1.0000e-01 1.2500e+04 0.0000e+00 2.5000e-01
9.5490e+01 1.2500e+04 0.0000e+00 1.0000e-01 1.2500e+04 0.0000e+00 2.5000e-01
9.5882e+01 1.2500e+04 0.0000e+00 1.0000e-01 1.2500e+04 0.0000e+00 2.5000e-01
9.6275e+01 1.2500e+04 0.0000e+00 1.0000e-01 1.2500e+04 0.0000e+00 2.5000e-01
9.6667e+01 1.2500e+04 0.0000e+00 1.0000e-01 1.2500e+04 0.0000e+00 2.5000e-01
9.7059e+01 1.2500e+04 0.0000e+00 1.0000e-01 1.2500e+04 0.0000e+00 2.5000e-01
9.7451e+01 1.2500e+04 0.0000e+00 1.0000e-01 1.2500e+04 0.0000e+00 2.5000e-01
9.7843e+01 1.2500e+04 0.0000e+00 1.0000e-01 1.2500e+04 0.0000e+00 2.5000e-01
9.8235e+01 1.2500e+04 0.0000e+00 1.0000e-01 1.2500e+04 0.0000e+00 2.5000e-01
9.8627e+01 1.2500e+04 0.0000e+00 1.0000e-01 1.2500e+04 0.0000e+00 2.5000e-01
9.9020e+01 1.2500e+04 0.0000e+00 1.0000e-01 1.2500e+04 0.0000e+00 2.5000e-01
9.9412e+01 1.2500e+04 0.0000e+00 1.0000e-01 1.2500e+04 0.0000e+00 2.5000e-01
9.9804e+01 1.2500e+04 0.0000e+00 1.0000e-01 1.2500e+04 0.0000e+00 2.5000e-01
