# # x Density Velocity Pressure q0 q1 q2
1.9608e-01 1.0000e+05 0.0000e+00 1.0000e+00 1.0000e+05 0.0000e+00 2.5000e+00
5.8824e-01 1.0000e+05 0.0000e+00 1.0000e+00 1.0000e+05 0.0000e+00 2.5000e+00
9.8039e-01 1.0000e+05 0.0000e+00 1.0000e+00 1.0000e+05 0.0000e+00 2.5000e+00
1.3725e+00 1.0000e+05 0.0000e+00 1.0000e+00 1.0000e+05 0.0000e+00 2.5000e+00
1.7647e+00 1.0000e+05 0.0000e+00 1.0000e+00 1.0000e+05 0.0000e+00 2.5000e+00
2.1569e+00 1.0000e+05 0.0000e+00 1.0000e+00 1.0000e+05 0.0000e+00 2.5000e+00
2.5490e+00 1.0000e+05 0.0000e+00 1.0000e+00 1.0000e+05 0.0000e+00 2.5000e+00
2.9412e+00 1.0000e+05 0.0000e+00 1.0000e+00 1.0000e+05 0.0000e+00 2.5000e+00
3.3333e+00 1.0000e+05 0.0000e+00 1.0000e+00 1.0000e+05 0.0000e+00 2.5000e+00
3.7255e+00 1.0000e+05 0.0000e+00 1.0000e+00 1.0000e+05 0.0000e+00 2.5000e+00
4.1176e+00 1.0000e+05 0.0000e+00 1.0000e+00 1.0000e+05 0.0000e+00 2.5000e+00
4.5098e+00 1.0000e+05 0.0000e+00 1.0000e+00 1.0000e+05 0.0000e+00 2.5000e+00
4.9020e+00 1.0000e+05 0.0000e+00 1.0000e+00 1.0000e+05 0.0000e+00 2.5000e+00
5.2941e+00 1.0000e+05 0.0000e+00 1.0000e+00 1.0000e+05 0.0000e+00 2.5000e+00
5.6863e+00 1.0000e+05 0.0000e+00 1.0000e+00 1.0000e+05 0.0000e+00 2.5000e+00
6.0784e+00 1.0000e+05 0.0000e+00 1.0000e+00 1.0000e+05 0.0000e+00 2.5000e+00
6.4706e+00 1.0000e+05 0.0000e+00 1.0000e+00 1.0000e+05 0.0000e+00 2.5000e+00
6.8627e+00 1.0000e+05 0.0000e+00 1.0000e+00 1.0000e+05 0.0000e+00 2.5000e+00
7.2549e+00 1.0000e+05 0.0000e+00 1.0000e+00 1.0000e+05 0.0000e+00 2.5000e+00
7.6471e+00 1.0000e+05 0.0000e+00 1.0000e+00 1.0000e+05 0.0000e+00 2.5000e+00
8.0392e+00 1.0000e+05 0.0000e+00 1.0000e+00 1.0000e+05 0.0000e+00 2.5000e+00
8.4314e+00 1.0000e+05 0.0000e+00 1.0000e+00 1.0000e+05 0.0000e+00 2.5000e+00
8.8235e+00 1.0000e+05 0.0000e+00 1.0000e+00 1.0000e+05 0.0000e+00 2.5000e+00
9.2157e+00 1.0000e+05 0.0000e+00 1.0000e+00 1.0000e+05 0.0000e+00 2.5000e+00
9.6078e+00 1.0000e+05 0.0000e+00 1.0000e+00 1.0000e+05 0.0000e+00 2.5000e+00
1.0000e+01 1.0000e+05 0.0000e+00 1.0000e+00 1.0000e+05 0.0000e+00 2.5000e+00
1.0392e+01 1.0000e+05 0.0000e+00 1.0000e+00 1.0000e+05 0.0000e+00 2.5000e+00
1.0784e+01 1.0000e+05 0.0000e+00 1.0000e+00 1.0000e+05 0.0000e+00 2.5000e+00
1.1176e+01 1.0000e+05 0.0000e+00 1.0000e+00 1.0000e+05 0.0000e+00 2.5000e+00
1.1569e+01 1.0000e+05 0.0000e+00 1.0000e+00 1.0000e+05 0.0000e+00 2.5000e+00
1.1961e+01 1.0000e+05 0.0000e+00 1.0000e+00 1.0000e+05 0.0000e+00 2.5000e+00
1.2353e+01 1.0000e+05 0.0000e+00 1.0000e+00 1.0000e+05 0.0000e+00 2.5000e+00
1.2745e+01 1.0000e+05 0.0000e+00 1.0000e+00 1.0000e+05 0.0000e+00 2.5000e+00
1.3137e+01 1.0000e+05 0.0000e+00 1.0000e+00 1.0000e+05 0.0000e+00 2.5000e+00
1.3529e+01 1.0000e+05 0.0000e+00 1.0000e+00 1.0000e+05 0.0000e+00 2.5000e+00
1.3922e+01 1.0000e+05 0.0000e+00 1.0000e+00 1.0000e+05 0.0000e+00 2.5000e+00
1.4314e+01 1.0000e+05 0.0000e+00 1.0000e+00 1.0000e+05 0.0000e+00 2.5000e+00
1.4706e+01 1.0000e+05 0.0000e+00 1.0000e+00 1.0000e+05 0.0000e+00 2.5000e+00
1.5098e+01 1.0000e+05 0.0000e+00 1.0000e+00 1.0000e+05 0.0000e+00 2.5000e+00
1.5490e+01 1.0000e+05 0.0000e+00 1.0000e+00 1.0000e+05 0.0000e+00 2.5000e+00
1.5882e+01 1.0000e+05 0.0000e+00 1.0000e+00 1.0000e+05 0.0000e+00 2.5000e+00
1.6275e+01 1.0000e+05 0.0000e+00 1.0000e+00 1.0000e+05 0.0000e+00 2.5000e+00
1.6667e+01 1.0000e+05 0.0000e+00 1.0000e+00 1.0000e+05 0.0000e+00 2.5000e+00
1.7059e+01 1.0000e+05 0.0000e+00 1.0000e+00 1.0000e+05 0.0000e+00 2.5000e+00
1.7451e+01 1.0000e+05 0.0000e+00 1.0000e+00 1.0000e+05 0.0000e+00 2.5000e+00
1.7843e+01 1.0000e+05 0.0000e+00 1.0000e+00 1.0000e+05 0.0000e+00 2.5000e+00
1.8235e+01 1.0000e+05 0.0000e+00 1.0000e+00 1.0000e+05 0.0000e+00 2.5000e+00
1.8627e+01 1.0000e+05 0.0000e+00 1.0000e+00 1.0000e+05 0.0000e+00 2.5000e+00
1.9020e+01 1.0000e+05 0.0000e+00 1.0000e+00 1.0000e+05 0.0000e+00 2.5000e+00
1.9412e+01 1.0000e+05 0.0000e+00 1.0000e+00 1.0000e+05 0.0000e+00 2.5000e+00
1.9804e+01 1.0000e+05 0.0000e+00 1.0000e+00 1.0000e+05 0.0000e+00 2.5000e+00
2.0196e+01 1.0000e+05 0.0000e+00 1.0000e+00 1.0000e+05 0.0000e+00 2.5000e+00
2.0588e+01 1.0000e+05 0.0000e+00 1.0000e+00 1.0000e+05 0.0000e+00 2.5000e+00
2.0980e+01 1.0000e+05 0.0000e+00 1.0000e+00 1.0000e+05 0.0000e+00 2.5000e+00
2.1373e+01 1.0000e+05 0.0000e+00 1.0000e+00 1.0000e+05 0.0000e+00 2.5000e+00
2.1765e+01 1.0000e+05 0.0000e+00 1.0000e+00 1.0000e+05 0.0000e+00 2.5000e+00
2.2157e+01 1.0000e+05 0.0000e+00 1.0000e+00 1.0000e+05 0.0000e+00 2.5000e+00
2.2549e+01 1.0000e+05 0.0000e+00 1.0000e+00 1.0000e+05 0.0000e+00 2.5000e+00
2.2941e+01 1.0000e+05 0.0000e+00 1.0000e+00 1.0000e+05 0.0000e+00 2.5000e+00
2.3333e+01 1.0000e+05 0.0000e+00 1.0000e+00 1.0000e+05 0.0000e+00 2.5000e+00
2.3725e+01 1.0000e+05 0.0000e+00 1.0000e+00 1.0000e+05 0.0000e+00 2.5000e+00
2.4118e+01 1.0000e+05 0.0000e+00 1.0000e+00 1.0000e+05 0.0000e+00 2.5000e+00
2.4510e+01 1.0000e+05 0.0000e+00 1.0000e+00 1.0000e+05 0.0000e+00 2.5000e+00
2.4902e+01 1.0000e+05 0.0000e+00 1.0000e+00 1.0000e+05 0.0000e+00 2.5000e+00
2.5294e+01 1.0000e+05 0.0000e+00 1.0000e+00 1.0000e+05 0.0000e+00 2.5000e+00
2.5686e+01 1.0000e+05 0.0000e+00 1.0000e+00 1.0000e+05 0.0000e+00 2.5000e+00
2.6078e+01 1.0000e+05 0.0000e+00 1.0000e+00 1.0000e+05 0.0000e+00 2.5000e+00
2.6471e+01 1.0000e+05 0.0000e+00 1.0000e+00 1.0000e+05 0.0000e+00 2.5000e+00
2.6863e+01 1.0000e+05 0.0000e+00 1.0000e+00 1.0000e+05 0.0000e+00 2.5000e+00
2.7255e+01 1.0000e+05 0.0000e+00 1.0000e+00 1.0000e+05 0.0000e+00 2.5000e+00
2.7647e+01 1.0000e+05 0.0000e+00 1.0000e+00 1.0000e+05 0.0000e+00 2.5000e+00
2.8039e+01 1.0000e+05 0.0000e+00 1.0000e+00 1.0000e+05 0.0000e+00 2.5000e+00
2.8431e+01 1.0000e+05 0.0000e+00 1.0000e+00 1.0000e+05 0.0000e+00 2.5000e+00
2.8824e+01 1.0000e+05 0.0000e+00 1.0000e+00 1.0000e+05 0.0000e+00 2.5000e+00
2.9216e+01 1.0000e+05 0.0000e+00 1.0000e+00 1.0000e+05 0.0000e+00 2.5000e+00
2.9608e+01 1.0000e+05 0.0000e+00 1.0000e+00 1.0000e+05 0.0000e+00 2.5000e+00
3.0000e+01 1.0000e+05 0.0000e+00 1.0000e+00 1.0000e+05 0.0000e+00 2.5000e+00
3.0392e+01 1.0000e+05 0.0000e+00 1.0000e+00 1.0000e+05 0.0000e+00 2.5000e+00
3.0784e+01 1.0000e+05 0.0000e+00 1.0000e+00 1.0000e+05 0.0000e+00 2.5000e+00
3.1176e+01 1.0000e+05 0.0000e+00 1.0000e+00 1.0000e+05 0.0000e+00 2.5000e+00
3.1569e+01 1.0000e+05 0.0000e+00 1.0000e+00 1.0000e+05 0.0000e+00 2.5000e+00
3.1961e+01 1.0000e+05 0.0000e+00 1.0000e+00 1.0000e+05 0.0000e+00 2.5000e+00
3.2353e+01 1.0000e+05 0.0000e+00 1.0000e+00 1.0000e+05 0.0000e+00 2.5000e+00
3.2745e+01 1.0000e+05 0.0000e+00 1.0000e+00 1.0000e+05 0.0000e+00 2.5000e+00
3.3137e+01 1.0000e+05 0.0000e+00 1.0000e+00 1.0000e+05 0.0000e+00 2.5000e+00
3.3529e+01 1.0000e+05 0.0000e+00 1.0000e+00 1.0000e+05 0.0000e+00 2.5000e+00
3.3922e+01 1.0000e+05 0.0000e+00 1.0000e+00 1.0000e+05 0.0000e+00 2.5000e+00
3.4314e+01 1.0000e+05 0.0000e+00 1.0000e+00 1.0000e+05 0.0000e+00 2.5000e+00
3.4706e+01 1.0000e+05 9.1727e-20 1.0000e+00 1.0000e+05 9.1727e-15 2.5000e+00
3.5098e+01 1.0000e+05 6.0528e-19 1.0000e+00 1.0000e+05 6.0528e-14 2.5000e+00
3.5490e+01 1.0000e+05 2.2343e-18 1.0000e+00 1.0000e+05 2.2343e-13 2.5000e+00
3.5882e+01 1.0000e+05 8.0954e-18 1.0000e+00 1.0000e+05 8.0954e-13 2.5000e+00
3.6275e+01 1.0000e+05 3.1768e-17 1.0000e+00 1.0000e+05 3.1768e-12 2.5000e+00
3.6667e+01 1.0000e+05 1.2604e-16 1.0000e+00 1.0000e+05 1.2604e-11 2.5000e+00
3.7059e+01 1.0000e+05 4.9231e-16 1.0000e+00 1.0000e+05 4.9231e-11 2.5000e+00
3.7451e+01 1.0000e+05 1.8782e-15 1.0000e+00 1.0000e+05 1.8782e-10 2.5000e+00
3.7843e+01 1.0000e+05 6.9824e-15 1.0000e+00 1.0000e+05 6.9824e-10 2.5000e+00
3.8235e+01 1.0000e+05 2.5264e-14 1.0000e+00 1.0000e+05 2.5264e-09 2.5000e+00
3.8627e+01 1.0000e+05 8.8899e-14 1.0000e+00 1.0000e+05 8.8899e-09 2.5000e+00
3.9020e+01 1.0000e+05 3.0402e-13 1.0000e+00 1.0000e+05 3.0402e-08 2.5000e+00
3.9412e+01 1.0000e+05 1.0099e-12 1.0000e+00 1.0000e+05 1.0099e-07 2.5000e+00
3.9804e+01 1.0000e+05 3.2566e-12 1.0000e+00 1.0000e+05 3.2566e-07 2.5000e+00
4.0196e+01 1.0000e+05 1.0188e-11 1.0000e+00 1.0000e+05 1.0188e-06 2.5000e+00
4.0588e+01 1.0000e+05 3.0898e-11 1.0000e+00 1.0000e+05 3.0898e-06 2.5000e+00
4.0980e+01 1.0000e+05 9.0792e-11 1.0000e+00 1.0000e+05 9.0792e-06 2.5000e+00
4.1373e+01 1.0000e+05 2.5830e-10 1.0000e+00 1.0000e+05 2.5830e-05 2.5000e+00
4.1765e+01 1.0000e+05 7.1100e-10 1.0000e+00 1.0000e+05 7.1100e-05 2.5000e+00
4.2157e+01 1.0000e+05 1.8922e-09 9.9999e-01 1.0000e+05 1.8922e-04 2.5000e+00
4.2549e+01 1.0000e+05 4.8656e-09 9.9997e-01 1.0000e+05 4.8656e-04 2.4999e+00
4.2941e+01 1.0000e+05 1.2079e-08 9.9994e-01 1.0000e+05 1.2079e-03 2.4998e+00
4.3333e+01 1.0000e+05 2.8931e-08 9.9986e-01 1.0000e+05 2.8931e-03 2.4996e+00
4.3725e+01 1.0000e+05 6.6808e-08 9.9968e-01 1.0000e+05 6.6808e-03 2.4992e+00
4.4118e+01 1.0000e+05 1.4863e-07 9.9932e-01 1.0000e+05 1.4863e-02 2.4983e+00
4.4510e+01 9.9999e+04 3.1839e-07 9.9860e-01 9.9999e+04 3.1839e-02 2.4965e+00
4.4902e+01 9.9998e+04 6.5626e-07 9.9726e-01 9.9998e+04 6.5625e-02 2.4931e+00
4.5294e+01 9.9997e+04 1.3009e-06 9.9484e-01 9.9997e+04 1.3008e-01 2.4871e+00
4.5686e+01 9.9993e+04 2.4788e-06 9.9072e-01 9.9993e+04 2.4787e-01 2.4768e+00
4.6078e+01 9.9987e+04 4.5390e-06 9.8402e-01 9.9987e+04 4.5384e-01 2.4601e+00
4.6471e+01 9.9976e+04 7.9851e-06 9.7368e-01 9.9976e+04 7.9831e-01 2.4342e+00
4.6863e+01 9.9957e+04 1.3496e-05 9.5856e-01 9.9957e+04 1.3490e+00 2.3964e+00
4.7255e+01 9.9926e+04 2.1917e-05 9.3763e-01 9.9926e+04 2.1901e+00 2.3441e+00
4.7647e+01 9.9877e+04 3.4215e-05 9.1028e-01 9.9877e+04 3.4173e+00 2.2758e+00
4.8039e+01 9.9803e+04 5.1368e-05 8.7665e-01 9.9803e+04 5.1267e+00 2.1918e+00
4.8431e+01 9.9698e+04 7.4338e-05 8.3792e-01 9.9698e+04 7.4114e+00 2.0951e+00
4.8824e+01 9.9507e+04 1.0216e-04 7.9589e-01 9.9507e+04 1.0166e+01 1.9902e+00
4.9216e+01 9.9707e+04 1.5131e-04 7.5947e-01 9.9707e+04 1.5086e+01 1.8998e+00
4.9608e+01 1.0002e+05 9.5465e-05 6.9176e-01 1.0002e+05 9.5482e+00 1.7299e+00
5.0000e+01 1.2563e+04 5.7696e-04 7.5859e-01 1.2563e+04 7.2486e+00 1.8986e+00
5.0392e+01 1.2545e+04 8.9886e-04 7.6080e-01 1.2545e+04 1.1276e+01 1.9071e+00
5.0784e+01 1.2649e+04 9.6707e-04 7.4485e-01 1.2649e+04 1.2233e+01 1.8680e+00
5.1176e+01 1.2696e+04 8.5545e-04 7.1378e-01 1.2696e+04 1.0861e+01 1.7891e+00
5.1569e+01 1.2650e+04 8.7129e-04 6.9079e-01 1.2650e+04 1.1022e+01 1.7318e+00
5.1961e+01 1.2674e+04 7.7145e-04 6.5671e-01 1.2674e+04 9.7771e+00 1.6456e+00
5.2353e+01 1.2641e+04 7.5476e-04 6.2319e-01 1.2641e+04 9.5407e+00 1.5616e+00
5.2745e+01 1.2644e+04 6.6512e-04 5.8362e-01 1.2644e+04 8.4096e+00 1.4619e+00
5.3137e+01 1.2620e+04 6.1612e-04 5.3842e-01 1.2620e+04 7.7754e+00 1.3484e+00
5.3529e+01 1.2610e+04 5.2650e-04 4.8759e-01 1.2610e+04 6.6389e+00 1.2207e+00
5.3922e+01 1.2588e+04 4.4811e-04 4.2662e-01 1.2588e+04 5.6410e+00 1.0678e+00
5.4314e+01 1.2570e+04 3.4810e-04 3.5818e-01 1.2570e+04 4.3757e+00 8.9621e-01
5.4706e+01 1.2549e+04 2.4918e-04 2.8178e-01 1.2549e+04 3.1270e+00 7.0483e-01
5.5098e+01 1.2531e+04 1.5348e-04 2.0934e-01 1.2531e+04 1.9232e+00 5.2349e-01
5.5490e+01 1.2516e+04 7.9451e-05 1.5372e-01 1.2516e+04 9.9444e-01 3.8433e-01
5.5882e+01 1.2507e+04 3.3849e-05 1.2156e-01 1.2507e+04 4.2336e-01 3.0392e-01
5.6275e+01 1.2503e+04 1.2138e-05 1.0737e-01 1.2503e+04 1.5176e-01 2.6844e-01
5.6667e+01 1.2501e+04 3.8487e-06 1.0228e-01 1.2501e+04 4.8113e-02 2.5571e-01
5.7059e+01 1.2500e+04 1.1368e-06 1.0067e-01 1.2500e+04 1.4210e-02 2.5168e-01
5.7451e+01 1.2500e+04 3.2334e-07 1.0019e-01 1.2500e+04 4.0418e-03 2.5048e-01
5.7843e+01 1.2500e+04 8.9879e-08 1.0005e-01 1.2500e+04 1.1235e-03 2.5013e-01
5.8235e+01 1.2500e+04 2.4532e-08 1.0001e-01 1.2500e+04 3.0665e-04 2.5004e-01
5.8627e+01 1.2500e+04 6.5826e-09 1.0000e-01 1.2500e+04 8.2282e-05 2.5001e-01
5.9020e+01 1.2500e+04 1.7364e-09 1.0000e-01 1.2500e+04 2.1704e-05 2.5000e-01
5.9412e+01 1.2500e+04 4.5012e-10 1.0000e-01 1.2500e+04 5.6264e-06 2.5000e-01
5.9804e+01 1.2500e+04 1.1463e-10 1.0000e-01 1.2500e+04 1.4328e-06 2.5000e-01
6.0196e+01 1.2500e+04 2.8666e-11 1.0000e-01 1.2500e+04 3.5833e-07 2.5000e-01
6.0588e+01 1.2500e+04 7.0377e-12 1.0000e-01 1.2500e+04 8.7971e-08 2.5000e-01
6.0980e+01 1.2500e+04 1.6956e-12 1.0000e-01 1.2500e+04 2.1195e-08 2.5000e-01
6.1373e+01 1.2500e+04 4.0083e-13 1.0000e-01 1.2500e+04 5.0104e-09 2.5000e-01
6.1765e+01 1.2500e+04 9.2946e-14 1.0000e-01 1.2500e+04 1.1618e-09 2.5000e-01
6.2157e+01 1.2500e+04 2.1138e-14 1.0000e-01 1.2500e+04 2.6422e-10 2.5000e-01
6.2549e+01 1.2500e+04 4.7138e-15 1.0000e-01 1.2500e+04 5.8923e-11 2.5000e-01
6.2941e+01 1.2500e+04 1.0305e-15 1.0000e-01 1.2500e+04 1.2881e-11 2.5000e-01
6.3333e+01 1.2500e+04 2.2035e-16 1.0000e-01 1.2500e+04 2.7543e-12 2.5000e-01
6.3725e+01 1.2500e+04 4.5768e-17 1.0000e-01 1.2500e+04 5.7211e-13 2.5000e-01
6.4118e+01 1.2500e+04 9.0192e-18 1.0000e-01 1.2500e+04 1.1274e-13 2.5000e-01
6.4510e+01 1.2500e+04 1.4586e-18 1.0000e-01 1.2500e+04 1.8232e-14 2.5000e-01
6.4902e+01 1.2500e+04 8.4649e-20 1.0000e-01 1.2500e+04 1.0581e-15 2.5000e-01
6.5294e+01 1.2500e+04 0.0000e+00 1.0000e-01 1.2500e+04 0.0000e+00 2.5000e-01
6.5686e+01 1.2500e+04 0.0000e+00 1.0000e-01 1.2500e+04 0.0000e+00 2.5000e-01
6.6078e+01 1.2500e+04 0.0000e+00 1.0000e-01 1.2500e+04 0.0000e+00 2.5000e-01
6.6471e+01 1.2500e+04 0.0000e+00 1.0000e-01 1.2500e+04 0.0000e+00 2.5000e-01
6.6863e+01 1.2500e+04 0.0000e+00 1.0000e-01 1.2500e+04 0.0000e+00 2.5000e-01
6.7255e+01 1.2500e+04 0.0000e+00 1.0000e-01 1.2500e+04 0.0000e+00 2.5000e-01
6.7647e+01 1.2500e+04 0.0000e+00 1.0000e-01 1.2500e+04 0.0000e+00 2.5000e-01
6.8039e+01 1.2500e+04 0.0000e+00 1.0000e-01 1.2500e+04 0.0000e+00 2.5000e-01
6.8431e+01 1.2500e+04 0.0000e+00 1.0000e-01 1.2500e+04 0.0000e+00 2.5000e-01
6.8824e+01 1.2500e+04 0.0000e+00 1.0000e-01 1.2500e+04 0.0000e+00 2.5000e-01
6.9216e+01 1.2500e+04 0.0000e+00 1.0000e-01 1.2500e+04 0.0000e+00 2.5000e-01
6.9608e+01 1.2500e+04 0.0000e+00 1.0000e-01 1.2500e+04 0.0000e+00 2.5000e-01
7.0000e+01 1.2500e+04 0.0000e+00 1.0000e-01 1.2500e+04 0.0000e+00 2.5000e-01
7.0392e+01 1.2500e+04 0.0000e+00 1.0000e-01 1.2500e+04 0.0000e+00 2.5000e-01
7.0784e+01 1.2500e+04 0.0000e+00 1.0000e-01 1.2500e+04 0.0000e+00 2.5000e-01
7.1176e+01 1.2500e+04 0.0000e+00 1.0000e-01 1.2500e+04 0.0000e+00 2.5000e-01
7.1569e+01 1.2500e+04 0.0000e+00 1.0000e-01 1.2500e+04 0.0000e+00 2.5000e-01
7.1961e+01 1.2500e+04 0.0000e+00 1.0000e-01 1.2500e+04 0.0000e+00 2.5000e-01
7.2353e+01 1.2500e+04 0.0000e+00 1.0000e-01 1.2500e+04 0.0000e+00 2.5000e-01
7.2745e+01 1.2500e+04 0.0000e+00 1.0000e-01 1.2500e+04 0.0000e+00 2.5000e-01
7.3137e+01 1.2500e+04 0.0000e+00 1.0000e-01 1.2500e+04 0.0000e+00 2.5000e-01
7.3529e+01 1.2500e+04 0.0000e+00 1.0000e-01 1.2500e+04 0.0000e+00 2.5000e-01
7.3922e+01 1.2500e+04 0.0000e+00 1.0000e-01 1.2500e+04 0.0000e+00 2.5000e-01
7.4314e+01 1.2500e+04 0.0000e+00 1.0000e-01 1.2500e+04 0.0000e+00 2.5000e-01
7.4706e+01 1.2500e+04 0.0000e+00 1.0000e-01 1.2500e+04 0.0000e+00 2.5000e-01
7.5098e+01 1.2500e+04 0.0000e+00 1.0000e-01 1.2500e+04 0.0000e+00 2.5000e-01
7.5490e+01 1.2500e+04 0.0000e+00 1.0000e-01 1.2500e+04 0.0000e+00 2.5000e-01
7.5882e+01 1.2500e+04 0.0000e+00 1.0000e-01 1.2500e+04 0.0000e+00 2.5000e-01
7.6275e+01 1.2500e+04 0.0000e+00 1.0000e-01 1.2500e+04 0.0000e+00 2.5000e-01
7.6667e+01 1.2500e+04 0.0000e+00 1.0000e-01 1.2500e+04 0.0000e+00 2.5000e-01
7.7059e+01 1.2500e+04 0.0000e+00 1.0000e-01 1.2500e+04 0.0000e+00 2.5000e-01
7.7451e+01 1.2500e+04 0.0000e+00 1.0000e-01 1.2500e+04 0.0000e+00 2.5000e-01
7.7843e+01 1.2500e+04 0.0000e+00 1.0000e-01 1.2500e+04 0.0000e+00 2.5000e-01
7.8235e+01 1.2500e+04 0.0000e+00 1.0000e-01 1.2500e+04 0.0000e+00 2.5000e-01
7.8627e+01 1.2500e+04 0.0000e+00 1.0000e-01 1.2500e+04 0.0000e+00 2.5000e-01
7.9020e+01 1.2500e+04 0.0000e+00 1.0000e-01 1.2500e+04 0.0000e+00 2.5000e-01
7.9412e+01 1.2500e+04 0.0000e+00 1.0000e-01 1.2500e+04 0.0000e+00 2.5000e-01
7.9804e+01 1.2500e+04 0.0000e+00 1.0000e-01 1.2500e+04 0.0000e+00 2.5000e-01
8.0196e+01 1.2500e+04 0.0000e+00 1.0000e-01 1.2500e+04 0.0000e+00 2.5000e-01
8.0588e+01 1.2500e+04 0.0000e+00 1.0000e-01 1.2500e+04 0.0000e+00 2.5000e-01
8.0980e+01 1.2500e+04 0.0000e+00 1.0000e-01 1.2500e+04 0.0000e+00 2.5000e-01
8.1373e+01 1.2500e+04 0.0000e+00 1.0000e-01 1.2500e+04 0.0000e+00 2.5000e-01
8.1765e+01 1.2500e+04 0.0000e+00 1.0000e-01 1.2500e+04 0.0000e+00 2.5000e-01
8.2157e+01 1.2500e+04 0.0000e+00 1.0000e-01 1.2500e+04 0.0000e+00 2.5000e-01
8.2549e+01 1.2500e+04 0.0000e+00 1.0000e-01 1.2500e+04 0.0000e+00 2.5000e-01
8.2941e+01 1.2500e+04 0.0000e+00 1.0000e-01 1.2500e+04 0.0000e+00 2.5000e-01
8.3333e+01 1.2500e+04 0.0000e+00 1.0000e-01 1.2500e+04 0.0000e+00 2.5000e-01
8.3725e+01 1.2500e+04 0.0000e+00 1.0000e-01 1.2500e+04 0.0000e+00 2.5000e-01
8.4118e+01 1.2500e+04 0.0000e+00 1.0000e-01 1.2500e+04 0.0000e+00 2.5000e-01
8.4510e+01 1.2500e+04 0.0000e+00 1.0000e-01 1.2500e+04 0.0000e+00 2.5000e-01
8.4902e+01 1.2500e+04 0.0000e+00 1.0000e-01 1.2500e+04 0.0000e+00 2.5000e-01
8.5294e+01 1.2500e+04 0.0000e+00 1.0000e-01 1.2500e+04 0.0000e+00 2.5000e-01
8.5686e+01 1.2500e+04 0.0000e+00 1.0000e-01 1.2500e+04 0.0000e+00 2.5000e-01
8.6078e+01 1.2500e+04 0.0000e+00 1.0000e-01 1.2500e+04 0.0000e+00 2.5000e-01
8.6471e+01 1.2500e+04 0.0000e+00 1.0000e-01 1.2500e+04 0.0000e+00 2.5000e-01
8.6863e+01 1.2500e+04 0.0000e+00 1.0000e-01 1.2500e+04 0.0000e+00 2.5000e-01
8.7255e+01 1.2500e+04 0.0000e+00 1.0000e-01 1.2500e+04 0.0000e+00 2.5000e-01
8.7647e+01 1.2500e+04 0.0000e+00 1.0000e-01 1.2500e+04 0.0000e+00 2.5000e-01
8.8039e+01 1.2500e+04 0.0000e+00 1.0000e-01 1.2500e+04 0.0000e+00 2.5000e-01
8.8431e+01 1.2500e+04 0.0000e+00 1.0000e-01 1.2500e+04 0.0000e+00 2.5000e-01
8.8824e+01 1.2500e+04 0.0000e+00 1.0000e-01 1.2500e+04 0.0000e+00 2.5000e-01
8.9216e+01 1.2500e+04 0.0000e+00 1.0000e-01 1.2500e+04 0.0000e+00 2.5000e-01
8.9608e+01 1.2500e+04 0.0000e+00 1.0000e-01 1.2500e+04 0.0000e+00 2.5000e-01
9.0000e+01 1.2500e+04 0.0000e+00 1.0000e-01 1.2500e+04 0.0000e+00 2.5000e-01
9.0392e+01 1.2500e+04 0.0000e+00 1.0000e-01 1.2500e+04 0.0000e+00 2.5000e-01
9.0784e+01 1.2500e+04 0.0000e+00 1.0000e-01 1.2500e+04 0.0000e+00 2.5000e-01
9.1176e+01 1.2500e+04 0.0000e+00 1.0000e-01 1.2500e+04 0.0000e+00 2.5000e-01
9.1569e+01 1.2500e+04 0.0000e+00 1.0000e-01 1.2500e+04 0.0000e+00 2.5000e-01
9.1961e+01 1.2500e+04 0.0000e+00 1.0000e-01 1.2500e+04 0.0000e+00 2.5000e-01
9.2353e+01 1.2500e+04 0.0000e+00 1.0000e-01 1.2500e+04 0.0000e+00 2.5000e-01
9.2745e+01 1.2500e+04 0.0000e+00 1.0000e-01 1.2500e+04 0.0000e+00 2.5000e-01
9.3137e+01 1.2500e+04 0.0000e+00 1.0000e-01 1.2500e+04 0.0000e+00 2.5000e-01
9.3529e+01 1.2500e+04 0.0000e+00 1.0000e-01 1.2500e+04 0.0000e+00 2.5000e-01
9.3922e+01 1.2500e+04 0.0000e+00 1.0000e-01 1.2500e+04 0.0000e+00 2.5000e-01
9.4314e+01 1.2500e+04 0.0000e+00 1.0000e-01 1.2500e+04 0.0000e+00 2.5000e-01
9.4706e+01 1.2500e+04 0.0000e+00 1.0000e-01 1.2500e+04 0.0000e+00 2.5000e-01
9.5098e+01 1.2500e+04 0.0000e+00 1.0000e-01 1.2500e+04 0.0000e+00 2.5000e-01
9.5490e+01 1.2500e+04 0.0000e+00 1.0000e-01 1.2500e+04 0.0000e+00 2.5000e-01
9.5882e+01 1.2500e+04 0.0000e+00 1.0000e-01 1.2500e+04 0.0000e+00 2.5000e-01
9.6275e+01 1.2500e+04 0.0000e+00 1.0000e-01 1.2500e+04 0.0000e+00 2.5000e-01
9.6667e+01 1.2500e+04 0.0000e+00 1.0000e-01 1.2500e+04 0.0000e+00 2.5000e-01
9.7059e+01 1.2500e+04 0.0000e+00 1.0000e-01 1.2500e+04 0.0000e+00 2.5000e-01
9.7451e+01 1.2500e+04 0.0000e+00 1.0000e-01 1.2500e+04 0.0000e+00 2.5000e-01
9.7843e+01 1.2500e+04 0.0000e+00 1.0000e-01 1.2500e+04 0.0000e+00 2.5000e-01
9.8235e+01 1.2500e+04 0.0000e+00 1.0000e-01 1.2500e+04 0.0000e+00 2.5000e-01
9.8627e+01 1.2500e+04 0.0000e+00 1.0000e-01 1.2500e+04 0.0000e+00 2.5000e-01
9.9020e+01 1.2500e+04 0.0000e+00 1.0000e-01 1.2500e+04 0.0000e+00 2.5000e-01
9.9412e+01 1.2500e+04 0.0000e+00 1.0000e-01 1.2500e+04 0.0000e+00 2.5000e-01
9.9804e+01 1.2500e+04 0.0000e+00 1.0000e-01 1.2500e+04 0.0000e+00 2.5000e-01
