# # x Density Velocity Pressure q0 q1 q2
1.9608e-01 1.0000e+05 0.0000e+00 1.0000e+00 1.0000e+05 0.0000e+00 2.5000e+00
5.8824e-01 1.0000e+05 0.0000e+00 1.0000e+00 1.0000e+05 0.0000e+00 2.5000e+00
9.8039e-01 1.0000e+05 0.0000e+00 1.0000e+00 1.0000e+05 0.0000e+00 2.5000e+00
1.3725e+00 1.0000e+05 0.0000e+00 1.0000e+00 1.0000e+05 0.0000e+00 2.5000e+00
1.7647e+00 1.0000e+05 0.0000e+00 1.0000e+00 1.0000e+05 0.0000e+00 2.5000e+00
2.1569e+00 1.0000e+05 0.0000e+00 1.0000e+00 1.0000e+05 0.0000e+00 2.5000e+00
2.5490e+00 1.0000e+05 0.0000e+00 1.0000e+00 1.0000e+05 0.0000e+00 2.5000e+00
2.9412e+00 1.0000e+05 0.0000e+00 1.0000e+00 1.0000e+05 0.0000e+00 2.5000e+00
3.3333e+00 1.0000e+05 0.0000e+00 1.0000e+00 1.0000e+05 0.0000e+00 2.5000e+00
3.7255e+00 1.0000e+05 0.0000e+00 1.0000e+00 1.0000e+05 0.0000e+00 2.5000e+00
4.1176e+00 1.0000e+05 0.0000e+00 1.0000e+00 1.0000e+05 0.0000e+00 2.5000e+00
4.5098e+00 1.0000e+05 0.0000e+00 1.0000e+00 1.0000e+05 0.0000e+00 2.5000e+00
4.9020e+00 1.0000e+05 0.0000e+00 1.0000e+00 1.0000e+05 0.0000e+00 2.5000e+00
5.2941e+00 1.0000e+05 0.0000e+00 1.0000e+00 1.0000e+05 0.0000e+00 2.5000e+00
5.6863e+00 1.0000e+05 0.0000e+00 1.0000e+00 1.0000e+05 0.0000e+00 2.5000e+00
6.0784e+00 1.0000e+05 0.0000e+00 1.0000e+00 1.0000e+05 0.0000e+00 2.5000e+00
6.4706e+00 1.0000e+05 0.0000e+00 1.0000e+00 1.0000e+05 0.0000e+00 2.5000e+00
6.8627e+00 1.0000e+05 0.0000e+00 1.0000e+00 1.0000e+05 0.0000e+00 2.5000e+00
7.2549e+00 1.0000e+05 0.0000e+00 1.0000e+00 1.0000e+05 0.0000e+00 2.5000e+00
7.6471e+00 1.0000e+05 0.0000e+00 1.0000e+00 1.0000e+05 0.0000e+00 2.5000e+00
8.0392e+00 1.0000e+05 0.0000e+00 1.0000e+00 1.0000e+05 0.0000e+00 2.5000e+00
8.4314e+00 1.0000e+05 0.0000e+00 1.0000e+00 1.0000e+05 0.0000e+00 2.5000e+00
8.8235e+00 1.0000e+05 0.0000e+00 1.0000e+00 1.0000e+05 0.0000e+00 2.5000e+00
9.2157e+00 1.0000e+05 0.0000e+00 1.0000e+00 1.0000e+05 0.0000e+00 2.5000e+00
9.6078e+00 1.0000e+05 0.0000e+00 1.0000e+00 1.0000e+05 0.0000e+00 2.5000e+00
1.0000e+01 1.0000e+05 0.0000e+00 1.0000e+00 1.0000e+05 0.0000e+00 2.5000e+00
1.0392e+01 1.0000e+05 0.0000e+00 1.0000e+00 1.0000e+05 0.0000e+00 2.5000e+00
1.0784e+01 1.0000e+05 0.0000e+00 1.0000e+00 1.0000e+05 0.0000e+00 2.5000e+00
1.1176e+01 1.0000e+05 0.0000e+00 1.0000e+00 1.0000e+05 0.0000e+00 2.5000e+00
1.1569e+01 1.0000e+05 0.0000e+00 1.0000e+00 1.0000e+05 0.0000e+00 2.5000e+00
1.1961e+01 1.0000e+05 0.0000e+00 1.0000e+00 1.0000e+05 0.0000e+00 2.5000e+00
1.2353e+01 1.0000e+05 0.0000e+00 1.0000e+00 1.0000e+05 0.0000e+00 2.5000e+00
1.2745e+01 1.0000e+05 0.0000e+00 1.0000e+00 1.0000e+05 0.0000e+00 2.5000e+00
1.3137e+01 1.0000e+05 0.0000e+00 1.0000e+00 1.0000e+05 0.0000e+00 2.5000e+00
1.3529e+01 1.0000e+05 0.0000e+00 1.0000e+00 1.0000e+05 0.0000e+00 2.5000e+00
1.3922e+01 1.0000e+05 0.0000e+00 1.0000e+00 1.0000e+05 0.0000e+00 2.5000e+00
1.4314e+01 1.0000e+05 0.0000e+00 1.0000e+00 1.0000e+05 0.0000e+00 2.5000e+00
1.4706e+01 1.0000e+05 0.0000e+00 1.0000e+00 1.0000e+05 0.0000e+00 2.5000e+00
1.5098e+01 1.0000e+05 0.0000e+00 1.0000e+00 1.0000e+05 0.0000e+00 2.5000e+00
1.5490e+01 1.0000e+05 0.0000e+00 1.0000e+00 1.0000e+05 0.0000e+00 2.5000e+00
1.5882e+01 1.0000e+05 0.0000e+00 1.0000e+00 1.0000e+05 0.0000e+00 2.5000e+00
1.6275e+01 1.0000e+05 0.0000e+00 1.0000e+00 1.0000e+05 0.0000e+00 2.5000e+00
1.6667e+01 1.0000e+05 0.0000e+00 1.0000e+00 1.0000e+05 0.0000e+00 2.5000e+00
1.7059e+01 1.0000e+05 0.0000e+00 1.0000e+00 1.0000e+05 0.0000e+00 2.5000e+00
1.7451e+01 1.0000e+05 0.0000e+00 1.0000e+00 1.0000e+05 0.0000e+00 2.5000e+00
1.7843e+01 1.0000e+05 0.0000e+00 1.0000e+00 1.0000e+05 0.0000e+00 2.5000e+00
1.8235e+01 1.0000e+05 0.0000e+00 1.0000e+00 1.0000e+05 0.0000e+00 2.5000e+00
1.8627e+01 1.0000e+05 0.0000e+00 1.0000e+00 1.0000e+05 0.0000e+00 2.5000e+00
1.9020e+01 1.0000e+05 0.0000e+00 1.0000e+00 1.0000e+05 0.0000e+00 2.5000e+00
1.9412e+01 1.0000e+05 0.0000e+00 1.0000e+00 1.0000e+05 0.0000e+00 2.5000e+00
1.9804e+01 1.0000e+05 0.0000e+00 1.0000e+00 1.0000e+05 0.0000e+00 2.5000e+00
2.0196e+01 1.0000e+05 0.0000e+00 1.0000e+00 1.0000e+05 0.0000e+00 2.5000e+00
2.0588e+01 1.0000e+05 0.0000e+00 1.0000e+00 1.0000e+05 0.0000e+00 2.5000e+00
2.0980e+01 1.0000e+05 0.0000e+00 1.0000e+00 1.0000e+05 0.0000e+00 2.5000e+00
2.1373e+01 1.0000e+05 0.0000e+00 1.0000e+00 1.0000e+05 0.0000e+00 2.5000e+00
2.1765e+01 1.0000e+05 0.0000e+00 1.0000e+00 1.0000e+05 0.0000e+00 2.5000e+00
2.2157e+01 1.0000e+05 0.0000e+00 1.0000e+00 1.0000e+05 0.0000e+00 2.5000e+00
2.2549e+01 1.0000e+05 0.0000e+00 1.0000e+00 1.0000e+05 0.0000e+00 2.5000e+00
2.2941e+01 1.0000e+05 0.0000e+00 1.0000e+00 1.0000e+05 0.0000e+00 2.5000e+00
2.3333e+01 1.0000e+05 0.0000e+00 1.0000e+00 1.0000e+05 0.0000e+00 2.5000e+00
2.3725e+01 1.0000e+05 0.0000e+00 1.0000e+00 1.0000e+05 0.0000e+00 2.5000e+00
2.4118e+01 1.0000e+05 0.0000e+00 1.0000e+00 1.0000e+05 0.0000e+00 2.5000e+00
2.4510e+01 1.0000e+05 0.0000e+00 1.0000e+00 1.0000e+05 0.0000e+00 2.5000e+00
2.4902e+01 1.0000e+05 0.0000e+00 1.0000e+00 1.0000e+05 0.0000e+00 2.5000e+00
2.5294e+01 1.0000e+05 0.0000e+00 1.0000e+00 1.0000e+05 0.0000e+00 2.5000e+00
2.5686e+01 1.0000e+05 0.0000e+00 1.0000e+00 1.0000e+05 0.0000e+00 2.5000e+00
2.6078e+01 1.0000e+05 0.0000e+00 1.0000e+00 1.0000e+05 0.0000e+00 2.5000e+00
2.6471e+01 1.0000e+05 0.0000e+00 1.0000e+00 1.0000e+05 0.0000e+00 2.5000e+00
2.6863e+01 1.0000e+05 0.0000e+00 1.0000e+00 1.0000e+05 0.0000e+00 2.5000e+00
2.7255e+01 1.0000e+05 0.0000e+00 1.0000e+00 1.0000e+05 0.0000e+00 2.5000e+00
2.7647e+01 1.0000e+05 0.0000e+00 1.0000e+00 1.0000e+05 0.0000e+00 2.5000e+00
2.8039e+01 1.0000e+05 0.0000e+00 1.0000e+00 1.0000e+05 0.0000e+00 2.5000e+00
2.8431e+01 1.0000e+05 0.0000e+00 1.0000e+00 1.0000e+05 0.0000e+00 2.5000e+00
2.8824e+01 1.0000e+05 0.0000e+00 1.0000e+00 1.0000e+05 0.0000e+00 2.5000e+00
2.9216e+01 1.0000e+05 0.0000e+00 1.0000e+00 1.0000e+05 0.0000e+00 2.5000e+00
2.9608e+01 1.0000e+05 0.0000e+00 1.0000e+00 1.0000e+05 0.0000e+00 2.5000e+00
3.0000e+01 1.0000e+05 0.0000e+00 1.0000e+00 1.0000e+05 0.0000e+00 2.5000e+00
3.0392e+01 1.0000e+05 0.0000e+00 1.0000e+00 1.0000e+05 0.0000e+00 2.5000e+00
3.0784e+01 1.0000e+05 0.0000e+00 1.0000e+00 1.0000e+05 0.0000e+00 2.5000e+00
3.1176e+01 1.0000e+05 0.0000e+00 1.0000e+00 1.0000e+05 0.0000e+00 2.5000e+00
3.1569e+01 1.0000e+05 0.0000e+00 1.0000e+00 1.0000e+05 0.0000e+00 2.5000e+00
3.1961e+01 1.0000e+05 0.0000e+00 1.0000e+00 1.0000e+05 0.0000e+00 2.5000e+00
3.2353e+01 1.0000e+05 0.0000e+00 1.0000e+00 1.0000e+05 0.0000e+00 2.5000e+00
3.2745e+01 1.0000e+05 0.0000e+00 1.0000e+00 1.0000e+05 0.0000e+00 2.5000e+00
3.3137e+01 1.0000e+05 0.0000e+00 1.0000e+00 1.0000e+05 0.0000e+00 2.5000e+00
3.3529e+01 1.0000e+05 0.0000e+00 1.0000e+00 1.0000e+05 0.0000e+00 2.5000e+00
3.3922e+01 1.0000e+05 0.0000e+00 1.0000e+00 1.0000e+05 0.0000e+00 2.5000e+00
3.4314e+01 1.0000e+05 2.5480e-21 1.0000e+00 1.0000e+05 2.5480e-16 2.5000e+00
3.4706e+01 1.0000e+05 1.5854e-19 1.0000e+00 1.0000e+05 1.5854e-14 2.5000e+00
3.5098e+01 1.0000e+05 8.4592e-19 1.0000e+00 1.0000e+05 8.4592e-14 2.5000e+00
3.5490e+01 1.0000e+05 2.9593e-18 1.0000e+00 1.0000e+05 2.9593e-13 2.5000e+00
3.5882e+01 1.0000e+05 1.0912e-17 1.0000e+00 1.0000e+05 1.0912e-12 2.5000e+00
3.6275e+01 1.0000e+05 4.2753e-17 1.0000e+00 1.0000e+05 4.2753e-12 2.5000e+00
3.6667e+01 1.0000e+05 1.6809e-16 1.0000e+00 1.0000e+05 1.6809e-11 2.5000e+00
3.7059e+01 1.0000e+05 6.4912e-16 1.0000e+00 1.0000e+05 6.4912e-11 2.5000e+00
3.7451e+01 1.0000e+05 2.4471e-15 1.0000e+00 1.0000e+05 2.4471e-10 2.5000e+00
3.7843e+01 1.0000e+05 8.9892e-15 1.0000e+00 1.0000e+05 8.9892e-10 2.5000e+00
3.8235e+01 1.0000e+05 3.2140e-14 1.0000e+00 1.0000e+05 3.2140e-09 2.5000e+00
3.8627e+01 1.0000e+05 1.1176e-13 1.0000e+00 1.0000e+05 1.1176e-08 2.5000e+00
3.9020e+01 1.0000e+05 3.7778e-13 1.0000e+00 1.0000e+05 3.7778e-08 2.5000e+00
3.9412e+01 1.0000e+05 1.2405e-12 1.0000e+00 1.0000e+05 1.2405e-07 2.5000e+00
3.9804e+01 1.0000e+05 3.9551e-12 1.0000e+00 1.0000e+05 3.9551e-07 2.5000e+00
4.0196e+01 1.0000e+05 1.2235e-11 1.0000e+00 1.0000e+05 1.2235e-06 2.5000e+00
4.0588e+01 1.0000e+05 3.6699e-11 1.0000e+00 1.0000e+05 3.6699e-06 2.5000e+00
4.0980e+01 1.0000e+05 1.0667e-10 1.0000e+00 1.0000e+05 1.0667e-05 2.5000e+00
4.1373e+01 1.0000e+05 3.0027e-10 1.0000e+00 1.0000e+05 3.0027e-05 2.5000e+00
4.1765e+01 1.0000e+05 8.1794e-10 1.0000e+00 1.0000e+05 8.1794e-05 2.5000e+00
4.2157e+01 1.0000e+05 2.1547e-09 9.9999e-01 1.0000e+05 2.1547e-04 2.5000e+00
4.2549e+01 1.0000e+05 5.4855e-09 9.9997e-01 1.0000e+05 5.4855e-04 2.4999e+00
4.2941e+01 1.0000e+05 1.3486e-08 9.9993e-01 1.0000e+05 1.3486e-03 2.4998e+00
4.3333e+01 1.0000e+05 3.1999e-08 9.9984e-01 1.0000e+05 3.1999e-03 2.4996e+00
4.3725e+01 1.0000e+05 7.3219e-08 9.9965e-01 1.0000e+05 7.3219e-03 2.4991e+00
4.4118e+01 1.0000e+05 1.6147e-07 9.9926e-01 1.0000e+05 1.6147e-02 2.4982e+00
4.4510e+01 9.9999e+04 3.4296e-07 9.9851e-01 9.9999e+04 3.4295e-02 2.4963e+00
4.4902e+01 9.9998e+04 7.0119e-07 9.9710e-01 9.9998e+04 7.0117e-02 2.4927e+00
4.5294e+01 9.9996e+04 1.3793e-06 9.9459e-01 9.9996e+04 1.3792e-01 2.4865e+00
4.5686e+01 9.9993e+04 2.6090e-06 9.9034e-01 9.9993e+04 2.6089e-01 2.4758e+00
4.6078e+01 9.9986e+04 4.7447e-06 9.8347e-01 9.9986e+04 4.7441e-01 2.4587e+00
4.6471e+01 9.9975e+04 8.2938e-06 9.7295e-01 9.9975e+04 8.2917e-01 2.4324e+00
4.6863e+01 9.9955e+04 1.3935e-05 9.5765e-01 9.9955e+04 1.3929e+00 2.3941e+00
4.7255e+01 9.9923e+04 2.2508e-05 9.3659e-01 9.9923e+04 2.2491e+00 2.3415e+00
4.7647e+01 9.9873e+04 3.4966e-05 9.0922e-01 9.9873e+04 3.4922e+00 2.2731e+00
4.8039e+01 9.9798e+04 5.2265e-05 8.7570e-01 9.9798e+04 5.2159e+00 2.1894e+00
4.8431e+01 9.9691e+04 7.5347e-05 8.3724e-01 9.9691e+04 7.5114e+00 2.0934e+00
4.8824e+01 9.9497e+04 1.0314e-04 7.9564e-01 9.9497e+04 1.0262e+01 1.9896e+00
4.9216e+01 9.9708e+04 1.5264e-04 7.5996e-01 9.9708e+04 1.5219e+01 1.9011e+00
4.9608e+01 1.0003e+05 9.5526e-05 6.9241e-01 1.0003e+05 9.5553e+00 1.7315e+00
5.0000e+01 1.2561e+04 5.6887e-04 7.5815e-01 1.2561e+04 7.1456e+00 1.8974e+00
5.0392e+01 1.2539e+04 9.0013e-04 7.6175e-01 1.2539e+04 1.1287e+01 1.9095e+00
5.0784e+01 1.2650e+04 9.7193e-04 7.4622e-01 1.2650e+04 1.2295e+01 1.8715e+00
5.1176e+01 1.2697e+04 8.6076e-04 7.1567e-01 1.2697e+04 1.0929e+01 1.7939e+00
5.1569e+01 1.2651e+04 8.7712e-04 6.9320e-01 1.2651e+04 1.1097e+01 1.7379e+00
5.1961e+01 1.2676e+04 7.7808e-04 6.5959e-01 1.2676e+04 9.8627e+00 1.6528e+00
5.2353e+01 1.2642e+04 7.6219e-04 6.2678e-01 1.2642e+04 9.6359e+00 1.5706e+00
5.2745e+01 1.2646e+04 6.7342e-04 5.8792e-01 1.2646e+04 8.5162e+00 1.4727e+00
5.3137e+01 1.2622e+04 6.2575e-04 5.4378e-01 1.2622e+04 7.8984e+00 1.3619e+00
5.3529e+01 1.2612e+04 5.3745e-04 4.9418e-01 1.2612e+04 6.7784e+00 1.2373e+00
5.3922e+01 1.2591e+04 4.6097e-04 4.3491e-01 1.2591e+04 5.8041e+00 1.0886e+00
5.4314e+01 1.2573e+04 3.6249e-04 3.6823e-01 1.2573e+04 4.5577e+00 9.2141e-01
5.4706e+01 1.2552e+04 2.6443e-04 2.9290e-01 1.2552e+04 3.3193e+00 7.3269e-01
5.5098e+01 1.2534e+04 1.6716e-04 2.1956e-01 1.2534e+04 2.0951e+00 5.4907e-01
5.5490e+01 1.2518e+04 8.9341e-05 1.6084e-01 1.2518e+04 1.1184e+00 4.0214e-01
5.5882e+01 1.2508e+04 3.9328e-05 1.2524e-01 1.2508e+04 4.9193e-01 3.1312e-01
5.6275e+01 1.2503e+04 1.4499e-05 1.0885e-01 1.2503e+04 1.8128e-01 2.7212e-01
5.6667e+01 1.2501e+04 4.6858e-06 1.0278e-01 1.2501e+04 5.8578e-02 2.5695e-01
5.7059e+01 1.2500e+04 1.4005e-06 1.0082e-01 1.2500e+04 1.7507e-02 2.5206e-01
5.7451e+01 1.2500e+04 4.0162e-07 1.0024e-01 1.2500e+04 5.0203e-03 2.5059e-01
5.7843e+01 1.2500e+04 1.1240e-07 1.0007e-01 1.2500e+04 1.4050e-03 2.5017e-01
5.8235e+01 1.2500e+04 3.0883e-08 1.0002e-01 1.2500e+04 3.8604e-04 2.5005e-01
5.8627e+01 1.2500e+04 8.3429e-09 1.0001e-01 1.2500e+04 1.0429e-04 2.5001e-01
5.9020e+01 1.2500e+04 2.2163e-09 1.0000e-01 1.2500e+04 2.7703e-05 2.5000e-01
5.9412e+01 1.2500e+04 5.7877e-10 1.0000e-01 1.2500e+04 7.2346e-06 2.5000e-01
5.9804e+01 1.2500e+04 1.4853e-10 1.0000e-01 1.2500e+04 1.8566e-06 2.5000e-01
6.0196e+01 1.2500e+04 3.7443e-11 1.0000e-01 1.2500e+04 4.6804e-07 2.5000e-01
6.0588e+01 1.2500e+04 9.2692e-12 1.0000e-01 1.2500e+04 1.1587e-07 2.5000e-01
6.0980e+01 1.2500e+04 2.2527e-12 1.0000e-01 1.2500e+04 2.8158e-08 2.5000e-01
6.1373e+01 1.2500e+04 5.3729e-13 1.0000e-01 1.2500e+04 6.7162e-09 2.5000e-01
6.1765e+01 1.2500e+04 1.2575e-13 1.0000e-01 1.2500e+04 1.5718e-09 2.5000e-01
6.2157e+01 1.2500e+04 2.8871e-14 1.0000e-01 1.2500e+04 3.6088e-10 2.5000e-01
6.2549e+01 1.2500e+04 6.5017e-15 1.0000e-01 1.2500e+04 8.1271e-11 2.5000e-01
6.2941e+01 1.2500e+04 1.4358e-15 1.0000e-01 1.2500e+04 1.7948e-11 2.5000e-01
6.3333e+01 1.2500e+04 3.1044e-16 1.0000e-01 1.2500e+04 3.8805e-12 2.5000e-01
6.3725e+01 1.2500e+04 6.5378e-17 1.0000e-01 1.2500e+04 8.1722e-13 2.5000e-01
6.4118e+01 1.2500e+04 1.3189e-17 1.0000e-01 1.2500e+04 1.6486e-13 2.5000e-01
6.4510e+01 1.2500e+04 2.2980e-18 1.0000e-01 1.2500e+04 2.8725e-14 2.5000e-01
6.4902e+01 1.2500e+04 2.0808e-19 1.0000e-01 1.2500e+04 2.6010e-15 2.5000e-01
6.5294e+01 1.2500e+04 2.2649e-21 1.0000e-01 1.2500e+04 2.8311e-17 2.5000e-01
6.5686e+01 1.2500e+04 0.0000e+00 1.0000e-01 1.2500e+04 0.0000e+00 2.5000e-01
6.6078e+01 1.2500e+04 0.0000e+00 1.0000e-01 1.2500e+04 0.0000e+00 2.5000e-01
6.6471e+01 1.2500e+04 0.0000e+00 1.0000e-01 1.2500e+04 0.0000e+00 2.5000e-01
6.6863e+01 1.2500e+04 0.0000e+00 1.0000e-01 1.2500e+04 0.0000e+00 2.5000e-01
6.7255e+01 1.2500e+04 0.0000e+00 1.0000e-01 1.2500e+04 0.0000e+00 2.5000e-01
6.7647e+01 1.2500e+04 0.0000e+00 1.0000e-01 1.2500e+04 0.0000e+00 2.5000e-01
6.8039e+01 1.2500e+04 0.0000e+00 1.0000e-01 1.2500e+04 0.0000e+00 2.5000e-01
6.8431e+01 1.2500e+04 0.0000e+00 1.0000e-01 1.2500e+04 0.0000e+00 2.5000e-01
6.8824e+01 1.2500e+04 0.0000e+00 1.0000e-01 1.2500e+04 0.0000e+00 2.5000e-01
6.9216e+01 1.2500e+04 0.0000e+00 1.0000e-01 1.2500e+04 0.0000e+00 2.5000e-01
6.9608e+01 1.2500e+04 0.0000e+00 1.0000e-01 1.2500e+04 0.0000e+00 2.5000e-01
7.0000e+01 1.2500e+04 0.0000e+00 1.0000e-01 1.2500e+04 0.0000e+00 2.5000e-01
7.0392e+01 1.2500e+04 0.0000e+00 1.0000e-01 1.2500e+04 0.0000e+00 2.5000e-01
7.0784e+01 1.2500e+04 0.0000e+00 1.0000e-01 1.2500e+04 0.0000e+00 2.5000e-01
7.1176e+01 1.2500e+04 0.0000e+00 1.0000e-01 1.2500e+04 0.0000e+00 2.5000e-01
7.1569e+01 1.2500e+04 0.0000e+00 1.0000e-01 1.2500e+04 0.0000e+00 2.5000e-01
7.1961e+01 1.2500e+04 0.0000e+00 1.0000e-01 1.2500e+04 0.0000e+00 2.5000e-01
7.2353e+01 1.2500e+04 0.0000e+00 1.0000e-01 1.2500e+04 0.0000e+00 2.5000e-01
7.2745e+01 1.2500e+04 0.0000e+00 1.0000e-01 1.2500e+04 0.0000e+00 2.5000e-01
7.3137e+01 1.2500e+04 0.0000e+00 1.0000e-01 1.2500e+04 0.0000e+00 2.5000e-01
7.3529e+01 1.2500e+04 0.0000e+00 1.0000e-01 1.2500e+04 0.0000e+00 2.5000e-01
7.3922e+01 1.2500e+04 0.0000e+00 1.0000e-01 1.2500e+04 0.0000e+00 2.5000e-01
7.4314e+01 1.2500e+04 0.0000e+00 1.0000e-01 1.2500e+04 0.0000e+00 2.5000e-01
7.4706e+01 1.2500e+04 0.0000e+00 1.0000e-01 1.2500e+04 0.0000e+00 2.5000e-01
7.5098e+01 1.2500e+04 0.0000e+00 1.0000e-01 1.2500e+04 0.0000e+00 2.5000e-01
7.5490e+01 1.2500e+04 0.0000e+00 1.0000e-01 1.2500e+04 0.0000e+00 2.5000e-01
7.5882e+01 1.2500e+04 0.0000e+00 1.0000e-01 1.2500e+04 0.0000e+00 2.5000e-01
7.6275e+01 1.2500e+04 0.0000e+00 1.0000e-01 1.2500e+04 0.0000e+00 2.5000e-01
7.6667e+01 1.2500e+04 0.0000e+00 1.0000e-01 1.2500e+04 0.0000e+00 2.5000e-01
7.7059e+01 1.2500e+04 0.0000e+00 1.0000e-01 1.2500e+04 0.0000e+00 2.5000e-01
7.7451e+01 1.2500e+04 0.0000e+00 1.0000e-01 1.2500e+04 0.0000e+00 2.5000e-01
7.7843e+01 1.2500e+04 0.0000e+00 1.0000e-01 1.2500e+04 0.0000e+00 2.5000e-01
7.8235e+01 1.2500e+04 0.0000e+00 1.0000e-01 1.2500e+04 0.0000e+00 2.5000e-01
7.8627e+01 1.2500e+04 0.0000e+00 1.0000e-01 1.2500e+04 0.0000e+00 2.5000e-01
7.9020e+01 1.2500e+04 0.0000e+00 1.0000e-01 1.2500e+04 0.0000e+00 2.5000e-01
7.9412e+01 1.2500e+04 0.0000e+00 1.0000e-01 1.2500e+04 0.0000e+00 2.5000e-01
7.9804e+01 1.2500e+04 0.0000e+00 1.0000e-01 1.2500e+04 0.0000e+00 2.5000e-01
8.0196e+01 1.2500e+04 0.0000e+00 1.0000e-01 1.2500e+04 0.0000e+00 2.5000e-01
8.0588e+01 1.2500e+04 0.0000e+00 1.0000e-01 1.2500e+04 0.0000e+00 2.5000e-01
8.0980e+01 1.2500e+04 0.0000e+00 1.0000e-01 1.2500e+04 0.0000e+00 2.5000e-01
8.1373e+01 1.2500e+04 0.0000e+00 1.0000e-01 1.2500e+04 0.0000e+00 2.5000e-01
8.1765e+01 1.2500e+04 0.0000e+00 1.0000e-01 1.2500e+04 0.0000e+00 2.5000e-01
8.2157e+01 1.2500e+04 0.0000e+00 1.0000e-01 1.2500e+04 0.0000e+00 2.5000e-01
8.2549e+01 1.2500e+04 0.0000e+00 1.0000e-01 1.2500e+04 0.0000e+00 2.5000e-01
8.2941e+01 1.2500e+04 0.0000e+00 1.0000e-01 1.2500e+04 0.0000e+00 2.5000e-01
8.3333e+01 1.2500e+04 0.0000e+00 1.0000e-01 1.2500e+04 0.0000e+00 2.5000e-01
8.3725e+01 1.2500e+04 0.0000e+00 1.0000e-01 1.2500e+04 0.0000e+00 2.5000e-01
8.4118e+01 1.2500e+04 0.0000e+00 1.0000e-01 1.2500e+04 0.0000e+00 2.5000e-01
8.4510e+01 1.2500e+04 0.0000e+00 1.0000e-01 1.2500e+04 0.0000e+00 2.5000e-01
8.4902e+01 1.2500e+04 0.0000e+00 1.0000e-01 1.2500e+04 0.0000e+00 2.5000e-01
8.5294e+01 1.2500e+04 0.0000e+00 1.0000e-01 1.2500e+04 0.0000e+00 2.5000e-01
8.5686e+01 1.2500e+04 0.0000e+00 1.0000e-01 1.2500e+04 0.0000e+00 2.5000e-01
8.6078e+01 1.2500e+04 0.0000e+00 1.0000e-01 1.2500e+04 0.0000e+00 2.5000e-01
8.6471e+01 1.2500e+04 0.0000e+00 1.0000e-01 1.2500e+04 0.0000e+00 2.5000e-01
8.6863e+01 1.2500e+04 0.0000e+00 1.0000e-01 1.2500e+04 0.0000e+00 2.5000e-01
8.7255e+01 1.2500e+04 0.0000e+00 1.0000e-01 1.2500e+04 0.0000e+00 2.5000e-01
8.7647e+01 1.2500e+04 0.0000e+00 1.0000e-01 1.2500e+04 0.0000e+00 2.5000e-01
8.8039e+01 1.2500e+04 0.0000e+00 1.0000e-01 1.2500e+04 0.0000e+00 2.5000e-01
8.8431e+01 1.2500e+04 0.0000e+00 1.0000e-01 1.2500e+04 0.0000e+00 2.5000e-01
8.8824e+01 1.2500e+04 0.0000e+00 1.0000e-01 1.2500e+04 0.0000e+00 2.5000e-01
8.9216e+01 1.2500e+04 0.0000e+00 1.0000e-01 1.2500e+04 0.0000e+00 2.5000e-01
8.9608e+01 1.2500e+04 0.0000e+00 1.0000e-01 1.2500e+04 0.0000e+00 2.5000e-01
9.0000e+01 1.2500e+04 0.0000e+00 1.0000e-01 1.2500e+04 0.0000e+00 2.5000e-01
9.0392e+01 1.2500e+04 0.0000e+00 1.0000e-01 1.2500e+04 0.0000e+00 2.5000e-01
9.0784e+01 1.2500e+04 0.0000e+00 1.0000e-01 1.2500e+04 0.0000e+00 2.5000e-01
9.1176e+01 1.2500e+04 0.0000e+00 1.0000e-01 1.2500e+04 0.0000e+00 2.5000e-01
9.1569e+01 1.2500e+04 0.0000e+00 1.0000e-01 1.2500e+04 0.0000e+00 2.5000e-01
9.1961e+01 1.2500e+04 0.0000e+00 1.0000e-01 1.2500e+04 0.0000e+00 2.5000e-01
9.2353e+01 1.2500e+04 0.0000e+00 1.0000e-01 1.2500e+04 0.0000e+00 2.5000e-01
9.2745e+01 1.2500e+04 0.0000e+00 1.0000e-01 1.2500e+04 0.0000e+00 2.5000e-01
9.3137e+01 1.2500e+04 0.0000e+00 1.0000e-01 1.2500e+04 0.0000e+00 2.5000e-01
9.3529e+01 1.2500e+04 0.0000e+00 1.0000e-01 1.2500e+04 0.0000e+00 2.5000e-01
9.3922e+01 1.2500e+04 0.0000e+00 1.0000e-01 1.2500e+04 0.0000e+00 2.5000e-01
9.4314e+01 1.2500e+04 0.0000e+00 1.0000e-01 1.2500e+04 0.0000e+00 2.5000e-01
9.4706e+01 1.2500e+04 0.0000e+00 1.0000e-01 1.2500e+04 0.0000e+00 2.5000e-01
9.5098e+01 1.2500e+04 0.0000e+00 1.0000e-01 1.2500e+04 0.0000e+00 2.5000e-01
9.5490e+01 1.2500e+04 0.0000e+00 1.0000e-01 1.2500e+04 0.0000e+00 2.5000e-01
9.5882e+01 1.2500e+04 0.0000e+00 1.0000e-01 1.2500e+04 0.0000e+00 2.5000e-01
9.6275e+01 1.2500e+04 0.0000e+00 1.0000e-01 1.2500e+04 0.0000e+00 2.5000e-01
9.6667e+01 1.2500e+04 0.0000e+00 1.0000e-01 1.2500e+04 0.0000e+00 2.5000e-01
9.7059e+01 1.2500e+04 0.0000e+00 1.0000e-01 1.2500e+04 0.0000e+00 2.5000e-01
9.7451e+01 1.2500e+04 0.0000e+00 1.0000e-01 1.2500e+04 0.0000e+00 2.5000e-01
9.7843e+01 1.2500e+04 0.0000e+00 1.0000e-01 1.2500e+04 0.0000e+00 2.5000e-01
9.8235e+01 1.2500e+04 0.0000e+00 1.0000e-01 1.2500e+04 0.0000e+00 2.5000e-01
9.8627e+01 1.2500e+04 0.0000e+00 1.0000e-01 1.2500e+04 0.0000e+00 2.5000e-01
9.9020e+01 1.2500e+04 0.0000e+00 1.0000e-01 1.2500e+04 0.0000e+00 2.5000e-01
9.9412e+01 1.2500e+04 0.0000e+00 1.0000e-01 1.2500e+04 0.0000e+00 2.5000e-01
9.9804e+01 1.2500e+04 0.0000e+00 1.0000e-01 1.2500e+04 0.0000e+00 2.5000e-01
