# # x Density Velocity Pressure q0 q1 q2
1.9608e-01 1.0000e+05 0.0000e+00 1.0000e+00 1.0000e+05 0.0000e+00 2.5000e+00
5.8824e-01 1.0000e+05 0.0000e+00 1.0000e+00 1.0000e+05 0.0000e+00 2.5000e+00
9.8039e-01 1.0000e+05 0.0000e+00 1.0000e+00 1.0000e+05 0.0000e+00 2.5000e+00
1.3725e+00 1.0000e+05 0.0000e+00 1.0000e+00 1.0000e+05 0.0000e+00 2.5000e+00
1.7647e+00 1.0000e+05 0.0000e+00 1.0000e+00 1.0000e+05 0.0000e+00 2.5000e+00
2.1569e+00 1.0000e+05 0.0000e+00 1.0000e+00 1.0000e+05 0.0000e+00 2.5000e+00
2.5490e+00 1.0000e+05 0.0000e+00 1.0000e+00 1.0000e+05 0.0000e+00 2.5000e+00
2.9412e+00 1.0000e+05 0.0000e+00 1.0000e+00 1.0000e+05 0.0000e+00 2.5000e+00
3.3333e+00 1.0000e+05 0.0000e+00 1.0000e+00 1.0000e+05 0.0000e+00 2.5000e+00
3.7255e+00 1.0000e+05 0.0000e+00 1.0000e+00 1.0000e+05 0.0000e+00 2.5000e+00
4.1176e+00 1.0000e+05 0.0000e+00 1.0000e+00 1.0000e+05 0.0000e+00 2.5000e+00
4.5098e+00 1.0000e+05 0.0000e+00 1.0000e+00 1.0000e+05 0.0000e+00 2.5000e+00
4.9020e+00 1.0000e+05 0.0000e+00 1.0000e+00 1.0000e+05 0.0000e+00 2.5000e+00
5.2941e+00 1.0000e+05 0.0000e+00 1.0000e+00 1.0000e+05 0.0000e+00 2.5000e+00
5.6863e+00 1.0000e+05 0.0000e+00 1.0000e+00 1.0000e+05 0.0000e+00 2.5000e+00
6.0784e+00 1.0000e+05 0.0000e+00 1.0000e+00 1.0000e+05 0.0000e+00 2.5000e+00
6.4706e+00 1.0000e+05 0.0000e+00 1.0000e+00 1.0000e+05 0.0000e+00 2.5000e+00
6.8627e+00 1.0000e+05 0.0000e+00 1.0000e+00 1.0000e+05 0.0000e+00 2.5000e+00
7.2549e+00 1.0000e+05 0.0000e+00 1.0000e+00 1.0000e+05 0.0000e+00 2.5000e+00
7.6471e+00 1.0000e+05 0.0000e+00 1.0000e+00 1.0000e+05 0.0000e+00 2.5000e+00
8.0392e+00 1.0000e+05 0.0000e+00 1.0000e+00 1.0000e+05 0.0000e+00 2.5000e+00
8.4314e+00 1.0000e+05 0.0000e+00 1.0000e+00 1.0000e+05 0.0000e+00 2.5000e+00
8.8235e+00 1.0000e+05 0.0000e+00 1.0000e+00 1.0000e+05 0.0000e+00 2.5000e+00
9.2157e+00 1.0000e+05 0.0000e+00 1.0000e+00 1.0000e+05 0.0000e+00 2.5000e+00
9.6078e+00 1.0000e+05 0.0000e+00 1.0000e+00 1.0000e+05 0.0000e+00 2.5000e+00
1.0000e+01 1.0000e+05 0.0000e+00 1.0000e+00 1.0000e+05 0.0000e+00 2.5000e+00
1.0392e+01 1.0000e+05 0.0000e+00 1.0000e+00 1.0000e+05 0.0000e+00 2.5000e+00
1.0784e+01 1.0000e+05 0.0000e+00 1.0000e+00 1.0000e+05 0.0000e+00 2.5000e+00
1.1176e+01 1.0000e+05 0.0000e+00 1.0000e+00 1.0000e+05 0.0000e+00 2.5000e+00
1.1569e+01 1.0000e+05 0.0000e+00 1.0000e+00 1.0000e+05 0.0000e+00 2.5000e+00
1.1961e+01 1.0000e+05 0.0000e+00 1.0000e+00 1.0000e+05 0.0000e+00 2.5000e+00
1.2353e+01 1.0000e+05 0.0000e+00 1.0000e+00 1.0000e+05 0.0000e+00 2.5000e+00
1.2745e+01 1.0000e+05 0.0000e+00 1.0000e+00 1.0000e+05 0.0000e+00 2.5000e+00
1.3137e+01 1.0000e+05 0.0000e+00 1.0000e+00 1.0000e+05 0.0000e+00 2.5000e+00
1.3529e+01 1.0000e+05 0.0000e+00 1.0000e+00 1.0000e+05 0.0000e+00 2.5000e+00
1.3922e+01 1.0000e+05 0.0000e+00 1.0000e+00 1.0000e+05 0.0000e+00 2.5000e+00
1.4314e+01 1.0000e+05 0.0000e+00 1.0000e+00 1.0000e+05 0.0000e+00 2.5000e+00
1.4706e+01 1.0000e+05 0.0000e+00 1.0000e+00 1.0000e+05 0.0000e+00 2.5000e+00
1.5098e+01 1.0000e+05 0.0000e+00 1.0000e+00 1.0000e+05 0.0000e+00 2.5000e+00
1.5490e+01 1.0000e+05 0.0000e+00 1.0000e+00 1.0000e+05 0.0000e+00 2.5000e+00
1.5882e+01 1.0000e+05 0.0000e+00 1.0000e+00 1.0000e+05 0.0000e+00 2.5000e+00
1.6275e+01 1.0000e+05 0.0000e+00 1.0000e+00 1.0000e+05 0.0000e+00 2.5000e+00
1.6667e+01 1.0000e+05 0.0000e+00 1.0000e+00 1.0000e+05 0.0000e+00 2.5000e+00
1.7059e+01 1.0000e+05 0.0000e+00 1.0000e+00 1.0000e+05 0.0000e+00 2.5000e+00
1.7451e+01 1.0000e+05 0.0000e+00 1.0000e+00 1.0000e+05 0.0000e+00 2.5000e+00
1.7843e+01 1.0000e+05 0.0000e+00 1.0000e+00 1.0000e+05 0.0000e+00 2.5000e+00
1.8235e+01 1.0000e+05 0.0000e+00 1.0000e+00 1.0000e+05 0.0000e+00 2.5000e+00
1.8627e+01 1.0000e+05 0.0000e+00 1.0000e+00 1.0000e+05 0.0000e+00 2.5000e+00
1.9020e+01 1.0000e+05 0.0000e+00 1.0000e+00 1.0000e+05 0.0000e+00 2.5000e+00
1.9412e+01 1.0000e+05 0.0000e+00 1.0000e+00 1.0000e+05 0.0000e+00 2.5000e+00
1.9804e+01 1.0000e+05 0.0000e+00 1.0000e+00 1.0000e+05 0.0000e+00 2.5000e+00
2.0196e+01 1.0000e+05 0.0000e+00 1.0000e+00 1.0000e+05 0.0000e+00 2.5000e+00
2.0588e+01 1.0000e+05 0.0000e+00 1.0000e+00 1.0000e+05 0.0000e+00 2.5000e+00
2.0980e+01 1.0000e+05 0.0000e+00 1.0000e+00 1.0000e+05 0.0000e+00 2.5000e+00
2.1373e+01 1.0000e+05 0.0000e+00 1.0000e+00 1.0000e+05 0.0000e+00 2.5000e+00
2.1765e+01 1.0000e+05 0.0000e+00 1.0000e+00 1.0000e+05 0.0000e+00 2.5000e+00
2.2157e+01 1.0000e+05 0.0000e+00 1.0000e+00 1.0000e+05 0.0000e+00 2.5000e+00
2.2549e+01 1.0000e+05 0.0000e+00 1.0000e+00 1.0000e+05 0.0000e+00 2.5000e+00
2.2941e+01 1.0000e+05 0.0000e+00 1.0000e+00 1.0000e+05 0.0000e+00 2.5000e+00
2.3333e+01 1.0000e+05 0.0000e+00 1.0000e+00 1.0000e+05 0.0000e+00 2.5000e+00
2.3725e+01 1.0000e+05 0.0000e+00 1.0000e+00 1.0000e+05 0.0000e+00 2.5000e+00
2.4118e+01 1.0000e+05 0.0000e+00 1.0000e+00 1.0000e+05 0.0000e+00 2.5000e+00
2.4510e+01 1.0000e+05 0.0000e+00 1.0000e+00 1.0000e+05 0.0000e+00 2.5000e+00
2.4902e+01 1.0000e+05 0.0000e+00 1.0000e+00 1.0000e+05 0.0000e+00 2.5000e+00
2.5294e+01 1.0000e+05 0.0000e+00 1.0000e+00 1.0000e+05 0.0000e+00 2.5000e+00
2.5686e+01 1.0000e+05 0.0000e+00 1.0000e+00 1.0000e+05 0.0000e+00 2.5000e+00
2.6078e+01 1.0000e+05 0.0000e+00 1.0000e+00 1.0000e+05 0.0000e+00 2.5000e+00
2.6471e+01 1.0000e+05 0.0000e+00 1.0000e+00 1.0000e+05 0.0000e+00 2.5000e+00
2.6863e+01 1.0000e+05 0.0000e+00 1.0000e+00 1.0000e+05 0.0000e+00 2.5000e+00
2.7255e+01 1.0000e+05 0.0000e+00 1.0000e+00 1.0000e+05 0.0000e+00 2.5000e+00
2.7647e+01 1.0000e+05 0.0000e+00 1.0000e+00 1.0000e+05 0.0000e+00 2.5000e+00
2.8039e+01 1.0000e+05 0.0000e+00 1.0000e+00 1.0000e+05 0.0000e+00 2.5000e+00
2.8431e+01 1.0000e+05 0.0000e+00 1.0000e+00 1.0000e+05 0.0000e+00 2.5000e+00
2.8824e+01 1.0000e+05 0.0000e+00 1.0000e+00 1.0000e+05 0.0000e+00 2.5000e+00
2.9216e+01 1.0000e+05 0.0000e+00 1.0000e+00 1.0000e+05 0.0000e+00 2.5000e+00
2.9608e+01 1.0000e+05 0.0000e+00 1.0000e+00 1.0000e+05 0.0000e+00 2.5000e+00
3.0000e+01 1.0000e+05 0.0000e+00 1.0000e+00 1.0000e+05 0.0000e+00 2.5000e+00
3.0392e+01 1.0000e+05 0.0000e+00 1.0000e+00 1.0000e+05 0.0000e+00 2.5000e+00
3.0784e+01 1.0000e+05 0.0000e+00 1.0000e+00 1.0000e+05 0.0000e+00 2.5000e+00
3.1176e+01 1.0000e+05 0.0000e+00 1.0000e+00 1.0000e+05 0.0000e+00 2.5000e+00
3.1569e+01 1.0000e+05 0.0000e+00 1.0000e+00 1.0000e+05 0.0000e+00 2.5000e+00
3.1961e+01 1.0000e+05 0.0000e+00 1.0000e+00 1.0000e+05 0.0000e+00 2.5000e+00
3.2353e+01 1.0000e+05 0.0000e+00 1.0000e+00 1.0000e+05 0.0000e+00 2.5000e+00
3.2745e+01 1.0000e+05 0.0000e+00 1.0000e+00 1.0000e+05 0.0000e+00 2.5000e+00
3.3137e+01 1.0000e+05 0.0000e+00 1.0000e+00 1.0000e+05 0.0000e+00 2.5000e+00
3.3529e+01 1.0000e+05 0.0000e+00 1.0000e+00 1.0000e+05 0.0000e+00 2.5000e+00
3.3922e+01 1.0000e+05 7.6439e-21 1.0000e+00 1.0000e+05 7.6439e-16 2.5000e+00
3.4314e+01 1.0000e+05 2.0978e-19 1.0000e+00 1.0000e+05 2.0978e-14 2.5000e+00
3.4706e+01 1.0000e+05 1.0098e-18 1.0000e+00 1.0000e+05 1.0098e-13 2.5000e+00
3.5098e+01 1.0000e+05 3.4100e-18 1.0000e+00 1.0000e+05 3.4100e-13 2.5000e+00
3.5490e+01 1.0000e+05 1.2208e-17 1.0000e+00 1.0000e+05 1.2208e-12 2.5000e+00
3.5882e+01 1.0000e+05 4.6138e-17 1.0000e+00 1.0000e+05 4.6138e-12 2.5000e+00
3.6275e+01 1.0000e+05 1.7524e-16 1.0000e+00 1.0000e+05 1.7524e-11 2.5000e+00
3.6667e+01 1.0000e+05 6.5484e-16 1.0000e+00 1.0000e+05 6.5484e-11 2.5000e+00
3.7059e+01 1.0000e+05 2.3908e-15 1.0000e+00 1.0000e+05 2.3908e-10 2.5000e+00
3.7451e+01 1.0000e+05 8.5126e-15 1.0000e+00 1.0000e+05 8.5126e-10 2.5000e+00
3.7843e+01 1.0000e+05 2.9534e-14 1.0000e+00 1.0000e+05 2.9534e-09 2.5000e+00
3.8235e+01 1.0000e+05 9.9778e-14 1.0000e+00 1.0000e+05 9.9778e-09 2.5000e+00
3.8627e+01 1.0000e+05 3.2806e-13 1.0000e+00 1.0000e+05 3.2806e-08 2.5000e+00
3.9020e+01 1.0000e+05 1.0492e-12 1.0000e+00 1.0000e+05 1.0492e-07 2.5000e+00
3.9412e+01 1.0000e+05 3.2622e-12 1.0000e+00 1.0000e+05 3.2622e-07 2.5000e+00
3.9804e+01 1.0000e+05 9.8550e-12 1.0000e+00 1.0000e+05 9.8550e-07 2.5000e+00
4.0196e+01 1.0000e+05 2.8910e-11 1.0000e+00 1.0000e+05 2.8910e-06 2.5000e+00
4.0588e+01 1.0000e+05 8.2308e-11 1.0000e+00 1.0000e+05 8.2308e-06 2.5000e+00
4.0980e+01 1.0000e+05 2.2728e-10 1.0000e+00 1.0000e+05 2.2728e-05 2.5000e+00
4.1373e+01 1.0000e+05 6.0837e-10 1.0000e+00 1.0000e+05 6.0837e-05 2.5000e+00
4.1765e+01 1.0000e+05 1.5775e-09 9.9999e-01 1.0000e+05 1.5775e-04 2.5000e+00
4.2157e+01 1.0000e+05 3.9603e-09 9.9998e-01 1.0000e+05 3.9603e-04 2.4999e+00
4.2549e+01 1.0000e+05 9.6192e-09 9.9995e-01 1.0000e+05 9.6192e-04 2.4999e+00
4.2941e+01 1.0000e+05 2.2592e-08 9.9989e-01 1.0000e+05 2.2592e-03 2.4997e+00
4.3333e+01 1.0000e+05 5.1277e-08 9.9976e-01 1.0000e+05 5.1277e-03 2.4994e+00
4.3725e+01 1.0000e+05 1.1240e-07 9.9949e-01 1.0000e+05 1.1240e-02 2.4987e+00
4.4118e+01 9.9999e+04 2.3782e-07 9.9897e-01 9.9999e+04 2.3782e-02 2.4974e+00
4.4510e+01 9.9999e+04 4.8544e-07 9.9799e-01 9.9999e+04 4.8544e-02 2.4950e+00
4.4902e+01 9.9997e+04 9.5551e-07 9.9624e-01 9.9997e+04 9.5549e-02 2.4906e+00
4.5294e+01 9.9995e+04 1.8128e-06 9.9324e-01 9.9995e+04 1.8127e-01 2.4831e+00
4.5686e+01 9.9990e+04 3.3142e-06 9.8833e-01 9.9990e+04 3.3138e-01 2.4708e+00
4.6078e+01 9.9982e+04 5.8370e-06 9.8067e-01 9.9982e+04 5.8359e-01 2.4517e+00
4.6471e+01 9.9968e+04 9.9030e-06 9.6928e-01 9.9968e+04 9.8999e-01 2.4232e+00
4.6863e+01 9.9946e+04 1.6186e-05 9.5319e-01 9.9946e+04 1.6177e+00 2.3830e+00
4.7255e+01 9.9909e+04 2.5494e-05 9.3160e-01 9.9909e+04 2.5471e+00 2.3290e+00
4.7647e+01 9.9854e+04 3.8708e-05 9.0417e-01 9.9854e+04 3.8652e+00 2.2605e+00
4.8039e+01 9.9772e+04 5.6680e-05 8.7126e-01 9.9772e+04 5.6551e+00 2.1783e+00
4.8431e+01 9.9659e+04 8.0263e-05 8.3423e-01 9.9659e+04 7.9989e+00 2.0859e+00
4.8824e+01 9.9447e+04 1.0784e-04 7.9474e-01 9.9447e+04 1.0724e+01 1.9874e+00
4.9216e+01 9.9713e+04 1.5915e-04 7.6275e-01 9.9713e+04 1.5869e+01 1.9081e+00
4.9608e+01 1.0008e+05 9.6048e-05 6.9573e-01 1.0008e+05 9.6129e+00 1.7398e+00
5.0000e+01 1.2550e+04 5.2795e-04 7.5557e-01 1.2550e+04 6.6259e+00 1.8907e+00
5.0392e+01 1.2503e+04 9.0351e-04 7.6570e-01 1.2503e+04 1.1297e+01 1.9194e+00
5.0784e+01 1.2651e+04 9.9496e-04 7.5263e-01 1.2651e+04 1.2587e+01 1.8878e+00
5.1176e+01 1.2705e+04 8.8585e-04 7.2430e-01 1.2705e+04 1.1255e+01 1.8157e+00
5.1569e+01 1.2658e+04 9.0476e-04 7.0421e-01 1.2658e+04 1.1452e+01 1.7657e+00
5.1961e+01 1.2685e+04 8.0960e-04 6.7288e-01 1.2685e+04 1.0269e+01 1.6864e+00
5.2353e+01 1.2651e+04 7.9732e-04 6.4332e-01 1.2651e+04 1.0087e+01 1.6123e+00
5.2745e+01 1.2657e+04 7.1258e-04 6.0756e-01 1.2657e+04 9.0190e+00 1.5221e+00
5.3137e+01 1.2633e+04 6.7076e-04 5.6812e-01 1.2633e+04 8.4736e+00 1.4231e+00
5.3529e+01 1.2625e+04 5.8826e-04 5.2379e-01 1.2625e+04 7.4269e+00 1.3117e+00
5.3922e+01 1.2605e+04 5.2034e-04 4.7194e-01 1.2605e+04 6.5587e+00 1.1815e+00
5.4314e+01 1.2589e+04 4.2966e-04 4.1351e-01 1.2589e+04 5.4088e+00 1.0349e+00
5.4706e+01 1.2568e+04 3.3845e-04 3.4543e-01 1.2568e+04 4.2536e+00 8.6429e-01
5.5098e+01 1.2548e+04 2.3888e-04 2.7269e-01 1.2548e+04 2.9976e+00 6.8208e-01
5.5490e+01 1.2530e+04 1.4758e-04 2.0338e-01 1.2530e+04 1.8492e+00 5.0858e-01
5.5882e+01 1.2516e+04 7.6305e-05 1.5089e-01 1.2516e+04 9.5503e-01 3.7725e-01
5.6275e+01 1.2507e+04 3.2692e-05 1.2056e-01 1.2507e+04 4.0888e-01 3.0141e-01
5.6667e+01 1.2503e+04 1.1843e-05 1.0711e-01 1.2503e+04 1.4807e-01 2.6778e-01
5.7059e+01 1.2501e+04 3.8096e-06 1.0224e-01 1.2501e+04 4.7624e-02 2.5559e-01
5.7451e+01 1.2500e+04 1.1446e-06 1.0067e-01 1.2500e+04 1.4308e-02 2.5167e-01
5.7843e+01 1.2500e+04 3.3174e-07 1.0019e-01 1.2500e+04 4.1467e-03 2.5049e-01
5.8235e+01 1.2500e+04 9.4077e-08 1.0006e-01 1.2500e+04 1.1760e-03 2.5014e-01
5.8627e+01 1.2500e+04 2.6231e-08 1.0002e-01 1.2500e+04 3.2788e-04 2.5004e-01
5.9020e+01 1.2500e+04 7.1993e-09 1.0000e-01 1.2500e+04 8.9992e-05 2.5001e-01
5.9412e+01 1.2500e+04 1.9452e-09 1.0000e-01 1.2500e+04 2.4315e-05 2.5000e-01
5.9804e+01 1.2500e+04 5.1724e-10 1.0000e-01 1.2500e+04 6.4655e-06 2.5000e-01
6.0196e+01 1.2500e+04 1.3531e-10 1.0000e-01 1.2500e+04 1.6914e-06 2.5000e-01
6.0588e+01 1.2500e+04 3.4814e-11 1.0000e-01 1.2500e+04 4.3518e-07 2.5000e-01
6.0980e+01 1.2500e+04 8.8063e-12 1.0000e-01 1.2500e+04 1.1008e-07 2.5000e-01
6.1373e+01 1.2500e+04 2.1894e-12 1.0000e-01 1.2500e+04 2.7367e-08 2.5000e-01
6.1765e+01 1.2500e+04 5.3484e-13 1.0000e-01 1.2500e+04 6.6855e-09 2.5000e-01
6.2157e+01 1.2500e+04 1.2835e-13 1.0000e-01 1.2500e+04 1.6044e-09 2.5000e-01
6.2549e+01 1.2500e+04 3.0254e-14 1.0000e-01 1.2500e+04 3.7817e-10 2.5000e-01
6.2941e+01 1.2500e+04 7.0027e-15 1.0000e-01 1.2500e+04 8.7534e-11 2.5000e-01
6.3333e+01 1.2500e+04 1.5910e-15 1.0000e-01 1.2500e+04 1.9888e-11 2.5000e-01
6.3725e+01 1.2500e+04 3.5444e-16 1.0000e-01 1.2500e+04 4.4305e-12 2.5000e-01
6.4118e+01 1.2500e+04 7.7140e-17 1.0000e-01 1.2500e+04 9.6425e-13 2.5000e-01
6.4510e+01 1.2500e+04 1.6106e-17 1.0000e-01 1.2500e+04 2.0132e-13 2.5000e-01
6.4902e+01 1.2500e+04 2.9653e-18 1.0000e-01 1.2500e+04 3.7066e-14 2.5000e-01
6.5294e+01 1.2500e+04 3.1481e-19 1.0000e-01 1.2500e+04 3.9352e-15 2.5000e-01
6.5686e+01 1.2500e+04 5.6621e-21 1.0000e-01 1.2500e+04 7.0777e-17 2.5000e-01
6.6078e+01 1.2500e+04 0.0000e+00 1.0000e-01 1.2500e+04 0.0000e+00 2.5000e-01
6.6471e+01 1.2500e+04 0.0000e+00 1.0000e-01 1.2500e+04 0.0000e+00 2.5000e-01
6.6863e+01 1.2500e+04 0.0000e+00 1.0000e-01 1.2500e+04 0.0000e+00 2.5000e-01
6.7255e+01 1.2500e+04 0.0000e+00 1.0000e-01 1.2500e+04 0.0000e+00 2.5000e-01
6.7647e+01 1.2500e+04 0.0000e+00 1.0000e-01 1.2500e+04 0.0000e+00 2.5000e-01
6.8039e+01 1.2500e+04 0.0000e+00 1.0000e-01 1.2500e+04 0.0000e+00 2.5000e-01
6.8431e+01 1.2500e+04 0.0000e+00 1.0000e-01 1.2500e+04 0.0000e+00 2.5000e-01
6.8824e+01 1.2500e+04 0.0000e+00 1.0000e-01 1.2500e+04 0.0000e+00 2.5000e-01
6.9216e+01 1.2500e+04 0.0000e+00 1.0000e-01 1.2500e+04 0.0000e+00 2.5000e-01
6.9608e+01 1.2500e+04 0.0000e+00 1.0000e-01 1.2500e+04 0.0000e+00 2.5000e-01
7.0000e+01 1.2500e+04 0.0000e+00 1.0000e-01 1.2500e+04 0.0000e+00 2.5000e-01
7.0392e+01 1.2500e+04 0.0000e+00 1.0000e-01 1.2500e+04 0.0000e+00 2.5000e-01
7.0784e+01 1.2500e+04 0.0000e+00 1.0000e-01 1.2500e+04 0.0000e+00 2.5000e-01
7.1176e+01 1.2500e+04 0.0000e+00 1.0000e-01 1.2500e+04 0.0000e+00 2.5000e-01
7.1569e+01 1.2500e+04 0.0000e+00 1.0000e-01 1.2500e+04 0.0000e+00 2.5000e-01
7.1961e+01 1.2500e+04 0.0000e+00 1.0000e-01 1.2500e+04 0.0000e+00 2.5000e-01
7.2353e+01 1.2500e+04 0.0000e+00 1.0000e-01 1.2500e+04 0.0000e+00 2.5000e-01
7.2745e+01 1.2500e+04 0.0000e+00 1.0000e-01 1.2500e+04 0.0000e+00 2.5000e-01
7.3137e+01 1.2500e+04 0.0000e+00 1.0000e-01 1.2500e+04 0.0000e+00 2.5000e-01
7.3529e+01 1.2500e+04 0.0000e+00 1.0000e-01 1.2500e+04 0.0000e+00 2.5000e-01
7.3922e+01 1.2500e+04 0.0000e+00 1.0000e-01 1.2500e+04 0.0000e+00 2.5000e-01
7.4314e+01 1.2500e+04 0.0000e+00 1.0000e-01 1.2500e+04 0.0000e+00 2.5000e-01
7.4706e+01 1.2500e+04 0.0000e+00 1.0000e-01 1.2500e+04 0.0000e+00 2.5000e-01
7.5098e+01 1.2500e+04 0.0000e+00 1.0000e-01 1.2500e+04 0.0000e+00 2.5000e-01
7.5490e+01 1.2500e+04 0.0000e+00 1.0000e-01 1.2500e+04 0.0000e+00 2.5000e-01
7.5882e+01 1.2500e+04 0.0000e+00 1.0000e-01 1.2500e+04 0.0000e+00 2.5000e-01
7.6275e+01 1.2500e+04 0.0000e+00 1.0000e-01 1.2500e+04 0.0000e+00 2.5000e-01
7.6667e+01 1.2500e+04 0.0000e+00 1.0000e-01 1.2500e+04 0.0000e+00 2.5000e-01
7.7059e+01 1.2500e+04 0.0000e+00 1.0000e-01 1.2500e+04 0.0000e+00 2.5000e-01
7.7451e+01 1.2500e+04 0.0000e+00 1.0000e-01 1.2500e+04 0.0000e+00 2.5000e-01
7.7843e+01 1.2500e+04 0.0000e+00 1.0000e-01 1.2500e+04 0.0000e+00 2.5000e-01
7.8235e+01 1.2500e+04 0.0000e+00 1.0000e-01 1.2500e+04 0.0000e+00 2.5000e-01
7.8627e+01 1.2500e+04 0.0000e+00 1.0000e-01 1.2500e+04 0.0000e+00 2.5000e-01
7.9020e+01 1.2500e+04 0.0000e+00 1.0000e-01 1.2500e+04 0.0000e+00 2.5000e-01
7.9412e+01 1.2500e+04 0.0000e+00 1.0000e-01 1.2500e+04 0.0000e+00 2.5000e-01
7.9804e+01 1.2500e+04 0.0000e+00 1.0000e-01 1.2500e+04 0.0000e+00 2.5000e-01
8.0196e+01 1.2500e+04 0.0000e+00 1.0000e-01 1.2500e+04 0.0000e+00 2.5000e-01
8.0588e+01 1.2500e+04 0.0000e+00 1.0000e-01 1.2500e+04 0.0000e+00 2.5000e-01
8.0980e+01 1.2500e+04 0.0000e+00 1.0000e-01 1.2500e+04 0.0000e+00 2.5000e-01
8.1373e+01 1.2500e+04 0.0000e+00 1.0000e-01 1.2500e+04 0.0000e+00 2.5000e-01
8.1765e+01 1.2500e+04 0.0000e+00 1.0000e-01 1.2500e+04 0.0000e+00 2.5000e-01
8.2157e+01 1.2500e+04 0.0000e+00 1.0000e-01 1.2500e+04 0.0000e+00 2.5000e-01
8.2549e+01 1.2500e+04 0.0000e+00 1.0000e-01 1.2500e+04 0.0000e+00 2.5000e-01
8.2941e+01 1.2500e+04 0.0000e+00 1.0000e-01 1.2500e+04 0.0000e+00 2.5000e-01
8.3333e+01 1.2500e+04 0.0000e+00 1.0000e-01 1.2500e+04 0.0000e+00 2.5000e-01
8.3725e+01 1.2500e+04 0.0000e+00 1.0000e-01 1.2500e+04 0.0000e+00 2.5000e-01
8.4118e+01 1.2500e+04 0.0000e+00 1.0000e-01 1.2500e+04 0.0000e+00 2.5000e-01
8.4510e+01 1.2500e+04 0.0000e+00 1.0000e-01 1.2500e+04 0.0000e+00 2.5000e-01
8.4902e+01 1.2500e+04 0.0000e+00 1.0000e-01 1.2500e+04 0.0000e+00 2.5000e-01
8.5294e+01 1.2500e+04 0.0000e+00 1.0000e-01 1.2500e+04 0.0000e+00 2.5000e-01
8.5686e+01 1.2500e+04 0.0000e+00 1.0000e-01 1.2500e+04 0.0000e+00 2.5000e-01
8.6078e+01 1.2500e+04 0.0000e+00 1.0000e-01 1.2500e+04 0.0000e+00 2.5000e-01
8.6471e+01 1.2500e+04 0.0000e+00 1.0000e-01 1.2500e+04 0.0000e+00 2.5000e-01
8.6863e+01 1.2500e+04 0.0000e+00 1.0000e-01 1.2500e+04 0.0000e+00 2.5000e-01
8.7255e+01 1.2500e+04 0.0000e+00 1.0000e-01 1.2500e+04 0.0000e+00 2.5000e-01
8.7647e+01 1.2500e+04 0.0000e+00 1.0000e-01 1.2500e+04 0.0000e+00 2.5000e-01
8.8039e+01 1.2500e+04 0.0000e+00 1.0000e-01 1.2500e+04 0.0000e+00 2.5000e-01
8.8431e+01 1.2500e+04 0.0000e+00 1.0000e-01 1.2500e+04 0.0000e+00 2.5000e-01
8.8824e+01 1.2500e+04 0.0000e+00 1.0000e-01 1.2500e+04 0.0000e+00 2.5000e-01
8.9216e+01 1.2500e+04 0.0000e+00 1.0000e-01 1.2500e+04 0.0000e+00 2.5000e-01
8.9608e+01 1.2500e+04 0.0000e+00 1.0000e-01 1.2500e+04 0.0000e+00 2.5000e-01
9.0000e+01 1.2500e+04 0.0000e+00 1.0000e-01 1.2500e+04 0.0000e+00 2.5000e-01
9.0392e+01 1.2500e+04 0.0000e+00 1.0000e-01 1.2500e+04 0.0000e+00 2.5000e-01
9.0784e+01 1.2500e+04 0.0000e+00 1.0000e-01 1.2500e+04 0.0000e+00 2.5000e-01
9.1176e+01 1.2500e+04 0.0000e+00 1.0000e-01 1.2500e+04 0.0000e+00 2.5000e-01
9.1569e+01 1.2500e+04 0.0000e+00 1.0000e-01 1.2500e+04 0.0000e+00 2.5000e-01
9.1961e+01 1.2500e+04 0.0000e+00 1.0000e-01 1.2500e+04 0.0000e+00 2.5000e-01
9.2353e+01 1.2500e+04 0.0000e+00 1.0000e-01 1.2500e+04 0.0000e+00 2.5000e-01
9.2745e+01 1.2500e+04 0.0000e+00 1.0000e-01 1.2500e+04 0.0000e+00 2.5000e-01
9.3137e+01 1.2500e+04 0.0000e+00 1.0000e-01 1.2500e+04 0.0000e+00 2.5000e-01
9.3529e+01 1.2500e+04 0.0000e+00 1.0000e-01 1.2500e+04 0.0000e+00 2.5000e-01
9.3922e+01 1.2500e+04 0.0000e+00 1.0000e-01 1.2500e+04 0.0000e+00 2.5000e-01
9.4314e+01 1.2500e+04 0.0000e+00 1.0000e-01 1.2500e+04 0.0000e+00 2.5000e-01
9.4706e+01 1.2500e+04 0.0000e+00 1.0000e-01 1.2500e+04 0.0000e+00 2.5000e-01
9.5098e+01 1.2500e+04 0.0000e+00 1.0000e-01 1.2500e+04 0.0000e+00 2.5000e-01
9.5490e+01 1.2500e+04 0.0000e+00 1.0000e-01 1.2500e+04 0.0000e+00 2.5000e-01
9.5882e+01 1.2500e+04 0.0000e+00 1.0000e-01 1.2500e+04 0.0000e+00 2.5000e-01
9.6275e+01 1.2500e+04 0.0000e+00 1.0000e-01 1.2500e+04 0.0000e+00 2.5000e-01
9.6667e+01 1.2500e+04 0.0000e+00 1.0000e-01 1.2500e+04 0.0000e+00 2.5000e-01
9.7059e+01 1.2500e+04 0.0000e+00 1.0000e-01 1.2500e+04 0.0000e+00 2.5000e-01
9.7451e+01 1.2500e+04 0.0000e+00 1.0000e-01 1.2500e+04 0.0000e+00 2.5000e-01
9.7843e+01 1.2500e+04 0.0000e+00 1.0000e-01 1.2500e+04 0.0000e+00 2.5000e-01
9.8235e+01 1.2500e+04 0.0000e+00 1.0000e-01 1.2500e+04 0.0000e+00 2.5000e-01
9.8627e+01 1.2500e+04 0.0000e+00 1.0000e-01 1.2500e+04 0.0000e+00 2.5000e-01
9.9020e+01 1.2500e+04 0.0000e+00 1.0000e-01 1.2500e+04 0.0000e+00 2.5000e-01
9.9412e+01 1.2500e+04 0.0000e+00 1.0000e-01 1.2500e+04 0.0000e+00 2.5000e-01
9.9804e+01 1.2500e+04 0.0000e+00 1.0000e-01 1.2500e+04 0.0000e+00 2.5000e-01
