# # x Density Velocity Pressure q0 q1 q2
1.9608e-01 1.0000e+05 0.0000e+00 1.0000e+00 1.0000e+05 0.0000e+00 2.5000e+00
5.8824e-01 1.0000e+05 0.0000e+00 1.0000e+00 1.0000e+05 0.0000e+00 2.5000e+00
9.8039e-01 1.0000e+05 0.0000e+00 1.0000e+00 1.0000e+05 0.0000e+00 2.5000e+00
1.3725e+00 1.0000e+05 0.0000e+00 1.0000e+00 1.0000e+05 0.0000e+00 2.5000e+00
1.7647e+00 1.0000e+05 0.0000e+00 1.0000e+00 1.0000e+05 0.0000e+00 2.5000e+00
2.1569e+00 1.0000e+05 0.0000e+00 1.0000e+00 1.0000e+05 0.0000e+00 2.5000e+00
2.5490e+00 1.0000e+05 0.0000e+00 1.0000e+00 1.0000e+05 0.0000e+00 2.5000e+00
2.9412e+00 1.0000e+05 0.0000e+00 1.0000e+00 1.0000e+05 0.0000e+00 2.5000e+00
3.3333e+00 1.0000e+05 0.0000e+00 1.0000e+00 1.0000e+05 0.0000e+00 2.5000e+00
3.7255e+00 1.0000e+05 0.0000e+00 1.0000e+00 1.0000e+05 0.0000e+00 2.5000e+00
4.1176e+00 1.0000e+05 0.0000e+00 1.0000e+00 1.0000e+05 0.0000e+00 2.5000e+00
4.5098e+00 1.0000e+05 0.0000e+00 1.0000e+00 1.0000e+05 0.0000e+00 2.5000e+00
4.9020e+00 1.0000e+05 0.0000e+00 1.0000e+00 1.0000e+05 0.0000e+00 2.5000e+00
5.2941e+00 1.0000e+05 0.0000e+00 1.0000e+00 1.0000e+05 0.0000e+00 2.5000e+00
5.6863e+00 1.0000e+05 0.0000e+00 1.0000e+00 1.0000e+05 0.0000e+00 2.5000e+00
6.0784e+00 1.0000e+05 0.0000e+00 1.0000e+00 1.0000e+05 0.0000e+00 2.5000e+00
6.4706e+00 1.0000e+05 0.0000e+00 1.0000e+00 1.0000e+05 0.0000e+00 2.5000e+00
6.8627e+00 1.0000e+05 0.0000e+00 1.0000e+00 1.0000e+05 0.0000e+00 2.5000e+00
7.2549e+00 1.0000e+05 0.0000e+00 1.0000e+00 1.0000e+05 0.0000e+00 2.5000e+00
7.6471e+00 1.0000e+05 0.0000e+00 1.0000e+00 1.0000e+05 0.0000e+00 2.5000e+00
8.0392e+00 1.0000e+05 0.0000e+00 1.0000e+00 1.0000e+05 0.0000e+00 2.5000e+00
8.4314e+00 1.0000e+05 0.0000e+00 1.0000e+00 1.0000e+05 0.0000e+00 2.5000e+00
8.8235e+00 1.0000e+05 0.0000e+00 1.0000e+00 1.0000e+05 0.0000e+00 2.5000e+00
9.2157e+00 1.0000e+05 0.0000e+00 1.0000e+00 1.0000e+05 0.0000e+00 2.5000e+00
9.6078e+00 1.0000e+05 0.0000e+00 1.0000e+00 1.0000e+05 0.0000e+00 2.5000e+00
1.0000e+01 1.0000e+05 0.0000e+00 1.0000e+00 1.0000e+05 0.0000e+00 2.5000e+00
1.0392e+01 1.0000e+05 0.0000e+00 1.0000e+00 1.0000e+05 0.0000e+00 2.5000e+00
1.0784e+01 1.0000e+05 0.0000e+00 1.0000e+00 1.0000e+05 0.0000e+00 2.5000e+00
1.1176e+01 1.0000e+05 0.0000e+00 1.0000e+00 1.0000e+05 0.0000e+00 2.5000e+00
1.1569e+01 1.0000e+05 0.0000e+00 1.0000e+00 1.0000e+05 0.0000e+00 2.5000e+00
1.1961e+01 1.0000e+05 0.0000e+00 1.0000e+00 1.0000e+05 0.0000e+00 2.5000e+00
1.2353e+01 1.0000e+05 0.0000e+00 1.0000e+00 1.0000e+05 0.0000e+00 2.5000e+00
1.2745e+01 1.0000e+05 0.0000e+00 1.0000e+00 1.0000e+05 0.0000e+00 2.5000e+00
1.3137e+01 1.0000e+05 0.0000e+00 1.0000e+00 1.0000e+05 0.0000e+00 2.5000e+00
1.3529e+01 1.0000e+05 0.0000e+00 1.0000e+00 1.0000e+05 0.0000e+00 2.5000e+00
1.3922e+01 1.0000e+05 0.0000e+00 1.0000e+00 1.0000e+05 0.0000e+00 2.5000e+00
1.4314e+01 1.0000e+05 0.0000e+00 1.0000e+00 1.0000e+05 0.0000e+00 2.5000e+00
1.4706e+01 1.0000e+05 0.0000e+00 1.0000e+00 1.0000e+05 0.0000e+00 2.5000e+00
1.5098e+01 1.0000e+05 0.0000e+00 1.0000e+00 1.0000e+05 0.0000e+00 2.5000e+00
1.5490e+01 1.0000e+05 0.0000e+00 1.0000e+00 1.0000e+05 0.0000e+00 2.5000e+00
1.5882e+01 1.0000e+05 0.0000e+00 1.0000e+00 1.0000e+05 0.0000e+00 2.5000e+00
1.6275e+01 1.0000e+05 0.0000e+00 1.0000e+00 1.0000e+05 0.0000e+00 2.5000e+00
1.6667e+01 1.0000e+05 0.0000e+00 1.0000e+00 1.0000e+05 0.0000e+00 2.5000e+00
1.7059e+01 1.0000e+05 0.0000e+00 1.0000e+00 1.0000e+05 0.0000e+00 2.5000e+00
1.7451e+01 1.0000e+05 0.0000e+00 1.0000e+00 1.0000e+05 0.0000e+00 2.5000e+00
1.7843e+01 1.0000e+05 0.0000e+00 1.0000e+00 1.0000e+05 0.0000e+00 2.5000e+00
1.8235e+01 1.0000e+05 0.0000e+00 1.0000e+00 1.0000e+05 0.0000e+00 2.5000e+00
1.8627e+01 1.0000e+05 0.0000e+00 1.0000e+00 1.0000e+05 0.0000e+00 2.5000e+00
1.9020e+01 1.0000e+05 0.0000e+00 1.0000e+00 1.0000e+05 0.0000e+00 2.5000e+00
1.9412e+01 1.0000e+05 0.0000e+00 1.0000e+00 1.0000e+05 0.0000e+00 2.5000e+00
1.9804e+01 1.0000e+05 0.0000e+00 1.0000e+00 1.0000e+05 0.0000e+00 2.5000e+00
2.0196e+01 1.0000e+05 0.0000e+00 1.0000e+00 1.0000e+05 0.0000e+00 2.5000e+00
2.0588e+01 1.0000e+05 0.0000e+00 1.0000e+00 1.0000e+05 0.0000e+00 2.5000e+00
2.0980e+01 1.0000e+05 0.0000e+00 1.0000e+00 1.0000e+05 0.0000e+00 2.5000e+00
2.1373e+01 1.0000e+05 0.0000e+00 1.0000e+00 1.0000e+05 0.0000e+00 2.5000e+00
2.1765e+01 1.0000e+05 0.0000e+00 1.0000e+00 1.0000e+05 0.0000e+00 2.5000e+00
2.2157e+01 1.0000e+05 0.0000e+00 1.0000e+00 1.0000e+05 0.0000e+00 2.5000e+00
2.2549e+01 1.0000e+05 0.0000e+00 1.0000e+00 1.0000e+05 0.0000e+00 2.5000e+00
2.2941e+01 1.0000e+05 0.0000e+00 1.0000e+00 1.0000e+05 0.0000e+00 2.5000e+00
2.3333e+01 1.0000e+05 0.0000e+00 1.0000e+00 1.0000e+05 0.0000e+00 2.5000e+00
2.3725e+01 1.0000e+05 0.0000e+00 1.0000e+00 1.0000e+05 0.0000e+00 2.5000e+00
2.4118e+01 1.0000e+05 0.0000e+00 1.0000e+00 1.0000e+05 0.0000e+00 2.5000e+00
2.4510e+01 1.0000e+05 0.0000e+00 1.0000e+00 1.0000e+05 0.0000e+00 2.5000e+00
2.4902e+01 1.0000e+05 0.0000e+00 1.0000e+00 1.0000e+05 0.0000e+00 2.5000e+00
2.5294e+01 1.0000e+05 0.0000e+00 1.0000e+00 1.0000e+05 0.0000e+00 2.5000e+00
2.5686e+01 1.0000e+05 0.0000e+00 1.0000e+00 1.0000e+05 0.0000e+00 2.5000e+00
2.6078e+01 1.0000e+05 0.0000e+00 1.0000e+00 1.0000e+05 0.0000e+00 2.5000e+00
2.6471e+01 1.0000e+05 0.0000e+00 1.0000e+00 1.0000e+05 0.0000e+00 2.5000e+00
2.6863e+01 1.0000e+05 0.0000e+00 1.0000e+00 1.0000e+05 0.0000e+00 2.5000e+00
2.7255e+01 1.0000e+05 0.0000e+00 1.0000e+00 1.0000e+05 0.0000e+00 2.5000e+00
2.7647e+01 1.0000e+05 0.0000e+00 1.0000e+00 1.0000e+05 0.0000e+00 2.5000e+00
2.8039e+01 1.0000e+05 0.0000e+00 1.0000e+00 1.0000e+05 0.0000e+00 2.5000e+00
2.8431e+01 1.0000e+05 0.0000e+00 1.0000e+00 1.0000e+05 0.0000e+00 2.5000e+00
2.8824e+01 1.0000e+05 0.0000e+00 1.0000e+00 1.0000e+05 0.0000e+00 2.5000e+00
2.9216e+01 1.0000e+05 0.0000e+00 1.0000e+00 1.0000e+05 0.0000e+00 2.5000e+00
2.9608e+01 1.0000e+05 0.0000e+00 1.0000e+00 1.0000e+05 0.0000e+00 2.5000e+00
3.0000e+01 1.0000e+05 0.0000e+00 1.0000e+00 1.0000e+05 0.0000e+00 2.5000e+00
3.0392e+01 1.0000e+05 0.0000e+00 1.0000e+00 1.0000e+05 0.0000e+00 2.5000e+00
3.0784e+01 1.0000e+05 0.0000e+00 1.0000e+00 1.0000e+05 0.0000e+00 2.5000e+00
3.1176e+01 1.0000e+05 0.0000e+00 1.0000e+00 1.0000e+05 0.0000e+00 2.5000e+00
3.1569e+01 1.0000e+05 0.0000e+00 1.0000e+00 1.0000e+05 0.0000e+00 2.5000e+00
3.1961e+01 1.0000e+05 0.0000e+00 1.0000e+00 1.0000e+05 0.0000e+00 2.5000e+00
3.2353e+01 1.0000e+05 0.0000e+00 1.0000e+00 1.0000e+05 0.0000e+00 2.5000e+00
3.2745e+01 1.0000e+05 0.0000e+00 1.0000e+00 1.0000e+05 0.0000e+00 2.5000e+00
3.3137e+01 1.0000e+05 0.0000e+00 1.0000e+00 1.0000e+05 0.0000e+00 2.5000e+00
3.3529e+01 1.0000e+05 0.0000e+00 1.0000e+00 1.0000e+05 0.0000e+00 2.5000e+00
3.3922e+01 1.0000e+05 9.4841e-20 1.0000e+00 1.0000e+05 9.4841e-15 2.5000e+00
3.4314e+01 1.0000e+05 6.3416e-19 1.0000e+00 1.0000e+05 6.3416e-14 2.5000e+00
3.4706e+01 1.0000e+05 2.2552e-18 1.0000e+00 1.0000e+05 2.2552e-13 2.5000e+00
3.5098e+01 1.0000e+05 7.6244e-18 1.0000e+00 1.0000e+05 7.6244e-13 2.5000e+00
3.5490e+01 1.0000e+05 2.7966e-17 1.0000e+00 1.0000e+05 2.7966e-12 2.5000e+00
3.5882e+01 1.0000e+05 1.0430e-16 1.0000e+00 1.0000e+05 1.0430e-11 2.5000e+00
3.6275e+01 1.0000e+05 3.8539e-16 1.0000e+00 1.0000e+05 3.8539e-11 2.5000e+00
3.6667e+01 1.0000e+05 1.3954e-15 1.0000e+00 1.0000e+05 1.3954e-10 2.5000e+00
3.7059e+01 1.0000e+05 4.9326e-15 1.0000e+00 1.0000e+05 4.9326e-10 2.5000e+00
3.7451e+01 1.0000e+05 1.7004e-14 1.0000e+00 1.0000e+05 1.7004e-09 2.5000e+00
3.7843e+01 1.0000e+05 5.7131e-14 1.0000e+00 1.0000e+05 5.7131e-09 2.5000e+00
3.8235e+01 1.0000e+05 1.8698e-13 1.0000e+00 1.0000e+05 1.8698e-08 2.5000e+00
3.8627e+01 1.0000e+05 5.9580e-13 1.0000e+00 1.0000e+05 5.9580e-08 2.5000e+00
3.9020e+01 1.0000e+05 1.8474e-12 1.0000e+00 1.0000e+05 1.8474e-07 2.5000e+00
3.9412e+01 1.0000e+05 5.5710e-12 1.0000e+00 1.0000e+05 5.5710e-07 2.5000e+00
3.9804e+01 1.0000e+05 1.6331e-11 1.0000e+00 1.0000e+05 1.6331e-06 2.5000e+00
4.0196e+01 1.0000e+05 4.6508e-11 1.0000e+00 1.0000e+05 4.6508e-06 2.5000e+00
4.0588e+01 1.0000e+05 1.2861e-10 1.0000e+00 1.0000e+05 1.2861e-05 2.5000e+00
4.0980e+01 1.0000e+05 3.4513e-10 1.0000e+00 1.0000e+05 3.4513e-05 2.5000e+00
4.1373e+01 1.0000e+05 8.9829e-10 1.0000e+00 1.0000e+05 8.9829e-05 2.5000e+00
4.1765e+01 1.0000e+05 2.2663e-09 9.9999e-01 1.0000e+05 2.2663e-04 2.5000e+00
4.2157e+01 1.0000e+05 5.5391e-09 9.9997e-01 1.0000e+05 5.5391e-04 2.4999e+00
4.2549e+01 1.0000e+05 1.3108e-08 9.9994e-01 1.0000e+05 1.3108e-03 2.4998e+00
4.2941e+01 1.0000e+05 3.0015e-08 9.9986e-01 1.0000e+05 3.0015e-03 2.4996e+00
4.3333e+01 1.0000e+05 6.6469e-08 9.9970e-01 1.0000e+05 6.6469e-03 2.4992e+00
4.3725e+01 1.0000e+05 1.4228e-07 9.9937e-01 1.0000e+05 1.4228e-02 2.4984e+00
4.4118e+01 9.9999e+04 2.9424e-07 9.9876e-01 9.9999e+04 2.9424e-02 2.4969e+00
4.4510e+01 9.9998e+04 5.8760e-07 9.9764e-01 9.9998e+04 5.8759e-02 2.4941e+00
4.4902e+01 9.9997e+04 1.1326e-06 9.9567e-01 9.9997e+04 1.1326e-01 2.4892e+00
4.5294e+01 9.9994e+04 2.1066e-06 9.9237e-01 9.9994e+04 2.1065e-01 2.4809e+00
4.5686e+01 9.9989e+04 3.7797e-06 9.8708e-01 9.9989e+04 3.7793e-01 2.4677e+00
4.6078e+01 9.9980e+04 6.5410e-06 9.7896e-01 9.9980e+04 6.5396e-01 2.4474e+00
4.6471e+01 9.9964e+04 1.0917e-05 9.6709e-01 9.9964e+04 1.0913e+00 2.4177e+00
4.6863e+01 9.9940e+04 1.7577e-05 9.5058e-01 9.9940e+04 1.7566e+00 2.3765e+00
4.7255e+01 9.9901e+04 2.7303e-05 9.2874e-01 9.9901e+04 2.7276e+00 2.3219e+00
4.7647e+01 9.9842e+04 4.0939e-05 9.0135e-01 9.9842e+04 4.0874e+00 2.2534e+00
4.8039e+01 9.9756e+04 5.9272e-05 8.6886e-01 9.9756e+04 5.9127e+00 2.1723e+00
4.8431e+01 9.9640e+04 8.3111e-05 8.3271e-01 9.9640e+04 8.2811e+00 2.0821e+00
4.8824e+01 9.9417e+04 1.1048e-04 7.9447e-01 9.9417e+04 1.0984e+01 1.9868e+00
4.9216e+01 9.9718e+04 1.6292e-04 7.6465e-01 9.9718e+04 1.6246e+01 1.9130e+00
4.9608e+01 1.0012e+05 9.6555e-05 6.9781e-01 1.0012e+05 9.6671e+00 1.7450e+00
5.0000e+01 1.2544e+04 5.0330e-04 7.5379e-01 1.2544e+04 6.3133e+00 1.8861e+00
5.0392e+01 1.2480e+04 9.0319e-04 7.6751e-01 1.2480e+04 1.1272e+01 1.9239e+00
5.0784e+01 1.2651e+04 1.0077e-03 7.5625e-01 1.2651e+04 1.2748e+01 1.8971e+00
5.1176e+01 1.2709e+04 8.9987e-04 7.2893e-01 1.2709e+04 1.1436e+01 1.8275e+00
5.1569e+01 1.2662e+04 9.2025e-04 7.1010e-01 1.2662e+04 1.1652e+01 1.7806e+00
5.1961e+01 1.2690e+04 8.2727e-04 6.8003e-01 1.2690e+04 1.0498e+01 1.7044e+00
5.2353e+01 1.2655e+04 8.1692e-04 6.5221e-01 1.2655e+04 1.0338e+01 1.6348e+00
5.2745e+01 1.2663e+04 7.3438e-04 6.1809e-01 1.2663e+04 9.2993e+00 1.5486e+00
5.3137e+01 1.2639e+04 6.9557e-04 5.8103e-01 1.2639e+04 8.7912e+00 1.4556e+00
5.3529e+01 1.2632e+04 6.1603e-04 5.3932e-01 1.2632e+04 7.7818e+00 1.3507e+00
5.3922e+01 1.2612e+04 5.5249e-04 4.9111e-01 1.2612e+04 6.9681e+00 1.2297e+00
5.4314e+01 1.2597e+04 4.6616e-04 4.3695e-01 1.2597e+04 5.8723e+00 1.0938e+00
5.4706e+01 1.2577e+04 3.7993e-04 3.7369e-01 1.2577e+04 4.7784e+00 9.3513e-01
5.5098e+01 1.2558e+04 2.8232e-04 3.0409e-01 1.2558e+04 3.5453e+00 7.6073e-01
5.5490e+01 1.2538e+04 1.8763e-04 2.3273e-01 1.2538e+04 2.3525e+00 5.8204e-01
5.5882e+01 1.2522e+04 1.0609e-04 1.7219e-01 1.2522e+04 1.3284e+00 4.3054e-01
5.6275e+01 1.2511e+04 4.9950e-05 1.3212e-01 1.2511e+04 6.2491e-01 3.3031e-01
5.6667e+01 1.2504e+04 1.9632e-05 1.1196e-01 1.2504e+04 2.4549e-01 2.7991e-01
5.7059e+01 1.2502e+04 6.6901e-06 1.0394e-01 1.2502e+04 8.3636e-02 2.5985e-01
5.7451e+01 1.2500e+04 2.0833e-06 1.0121e-01 1.2500e+04 2.6042e-02 2.5303e-01
5.7843e+01 1.2500e+04 6.1810e-07 1.0036e-01 1.2500e+04 7.7263e-03 2.5090e-01
5.8235e+01 1.2500e+04 1.7860e-07 1.0010e-01 1.2500e+04 2.2325e-03 2.5026e-01
5.8627e+01 1.2500e+04 5.0681e-08 1.0003e-01 1.2500e+04 6.3351e-04 2.5007e-01
5.9020e+01 1.2500e+04 1.4160e-08 1.0001e-01 1.2500e+04 1.7700e-04 2.5002e-01
5.9412e+01 1.2500e+04 3.8973e-09 1.0000e-01 1.2500e+04 4.8716e-05 2.5001e-01
5.9804e+01 1.2500e+04 1.0565e-09 1.0000e-01 1.2500e+04 1.3206e-05 2.5000e-01
6.0196e+01 1.2500e+04 2.8198e-10 1.0000e-01 1.2500e+04 3.5248e-06 2.5000e-01
6.0588e+01 1.2500e+04 7.4081e-11 1.0000e-01 1.2500e+04 9.2601e-07 2.5000e-01
6.0980e+01 1.2500e+04 1.9150e-11 1.0000e-01 1.2500e+04 2.3938e-07 2.5000e-01
6.1373e+01 1.2500e+04 4.8695e-12 1.0000e-01 1.2500e+04 6.0869e-08 2.5000e-01
6.1765e+01 1.2500e+04 1.2176e-12 1.0000e-01 1.2500e+04 1.5221e-08 2.5000e-01
6.2157e+01 1.2500e+04 2.9935e-13 1.0000e-01 1.2500e+04 3.7418e-09 2.5000e-01
6.2549e+01 1.2500e+04 7.2336e-14 1.0000e-01 1.2500e+04 9.0420e-10 2.5000e-01
6.2941e+01 1.2500e+04 1.7178e-14 1.0000e-01 1.2500e+04 2.1472e-10 2.5000e-01
6.3333e+01 1.2500e+04 4.0078e-15 1.0000e-01 1.2500e+04 5.0097e-11 2.5000e-01
6.3725e+01 1.2500e+04 9.1821e-16 1.0000e-01 1.2500e+04 1.1478e-11 2.5000e-01
6.4118e+01 1.2500e+04 2.0628e-16 1.0000e-01 1.2500e+04 2.5785e-12 2.5000e-01
6.4510e+01 1.2500e+04 4.5103e-17 1.0000e-01 1.2500e+04 5.6379e-13 2.5000e-01
6.4902e+01 1.2500e+04 9.3298e-18 1.0000e-01 1.2500e+04 1.1662e-13 2.5000e-01
6.5294e+01 1.2500e+04 1.5611e-18 1.0000e-01 1.2500e+04 1.9513e-14 2.5000e-01
6.5686e+01 1.2500e+04 9.4841e-20 1.0000e-01 1.2500e+04 1.1855e-15 2.5000e-01
6.6078e+01 1.2500e+04 0.0000e+00 1.0000e-01 1.2500e+04 0.0000e+00 2.5000e-01
6.6471e+01 1.2500e+04 0.0000e+00 1.0000e-01 1.2500e+04 0.0000e+00 2.5000e-01
6.6863e+01 1.2500e+04 0.0000e+00 1.0000e-01 1.2500e+04 0.0000e+00 2.5000e-01
6.7255e+01 1.2500e+04 0.0000e+00 1.0000e-01 1.2500e+04 0.0000e+00 2.5000e-01
6.7647e+01 1.2500e+04 0.0000e+00 1.0000e-01 1.2500e+04 0.0000e+00 2.5000e-01
6.8039e+01 1.2500e+04 0.0000e+00 1.0000e-01 1.2500e+04 0.0000e+00 2.5000e-01
6.8431e+01 1.2500e+04 0.0000e+00 1.0000e-01 1.2500e+04 0.0000e+00 2.5000e-01
6.8824e+01 1.2500e+04 0.0000e+00 1.0000e-01 1.2500e+04 0.0000e+00 2.5000e-01
6.9216e+01 1.2500e+04 0.0000e+00 1.0000e-01 1.2500e+04 0.0000e+00 2.5000e-01
6.9608e+01 1.2500e+04 0.0000e+00 1.0000e-01 1.2500e+04 0.0000e+00 2.5000e-01
7.0000e+01 1.2500e+04 0.0000e+00 1.0000e-01 1.2500e+04 0.0000e+00 2.5000e-01
7.0392e+01 1.2500e+04 0.0000e+00 1.0000e-01 1.2500e+04 0.0000e+00 2.5000e-01
7.0784e+01 1.2500e+04 0.0000e+00 1.0000e-01 1.2500e+04 0.0000e+00 2.5000e-01
7.1176e+01 1.2500e+04 0.0000e+00 1.0000e-01 1.2500e+04 0.0000e+00 2.5000e-01
7.1569e+01 1.2500e+04 0.0000e+00 1.0000e-01 1.2500e+04 0.0000e+00 2.5000e-01
7.1961e+01 1.2500e+04 0.0000e+00 1.0000e-01 1.2500e+04 0.0000e+00 2.5000e-01
7.2353e+01 1.2500e+04 0.0000e+00 1.0000e-01 1.2500e+04 0.0000e+00 2.5000e-01
7.2745e+01 1.2500e+04 0.0000e+00 1.0000e-01 1.2500e+04 0.0000e+00 2.5000e-01
7.3137e+01 1.2500e+04 0.0000e+00 1.0000e-01 1.2500e+04 0.0000e+00 2.5000e-01
7.3529e+01 1.2500e+04 0.0000e+00 1.0000e-01 1.2500e+04 0.0000e+00 2.5000e-01
7.3922e+01 1.2500e+04 0.0000e+00 1.0000e-01 1.2500e+04 0.0000e+00 2.5000e-01
7.4314e+01 1.2500e+04 0.0000e+00 1.0000e-01 1.2500e+04 0.0000e+00 2.5000e-01
7.4706e+01 1.2500e+04 0.0000e+00 1.0000e-01 1.2500e+04 0.0000e+00 2.5000e-01
7.5098e+01 1.2500e+04 0.0000e+00 1.0000e-01 1.2500e+04 0.0000e+00 2.5000e-01
7.5490e+01 1.2500e+04 0.0000e+00 1.0000e-01 1.2500e+04 0.0000e+00 2.5000e-01
7.5882e+01 1.2500e+04 0.0000e+00 1.0000e-01 1.2500e+04 0.0000e+00 2.5000e-01
7.6275e+01 1.2500e+04 0.0000e+00 1.0000e-01 1.2500e+04 0.0000e+00 2.5000e-01
7.6667e+01 1.2500e+04 0.0000e+00 1.0000e-01 1.2500e+04 0.0000e+00 2.5000e-01
7.7059e+01 1.2500e+04 0.0000e+00 1.0000e-01 1.2500e+04 0.0000e+00 2.5000e-01
7.7451e+01 1.2500e+04 0.0000e+00 1.0000e-01 1.2500e+04 0.0000e+00 2.5000e-01
7.7843e+01 1.2500e+04 0.0000e+00 1.0000e-01 1.2500e+04 0.0000e+00 2.5000e-01
7.8235e+01 1.2500e+04 0.0000e+00 1.0000e-01 1.2500e+04 0.0000e+00 2.5000e-01
7.8627e+01 1.2500e+04 0.0000e+00 1.0000e-01 1.2500e+04 0.0000e+00 2.5000e-01
7.9020e+01 1.2500e+04 0.0000e+00 1.0000e-01 1.2500e+04 0.0000e+00 2.5000e-01
7.9412e+01 1.2500e+04 0.0000e+00 1.0000e-01 1.2500e+04 0.0000e+00 2.5000e-01
7.9804e+01 1.2500e+04 0.0000e+00 1.0000e-01 1.2500e+04 0.0000e+00 2.5000e-01
8.0196e+01 1.2500e+04 0.0000e+00 1.0000e-01 1.2500e+04 0.0000e+00 2.5000e-01
8.0588e+01 1.2500e+04 0.0000e+00 1.0000e-01 1.2500e+04 0.0000e+00 2.5000e-01
8.0980e+01 1.2500e+04 0.0000e+00 1.0000e-01 1.2500e+04 0.0000e+00 2.5000e-01
8.1373e+01 1.2500e+04 0.0000e+00 1.0000e-01 1.2500e+04 0.0000e+00 2.5000e-01
8.1765e+01 1.2500e+04 0.0000e+00 1.0000e-01 1.2500e+04 0.0000e+00 2.5000e-01
8.2157e+01 1.2500e+04 0.0000e+00 1.0000e-01 1.2500e+04 0.0000e+00 2.5000e-01
8.2549e+01 1.2500e+04 0.0000e+00 1.0000e-01 1.2500e+04 0.0000e+00 2.5000e-01
8.2941e+01 1.2500e+04 0.0000e+00 1.0000e-01 1.2500e+04 0.0000e+00 2.5000e-01
8.3333e+01 1.2500e+04 0.0000e+00 1.0000e-01 1.2500e+04 0.0000e+00 2.5000e-01
8.3725e+01 1.2500e+04 0.0000e+00 1.0000e-01 1.2500e+04 0.0000e+00 2.5000e-01
8.4118e+01 1.2500e+04 0.0000e+00 1.0000e-01 1.2500e+04 0.0000e+00 2.5000e-01
8.4510e+01 1.2500e+04 0.0000e+00 1.0000e-01 1.2500e+04 0.0000e+00 2.5000e-01
8.4902e+01 1.2500e+04 0.0000e+00 1.0000e-01 1.2500e+04 0.0000e+00 2.5000e-01
8.5294e+01 1.2500e+04 0.0000e+00 1.0000e-01 1.2500e+04 0.0000e+00 2.5000e-01
8.5686e+01 1.2500e+04 0.0000e+00 1.0000e-01 1.2500e+04 0.0000e+00 2.5000e-01
8.6078e+01 1.2500e+04 0.0000e+00 1.0000e-01 1.2500e+04 0.0000e+00 2.5000e-01
8.6471e+01 1.2500e+04 0.0000e+00 1.0000e-01 1.2500e+04 0.0000e+00 2.5000e-01
8.6863e+01 1.2500e+04 0.0000e+00 1.0000e-01 1.2500e+04 0.0000e+00 2.5000e-01
8.7255e+01 1.2500e+04 0.0000e+00 1.0000e-01 1.2500e+04 0.0000e+00 2.5000e-01
8.7647e+01 1.2500e+04 0.0000e+00 1.0000e-01 1.2500e+04 0.0000e+00 2.5000e-01
8.8039e+01 1.2500e+04 0.0000e+00 1.0000e-01 1.2500e+04 0.0000e+00 2.5000e-01
8.8431e+01 1.2500e+04 0.0000e+00 1.0000e-01 1.2500e+04 0.0000e+00 2.5000e-01
8.8824e+01 1.2500e+04 0.0000e+00 1.0000e-01 1.2500e+04 0.0000e+00 2.5000e-01
8.9216e+01 1.2500e+04 0.0000e+00 1.0000e-01 1.2500e+04 0.0000e+00 2.5000e-01
8.9608e+01 1.2500e+04 0.0000e+00 1.0000e-01 1.2500e+04 0.0000e+00 2.5000e-01
9.0000e+01 1.2500e+04 0.0000e+00 1.0000e-01 1.2500e+04 0.0000e+00 2.5000e-01
9.0392e+01 1.2500e+04 0.0000e+00 1.0000e-01 1.2500e+04 0.0000e+00 2.5000e-01
9.0784e+01 1.2500e+04 0.0000e+00 1.0000e-01 1.2500e+04 0.0000e+00 2.5000e-01
9.1176e+01 1.2500e+04 0.0000e+00 1.0000e-01 1.2500e+04 0.0000e+00 2.5000e-01
9.1569e+01 1.2500e+04 0.0000e+00 1.0000e-01 1.2500e+04 0.0000e+00 2.5000e-01
9.1961e+01 1.2500e+04 0.0000e+00 1.0000e-01 1.2500e+04 0.0000e+00 2.5000e-01
9.2353e+01 1.2500e+04 0.0000e+00 1.0000e-01 1.2500e+04 0.0000e+00 2.5000e-01
9.2745e+01 1.2500e+04 0.0000e+00 1.0000e-01 1.2500e+04 0.0000e+00 2.5000e-01
9.3137e+01 1.2500e+04 0.0000e+00 1.0000e-01 1.2500e+04 0.0000e+00 2.5000e-01
9.3529e+01 1.2500e+04 0.0000e+00 1.0000e-01 1.2500e+04 0.0000e+00 2.5000e-01
9.3922e+01 1.2500e+04 0.0000e+00 1.0000e-01 1.2500e+04 0.0000e+00 2.5000e-01
9.4314e+01 1.2500e+04 0.0000e+00 1.0000e-01 1.2500e+04 0.0000e+00 2.5000e-01
9.4706e+01 1.2500e+04 0.0000e+00 1.0000e-01 1.2500e+04 0.0000e+00 2.5000e-01
9.5098e+01 1.2500e+04 0.0000e+00 1.0000e-01 1.2500e+04 0.0000e+00 2.5000e-01
9.5490e+01 1.2500e+04 0.0000e+00 1.0000e-01 1.2500e+04 0.0000e+00 2.5000e-01
9.5882e+01 1.2500e+04 0.0000e+00 1.0000e-01 1.2500e+04 0.0000e+00 2.5000e-01
9.6275e+01 1.2500e+04 0.0000e+00 1.0000e-01 1.2500e+04 0.0000e+00 2.5000e-01
9.6667e+01 1.2500e+04 0.0000e+00 1.0000e-01 1.2500e+04 0.0000e+00 2.5000e-01
9.7059e+01 1.2500e+04 0.0000e+00 1.0000e-01 1.2500e+04 0.0000e+00 2.5000e-01
9.7451e+01 1.2500e+04 0.0000e+00 1.0000e-01 1.2500e+04 0.0000e+00 2.5000e-01
9.7843e+01 1.2500e+04 0.0000e+00 1.0000e-01 1.2500e+04 0.0000e+00 2.5000e-01
9.8235e+01 1.2500e+04 0.0000e+00 1.0000e-01 1.2500e+04 0.0000e+00 2.5000e-01
9.8627e+01 1.2500e+04 0.0000e+00 1.0000e-01 1.2500e+04 0.0000e+00 2.5000e-01
9.9020e+01 1.2500e+04 0.0000e+00 1.0000e-01 1.2500e+04 0.0000e+00 2.5000e-01
9.9412e+01 1.2500e+04 0.0000e+00 1.0000e-01 1.2500e+04 0.0000e+00 2.5000e-01
9.9804e+01 1.2500e+04 0.0000e+00 1.0000e-01 1.2500e+04 0.0000e+00 2.5000e-01
