# # x Density Velocity Pressure q0 q1 q2
1.9608e-01 1.0000e+05 0.0000e+00 1.0000e+00 1.0000e+05 0.0000e+00 2.5000e+00
5.8824e-01 1.0000e+05 0.0000e+00 1.0000e+00 1.0000e+05 0.0000e+00 2.5000e+00
9.8039e-01 1.0000e+05 0.0000e+00 1.0000e+00 1.0000e+05 0.0000e+00 2.5000e+00
1.3725e+00 1.0000e+05 0.0000e+00 1.0000e+00 1.0000e+05 0.0000e+00 2.5000e+00
1.7647e+00 1.0000e+05 0.0000e+00 1.0000e+00 1.0000e+05 0.0000e+00 2.5000e+00
2.1569e+00 1.0000e+05 0.0000e+00 1.0000e+00 1.0000e+05 0.0000e+00 2.5000e+00
2.5490e+00 1.0000e+05 0.0000e+00 1.0000e+00 1.0000e+05 0.0000e+00 2.5000e+00
2.9412e+00 1.0000e+05 0.0000e+00 1.0000e+00 1.0000e+05 0.0000e+00 2.5000e+00
3.3333e+00 1.0000e+05 0.0000e+00 1.0000e+00 1.0000e+05 0.0000e+00 2.5000e+00
3.7255e+00 1.0000e+05 0.0000e+00 1.0000e+00 1.0000e+05 0.0000e+00 2.5000e+00
4.1176e+00 1.0000e+05 0.0000e+00 1.0000e+00 1.0000e+05 0.0000e+00 2.5000e+00
4.5098e+00 1.0000e+05 0.0000e+00 1.0000e+00 1.0000e+05 0.0000e+00 2.5000e+00
4.9020e+00 1.0000e+05 0.0000e+00 1.0000e+00 1.0000e+05 0.0000e+00 2.5000e+00
5.2941e+00 1.0000e+05 0.0000e+00 1.0000e+00 1.0000e+05 0.0000e+00 2.5000e+00
5.6863e+00 1.0000e+05 0.0000e+00 1.0000e+00 1.0000e+05 0.0000e+00 2.5000e+00
6.0784e+00 1.0000e+05 0.0000e+00 1.0000e+00 1.0000e+05 0.0000e+00 2.5000e+00
6.4706e+00 1.0000e+05 0.0000e+00 1.0000e+00 1.0000e+05 0.0000e+00 2.5000e+00
6.8627e+00 1.0000e+05 0.0000e+00 1.0000e+00 1.0000e+05 0.0000e+00 2.5000e+00
7.2549e+00 1.0000e+05 0.0000e+00 1.0000e+00 1.0000e+05 0.0000e+00 2.5000e+00
7.6471e+00 1.0000e+05 0.0000e+00 1.0000e+00 1.0000e+05 0.0000e+00 2.5000e+00
8.0392e+00 1.0000e+05 0.0000e+00 1.0000e+00 1.0000e+05 0.0000e+00 2.5000e+00
8.4314e+00 1.0000e+05 0.0000e+00 1.0000e+00 1.0000e+05 0.0000e+00 2.5000e+00
8.8235e+00 1.0000e+05 0.0000e+00 1.0000e+00 1.0000e+05 0.0000e+00 2.5000e+00
9.2157e+00 1.0000e+05 0.0000e+00 1.0000e+00 1.0000e+05 0.0000e+00 2.5000e+00
9.6078e+00 1.0000e+05 0.0000e+00 1.0000e+00 1.0000e+05 0.0000e+00 2.5000e+00
1.0000e+01 1.0000e+05 0.0000e+00 1.0000e+00 1.0000e+05 0.0000e+00 2.5000e+00
1.0392e+01 1.0000e+05 0.0000e+00 1.0000e+00 1.0000e+05 0.0000e+00 2.5000e+00
1.0784e+01 1.0000e+05 0.0000e+00 1.0000e+00 1.0000e+05 0.0000e+00 2.5000e+00
1.1176e+01 1.0000e+05 0.0000e+00 1.0000e+00 1.0000e+05 0.0000e+00 2.5000e+00
1.1569e+01 1.0000e+05 0.0000e+00 1.0000e+00 1.0000e+05 0.0000e+00 2.5000e+00
1.1961e+01 1.0000e+05 0.0000e+00 1.0000e+00 1.0000e+05 0.0000e+00 2.5000e+00
1.2353e+01 1.0000e+05 0.0000e+00 1.0000e+00 1.0000e+05 0.0000e+00 2.5000e+00
1.2745e+01 1.0000e+05 0.0000e+00 1.0000e+00 1.0000e+05 0.0000e+00 2.5000e+00
1.3137e+01 1.0000e+05 0.0000e+00 1.0000e+00 1.0000e+05 0.0000e+00 2.5000e+00
1.3529e+01 1.0000e+05 0.0000e+00 1.0000e+00 1.0000e+05 0.0000e+00 2.5000e+00
1.3922e+01 1.0000e+05 0.0000e+00 1.0000e+00 1.0000e+05 0.0000e+00 2.5000e+00
1.4314e+01 1.0000e+05 0.0000e+00 1.0000e+00 1.0000e+05 0.0000e+00 2.5000e+00
1.4706e+01 1.0000e+05 0.0000e+00 1.0000e+00 1.0000e+05 0.0000e+00 2.5000e+00
1.5098e+01 1.0000e+05 0.0000e+00 1.0000e+00 1.0000e+05 0.0000e+00 2.5000e+00
1.5490e+01 1.0000e+05 0.0000e+00 1.0000e+00 1.0000e+05 0.0000e+00 2.5000e+00
1.5882e+01 1.0000e+05 0.0000e+00 1.0000e+00 1.0000e+05 0.0000e+00 2.5000e+00
1.6275e+01 1.0000e+05 0.0000e+00 1.0000e+00 1.0000e+05 0.0000e+00 2.5000e+00
1.6667e+01 1.0000e+05 0.0000e+00 1.0000e+00 1.0000e+05 0.0000e+00 2.5000e+00
1.7059e+01 1.0000e+05 0.0000e+00 1.0000e+00 1.0000e+05 0.0000e+00 2.5000e+00
1.7451e+01 1.0000e+05 0.0000e+00 1.0000e+00 1.0000e+05 0.0000e+00 2.5000e+00
1.7843e+01 1.0000e+05 0.0000e+00 1.0000e+00 1.0000e+05 0.0000e+00 2.5000e+00
1.8235e+01 1.0000e+05 0.0000e+00 1.0000e+00 1.0000e+05 0.0000e+00 2.5000e+00
1.8627e+01 1.0000e+05 0.0000e+00 1.0000e+00 1.0000e+05 0.0000e+00 2.5000e+00
1.9020e+01 1.0000e+05 0.0000e+00 1.0000e+00 1.0000e+05 0.0000e+00 2.5000e+00
1.9412e+01 1.0000e+05 0.0000e+00 1.0000e+00 1.0000e+05 0.0000e+00 2.5000e+00
1.9804e+01 1.0000e+05 0.0000e+00 1.0000e+00 1.0000e+05 0.0000e+00 2.5000e+00
2.0196e+01 1.0000e+05 0.0000e+00 1.0000e+00 1.0000e+05 0.0000e+00 2.5000e+00
2.0588e+01 1.0000e+05 0.0000e+00 1.0000e+00 1.0000e+05 0.0000e+00 2.5000e+00
2.0980e+01 1.0000e+05 0.0000e+00 1.0000e+00 1.0000e+05 0.0000e+00 2.5000e+00
2.1373e+01 1.0000e+05 0.0000e+00 1.0000e+00 1.0000e+05 0.0000e+00 2.5000e+00
2.1765e+01 1.0000e+05 0.0000e+00 1.0000e+00 1.0000e+05 0.0000e+00 2.5000e+00
2.2157e+01 1.0000e+05 0.0000e+00 1.0000e+00 1.0000e+05 0.0000e+00 2.5000e+00
2.2549e+01 1.0000e+05 0.0000e+00 1.0000e+00 1.0000e+05 0.0000e+00 2.5000e+00
2.2941e+01 1.0000e+05 0.0000e+00 1.0000e+00 1.0000e+05 0.0000e+00 2.5000e+00
2.3333e+01 1.0000e+05 0.0000e+00 1.0000e+00 1.0000e+05 0.0000e+00 2.5000e+00
2.3725e+01 1.0000e+05 0.0000e+00 1.0000e+00 1.0000e+05 0.0000e+00 2.5000e+00
2.4118e+01 1.0000e+05 0.0000e+00 1.0000e+00 1.0000e+05 0.0000e+00 2.5000e+00
2.4510e+01 1.0000e+05 0.0000e+00 1.0000e+00 1.0000e+05 0.0000e+00 2.5000e+00
2.4902e+01 1.0000e+05 0.0000e+00 1.0000e+00 1.0000e+05 0.0000e+00 2.5000e+00
2.5294e+01 1.0000e+05 0.0000e+00 1.0000e+00 1.0000e+05 0.0000e+00 2.5000e+00
2.5686e+01 1.0000e+05 0.0000e+00 1.0000e+00 1.0000e+05 0.0000e+00 2.5000e+00
2.6078e+01 1.0000e+05 0.0000e+00 1.0000e+00 1.0000e+05 0.0000e+00 2.5000e+00
2.6471e+01 1.0000e+05 0.0000e+00 1.0000e+00 1.0000e+05 0.0000e+00 2.5000e+00
2.6863e+01 1.0000e+05 0.0000e+00 1.0000e+00 1.0000e+05 0.0000e+00 2.5000e+00
2.7255e+01 1.0000e+05 0.0000e+00 1.0000e+00 1.0000e+05 0.0000e+00 2.5000e+00
2.7647e+01 1.0000e+05 0.0000e+00 1.0000e+00 1.0000e+05 0.0000e+00 2.5000e+00
2.8039e+01 1.0000e+05 0.0000e+00 1.0000e+00 1.0000e+05 0.0000e+00 2.5000e+00
2.8431e+01 1.0000e+05 0.0000e+00 1.0000e+00 1.0000e+05 0.0000e+00 2.5000e+00
2.8824e+01 1.0000e+05 0.0000e+00 1.0000e+00 1.0000e+05 0.0000e+00 2.5000e+00
2.9216e+01 1.0000e+05 0.0000e+00 1.0000e+00 1.0000e+05 0.0000e+00 2.5000e+00
2.9608e+01 1.0000e+05 0.0000e+00 1.0000e+00 1.0000e+05 0.0000e+00 2.5000e+00
3.0000e+01 1.0000e+05 0.0000e+00 1.0000e+00 1.0000e+05 0.0000e+00 2.5000e+00
3.0392e+01 1.0000e+05 0.0000e+00 1.0000e+00 1.0000e+05 0.0000e+00 2.5000e+00
3.0784e+01 1.0000e+05 0.0000e+00 1.0000e+00 1.0000e+05 0.0000e+00 2.5000e+00
3.1176e+01 1.0000e+05 0.0000e+00 1.0000e+00 1.0000e+05 0.0000e+00 2.5000e+00
3.1569e+01 1.0000e+05 0.0000e+00 1.0000e+00 1.0000e+05 0.0000e+00 2.5000e+00
3.1961e+01 1.0000e+05 0.0000e+00 1.0000e+00 1.0000e+05 0.0000e+00 2.5000e+00
3.2353e+01 1.0000e+05 4.5580e-20 1.0000e+00 1.0000e+05 4.5580e-15 2.5000e+00
3.2745e+01 1.0000e+05 4.3485e-19 1.0000e+00 1.0000e+05 4.3485e-14 2.5000e+00
3.3137e+01 1.0000e+05 1.6508e-18 1.0000e+00 1.0000e+05 1.6508e-13 2.5000e+00
3.3529e+01 1.0000e+05 5.0232e-18 1.0000e+00 1.0000e+05 5.0232e-13 2.5000e+00
3.3922e+01 1.0000e+05 1.6291e-17 1.0000e+00 1.0000e+05 1.6291e-12 2.5000e+00
3.4314e+01 1.0000e+05 5.4776e-17 1.0000e+00 1.0000e+05 5.4776e-12 2.5000e+00
3.4706e+01 1.0000e+05 1.8436e-16 1.0000e+00 1.0000e+05 1.8436e-11 2.5000e+00
3.5098e+01 1.0000e+05 6.1345e-16 1.0000e+00 1.0000e+05 6.1345e-11 2.5000e+00
3.5490e+01 1.0000e+05 2.0053e-15 1.0000e+00 1.0000e+05 2.0053e-10 2.5000e+00
3.5882e+01 1.0000e+05 6.4178e-15 1.0000e+00 1.0000e+05 6.4178e-10 2.5000e+00
3.6275e+01 1.0000e+05 2.0088e-14 1.0000e+00 1.0000e+05 2.0088e-09 2.5000e+00
3.6667e+01 1.0000e+05 6.1468e-14 1.0000e+00 1.0000e+05 6.1468e-09 2.5000e+00
3.7059e+01 1.0000e+05 1.8380e-13 1.0000e+00 1.0000e+05 1.8380e-08 2.5000e+00
3.7451e+01 1.0000e+05 5.3685e-13 1.0000e+00 1.0000e+05 5.3685e-08 2.5000e+00
3.7843e+01 1.0000e+05 1.5311e-12 1.0000e+00 1.0000e+05 1.5311e-07 2.5000e+00
3.8235e+01 1.0000e+05 4.2625e-12 1.0000e+00 1.0000e+05 4.2625e-07 2.5000e+00
3.8627e+01 1.0000e+05 1.1578e-11 1.0000e+00 1.0000e+05 1.1578e-06 2.5000e+00
3.9020e+01 1.0000e+05 3.0672e-11 1.0000e+00 1.0000e+05 3.0672e-06 2.5000e+00
3.9412e+01 1.0000e+05 7.9219e-11 1.0000e+00 1.0000e+05 7.9219e-06 2.5000e+00
3.9804e+01 1.0000e+05 1.9940e-10 1.0000e+00 1.0000e+05 1.9940e-05 2.5000e+00
4.0196e+01 1.0000e+05 4.8891e-10 1.0000e+00 1.0000e+05 4.8891e-05 2.5000e+00
4.0588e+01 1.0000e+05 1.1673e-09 9.9999e-01 1.0000e+05 1.1673e-04 2.5000e+00
4.0980e+01 1.0000e+05 2.7128e-09 9.9999e-01 1.0000e+05 2.7128e-04 2.5000e+00
4.1373e+01 1.0000e+05 6.1341e-09 9.9997e-01 1.0000e+05 6.1341e-04 2.4999e+00
4.1765e+01 1.0000e+05 1.3490e-08 9.9994e-01 1.0000e+05 1.3490e-03 2.4998e+00
4.2157e+01 1.0000e+05 2.8843e-08 9.9987e-01 1.0000e+05 2.8843e-03 2.4997e+00
4.2549e+01 1.0000e+05 5.9934e-08 9.9975e-01 1.0000e+05 5.9934e-03 2.4994e+00
4.2941e+01 1.0000e+05 1.2099e-07 9.9951e-01 1.0000e+05 1.2099e-02 2.4988e+00
4.3333e+01 9.9999e+04 2.3722e-07 9.9907e-01 9.9999e+04 2.3722e-02 2.4977e+00
4.3725e+01 9.9999e+04 4.5156e-07 9.9830e-01 9.9999e+04 4.5155e-02 2.4957e+00
4.4118e+01 9.9998e+04 8.3433e-07 9.9700e-01 9.9998e+04 8.3431e-02 2.4925e+00
4.4510e+01 9.9996e+04 1.4960e-06 9.9486e-01 9.9996e+04 1.4959e-01 2.4872e+00
4.4902e+01 9.9992e+04 2.6025e-06 9.9150e-01 9.9992e+04 2.6023e-01 2.4788e+00
4.5294e+01 9.9986e+04 4.3924e-06 9.8640e-01 9.9986e+04 4.3918e-01 2.4660e+00
4.5686e+01 9.9976e+04 7.1918e-06 9.7895e-01 9.9976e+04 7.1901e-01 2.4474e+00
4.6078e+01 9.9960e+04 1.1424e-05 9.6850e-01 9.9960e+04 1.1419e+00 2.4212e+00
4.6471e+01 9.9935e+04 1.7607e-05 9.5442e-01 9.9935e+04 1.7595e+00 2.3861e+00
4.6863e+01 9.9897e+04 2.6335e-05 9.3626e-01 9.9897e+04 2.6307e+00 2.3407e+00
4.7255e+01 9.9842e+04 3.8236e-05 9.1386e-01 9.9842e+04 3.8176e+00 2.2847e+00
4.7647e+01 9.9764e+04 5.3912e-05 8.8751e-01 9.9764e+04 5.3785e+00 2.2189e+00
4.8039e+01 9.9657e+04 7.3805e-05 8.5809e-01 9.9657e+04 7.3552e+00 2.1455e+00
4.8431e+01 9.9525e+04 9.8623e-05 8.2729e-01 9.9525e+04 9.8155e+00 2.0687e+00
4.8824e+01 9.9228e+04 1.2378e-04 7.9575e-01 9.9228e+04 1.2283e+01 1.9901e+00
4.9216e+01 9.9757e+04 1.8370e-04 7.7763e-01 9.9757e+04 1.8325e+01 1.9458e+00
4.9608e+01 1.0039e+05 1.0299e-04 7.1138e-01 1.0039e+05 1.0340e+01 1.7790e+00
5.0000e+01 1.2519e+04 3.6170e-04 7.4279e-01 1.2519e+04 4.5281e+00 1.8578e+00
5.0392e+01 1.2302e+04 8.6535e-04 7.7264e-01 1.2302e+04 1.0646e+01 1.9362e+00
5.0784e+01 1.2630e+04 1.0652e-03 7.7517e-01 1.2630e+04 1.3454e+01 1.9451e+00
5.1176e+01 1.2731e+04 9.7415e-04 7.5093e-01 1.2731e+04 1.2402e+01 1.8834e+00
5.1569e+01 1.2681e+04 9.9973e-04 7.3764e-01 1.2681e+04 1.2677e+01 1.8504e+00
5.1961e+01 1.2717e+04 9.1765e-04 7.1335e-01 1.2717e+04 1.1670e+01 1.7887e+00
5.2353e+01 1.2680e+04 9.1616e-04 6.9341e-01 1.2680e+04 1.1617e+01 1.7388e+00
5.2745e+01 1.2695e+04 8.4469e-04 6.6679e-01 1.2695e+04 1.0723e+01 1.6715e+00
5.3137e+01 1.2670e+04 8.1910e-04 6.4008e-01 1.2670e+04 1.0378e+01 1.6044e+00
5.3529e+01 1.2669e+04 7.5265e-04 6.0912e-01 1.2669e+04 9.5355e+00 1.5264e+00
5.3922e+01 1.2650e+04 7.0739e-04 5.7533e-01 1.2650e+04 8.9487e+00 1.4415e+00
5.4314e+01 1.2641e+04 6.3953e-04 5.3779e-01 1.2641e+04 8.0842e+00 1.3471e+00
5.4706e+01 1.2624e+04 5.7764e-04 4.9560e-01 1.2624e+04 7.2918e+00 1.2411e+00
5.5098e+01 1.2609e+04 5.0228e-04 4.4868e-01 1.2609e+04 6.3330e+00 1.1233e+00
5.5490e+01 1.2590e+04 4.2432e-04 3.9537e-01 1.2590e+04 5.3423e+00 9.8955e-01
5.5882e+01 1.2572e+04 3.3713e-04 3.3597e-01 1.2572e+04 4.2383e+00 8.4063e-01
5.6275e+01 1.2552e+04 2.4700e-04 2.7157e-01 1.2552e+04 3.1004e+00 6.7930e-01
5.6667e+01 1.2534e+04 1.6009e-04 2.0885e-01 1.2534e+04 2.0066e+00 5.2228e-01
5.7059e+01 1.2519e+04 8.8798e-05 1.5788e-01 1.2519e+04 1.1117e+00 3.9474e-01
5.7451e+01 1.2509e+04 4.1295e-05 1.2550e-01 1.2509e+04 5.1657e-01 3.1377e-01
5.7843e+01 1.2504e+04 1.6273e-05 1.0958e-01 1.2504e+04 2.0348e-01 2.7394e-01
5.8235e+01 1.2501e+04 5.6531e-06 1.0323e-01 1.2501e+04 7.0671e-02 2.5808e-01
5.8627e+01 1.2500e+04 1.8180e-06 1.0103e-01 1.2500e+04 2.2725e-02 2.5257e-01
5.9020e+01 1.2500e+04 5.6129e-07 1.0032e-01 1.2500e+04 7.0162e-03 2.5079e-01
5.9412e+01 1.2500e+04 1.6949e-07 1.0010e-01 1.2500e+04 2.1187e-03 2.5024e-01
5.9804e+01 1.2500e+04 5.0418e-08 1.0003e-01 1.2500e+04 6.3023e-04 2.5007e-01
6.0196e+01 1.2500e+04 1.4807e-08 1.0001e-01 1.2500e+04 1.8509e-04 2.5002e-01
6.0588e+01 1.2500e+04 4.2956e-09 1.0000e-01 1.2500e+04 5.3695e-05 2.5001e-01
6.0980e+01 1.2500e+04 1.2309e-09 1.0000e-01 1.2500e+04 1.5387e-05 2.5000e-01
6.1373e+01 1.2500e+04 3.4834e-10 1.0000e-01 1.2500e+04 4.3543e-06 2.5000e-01
6.1765e+01 1.2500e+04 9.7325e-11 1.0000e-01 1.2500e+04 1.2166e-06 2.5000e-01
6.2157e+01 1.2500e+04 2.6840e-11 1.0000e-01 1.2500e+04 3.3550e-07 2.5000e-01
6.2549e+01 1.2500e+04 7.3040e-12 1.0000e-01 1.2500e+04 9.1301e-08 2.5000e-01
6.2941e+01 1.2500e+04 1.9609e-12 1.0000e-01 1.2500e+04 2.4512e-08 2.5000e-01
6.3333e+01 1.2500e+04 5.1925e-13 1.0000e-01 1.2500e+04 6.4907e-09 2.5000e-01
6.3725e+01 1.2500e+04 1.3559e-13 1.0000e-01 1.2500e+04 1.6948e-09 2.5000e-01
6.4118e+01 1.2500e+04 3.4906e-14 1.0000e-01 1.2500e+04 4.3632e-10 2.5000e-01
6.4510e+01 1.2500e+04 8.8576e-15 1.0000e-01 1.2500e+04 1.1072e-10 2.5000e-01
6.4902e+01 1.2500e+04 2.2150e-15 1.0000e-01 1.2500e+04 2.7687e-11 2.5000e-01
6.5294e+01 1.2500e+04 5.4540e-16 1.0000e-01 1.2500e+04 6.8174e-12 2.5000e-01
6.5686e+01 1.2500e+04 1.3179e-16 1.0000e-01 1.2500e+04 1.6474e-12 2.5000e-01
6.6078e+01 1.2500e+04 3.0782e-17 1.0000e-01 1.2500e+04 3.8477e-13 2.5000e-01
6.6471e+01 1.2500e+04 6.6592e-18 1.0000e-01 1.2500e+04 8.3240e-14 2.5000e-01
6.6863e+01 1.2500e+04 1.1064e-18 1.0000e-01 1.2500e+04 1.3830e-14 2.5000e-01
6.7255e+01 1.2500e+04 3.5955e-20 1.0000e-01 1.2500e+04 4.4943e-16 2.5000e-01
6.7647e+01 1.2500e+04 0.0000e+00 1.0000e-01 1.2500e+04 0.0000e+00 2.5000e-01
6.8039e+01 1.2500e+04 0.0000e+00 1.0000e-01 1.2500e+04 0.0000e+00 2.5000e-01
6.8431e+01 1.2500e+04 0.0000e+00 1.0000e-01 1.2500e+04 0.0000e+00 2.5000e-01
6.8824e+01 1.2500e+04 0.0000e+00 1.0000e-01 1.2500e+04 0.0000e+00 2.5000e-01
6.9216e+01 1.2500e+04 0.0000e+00 1.0000e-01 1.2500e+04 0.0000e+00 2.5000e-01
6.9608e+01 1.2500e+04 0.0000e+00 1.0000e-01 1.2500e+04 0.0000e+00 2.5000e-01
7.0000e+01 1.2500e+04 0.0000e+00 1.0000e-01 1.2500e+04 0.0000e+00 2.5000e-01
7.0392e+01 1.2500e+04 0.0000e+00 1.0000e-01 1.2500e+04 0.0000e+00 2.5000e-01
7.0784e+01 1.2500e+04 0.0000e+00 1.0000e-01 1.2500e+04 0.0000e+00 2.5000e-01
7.1176e+01 1.2500e+04 0.0000e+00 1.0000e-01 1.2500e+04 0.0000e+00 2.5000e-01
7.1569e+01 1.2500e+04 0.0000e+00 1.0000e-01 1.2500e+04 0.0000e+00 2.5000e-01
7.1961e+01 1.2500e+04 0.0000e+00 1.0000e-01 1.2500e+04 0.0000e+00 2.5000e-01
7.2353e+01 1.2500e+04 0.0000e+00 1.0000e-01 1.2500e+04 0.0000e+00 2.5000e-01
7.2745e+01 1.2500e+04 0.0000e+00 1.0000e-01 1.2500e+04 0.0000e+00 2.5000e-01
7.3137e+01 1.2500e+04 0.0000e+00 1.0000e-01 1.2500e+04 0.0000e+00 2.5000e-01
7.3529e+01 1.2500e+04 0.0000e+00 1.0000e-01 1.2500e+04 0.0000e+00 2.5000e-01
7.3922e+01 1.2500e+04 0.0000e+00 1.0000e-01 1.2500e+04 0.0000e+00 2.5000e-01
7.4314e+01 1.2500e+04 0.0000e+00 1.0000e-01 1.2500e+04 0.0000e+00 2.5000e-01
7.4706e+01 1.2500e+04 0.0000e+00 1.0000e-01 1.2500e+04 0.0000e+00 2.5000e-01
7.5098e+01 1.2500e+04 0.0000e+00 1.0000e-01 1.2500e+04 0.0000e+00 2.5000e-01
7.5490e+01 1.2500e+04 0.0000e+00 1.0000e-01 1.2500e+04 0.0000e+00 2.5000e-01
7.5882e+01 1.2500e+04 0.0000e+00 1.0000e-01 1.2500e+04 0.0000e+00 2.5000e-01
7.6275e+01 1.2500e+04 0.0000e+00 1.0000e-01 1.2500e+04 0.0000e+00 2.5000e-01
7.6667e+01 1.2500e+04 0.0000e+00 1.0000e-01 1.2500e+04 0.0000e+00 2.5000e-01
7.7059e+01 1.2500e+04 0.0000e+00 1.0000e-01 1.2500e+04 0.0000e+00 2.5000e-01
7.7451e+01 1.2500e+04 0.0000e+00 1.0000e-01 1.2500e+04 0.0000e+00 2.5000e-01
7.7843e+01 1.2500e+04 0.0000e+00 1.0000e-01 1.2500e+04 0.0000e+00 2.5000e-01
7.8235e+01 1.2500e+04 0.0000e+00 1.0000e-01 1.2500e+04 0.0000e+00 2.5000e-01
7.8627e+01 1.2500e+04 0.0000e+00 1.0000e-01 1.2500e+04 0.0000e+00 2.5000e-01
7.9020e+01 1.2500e+04 0.0000e+00 1.0000e-01 1.2500e+04 0.0000e+00 2.5000e-01
7.9412e+01 1.2500e+04 0.0000e+00 1.0000e-01 1.2500e+04 0.0000e+00 2.5000e-01
7.9804e+01 1.2500e+04 0.0000e+00 1.0000e-01 1.2500e+04 0.0000e+00 2.5000e-01
8.0196e+01 1.2500e+04 0.0000e+00 1.0000e-01 1.2500e+04 0.0000e+00 2.5000e-01
8.0588e+01 1.2500e+04 0.0000e+00 1.0000e-01 1.2500e+04 0.0000e+00 2.5000e-01
8.0980e+01 1.2500e+04 0.0000e+00 1.0000e-01 1.2500e+04 0.0000e+00 2.5000e-01
8.1373e+01 1.2500e+04 0.0000e+00 1.0000e-01 1.2500e+04 0.0000e+00 2.5000e-01
8.1765e+01 1.2500e+04 0.0000e+00 1.0000e-01 1.2500e+04 0.0000e+00 2.5000e-01
8.2157e+01 1.2500e+04 0.0000e+00 1.0000e-01 1.2500e+04 0.0000e+00 2.5000e-01
8.2549e+01 1.2500e+04 0.0000e+00 1.0000e-01 1.2500e+04 0.0000e+00 2.5000e-01
8.2941e+01 1.2500e+04 0.0000e+00 1.0000e-01 1.2500e+04 0.0000e+00 2.5000e-01
8.3333e+01 1.2500e+04 0.0000e+00 1.0000e-01 1.2500e+04 0.0000e+00 2.5000e-01
8.3725e+01 1.2500e+04 0.0000e+00 1.0000e-01 1.2500e+04 0.0000e+00 2.5000e-01
8.4118e+01 1.2500e+04 0.0000e+00 1.0000e-01 1.2500e+04 0.0000e+00 2.5000e-01
8.4510e+01 1.2500e+04 0.0000e+00 1.0000e-01 1.2500e+04 0.0000e+00 2.5000e-01
8.4902e+01 1.2500e+04 0.0000e+00 1.0000e-01 1.2500e+04 0.0000e+00 2.5000e-01
8.5294e+01 1.2500e+04 0.0000e+00 1.0000e-01 1.2500e+04 0.0000e+00 2.5000e-01
8.5686e+01 1.2500e+04 0.0000e+00 1.0000e-01 1.2500e+04 0.0000e+00 2.5000e-01
8.6078e+01 1.2500e+04 0.0000e+00 1.0000e-01 1.2500e+04 0.0000e+00 2.5000e-01
8.6471e+01 1.2500e+04 0.0000e+00 1.0000e-01 1.2500e+04 0.0000e+00 2.5000e-01
8.6863e+01 1.2500e+04 0.0000e+00 1.0000e-01 1.2500e+04 0.0000e+00 2.5000e-01
8.7255e+01 1.2500e+04 0.0000e+00 1.0000e-01 1.2500e+04 0.0000e+00 2.5000e-01
8.7647e+01 1.2500e+04 0.0000e+00 1.0000e-01 1.2500e+04 0.0000e+00 2.5000e-01
8.8039e+01 1.2500e+04 0.0000e+00 1.0000e-01 1.2500e+04 0.0000e+00 2.5000e-01
8.8431e+01 1.2500e+04 0.0000e+00 1.0000e-01 1.2500e+04 0.0000e+00 2.5000e-01
8.8824e+01 1.2500e+04 0.0000e+00 1.0000e-01 1.2500e+04 0.0000e+00 2.5000e-01
8.9216e+01 1.2500e+04 0.0000e+00 1.0000e-01 1.2500e+04 0.0000e+00 2.5000e-01
8.9608e+01 1.2500e+04 0.0000e+00 1.0000e-01 1.2500e+04 0.0000e+00 2.5000e-01
9.0000e+01 1.2500e+04 0.0000e+00 1.0000e-01 1.2500e+04 0.0000e+00 2.5000e-01
9.0392e+01 1.2500e+04 0.0000e+00 1.0000e-01 1.2500e+04 0.0000e+00 2.5000e-01
9.0784e+01 1.2500e+04 0.0000e+00 1.0000e-01 1.2500e+04 0.0000e+00 2.5000e-01
9.1176e+01 1.2500e+04 0.0000e+00 1.0000e-01 1.2500e+04 0.0000e+00 2.5000e-01
9.1569e+01 1.2500e+04 0.0000e+00 1.0000e-01 1.2500e+04 0.0000e+00 2.5000e-01
9.1961e+01 1.2500e+04 0.0000e+00 1.0000e-01 1.2500e+04 0.0000e+00 2.5000e-01
9.2353e+01 1.2500e+04 0.0000e+00 1.0000e-01 1.2500e+04 0.0000e+00 2.5000e-01
9.2745e+01 1.2500e+04 0.0000e+00 1.0000e-01 1.2500e+04 0.0000e+00 2.5000e-01
9.3137e+01 1.2500e+04 0.0000e+00 1.0000e-01 1.2500e+04 0.0000e+00 2.5000e-01
9.3529e+01 1.2500e+04 0.0000e+00 1.0000e-01 1.2500e+04 0.0000e+00 2.5000e-01
9.3922e+01 1.2500e+04 0.0000e+00 1.0000e-01 1.2500e+04 0.0000e+00 2.5000e-01
9.4314e+01 1.2500e+04 0.0000e+00 1.0000e-01 1.2500e+04 0.0000e+00 2.5000e-01
9.4706e+01 1.2500e+04 0.0000e+00 1.0000e-01 1.2500e+04 0.0000e+00 2.5000e-01
9.5098e+01 1.2500e+04 0.0000e+00 1.0000e-01 1.2500e+04 0.0000e+00 2.5000e-01
9.5490e+01 1.2500e+04 0.0000e+00 1.0000e-01 1.2500e+04 0.0000e+00 2.5000e-01
9.5882e+01 1.2500e+04 0.0000e+00 1.0000e-01 1.2500e+04 0.0000e+00 2.5000e-01
9.6275e+01 1.2500e+04 0.0000e+00 1.0000e-01 1.2500e+04 0.0000e+00 2.5000e-01
9.6667e+01 1.2500e+04 0.0000e+00 1.0000e-01 1.2500e+04 0.0000e+00 2.5000e-01
9.7059e+01 1.2500e+04 0.0000e+00 1.0000e-01 1.2500e+04 0.0000e+00 2.5000e-01
9.7451e+01 1.2500e+04 0.0000e+00 1.0000e-01 1.2500e+04 0.0000e+00 2.5000e-01
9.7843e+01 1.2500e+04 0.0000e+00 1.0000e-01 1.2500e+04 0.0000e+00 2.5000e-01
9.8235e+01 1.2500e+04 0.0000e+00 1.0000e-01 1.2500e+04 0.0000e+00 2.5000e-01
9.8627e+01 1.2500e+04 0.0000e+00 1.0000e-01 1.2500e+04 0.0000e+00 2.5000e-01
9.9020e+01 1.2500e+04 0.0000e+00 1.0000e-01 1.2500e+04 0.0000e+00 2.5000e-01
9.9412e+01 1.2500e+04 0.0000e+00 1.0000e-01 1.2500e+04 0.0000e+00 2.5000e-01
9.9804e+01 1.2500e+04 0.0000e+00 1.0000e-01 1.2500e+04 0.0000e+00 2.5000e-01
