# # x Density Velocity Pressure q0 q1 q2
1.9608e-01 1.0000e+05 1.8901e-16 1.0000e+00 1.0000e+05 1.8901e-11 2.5000e+00
5.8824e-01 1.0000e+05 2.4674e-16 1.0000e+00 1.0000e+05 2.4674e-11 2.5000e+00
9.8039e-01 1.0000e+05 3.2185e-16 1.0000e+00 1.0000e+05 3.2185e-11 2.5000e+00
1.3725e+00 1.0000e+05 4.4982e-16 1.0000e+00 1.0000e+05 4.4982e-11 2.5000e+00
1.7647e+00 1.0000e+05 6.5722e-16 1.0000e+00 1.0000e+05 6.5722e-11 2.5000e+00
2.1569e+00 1.0000e+05 9.8113e-16 1.0000e+00 1.0000e+05 9.8113e-11 2.5000e+00
2.5490e+00 1.0000e+05 1.4781e-15 1.0000e+00 1.0000e+05 1.4781e-10 2.5000e+00
2.9412e+00 1.0000e+05 2.2332e-15 1.0000e+00 1.0000e+05 2.2332e-10 2.5000e+00
3.3333e+00 1.0000e+05 3.3737e-15 1.0000e+00 1.0000e+05 3.3737e-10 2.5000e+00
3.7255e+00 1.0000e+05 5.0891e-15 1.0000e+00 1.0000e+05 5.0891e-10 2.5000e+00
4.1176e+00 1.0000e+05 7.6578e-15 1.0000e+00 1.0000e+05 7.6578e-10 2.5000e+00
4.5098e+00 1.0000e+05 1.1490e-14 1.0000e+00 1.0000e+05 1.1490e-09 2.5000e+00
4.9020e+00 1.0000e+05 1.7188e-14 1.0000e+00 1.0000e+05 1.7188e-09 2.5000e+00
5.2941e+00 1.0000e+05 2.5630e-14 1.0000e+00 1.0000e+05 2.5630e-09 2.5000e+00
5.6863e+00 1.0000e+05 3.8095e-14 1.0000e+00 1.0000e+05 3.8095e-09 2.5000e+00
6.0784e+00 1.0000e+05 5.6431e-14 1.0000e+00 1.0000e+05 5.6431e-09 2.5000e+00
6.4706e+00 1.0000e+05 8.3310e-14 1.0000e+00 1.0000e+05 8.3310e-09 2.5000e+00
6.8627e+00 1.0000e+05 1.2257e-13 1.0000e+00 1.0000e+05 1.2257e-08 2.5000e+00
7.2549e+00 1.0000e+05 1.7972e-13 1.0000e+00 1.0000e+05 1.7972e-08 2.5000e+00
7.6471e+00 1.0000e+05 2.6261e-13 1.0000e+00 1.0000e+05 2.6261e-08 2.5000e+00
8.0392e+00 1.0000e+05 3.8242e-13 1.0000e+00 1.0000e+05 3.8242e-08 2.5000e+00
8.4314e+00 1.0000e+05 5.5496e-13 1.0000e+00 1.0000e+05 5.5496e-08 2.5000e+00
8.8235e+00 1.0000e+05 8.0255e-13 1.0000e+00 1.0000e+05 8.0255e-08 2.5000e+00
9.2157e+00 1.0000e+05 1.1566e-12 1.0000e+00 1.0000e+05 1.1566e-07 2.5000e+00
9.6078e+00 1.0000e+05 1.6611e-12 1.0000e+00 1.0000e+05 1.6611e-07 2.5000e+00
1.0000e+01 1.0000e+05 2.3773e-12 1.0000e+00 1.0000e+05 2.3773e-07 2.5000e+00
1.0392e+01 1.0000e+05 3.3906e-12 1.0000e+00 1.0000e+05 3.3906e-07 2.5000e+00
1.0784e+01 1.0000e+05 4.8189e-12 1.0000e+00 1.0000e+05 4.8189e-07 2.5000e+00
1.1176e+01 1.0000e+05 6.8252e-12 1.0000e+00 1.0000e+05 6.8252e-07 2.5000e+00
1.1569e+01 1.0000e+05 9.6331e-12 1.0000e+00 1.0000e+05 9.6331e-07 2.5000e+00
1.1961e+01 1.0000e+05 1.3549e-11 1.0000e+00 1.0000e+05 1.3549e-06 2.5000e+00
1.2353e+01 1.0000e+05 1.8990e-11 1.0000e+00 1.0000e+05 1.8990e-06 2.5000e+00
1.2745e+01 1.0000e+05 2.6524e-11 1.0000e+00 1.0000e+05 2.6524e-06 2.5000e+00
1.3137e+01 1.0000e+05 3.6918e-11 1.0000e+00 1.0000e+05 3.6918e-06 2.5000e+00
1.3529e+01 1.0000e+05 5.1206e-11 1.0000e+00 1.0000e+05 5.1206e-06 2.5000e+00
1.3922e+01 1.0000e+05 7.0776e-11 1.0000e+00 1.0000e+05 7.0776e-06 2.5000e+00
1.4314e+01 1.0000e+05 9.7483e-11 1.0000e+00 1.0000e+05 9.7483e-06 2.5000e+00
1.4706e+01 1.0000e+05 1.3380e-10 1.0000e+00 1.0000e+05 1.3380e-05 2.5000e+00
1.5098e+01 1.0000e+05 1.8301e-10 1.0000e+00 1.0000e+05 1.8301e-05 2.5000e+00
1.5490e+01 1.0000e+05 2.4943e-10 1.0000e+00 1.0000e+05 2.4943e-05 2.5000e+00
1.5882e+01 1.0000e+05 3.3879e-10 1.0000e+00 1.0000e+05 3.3879e-05 2.5000e+00
1.6275e+01 1.0000e+05 4.5854e-10 1.0000e+00 1.0000e+05 4.5854e-05 2.5000e+00
1.6667e+01 1.0000e+05 6.1846e-10 1.0000e+00 1.0000e+05 6.1846e-05 2.5000e+00
1.7059e+01 1.0000e+05 8.3124e-10 1.0000e+00 1.0000e+05 8.3124e-05 2.5000e+00
1.7451e+01 1.0000e+05 1.1133e-09 1.0000e+00 1.0000e+05 1.1133e-04 2.5000e+00
1.7843e+01 1.0000e+05 1.4859e-09 1.0000e+00 1.0000e+05 1.4859e-04 2.5000e+00
1.8235e+01 1.0000e+05 1.9763e-09 1.0000e+00 1.0000e+05 1.9763e-04 2.5000e+00
1.8627e+01 1.0000e+05 2.6193e-09 1.0000e+00 1.0000e+05 2.6193e-04 2.5000e+00
1.9020e+01 1.0000e+05 3.4595e-09 9.9999e-01 1.0000e+05 3.4595e-04 2.5000e+00
1.9412e+01 1.0000e+05 4.5531e-09 9.9999e-01 1.0000e+05 4.5531e-04 2.5000e+00
1.9804e+01 1.0000e+05 5.9717e-09 9.9999e-01 1.0000e+05 5.9717e-04 2.5000e+00
2.0196e+01 1.0000e+05 7.8048e-09 9.9999e-01 1.0000e+05 7.8048e-04 2.5000e+00
2.0588e+01 1.0000e+05 1.0165e-08 9.9998e-01 1.0000e+05 1.0165e-03 2.5000e+00
2.0980e+01 1.0000e+05 1.3193e-08 9.9998e-01 1.0000e+05 1.3193e-03 2.4999e+00
2.1373e+01 1.0000e+05 1.7064e-08 9.9997e-01 1.0000e+05 1.7064e-03 2.4999e+00
2.1765e+01 1.0000e+05 2.1993e-08 9.9996e-01 1.0000e+05 2.1993e-03 2.4999e+00
2.2157e+01 1.0000e+05 2.8248e-08 9.9995e-01 1.0000e+05 2.8248e-03 2.4999e+00
2.2549e+01 1.0000e+05 3.6156e-08 9.9994e-01 1.0000e+05 3.6156e-03 2.4998e+00
2.2941e+01 1.0000e+05 4.6117e-08 9.9992e-01 1.0000e+05 4.6117e-03 2.4998e+00
2.3333e+01 1.0000e+05 5.8618e-08 9.9990e-01 1.0000e+05 5.8618e-03 2.4998e+00
2.3725e+01 1.0000e+05 7.4251e-08 9.9988e-01 1.0000e+05 7.4251e-03 2.4997e+00
2.4118e+01 9.9999e+04 9.3728e-08 9.9985e-01 9.9999e+04 9.3727e-03 2.4996e+00
2.4510e+01 9.9999e+04 1.1791e-07 9.9981e-01 9.9999e+04 1.1790e-02 2.4995e+00
2.4902e+01 9.9999e+04 1.4781e-07 9.9977e-01 9.9999e+04 1.4781e-02 2.4994e+00
2.5294e+01 9.9999e+04 1.8466e-07 9.9972e-01 9.9999e+04 1.8466e-02 2.4993e+00
2.5686e+01 9.9998e+04 2.2991e-07 9.9965e-01 9.9998e+04 2.2990e-02 2.4991e+00
2.6078e+01 9.9998e+04 2.8526e-07 9.9957e-01 9.9998e+04 2.8525e-02 2.4989e+00
2.6471e+01 9.9998e+04 3.5273e-07 9.9948e-01 9.9998e+04 3.5272e-02 2.4987e+00
2.6863e+01 9.9997e+04 4.3466e-07 9.9936e-01 9.9997e+04 4.3465e-02 2.4984e+00
2.7255e+01 9.9996e+04 5.3381e-07 9.9923e-01 9.9996e+04 5.3379e-02 2.4981e+00
2.7647e+01 9.9995e+04 6.5334e-07 9.9907e-01 9.9995e+04 6.5331e-02 2.4977e+00
2.8039e+01 9.9994e+04 7.9694e-07 9.9888e-01 9.9994e+04 7.9689e-02 2.4972e+00
2.8431e+01 9.9993e+04 9.6880e-07 9.9866e-01 9.9993e+04 9.6874e-02 2.4966e+00
2.8824e+01 9.9992e+04 1.1738e-06 9.9839e-01 9.9992e+04 1.1737e-01 2.4960e+00
2.9216e+01 9.9990e+04 1.4173e-06 9.9808e-01 9.9990e+04 1.4172e-01 2.4952e+00
2.9608e+01 9.9987e+04 1.7057e-06 9.9772e-01 9.9987e+04 1.7055e-01 2.4943e+00
3.0000e+01 9.9985e+04 2.0459e-06 9.9731e-01 9.9985e+04 2.0456e-01 2.4933e+00
3.0392e+01 9.9982e+04 2.4458e-06 9.9682e-01 9.9982e+04 2.4453e-01 2.4921e+00
3.0784e+01 9.9978e+04 2.9141e-06 9.9627e-01 9.9978e+04 2.9135e-01 2.4907e+00
3.1176e+01 9.9973e+04 3.4607e-06 9.9563e-01 9.9973e+04 3.4598e-01 2.4891e+00
3.1569e+01 9.9968e+04 4.0964e-06 9.9490e-01 9.9968e+04 4.0951e-01 2.4872e+00
3.1961e+01 9.9962e+04 4.8330e-06 9.9406e-01 9.9962e+04 4.8311e-01 2.4852e+00
3.2353e+01 9.9954e+04 5.6835e-06 9.9312e-01 9.9954e+04 5.6809e-01 2.4828e+00
3.2745e+01 9.9946e+04 6.6621e-06 9.9205e-01 9.9946e+04 6.6585e-01 2.4801e+00
3.3137e+01 9.9936e+04 7.7840e-06 9.9085e-01 9.9936e+04 7.7791e-01 2.4771e+00
3.3529e+01 9.9924e+04 9.0659e-06 9.8949e-01 9.9924e+04 9.0591e-01 2.4737e+00
3.3922e+01 9.9911e+04 1.0525e-05 9.8798e-01 9.9911e+04 1.0516e+00 2.4700e+00
3.4314e+01 9.9896e+04 1.2181e-05 9.8630e-01 9.9896e+04 1.2169e+00 2.4658e+00
3.4706e+01 9.9878e+04 1.4053e-05 9.8443e-01 9.9878e+04 1.4036e+00 2.4611e+00
3.5098e+01 9.9858e+04 1.6163e-05 9.8236e-01 9.9858e+04 1.6140e+00 2.4559e+00
3.5490e+01 9.9835e+04 1.8532e-05 9.8009e-01 9.9835e+04 1.8501e+00 2.4502e+00
3.5882e+01 9.9808e+04 2.1183e-05 9.7759e-01 9.9808e+04 2.1142e+00 2.4440e+00
3.6275e+01 9.9779e+04 2.4140e-05 9.7486e-01 9.9779e+04 2.4086e+00 2.4372e+00
3.6667e+01 9.9745e+04 2.7427e-05 9.7189e-01 9.9745e+04 2.7357e+00 2.4298e+00
3.7059e+01 9.9707e+04 3.1068e-05 9.6866e-01 9.9707e+04 3.0977e+00 2.4217e+00
3.7451e+01 9.9665e+04 3.5089e-05 9.6518e-01 9.9665e+04 3.4971e+00 2.4130e+00
3.7843e+01 9.9617e+04 3.9515e-05 9.6142e-01 9.9617e+04 3.9363e+00 2.4036e+00
3.8235e+01 9.9564e+04 4.4369e-05 9.5738e-01 9.9564e+04 4.4176e+00 2.3936e+00
3.8627e+01 9.9506e+04 4.9678e-05 9.5307e-01 9.9506e+04 4.9433e+00 2.3828e+00
3.9020e+01 9.9440e+04 5.5465e-05 9.4847e-01 9.9440e+04 5.5154e+00 2.3713e+00
3.9412e+01 9.9368e+04 6.1752e-05 9.4359e-01 9.9368e+04 6.1362e+00 2.3592e+00
3.9804e+01 9.9288e+04 6.8562e-05 9.3843e-01 9.9288e+04 6.8074e+00 2.3463e+00
4.0196e+01 9.9201e+04 7.5915e-05 9.3298e-01 9.9201e+04 7.5308e+00 2.3327e+00
4.0588e+01 9.9105e+04 8.3830e-05 9.2727e-01 9.9105e+04 8.3079e+00 2.3185e+00
4.0980e+01 9.9000e+04 9.2323e-05 9.2128e-01 9.9000e+04 9.1399e+00 2.3036e+00
4.1373e+01 9.8886e+04 1.0141e-04 9.1504e-01 9.8886e+04 1.0028e+01 2.2881e+00
4.1765e+01 9.8762e+04 1.1110e-04 9.0855e-01 9.8762e+04 1.0972e+01 2.2720e+00
4.2157e+01 9.8627e+04 1.2141e-04 9.0183e-01 9.8627e+04 1.1974e+01 2.2553e+00
4.2549e+01 9.8482e+04 1.3233e-04 8.9490e-01 9.8482e+04 1.3032e+01 2.2381e+00
4.2941e+01 9.8326e+04 1.4390e-04 8.8777e-01 9.8326e+04 1.4149e+01 2.2204e+00
4.3333e+01 9.8157e+04 1.5601e-04 8.8044e-01 9.8157e+04 1.5314e+01 2.2023e+00
4.3725e+01 9.7982e+04 1.6901e-04 8.7304e-01 9.7982e+04 1.6560e+01 2.1840e+00
4.4118e+01 9.7774e+04 1.8183e-04 8.6524e-01 9.7774e+04 1.7778e+01 2.1647e+00
4.4510e+01 9.7615e+04 1.9750e-04 8.5810e-01 9.7615e+04 1.9280e+01 2.1472e+00
4.4902e+01 9.7280e+04 2.0785e-04 8.4885e-01 9.7280e+04 2.0220e+01 2.1242e+00
4.5294e+01 9.7326e+04 2.3294e-04 8.4437e-01 9.7326e+04 2.2671e+01 2.1136e+00
4.5686e+01 9.6505e+04 2.2794e-04 8.2948e-01 9.6505e+04 2.1998e+01 2.0762e+00
4.6078e+01 9.7312e+04 2.8205e-04 8.3431e-01 9.7312e+04 2.7446e+01 2.0896e+00
4.6471e+01 9.5358e+04 2.3850e-04 8.0635e-01 9.5358e+04 2.2743e+01 2.0186e+00
4.6863e+01 9.7302e+04 3.3462e-04 8.2467e-01 9.7302e+04 3.2559e+01 2.0671e+00
4.7255e+01 9.4677e+04 2.7033e-04 7.8990e-01 9.4677e+04 2.5594e+01 1.9782e+00
4.7647e+01 9.6110e+04 3.4945e-04 8.0206e-01 9.6110e+04 3.3585e+01 2.0110e+00
4.8039e+01 9.5041e+04 3.4359e-04 7.8657e-01 9.5041e+04 3.2655e+01 1.9720e+00
4.8431e+01 9.4711e+04 3.6379e-04 7.7953e-01 9.4711e+04 3.4455e+01 1.9551e+00
4.8824e+01 9.5200e+04 3.7475e-04 7.6951e-01 9.5200e+04 3.5676e+01 1.9304e+00
4.9216e+01 8.7123e+04 4.1905e-04 7.7037e-01 8.7123e+04 3.6509e+01 1.9336e+00
4.9608e+01 1.2476e+05 4.1994e-04 7.5603e-01 1.2476e+05 5.2393e+01 1.9011e+00
5.0000e+01 4.7916e+04 4.3363e-04 7.5088e-01 4.7916e+04 2.0777e+01 1.8817e+00
5.0392e+01 1.6492e+04 4.6459e-04 7.5052e-01 1.6492e+04 7.6619e+00 1.8781e+00
5.0784e+01 9.5173e+03 4.8861e-04 7.4584e-01 9.5173e+03 4.6502e+00 1.8657e+00
5.1176e+01 8.9211e+03 5.8364e-04 7.4435e-01 8.9211e+03 5.2067e+00 1.8624e+00
5.1569e+01 9.3460e+03 7.3784e-04 7.4929e-01 9.3460e+03 6.8958e+00 1.8758e+00
5.1961e+01 1.0011e+04 8.2817e-04 7.4966e-01 1.0011e+04 8.2909e+00 1.8776e+00
5.2353e+01 1.0404e+04 8.3479e-04 7.4323e-01 1.0404e+04 8.6851e+00 1.8617e+00
5.2745e+01 1.0809e+04 8.7446e-04 7.4132e-01 1.0809e+04 9.4521e+00 1.8574e+00
5.3137e+01 1.1123e+04 9.7020e-04 7.4643e-01 1.1123e+04 1.0792e+01 1.8713e+00
5.3529e+01 1.1410e+04 1.0491e-03 7.5050e-01 1.1410e+04 1.1971e+01 1.8825e+00
5.3922e+01 1.1546e+04 1.0632e-03 7.4807e-01 1.1546e+04 1.2275e+01 1.8767e+00
5.4314e+01 1.1641e+04 1.0474e-03 7.4268e-01 1.1641e+04 1.2193e+01 1.8631e+00
5.4706e+01 1.1732e+04 1.0573e-03 7.4042e-01 1.1732e+04 1.2404e+01 1.8576e+00
5.5098e+01 1.1878e+04 1.1137e-03 7.4362e-01 1.1878e+04 1.3229e+01 1.8664e+00
5.5490e+01 1.2028e+04 1.1878e-03 7.4912e-01 1.2028e+04 1.4287e+01 1.8813e+00
5.5882e+01 1.2149e+04 1.2412e-03 7.5257e-01 1.2149e+04 1.5079e+01 1.8908e+00
5.6275e+01 1.2210e+04 1.2571e-03 7.5200e-01 1.2210e+04 1.5350e+01 1.8897e+00
5.6667e+01 1.2234e+04 1.2460e-03 7.4856e-01 1.2234e+04 1.5244e+01 1.8809e+00
5.7059e+01 1.2256e+04 1.2358e-03 7.4459e-01 1.2256e+04 1.5146e+01 1.8708e+00
5.7451e+01 1.2320e+04 1.2591e-03 7.4474e-01 1.2320e+04 1.5512e+01 1.8716e+00
5.7843e+01 1.2434e+04 1.3253e-03 7.5006e-01 1.2434e+04 1.6479e+01 1.8861e+00
5.8235e+01 1.2580e+04 1.4172e-03 7.5861e-01 1.2580e+04 1.7829e+01 1.9092e+00
5.8627e+01 1.2726e+04 1.5103e-03 7.6757e-01 1.2726e+04 1.9220e+01 1.9334e+00
5.9020e+01 1.2847e+04 1.5861e-03 7.7474e-01 1.2847e+04 2.0376e+01 1.9530e+00
5.9412e+01 1.2932e+04 1.6371e-03 7.7914e-01 1.2932e+04 2.1171e+01 1.9652e+00
5.9804e+01 1.2983e+04 1.6652e-03 7.8091e-01 1.2983e+04 2.1620e+01 1.9703e+00
6.0196e+01 1.3011e+04 1.6771e-03 7.8081e-01 1.3011e+04 2.1820e+01 1.9703e+00
6.0588e+01 1.3024e+04 1.6798e-03 7.7968e-01 1.3024e+04 2.1879e+01 1.9676e+00
6.0980e+01 1.3032e+04 1.6787e-03 7.7813e-01 1.3032e+04 2.1876e+01 1.9637e+00
6.1373e+01 1.3037e+04 1.6763e-03 7.7643e-01 1.3037e+04 2.1853e+01 1.9594e+00
6.1765e+01 1.3041e+04 1.6733e-03 7.7465e-01 1.3041e+04 2.1821e+01 1.9549e+00
6.2157e+01 1.3044e+04 1.6699e-03 7.7280e-01 1.3044e+04 2.1784e+01 1.9502e+00
6.2549e+01 1.3048e+04 1.6663e-03 7.7089e-01 1.3048e+04 2.1741e+01 1.9453e+00
6.2941e+01 1.3050e+04 1.6623e-03 7.6892e-01 1.3050e+04 2.1693e+01 1.9403e+00
6.3333e+01 1.3053e+04 1.6579e-03 7.6689e-01 1.3053e+04 2.1641e+01 1.9352e+00
6.3725e+01 1.3055e+04 1.6533e-03 7.6479e-01 1.3055e+04 2.1584e+01 1.9298e+00
6.4118e+01 1.3057e+04 1.6484e-03 7.6262e-01 1.3057e+04 2.1523e+01 1.9243e+00
6.4510e+01 1.3058e+04 1.6432e-03 7.6039e-01 1.3058e+04 2.1458e+01 1.9186e+00
6.4902e+01 1.3060e+04 1.6377e-03 7.5809e-01 1.3060e+04 2.1388e+01 1.9127e+00
6.5294e+01 1.3061e+04 1.6319e-03 7.5572e-01 1.3061e+04 2.1314e+01 1.9067e+00
6.5686e+01 1.3061e+04 1.6259e-03 7.5328e-01 1.3061e+04 2.1236e+01 1.9005e+00
6.6078e+01 1.3062e+04 1.6195e-03 7.5077e-01 1.3062e+04 2.1154e+01 1.8941e+00
6.6471e+01 1.3062e+04 1.6129e-03 7.4818e-01 1.3062e+04 2.1067e+01 1.8875e+00
6.6863e+01 1.3062e+04 1.6060e-03 7.4552e-01 1.3062e+04 2.0977e+01 1.8806e+00
6.7255e+01 1.3061e+04 1.5988e-03 7.4278e-01 1.3061e+04 2.0882e+01 1.8736e+00
6.7647e+01 1.3060e+04 1.5913e-03 7.3996e-01 1.3060e+04 2.0783e+01 1.8664e+00
6.8039e+01 1.3060e+04 1.5835e-03 7.3706e-01 1.3060e+04 2.0680e+01 1.8590e+00
6.8431e+01 1.3059e+04 1.5755e-03 7.3407e-01 1.3059e+04 2.0573e+01 1.8514e+00
6.8824e+01 1.3057e+04 1.5671e-03 7.3099e-01 1.3057e+04 2.0462e+01 1.8435e+00
6.9216e+01 1.3056e+04 1.5584e-03 7.2782e-01 1.3056e+04 2.0346e+01 1.8354e+00
6.9608e+01 1.3054e+04 1.5495e-03 7.2457e-01 1.3054e+04 2.0227e+01 1.8271e+00
7.0000e+01 1.3052e+04 1.5402e-03 7.2121e-01 1.3052e+04 2.0103e+01 1.8185e+00
7.0392e+01 1.3050e+04 1.5307e-03 7.1776e-01 1.3050e+04 1.9975e+01 1.8097e+00
7.0784e+01 1.3047e+04 1.5208e-03 7.1422e-01 1.3047e+04 1.9842e+01 1.8006e+00
7.1176e+01 1.3045e+04 1.5106e-03 7.1057e-01 1.3045e+04 1.9706e+01 1.7913e+00
7.1569e+01 1.3042e+04 1.5001e-03 7.0681e-01 1.3042e+04 1.9565e+01 1.7817e+00
7.1961e+01 1.3039e+04 1.4893e-03 7.0295e-01 1.3039e+04 1.9419e+01 1.7718e+00
7.2353e+01 1.3036e+04 1.4782e-03 6.9898e-01 1.3036e+04 1.9270e+01 1.7617e+00
7.2745e+01 1.3032e+04 1.4668e-03 6.9489e-01 1.3032e+04 1.9116e+01 1.7513e+00
7.3137e+01 1.3029e+04 1.4551e-03 6.9070e-01 1.3029e+04 1.8958e+01 1.7405e+00
7.3529e+01 1.3025e+04 1.4430e-03 6.8638e-01 1.3025e+04 1.8795e+01 1.7295e+00
7.3922e+01 1.3021e+04 1.4306e-03 6.8194e-01 1.3021e+04 1.8628e+01 1.7182e+00
7.4314e+01 1.3017e+04 1.4179e-03 6.7739e-01 1.3017e+04 1.8456e+01 1.7066e+00
7.4706e+01 1.3013e+04 1.4048e-03 6.7270e-01 1.3013e+04 1.8280e+01 1.6946e+00
7.5098e+01 1.3008e+04 1.3914e-03 6.6789e-01 1.3008e+04 1.8100e+01 1.6823e+00
7.5490e+01 1.3003e+04 1.3777e-03 6.6295e-01 1.3003e+04 1.7915e+01 1.6697e+00
7.5882e+01 1.2999e+04 1.3636e-03 6.5788e-01 1.2999e+04 1.7725e+01 1.6568e+00
7.6275e+01 1.2994e+04 1.3492e-03 6.5267e-01 1.2994e+04 1.7531e+01 1.6435e+00
7.6667e+01 1.2988e+04 1.3345e-03 6.4732e-01 1.2988e+04 1.7332e+01 1.6299e+00
7.7059e+01 1.2983e+04 1.3194e-03 6.4183e-01 1.2983e+04 1.7129e+01 1.6159e+00
7.7451e+01 1.2977e+04 1.3039e-03 6.3620e-01 1.2977e+04 1.6921e+01 1.6015e+00
7.7843e+01 1.2972e+04 1.2881e-03 6.3042e-01 1.2972e+04 1.6709e+01 1.5868e+00
7.8235e+01 1.2966e+04 1.2719e-03 6.2449e-01 1.2966e+04 1.6492e+01 1.5717e+00
7.8627e+01 1.2960e+04 1.2554e-03 6.1841e-01 1.2960e+04 1.6270e+01 1.5562e+00
7.9020e+01 1.2953e+04 1.2385e-03 6.1218e-01 1.2953e+04 1.6043e+01 1.5404e+00
7.9412e+01 1.2947e+04 1.2213e-03 6.0579e-01 1.2947e+04 1.5812e+01 1.5241e+00
7.9804e+01 1.2940e+04 1.2037e-03 5.9924e-01 1.2940e+04 1.5576e+01 1.5075e+00
8.0196e+01 1.2934e+04 1.1857e-03 5.9252e-01 1.2934e+04 1.5335e+01 1.4904e+00
8.0588e+01 1.2927e+04 1.1673e-03 5.8564e-01 1.2927e+04 1.5090e+01 1.4729e+00
8.0980e+01 1.2920e+04 1.1486e-03 5.7859e-01 1.2920e+04 1.4839e+01 1.4550e+00
8.1373e+01 1.2913e+04 1.1295e-03 5.7137e-01 1.2913e+04 1.4584e+01 1.4367e+00
8.1765e+01 1.2905e+04 1.1100e-03 5.6398e-01 1.2905e+04 1.4324e+01 1.4179e+00
8.2157e+01 1.2898e+04 1.0901e-03 5.5641e-01 1.2898e+04 1.4060e+01 1.3987e+00
8.2549e+01 1.2890e+04 1.0698e-03 5.4866e-01 1.2890e+04 1.3790e+01 1.3790e+00
8.2941e+01 1.2882e+04 1.0491e-03 5.4073e-01 1.2882e+04 1.3515e+01 1.3589e+00
8.3333e+01 1.2874e+04 1.0281e-03 5.3261e-01 1.2874e+04 1.3236e+01 1.3383e+00
8.3725e+01 1.2866e+04 1.0066e-03 5.2430e-01 1.2866e+04 1.2952e+01 1.3173e+00
8.4118e+01 1.2858e+04 9.8478e-04 5.1580e-01 1.2858e+04 1.2662e+01 1.2957e+00
8.4510e+01 1.2849e+04 9.6251e-04 5.0710e-01 1.2849e+04 1.2368e+01 1.2737e+00
8.4902e+01 1.2841e+04 9.3984e-04 4.9820e-01 1.2841e+04 1.2068e+01 1.2512e+00
8.5294e+01 1.2832e+04 9.1675e-04 4.8911e-01 1.2832e+04 1.1764e+01 1.2282e+00
8.5686e+01 1.2823e+04 8.9325e-04 4.7980e-01 1.2823e+04 1.1454e+01 1.2046e+00
8.6078e+01 1.2814e+04 8.6932e-04 4.7029e-01 1.2814e+04 1.1140e+01 1.1806e+00
8.6471e+01 1.2805e+04 8.4496e-04 4.6056e-01 1.2805e+04 1.0820e+01 1.1560e+00
8.6863e+01 1.2796e+04 8.2018e-04 4.5062e-01 1.2796e+04 1.0495e+01 1.1308e+00
8.7255e+01 1.2786e+04 7.9495e-04 4.4045e-01 1.2786e+04 1.0164e+01 1.1052e+00
8.7647e+01 1.2777e+04 7.6929e-04 4.3006e-01 1.2777e+04 9.8289e+00 1.0789e+00
8.8039e+01 1.2767e+04 7.4318e-04 4.1944e-01 1.2767e+04 9.4881e+00 1.0521e+00
8.8431e+01 1.2757e+04 7.1661e-04 4.0858e-01 1.2757e+04 9.1418e+00 1.0247e+00
8.8824e+01 1.2747e+04 6.8959e-04 3.9749e-01 1.2747e+04 8.7902e+00 9.9676e-01
8.9216e+01 1.2737e+04 6.6211e-04 3.8616e-01 1.2737e+04 8.4331e+00 9.6818e-01
8.9608e+01 1.2726e+04 6.3415e-04 3.7457e-01 1.2726e+04 8.0704e+00 9.3898e-01
9.0000e+01 1.2716e+04 6.0572e-04 3.6273e-01 1.2716e+04 7.7022e+00 9.0916e-01
9.0392e+01 1.2705e+04 5.7680e-04 3.5064e-01 1.2705e+04 7.3284e+00 8.7870e-01
9.0784e+01 1.2694e+04 5.4740e-04 3.3828e-01 1.2694e+04 6.9489e+00 8.4759e-01
9.1176e+01 1.2683e+04 5.1750e-04 3.2565e-01 1.2683e+04 6.5637e+00 8.1582e-01
9.1569e+01 1.2672e+04 4.8709e-04 3.1275e-01 1.2672e+04 6.1726e+00 7.8337e-01
9.1961e+01 1.2661e+04 4.5618e-04 2.9956e-01 1.2661e+04 5.7757e+00 7.5022e-01
9.2353e+01 1.2650e+04 4.2474e-04 2.8609e-01 1.2650e+04 5.3729e+00 7.1637e-01
9.2745e+01 1.2638e+04 3.9278e-04 2.7233e-01 1.2638e+04 4.9640e+00 6.8180e-01
9.3137e+01 1.2626e+04 3.6028e-04 2.5827e-01 1.2626e+04 4.5491e+00 6.4649e-01
9.3529e+01 1.2615e+04 3.2725e-04 2.4390e-01 1.2615e+04 4.1281e+00 6.1043e-01
9.3922e+01 1.2603e+04 2.9366e-04 2.2923e-01 1.2603e+04 3.7010e+00 5.7361e-01
9.4314e+01 1.2591e+04 2.5955e-04 2.1424e-01 1.2591e+04 3.2679e+00 5.3603e-01
9.4706e+01 1.2578e+04 2.2496e-04 1.9898e-01 1.2578e+04 2.8297e+00 4.9776e-01
9.5098e+01 1.2566e+04 1.9004e-04 1.8349e-01 1.2566e+04 2.3881e+00 4.5894e-01
9.5490e+01 1.2554e+04 1.5516e-04 1.6794e-01 1.2554e+04 1.9479e+00 4.1999e-01
9.5882e+01 1.2542e+04 1.2109e-04 1.5269e-01 1.2542e+04 1.5187e+00 3.8182e-01
9.6275e+01 1.2531e+04 8.9129e-05 1.3839e-01 1.2531e+04 1.1169e+00 3.4602e-01
9.6667e+01 1.2521e+04 6.1068e-05 1.2590e-01 1.2521e+04 7.6465e-01 3.1478e-01
9.7059e+01 1.2514e+04 3.8579e-05 1.1604e-01 1.2514e+04 4.8277e-01 2.9011e-01
9.7451e+01 1.2508e+04 2.2437e-05 1.0913e-01 1.2508e+04 2.8064e-01 2.7283e-01
9.7843e+01 1.2504e+04 1.2112e-05 1.0483e-01 1.2504e+04 1.5146e-01 2.6208e-01
9.8235e+01 1.2502e+04 6.1683e-06 1.0242e-01 1.2502e+04 7.7118e-02 2.5606e-01
9.8627e+01 1.2501e+04 3.0207e-06 1.0117e-01 1.2501e+04 3.7762e-02 2.5293e-01
9.9020e+01 1.2501e+04 1.4498e-06 1.0055e-01 1.2501e+04 1.8123e-02 2.5138e-01
9.9412e+01 1.2500e+04 6.9856e-07 1.0025e-01 1.2500e+04 8.7322e-03 2.5063e-01
9.9804e+01 1.2500e+04 3.7506e-07 1.0010e-01 1.2500e+04 4.6883e-03 2.5025e-01
