# # x Density Velocity Pressure q0 q1 q2
1.9608e-01 1.0000e+05 4.1168e-16 1.0000e+00 1.0000e+05 4.1168e-11 2.5000e+00
5.8824e-01 1.0000e+05 5.4178e-16 1.0000e+00 1.0000e+05 5.4178e-11 2.5000e+00
9.8039e-01 1.0000e+05 7.0913e-16 1.0000e+00 1.0000e+05 7.0913e-11 2.5000e+00
1.3725e+00 1.0000e+05 9.9194e-16 1.0000e+00 1.0000e+05 9.9194e-11 2.5000e+00
1.7647e+00 1.0000e+05 1.4457e-15 1.0000e+00 1.0000e+05 1.4457e-10 2.5000e+00
2.1569e+00 1.0000e+05 2.1469e-15 1.0000e+00 1.0000e+05 2.1469e-10 2.5000e+00
2.5490e+00 1.0000e+05 3.2101e-15 1.0000e+00 1.0000e+05 3.2101e-10 2.5000e+00
2.9412e+00 1.0000e+05 4.8066e-15 1.0000e+00 1.0000e+05 4.8066e-10 2.5000e+00
3.3333e+00 1.0000e+05 7.1891e-15 1.0000e+00 1.0000e+05 7.1891e-10 2.5000e+00
3.7255e+00 1.0000e+05 1.0729e-14 1.0000e+00 1.0000e+05 1.0729e-09 2.5000e+00
4.1176e+00 1.0000e+05 1.5967e-14 1.0000e+00 1.0000e+05 1.5967e-09 2.5000e+00
4.5098e+00 1.0000e+05 2.3690e-14 1.0000e+00 1.0000e+05 2.3690e-09 2.5000e+00
4.9020e+00 1.0000e+05 3.5039e-14 1.0000e+00 1.0000e+05 3.5039e-09 2.5000e+00
5.2941e+00 1.0000e+05 5.1659e-14 1.0000e+00 1.0000e+05 5.1659e-09 2.5000e+00
5.6863e+00 1.0000e+05 7.5914e-14 1.0000e+00 1.0000e+05 7.5914e-09 2.5000e+00
6.0784e+00 1.0000e+05 1.1119e-13 1.0000e+00 1.0000e+05 1.1119e-08 2.5000e+00
6.4706e+00 1.0000e+05 1.6230e-13 1.0000e+00 1.0000e+05 1.6230e-08 2.5000e+00
6.8627e+00 1.0000e+05 2.3613e-13 1.0000e+00 1.0000e+05 2.3613e-08 2.5000e+00
7.2549e+00 1.0000e+05 3.4240e-13 1.0000e+00 1.0000e+05 3.4240e-08 2.5000e+00
7.6471e+00 1.0000e+05 4.9481e-13 1.0000e+00 1.0000e+05 4.9481e-08 2.5000e+00
8.0392e+00 1.0000e+05 7.1268e-13 1.0000e+00 1.0000e+05 7.1268e-08 2.5000e+00
8.4314e+00 1.0000e+05 1.0230e-12 1.0000e+00 1.0000e+05 1.0230e-07 2.5000e+00
8.8235e+00 1.0000e+05 1.4635e-12 1.0000e+00 1.0000e+05 1.4635e-07 2.5000e+00
9.2157e+00 1.0000e+05 2.0867e-12 1.0000e+00 1.0000e+05 2.0867e-07 2.5000e+00
9.6078e+00 1.0000e+05 2.9652e-12 1.0000e+00 1.0000e+05 2.9652e-07 2.5000e+00
1.0000e+01 1.0000e+05 4.1992e-12 1.0000e+00 1.0000e+05 4.1992e-07 2.5000e+00
1.0392e+01 1.0000e+05 5.9267e-12 1.0000e+00 1.0000e+05 5.9267e-07 2.5000e+00
1.0784e+01 1.0000e+05 8.3367e-12 1.0000e+00 1.0000e+05 8.3367e-07 2.5000e+00
1.1176e+01 1.0000e+05 1.1687e-11 1.0000e+00 1.0000e+05 1.1687e-06 2.5000e+00
1.1569e+01 1.0000e+05 1.6328e-11 1.0000e+00 1.0000e+05 1.6328e-06 2.5000e+00
1.1961e+01 1.0000e+05 2.2735e-11 1.0000e+00 1.0000e+05 2.2735e-06 2.5000e+00
1.2353e+01 1.0000e+05 3.1549e-11 1.0000e+00 1.0000e+05 3.1549e-06 2.5000e+00
1.2745e+01 1.0000e+05 4.3631e-11 1.0000e+00 1.0000e+05 4.3631e-06 2.5000e+00
1.3137e+01 1.0000e+05 6.0135e-11 1.0000e+00 1.0000e+05 6.0135e-06 2.5000e+00
1.3529e+01 1.0000e+05 8.2602e-11 1.0000e+00 1.0000e+05 8.2602e-06 2.5000e+00
1.3922e+01 1.0000e+05 1.1308e-10 1.0000e+00 1.0000e+05 1.1308e-05 2.5000e+00
1.4314e+01 1.0000e+05 1.5427e-10 1.0000e+00 1.0000e+05 1.5427e-05 2.5000e+00
1.4706e+01 1.0000e+05 2.0976e-10 1.0000e+00 1.0000e+05 2.0976e-05 2.5000e+00
1.5098e+01 1.0000e+05 2.8423e-10 1.0000e+00 1.0000e+05 2.8423e-05 2.5000e+00
1.5490e+01 1.0000e+05 3.8384e-10 1.0000e+00 1.0000e+05 3.8384e-05 2.5000e+00
1.5882e+01 1.0000e+05 5.1660e-10 1.0000e+00 1.0000e+05 5.1660e-05 2.5000e+00
1.6275e+01 1.0000e+05 6.9291e-10 1.0000e+00 1.0000e+05 6.9291e-05 2.5000e+00
1.6667e+01 1.0000e+05 9.2624e-10 1.0000e+00 1.0000e+05 9.2624e-05 2.5000e+00
1.7059e+01 1.0000e+05 1.2339e-09 1.0000e+00 1.0000e+05 1.2339e-04 2.5000e+00
1.7451e+01 1.0000e+05 1.6383e-09 1.0000e+00 1.0000e+05 1.6383e-04 2.5000e+00
1.7843e+01 1.0000e+05 2.1677e-09 1.0000e+00 1.0000e+05 2.1677e-04 2.5000e+00
1.8235e+01 1.0000e+05 2.8585e-09 9.9999e-01 1.0000e+05 2.8585e-04 2.5000e+00
1.8627e+01 1.0000e+05 3.7567e-09 9.9999e-01 1.0000e+05 3.7567e-04 2.5000e+00
1.9020e+01 1.0000e+05 4.9204e-09 9.9999e-01 1.0000e+05 4.9204e-04 2.5000e+00
1.9412e+01 1.0000e+05 6.4226e-09 9.9999e-01 1.0000e+05 6.4226e-04 2.5000e+00
1.9804e+01 1.0000e+05 8.3551e-09 9.9999e-01 1.0000e+05 8.3551e-04 2.5000e+00
2.0196e+01 1.0000e+05 1.0832e-08 9.9998e-01 1.0000e+05 1.0832e-03 2.5000e+00
2.0588e+01 1.0000e+05 1.3996e-08 9.9998e-01 1.0000e+05 1.3996e-03 2.4999e+00
2.0980e+01 1.0000e+05 1.8024e-08 9.9997e-01 1.0000e+05 1.8023e-03 2.4999e+00
2.1373e+01 1.0000e+05 2.3131e-08 9.9996e-01 1.0000e+05 2.3131e-03 2.4999e+00
2.1765e+01 1.0000e+05 2.9586e-08 9.9995e-01 1.0000e+05 2.9586e-03 2.4999e+00
2.2157e+01 1.0000e+05 3.7714e-08 9.9994e-01 1.0000e+05 3.7714e-03 2.4998e+00
2.2549e+01 1.0000e+05 4.7913e-08 9.9992e-01 1.0000e+05 4.7913e-03 2.4998e+00
2.2941e+01 1.0000e+05 6.0666e-08 9.9990e-01 1.0000e+05 6.0666e-03 2.4998e+00
2.3333e+01 1.0000e+05 7.6555e-08 9.9988e-01 1.0000e+05 7.6554e-03 2.4997e+00
2.3725e+01 9.9999e+04 9.6281e-08 9.9985e-01 9.9999e+04 9.6280e-03 2.4996e+00
2.4118e+01 9.9999e+04 1.2068e-07 9.9981e-01 9.9999e+04 1.2068e-02 2.4995e+00
2.4510e+01 9.9999e+04 1.5077e-07 9.9977e-01 9.9999e+04 1.5076e-02 2.4994e+00
2.4902e+01 9.9999e+04 1.8772e-07 9.9972e-01 9.9999e+04 1.8771e-02 2.4993e+00
2.5294e+01 9.9998e+04 2.3294e-07 9.9965e-01 9.9998e+04 2.3294e-02 2.4991e+00
2.5686e+01 9.9998e+04 2.8811e-07 9.9957e-01 9.9998e+04 2.8810e-02 2.4989e+00
2.6078e+01 9.9998e+04 3.5515e-07 9.9948e-01 9.9998e+04 3.5514e-02 2.4987e+00
2.6471e+01 9.9997e+04 4.3634e-07 9.9937e-01 9.9997e+04 4.3633e-02 2.4984e+00
2.6863e+01 9.9996e+04 5.3432e-07 9.9924e-01 9.9996e+04 5.3430e-02 2.4981e+00
2.7255e+01 9.9995e+04 6.5213e-07 9.9908e-01 9.9995e+04 6.5210e-02 2.4977e+00
2.7647e+01 9.9994e+04 7.9331e-07 9.9890e-01 9.9994e+04 7.9327e-02 2.4972e+00
2.8039e+01 9.9993e+04 9.6188e-07 9.9868e-01 9.9993e+04 9.6182e-02 2.4967e+00
2.8431e+01 9.9992e+04 1.1625e-06 9.9842e-01 9.9992e+04 1.1624e-01 2.4961e+00
2.8824e+01 9.9990e+04 1.4003e-06 9.9812e-01 9.9990e+04 1.4001e-01 2.4953e+00
2.9216e+01 9.9987e+04 1.6813e-06 9.9778e-01 9.9987e+04 1.6810e-01 2.4944e+00
2.9608e+01 9.9985e+04 2.0121e-06 9.9737e-01 9.9985e+04 2.0118e-01 2.4934e+00
3.0000e+01 9.9982e+04 2.4002e-06 9.9691e-01 9.9982e+04 2.3998e-01 2.4923e+00
3.0392e+01 9.9978e+04 2.8540e-06 9.9637e-01 9.9978e+04 2.8534e-01 2.4909e+00
3.0784e+01 9.9974e+04 3.3827e-06 9.9576e-01 9.9974e+04 3.3818e-01 2.4894e+00
3.1176e+01 9.9968e+04 3.9966e-06 9.9506e-01 9.9968e+04 3.9954e-01 2.4877e+00
3.1569e+01 9.9962e+04 4.7069e-06 9.9426e-01 9.9962e+04 4.7051e-01 2.4857e+00
3.1961e+01 9.9955e+04 5.5259e-06 9.9336e-01 9.9955e+04 5.5235e-01 2.4834e+00
3.2353e+01 9.9947e+04 6.4671e-06 9.9234e-01 9.9947e+04 6.4636e-01 2.4808e+00
3.2745e+01 9.9937e+04 7.5448e-06 9.9118e-01 9.9937e+04 7.5401e-01 2.4780e+00
3.3137e+01 9.9926e+04 8.7748e-06 9.8989e-01 9.9926e+04 8.7684e-01 2.4747e+00
3.3529e+01 9.9913e+04 1.0174e-05 9.8845e-01 9.9913e+04 1.0165e+00 2.4711e+00
3.3922e+01 9.9899e+04 1.1760e-05 9.8685e-01 9.9899e+04 1.1748e+00 2.4671e+00
3.4314e+01 9.9882e+04 1.3551e-05 9.8506e-01 9.9882e+04 1.3535e+00 2.4627e+00
3.4706e+01 9.9862e+04 1.5569e-05 9.8310e-01 9.9862e+04 1.5547e+00 2.4578e+00
3.5098e+01 9.9840e+04 1.7832e-05 9.8093e-01 9.9840e+04 1.7804e+00 2.4523e+00
3.5490e+01 9.9815e+04 2.0364e-05 9.7855e-01 9.9815e+04 2.0327e+00 2.4464e+00
3.5882e+01 9.9786e+04 2.3187e-05 9.7595e-01 9.9786e+04 2.3138e+00 2.4399e+00
3.6275e+01 9.9754e+04 2.6324e-05 9.7312e-01 9.9754e+04 2.6259e+00 2.4328e+00
3.6667e+01 9.9718e+04 2.9798e-05 9.7004e-01 9.9718e+04 2.9714e+00 2.4251e+00
3.7059e+01 9.9678e+04 3.3633e-05 9.6671e-01 9.9678e+04 3.3525e+00 2.4168e+00
3.7451e+01 9.9632e+04 3.7854e-05 9.6313e-01 9.9632e+04 3.7715e+00 2.4079e+00
3.7843e+01 9.9582e+04 4.2485e-05 9.5928e-01 9.9582e+04 4.2307e+00 2.3983e+00
3.8235e+01 9.9525e+04 4.7548e-05 9.5516e-01 9.9525e+04 4.7322e+00 2.3880e+00
3.8627e+01 9.9463e+04 5.3068e-05 9.5076e-01 9.9463e+04 5.2783e+00 2.3771e+00
3.9020e+01 9.9394e+04 5.9066e-05 9.4610e-01 9.9394e+04 5.8708e+00 2.3654e+00
3.9412e+01 9.9318e+04 6.5565e-05 9.4115e-01 9.9318e+04 6.5117e+00 2.3531e+00
3.9804e+01 9.9234e+04 7.2584e-05 9.3593e-01 9.9234e+04 7.2028e+00 2.3401e+00
4.0196e+01 9.9143e+04 8.0143e-05 9.3045e-01 9.9143e+04 7.9456e+00 2.3264e+00
4.0588e+01 9.9042e+04 8.8258e-05 9.2470e-01 9.9042e+04 8.7413e+00 2.3121e+00
4.0980e+01 9.8933e+04 9.6945e-05 9.1869e-01 9.8933e+04 9.5911e+00 2.2972e+00
4.1373e+01 9.8815e+04 1.0622e-04 9.1244e-01 9.8815e+04 1.0496e+01 2.2817e+00
4.1765e+01 9.8687e+04 1.1608e-04 9.0596e-01 9.8687e+04 1.1456e+01 2.2656e+00
4.2157e+01 9.8548e+04 1.2655e-04 8.9926e-01 9.8548e+04 1.2472e+01 2.2489e+00
4.2549e+01 9.8398e+04 1.3762e-04 8.9235e-01 9.8398e+04 1.3542e+01 2.2318e+00
4.2941e+01 9.8239e+04 1.4934e-04 8.8527e-01 9.8239e+04 1.4671e+01 2.2143e+00
4.3333e+01 9.8064e+04 1.6154e-04 8.7798e-01 9.8064e+04 1.5841e+01 2.1962e+00
4.3725e+01 9.7888e+04 1.7472e-04 8.7068e-01 9.7888e+04 1.7103e+01 2.1782e+00
4.4118e+01 9.7669e+04 1.8739e-04 8.6287e-01 9.7669e+04 1.8302e+01 2.1589e+00
4.4510e+01 9.7523e+04 2.0372e-04 8.5602e-01 9.7523e+04 1.9868e+01 2.1421e+00
4.4902e+01 9.7147e+04 2.1280e-04 8.4642e-01 9.7147e+04 2.0673e+01 2.1183e+00
4.5294e+01 9.7261e+04 2.4045e-04 8.4289e-01 9.7261e+04 2.3387e+01 2.1100e+00
4.5686e+01 9.6319e+04 2.3121e-04 8.2670e-01 9.6319e+04 2.2270e+01 2.0693e+00
4.6078e+01 9.7284e+04 2.9101e-04 8.3353e-01 9.7284e+04 2.8310e+01 2.0879e+00
4.6471e+01 9.5169e+04 2.4176e-04 8.0382e-01 9.5169e+04 2.3008e+01 2.0123e+00
4.6863e+01 9.7182e+04 3.4042e-04 8.2305e-01 9.7182e+04 3.3082e+01 2.0633e+00
4.7255e+01 9.4649e+04 2.7957e-04 7.8957e-01 9.4649e+04 2.6461e+01 1.9776e+00
4.7647e+01 9.5841e+04 3.5002e-04 7.9900e-01 9.5841e+04 3.3546e+01 2.0034e+00
4.8039e+01 9.4996e+04 3.5197e-04 7.8619e-01 9.4996e+04 3.3435e+01 1.9713e+00
4.8431e+01 9.4606e+04 3.7061e-04 7.7877e-01 9.4606e+04 3.5062e+01 1.9534e+00
4.8824e+01 9.5130e+04 3.7776e-04 7.6764e-01 9.5130e+04 3.5937e+01 1.9259e+00
4.9216e+01 8.6469e+04 4.2379e-04 7.6915e-01 8.6469e+04 3.6644e+01 1.9307e+00
4.9608e+01 1.2535e+05 4.2620e-04 7.5540e-01 1.2535e+05 5.3424e+01 1.8999e+00
5.0000e+01 4.9639e+04 4.3793e-04 7.4966e-01 4.9639e+04 2.1738e+01 1.8789e+00
5.0392e+01 1.7122e+04 4.7059e-04 7.4968e-01 1.7122e+04 8.0575e+00 1.8761e+00
5.0784e+01 9.6220e+03 5.0987e-04 7.4713e-01 9.6220e+03 4.9060e+00 1.8691e+00
5.1176e+01 8.8471e+03 5.7453e-04 7.4282e-01 8.8471e+03 5.0829e+00 1.8585e+00
5.1569e+01 9.2236e+03 7.0533e-04 7.4537e-01 9.2236e+03 6.5057e+00 1.8657e+00
5.1961e+01 9.9295e+03 8.3730e-04 7.4979e-01 9.9295e+03 8.3140e+00 1.8780e+00
5.2353e+01 1.0363e+04 8.6921e-04 7.4593e-01 1.0363e+04 9.0079e+00 1.8687e+00
5.2745e+01 1.0744e+04 8.7361e-04 7.4031e-01 1.0744e+04 9.3860e+00 1.8549e+00
5.3137e+01 1.1029e+04 9.3493e-04 7.4171e-01 1.1029e+04 1.0312e+01 1.8591e+00
5.3529e+01 1.1340e+04 1.0291e-03 7.4742e-01 1.1340e+04 1.1670e+01 1.8746e+00
5.3922e+01 1.1526e+04 1.0799e-03 7.4914e-01 1.1526e+04 1.2446e+01 1.8796e+00
5.4314e+01 1.1640e+04 1.0761e-03 7.4534e-01 1.1640e+04 1.2526e+01 1.8701e+00
5.4706e+01 1.1706e+04 1.0636e-03 7.4045e-01 1.1706e+04 1.2451e+01 1.8577e+00
5.5098e+01 1.1816e+04 1.0881e-03 7.4002e-01 1.1816e+04 1.2857e+01 1.8570e+00
5.5490e+01 1.1955e+04 1.1517e-03 7.4428e-01 1.1955e+04 1.3768e+01 1.8686e+00
5.5882e+01 1.2098e+04 1.2204e-03 7.4942e-01 1.2098e+04 1.4763e+01 1.8826e+00
5.6275e+01 1.2193e+04 1.2614e-03 7.5168e-01 1.2193e+04 1.5381e+01 1.8889e+00
5.6667e+01 1.2240e+04 1.2674e-03 7.5011e-01 1.2240e+04 1.5513e+01 1.8851e+00
5.7059e+01 1.2256e+04 1.2539e-03 7.4628e-01 1.2256e+04 1.5367e+01 1.8753e+00
5.7451e+01 1.2285e+04 1.2502e-03 7.4330e-01 1.2285e+04 1.5359e+01 1.8679e+00
5.7843e+01 1.2359e+04 1.2846e-03 7.4491e-01 1.2359e+04 1.5875e+01 1.8725e+00
5.8235e+01 1.2480e+04 1.3576e-03 7.5117e-01 1.2480e+04 1.6943e+01 1.8894e+00
5.8627e+01 1.2625e+04 1.4495e-03 7.5989e-01 1.2625e+04 1.8300e+01 1.9130e+00
5.9020e+01 1.2764e+04 1.5377e-03 7.6841e-01 1.2764e+04 1.9627e+01 1.9361e+00
5.9412e+01 1.2874e+04 1.6069e-03 7.7490e-01 1.2874e+04 2.0688e+01 1.9539e+00
5.9804e+01 1.2950e+04 1.6520e-03 7.7868e-01 1.2950e+04 2.1395e+01 1.9644e+00
6.0196e+01 1.2996e+04 1.6761e-03 7.8003e-01 1.2996e+04 2.1782e+01 1.9683e+00
6.0588e+01 1.3020e+04 1.6858e-03 7.7973e-01 1.3020e+04 2.1948e+01 1.9678e+00
6.0980e+01 1.3032e+04 1.6877e-03 7.7854e-01 1.3032e+04 2.1994e+01 1.9649e+00
6.1373e+01 1.3038e+04 1.6864e-03 7.7700e-01 1.3038e+04 2.1988e+01 1.9611e+00
6.1765e+01 1.3043e+04 1.6840e-03 7.7534e-01 1.3043e+04 2.1964e+01 1.9568e+00
6.2157e+01 1.3047e+04 1.6810e-03 7.7361e-01 1.3047e+04 2.1933e+01 1.9524e+00
6.2549e+01 1.3051e+04 1.6778e-03 7.7181e-01 1.3051e+04 2.1896e+01 1.9479e+00
6.2941e+01 1.3054e+04 1.6741e-03 7.6994e-01 1.3054e+04 2.1854e+01 1.9432e+00
6.3333e+01 1.3057e+04 1.6702e-03 7.6802e-01 1.3057e+04 2.1808e+01 1.9383e+00
6.3725e+01 1.3059e+04 1.6660e-03 7.6604e-01 1.3059e+04 2.1757e+01 1.9332e+00
6.4118e+01 1.3061e+04 1.6615e-03 7.6399e-01 1.3061e+04 2.1702e+01 1.9280e+00
6.4510e+01 1.3063e+04 1.6567e-03 7.6188e-01 1.3063e+04 2.1642e+01 1.9226e+00
6.4902e+01 1.3065e+04 1.6517e-03 7.5971e-01 1.3065e+04 2.1579e+01 1.9171e+00
6.5294e+01 1.3066e+04 1.6463e-03 7.5748e-01 1.3066e+04 2.1511e+01 1.9114e+00
6.5686e+01 1.3067e+04 1.6407e-03 7.5517e-01 1.3067e+04 2.1439e+01 1.9055e+00
6.6078e+01 1.3068e+04 1.6348e-03 7.5281e-01 1.3068e+04 2.1363e+01 1.8995e+00
6.6471e+01 1.3068e+04 1.6286e-03 7.5037e-01 1.3068e+04 2.1283e+01 1.8932e+00
6.6863e+01 1.3068e+04 1.6222e-03 7.4786e-01 1.3068e+04 2.1199e+01 1.8868e+00
6.7255e+01 1.3068e+04 1.6154e-03 7.4527e-01 1.3068e+04 2.1111e+01 1.8802e+00
6.7647e+01 1.3068e+04 1.6084e-03 7.4262e-01 1.3068e+04 2.1019e+01 1.8734e+00
6.8039e+01 1.3067e+04 1.6012e-03 7.3989e-01 1.3067e+04 2.0923e+01 1.8665e+00
6.8431e+01 1.3067e+04 1.5936e-03 7.3707e-01 1.3067e+04 2.0823e+01 1.8593e+00
6.8824e+01 1.3066e+04 1.5858e-03 7.3418e-01 1.3066e+04 2.0719e+01 1.8519e+00
6.9216e+01 1.3064e+04 1.5776e-03 7.3121e-01 1.3064e+04 2.0611e+01 1.8443e+00
6.9608e+01 1.3063e+04 1.5692e-03 7.2815e-01 1.3063e+04 2.0499e+01 1.8364e+00
7.0000e+01 1.3061e+04 1.5605e-03 7.2500e-01 1.3061e+04 2.0383e+01 1.8284e+00
7.0392e+01 1.3059e+04 1.5516e-03 7.2176e-01 1.3059e+04 2.0263e+01 1.8201e+00
7.0784e+01 1.3057e+04 1.5423e-03 7.1843e-01 1.3057e+04 2.0138e+01 1.8116e+00
7.1176e+01 1.3055e+04 1.5327e-03 7.1501e-01 1.3055e+04 2.0010e+01 1.8029e+00
7.1569e+01 1.3053e+04 1.5229e-03 7.1149e-01 1.3053e+04 1.9878e+01 1.7939e+00
7.1961e+01 1.3050e+04 1.5127e-03 7.0787e-01 1.3050e+04 1.9741e+01 1.7846e+00
7.2353e+01 1.3047e+04 1.5023e-03 7.0415e-01 1.3047e+04 1.9600e+01 1.7751e+00
7.2745e+01 1.3044e+04 1.4915e-03 7.0033e-01 1.3044e+04 1.9455e+01 1.7653e+00
7.3137e+01 1.3041e+04 1.4805e-03 6.9640e-01 1.3041e+04 1.9306e+01 1.7553e+00
7.3529e+01 1.3037e+04 1.4691e-03 6.9236e-01 1.3037e+04 1.9153e+01 1.7450e+00
7.3922e+01 1.3034e+04 1.4574e-03 6.8821e-01 1.3034e+04 1.8995e+01 1.7344e+00
7.4314e+01 1.3030e+04 1.4454e-03 6.8395e-01 1.3030e+04 1.8833e+01 1.7235e+00
7.4706e+01 1.3026e+04 1.4331e-03 6.7957e-01 1.3026e+04 1.8667e+01 1.7123e+00
7.5098e+01 1.3022e+04 1.4205e-03 6.7507e-01 1.3022e+04 1.8497e+01 1.7008e+00
7.5490e+01 1.3017e+04 1.4075e-03 6.7046e-01 1.3017e+04 1.8322e+01 1.6890e+00
7.5882e+01 1.3013e+04 1.3942e-03 6.6571e-01 1.3013e+04 1.8143e+01 1.6769e+00
7.6275e+01 1.3008e+04 1.3806e-03 6.6085e-01 1.3008e+04 1.7959e+01 1.6645e+00
7.6667e+01 1.3003e+04 1.3667e-03 6.5585e-01 1.3003e+04 1.7772e+01 1.6518e+00
7.7059e+01 1.2998e+04 1.3524e-03 6.5072e-01 1.2998e+04 1.7579e+01 1.6387e+00
7.7451e+01 1.2993e+04 1.3378e-03 6.4546e-01 1.2993e+04 1.7383e+01 1.6253e+00
7.7843e+01 1.2988e+04 1.3229e-03 6.4006e-01 1.2988e+04 1.7181e+01 1.6115e+00
7.8235e+01 1.2982e+04 1.3076e-03 6.3453e-01 1.2982e+04 1.6976e+01 1.5974e+00
7.8627e+01 1.2976e+04 1.2920e-03 6.2885e-01 1.2976e+04 1.6765e+01 1.5830e+00
7.9020e+01 1.2970e+04 1.2760e-03 6.2303e-01 1.2970e+04 1.6551e+01 1.5681e+00
7.9412e+01 1.2964e+04 1.2597e-03 6.1706e-01 1.2964e+04 1.6331e+01 1.5529e+00
7.9804e+01 1.2958e+04 1.2430e-03 6.1094e-01 1.2958e+04 1.6108e+01 1.5374e+00
8.0196e+01 1.2952e+04 1.2260e-03 6.0467e-01 1.2952e+04 1.5879e+01 1.5214e+00
8.0588e+01 1.2945e+04 1.2086e-03 5.9825e-01 1.2945e+04 1.5646e+01 1.5051e+00
8.0980e+01 1.2939e+04 1.1909e-03 5.9167e-01 1.2939e+04 1.5409e+01 1.4883e+00
8.1373e+01 1.2932e+04 1.1728e-03 5.8493e-01 1.2932e+04 1.5166e+01 1.4712e+00
8.1765e+01 1.2925e+04 1.1543e-03 5.7802e-01 1.2925e+04 1.4920e+01 1.4537e+00
8.2157e+01 1.2918e+04 1.1355e-03 5.7095e-01 1.2918e+04 1.4668e+01 1.4357e+00
8.2549e+01 1.2910e+04 1.1163e-03 5.6372e-01 1.2910e+04 1.4412e+01 1.4173e+00
8.2941e+01 1.2903e+04 1.0967e-03 5.5631e-01 1.2903e+04 1.4151e+01 1.3985e+00
8.3333e+01 1.2895e+04 1.0768e-03 5.4873e-01 1.2895e+04 1.3885e+01 1.3793e+00
8.3725e+01 1.2888e+04 1.0564e-03 5.4097e-01 1.2888e+04 1.3615e+01 1.3596e+00
8.4118e+01 1.2880e+04 1.0357e-03 5.3304e-01 1.2880e+04 1.3339e+01 1.3395e+00
8.4510e+01 1.2872e+04 1.0146e-03 5.2492e-01 1.2872e+04 1.3059e+01 1.3189e+00
8.4902e+01 1.2863e+04 9.9309e-04 5.1661e-01 1.2863e+04 1.2775e+01 1.2979e+00
8.5294e+01 1.2855e+04 9.7120e-04 5.0812e-01 1.2855e+04 1.2485e+01 1.2764e+00
8.5686e+01 1.2847e+04 9.4891e-04 4.9944e-01 1.2847e+04 1.2190e+01 1.2544e+00
8.6078e+01 1.2838e+04 9.2622e-04 4.9056e-01 1.2838e+04 1.1891e+01 1.2319e+00
8.6471e+01 1.2829e+04 9.0312e-04 4.8148e-01 1.2829e+04 1.1586e+01 1.2089e+00
8.6863e+01 1.2820e+04 8.7961e-04 4.7220e-01 1.2820e+04 1.1277e+01 1.1855e+00
8.7255e+01 1.2811e+04 8.5569e-04 4.6272e-01 1.2811e+04 1.0962e+01 1.1615e+00
8.7647e+01 1.2802e+04 8.3136e-04 4.5302e-01 1.2802e+04 1.0643e+01 1.1370e+00
8.8039e+01 1.2793e+04 8.0660e-04 4.4312e-01 1.2793e+04 1.0318e+01 1.1120e+00
8.8431e+01 1.2783e+04 7.8141e-04 4.3300e-01 1.2783e+04 9.9888e+00 1.0864e+00
8.8824e+01 1.2773e+04 7.5579e-04 4.2266e-01 1.2773e+04 9.6540e+00 1.0603e+00
8.9216e+01 1.2764e+04 7.2974e-04 4.1209e-01 1.2764e+04 9.3140e+00 1.0336e+00
8.9608e+01 1.2754e+04 7.0324e-04 4.0130e-01 1.2754e+04 8.9689e+00 1.0064e+00
9.0000e+01 1.2744e+04 6.7629e-04 3.9027e-01 1.2744e+04 8.6184e+00 9.7860e-01
9.0392e+01 1.2733e+04 6.4890e-04 3.7901e-01 1.2733e+04 8.2626e+00 9.5021e-01
9.0784e+01 1.2723e+04 6.2104e-04 3.6751e-01 1.2723e+04 7.9014e+00 9.2122e-01
9.1176e+01 1.2712e+04 5.9272e-04 3.5576e-01 1.2712e+04 7.5348e+00 8.9162e-01
9.1569e+01 1.2702e+04 5.6392e-04 3.4375e-01 1.2702e+04 7.1628e+00 8.6140e-01
9.1961e+01 1.2691e+04 5.3465e-04 3.3149e-01 1.2691e+04 6.7852e+00 8.3055e-01
9.2353e+01 1.2680e+04 5.0489e-04 3.1897e-01 1.2680e+04 6.4020e+00 7.9905e-01
9.2745e+01 1.2669e+04 4.7464e-04 3.0619e-01 1.2669e+04 6.0132e+00 7.6689e-01
9.3137e+01 1.2658e+04 4.4390e-04 2.9313e-01 1.2658e+04 5.6187e+00 7.3407e-01
9.3529e+01 1.2646e+04 4.1265e-04 2.7979e-01 1.2646e+04 5.2184e+00 7.0055e-01
9.3922e+01 1.2635e+04 3.8088e-04 2.6617e-01 1.2635e+04 4.8123e+00 6.6634e-01
9.4314e+01 1.2623e+04 3.4860e-04 2.5226e-01 1.2623e+04 4.4003e+00 6.3141e-01
9.4706e+01 1.2611e+04 3.1578e-04 2.3805e-01 1.2611e+04 3.9824e+00 5.9576e-01
9.5098e+01 1.2599e+04 2.8245e-04 2.2355e-01 1.2599e+04 3.5587e+00 5.5937e-01
9.5490e+01 1.2587e+04 2.4861e-04 2.0875e-01 1.2587e+04 3.1293e+00 5.2227e-01
9.5882e+01 1.2575e+04 2.1433e-04 1.9369e-01 1.2575e+04 2.6952e+00 4.8453e-01
9.6275e+01 1.2563e+04 1.7981e-04 1.7845e-01 1.2563e+04 2.2589e+00 4.4634e-01
9.6667e+01 1.2551e+04 1.4548e-04 1.6323e-01 1.2551e+04 1.8259e+00 4.0820e-01
9.7059e+01 1.2539e+04 1.1221e-04 1.4843e-01 1.2539e+04 1.4070e+00 3.7114e-01
9.7451e+01 1.2528e+04 8.1421e-05 1.3474e-01 1.2528e+04 1.0201e+00 3.3689e-01
9.7843e+01 1.2519e+04 5.4889e-05 1.2303e-01 1.2519e+04 6.8718e-01 3.0759e-01
9.8235e+01 1.2512e+04 3.4117e-05 1.1401e-01 1.2512e+04 4.2688e-01 2.8502e-01
9.8627e+01 1.2507e+04 1.9583e-05 1.0783e-01 1.2507e+04 2.4492e-01 2.6959e-01
9.9020e+01 1.2504e+04 1.0526e-05 1.0407e-01 1.2504e+04 1.3162e-01 2.6016e-01
9.9412e+01 1.2502e+04 5.4639e-06 1.0195e-01 1.2502e+04 6.8309e-02 2.5487e-01
9.9804e+01 1.2501e+04 3.0716e-06 1.0079e-01 1.2501e+04 3.8399e-02 2.5198e-01
