# # x Density Velocity Pressure q0 q1 q2
1.9608e-01 1.0000e+05 0.0000e+00 1.0000e+00 1.0000e+05 0.0000e+00 2.5000e+00
5.8824e-01 1.0000e+05 0.0000e+00 1.0000e+00 1.0000e+05 0.0000e+00 2.5000e+00
9.8039e-01 1.0000e+05 0.0000e+00 1.0000e+00 1.0000e+05 0.0000e+00 2.5000e+00
1.3725e+00 1.0000e+05 0.0000e+00 1.0000e+00 1.0000e+05 0.0000e+00 2.5000e+00
1.7647e+00 1.0000e+05 0.0000e+00 1.0000e+00 1.0000e+05 0.0000e+00 2.5000e+00
2.1569e+00 1.0000e+05 0.0000e+00 1.0000e+00 1.0000e+05 0.0000e+00 2.5000e+00
2.5490e+00 1.0000e+05 0.0000e+00 1.0000e+00 1.0000e+05 0.0000e+00 2.5000e+00
2.9412e+00 1.0000e+05 0.0000e+00 1.0000e+00 1.0000e+05 0.0000e+00 2.5000e+00
3.3333e+00 1.0000e+05 0.0000e+00 1.0000e+00 1.0000e+05 0.0000e+00 2.5000e+00
3.7255e+00 1.0000e+05 0.0000e+00 1.0000e+00 1.0000e+05 0.0000e+00 2.5000e+00
4.1176e+00 1.0000e+05 0.0000e+00 1.0000e+00 1.0000e+05 0.0000e+00 2.5000e+00
4.5098e+00 1.0000e+05 0.0000e+00 1.0000e+00 1.0000e+05 0.0000e+00 2.5000e+00
4.9020e+00 1.0000e+05 0.0000e+00 1.0000e+00 1.0000e+05 0.0000e+00 2.5000e+00
5.2941e+00 1.0000e+05 0.0000e+00 1.0000e+00 1.0000e+05 0.0000e+00 2.5000e+00
5.6863e+00 1.0000e+05 0.0000e+00 1.0000e+00 1.0000e+05 0.0000e+00 2.5000e+00
6.0784e+00 1.0000e+05 0.0000e+00 1.0000e+00 1.0000e+05 0.0000e+00 2.5000e+00
6.4706e+00 1.0000e+05 0.0000e+00 1.0000e+00 1.0000e+05 0.0000e+00 2.5000e+00
6.8627e+00 1.0000e+05 0.0000e+00 1.0000e+00 1.0000e+05 0.0000e+00 2.5000e+00
7.2549e+00 1.0000e+05 0.0000e+00 1.0000e+00 1.0000e+05 0.0000e+00 2.5000e+00
7.6471e+00 1.0000e+05 0.0000e+00 1.0000e+00 1.0000e+05 0.0000e+00 2.5000e+00
8.0392e+00 1.0000e+05 0.0000e+00 1.0000e+00 1.0000e+05 0.0000e+00 2.5000e+00
8.4314e+00 1.0000e+05 0.0000e+00 1.0000e+00 1.0000e+05 0.0000e+00 2.5000e+00
8.8235e+00 1.0000e+05 0.0000e+00 1.0000e+00 1.0000e+05 0.0000e+00 2.5000e+00
9.2157e+00 1.0000e+05 0.0000e+00 1.0000e+00 1.0000e+05 0.0000e+00 2.5000e+00
9.6078e+00 1.0000e+05 0.0000e+00 1.0000e+00 1.0000e+05 0.0000e+00 2.5000e+00
1.0000e+01 1.0000e+05 0.0000e+00 1.0000e+00 1.0000e+05 0.0000e+00 2.5000e+00
1.0392e+01 1.0000e+05 0.0000e+00 1.0000e+00 1.0000e+05 0.0000e+00 2.5000e+00
1.0784e+01 1.0000e+05 0.0000e+00 1.0000e+00 1.0000e+05 0.0000e+00 2.5000e+00
1.1176e+01 1.0000e+05 0.0000e+00 1.0000e+00 1.0000e+05 0.0000e+00 2.5000e+00
1.1569e+01 1.0000e+05 0.0000e+00 1.0000e+00 1.0000e+05 0.0000e+00 2.5000e+00
1.1961e+01 1.0000e+05 0.0000e+00 1.0000e+00 1.0000e+05 0.0000e+00 2.5000e+00
1.2353e+01 1.0000e+05 0.0000e+00 1.0000e+00 1.0000e+05 0.0000e+00 2.5000e+00
1.2745e+01 1.0000e+05 0.0000e+00 1.0000e+00 1.0000e+05 0.0000e+00 2.5000e+00
1.3137e+01 1.0000e+05 0.0000e+00 1.0000e+00 1.0000e+05 0.0000e+00 2.5000e+00
1.3529e+01 1.0000e+05 0.0000e+00 1.0000e+00 1.0000e+05 0.0000e+00 2.5000e+00
1.3922e+01 1.0000e+05 0.0000e+00 1.0000e+00 1.0000e+05 0.0000e+00 2.5000e+00
1.4314e+01 1.0000e+05 0.0000e+00 1.0000e+00 1.0000e+05 0.0000e+00 2.5000e+00
1.4706e+01 1.0000e+05 0.0000e+00 1.0000e+00 1.0000e+05 0.0000e+00 2.5000e+00
1.5098e+01 1.0000e+05 0.0000e+00 1.0000e+00 1.0000e+05 0.0000e+00 2.5000e+00
1.5490e+01 1.0000e+05 0.0000e+00 1.0000e+00 1.0000e+05 0.0000e+00 2.5000e+00
1.5882e+01 1.0000e+05 0.0000e+00 1.0000e+00 1.0000e+05 0.0000e+00 2.5000e+00
1.6275e+01 1.0000e+05 0.0000e+00 1.0000e+00 1.0000e+05 0.0000e+00 2.5000e+00
1.6667e+01 1.0000e+05 0.0000e+00 1.0000e+00 1.0000e+05 0.0000e+00 2.5000e+00
1.7059e+01 1.0000e+05 0.0000e+00 1.0000e+00 1.0000e+05 0.0000e+00 2.5000e+00
1.7451e+01 1.0000e+05 0.0000e+00 1.0000e+00 1.0000e+05 0.0000e+00 2.5000e+00
1.7843e+01 1.0000e+05 0.0000e+00 1.0000e+00 1.0000e+05 0.0000e+00 2.5000e+00
1.8235e+01 1.0000e+05 0.0000e+00 1.0000e+00 1.0000e+05 0.0000e+00 2.5000e+00
1.8627e+01 1.0000e+05 0.0000e+00 1.0000e+00 1.0000e+05 0.0000e+00 2.5000e+00
1.9020e+01 1.0000e+05 0.0000e+00 1.0000e+00 1.0000e+05 0.0000e+00 2.5000e+00
1.9412e+01 1.0000e+05 0.0000e+00 1.0000e+00 1.0000e+05 0.0000e+00 2.5000e+00
1.9804e+01 1.0000e+05 0.0000e+00 1.0000e+00 1.0000e+05 0.0000e+00 2.5000e+00
2.0196e+01 1.0000e+05 0.0000e+00 1.0000e+00 1.0000e+05 0.0000e+00 2.5000e+00
2.0588e+01 1.0000e+05 0.0000e+00 1.0000e+00 1.0000e+05 0.0000e+00 2.5000e+00
2.0980e+01 1.0000e+05 0.0000e+00 1.0000e+00 1.0000e+05 0.0000e+00 2.5000e+00
2.1373e+01 1.0000e+05 0.0000e+00 1.0000e+00 1.0000e+05 0.0000e+00 2.5000e+00
2.1765e+01 1.0000e+05 0.0000e+00 1.0000e+00 1.0000e+05 0.0000e+00 2.5000e+00
2.2157e+01 1.0000e+05 0.0000e+00 1.0000e+00 1.0000e+05 0.0000e+00 2.5000e+00
2.2549e+01 1.0000e+05 0.0000e+00 1.0000e+00 1.0000e+05 0.0000e+00 2.5000e+00
2.2941e+01 1.0000e+05 0.0000e+00 1.0000e+00 1.0000e+05 0.0000e+00 2.5000e+00
2.3333e+01 1.0000e+05 0.0000e+00 1.0000e+00 1.0000e+05 0.0000e+00 2.5000e+00
2.3725e+01 1.0000e+05 0.0000e+00 1.0000e+00 1.0000e+05 0.0000e+00 2.5000e+00
2.4118e+01 1.0000e+05 0.0000e+00 1.0000e+00 1.0000e+05 0.0000e+00 2.5000e+00
2.4510e+01 1.0000e+05 0.0000e+00 1.0000e+00 1.0000e+05 0.0000e+00 2.5000e+00
2.4902e+01 1.0000e+05 0.0000e+00 1.0000e+00 1.0000e+05 0.0000e+00 2.5000e+00
2.5294e+01 1.0000e+05 0.0000e+00 1.0000e+00 1.0000e+05 0.0000e+00 2.5000e+00
2.5686e+01 1.0000e+05 0.0000e+00 1.0000e+00 1.0000e+05 0.0000e+00 2.5000e+00
2.6078e+01 1.0000e+05 0.0000e+00 1.0000e+00 1.0000e+05 0.0000e+00 2.5000e+00
2.6471e+01 1.0000e+05 0.0000e+00 1.0000e+00 1.0000e+05 0.0000e+00 2.5000e+00
2.6863e+01 1.0000e+05 0.0000e+00 1.0000e+00 1.0000e+05 0.0000e+00 2.5000e+00
2.7255e+01 1.0000e+05 0.0000e+00 1.0000e+00 1.0000e+05 0.0000e+00 2.5000e+00
2.7647e+01 1.0000e+05 0.0000e+00 1.0000e+00 1.0000e+05 0.0000e+00 2.5000e+00
2.8039e+01 1.0000e+05 0.0000e+00 1.0000e+00 1.0000e+05 0.0000e+00 2.5000e+00
2.8431e+01 1.0000e+05 0.0000e+00 1.0000e+00 1.0000e+05 0.0000e+00 2.5000e+00
2.8824e+01 1.0000e+05 0.0000e+00 1.0000e+00 1.0000e+05 0.0000e+00 2.5000e+00
2.9216e+01 1.0000e+05 0.0000e+00 1.0000e+00 1.0000e+05 0.0000e+00 2.5000e+00
2.9608e+01 1.0000e+05 0.0000e+00 1.0000e+00 1.0000e+05 0.0000e+00 2.5000e+00
3.0000e+01 1.0000e+05 0.0000e+00 1.0000e+00 1.0000e+05 0.0000e+00 2.5000e+00
3.0392e+01 1.0000e+05 0.0000e+00 1.0000e+00 1.0000e+05 0.0000e+00 2.5000e+00
3.0784e+01 1.0000e+05 0.0000e+00 1.0000e+00 1.0000e+05 0.0000e+00 2.5000e+00
3.1176e+01 1.0000e+05 0.0000e+00 1.0000e+00 1.0000e+05 0.0000e+00 2.5000e+00
3.1569e+01 1.0000e+05 0.0000e+00 1.0000e+00 1.0000e+05 0.0000e+00 2.5000e+00
3.1961e+01 1.0000e+05 7.2192e-20 1.0000e+00 1.0000e+05 7.2192e-15 2.5000e+00
3.2353e+01 1.0000e+05 5.6423e-19 1.0000e+00 1.0000e+05 5.6423e-14 2.5000e+00
3.2745e+01 1.0000e+05 2.0013e-18 1.0000e+00 1.0000e+05 2.0013e-13 2.5000e+00
3.3137e+01 1.0000e+05 5.9509e-18 1.0000e+00 1.0000e+05 5.9509e-13 2.5000e+00
3.3529e+01 1.0000e+05 1.8922e-17 1.0000e+00 1.0000e+05 1.8922e-12 2.5000e+00
3.3922e+01 1.0000e+05 6.1978e-17 1.0000e+00 1.0000e+05 6.1978e-12 2.5000e+00
3.4314e+01 1.0000e+05 2.0313e-16 1.0000e+00 1.0000e+05 2.0313e-11 2.5000e+00
3.4706e+01 1.0000e+05 6.5697e-16 1.0000e+00 1.0000e+05 6.5697e-11 2.5000e+00
3.5098e+01 1.0000e+05 2.0875e-15 1.0000e+00 1.0000e+05 2.0875e-10 2.5000e+00
3.5490e+01 1.0000e+05 6.5023e-15 1.0000e+00 1.0000e+05 6.5023e-10 2.5000e+00
3.5882e+01 1.0000e+05 1.9827e-14 1.0000e+00 1.0000e+05 1.9827e-09 2.5000e+00
3.6275e+01 1.0000e+05 5.9154e-14 1.0000e+00 1.0000e+05 5.9154e-09 2.5000e+00
3.6667e+01 1.0000e+05 1.7262e-13 1.0000e+00 1.0000e+05 1.7262e-08 2.5000e+00
3.7059e+01 1.0000e+05 4.9250e-13 1.0000e+00 1.0000e+05 4.9250e-08 2.5000e+00
3.7451e+01 1.0000e+05 1.3734e-12 1.0000e+00 1.0000e+05 1.3734e-07 2.5000e+00
3.7843e+01 1.0000e+05 3.7422e-12 1.0000e+00 1.0000e+05 3.7422e-07 2.5000e+00
3.8235e+01 1.0000e+05 9.9590e-12 1.0000e+00 1.0000e+05 9.9590e-07 2.5000e+00
3.8627e+01 1.0000e+05 2.5877e-11 1.0000e+00 1.0000e+05 2.5877e-06 2.5000e+00
3.9020e+01 1.0000e+05 6.5627e-11 1.0000e+00 1.0000e+05 6.5627e-06 2.5000e+00
3.9412e+01 1.0000e+05 1.6239e-10 1.0000e+00 1.0000e+05 1.6239e-05 2.5000e+00
3.9804e+01 1.0000e+05 3.9188e-10 1.0000e+00 1.0000e+05 3.9188e-05 2.5000e+00
4.0196e+01 1.0000e+05 9.2204e-10 1.0000e+00 1.0000e+05 9.2204e-05 2.5000e+00
4.0588e+01 1.0000e+05 2.1143e-09 9.9999e-01 1.0000e+05 2.1143e-04 2.5000e+00
4.0980e+01 1.0000e+05 4.7236e-09 9.9998e-01 1.0000e+05 4.7236e-04 2.4999e+00
4.1373e+01 1.0000e+05 1.0278e-08 9.9995e-01 1.0000e+05 1.0278e-03 2.4999e+00
4.1765e+01 1.0000e+05 2.1772e-08 9.9991e-01 1.0000e+05 2.1772e-03 2.4998e+00
4.2157e+01 1.0000e+05 4.4886e-08 9.9981e-01 1.0000e+05 4.4886e-03 2.4995e+00
4.2549e+01 1.0000e+05 9.0039e-08 9.9963e-01 1.0000e+05 9.0039e-03 2.4991e+00
4.2941e+01 1.0000e+05 1.7567e-07 9.9931e-01 1.0000e+05 1.7567e-02 2.4983e+00
4.3333e+01 9.9999e+04 3.3329e-07 9.9875e-01 9.9999e+04 3.3329e-02 2.4969e+00
4.3725e+01 9.9998e+04 6.1472e-07 9.9779e-01 9.9998e+04 6.1471e-02 2.4945e+00
4.4118e+01 9.9997e+04 1.1020e-06 9.9621e-01 9.9997e+04 1.1019e-01 2.4905e+00
4.4510e+01 9.9994e+04 1.9197e-06 9.9371e-01 9.9994e+04 1.9196e-01 2.4843e+00
4.4902e+01 9.9990e+04 3.2495e-06 9.8987e-01 9.9990e+04 3.2492e-01 2.4747e+00
4.5294e+01 9.9982e+04 5.3443e-06 9.8420e-01 9.9982e+04 5.3433e-01 2.4605e+00
4.5686e+01 9.9970e+04 8.5398e-06 9.7612e-01 9.9970e+04 8.5372e-01 2.4403e+00
4.6078e+01 9.9951e+04 1.3259e-05 9.6505e-01 9.9951e+04 1.3253e+00 2.4126e+00
4.6471e+01 9.9923e+04 2.0007e-05 9.5047e-01 9.9923e+04 1.9992e+00 2.3762e+00
4.6863e+01 9.9881e+04 2.9343e-05 9.3204e-01 9.9881e+04 2.9308e+00 2.3301e+00
4.7255e+01 9.9821e+04 4.1841e-05 9.0973e-01 9.9821e+04 4.1766e+00 2.2744e+00
4.7647e+01 9.9737e+04 5.8028e-05 8.8396e-01 9.9737e+04 5.7876e+00 2.2101e+00
4.8039e+01 9.9622e+04 7.8244e-05 8.5565e-01 9.9622e+04 7.7948e+00 2.1394e+00
4.8431e+01 9.9487e+04 1.0324e-04 8.2653e-01 9.9487e+04 1.0271e+01 2.0668e+00
4.8824e+01 9.9162e+04 1.2735e-04 7.9673e-01 9.9162e+04 1.2629e+01 1.9926e+00
4.9216e+01 9.9772e+04 1.8998e-04 7.8174e-01 9.9772e+04 1.8955e+01 1.9562e+00
4.9608e+01 1.0050e+05 1.0639e-04 7.1606e-01 1.0050e+05 1.0693e+01 1.7907e+00
5.0000e+01 1.2519e+04 3.1941e-04 7.3959e-01 1.2519e+04 3.9988e+00 1.8496e+00
5.0392e+01 1.2232e+04 8.4062e-04 7.7241e-01 1.2232e+04 1.0282e+01 1.9354e+00
5.0784e+01 1.2614e+04 1.0770e-03 7.7963e-01 1.2614e+04 1.3585e+01 1.9564e+00
5.1176e+01 1.2736e+04 9.9612e-04 7.5633e-01 1.2736e+04 1.2687e+01 1.8971e+00
5.1569e+01 1.2686e+04 1.0220e-03 7.4458e-01 1.2686e+04 1.2965e+01 1.8681e+00
5.1961e+01 1.2725e+04 9.4310e-04 7.2176e-01 1.2725e+04 1.2001e+01 1.8100e+00
5.2353e+01 1.2687e+04 9.4372e-04 7.0370e-01 1.2687e+04 1.1973e+01 1.7649e+00
5.2745e+01 1.2704e+04 8.7532e-04 6.7894e-01 1.2704e+04 1.1120e+01 1.7022e+00
5.3137e+01 1.2678e+04 8.5292e-04 6.5470e-01 1.2678e+04 1.0814e+01 1.6414e+00
5.3529e+01 1.2680e+04 7.8982e-04 6.2622e-01 1.2680e+04 1.0015e+01 1.5695e+00
5.3922e+01 1.2661e+04 7.4878e-04 5.9562e-01 1.2661e+04 9.4803e+00 1.4926e+00
5.4314e+01 1.2653e+04 6.8511e-04 5.6155e-01 1.2653e+04 8.6687e+00 1.4068e+00
5.4706e+01 1.2636e+04 6.2870e-04 5.2370e-01 1.2636e+04 7.9445e+00 1.3117e+00
5.5098e+01 1.2623e+04 5.5910e-04 4.8184e-01 1.2623e+04 7.0575e+00 1.2066e+00
5.5490e+01 1.2606e+04 4.8832e-04 4.3475e-01 1.2606e+04 6.1555e+00 1.0884e+00
5.5882e+01 1.2588e+04 4.0816e-04 3.8223e-01 1.2588e+04 5.1381e+00 9.5663e-01
5.6275e+01 1.2569e+04 3.2322e-04 3.2353e-01 1.2569e+04 4.0626e+00 8.0948e-01
5.6667e+01 1.2550e+04 2.3428e-04 2.6099e-01 1.2550e+04 2.9403e+00 6.5281e-01
5.7059e+01 1.2532e+04 1.5040e-04 2.0088e-01 1.2532e+04 1.8849e+00 5.0235e-01
5.7451e+01 1.2518e+04 8.2521e-05 1.5304e-01 1.2518e+04 1.0330e+00 3.8264e-01
5.7843e+01 1.2509e+04 3.8071e-05 1.2320e-01 1.2509e+04 4.7622e-01 3.0801e-01
5.8235e+01 1.2504e+04 1.4959e-05 1.0870e-01 1.2504e+04 1.8704e-01 2.7176e-01
5.8627e+01 1.2501e+04 5.2132e-06 1.0295e-01 1.2501e+04 6.5172e-02 2.5738e-01
5.9020e+01 1.2500e+04 1.6899e-06 1.0095e-01 1.2500e+04 2.1124e-02 2.5237e-01
5.9412e+01 1.2500e+04 5.2735e-07 1.0030e-01 1.2500e+04 6.5919e-03 2.5074e-01
5.9804e+01 1.2500e+04 1.6118e-07 1.0009e-01 1.2500e+04 2.0148e-03 2.5023e-01
6.0196e+01 1.2500e+04 4.8571e-08 1.0003e-01 1.2500e+04 6.0714e-04 2.5007e-01
6.0588e+01 1.2500e+04 1.4461e-08 1.0001e-01 1.2500e+04 1.8076e-04 2.5002e-01
6.0980e+01 1.2500e+04 4.2561e-09 1.0000e-01 1.2500e+04 5.3201e-05 2.5001e-01
6.1373e+01 1.2500e+04 1.2382e-09 1.0000e-01 1.2500e+04 1.5477e-05 2.5000e-01
6.1765e+01 1.2500e+04 3.5599e-10 1.0000e-01 1.2500e+04 4.4498e-06 2.5000e-01
6.2157e+01 1.2500e+04 1.0113e-10 1.0000e-01 1.2500e+04 1.2641e-06 2.5000e-01
6.2549e+01 1.2500e+04 2.8378e-11 1.0000e-01 1.2500e+04 3.5473e-07 2.5000e-01
6.2941e+01 1.2500e+04 7.8646e-12 1.0000e-01 1.2500e+04 9.8307e-08 2.5000e-01
6.3333e+01 1.2500e+04 2.1520e-12 1.0000e-01 1.2500e+04 2.6900e-08 2.5000e-01
6.3725e+01 1.2500e+04 5.8128e-13 1.0000e-01 1.2500e+04 7.2660e-09 2.5000e-01
6.4118e+01 1.2500e+04 1.5496e-13 1.0000e-01 1.2500e+04 1.9370e-09 2.5000e-01
6.4510e+01 1.2500e+04 4.0762e-14 1.0000e-01 1.2500e+04 5.0953e-10 2.5000e-01
6.4902e+01 1.2500e+04 1.0578e-14 1.0000e-01 1.2500e+04 1.3223e-10 2.5000e-01
6.5294e+01 1.2500e+04 2.7076e-15 1.0000e-01 1.2500e+04 3.3844e-11 2.5000e-01
6.5686e+01 1.2500e+04 6.8296e-16 1.0000e-01 1.2500e+04 8.5370e-12 2.5000e-01
6.6078e+01 1.2500e+04 1.6921e-16 1.0000e-01 1.2500e+04 2.1152e-12 2.5000e-01
6.6471e+01 1.2500e+04 4.0843e-17 1.0000e-01 1.2500e+04 5.1054e-13 2.5000e-01
6.6863e+01 1.2500e+04 9.2647e-18 1.0000e-01 1.2500e+04 1.1581e-13 2.5000e-01
6.7255e+01 1.2500e+04 1.6836e-18 1.0000e-01 1.2500e+04 2.1045e-14 2.5000e-01
6.7647e+01 1.2500e+04 1.0588e-19 1.0000e-01 1.2500e+04 1.3235e-15 2.5000e-01
6.8039e+01 1.2500e+04 0.0000e+00 1.0000e-01 1.2500e+04 0.0000e+00 2.5000e-01
6.8431e+01 1.2500e+04 0.0000e+00 1.0000e-01 1.2500e+04 0.0000e+00 2.5000e-01
6.8824e+01 1.2500e+04 0.0000e+00 1.0000e-01 1.2500e+04 0.0000e+00 2.5000e-01
6.9216e+01 1.2500e+04 0.0000e+00 1.0000e-01 1.2500e+04 0.0000e+00 2.5000e-01
6.9608e+01 1.2500e+04 0.0000e+00 1.0000e-01 1.2500e+04 0.0000e+00 2.5000e-01
7.0000e+01 1.2500e+04 0.0000e+00 1.0000e-01 1.2500e+04 0.0000e+00 2.5000e-01
7.0392e+01 1.2500e+04 0.0000e+00 1.0000e-01 1.2500e+04 0.0000e+00 2.5000e-01
7.0784e+01 1.2500e+04 0.0000e+00 1.0000e-01 1.2500e+04 0.0000e+00 2.5000e-01
7.1176e+01 1.2500e+04 0.0000e+00 1.0000e-01 1.2500e+04 0.0000e+00 2.5000e-01
7.1569e+01 1.2500e+04 0.0000e+00 1.0000e-01 1.2500e+04 0.0000e+00 2.5000e-01
7.1961e+01 1.2500e+04 0.0000e+00 1.0000e-01 1.2500e+04 0.0000e+00 2.5000e-01
7.2353e+01 1.2500e+04 0.0000e+00 1.0000e-01 1.2500e+04 0.0000e+00 2.5000e-01
7.2745e+01 1.2500e+04 0.0000e+00 1.0000e-01 1.2500e+04 0.0000e+00 2.5000e-01
7.3137e+01 1.2500e+04 0.0000e+00 1.0000e-01 1.2500e+04 0.0000e+00 2.5000e-01
7.3529e+01 1.2500e+04 0.0000e+00 1.0000e-01 1.2500e+04 0.0000e+00 2.5000e-01
7.3922e+01 1.2500e+04 0.0000e+00 1.0000e-01 1.2500e+04 0.0000e+00 2.5000e-01
7.4314e+01 1.2500e+04 0.0000e+00 1.0000e-01 1.2500e+04 0.0000e+00 2.5000e-01
7.4706e+01 1.2500e+04 0.0000e+00 1.0000e-01 1.2500e+04 0.0000e+00 2.5000e-01
7.5098e+01 1.2500e+04 0.0000e+00 1.0000e-01 1.2500e+04 0.0000e+00 2.5000e-01
7.5490e+01 1.2500e+04 0.0000e+00 1.0000e-01 1.2500e+04 0.0000e+00 2.5000e-01
7.5882e+01 1.2500e+04 0.0000e+00 1.0000e-01 1.2500e+04 0.0000e+00 2.5000e-01
7.6275e+01 1.2500e+04 0.0000e+00 1.0000e-01 1.2500e+04 0.0000e+00 2.5000e-01
7.6667e+01 1.2500e+04 0.0000e+00 1.0000e-01 1.2500e+04 0.0000e+00 2.5000e-01
7.7059e+01 1.2500e+04 0.0000e+00 1.0000e-01 1.2500e+04 0.0000e+00 2.5000e-01
7.7451e+01 1.2500e+04 0.0000e+00 1.0000e-01 1.2500e+04 0.0000e+00 2.5000e-01
7.7843e+01 1.2500e+04 0.0000e+00 1.0000e-01 1.2500e+04 0.0000e+00 2.5000e-01
7.8235e+01 1.2500e+04 0.0000e+00 1.0000e-01 1.2500e+04 0.0000e+00 2.5000e-01
7.8627e+01 1.2500e+04 0.0000e+00 1.0000e-01 1.2500e+04 0.0000e+00 2.5000e-01
7.9020e+01 1.2500e+04 0.0000e+00 1.0000e-01 1.2500e+04 0.0000e+00 2.5000e-01
7.9412e+01 1.2500e+04 0.0000e+00 1.0000e-01 1.2500e+04 0.0000e+00 2.5000e-01
7.9804e+01 1.2500e+04 0.0000e+00 1.0000e-01 1.2500e+04 0.0000e+00 2.5000e-01
8.0196e+01 1.2500e+04 0.0000e+00 1.0000e-01 1.2500e+04 0.0000e+00 2.5000e-01
8.0588e+01 1.2500e+04 0.0000e+00 1.0000e-01 1.2500e+04 0.0000e+00 2.5000e-01
8.0980e+01 1.2500e+04 0.0000e+00 1.0000e-01 1.2500e+04 0.0000e+00 2.5000e-01
8.1373e+01 1.2500e+04 0.0000e+00 1.0000e-01 1.2500e+04 0.0000e+00 2.5000e-01
8.1765e+01 1.2500e+04 0.0000e+00 1.0000e-01 1.2500e+04 0.0000e+00 2.5000e-01
8.2157e+01 1.2500e+04 0.0000e+00 1.0000e-01 1.2500e+04 0.0000e+00 2.5000e-01
8.2549e+01 1.2500e+04 0.0000e+00 1.0000e-01 1.2500e+04 0.0000e+00 2.5000e-01
8.2941e+01 1.2500e+04 0.0000e+00 1.0000e-01 1.2500e+04 0.0000e+00 2.5000e-01
8.3333e+01 1.2500e+04 0.0000e+00 1.0000e-01 1.2500e+04 0.0000e+00 2.5000e-01
8.3725e+01 1.2500e+04 0.0000e+00 1.0000e-01 1.2500e+04 0.0000e+00 2.5000e-01
8.4118e+01 1.2500e+04 0.0000e+00 1.0000e-01 1.2500e+04 0.0000e+00 2.5000e-01
8.4510e+01 1.2500e+04 0.0000e+00 1.0000e-01 1.2500e+04 0.0000e+00 2.5000e-01
8.4902e+01 1.2500e+04 0.0000e+00 1.0000e-01 1.2500e+04 0.0000e+00 2.5000e-01
8.5294e+01 1.2500e+04 0.0000e+00 1.0000e-01 1.2500e+04 0.0000e+00 2.5000e-01
8.5686e+01 1.2500e+04 0.0000e+00 1.0000e-01 1.2500e+04 0.0000e+00 2.5000e-01
8.6078e+01 1.2500e+04 0.0000e+00 1.0000e-01 1.2500e+04 0.0000e+00 2.5000e-01
8.6471e+01 1.2500e+04 0.0000e+00 1.0000e-01 1.2500e+04 0.0000e+00 2.5000e-01
8.6863e+01 1.2500e+04 0.0000e+00 1.0000e-01 1.2500e+04 0.0000e+00 2.5000e-01
8.7255e+01 1.2500e+04 0.0000e+00 1.0000e-01 1.2500e+04 0.0000e+00 2.5000e-01
8.7647e+01 1.2500e+04 0.0000e+00 1.0000e-01 1.2500e+04 0.0000e+00 2.5000e-01
8.8039e+01 1.2500e+04 0.0000e+00 1.0000e-01 1.2500e+04 0.0000e+00 2.5000e-01
8.8431e+01 1.2500e+04 0.0000e+00 1.0000e-01 1.2500e+04 0.0000e+00 2.5000e-01
8.8824e+01 1.2500e+04 0.0000e+00 1.0000e-01 1.2500e+04 0.0000e+00 2.5000e-01
8.9216e+01 1.2500e+04 0.0000e+00 1.0000e-01 1.2500e+04 0.0000e+00 2.5000e-01
8.9608e+01 1.2500e+04 0.0000e+00 1.0000e-01 1.2500e+04 0.0000e+00 2.5000e-01
9.0000e+01 1.2500e+04 0.0000e+00 1.0000e-01 1.2500e+04 0.0000e+00 2.5000e-01
9.0392e+01 1.2500e+04 0.0000e+00 1.0000e-01 1.2500e+04 0.0000e+00 2.5000e-01
9.0784e+01 1.2500e+04 0.0000e+00 1.0000e-01 1.2500e+04 0.0000e+00 2.5000e-01
9.1176e+01 1.2500e+04 0.0000e+00 1.0000e-01 1.2500e+04 0.0000e+00 2.5000e-01
9.1569e+01 1.2500e+04 0.0000e+00 1.0000e-01 1.2500e+04 0.0000e+00 2.5000e-01
9.1961e+01 1.2500e+04 0.0000e+00 1.0000e-01 1.2500e+04 0.0000e+00 2.5000e-01
9.2353e+01 1.2500e+04 0.0000e+00 1.0000e-01 1.2500e+04 0.0000e+00 2.5000e-01
9.2745e+01 1.2500e+04 0.0000e+00 1.0000e-01 1.2500e+04 0.0000e+00 2.5000e-01
9.3137e+01 1.2500e+04 0.0000e+00 1.0000e-01 1.2500e+04 0.0000e+00 2.5000e-01
9.3529e+01 1.2500e+04 0.0000e+00 1.0000e-01 1.2500e+04 0.0000e+00 2.5000e-01
9.3922e+01 1.2500e+04 0.0000e+00 1.0000e-01 1.2500e+04 0.0000e+00 2.5000e-01
9.4314e+01 1.2500e+04 0.0000e+00 1.0000e-01 1.2500e+04 0.0000e+00 2.5000e-01
9.4706e+01 1.2500e+04 0.0000e+00 1.0000e-01 1.2500e+04 0.0000e+00 2.5000e-01
9.5098e+01 1.2500e+04 0.0000e+00 1.0000e-01 1.2500e+04 0.0000e+00 2.5000e-01
9.5490e+01 1.2500e+04 0.0000e+00 1.0000e-01 1.2500e+04 0.0000e+00 2.5000e-01
9.5882e+01 1.2500e+04 0.0000e+00 1.0000e-01 1.2500e+04 0.0000e+00 2.5000e-01
9.6275e+01 1.2500e+04 0.0000e+00 1.0000e-01 1.2500e+04 0.0000e+00 2.5000e-01
9.6667e+01 1.2500e+04 0.0000e+00 1.0000e-01 1.2500e+04 0.0000e+00 2.5000e-01
9.7059e+01 1.2500e+04 0.0000e+00 1.0000e-01 1.2500e+04 0.0000e+00 2.5000e-01
9.7451e+01 1.2500e+04 0.0000e+00 1.0000e-01 1.2500e+04 0.0000e+00 2.5000e-01
9.7843e+01 1.2500e+04 0.0000e+00 1.0000e-01 1.2500e+04 0.0000e+00 2.5000e-01
9.8235e+01 1.2500e+04 0.0000e+00 1.0000e-01 1.2500e+04 0.0000e+00 2.5000e-01
9.8627e+01 1.2500e+04 0.0000e+00 1.0000e-01 1.2500e+04 0.0000e+00 2.5000e-01
9.9020e+01 1.2500e+04 0.0000e+00 1.0000e-01 1.2500e+04 0.0000e+00 2.5000e-01
9.9412e+01 1.2500e+04 0.0000e+00 1.0000e-01 1.2500e+04 0.0000e+00 2.5000e-01
9.9804e+01 1.2500e+04 0.0000e+00 1.0000e-01 1.2500e+04 0.0000e+00 2.5000e-01
