# # x Density Velocity Pressure q0 q1 q2
1.9608e-01 1.0000e+05 6.8464e-16 1.0000e+00 1.0000e+05 6.8464e-11 2.5000e+00
5.8824e-01 1.0000e+05 9.0632e-16 1.0000e+00 1.0000e+05 9.0632e-11 2.5000e+00
9.8039e-01 1.0000e+05 1.1865e-15 1.0000e+00 1.0000e+05 1.1865e-10 2.5000e+00
1.3725e+00 1.0000e+05 1.6559e-15 1.0000e+00 1.0000e+05 1.6559e-10 2.5000e+00
1.7647e+00 1.0000e+05 2.4038e-15 1.0000e+00 1.0000e+05 2.4038e-10 2.5000e+00
2.1569e+00 1.0000e+05 3.5505e-15 1.0000e+00 1.0000e+05 3.5505e-10 2.5000e+00
2.5490e+00 1.0000e+05 5.2756e-15 1.0000e+00 1.0000e+05 5.2756e-10 2.5000e+00
2.9412e+00 1.0000e+05 7.8457e-15 1.0000e+00 1.0000e+05 7.8457e-10 2.5000e+00
3.3333e+00 1.0000e+05 1.1652e-14 1.0000e+00 1.0000e+05 1.1652e-09 2.5000e+00
3.7255e+00 1.0000e+05 1.7265e-14 1.0000e+00 1.0000e+05 1.7265e-09 2.5000e+00
4.1176e+00 1.0000e+05 2.5507e-14 1.0000e+00 1.0000e+05 2.5507e-09 2.5000e+00
4.5098e+00 1.0000e+05 3.7569e-14 1.0000e+00 1.0000e+05 3.7569e-09 2.5000e+00
4.9020e+00 1.0000e+05 5.5160e-14 1.0000e+00 1.0000e+05 5.5160e-09 2.5000e+00
5.2941e+00 1.0000e+05 8.0731e-14 1.0000e+00 1.0000e+05 8.0731e-09 2.5000e+00
5.6863e+00 1.0000e+05 1.1777e-13 1.0000e+00 1.0000e+05 1.1777e-08 2.5000e+00
6.0784e+00 1.0000e+05 1.7125e-13 1.0000e+00 1.0000e+05 1.7125e-08 2.5000e+00
6.4706e+00 1.0000e+05 2.4818e-13 1.0000e+00 1.0000e+05 2.4818e-08 2.5000e+00
6.8627e+00 1.0000e+05 3.5850e-13 1.0000e+00 1.0000e+05 3.5850e-08 2.5000e+00
7.2549e+00 1.0000e+05 5.1615e-13 1.0000e+00 1.0000e+05 5.1615e-08 2.5000e+00
7.6471e+00 1.0000e+05 7.4067e-13 1.0000e+00 1.0000e+05 7.4067e-08 2.5000e+00
8.0392e+00 1.0000e+05 1.0593e-12 1.0000e+00 1.0000e+05 1.0593e-07 2.5000e+00
8.4314e+00 1.0000e+05 1.5101e-12 1.0000e+00 1.0000e+05 1.5101e-07 2.5000e+00
8.8235e+00 1.0000e+05 2.1456e-12 1.0000e+00 1.0000e+05 2.1456e-07 2.5000e+00
9.2157e+00 1.0000e+05 3.0383e-12 1.0000e+00 1.0000e+05 3.0383e-07 2.5000e+00
9.6078e+00 1.0000e+05 4.2882e-12 1.0000e+00 1.0000e+05 4.2882e-07 2.5000e+00
1.0000e+01 1.0000e+05 6.0322e-12 1.0000e+00 1.0000e+05 6.0322e-07 2.5000e+00
1.0392e+01 1.0000e+05 8.4574e-12 1.0000e+00 1.0000e+05 8.4574e-07 2.5000e+00
1.0784e+01 1.0000e+05 1.1818e-11 1.0000e+00 1.0000e+05 1.1818e-06 2.5000e+00
1.1176e+01 1.0000e+05 1.6459e-11 1.0000e+00 1.0000e+05 1.6459e-06 2.5000e+00
1.1569e+01 1.0000e+05 2.2847e-11 1.0000e+00 1.0000e+05 2.2847e-06 2.5000e+00
1.1961e+01 1.0000e+05 3.1608e-11 1.0000e+00 1.0000e+05 3.1608e-06 2.5000e+00
1.2353e+01 1.0000e+05 4.3584e-11 1.0000e+00 1.0000e+05 4.3584e-06 2.5000e+00
1.2745e+01 1.0000e+05 5.9896e-11 1.0000e+00 1.0000e+05 5.9896e-06 2.5000e+00
1.3137e+01 1.0000e+05 8.2039e-11 1.0000e+00 1.0000e+05 8.2039e-06 2.5000e+00
1.3529e+01 1.0000e+05 1.1199e-10 1.0000e+00 1.0000e+05 1.1199e-05 2.5000e+00
1.3922e+01 1.0000e+05 1.5238e-10 1.0000e+00 1.0000e+05 1.5238e-05 2.5000e+00
1.4314e+01 1.0000e+05 2.0663e-10 1.0000e+00 1.0000e+05 2.0663e-05 2.5000e+00
1.4706e+01 1.0000e+05 2.7927e-10 1.0000e+00 1.0000e+05 2.7927e-05 2.5000e+00
1.5098e+01 1.0000e+05 3.7618e-10 1.0000e+00 1.0000e+05 3.7618e-05 2.5000e+00
1.5490e+01 1.0000e+05 5.0504e-10 1.0000e+00 1.0000e+05 5.0504e-05 2.5000e+00
1.5882e+01 1.0000e+05 6.7577e-10 1.0000e+00 1.0000e+05 6.7577e-05 2.5000e+00
1.6275e+01 1.0000e+05 9.0120e-10 1.0000e+00 1.0000e+05 9.0120e-05 2.5000e+00
1.6667e+01 1.0000e+05 1.1978e-09 1.0000e+00 1.0000e+05 1.1978e-04 2.5000e+00
1.7059e+01 1.0000e+05 1.5868e-09 1.0000e+00 1.0000e+05 1.5868e-04 2.5000e+00
1.7451e+01 1.0000e+05 2.0950e-09 1.0000e+00 1.0000e+05 2.0950e-04 2.5000e+00
1.7843e+01 1.0000e+05 2.7569e-09 9.9999e-01 1.0000e+05 2.7569e-04 2.5000e+00
1.8235e+01 1.0000e+05 3.6157e-09 9.9999e-01 1.0000e+05 3.6157e-04 2.5000e+00
1.8627e+01 1.0000e+05 4.7263e-09 9.9999e-01 1.0000e+05 4.7263e-04 2.5000e+00
1.9020e+01 1.0000e+05 6.1574e-09 9.9999e-01 1.0000e+05 6.1574e-04 2.5000e+00
1.9412e+01 1.0000e+05 7.9952e-09 9.9999e-01 1.0000e+05 7.9952e-04 2.5000e+00
1.9804e+01 1.0000e+05 1.0347e-08 9.9998e-01 1.0000e+05 1.0347e-03 2.5000e+00
2.0196e+01 1.0000e+05 1.3346e-08 9.9998e-01 1.0000e+05 1.3346e-03 2.4999e+00
2.0588e+01 1.0000e+05 1.7158e-08 9.9997e-01 1.0000e+05 1.7157e-03 2.4999e+00
2.0980e+01 1.0000e+05 2.1984e-08 9.9996e-01 1.0000e+05 2.1984e-03 2.4999e+00
2.1373e+01 1.0000e+05 2.8075e-08 9.9995e-01 1.0000e+05 2.8075e-03 2.4999e+00
2.1765e+01 1.0000e+05 3.5735e-08 9.9994e-01 1.0000e+05 3.5735e-03 2.4999e+00
2.2157e+01 1.0000e+05 4.5334e-08 9.9993e-01 1.0000e+05 4.5334e-03 2.4998e+00
2.2549e+01 1.0000e+05 5.7322e-08 9.9991e-01 1.0000e+05 5.7322e-03 2.4998e+00
2.2941e+01 1.0000e+05 7.2241e-08 9.9989e-01 1.0000e+05 7.2241e-03 2.4997e+00
2.3333e+01 9.9999e+04 9.0743e-08 9.9986e-01 9.9999e+04 9.0742e-03 2.4996e+00
2.3725e+01 9.9999e+04 1.1361e-07 9.9982e-01 9.9999e+04 1.1361e-02 2.4996e+00
2.4118e+01 9.9999e+04 1.4177e-07 9.9978e-01 9.9999e+04 1.4177e-02 2.4995e+00
2.4510e+01 9.9999e+04 1.7632e-07 9.9973e-01 9.9999e+04 1.7632e-02 2.4993e+00
2.4902e+01 9.9999e+04 2.1859e-07 9.9967e-01 9.9999e+04 2.1858e-02 2.4992e+00
2.5294e+01 9.9998e+04 2.7010e-07 9.9960e-01 9.9998e+04 2.7009e-02 2.4990e+00
2.5686e+01 9.9998e+04 3.3265e-07 9.9951e-01 9.9998e+04 3.3265e-02 2.4988e+00
2.6078e+01 9.9997e+04 4.0836e-07 9.9941e-01 9.9997e+04 4.0835e-02 2.4985e+00
2.6471e+01 9.9997e+04 4.9968e-07 9.9929e-01 9.9997e+04 4.9966e-02 2.4982e+00
2.6863e+01 9.9996e+04 6.0943e-07 9.9914e-01 9.9996e+04 6.0940e-02 2.4979e+00
2.7255e+01 9.9995e+04 7.4088e-07 9.9897e-01 9.9995e+04 7.4084e-02 2.4974e+00
2.7647e+01 9.9994e+04 8.9778e-07 9.9877e-01 9.9994e+04 8.9773e-02 2.4969e+00
2.8039e+01 9.9992e+04 1.0844e-06 9.9853e-01 9.9992e+04 1.0843e-01 2.4963e+00
2.8431e+01 9.9990e+04 1.3056e-06 9.9825e-01 9.9990e+04 1.3055e-01 2.4956e+00
2.8824e+01 9.9988e+04 1.5670e-06 9.9793e-01 9.9988e+04 1.5668e-01 2.4948e+00
2.9216e+01 9.9986e+04 1.8746e-06 9.9756e-01 9.9986e+04 1.8744e-01 2.4939e+00
2.9608e+01 9.9983e+04 2.2356e-06 9.9712e-01 9.9983e+04 2.2352e-01 2.4928e+00
3.0000e+01 9.9979e+04 2.6576e-06 9.9663e-01 9.9979e+04 2.6570e-01 2.4916e+00
3.0392e+01 9.9975e+04 3.1493e-06 9.9606e-01 9.9975e+04 3.1485e-01 2.4901e+00
3.0784e+01 9.9971e+04 3.7203e-06 9.9540e-01 9.9971e+04 3.7192e-01 2.4885e+00
3.1176e+01 9.9965e+04 4.3811e-06 9.9466e-01 9.9965e+04 4.3795e-01 2.4867e+00
3.1569e+01 9.9958e+04 5.1432e-06 9.9382e-01 9.9958e+04 5.1410e-01 2.4845e+00
3.1961e+01 9.9951e+04 6.0192e-06 9.9286e-01 9.9951e+04 6.0162e-01 2.4822e+00
3.2353e+01 9.9942e+04 7.0228e-06 9.9179e-01 9.9942e+04 7.0187e-01 2.4795e+00
3.2745e+01 9.9931e+04 8.1686e-06 9.9058e-01 9.9931e+04 8.1629e-01 2.4765e+00
3.3137e+01 9.9919e+04 9.4724e-06 9.8924e-01 9.9919e+04 9.4647e-01 2.4731e+00
3.3529e+01 9.9906e+04 1.0951e-05 9.8774e-01 9.9906e+04 1.0941e+00 2.4693e+00
3.3922e+01 9.9890e+04 1.2623e-05 9.8607e-01 9.9890e+04 1.2609e+00 2.4652e+00
3.4314e+01 9.9872e+04 1.4506e-05 9.8422e-01 9.9872e+04 1.4487e+00 2.4606e+00
3.4706e+01 9.9851e+04 1.6621e-05 9.8219e-01 9.9851e+04 1.6596e+00 2.4555e+00
3.5098e+01 9.9828e+04 1.8988e-05 9.7995e-01 9.9828e+04 1.8956e+00 2.4499e+00
3.5490e+01 9.9801e+04 2.1629e-05 9.7751e-01 9.9801e+04 2.1586e+00 2.4438e+00
3.5882e+01 9.9771e+04 2.4567e-05 9.7484e-01 9.9771e+04 2.4511e+00 2.4371e+00
3.6275e+01 9.9737e+04 2.7823e-05 9.7194e-01 9.9737e+04 2.7750e+00 2.4299e+00
3.6667e+01 9.9699e+04 3.1421e-05 9.6880e-01 9.9699e+04 3.1327e+00 2.4220e+00
3.7059e+01 9.9657e+04 3.5385e-05 9.6541e-01 9.9657e+04 3.5263e+00 2.4136e+00
3.7451e+01 9.9609e+04 3.9737e-05 9.6176e-01 9.9609e+04 3.9582e+00 2.4045e+00
3.7843e+01 9.9557e+04 4.4502e-05 9.5785e-01 9.9557e+04 4.4304e+00 2.3947e+00
3.8235e+01 9.9498e+04 4.9701e-05 9.5368e-01 9.9498e+04 4.9452e+00 2.3843e+00
3.8627e+01 9.9433e+04 5.5358e-05 9.4923e-01 9.9433e+04 5.5045e+00 2.3732e+00
3.9020e+01 9.9362e+04 6.1495e-05 9.4452e-01 9.9362e+04 6.1102e+00 2.3615e+00
3.9412e+01 9.9283e+04 6.8131e-05 9.3954e-01 9.9283e+04 6.7642e+00 2.3491e+00
3.9804e+01 9.9197e+04 7.5285e-05 9.3429e-01 9.9197e+04 7.4681e+00 2.3360e+00
4.0196e+01 9.9103e+04 8.2977e-05 9.2878e-01 9.9103e+04 8.2232e+00 2.3223e+00
4.0588e+01 9.9000e+04 9.1221e-05 9.2301e-01 9.9000e+04 9.0309e+00 2.3079e+00
4.0980e+01 9.8888e+04 1.0003e-04 9.1699e-01 9.8888e+04 9.8920e+00 2.2930e+00
4.1373e+01 9.8767e+04 1.0942e-04 9.1074e-01 9.8767e+04 1.0807e+01 2.2774e+00
4.1765e+01 9.8636e+04 1.1940e-04 9.0426e-01 9.8636e+04 1.1777e+01 2.2614e+00
4.2157e+01 9.8495e+04 1.2997e-04 8.9757e-01 9.8495e+04 1.2802e+01 2.2448e+00
4.2549e+01 9.8342e+04 1.4113e-04 8.9069e-01 9.8342e+04 1.3879e+01 2.2277e+00
4.2941e+01 9.8180e+04 1.5294e-04 8.8364e-01 9.8180e+04 1.5016e+01 2.2102e+00
4.3333e+01 9.8002e+04 1.6519e-04 8.7638e-01 9.8002e+04 1.6189e+01 2.1923e+00
4.3725e+01 9.7825e+04 1.7852e-04 8.6915e-01 9.7825e+04 1.7464e+01 2.1744e+00
4.4118e+01 9.7598e+04 1.9103e-04 8.6132e-01 9.7598e+04 1.8644e+01 2.1551e+00
4.4510e+01 9.7464e+04 2.0789e-04 8.5469e-01 9.7464e+04 2.0262e+01 2.1388e+00
4.4902e+01 9.7057e+04 2.1596e-04 8.4479e-01 9.7057e+04 2.0960e+01 2.1142e+00
4.5294e+01 9.7222e+04 2.4555e-04 8.4198e-01 9.7222e+04 2.3873e+01 2.1079e+00
4.5686e+01 9.6193e+04 2.3323e-04 8.2482e-01 9.6193e+04 2.2435e+01 2.0647e+00
4.6078e+01 9.7265e+04 2.9690e-04 8.3301e-01 9.7265e+04 2.8878e+01 2.0868e+00
4.6471e+01 9.5050e+04 2.4416e-04 8.0225e-01 9.5050e+04 2.3207e+01 2.0084e+00
4.6863e+01 9.7088e+04 3.4378e-04 8.2183e-01 9.7088e+04 3.3377e+01 2.0603e+00
4.7255e+01 9.4641e+04 2.8608e-04 7.8948e-01 9.4641e+04 2.7075e+01 1.9776e+00
4.7647e+01 9.5665e+04 3.5044e-04 7.9700e-01 9.5665e+04 3.3525e+01 1.9984e+00
4.8039e+01 9.4951e+04 3.5697e-04 7.8576e-01 9.4951e+04 3.3895e+01 1.9704e+00
4.8431e+01 9.4546e+04 3.7549e-04 7.7838e-01 9.4546e+04 3.5501e+01 1.9526e+00
4.8824e+01 9.5094e+04 3.7993e-04 7.6647e-01 9.5094e+04 3.6129e+01 1.9230e+00
4.9216e+01 8.6017e+04 4.2663e-04 7.6827e-01 8.6017e+04 3.6697e+01 1.9285e+00
4.9608e+01 1.2572e+05 4.3033e-04 7.5500e-01 1.2572e+05 5.4102e+01 1.8991e+00
5.0000e+01 5.0801e+04 4.4100e-04 7.4895e-01 5.0801e+04 2.2403e+01 1.8773e+00
5.0392e+01 1.7557e+04 4.7152e-04 7.4865e-01 1.7557e+04 8.2787e+00 1.8736e+00
5.0784e+01 9.7003e+03 5.2252e-04 7.4776e-01 9.7003e+03 5.0686e+00 1.8707e+00
5.1176e+01 8.8118e+03 5.8175e-04 7.4307e-01 8.8118e+03 5.1262e+00 1.8592e+00
5.1569e+01 9.1432e+03 6.8396e-04 7.4281e-01 9.1432e+03 6.2536e+00 1.8592e+00
5.1961e+01 9.8599e+03 8.2799e-04 7.4833e-01 9.8599e+03 8.1639e+00 1.8742e+00
5.2353e+01 1.0333e+04 8.8982e-04 7.4753e-01 1.0333e+04 9.1944e+00 1.8729e+00
5.2745e+01 1.0716e+04 8.8789e-04 7.4126e-01 1.0716e+04 9.5148e+00 1.8574e+00
5.3137e+01 1.0976e+04 9.1957e-04 7.3952e-01 1.0976e+04 1.0094e+01 1.8534e+00
5.3529e+01 1.1283e+04 1.0068e-03 7.4444e-01 1.1283e+04 1.1360e+01 1.8668e+00
5.3922e+01 1.1498e+04 1.0784e-03 7.4833e-01 1.1498e+04 1.2399e+01 1.8775e+00
5.4314e+01 1.1638e+04 1.0938e-03 7.4648e-01 1.1638e+04 1.2729e+01 1.8732e+00
5.4706e+01 1.1702e+04 1.0782e-03 7.4153e-01 1.1702e+04 1.2618e+01 1.8606e+00
5.5098e+01 1.1789e+04 1.0823e-03 7.3885e-01 1.1789e+04 1.2759e+01 1.8540e+00
5.5490e+01 1.1909e+04 1.1297e-03 7.4128e-01 1.1909e+04 1.3453e+01 1.8608e+00
5.5882e+01 1.2054e+04 1.1993e-03 7.4648e-01 1.2054e+04 1.4456e+01 1.8749e+00
5.6275e+01 1.2169e+04 1.2546e-03 7.5034e-01 1.2169e+04 1.5267e+01 1.8854e+00
5.6667e+01 1.2237e+04 1.2758e-03 7.5056e-01 1.2237e+04 1.5612e+01 1.8864e+00
5.7059e+01 1.2260e+04 1.2686e-03 7.4773e-01 1.2260e+04 1.5553e+01 1.8792e+00
5.7451e+01 1.2277e+04 1.2565e-03 7.4377e-01 1.2277e+04 1.5427e+01 1.8691e+00
5.7843e+01 1.2325e+04 1.2702e-03 7.4298e-01 1.2325e+04 1.5655e+01 1.8674e+00
5.8235e+01 1.2423e+04 1.3247e-03 7.4707e-01 1.2423e+04 1.6457e+01 1.8786e+00
5.8627e+01 1.2557e+04 1.4087e-03 7.5478e-01 1.2557e+04 1.7690e+01 1.8994e+00
5.9020e+01 1.2700e+04 1.4999e-03 7.6357e-01 1.2700e+04 1.9049e+01 1.9232e+00
5.9412e+01 1.2825e+04 1.5790e-03 7.7118e-01 1.2825e+04 2.0251e+01 1.9439e+00
5.9804e+01 1.2918e+04 1.6361e-03 7.7635e-01 1.2918e+04 2.1136e+01 1.9582e+00
6.0196e+01 1.2978e+04 1.6704e-03 7.7891e-01 1.2978e+04 2.1679e+01 1.9654e+00
6.0588e+01 1.3012e+04 1.6869e-03 7.7942e-01 1.3012e+04 2.1950e+01 1.9671e+00
6.0980e+01 1.3030e+04 1.6924e-03 7.7866e-01 1.3030e+04 2.2051e+01 1.9653e+00
6.1373e+01 1.3039e+04 1.6925e-03 7.7731e-01 1.3039e+04 2.2068e+01 1.9619e+00
6.1765e+01 1.3044e+04 1.6907e-03 7.7573e-01 1.3044e+04 2.2054e+01 1.9580e+00
6.2157e+01 1.3049e+04 1.6881e-03 7.7407e-01 1.3049e+04 2.2027e+01 1.9538e+00
6.2549e+01 1.3053e+04 1.6850e-03 7.7234e-01 1.3053e+04 2.1995e+01 1.9494e+00
6.2941e+01 1.3056e+04 1.6817e-03 7.7055e-01 1.3056e+04 2.1957e+01 1.9448e+00
6.3333e+01 1.3059e+04 1.6780e-03 7.6870e-01 1.3059e+04 2.1914e+01 1.9401e+00
6.3725e+01 1.3062e+04 1.6741e-03 7.6679e-01 1.3062e+04 2.1867e+01 1.9353e+00
6.4118e+01 1.3064e+04 1.6698e-03 7.6482e-01 1.3064e+04 2.1815e+01 1.9303e+00
6.4510e+01 1.3066e+04 1.6653e-03 7.6278e-01 1.3066e+04 2.1760e+01 1.9251e+00
6.4902e+01 1.3068e+04 1.6605e-03 7.6069e-01 1.3068e+04 2.1700e+01 1.9197e+00
6.5294e+01 1.3070e+04 1.6554e-03 7.5854e-01 1.3070e+04 2.1636e+01 1.9143e+00
6.5686e+01 1.3071e+04 1.6501e-03 7.5632e-01 1.3071e+04 2.1568e+01 1.9086e+00
6.6078e+01 1.3072e+04 1.6445e-03 7.5404e-01 1.3072e+04 2.1496e+01 1.9028e+00
6.6471e+01 1.3072e+04 1.6386e-03 7.5169e-01 1.3072e+04 2.1420e+01 1.8968e+00
6.6863e+01 1.3073e+04 1.6324e-03 7.4928e-01 1.3073e+04 2.1340e+01 1.8906e+00
6.7255e+01 1.3073e+04 1.6260e-03 7.4679e-01 1.3073e+04 2.1256e+01 1.8843e+00
6.7647e+01 1.3073e+04 1.6193e-03 7.4424e-01 1.3073e+04 2.1168e+01 1.8777e+00
6.8039e+01 1.3072e+04 1.6123e-03 7.4161e-01 1.3072e+04 2.1077e+01 1.8710e+00
6.8431e+01 1.3072e+04 1.6051e-03 7.3890e-01 1.3072e+04 2.0981e+01 1.8641e+00
6.8824e+01 1.3071e+04 1.5976e-03 7.3613e-01 1.3071e+04 2.0882e+01 1.8570e+00
6.9216e+01 1.3070e+04 1.5898e-03 7.3327e-01 1.3070e+04 2.0779e+01 1.8497e+00
6.9608e+01 1.3069e+04 1.5818e-03 7.3033e-01 1.3069e+04 2.0671e+01 1.8422e+00
7.0000e+01 1.3067e+04 1.5734e-03 7.2731e-01 1.3067e+04 2.0560e+01 1.8344e+00
7.0392e+01 1.3066e+04 1.5648e-03 7.2420e-01 1.3066e+04 2.0445e+01 1.8265e+00
7.0784e+01 1.3064e+04 1.5559e-03 7.2101e-01 1.3064e+04 2.0326e+01 1.8183e+00
7.1176e+01 1.3062e+04 1.5467e-03 7.1772e-01 1.3062e+04 2.0203e+01 1.8099e+00
7.1569e+01 1.3059e+04 1.5373e-03 7.1435e-01 1.3059e+04 2.0076e+01 1.8013e+00
7.1961e+01 1.3057e+04 1.5275e-03 7.1088e-01 1.3057e+04 1.9945e+01 1.7924e+00
7.2353e+01 1.3054e+04 1.5175e-03 7.0731e-01 1.3054e+04 1.9809e+01 1.7833e+00
7.2745e+01 1.3051e+04 1.5071e-03 7.0365e-01 1.3051e+04 1.9670e+01 1.7739e+00
7.3137e+01 1.3048e+04 1.4965e-03 6.9988e-01 1.3048e+04 1.9527e+01 1.7643e+00
7.3529e+01 1.3045e+04 1.4856e-03 6.9602e-01 1.3045e+04 1.9379e+01 1.7544e+00
7.3922e+01 1.3042e+04 1.4743e-03 6.9204e-01 1.3042e+04 1.9228e+01 1.7443e+00
7.4314e+01 1.3038e+04 1.4628e-03 6.8796e-01 1.3038e+04 1.9072e+01 1.7339e+00
7.4706e+01 1.3034e+04 1.4509e-03 6.8377e-01 1.3034e+04 1.8912e+01 1.7231e+00
7.5098e+01 1.3030e+04 1.4388e-03 6.7947e-01 1.3030e+04 1.8748e+01 1.7122e+00
7.5490e+01 1.3026e+04 1.4263e-03 6.7505e-01 1.3026e+04 1.8580e+01 1.7009e+00
7.5882e+01 1.3022e+04 1.4135e-03 6.7051e-01 1.3022e+04 1.8407e+01 1.6893e+00
7.6275e+01 1.3017e+04 1.4004e-03 6.6585e-01 1.3017e+04 1.8230e+01 1.6774e+00
7.6667e+01 1.3013e+04 1.3870e-03 6.6107e-01 1.3013e+04 1.8049e+01 1.6652e+00
7.7059e+01 1.3008e+04 1.3733e-03 6.5617e-01 1.3008e+04 1.7864e+01 1.6527e+00
7.7451e+01 1.3003e+04 1.3592e-03 6.5114e-01 1.3003e+04 1.7674e+01 1.6399e+00
7.7843e+01 1.2998e+04 1.3448e-03 6.4598e-01 1.2998e+04 1.7480e+01 1.6267e+00
7.8235e+01 1.2992e+04 1.3301e-03 6.4068e-01 1.2992e+04 1.7281e+01 1.6132e+00
7.8627e+01 1.2987e+04 1.3151e-03 6.3525e-01 1.2987e+04 1.7079e+01 1.5994e+00
7.9020e+01 1.2981e+04 1.2997e-03 6.2968e-01 1.2981e+04 1.6871e+01 1.5852e+00
7.9412e+01 1.2976e+04 1.2839e-03 6.2398e-01 1.2976e+04 1.6660e+01 1.5706e+00
7.9804e+01 1.2970e+04 1.2679e-03 6.1813e-01 1.2970e+04 1.6444e+01 1.5557e+00
8.0196e+01 1.2963e+04 1.2515e-03 6.1213e-01 1.2963e+04 1.6223e+01 1.5405e+00
8.0588e+01 1.2957e+04 1.2347e-03 6.0599e-01 1.2957e+04 1.5998e+01 1.5249e+00
8.0980e+01 1.2951e+04 1.2176e-03 5.9970e-01 1.2951e+04 1.5768e+01 1.5088e+00
8.1373e+01 1.2944e+04 1.2001e-03 5.9325e-01 1.2944e+04 1.5534e+01 1.4925e+00
8.1765e+01 1.2937e+04 1.1823e-03 5.8665e-01 1.2937e+04 1.5296e+01 1.4757e+00
8.2157e+01 1.2930e+04 1.1641e-03 5.7990e-01 1.2930e+04 1.5053e+01 1.4585e+00
8.2549e+01 1.2923e+04 1.1456e-03 5.7298e-01 1.2923e+04 1.4805e+01 1.4409e+00
8.2941e+01 1.2916e+04 1.1267e-03 5.6590e-01 1.2916e+04 1.4552e+01 1.4229e+00
8.3333e+01 1.2909e+04 1.1074e-03 5.5865e-01 1.2909e+04 1.4295e+01 1.4045e+00
8.3725e+01 1.2901e+04 1.0878e-03 5.5123e-01 1.2901e+04 1.4034e+01 1.3857e+00
8.4118e+01 1.2894e+04 1.0678e-03 5.4364e-01 1.2894e+04 1.3768e+01 1.3665e+00
8.4510e+01 1.2886e+04 1.0474e-03 5.3588e-01 1.2886e+04 1.3497e+01 1.3468e+00
8.4902e+01 1.2878e+04 1.0266e-03 5.2794e-01 1.2878e+04 1.3221e+01 1.3266e+00
8.5294e+01 1.2870e+04 1.0055e-03 5.1982e-01 1.2870e+04 1.2941e+01 1.3061e+00
8.5686e+01 1.2861e+04 9.8397e-04 5.1152e-01 1.2861e+04 1.2655e+01 1.2850e+00
8.6078e+01 1.2853e+04 9.6206e-04 5.0303e-01 1.2853e+04 1.2365e+01 1.2635e+00
8.6471e+01 1.2845e+04 9.3975e-04 4.9436e-01 1.2845e+04 1.2071e+01 1.2416e+00
8.6863e+01 1.2836e+04 9.1705e-04 4.8549e-01 1.2836e+04 1.1771e+01 1.2191e+00
8.7255e+01 1.2827e+04 8.9394e-04 4.7642e-01 1.2827e+04 1.1467e+01 1.1962e+00
8.7647e+01 1.2818e+04 8.7044e-04 4.6716e-01 1.2818e+04 1.1157e+01 1.1728e+00
8.8039e+01 1.2809e+04 8.4652e-04 4.5770e-01 1.2809e+04 1.0843e+01 1.1488e+00
8.8431e+01 1.2800e+04 8.2220e-04 4.4803e-01 1.2800e+04 1.0524e+01 1.1244e+00
8.8824e+01 1.2790e+04 7.9745e-04 4.3815e-01 1.2790e+04 1.0200e+01 1.0994e+00
8.9216e+01 1.2781e+04 7.7229e-04 4.2806e-01 1.2781e+04 9.8704e+00 1.0740e+00
8.9608e+01 1.2771e+04 7.4670e-04 4.1775e-01 1.2771e+04 9.5362e+00 1.0479e+00
9.0000e+01 1.2761e+04 7.2068e-04 4.0722e-01 1.2761e+04 9.1968e+00 1.0214e+00
9.0392e+01 1.2751e+04 6.9422e-04 3.9646e-01 1.2751e+04 8.8522e+00 9.9423e-01
9.0784e+01 1.2741e+04 6.6733e-04 3.8548e-01 1.2741e+04 8.5025e+00 9.6654e-01
9.1176e+01 1.2731e+04 6.3998e-04 3.7426e-01 1.2731e+04 8.1476e+00 9.3827e-01
9.1569e+01 1.2721e+04 6.1219e-04 3.6281e-01 1.2721e+04 7.7874e+00 9.0941e-01
9.1961e+01 1.2710e+04 5.8393e-04 3.5111e-01 1.2710e+04 7.4218e+00 8.7995e-01
9.2353e+01 1.2699e+04 5.5521e-04 3.3917e-01 1.2699e+04 7.0509e+00 8.4988e-01
9.2745e+01 1.2689e+04 5.2603e-04 3.2698e-01 1.2689e+04 6.6745e+00 8.1920e-01
9.3137e+01 1.2678e+04 4.9636e-04 3.1452e-01 1.2678e+04 6.2927e+00 7.8787e-01
9.3529e+01 1.2667e+04 4.6621e-04 3.0181e-01 1.2667e+04 5.9053e+00 7.5590e-01
9.3922e+01 1.2655e+04 4.3557e-04 2.8883e-01 1.2655e+04 5.5123e+00 7.2328e-01
9.4314e+01 1.2644e+04 4.0444e-04 2.7558e-01 1.2644e+04 5.1137e+00 6.8997e-01
9.4706e+01 1.2632e+04 3.7280e-04 2.6204e-01 1.2632e+04 4.7093e+00 6.5599e-01
9.5098e+01 1.2621e+04 3.4065e-04 2.4823e-01 1.2621e+04 4.2992e+00 6.2130e-01
9.5490e+01 1.2609e+04 3.0798e-04 2.3412e-01 1.2609e+04 3.8833e+00 5.8591e-01
9.5882e+01 1.2597e+04 2.7480e-04 2.1973e-01 1.2597e+04 3.4617e+00 5.4979e-01
9.6275e+01 1.2585e+04 2.4114e-04 2.0505e-01 1.2585e+04 3.0347e+00 5.1299e-01
9.6667e+01 1.2573e+04 2.0708e-04 1.9012e-01 1.2573e+04 2.6036e+00 4.7558e-01
9.7059e+01 1.2561e+04 1.7284e-04 1.7504e-01 1.2561e+04 2.1710e+00 4.3779e-01
9.7451e+01 1.2549e+04 1.3892e-04 1.6002e-01 1.2549e+04 1.7432e+00 4.0018e-01
9.7843e+01 1.2537e+04 1.0627e-04 1.4552e-01 1.2537e+04 1.3323e+00 3.6386e-01
9.8235e+01 1.2527e+04 7.6373e-05 1.3223e-01 1.2527e+04 9.5671e-01 3.3060e-01
9.8627e+01 1.2518e+04 5.1023e-05 1.2100e-01 1.2518e+04 6.3870e-01 3.0251e-01
9.9020e+01 1.2511e+04 3.1624e-05 1.1243e-01 1.2511e+04 3.9564e-01 2.8108e-01
9.9412e+01 1.2506e+04 1.8492e-05 1.0654e-01 1.2506e+04 2.3127e-01 2.6634e-01
9.9804e+01 1.2505e+04 1.1305e-05 1.0276e-01 1.2505e+04 1.4136e-01 2.5689e-01
