# # x Density Velocity Pressure q0 q1 q2
1.9608e-01 1.0000e+05 0.0000e+00 1.0000e+00 1.0000e+05 0.0000e+00 2.5000e+00
5.8824e-01 1.0000e+05 0.0000e+00 1.0000e+00 1.0000e+05 0.0000e+00 2.5000e+00
9.8039e-01 1.0000e+05 0.0000e+00 1.0000e+00 1.0000e+05 0.0000e+00 2.5000e+00
1.3725e+00 1.0000e+05 0.0000e+00 1.0000e+00 1.0000e+05 0.0000e+00 2.5000e+00
1.7647e+00 1.0000e+05 0.0000e+00 1.0000e+00 1.0000e+05 0.0000e+00 2.5000e+00
2.1569e+00 1.0000e+05 0.0000e+00 1.0000e+00 1.0000e+05 0.0000e+00 2.5000e+00
2.5490e+00 1.0000e+05 0.0000e+00 1.0000e+00 1.0000e+05 0.0000e+00 2.5000e+00
2.9412e+00 1.0000e+05 0.0000e+00 1.0000e+00 1.0000e+05 0.0000e+00 2.5000e+00
3.3333e+00 1.0000e+05 0.0000e+00 1.0000e+00 1.0000e+05 0.0000e+00 2.5000e+00
3.7255e+00 1.0000e+05 0.0000e+00 1.0000e+00 1.0000e+05 0.0000e+00 2.5000e+00
4.1176e+00 1.0000e+05 0.0000e+00 1.0000e+00 1.0000e+05 0.0000e+00 2.5000e+00
4.5098e+00 1.0000e+05 0.0000e+00 1.0000e+00 1.0000e+05 0.0000e+00 2.5000e+00
4.9020e+00 1.0000e+05 0.0000e+00 1.0000e+00 1.0000e+05 0.0000e+00 2.5000e+00
5.2941e+00 1.0000e+05 0.0000e+00 1.0000e+00 1.0000e+05 0.0000e+00 2.5000e+00
5.6863e+00 1.0000e+05 0.0000e+00 1.0000e+00 1.0000e+05 0.0000e+00 2.5000e+00
6.0784e+00 1.0000e+05 0.0000e+00 1.0000e+00 1.0000e+05 0.0000e+00 2.5000e+00
6.4706e+00 1.0000e+05 0.0000e+00 1.0000e+00 1.0000e+05 0.0000e+00 2.5000e+00
6.8627e+00 1.0000e+05 0.0000e+00 1.0000e+00 1.0000e+05 0.0000e+00 2.5000e+00
7.2549e+00 1.0000e+05 0.0000e+00 1.0000e+00 1.0000e+05 0.0000e+00 2.5000e+00
7.6471e+00 1.0000e+05 0.0000e+00 1.0000e+00 1.0000e+05 0.0000e+00 2.5000e+00
8.0392e+00 1.0000e+05 0.0000e+00 1.0000e+00 1.0000e+05 0.0000e+00 2.5000e+00
8.4314e+00 1.0000e+05 0.0000e+00 1.0000e+00 1.0000e+05 0.0000e+00 2.5000e+00
8.8235e+00 1.0000e+05 0.0000e+00 1.0000e+00 1.0000e+05 0.0000e+00 2.5000e+00
9.2157e+00 1.0000e+05 0.0000e+00 1.0000e+00 1.0000e+05 0.0000e+00 2.5000e+00
9.6078e+00 1.0000e+05 0.0000e+00 1.0000e+00 1.0000e+05 0.0000e+00 2.5000e+00
1.0000e+01 1.0000e+05 0.0000e+00 1.0000e+00 1.0000e+05 0.0000e+00 2.5000e+00
1.0392e+01 1.0000e+05 0.0000e+00 1.0000e+00 1.0000e+05 0.0000e+00 2.5000e+00
1.0784e+01 1.0000e+05 0.0000e+00 1.0000e+00 1.0000e+05 0.0000e+00 2.5000e+00
1.1176e+01 1.0000e+05 0.0000e+00 1.0000e+00 1.0000e+05 0.0000e+00 2.5000e+00
1.1569e+01 1.0000e+05 0.0000e+00 1.0000e+00 1.0000e+05 0.0000e+00 2.5000e+00
1.1961e+01 1.0000e+05 0.0000e+00 1.0000e+00 1.0000e+05 0.0000e+00 2.5000e+00
1.2353e+01 1.0000e+05 0.0000e+00 1.0000e+00 1.0000e+05 0.0000e+00 2.5000e+00
1.2745e+01 1.0000e+05 0.0000e+00 1.0000e+00 1.0000e+05 0.0000e+00 2.5000e+00
1.3137e+01 1.0000e+05 0.0000e+00 1.0000e+00 1.0000e+05 0.0000e+00 2.5000e+00
1.3529e+01 1.0000e+05 0.0000e+00 1.0000e+00 1.0000e+05 0.0000e+00 2.5000e+00
1.3922e+01 1.0000e+05 0.0000e+00 1.0000e+00 1.0000e+05 0.0000e+00 2.5000e+00
1.4314e+01 1.0000e+05 0.0000e+00 1.0000e+00 1.0000e+05 0.0000e+00 2.5000e+00
1.4706e+01 1.0000e+05 0.0000e+00 1.0000e+00 1.0000e+05 0.0000e+00 2.5000e+00
1.5098e+01 1.0000e+05 0.0000e+00 1.0000e+00 1.0000e+05 0.0000e+00 2.5000e+00
1.5490e+01 1.0000e+05 0.0000e+00 1.0000e+00 1.0000e+05 0.0000e+00 2.5000e+00
1.5882e+01 1.0000e+05 0.0000e+00 1.0000e+00 1.0000e+05 0.0000e+00 2.5000e+00
1.6275e+01 1.0000e+05 0.0000e+00 1.0000e+00 1.0000e+05 0.0000e+00 2.5000e+00
1.6667e+01 1.0000e+05 0.0000e+00 1.0000e+00 1.0000e+05 0.0000e+00 2.5000e+00
1.7059e+01 1.0000e+05 0.0000e+00 1.0000e+00 1.0000e+05 0.0000e+00 2.5000e+00
1.7451e+01 1.0000e+05 0.0000e+00 1.0000e+00 1.0000e+05 0.0000e+00 2.5000e+00
1.7843e+01 1.0000e+05 0.0000e+00 1.0000e+00 1.0000e+05 0.0000e+00 2.5000e+00
1.8235e+01 1.0000e+05 0.0000e+00 1.0000e+00 1.0000e+05 0.0000e+00 2.5000e+00
1.8627e+01 1.0000e+05 0.0000e+00 1.0000e+00 1.0000e+05 0.0000e+00 2.5000e+00
1.9020e+01 1.0000e+05 0.0000e+00 1.0000e+00 1.0000e+05 0.0000e+00 2.5000e+00
1.9412e+01 1.0000e+05 0.0000e+00 1.0000e+00 1.0000e+05 0.0000e+00 2.5000e+00
1.9804e+01 1.0000e+05 0.0000e+00 1.0000e+00 1.0000e+05 0.0000e+00 2.5000e+00
2.0196e+01 1.0000e+05 0.0000e+00 1.0000e+00 1.0000e+05 0.0000e+00 2.5000e+00
2.0588e+01 1.0000e+05 0.0000e+00 1.0000e+00 1.0000e+05 0.0000e+00 2.5000e+00
2.0980e+01 1.0000e+05 0.0000e+00 1.0000e+00 1.0000e+05 0.0000e+00 2.5000e+00
2.1373e+01 1.0000e+05 0.0000e+00 1.0000e+00 1.0000e+05 0.0000e+00 2.5000e+00
2.1765e+01 1.0000e+05 0.0000e+00 1.0000e+00 1.0000e+05 0.0000e+00 2.5000e+00
2.2157e+01 1.0000e+05 0.0000e+00 1.0000e+00 1.0000e+05 0.0000e+00 2.5000e+00
2.2549e+01 1.0000e+05 0.0000e+00 1.0000e+00 1.0000e+05 0.0000e+00 2.5000e+00
2.2941e+01 1.0000e+05 0.0000e+00 1.0000e+00 1.0000e+05 0.0000e+00 2.5000e+00
2.3333e+01 1.0000e+05 0.0000e+00 1.0000e+00 1.0000e+05 0.0000e+00 2.5000e+00
2.3725e+01 1.0000e+05 0.0000e+00 1.0000e+00 1.0000e+05 0.0000e+00 2.5000e+00
2.4118e+01 1.0000e+05 0.0000e+00 1.0000e+00 1.0000e+05 0.0000e+00 2.5000e+00
2.4510e+01 1.0000e+05 0.0000e+00 1.0000e+00 1.0000e+05 0.0000e+00 2.5000e+00
2.4902e+01 1.0000e+05 0.0000e+00 1.0000e+00 1.0000e+05 0.0000e+00 2.5000e+00
2.5294e+01 1.0000e+05 0.0000e+00 1.0000e+00 1.0000e+05 0.0000e+00 2.5000e+00
2.5686e+01 1.0000e+05 0.0000e+00 1.0000e+00 1.0000e+05 0.0000e+00 2.5000e+00
2.6078e+01 1.0000e+05 0.0000e+00 1.0000e+00 1.0000e+05 0.0000e+00 2.5000e+00
2.6471e+01 1.0000e+05 0.0000e+00 1.0000e+00 1.0000e+05 0.0000e+00 2.5000e+00
2.6863e+01 1.0000e+05 0.0000e+00 1.0000e+00 1.0000e+05 0.0000e+00 2.5000e+00
2.7255e+01 1.0000e+05 0.0000e+00 1.0000e+00 1.0000e+05 0.0000e+00 2.5000e+00
2.7647e+01 1.0000e+05 0.0000e+00 1.0000e+00 1.0000e+05 0.0000e+00 2.5000e+00
2.8039e+01 1.0000e+05 0.0000e+00 1.0000e+00 1.0000e+05 0.0000e+00 2.5000e+00
2.8431e+01 1.0000e+05 0.0000e+00 1.0000e+00 1.0000e+05 0.0000e+00 2.5000e+00
2.8824e+01 1.0000e+05 0.0000e+00 1.0000e+00 1.0000e+05 0.0000e+00 2.5000e+00
2.9216e+01 1.0000e+05 0.0000e+00 1.0000e+00 1.0000e+05 0.0000e+00 2.5000e+00
2.9608e+01 1.0000e+05 0.0000e+00 1.0000e+00 1.0000e+05 0.0000e+00 2.5000e+00
3.0000e+01 1.0000e+05 0.0000e+00 1.0000e+00 1.0000e+05 0.0000e+00 2.5000e+00
3.0392e+01 1.0000e+05 0.0000e+00 1.0000e+00 1.0000e+05 0.0000e+00 2.5000e+00
3.0784e+01 1.0000e+05 0.0000e+00 1.0000e+00 1.0000e+05 0.0000e+00 2.5000e+00
3.1176e+01 1.0000e+05 0.0000e+00 1.0000e+00 1.0000e+05 0.0000e+00 2.5000e+00
3.1569e+01 1.0000e+05 0.0000e+00 1.0000e+00 1.0000e+05 0.0000e+00 2.5000e+00
3.1961e+01 1.0000e+05 1.1579e-19 1.0000e+00 1.0000e+05 1.1579e-14 2.5000e+00
3.2353e+01 1.0000e+05 7.4457e-19 1.0000e+00 1.0000e+05 7.4457e-14 2.5000e+00
3.2745e+01 1.0000e+05 2.4676e-18 1.0000e+00 1.0000e+05 2.4676e-13 2.5000e+00
3.3137e+01 1.0000e+05 7.3628e-18 1.0000e+00 1.0000e+05 7.3628e-13 2.5000e+00
3.3529e+01 1.0000e+05 2.3512e-17 1.0000e+00 1.0000e+05 2.3512e-12 2.5000e+00
3.3922e+01 1.0000e+05 7.6797e-17 1.0000e+00 1.0000e+05 7.6797e-12 2.5000e+00
3.4314e+01 1.0000e+05 2.5020e-16 1.0000e+00 1.0000e+05 2.5020e-11 2.5000e+00
3.4706e+01 1.0000e+05 8.0345e-16 1.0000e+00 1.0000e+05 8.0345e-11 2.5000e+00
3.5098e+01 1.0000e+05 2.5336e-15 1.0000e+00 1.0000e+05 2.5336e-10 2.5000e+00
3.5490e+01 1.0000e+05 7.8309e-15 1.0000e+00 1.0000e+05 7.8309e-10 2.5000e+00
3.5882e+01 1.0000e+05 2.3695e-14 1.0000e+00 1.0000e+05 2.3695e-09 2.5000e+00
3.6275e+01 1.0000e+05 7.0156e-14 1.0000e+00 1.0000e+05 7.0156e-09 2.5000e+00
3.6667e+01 1.0000e+05 2.0318e-13 1.0000e+00 1.0000e+05 2.0318e-08 2.5000e+00
3.7059e+01 1.0000e+05 5.7541e-13 1.0000e+00 1.0000e+05 5.7541e-08 2.5000e+00
3.7451e+01 1.0000e+05 1.5929e-12 1.0000e+00 1.0000e+05 1.5929e-07 2.5000e+00
3.7843e+01 1.0000e+05 4.3087e-12 1.0000e+00 1.0000e+05 4.3087e-07 2.5000e+00
3.8235e+01 1.0000e+05 1.1385e-11 1.0000e+00 1.0000e+05 1.1385e-06 2.5000e+00
3.8627e+01 1.0000e+05 2.9376e-11 1.0000e+00 1.0000e+05 2.9376e-06 2.5000e+00
3.9020e+01 1.0000e+05 7.3985e-11 1.0000e+00 1.0000e+05 7.3985e-06 2.5000e+00
3.9412e+01 1.0000e+05 1.8183e-10 1.0000e+00 1.0000e+05 1.8183e-05 2.5000e+00
3.9804e+01 1.0000e+05 4.3588e-10 1.0000e+00 1.0000e+05 4.3588e-05 2.5000e+00
4.0196e+01 1.0000e+05 1.0189e-09 1.0000e+00 1.0000e+05 1.0189e-04 2.5000e+00
4.0588e+01 1.0000e+05 2.3216e-09 9.9999e-01 1.0000e+05 2.3216e-04 2.5000e+00
4.0980e+01 1.0000e+05 5.1544e-09 9.9998e-01 1.0000e+05 5.1544e-04 2.4999e+00
4.1373e+01 1.0000e+05 1.1147e-08 9.9995e-01 1.0000e+05 1.1147e-03 2.4999e+00
4.1765e+01 1.0000e+05 2.3474e-08 9.9990e-01 1.0000e+05 2.3474e-03 2.4997e+00
4.2157e+01 1.0000e+05 4.8119e-08 9.9980e-01 1.0000e+05 4.8119e-03 2.4995e+00
4.2549e+01 1.0000e+05 9.5988e-08 9.9961e-01 1.0000e+05 9.5987e-03 2.4990e+00
4.2941e+01 9.9999e+04 1.8628e-07 9.9928e-01 9.9999e+04 1.8628e-02 2.4982e+00
4.3333e+01 9.9999e+04 3.5159e-07 9.9869e-01 9.9999e+04 3.5158e-02 2.4967e+00
4.3725e+01 9.9998e+04 6.4525e-07 9.9770e-01 9.9998e+04 6.4524e-02 2.4942e+00
4.4118e+01 9.9997e+04 1.1512e-06 9.9607e-01 9.9997e+04 1.1512e-01 2.4902e+00
4.4510e+01 9.9994e+04 1.9964e-06 9.9350e-01 9.9994e+04 1.9963e-01 2.4838e+00
4.4902e+01 9.9989e+04 3.3649e-06 9.8959e-01 9.9989e+04 3.3645e-01 2.4740e+00
4.5294e+01 9.9981e+04 5.5115e-06 9.8382e-01 9.9981e+04 5.5105e-01 2.4596e+00
4.5686e+01 9.9969e+04 8.7735e-06 9.7564e-01 9.9969e+04 8.7707e-01 2.4391e+00
4.6078e+01 9.9950e+04 1.3574e-05 9.6448e-01 9.9950e+04 1.3567e+00 2.4112e+00
4.6471e+01 9.9921e+04 2.0413e-05 9.4983e-01 9.9921e+04 2.0397e+00 2.3746e+00
4.6863e+01 9.9878e+04 2.9846e-05 9.3136e-01 9.9878e+04 2.9810e+00 2.3285e+00
4.7255e+01 9.9817e+04 4.2438e-05 9.0908e-01 9.9817e+04 4.2360e+00 2.2728e+00
4.7647e+01 9.9732e+04 5.8703e-05 8.8341e-01 9.9732e+04 5.8546e+00 2.2087e+00
4.8039e+01 9.9617e+04 7.8964e-05 8.5528e-01 9.9617e+04 7.8661e+00 2.1385e+00
4.8431e+01 9.9481e+04 1.0398e-04 8.2643e-01 9.9481e+04 1.0344e+01 2.0666e+00
4.8824e+01 9.9151e+04 1.2791e-04 7.9690e-01 9.9151e+04 1.2683e+01 1.9931e+00
4.9216e+01 9.9775e+04 1.9100e-04 7.8239e-01 9.9775e+04 1.9057e+01 1.9578e+00
4.9608e+01 1.0052e+05 1.0701e-04 7.1683e-01 1.0052e+05 1.0757e+01 1.7927e+00
5.0000e+01 1.2520e+04 3.1269e-04 7.3908e-01 1.2520e+04 3.9149e+00 1.8483e+00
5.0392e+01 1.2219e+04 8.3600e-04 7.7229e-01 1.2219e+04 1.0215e+01 1.9350e+00
5.0784e+01 1.2611e+04 1.0786e-03 7.8028e-01 1.2611e+04 1.3602e+01 1.9580e+00
5.1176e+01 1.2737e+04 9.9965e-04 7.5714e-01 1.2737e+04 1.2733e+01 1.8992e+00
5.1569e+01 1.2687e+04 1.0256e-03 7.4564e-01 1.2687e+04 1.3011e+01 1.8708e+00
5.1961e+01 1.2726e+04 9.4716e-04 7.2305e-01 1.2726e+04 1.2053e+01 1.8133e+00
5.2353e+01 1.2688e+04 9.4809e-04 7.0529e-01 1.2688e+04 1.2029e+01 1.7689e+00
5.2745e+01 1.2705e+04 8.8018e-04 6.8082e-01 1.2705e+04 1.1183e+01 1.7070e+00
5.3137e+01 1.2680e+04 8.5828e-04 6.5695e-01 1.2680e+04 1.0883e+01 1.6470e+00
5.3529e+01 1.2681e+04 7.9570e-04 6.2885e-01 1.2681e+04 1.0091e+01 1.5761e+00
5.3922e+01 1.2663e+04 7.5531e-04 5.9873e-01 1.2663e+04 9.5642e+00 1.5004e+00
5.4314e+01 1.2655e+04 6.9227e-04 5.6518e-01 1.2655e+04 8.7607e+00 1.4160e+00
5.4706e+01 1.2638e+04 6.3669e-04 5.2797e-01 1.2638e+04 8.0467e+00 1.3225e+00
5.5098e+01 1.2625e+04 5.6795e-04 4.8686e-01 1.2625e+04 7.1705e+00 1.2192e+00
5.5490e+01 1.2608e+04 4.9825e-04 4.4068e-01 1.2608e+04 6.2819e+00 1.1033e+00
5.5882e+01 1.2591e+04 4.1923e-04 3.8922e-01 1.2591e+04 5.2785e+00 9.7415e-01
5.6275e+01 1.2572e+04 3.3539e-04 3.3160e-01 1.2572e+04 4.2165e+00 8.2970e-01
5.6667e+01 1.2553e+04 2.4684e-04 2.6967e-01 1.2553e+04 3.0985e+00 6.7456e-01
5.7059e+01 1.2535e+04 1.6186e-04 2.0891e-01 1.2535e+04 2.0289e+00 5.2243e-01
5.7451e+01 1.2520e+04 9.1143e-05 1.5893e-01 1.2520e+04 1.1411e+00 3.9738e-01
5.7843e+01 1.2510e+04 4.3213e-05 1.2651e-01 1.2510e+04 5.4058e-01 3.1628e-01
5.8235e+01 1.2504e+04 1.7387e-05 1.1016e-01 1.2504e+04 2.1741e-01 2.7541e-01
5.8627e+01 1.2501e+04 6.1621e-06 1.0349e-01 1.2501e+04 7.7035e-02 2.5874e-01
5.9020e+01 1.2500e+04 2.0181e-06 1.0113e-01 1.2500e+04 2.5228e-02 2.5283e-01
5.9412e+01 1.2500e+04 6.3380e-07 1.0035e-01 1.2500e+04 7.9226e-03 2.5089e-01
5.9804e+01 1.2500e+04 1.9463e-07 1.0011e-01 1.2500e+04 2.4329e-03 2.5027e-01
6.0196e+01 1.2500e+04 5.8896e-08 1.0003e-01 1.2500e+04 7.3620e-04 2.5008e-01
6.0588e+01 1.2500e+04 1.7607e-08 1.0001e-01 1.2500e+04 2.2009e-04 2.5003e-01
6.0980e+01 1.2500e+04 5.2038e-09 1.0000e-01 1.2500e+04 6.5047e-05 2.5001e-01
6.1373e+01 1.2500e+04 1.5204e-09 1.0000e-01 1.2500e+04 1.9005e-05 2.5000e-01
6.1765e+01 1.2500e+04 4.3909e-10 1.0000e-01 1.2500e+04 5.4886e-06 2.5000e-01
6.2157e+01 1.2500e+04 1.2531e-10 1.0000e-01 1.2500e+04 1.5664e-06 2.5000e-01
6.2549e+01 1.2500e+04 3.5334e-11 1.0000e-01 1.2500e+04 4.4167e-07 2.5000e-01
6.2941e+01 1.2500e+04 9.8407e-12 1.0000e-01 1.2500e+04 1.2301e-07 2.5000e-01
6.3333e+01 1.2500e+04 2.7065e-12 1.0000e-01 1.2500e+04 3.3832e-08 2.5000e-01
6.3725e+01 1.2500e+04 7.3493e-13 1.0000e-01 1.2500e+04 9.1867e-09 2.5000e-01
6.4118e+01 1.2500e+04 1.9699e-13 1.0000e-01 1.2500e+04 2.4624e-09 2.5000e-01
6.4510e+01 1.2500e+04 5.2110e-14 1.0000e-01 1.2500e+04 6.5137e-10 2.5000e-01
6.4902e+01 1.2500e+04 1.3601e-14 1.0000e-01 1.2500e+04 1.7002e-10 2.5000e-01
6.5294e+01 1.2500e+04 3.5021e-15 1.0000e-01 1.2500e+04 4.3777e-11 2.5000e-01
6.5686e+01 1.2500e+04 8.8898e-16 1.0000e-01 1.2500e+04 1.1112e-11 2.5000e-01
6.6078e+01 1.2500e+04 2.2190e-16 1.0000e-01 1.2500e+04 2.7737e-12 2.5000e-01
6.6471e+01 1.2500e+04 5.4113e-17 1.0000e-01 1.2500e+04 6.7641e-13 2.5000e-01
6.6863e+01 1.2500e+04 1.2536e-17 1.0000e-01 1.2500e+04 1.5670e-13 2.5000e-01
6.7255e+01 1.2500e+04 2.4418e-18 1.0000e-01 1.2500e+04 3.0522e-14 2.5000e-01
6.7647e+01 1.2500e+04 2.3102e-19 1.0000e-01 1.2500e+04 2.8877e-15 2.5000e-01
6.8039e+01 1.2500e+04 2.8311e-21 1.0000e-01 1.2500e+04 3.5388e-17 2.5000e-01
6.8431e+01 1.2500e+04 0.0000e+00 1.0000e-01 1.2500e+04 0.0000e+00 2.5000e-01
6.8824e+01 1.2500e+04 0.0000e+00 1.0000e-01 1.2500e+04 0.0000e+00 2.5000e-01
6.9216e+01 1.2500e+04 0.0000e+00 1.0000e-01 1.2500e+04 0.0000e+00 2.5000e-01
6.9608e+01 1.2500e+04 0.0000e+00 1.0000e-01 1.2500e+04 0.0000e+00 2.5000e-01
7.0000e+01 1.2500e+04 0.0000e+00 1.0000e-01 1.2500e+04 0.0000e+00 2.5000e-01
7.0392e+01 1.2500e+04 0.0000e+00 1.0000e-01 1.2500e+04 0.0000e+00 2.5000e-01
7.0784e+01 1.2500e+04 0.0000e+00 1.0000e-01 1.2500e+04 0.0000e+00 2.5000e-01
7.1176e+01 1.2500e+04 0.0000e+00 1.0000e-01 1.2500e+04 0.0000e+00 2.5000e-01
7.1569e+01 1.2500e+04 0.0000e+00 1.0000e-01 1.2500e+04 0.0000e+00 2.5000e-01
7.1961e+01 1.2500e+04 0.0000e+00 1.0000e-01 1.2500e+04 0.0000e+00 2.5000e-01
7.2353e+01 1.2500e+04 0.0000e+00 1.0000e-01 1.2500e+04 0.0000e+00 2.5000e-01
7.2745e+01 1.2500e+04 0.0000e+00 1.0000e-01 1.2500e+04 0.0000e+00 2.5000e-01
7.3137e+01 1.2500e+04 0.0000e+00 1.0000e-01 1.2500e+04 0.0000e+00 2.5000e-01
7.3529e+01 1.2500e+04 0.0000e+00 1.0000e-01 1.2500e+04 0.0000e+00 2.5000e-01
7.3922e+01 1.2500e+04 0.0000e+00 1.0000e-01 1.2500e+04 0.0000e+00 2.5000e-01
7.4314e+01 1.2500e+04 0.0000e+00 1.0000e-01 1.2500e+04 0.0000e+00 2.5000e-01
7.4706e+01 1.2500e+04 0.0000e+00 1.0000e-01 1.2500e+04 0.0000e+00 2.5000e-01
7.5098e+01 1.2500e+04 0.0000e+00 1.0000e-01 1.2500e+04 0.0000e+00 2.5000e-01
7.5490e+01 1.2500e+04 0.0000e+00 1.0000e-01 1.2500e+04 0.0000e+00 2.5000e-01
7.5882e+01 1.2500e+04 0.0000e+00 1.0000e-01 1.2500e+04 0.0000e+00 2.5000e-01
7.6275e+01 1.2500e+04 0.0000e+00 1.0000e-01 1.2500e+04 0.0000e+00 2.5000e-01
7.6667e+01 1.2500e+04 0.0000e+00 1.0000e-01 1.2500e+04 0.0000e+00 2.5000e-01
7.7059e+01 1.2500e+04 0.0000e+00 1.0000e-01 1.2500e+04 0.0000e+00 2.5000e-01
7.7451e+01 1.2500e+04 0.0000e+00 1.0000e-01 1.2500e+04 0.0000e+00 2.5000e-01
7.7843e+01 1.2500e+04 0.0000e+00 1.0000e-01 1.2500e+04 0.0000e+00 2.5000e-01
7.8235e+01 1.2500e+04 0.0000e+00 1.0000e-01 1.2500e+04 0.0000e+00 2.5000e-01
7.8627e+01 1.2500e+04 0.0000e+00 1.0000e-01 1.2500e+04 0.0000e+00 2.5000e-01
7.9020e+01 1.2500e+04 0.0000e+00 1.0000e-01 1.2500e+04 0.0000e+00 2.5000e-01
7.9412e+01 1.2500e+04 0.0000e+00 1.0000e-01 1.2500e+04 0.0000e+00 2.5000e-01
7.9804e+01 1.2500e+04 0.0000e+00 1.0000e-01 1.2500e+04 0.0000e+00 2.5000e-01
8.0196e+01 1.2500e+04 0.0000e+00 1.0000e-01 1.2500e+04 0.0000e+00 2.5000e-01
8.0588e+01 1.2500e+04 0.0000e+00 1.0000e-01 1.2500e+04 0.0000e+00 2.5000e-01
8.0980e+01 1.2500e+04 0.0000e+00 1.0000e-01 1.2500e+04 0.0000e+00 2.5000e-01
8.1373e+01 1.2500e+04 0.0000e+00 1.0000e-01 1.2500e+04 0.0000e+00 2.5000e-01
8.1765e+01 1.2500e+04 0.0000e+00 1.0000e-01 1.2500e+04 0.0000e+00 2.5000e-01
8.2157e+01 1.2500e+04 0.0000e+00 1.0000e-01 1.2500e+04 0.0000e+00 2.5000e-01
8.2549e+01 1.2500e+04 0.0000e+00 1.0000e-01 1.2500e+04 0.0000e+00 2.5000e-01
8.2941e+01 1.2500e+04 0.0000e+00 1.0000e-01 1.2500e+04 0.0000e+00 2.5000e-01
8.3333e+01 1.2500e+04 0.0000e+00 1.0000e-01 1.2500e+04 0.0000e+00 2.5000e-01
8.3725e+01 1.2500e+04 0.0000e+00 1.0000e-01 1.2500e+04 0.0000e+00 2.5000e-01
8.4118e+01 1.2500e+04 0.0000e+00 1.0000e-01 1.2500e+04 0.0000e+00 2.5000e-01
8.4510e+01 1.2500e+04 0.0000e+00 1.0000e-01 1.2500e+04 0.0000e+00 2.5000e-01
8.4902e+01 1.2500e+04 0.0000e+00 1.0000e-01 1.2500e+04 0.0000e+00 2.5000e-01
8.5294e+01 1.2500e+04 0.0000e+00 1.0000e-01 1.2500e+04 0.0000e+00 2.5000e-01
8.5686e+01 1.2500e+04 0.0000e+00 1.0000e-01 1.2500e+04 0.0000e+00 2.5000e-01
8.6078e+01 1.2500e+04 0.0000e+00 1.0000e-01 1.2500e+04 0.0000e+00 2.5000e-01
8.6471e+01 1.2500e+04 0.0000e+00 1.0000e-01 1.2500e+04 0.0000e+00 2.5000e-01
8.6863e+01 1.2500e+04 0.0000e+00 1.0000e-01 1.2500e+04 0.0000e+00 2.5000e-01
8.7255e+01 1.2500e+04 0.0000e+00 1.0000e-01 1.2500e+04 0.0000e+00 2.5000e-01
8.7647e+01 1.2500e+04 0.0000e+00 1.0000e-01 1.2500e+04 0.0000e+00 2.5000e-01
8.8039e+01 1.2500e+04 0.0000e+00 1.0000e-01 1.2500e+04 0.0000e+00 2.5000e-01
8.8431e+01 1.2500e+04 0.0000e+00 1.0000e-01 1.2500e+04 0.0000e+00 2.5000e-01
8.8824e+01 1.2500e+04 0.0000e+00 1.0000e-01 1.2500e+04 0.0000e+00 2.5000e-01
8.9216e+01 1.2500e+04 0.0000e+00 1.0000e-01 1.2500e+04 0.0000e+00 2.5000e-01
8.9608e+01 1.2500e+04 0.0000e+00 1.0000e-01 1.2500e+04 0.0000e+00 2.5000e-01
9.0000e+01 1.2500e+04 0.0000e+00 1.0000e-01 1.2500e+04 0.0000e+00 2.5000e-01
9.0392e+01 1.2500e+04 0.0000e+00 1.0000e-01 1.2500e+04 0.0000e+00 2.5000e-01
9.0784e+01 1.2500e+04 0.0000e+00 1.0000e-01 1.2500e+04 0.0000e+00 2.5000e-01
9.1176e+01 1.2500e+04 0.0000e+00 1.0000e-01 1.2500e+04 0.0000e+00 2.5000e-01
9.1569e+01 1.2500e+04 0.0000e+00 1.0000e-01 1.2500e+04 0.0000e+00 2.5000e-01
9.1961e+01 1.2500e+04 0.0000e+00 1.0000e-01 1.2500e+04 0.0000e+00 2.5000e-01
9.2353e+01 1.2500e+04 0.0000e+00 1.0000e-01 1.2500e+04 0.0000e+00 2.5000e-01
9.2745e+01 1.2500e+04 0.0000e+00 1.0000e-01 1.2500e+04 0.0000e+00 2.5000e-01
9.3137e+01 1.2500e+04 0.0000e+00 1.0000e-01 1.2500e+04 0.0000e+00 2.5000e-01
9.3529e+01 1.2500e+04 0.0000e+00 1.0000e-01 1.2500e+04 0.0000e+00 2.5000e-01
9.3922e+01 1.2500e+04 0.0000e+00 1.0000e-01 1.2500e+04 0.0000e+00 2.5000e-01
9.4314e+01 1.2500e+04 0.0000e+00 1.0000e-01 1.2500e+04 0.0000e+00 2.5000e-01
9.4706e+01 1.2500e+04 0.0000e+00 1.0000e-01 1.2500e+04 0.0000e+00 2.5000e-01
9.5098e+01 1.2500e+04 0.0000e+00 1.0000e-01 1.2500e+04 0.0000e+00 2.5000e-01
9.5490e+01 1.2500e+04 0.0000e+00 1.0000e-01 1.2500e+04 0.0000e+00 2.5000e-01
9.5882e+01 1.2500e+04 0.0000e+00 1.0000e-01 1.2500e+04 0.0000e+00 2.5000e-01
9.6275e+01 1.2500e+04 0.0000e+00 1.0000e-01 1.2500e+04 0.0000e+00 2.5000e-01
9.6667e+01 1.2500e+04 0.0000e+00 1.0000e-01 1.2500e+04 0.0000e+00 2.5000e-01
9.7059e+01 1.2500e+04 0.0000e+00 1.0000e-01 1.2500e+04 0.0000e+00 2.5000e-01
9.7451e+01 1.2500e+04 0.0000e+00 1.0000e-01 1.2500e+04 0.0000e+00 2.5000e-01
9.7843e+01 1.2500e+04 0.0000e+00 1.0000e-01 1.2500e+04 0.0000e+00 2.5000e-01
9.8235e+01 1.2500e+04 0.0000e+00 1.0000e-01 1.2500e+04 0.0000e+00 2.5000e-01
9.8627e+01 1.2500e+04 0.0000e+00 1.0000e-01 1.2500e+04 0.0000e+00 2.5000e-01
9.9020e+01 1.2500e+04 0.0000e+00 1.0000e-01 1.2500e+04 0.0000e+00 2.5000e-01
9.9412e+01 1.2500e+04 0.0000e+00 1.0000e-01 1.2500e+04 0.0000e+00 2.5000e-01
9.9804e+01 1.2500e+04 0.0000e+00 1.0000e-01 1.2500e+04 0.0000e+00 2.5000e-01
