# # x Density Velocity Pressure q0 q1 q2
1.9608e-01 1.0000e+05 8.8056e-16 1.0000e+00 1.0000e+05 8.8056e-11 2.5000e+00
5.8824e-01 1.0000e+05 1.1677e-15 1.0000e+00 1.0000e+05 1.1677e-10 2.5000e+00
9.8039e-01 1.0000e+05 1.5282e-15 1.0000e+00 1.0000e+05 1.5282e-10 2.5000e+00
1.3725e+00 1.0000e+05 2.1291e-15 1.0000e+00 1.0000e+05 2.1291e-10 2.5000e+00
1.7647e+00 1.0000e+05 3.0825e-15 1.0000e+00 1.0000e+05 3.0825e-10 2.5000e+00
2.1569e+00 1.0000e+05 4.5389e-15 1.0000e+00 1.0000e+05 4.5389e-10 2.5000e+00
2.5490e+00 1.0000e+05 6.7217e-15 1.0000e+00 1.0000e+05 6.7217e-10 2.5000e+00
2.9412e+00 1.0000e+05 9.9616e-15 1.0000e+00 1.0000e+05 9.9616e-10 2.5000e+00
3.3333e+00 1.0000e+05 1.4742e-14 1.0000e+00 1.0000e+05 1.4742e-09 2.5000e+00
3.7255e+00 1.0000e+05 2.1766e-14 1.0000e+00 1.0000e+05 2.1766e-09 2.5000e+00
4.1176e+00 1.0000e+05 3.2041e-14 1.0000e+00 1.0000e+05 3.2041e-09 2.5000e+00
4.5098e+00 1.0000e+05 4.7024e-14 1.0000e+00 1.0000e+05 4.7024e-09 2.5000e+00
4.9020e+00 1.0000e+05 6.8795e-14 1.0000e+00 1.0000e+05 6.8795e-09 2.5000e+00
5.2941e+00 1.0000e+05 1.0033e-13 1.0000e+00 1.0000e+05 1.0033e-08 2.5000e+00
5.6863e+00 1.0000e+05 1.4584e-13 1.0000e+00 1.0000e+05 1.4584e-08 2.5000e+00
6.0784e+00 1.0000e+05 2.1131e-13 1.0000e+00 1.0000e+05 2.1131e-08 2.5000e+00
6.4706e+00 1.0000e+05 3.0517e-13 1.0000e+00 1.0000e+05 3.0517e-08 2.5000e+00
6.8627e+00 1.0000e+05 4.3928e-13 1.0000e+00 1.0000e+05 4.3928e-08 2.5000e+00
7.2549e+00 1.0000e+05 6.3027e-13 1.0000e+00 1.0000e+05 6.3027e-08 2.5000e+00
7.6471e+00 1.0000e+05 9.0132e-13 1.0000e+00 1.0000e+05 9.0132e-08 2.5000e+00
8.0392e+00 1.0000e+05 1.2847e-12 1.0000e+00 1.0000e+05 1.2847e-07 2.5000e+00
8.4314e+00 1.0000e+05 1.8252e-12 1.0000e+00 1.0000e+05 1.8252e-07 2.5000e+00
8.8235e+00 1.0000e+05 2.5846e-12 1.0000e+00 1.0000e+05 2.5846e-07 2.5000e+00
9.2157e+00 1.0000e+05 3.6478e-12 1.0000e+00 1.0000e+05 3.6478e-07 2.5000e+00
9.6078e+00 1.0000e+05 5.1315e-12 1.0000e+00 1.0000e+05 5.1315e-07 2.5000e+00
1.0000e+01 1.0000e+05 7.1950e-12 1.0000e+00 1.0000e+05 7.1950e-07 2.5000e+00
1.0392e+01 1.0000e+05 1.0055e-11 1.0000e+00 1.0000e+05 1.0055e-06 2.5000e+00
1.0784e+01 1.0000e+05 1.4005e-11 1.0000e+00 1.0000e+05 1.4005e-06 2.5000e+00
1.1176e+01 1.0000e+05 1.9444e-11 1.0000e+00 1.0000e+05 1.9444e-06 2.5000e+00
1.1569e+01 1.0000e+05 2.6904e-11 1.0000e+00 1.0000e+05 2.6904e-06 2.5000e+00
1.1961e+01 1.0000e+05 3.7105e-11 1.0000e+00 1.0000e+05 3.7105e-06 2.5000e+00
1.2353e+01 1.0000e+05 5.1005e-11 1.0000e+00 1.0000e+05 5.1005e-06 2.5000e+00
1.2745e+01 1.0000e+05 6.9880e-11 1.0000e+00 1.0000e+05 6.9880e-06 2.5000e+00
1.3137e+01 1.0000e+05 9.5425e-11 1.0000e+00 1.0000e+05 9.5425e-06 2.5000e+00
1.3529e+01 1.0000e+05 1.2988e-10 1.0000e+00 1.0000e+05 1.2988e-05 2.5000e+00
1.3922e+01 1.0000e+05 1.7618e-10 1.0000e+00 1.0000e+05 1.7618e-05 2.5000e+00
1.4314e+01 1.0000e+05 2.3821e-10 1.0000e+00 1.0000e+05 2.3821e-05 2.5000e+00
1.4706e+01 1.0000e+05 3.2100e-10 1.0000e+00 1.0000e+05 3.2100e-05 2.5000e+00
1.5098e+01 1.0000e+05 4.3115e-10 1.0000e+00 1.0000e+05 4.3115e-05 2.5000e+00
1.5490e+01 1.0000e+05 5.7718e-10 1.0000e+00 1.0000e+05 5.7718e-05 2.5000e+00
1.5882e+01 1.0000e+05 7.7011e-10 1.0000e+00 1.0000e+05 7.7011e-05 2.5000e+00
1.6275e+01 1.0000e+05 1.0241e-09 1.0000e+00 1.0000e+05 1.0241e-04 2.5000e+00
1.6667e+01 1.0000e+05 1.3575e-09 1.0000e+00 1.0000e+05 1.3575e-04 2.5000e+00
1.7059e+01 1.0000e+05 1.7934e-09 1.0000e+00 1.0000e+05 1.7934e-04 2.5000e+00
1.7451e+01 1.0000e+05 2.3614e-09 1.0000e+00 1.0000e+05 2.3614e-04 2.5000e+00
1.7843e+01 1.0000e+05 3.0990e-09 9.9999e-01 1.0000e+05 3.0990e-04 2.5000e+00
1.8235e+01 1.0000e+05 4.0537e-09 9.9999e-01 1.0000e+05 4.0537e-04 2.5000e+00
1.8627e+01 1.0000e+05 5.2849e-09 9.9999e-01 1.0000e+05 5.2849e-04 2.5000e+00
1.9020e+01 1.0000e+05 6.8674e-09 9.9999e-01 1.0000e+05 6.8674e-04 2.5000e+00
1.9412e+01 1.0000e+05 8.8944e-09 9.9998e-01 1.0000e+05 8.8944e-04 2.5000e+00
1.9804e+01 1.0000e+05 1.1482e-08 9.9998e-01 1.0000e+05 1.1482e-03 2.5000e+00
2.0196e+01 1.0000e+05 1.4773e-08 9.9997e-01 1.0000e+05 1.4773e-03 2.4999e+00
2.0588e+01 1.0000e+05 1.8945e-08 9.9997e-01 1.0000e+05 1.8945e-03 2.4999e+00
2.0980e+01 1.0000e+05 2.4215e-08 9.9996e-01 1.0000e+05 2.4215e-03 2.4999e+00
2.1373e+01 1.0000e+05 3.0851e-08 9.9995e-01 1.0000e+05 3.0851e-03 2.4999e+00
2.1765e+01 1.0000e+05 3.9175e-08 9.9994e-01 1.0000e+05 3.9175e-03 2.4998e+00
2.2157e+01 1.0000e+05 4.9582e-08 9.9992e-01 1.0000e+05 4.9582e-03 2.4998e+00
2.2549e+01 1.0000e+05 6.2549e-08 9.9990e-01 1.0000e+05 6.2549e-03 2.4998e+00
2.2941e+01 9.9999e+04 7.8650e-08 9.9988e-01 9.9999e+04 7.8649e-03 2.4997e+00
2.3333e+01 9.9999e+04 9.8572e-08 9.9985e-01 9.9999e+04 9.8571e-03 2.4996e+00
2.3725e+01 9.9999e+04 1.2314e-07 9.9981e-01 9.9999e+04 1.2314e-02 2.4995e+00
2.4118e+01 9.9999e+04 1.5332e-07 9.9977e-01 9.9999e+04 1.5332e-02 2.4994e+00
2.4510e+01 9.9999e+04 1.9029e-07 9.9971e-01 9.9999e+04 1.9029e-02 2.4993e+00
2.4902e+01 9.9998e+04 2.3540e-07 9.9965e-01 9.9998e+04 2.3540e-02 2.4991e+00
2.5294e+01 9.9998e+04 2.9027e-07 9.9957e-01 9.9998e+04 2.9027e-02 2.4989e+00
2.5686e+01 9.9998e+04 3.5677e-07 9.9948e-01 9.9998e+04 3.5676e-02 2.4987e+00
2.6078e+01 9.9997e+04 4.3709e-07 9.9937e-01 9.9997e+04 4.3707e-02 2.4984e+00
2.6471e+01 9.9996e+04 5.3377e-07 9.9925e-01 9.9996e+04 5.3375e-02 2.4981e+00
2.6863e+01 9.9995e+04 6.4974e-07 9.9909e-01 9.9995e+04 6.4971e-02 2.4977e+00
2.7255e+01 9.9994e+04 7.8837e-07 9.9891e-01 9.9994e+04 7.8833e-02 2.4973e+00
2.7647e+01 9.9993e+04 9.5353e-07 9.9870e-01 9.9993e+04 9.5347e-02 2.4968e+00
2.8039e+01 9.9992e+04 1.1496e-06 9.9845e-01 9.9992e+04 1.1495e-01 2.4961e+00
2.8431e+01 9.9990e+04 1.3816e-06 9.9817e-01 9.9990e+04 1.3815e-01 2.4954e+00
2.8824e+01 9.9988e+04 1.6552e-06 9.9783e-01 9.9988e+04 1.6550e-01 2.4946e+00
2.9216e+01 9.9985e+04 1.9767e-06 9.9744e-01 9.9985e+04 1.9764e-01 2.4936e+00
2.9608e+01 9.9982e+04 2.3533e-06 9.9699e-01 9.9982e+04 2.3529e-01 2.4925e+00
3.0000e+01 9.9978e+04 2.7928e-06 9.9648e-01 9.9978e+04 2.7922e-01 2.4912e+00
3.0392e+01 9.9974e+04 3.3040e-06 9.9589e-01 9.9974e+04 3.3032e-01 2.4897e+00
3.0784e+01 9.9969e+04 3.8967e-06 9.9522e-01 9.9969e+04 3.8955e-01 2.4880e+00
3.1176e+01 9.9963e+04 4.5816e-06 9.9445e-01 9.9963e+04 4.5799e-01 2.4861e+00
3.1569e+01 9.9956e+04 5.3702e-06 9.9359e-01 9.9956e+04 5.3678e-01 2.4840e+00
3.1961e+01 9.9948e+04 6.2753e-06 9.9261e-01 9.9948e+04 6.2720e-01 2.4815e+00
3.2353e+01 9.9939e+04 7.3106e-06 9.9151e-01 9.9939e+04 7.3062e-01 2.4788e+00
3.2745e+01 9.9928e+04 8.4910e-06 9.9028e-01 9.9928e+04 8.4849e-01 2.4757e+00
3.3137e+01 9.9916e+04 9.8322e-06 9.8890e-01 9.9916e+04 9.8239e-01 2.4723e+00
3.3529e+01 9.9901e+04 1.1351e-05 9.8737e-01 9.9901e+04 1.1340e+00 2.4684e+00
3.3922e+01 9.9885e+04 1.3066e-05 9.8567e-01 9.9885e+04 1.3051e+00 2.4642e+00
3.4314e+01 9.9867e+04 1.4996e-05 9.8379e-01 9.9867e+04 1.4976e+00 2.4595e+00
3.4706e+01 9.9845e+04 1.7160e-05 9.8173e-01 9.9845e+04 1.7133e+00 2.4543e+00
3.5098e+01 9.9821e+04 1.9579e-05 9.7946e-01 9.9821e+04 1.9544e+00 2.4487e+00
3.5490e+01 9.9794e+04 2.2275e-05 9.7698e-01 9.9794e+04 2.2229e+00 2.4425e+00
3.5882e+01 9.9763e+04 2.5269e-05 9.7428e-01 9.9763e+04 2.5209e+00 2.4357e+00
3.6275e+01 9.9728e+04 2.8585e-05 9.7135e-01 9.9728e+04 2.8507e+00 2.4284e+00
3.6667e+01 9.9690e+04 3.2245e-05 9.6817e-01 9.9690e+04 3.2145e+00 2.4205e+00
3.7059e+01 9.9646e+04 3.6272e-05 9.6475e-01 9.9646e+04 3.6144e+00 2.4119e+00
3.7451e+01 9.9598e+04 4.0690e-05 9.6108e-01 9.9598e+04 4.0526e+00 2.4028e+00
3.7843e+01 9.9544e+04 4.5521e-05 9.5714e-01 9.9544e+04 4.5313e+00 2.3930e+00
3.8235e+01 9.9484e+04 5.0788e-05 9.5294e-01 9.9484e+04 5.0526e+00 2.3825e+00
3.8627e+01 9.9418e+04 5.6513e-05 9.4847e-01 9.9418e+04 5.6184e+00 2.3713e+00
3.9020e+01 9.9346e+04 6.2717e-05 9.4374e-01 9.9346e+04 6.2307e+00 2.3595e+00
3.9412e+01 9.9266e+04 6.9420e-05 9.3874e-01 9.9266e+04 6.8911e+00 2.3471e+00
3.9804e+01 9.9179e+04 7.6641e-05 9.3347e-01 9.9179e+04 7.6012e+00 2.3340e+00
4.0196e+01 9.9083e+04 8.4398e-05 9.2795e-01 9.9083e+04 8.3624e+00 2.3202e+00
4.0588e+01 9.8979e+04 9.2705e-05 9.2217e-01 9.8979e+04 9.1758e+00 2.3059e+00
4.0980e+01 9.8866e+04 1.0158e-04 9.1615e-01 9.8866e+04 1.0042e+01 2.2909e+00
4.1373e+01 9.8743e+04 1.1102e-04 9.0990e-01 9.8743e+04 1.0963e+01 2.2753e+00
4.1765e+01 9.8610e+04 1.2105e-04 9.0342e-01 9.8610e+04 1.1937e+01 2.2593e+00
4.2157e+01 9.8468e+04 1.3168e-04 8.9674e-01 9.8468e+04 1.2966e+01 2.2427e+00
4.2549e+01 9.8314e+04 1.4289e-04 8.8986e-01 9.8314e+04 1.4048e+01 2.2257e+00
4.2941e+01 9.8150e+04 1.5474e-04 8.8283e-01 9.8150e+04 1.5188e+01 2.2083e+00
4.3333e+01 9.7971e+04 1.6701e-04 8.7558e-01 9.7971e+04 1.6362e+01 2.1903e+00
4.3725e+01 9.7794e+04 1.8041e-04 8.6839e-01 9.7794e+04 1.7643e+01 2.1726e+00
4.4118e+01 9.7562e+04 1.9283e-04 8.6054e-01 9.7562e+04 1.8813e+01 2.1532e+00
4.4510e+01 9.7434e+04 2.0998e-04 8.5403e-01 9.7434e+04 2.0460e+01 2.1372e+00
4.4902e+01 9.7010e+04 2.1749e-04 8.4398e-01 9.7010e+04 2.1099e+01 2.1122e+00
4.5294e+01 9.7204e+04 2.4813e-04 8.4154e-01 9.7204e+04 2.4119e+01 2.1068e+00
4.5686e+01 9.6129e+04 2.3419e-04 8.2388e-01 9.6129e+04 2.2513e+01 2.0623e+00
4.6078e+01 9.7255e+04 2.9982e-04 8.3275e-01 9.7255e+04 2.9159e+01 2.0862e+00
4.6471e+01 9.4994e+04 2.4544e-04 8.0149e-01 9.4994e+04 2.3315e+01 2.0066e+00
4.6863e+01 9.7038e+04 3.4530e-04 8.2117e-01 9.7038e+04 3.3507e+01 2.0587e+00
4.7255e+01 9.4640e+04 2.8942e-04 7.8947e-01 9.4640e+04 2.7391e+01 1.9776e+00
4.7647e+01 9.5579e+04 3.5069e-04 7.9602e-01 9.5579e+04 3.3518e+01 1.9959e+00
4.8039e+01 9.4924e+04 3.5929e-04 7.8549e-01 9.4924e+04 3.4106e+01 1.9698e+00
4.8431e+01 9.4518e+04 3.7801e-04 7.7822e-01 9.4518e+04 3.5729e+01 1.9523e+00
4.8824e+01 9.5080e+04 3.8107e-04 7.6591e-01 9.5080e+04 3.6233e+01 1.9217e+00
4.9216e+01 8.5786e+04 4.2796e-04 7.6780e-01 8.5786e+04 3.6713e+01 1.9274e+00
4.9608e+01 1.2590e+05 4.3237e-04 7.5480e-01 1.2590e+05 5.4436e+01 1.8988e+00
5.0000e+01 5.1387e+04 4.4265e-04 7.4865e-01 5.1387e+04 2.2746e+01 1.8767e+00
5.0392e+01 1.7780e+04 4.7138e-04 7.4806e-01 1.7780e+04 8.3813e+00 1.8721e+00
5.0784e+01 9.7408e+03 5.2707e-04 7.4787e-01 9.7408e+03 5.1341e+00 1.8710e+00
5.1176e+01 8.7978e+03 5.8863e-04 7.4349e-01 8.7978e+03 5.1786e+00 1.8603e+00
5.1569e+01 9.1055e+03 6.7578e-04 7.4178e-01 9.1055e+03 6.1533e+00 1.8565e+00
5.1961e+01 9.8214e+03 8.1940e-04 7.4721e-01 9.8214e+03 8.0477e+00 1.8713e+00
5.2353e+01 1.0314e+04 8.9708e-04 7.4801e-01 1.0314e+04 9.2528e+00 1.8742e+00
5.2745e+01 1.0706e+04 8.9817e-04 7.4205e-01 1.0706e+04 9.6154e+00 1.8594e+00
5.3137e+01 1.0955e+04 9.1607e-04 7.3884e-01 1.0955e+04 1.0035e+01 1.8517e+00
5.3529e+01 1.1253e+04 9.9505e-04 7.4283e-01 1.1253e+04 1.1198e+01 1.8626e+00
5.3922e+01 1.1479e+04 1.0738e-03 7.4750e-01 1.1479e+04 1.2326e+01 1.8754e+00
5.4314e+01 1.1634e+04 1.1004e-03 7.4692e-01 1.1634e+04 1.2802e+01 1.8744e+00
5.4706e+01 1.1702e+04 1.0871e-03 7.4237e-01 1.1702e+04 1.2721e+01 1.8629e+00
5.5098e+01 1.1780e+04 1.0832e-03 7.3873e-01 1.1780e+04 1.2759e+01 1.8537e+00
5.5490e+01 1.1888e+04 1.1206e-03 7.4003e-01 1.1888e+04 1.3322e+01 1.8575e+00
5.5882e+01 1.2030e+04 1.1877e-03 7.4493e-01 1.2030e+04 1.4288e+01 1.8708e+00
5.6275e+01 1.2153e+04 1.2482e-03 7.4938e-01 1.2153e+04 1.5170e+01 1.8829e+00
5.6667e+01 1.2232e+04 1.2775e-03 7.5051e-01 1.2232e+04 1.5626e+01 1.8863e+00
5.7059e+01 1.2262e+04 1.2755e-03 7.4823e-01 1.2262e+04 1.5641e+01 1.8805e+00
5.7451e+01 1.2277e+04 1.2621e-03 7.4425e-01 1.2277e+04 1.5496e+01 1.8704e+00
5.7843e+01 1.2314e+04 1.2669e-03 7.4245e-01 1.2314e+04 1.5601e+01 1.8660e+00
5.8235e+01 1.2399e+04 1.3113e-03 7.4538e-01 1.2399e+04 1.6259e+01 1.8741e+00
5.8627e+01 1.2525e+04 1.3893e-03 7.5236e-01 1.2525e+04 1.7400e+01 1.8930e+00
5.9020e+01 1.2667e+04 1.4800e-03 7.6106e-01 1.2667e+04 1.8748e+01 1.9165e+00
5.9412e+01 1.2798e+04 1.5630e-03 7.6909e-01 1.2798e+04 2.0003e+01 1.9383e+00
5.9804e+01 1.2899e+04 1.6259e-03 7.7492e-01 1.2899e+04 2.0972e+01 1.9543e+00
6.0196e+01 1.2967e+04 1.6657e-03 7.7813e-01 1.2967e+04 2.1599e+01 1.9633e+00
6.0588e+01 1.3007e+04 1.6862e-03 7.7912e-01 1.3007e+04 2.1933e+01 1.9663e+00
6.0980e+01 1.3028e+04 1.6941e-03 7.7865e-01 1.3028e+04 2.2071e+01 1.9653e+00
6.1373e+01 1.3039e+04 1.6953e-03 7.7742e-01 1.3039e+04 2.2105e+01 1.9623e+00
6.1765e+01 1.3045e+04 1.6939e-03 7.7591e-01 1.3045e+04 2.2096e+01 1.9585e+00
6.2157e+01 1.3050e+04 1.6915e-03 7.7428e-01 1.3050e+04 2.2073e+01 1.9544e+00
6.2549e+01 1.3054e+04 1.6886e-03 7.7259e-01 1.3054e+04 2.2042e+01 1.9501e+00
6.2941e+01 1.3057e+04 1.6854e-03 7.7083e-01 1.3057e+04 2.2006e+01 1.9456e+00
6.3333e+01 1.3060e+04 1.6818e-03 7.6901e-01 1.3060e+04 2.1965e+01 1.9410e+00
6.3725e+01 1.3063e+04 1.6780e-03 7.6714e-01 1.3063e+04 2.1920e+01 1.9362e+00
6.4118e+01 1.3066e+04 1.6739e-03 7.6520e-01 1.3066e+04 2.1870e+01 1.9313e+00
6.4510e+01 1.3068e+04 1.6695e-03 7.6321e-01 1.3068e+04 2.1817e+01 1.9262e+00
6.4902e+01 1.3070e+04 1.6648e-03 7.6115e-01 1.3070e+04 2.1759e+01 1.9210e+00
6.5294e+01 1.3071e+04 1.6599e-03 7.5904e-01 1.3071e+04 2.1696e+01 1.9156e+00
6.5686e+01 1.3072e+04 1.6546e-03 7.5686e-01 1.3072e+04 2.1630e+01 1.9101e+00
6.6078e+01 1.3073e+04 1.6492e-03 7.5462e-01 1.3073e+04 2.1560e+01 1.9043e+00
6.6471e+01 1.3074e+04 1.6434e-03 7.5232e-01 1.3074e+04 2.1486e+01 1.8985e+00
6.6863e+01 1.3075e+04 1.6374e-03 7.4995e-01 1.3075e+04 2.1408e+01 1.8924e+00
6.7255e+01 1.3075e+04 1.6311e-03 7.4751e-01 1.3075e+04 2.1327e+01 1.8862e+00
6.7647e+01 1.3075e+04 1.6246e-03 7.4500e-01 1.3075e+04 2.1241e+01 1.8798e+00
6.8039e+01 1.3075e+04 1.6178e-03 7.4242e-01 1.3075e+04 2.1152e+01 1.8732e+00
6.8431e+01 1.3074e+04 1.6107e-03 7.3977e-01 1.3074e+04 2.1058e+01 1.8664e+00
6.8824e+01 1.3073e+04 1.6033e-03 7.3705e-01 1.3073e+04 2.0961e+01 1.8594e+00
6.9216e+01 1.3073e+04 1.5957e-03 7.3425e-01 1.3073e+04 2.0860e+01 1.8523e+00
6.9608e+01 1.3071e+04 1.5878e-03 7.3136e-01 1.3071e+04 2.0755e+01 1.8449e+00
7.0000e+01 1.3070e+04 1.5797e-03 7.2840e-01 1.3070e+04 2.0646e+01 1.8373e+00
7.0392e+01 1.3068e+04 1.5712e-03 7.2536e-01 1.3068e+04 2.0534e+01 1.8295e+00
7.0784e+01 1.3067e+04 1.5625e-03 7.2223e-01 1.3067e+04 2.0417e+01 1.8215e+00
7.1176e+01 1.3065e+04 1.5535e-03 7.1901e-01 1.3065e+04 2.0296e+01 1.8133e+00
7.1569e+01 1.3063e+04 1.5442e-03 7.1570e-01 1.3063e+04 2.0172e+01 1.8048e+00
7.1961e+01 1.3060e+04 1.5347e-03 7.1231e-01 1.3060e+04 2.0043e+01 1.7961e+00
7.2353e+01 1.3058e+04 1.5248e-03 7.0881e-01 1.3058e+04 1.9911e+01 1.7872e+00
7.2745e+01 1.3055e+04 1.5147e-03 7.0523e-01 1.3055e+04 1.9774e+01 1.7780e+00
7.3137e+01 1.3052e+04 1.5043e-03 7.0154e-01 1.3052e+04 1.9634e+01 1.7686e+00
7.3529e+01 1.3049e+04 1.4935e-03 6.9775e-01 1.3049e+04 1.9489e+01 1.7589e+00
7.3922e+01 1.3046e+04 1.4825e-03 6.9387e-01 1.3046e+04 1.9340e+01 1.7490e+00
7.4314e+01 1.3042e+04 1.4712e-03 6.8987e-01 1.3042e+04 1.9188e+01 1.7388e+00
7.4706e+01 1.3038e+04 1.4596e-03 6.8577e-01 1.3038e+04 1.9031e+01 1.7283e+00
7.5098e+01 1.3035e+04 1.4477e-03 6.8156e-01 1.3035e+04 1.8870e+01 1.7175e+00
7.5490e+01 1.3031e+04 1.4354e-03 6.7723e-01 1.3031e+04 1.8704e+01 1.7065e+00
7.5882e+01 1.3026e+04 1.4229e-03 6.7279e-01 1.3026e+04 1.8535e+01 1.6952e+00
7.6275e+01 1.3022e+04 1.4100e-03 6.6823e-01 1.3022e+04 1.8361e+01 1.6835e+00
7.6667e+01 1.3017e+04 1.3969e-03 6.6356e-01 1.3017e+04 1.8184e+01 1.6716e+00
7.7059e+01 1.3013e+04 1.3834e-03 6.5876e-01 1.3013e+04 1.8002e+01 1.6594e+00
7.7451e+01 1.3008e+04 1.3696e-03 6.5384e-01 1.3008e+04 1.7815e+01 1.6468e+00
7.7843e+01 1.3003e+04 1.3554e-03 6.4879e-01 1.3003e+04 1.7625e+01 1.6339e+00
7.8235e+01 1.2998e+04 1.3410e-03 6.4361e-01 1.2998e+04 1.7430e+01 1.6207e+00
7.8627e+01 1.2992e+04 1.3262e-03 6.3830e-01 1.2992e+04 1.7230e+01 1.6072e+00
7.9020e+01 1.2987e+04 1.3111e-03 6.3285e-01 1.2987e+04 1.7027e+01 1.5933e+00
7.9412e+01 1.2981e+04 1.2957e-03 6.2727e-01 1.2981e+04 1.6819e+01 1.5791e+00
7.9804e+01 1.2975e+04 1.2799e-03 6.2155e-01 1.2975e+04 1.6606e+01 1.5645e+00
8.0196e+01 1.2969e+04 1.2637e-03 6.1569e-01 1.2969e+04 1.6390e+01 1.5496e+00
8.0588e+01 1.2963e+04 1.2473e-03 6.0968e-01 1.2963e+04 1.6168e+01 1.5343e+00
8.0980e+01 1.2957e+04 1.2305e-03 6.0352e-01 1.2957e+04 1.5943e+01 1.5186e+00
8.1373e+01 1.2950e+04 1.2133e-03 5.9722e-01 1.2950e+04 1.5713e+01 1.5026e+00
8.1765e+01 1.2943e+04 1.1958e-03 5.9077e-01 1.2943e+04 1.5478e+01 1.4862e+00
8.2157e+01 1.2937e+04 1.1780e-03 5.8416e-01 1.2937e+04 1.5239e+01 1.4694e+00
8.2549e+01 1.2930e+04 1.1598e-03 5.7739e-01 1.2930e+04 1.4995e+01 1.4522e+00
8.2941e+01 1.2923e+04 1.1412e-03 5.7046e-01 1.2923e+04 1.4747e+01 1.4346e+00
8.3333e+01 1.2915e+04 1.1223e-03 5.6337e-01 1.2915e+04 1.4494e+01 1.4166e+00
8.3725e+01 1.2908e+04 1.1030e-03 5.5612e-01 1.2908e+04 1.4237e+01 1.3982e+00
8.4118e+01 1.2900e+04 1.0833e-03 5.4870e-01 1.2900e+04 1.3975e+01 1.3793e+00
8.4510e+01 1.2893e+04 1.0633e-03 5.4111e-01 1.2893e+04 1.3708e+01 1.3601e+00
8.4902e+01 1.2885e+04 1.0429e-03 5.3334e-01 1.2885e+04 1.3437e+01 1.3404e+00
8.5294e+01 1.2877e+04 1.0221e-03 5.2540e-01 1.2877e+04 1.3161e+01 1.3202e+00
8.5686e+01 1.2869e+04 1.0009e-03 5.1729e-01 1.2869e+04 1.2881e+01 1.2997e+00
8.6078e+01 1.2860e+04 9.7939e-04 5.0898e-01 1.2860e+04 1.2595e+01 1.2786e+00
8.6471e+01 1.2852e+04 9.5746e-04 5.0050e-01 1.2852e+04 1.2305e+01 1.2571e+00
8.6863e+01 1.2843e+04 9.3515e-04 4.9183e-01 1.2843e+04 1.2011e+01 1.2352e+00
8.7255e+01 1.2835e+04 9.1244e-04 4.8296e-01 1.2835e+04 1.1711e+01 1.2128e+00
8.7647e+01 1.2826e+04 8.8933e-04 4.7391e-01 1.2826e+04 1.1407e+01 1.1898e+00
8.8039e+01 1.2817e+04 8.6582e-04 4.6465e-01 1.2817e+04 1.1097e+01 1.1664e+00
8.8431e+01 1.2808e+04 8.4191e-04 4.5520e-01 1.2808e+04 1.0783e+01 1.1425e+00
8.8824e+01 1.2799e+04 8.1759e-04 4.4554e-01 1.2799e+04 1.0464e+01 1.1181e+00
8.9216e+01 1.2789e+04 7.9286e-04 4.3567e-01 1.2789e+04 1.0140e+01 1.0932e+00
8.9608e+01 1.2780e+04 7.6770e-04 4.2559e-01 1.2780e+04 9.8109e+00 1.0677e+00
9.0000e+01 1.2770e+04 7.4213e-04 4.1530e-01 1.2770e+04 9.4769e+00 1.0418e+00
9.0392e+01 1.2760e+04 7.1612e-04 4.0479e-01 1.2760e+04 9.1378e+00 1.0152e+00
9.0784e+01 1.2750e+04 6.8969e-04 3.9405e-01 1.2750e+04 8.7936e+00 9.8816e-01
9.1176e+01 1.2740e+04 6.6281e-04 3.8309e-01 1.2740e+04 8.4442e+00 9.6052e-01
9.1569e+01 1.2730e+04 6.3550e-04 3.7189e-01 1.2730e+04 8.0897e+00 9.3231e-01
9.1961e+01 1.2719e+04 6.0773e-04 3.6047e-01 1.2719e+04 7.7299e+00 9.0351e-01
9.2353e+01 1.2709e+04 5.7951e-04 3.4880e-01 1.2709e+04 7.3649e+00 8.7412e-01
9.2745e+01 1.2698e+04 5.5083e-04 3.3688e-01 1.2698e+04 6.9945e+00 8.4413e-01
9.3137e+01 1.2687e+04 5.2168e-04 3.2472e-01 1.2687e+04 6.6187e+00 8.1352e-01
9.3529e+01 1.2676e+04 4.9206e-04 3.1230e-01 1.2676e+04 6.2375e+00 7.8228e-01
9.3922e+01 1.2665e+04 4.6196e-04 2.9962e-01 1.2665e+04 5.8508e+00 7.5040e-01
9.4314e+01 1.2654e+04 4.3137e-04 2.8668e-01 1.2654e+04 5.4586e+00 7.1787e-01
9.4706e+01 1.2643e+04 4.0029e-04 2.7346e-01 1.2643e+04 5.0608e+00 6.8467e-01
9.5098e+01 1.2631e+04 3.6871e-04 2.5997e-01 1.2631e+04 4.6573e+00 6.5080e-01
9.5490e+01 1.2620e+04 3.3663e-04 2.4620e-01 1.2620e+04 4.2481e+00 6.1622e-01
9.5882e+01 1.2608e+04 3.0404e-04 2.3214e-01 1.2608e+04 3.8332e+00 5.8094e-01
9.6275e+01 1.2596e+04 2.7094e-04 2.1780e-01 1.2596e+04 3.4127e+00 5.4495e-01
9.6667e+01 1.2584e+04 2.3738e-04 2.0317e-01 1.2584e+04 2.9871e+00 5.0827e-01
9.7059e+01 1.2572e+04 2.0344e-04 1.8829e-01 1.2572e+04 2.5576e+00 4.7099e-01
9.7451e+01 1.2559e+04 1.6938e-04 1.7327e-01 1.2559e+04 2.1273e+00 4.3335e-01
9.7843e+01 1.2548e+04 1.3571e-04 1.5832e-01 1.2548e+04 1.7029e+00 3.9592e-01
9.8235e+01 1.2536e+04 1.0346e-04 1.4390e-01 1.2536e+04 1.2970e+00 3.5982e-01
9.8627e+01 1.2526e+04 7.4182e-05 1.3072e-01 1.2526e+04 9.2920e-01 3.2683e-01
9.9020e+01 1.2517e+04 4.9712e-05 1.1956e-01 1.2517e+04 6.2224e-01 2.9893e-01
9.9412e+01 1.2510e+04 3.1422e-05 1.1093e-01 1.2510e+04 3.9309e-01 2.7734e-01
9.9804e+01 1.2509e+04 2.0462e-05 1.0476e-01 1.2509e+04 2.5595e-01 2.6190e-01
