# # x Density Velocity Pressure q0 q1 q2
1.9608e-01 1.0000e+05 0.0000e+00 1.0000e+00 1.0000e+05 0.0000e+00 2.5000e+00
5.8824e-01 1.0000e+05 0.0000e+00 1.0000e+00 1.0000e+05 0.0000e+00 2.5000e+00
9.8039e-01 1.0000e+05 0.0000e+00 1.0000e+00 1.0000e+05 0.0000e+00 2.5000e+00
1.3725e+00 1.0000e+05 0.0000e+00 1.0000e+00 1.0000e+05 0.0000e+00 2.5000e+00
1.7647e+00 1.0000e+05 0.0000e+00 1.0000e+00 1.0000e+05 0.0000e+00 2.5000e+00
2.1569e+00 1.0000e+05 0.0000e+00 1.0000e+00 1.0000e+05 0.0000e+00 2.5000e+00
2.5490e+00 1.0000e+05 0.0000e+00 1.0000e+00 1.0000e+05 0.0000e+00 2.5000e+00
2.9412e+00 1.0000e+05 0.0000e+00 1.0000e+00 1.0000e+05 0.0000e+00 2.5000e+00
3.3333e+00 1.0000e+05 0.0000e+00 1.0000e+00 1.0000e+05 0.0000e+00 2.5000e+00
3.7255e+00 1.0000e+05 0.0000e+00 1.0000e+00 1.0000e+05 0.0000e+00 2.5000e+00
4.1176e+00 1.0000e+05 0.0000e+00 1.0000e+00 1.0000e+05 0.0000e+00 2.5000e+00
4.5098e+00 1.0000e+05 0.0000e+00 1.0000e+00 1.0000e+05 0.0000e+00 2.5000e+00
4.9020e+00 1.0000e+05 0.0000e+00 1.0000e+00 1.0000e+05 0.0000e+00 2.5000e+00
5.2941e+00 1.0000e+05 0.0000e+00 1.0000e+00 1.0000e+05 0.0000e+00 2.5000e+00
5.6863e+00 1.0000e+05 0.0000e+00 1.0000e+00 1.0000e+05 0.0000e+00 2.5000e+00
6.0784e+00 1.0000e+05 0.0000e+00 1.0000e+00 1.0000e+05 0.0000e+00 2.5000e+00
6.4706e+00 1.0000e+05 0.0000e+00 1.0000e+00 1.0000e+05 0.0000e+00 2.5000e+00
6.8627e+00 1.0000e+05 0.0000e+00 1.0000e+00 1.0000e+05 0.0000e+00 2.5000e+00
7.2549e+00 1.0000e+05 0.0000e+00 1.0000e+00 1.0000e+05 0.0000e+00 2.5000e+00
7.6471e+00 1.0000e+05 0.0000e+00 1.0000e+00 1.0000e+05 0.0000e+00 2.5000e+00
8.0392e+00 1.0000e+05 0.0000e+00 1.0000e+00 1.0000e+05 0.0000e+00 2.5000e+00
8.4314e+00 1.0000e+05 0.0000e+00 1.0000e+00 1.0000e+05 0.0000e+00 2.5000e+00
8.8235e+00 1.0000e+05 0.0000e+00 1.0000e+00 1.0000e+05 0.0000e+00 2.5000e+00
9.2157e+00 1.0000e+05 0.0000e+00 1.0000e+00 1.0000e+05 0.0000e+00 2.5000e+00
9.6078e+00 1.0000e+05 0.0000e+00 1.0000e+00 1.0000e+05 0.0000e+00 2.5000e+00
1.0000e+01 1.0000e+05 0.0000e+00 1.0000e+00 1.0000e+05 0.0000e+00 2.5000e+00
1.0392e+01 1.0000e+05 0.0000e+00 1.0000e+00 1.0000e+05 0.0000e+00 2.5000e+00
1.0784e+01 1.0000e+05 0.0000e+00 1.0000e+00 1.0000e+05 0.0000e+00 2.5000e+00
1.1176e+01 1.0000e+05 0.0000e+00 1.0000e+00 1.0000e+05 0.0000e+00 2.5000e+00
1.1569e+01 1.0000e+05 0.0000e+00 1.0000e+00 1.0000e+05 0.0000e+00 2.5000e+00
1.1961e+01 1.0000e+05 0.0000e+00 1.0000e+00 1.0000e+05 0.0000e+00 2.5000e+00
1.2353e+01 1.0000e+05 0.0000e+00 1.0000e+00 1.0000e+05 0.0000e+00 2.5000e+00
1.2745e+01 1.0000e+05 0.0000e+00 1.0000e+00 1.0000e+05 0.0000e+00 2.5000e+00
1.3137e+01 1.0000e+05 0.0000e+00 1.0000e+00 1.0000e+05 0.0000e+00 2.5000e+00
1.3529e+01 1.0000e+05 0.0000e+00 1.0000e+00 1.0000e+05 0.0000e+00 2.5000e+00
1.3922e+01 1.0000e+05 0.0000e+00 1.0000e+00 1.0000e+05 0.0000e+00 2.5000e+00
1.4314e+01 1.0000e+05 0.0000e+00 1.0000e+00 1.0000e+05 0.0000e+00 2.5000e+00
1.4706e+01 1.0000e+05 0.0000e+00 1.0000e+00 1.0000e+05 0.0000e+00 2.5000e+00
1.5098e+01 1.0000e+05 0.0000e+00 1.0000e+00 1.0000e+05 0.0000e+00 2.5000e+00
1.5490e+01 1.0000e+05 0.0000e+00 1.0000e+00 1.0000e+05 0.0000e+00 2.5000e+00
1.5882e+01 1.0000e+05 0.0000e+00 1.0000e+00 1.0000e+05 0.0000e+00 2.5000e+00
1.6275e+01 1.0000e+05 0.0000e+00 1.0000e+00 1.0000e+05 0.0000e+00 2.5000e+00
1.6667e+01 1.0000e+05 0.0000e+00 1.0000e+00 1.0000e+05 0.0000e+00 2.5000e+00
1.7059e+01 1.0000e+05 0.0000e+00 1.0000e+00 1.0000e+05 0.0000e+00 2.5000e+00
1.7451e+01 1.0000e+05 0.0000e+00 1.0000e+00 1.0000e+05 0.0000e+00 2.5000e+00
1.7843e+01 1.0000e+05 0.0000e+00 1.0000e+00 1.0000e+05 0.0000e+00 2.5000e+00
1.8235e+01 1.0000e+05 0.0000e+00 1.0000e+00 1.0000e+05 0.0000e+00 2.5000e+00
1.8627e+01 1.0000e+05 0.0000e+00 1.0000e+00 1.0000e+05 0.0000e+00 2.5000e+00
1.9020e+01 1.0000e+05 0.0000e+00 1.0000e+00 1.0000e+05 0.0000e+00 2.5000e+00
1.9412e+01 1.0000e+05 0.0000e+00 1.0000e+00 1.0000e+05 0.0000e+00 2.5000e+00
1.9804e+01 1.0000e+05 0.0000e+00 1.0000e+00 1.0000e+05 0.0000e+00 2.5000e+00
2.0196e+01 1.0000e+05 0.0000e+00 1.0000e+00 1.0000e+05 0.0000e+00 2.5000e+00
2.0588e+01 1.0000e+05 0.0000e+00 1.0000e+00 1.0000e+05 0.0000e+00 2.5000e+00
2.0980e+01 1.0000e+05 0.0000e+00 1.0000e+00 1.0000e+05 0.0000e+00 2.5000e+00
2.1373e+01 1.0000e+05 0.0000e+00 1.0000e+00 1.0000e+05 0.0000e+00 2.5000e+00
2.1765e+01 1.0000e+05 0.0000e+00 1.0000e+00 1.0000e+05 0.0000e+00 2.5000e+00
2.2157e+01 1.0000e+05 0.0000e+00 1.0000e+00 1.0000e+05 0.0000e+00 2.5000e+00
2.2549e+01 1.0000e+05 0.0000e+00 1.0000e+00 1.0000e+05 0.0000e+00 2.5000e+00
2.2941e+01 1.0000e+05 0.0000e+00 1.0000e+00 1.0000e+05 0.0000e+00 2.5000e+00
2.3333e+01 1.0000e+05 0.0000e+00 1.0000e+00 1.0000e+05 0.0000e+00 2.5000e+00
2.3725e+01 1.0000e+05 0.0000e+00 1.0000e+00 1.0000e+05 0.0000e+00 2.5000e+00
2.4118e+01 1.0000e+05 0.0000e+00 1.0000e+00 1.0000e+05 0.0000e+00 2.5000e+00
2.4510e+01 1.0000e+05 0.0000e+00 1.0000e+00 1.0000e+05 0.0000e+00 2.5000e+00
2.4902e+01 1.0000e+05 0.0000e+00 1.0000e+00 1.0000e+05 0.0000e+00 2.5000e+00
2.5294e+01 1.0000e+05 0.0000e+00 1.0000e+00 1.0000e+05 0.0000e+00 2.5000e+00
2.5686e+01 1.0000e+05 0.0000e+00 1.0000e+00 1.0000e+05 0.0000e+00 2.5000e+00
2.6078e+01 1.0000e+05 0.0000e+00 1.0000e+00 1.0000e+05 0.0000e+00 2.5000e+00
2.6471e+01 1.0000e+05 0.0000e+00 1.0000e+00 1.0000e+05 0.0000e+00 2.5000e+00
2.6863e+01 1.0000e+05 0.0000e+00 1.0000e+00 1.0000e+05 0.0000e+00 2.5000e+00
2.7255e+01 1.0000e+05 0.0000e+00 1.0000e+00 1.0000e+05 0.0000e+00 2.5000e+00
2.7647e+01 1.0000e+05 0.0000e+00 1.0000e+00 1.0000e+05 0.0000e+00 2.5000e+00
2.8039e+01 1.0000e+05 0.0000e+00 1.0000e+00 1.0000e+05 0.0000e+00 2.5000e+00
2.8431e+01 1.0000e+05 0.0000e+00 1.0000e+00 1.0000e+05 0.0000e+00 2.5000e+00
2.8824e+01 1.0000e+05 0.0000e+00 1.0000e+00 1.0000e+05 0.0000e+00 2.5000e+00
2.9216e+01 1.0000e+05 0.0000e+00 1.0000e+00 1.0000e+05 0.0000e+00 2.5000e+00
2.9608e+01 1.0000e+05 0.0000e+00 1.0000e+00 1.0000e+05 0.0000e+00 2.5000e+00
3.0000e+01 1.0000e+05 0.0000e+00 1.0000e+00 1.0000e+05 0.0000e+00 2.5000e+00
3.0392e+01 1.0000e+05 0.0000e+00 1.0000e+00 1.0000e+05 0.0000e+00 2.5000e+00
3.0784e+01 1.0000e+05 0.0000e+00 1.0000e+00 1.0000e+05 0.0000e+00 2.5000e+00
3.1176e+01 1.0000e+05 0.0000e+00 1.0000e+00 1.0000e+05 0.0000e+00 2.5000e+00
3.1569e+01 1.0000e+05 1.9817e-21 1.0000e+00 1.0000e+05 1.9817e-16 2.5000e+00
3.1961e+01 1.0000e+05 1.7864e-19 1.0000e+00 1.0000e+05 1.7864e-14 2.5000e+00
3.2353e+01 1.0000e+05 9.7134e-19 1.0000e+00 1.0000e+05 9.7134e-14 2.5000e+00
3.2745e+01 1.0000e+05 3.0261e-18 1.0000e+00 1.0000e+05 3.0261e-13 2.5000e+00
3.3137e+01 1.0000e+05 9.1033e-18 1.0000e+00 1.0000e+05 9.1033e-13 2.5000e+00
3.3529e+01 1.0000e+05 2.9163e-17 1.0000e+00 1.0000e+05 2.9163e-12 2.5000e+00
3.3922e+01 1.0000e+05 9.4912e-17 1.0000e+00 1.0000e+05 9.4912e-12 2.5000e+00
3.4314e+01 1.0000e+05 3.0730e-16 1.0000e+00 1.0000e+05 3.0730e-11 2.5000e+00
3.4706e+01 1.0000e+05 9.7977e-16 1.0000e+00 1.0000e+05 9.7977e-11 2.5000e+00
3.5098e+01 1.0000e+05 3.0664e-15 1.0000e+00 1.0000e+05 3.0664e-10 2.5000e+00
3.5490e+01 1.0000e+05 9.4052e-15 1.0000e+00 1.0000e+05 9.4052e-10 2.5000e+00
3.5882e+01 1.0000e+05 2.8243e-14 1.0000e+00 1.0000e+05 2.8243e-09 2.5000e+00
3.6275e+01 1.0000e+05 8.2994e-14 1.0000e+00 1.0000e+05 8.2994e-09 2.5000e+00
3.6667e+01 1.0000e+05 2.3858e-13 1.0000e+00 1.0000e+05 2.3858e-08 2.5000e+00
3.7059e+01 1.0000e+05 6.7070e-13 1.0000e+00 1.0000e+05 6.7070e-08 2.5000e+00
3.7451e+01 1.0000e+05 1.8432e-12 1.0000e+00 1.0000e+05 1.8432e-07 2.5000e+00
3.7843e+01 1.0000e+05 4.9504e-12 1.0000e+00 1.0000e+05 4.9504e-07 2.5000e+00
3.8235e+01 1.0000e+05 1.2989e-11 1.0000e+00 1.0000e+05 1.2989e-06 2.5000e+00
3.8627e+01 1.0000e+05 3.3282e-11 1.0000e+00 1.0000e+05 3.3282e-06 2.5000e+00
3.9020e+01 1.0000e+05 8.3253e-11 1.0000e+00 1.0000e+05 8.3253e-06 2.5000e+00
3.9412e+01 1.0000e+05 2.0324e-10 1.0000e+00 1.0000e+05 2.0324e-05 2.5000e+00
3.9804e+01 1.0000e+05 4.8402e-10 1.0000e+00 1.0000e+05 4.8402e-05 2.5000e+00
4.0196e+01 1.0000e+05 1.1242e-09 9.9999e-01 1.0000e+05 1.1242e-04 2.5000e+00
4.0588e+01 1.0000e+05 2.5454e-09 9.9999e-01 1.0000e+05 2.5454e-04 2.5000e+00
4.0980e+01 1.0000e+05 5.6166e-09 9.9997e-01 1.0000e+05 5.6166e-04 2.4999e+00
4.1373e+01 1.0000e+05 1.2074e-08 9.9995e-01 1.0000e+05 1.2074e-03 2.4999e+00
4.1765e+01 1.0000e+05 2.5279e-08 9.9989e-01 1.0000e+05 2.5279e-03 2.4997e+00
4.2157e+01 1.0000e+05 5.1526e-08 9.9979e-01 1.0000e+05 5.1526e-03 2.4995e+00
4.2549e+01 1.0000e+05 1.0222e-07 9.9959e-01 1.0000e+05 1.0222e-02 2.4990e+00
4.2941e+01 9.9999e+04 1.9733e-07 9.9924e-01 9.9999e+04 1.9733e-02 2.4981e+00
4.3333e+01 9.9999e+04 3.7056e-07 9.9863e-01 9.9999e+04 3.7056e-02 2.4966e+00
4.3725e+01 9.9998e+04 6.7676e-07 9.9760e-01 9.9998e+04 6.7675e-02 2.4940e+00
4.4118e+01 9.9996e+04 1.2018e-06 9.9593e-01 9.9996e+04 1.2018e-01 2.4898e+00
4.4510e+01 9.9993e+04 2.0749e-06 9.9330e-01 9.9993e+04 2.0748e-01 2.4832e+00
4.4902e+01 9.9989e+04 3.4823e-06 9.8930e-01 9.9989e+04 3.4820e-01 2.4733e+00
4.5294e+01 9.9981e+04 5.6812e-06 9.8345e-01 9.9981e+04 5.6801e-01 2.4586e+00
4.5686e+01 9.9968e+04 9.0096e-06 9.7517e-01 9.9968e+04 9.0067e-01 2.4379e+00
4.6078e+01 9.9948e+04 1.3890e-05 9.6391e-01 9.9948e+04 1.3883e+00 2.4098e+00
4.6471e+01 9.9919e+04 2.0820e-05 9.4919e-01 9.9919e+04 2.0803e+00 2.3730e+00
4.6863e+01 9.9875e+04 3.0350e-05 9.3069e-01 9.9875e+04 3.0312e+00 2.3268e+00
4.7255e+01 9.9813e+04 4.3033e-05 9.0844e-01 9.9813e+04 4.2953e+00 2.2712e+00
4.7647e+01 9.9728e+04 5.9374e-05 8.8287e-01 9.9728e+04 5.9212e+00 2.2074e+00
4.8039e+01 9.9611e+04 7.9678e-05 8.5493e-01 9.9611e+04 7.9368e+00 2.1376e+00
4.8431e+01 9.9475e+04 1.0472e-04 8.2635e-01 9.9475e+04 1.0417e+01 2.0664e+00
4.8824e+01 9.9140e+04 1.2846e-04 7.9706e-01 9.9140e+04 1.2736e+01 1.9935e+00
4.9216e+01 9.9777e+04 1.9201e-04 7.8302e-01 9.9777e+04 1.9158e+01 1.9594e+00
4.9608e+01 1.0054e+05 1.0765e-04 7.1759e-01 1.0054e+05 1.0823e+01 1.7946e+00
5.0000e+01 1.2521e+04 3.0608e-04 7.3858e-01 1.2521e+04 3.8323e+00 1.8470e+00
5.0392e+01 1.2207e+04 8.3126e-04 7.7213e-01 1.2207e+04 1.0147e+01 1.9346e+00
5.0784e+01 1.2608e+04 1.0800e-03 7.8090e-01 1.2608e+04 1.3617e+01 1.9596e+00
5.1176e+01 1.2738e+04 1.0031e-03 7.5794e-01 1.2738e+04 1.2778e+01 1.9013e+00
5.1569e+01 1.2688e+04 1.0290e-03 7.4668e-01 1.2688e+04 1.3056e+01 1.8734e+00
5.1961e+01 1.2727e+04 9.5116e-04 7.2432e-01 1.2727e+04 1.2106e+01 1.8166e+00
5.2353e+01 1.2689e+04 9.5241e-04 7.0685e-01 1.2689e+04 1.2085e+01 1.7729e+00
5.2745e+01 1.2707e+04 8.8498e-04 6.8265e-01 1.2707e+04 1.1245e+01 1.7116e+00
5.3137e+01 1.2681e+04 8.6355e-04 6.5915e-01 1.2681e+04 1.0951e+01 1.6526e+00
5.3529e+01 1.2683e+04 8.0149e-04 6.3143e-01 1.2683e+04 1.0165e+01 1.5826e+00
5.3922e+01 1.2664e+04 7.6173e-04 6.0177e-01 1.2664e+04 9.6469e+00 1.5081e+00
5.4314e+01 1.2657e+04 6.9933e-04 5.6873e-01 1.2657e+04 8.8513e+00 1.4249e+00
5.4706e+01 1.2640e+04 6.4454e-04 5.3214e-01 1.2640e+04 8.1473e+00 1.3330e+00
5.5098e+01 1.2627e+04 5.7664e-04 4.9174e-01 1.2627e+04 7.2814e+00 1.2315e+00
5.5490e+01 1.2610e+04 5.0799e-04 4.4644e-01 1.2610e+04 6.4059e+00 1.1177e+00
5.5882e+01 1.2594e+04 4.3009e-04 3.9601e-01 1.2594e+04 5.4163e+00 9.9118e-01
5.6275e+01 1.2575e+04 3.4737e-04 3.3948e-01 1.2575e+04 4.3681e+00 8.4945e-01
5.6667e+01 1.2556e+04 2.5935e-04 2.7827e-01 1.2556e+04 3.2563e+00 6.9609e-01
5.7059e+01 1.2537e+04 1.7354e-04 2.1708e-01 1.2537e+04 2.1757e+00 5.4288e-01
5.7451e+01 1.2522e+04 1.0022e-04 1.6516e-01 1.2522e+04 1.2550e+00 4.1297e-01
5.7843e+01 1.2511e+04 4.8832e-05 1.3016e-01 1.2511e+04 6.1093e-01 3.2541e-01
5.8235e+01 1.2505e+04 2.0134e-05 1.1183e-01 1.2505e+04 2.5177e-01 2.7957e-01
5.8627e+01 1.2502e+04 7.2640e-06 1.0413e-01 1.2502e+04 9.0813e-02 2.6032e-01
5.9020e+01 1.2501e+04 2.4055e-06 1.0135e-01 1.2501e+04 3.0071e-02 2.5337e-01
5.9412e+01 1.2500e+04 7.6058e-07 1.0043e-01 1.2500e+04 9.5074e-03 2.5106e-01
5.9804e+01 1.2500e+04 2.3469e-07 1.0013e-01 1.2500e+04 2.9336e-03 2.5033e-01
6.0196e+01 1.2500e+04 7.1314e-08 1.0004e-01 1.2500e+04 8.9143e-04 2.5010e-01
6.0588e+01 1.2500e+04 2.1407e-08 1.0001e-01 1.2500e+04 2.6758e-04 2.5003e-01
6.0980e+01 1.2500e+04 6.3527e-09 1.0000e-01 1.2500e+04 7.9408e-05 2.5001e-01
6.1373e+01 1.2500e+04 1.8640e-09 1.0000e-01 1.2500e+04 2.3300e-05 2.5000e-01
6.1765e+01 1.2500e+04 5.4068e-10 1.0000e-01 1.2500e+04 6.7584e-06 2.5000e-01
6.2157e+01 1.2500e+04 1.5501e-10 1.0000e-01 1.2500e+04 1.9376e-06 2.5000e-01
6.2549e+01 1.2500e+04 4.3912e-11 1.0000e-01 1.2500e+04 5.4890e-07 2.5000e-01
6.2941e+01 1.2500e+04 1.2289e-11 1.0000e-01 1.2500e+04 1.5362e-07 2.5000e-01
6.3333e+01 1.2500e+04 3.3970e-12 1.0000e-01 1.2500e+04 4.2462e-08 2.5000e-01
6.3725e+01 1.2500e+04 9.2720e-13 1.0000e-01 1.2500e+04 1.1590e-08 2.5000e-01
6.4118e+01 1.2500e+04 2.4986e-13 1.0000e-01 1.2500e+04 3.1232e-09 2.5000e-01
6.4510e+01 1.2500e+04 6.6459e-14 1.0000e-01 1.2500e+04 8.3074e-10 2.5000e-01
6.4902e+01 1.2500e+04 1.7445e-14 1.0000e-01 1.2500e+04 2.1807e-10 2.5000e-01
6.5294e+01 1.2500e+04 4.5182e-15 1.0000e-01 1.2500e+04 5.6478e-11 2.5000e-01
6.5686e+01 1.2500e+04 1.1540e-15 1.0000e-01 1.2500e+04 1.4425e-11 2.5000e-01
6.6078e+01 1.2500e+04 2.9007e-16 1.0000e-01 1.2500e+04 3.6259e-12 2.5000e-01
6.6471e+01 1.2500e+04 7.1401e-17 1.0000e-01 1.2500e+04 8.9251e-13 2.5000e-01
6.6863e+01 1.2500e+04 1.6830e-17 1.0000e-01 1.2500e+04 2.1038e-13 2.5000e-01
6.7255e+01 1.2500e+04 3.4570e-18 1.0000e-01 1.2500e+04 4.3213e-14 2.5000e-01
6.7647e+01 1.2500e+04 4.2947e-19 1.0000e-01 1.2500e+04 5.3684e-15 2.5000e-01
6.8039e+01 1.2500e+04 8.4932e-21 1.0000e-01 1.2500e+04 1.0617e-16 2.5000e-01
6.8431e+01 1.2500e+04 0.0000e+00 1.0000e-01 1.2500e+04 0.0000e+00 2.5000e-01
6.8824e+01 1.2500e+04 0.0000e+00 1.0000e-01 1.2500e+04 0.0000e+00 2.5000e-01
6.9216e+01 1.2500e+04 0.0000e+00 1.0000e-01 1.2500e+04 0.0000e+00 2.5000e-01
6.9608e+01 1.2500e+04 0.0000e+00 1.0000e-01 1.2500e+04 0.0000e+00 2.5000e-01
7.0000e+01 1.2500e+04 0.0000e+00 1.0000e-01 1.2500e+04 0.0000e+00 2.5000e-01
7.0392e+01 1.2500e+04 0.0000e+00 1.0000e-01 1.2500e+04 0.0000e+00 2.5000e-01
7.0784e+01 1.2500e+04 0.0000e+00 1.0000e-01 1.2500e+04 0.0000e+00 2.5000e-01
7.1176e+01 1.2500e+04 0.0000e+00 1.0000e-01 1.2500e+04 0.0000e+00 2.5000e-01
7.1569e+01 1.2500e+04 0.0000e+00 1.0000e-01 1.2500e+04 0.0000e+00 2.5000e-01
7.1961e+01 1.2500e+04 0.0000e+00 1.0000e-01 1.2500e+04 0.0000e+00 2.5000e-01
7.2353e+01 1.2500e+04 0.0000e+00 1.0000e-01 1.2500e+04 0.0000e+00 2.5000e-01
7.2745e+01 1.2500e+04 0.0000e+00 1.0000e-01 1.2500e+04 0.0000e+00 2.5000e-01
7.3137e+01 1.2500e+04 0.0000e+00 1.0000e-01 1.2500e+04 0.0000e+00 2.5000e-01
7.3529e+01 1.2500e+04 0.0000e+00 1.0000e-01 1.2500e+04 0.0000e+00 2.5000e-01
7.3922e+01 1.2500e+04 0.0000e+00 1.0000e-01 1.2500e+04 0.0000e+00 2.5000e-01
7.4314e+01 1.2500e+04 0.0000e+00 1.0000e-01 1.2500e+04 0.0000e+00 2.5000e-01
7.4706e+01 1.2500e+04 0.0000e+00 1.0000e-01 1.2500e+04 0.0000e+00 2.5000e-01
7.5098e+01 1.2500e+04 0.0000e+00 1.0000e-01 1.2500e+04 0.0000e+00 2.5000e-01
7.5490e+01 1.2500e+04 0.0000e+00 1.0000e-01 1.2500e+04 0.0000e+00 2.5000e-01
7.5882e+01 1.2500e+04 0.0000e+00 1.0000e-01 1.2500e+04 0.0000e+00 2.5000e-01
7.6275e+01 1.2500e+04 0.0000e+00 1.0000e-01 1.2500e+04 0.0000e+00 2.5000e-01
7.6667e+01 1.2500e+04 0.0000e+00 1.0000e-01 1.2500e+04 0.0000e+00 2.5000e-01
7.7059e+01 1.2500e+04 0.0000e+00 1.0000e-01 1.2500e+04 0.0000e+00 2.5000e-01
7.7451e+01 1.2500e+04 0.0000e+00 1.0000e-01 1.2500e+04 0.0000e+00 2.5000e-01
7.7843e+01 1.2500e+04 0.0000e+00 1.0000e-01 1.2500e+04 0.0000e+00 2.5000e-01
7.8235e+01 1.2500e+04 0.0000e+00 1.0000e-01 1.2500e+04 0.0000e+00 2.5000e-01
7.8627e+01 1.2500e+04 0.0000e+00 1.0000e-01 1.2500e+04 0.0000e+00 2.5000e-01
7.9020e+01 1.2500e+04 0.0000e+00 1.0000e-01 1.2500e+04 0.0000e+00 2.5000e-01
7.9412e+01 1.2500e+04 0.0000e+00 1.0000e-01 1.2500e+04 0.0000e+00 2.5000e-01
7.9804e+01 1.2500e+04 0.0000e+00 1.0000e-01 1.2500e+04 0.0000e+00 2.5000e-01
8.0196e+01 1.2500e+04 0.0000e+00 1.0000e-01 1.2500e+04 0.0000e+00 2.5000e-01
8.0588e+01 1.2500e+04 0.0000e+00 1.0000e-01 1.2500e+04 0.0000e+00 2.5000e-01
8.0980e+01 1.2500e+04 0.0000e+00 1.0000e-01 1.2500e+04 0.0000e+00 2.5000e-01
8.1373e+01 1.2500e+04 0.0000e+00 1.0000e-01 1.2500e+04 0.0000e+00 2.5000e-01
8.1765e+01 1.2500e+04 0.0000e+00 1.0000e-01 1.2500e+04 0.0000e+00 2.5000e-01
8.2157e+01 1.2500e+04 0.0000e+00 1.0000e-01 1.2500e+04 0.0000e+00 2.5000e-01
8.2549e+01 1.2500e+04 0.0000e+00 1.0000e-01 1.2500e+04 0.0000e+00 2.5000e-01
8.2941e+01 1.2500e+04 0.0000e+00 1.0000e-01 1.2500e+04 0.0000e+00 2.5000e-01
8.3333e+01 1.2500e+04 0.0000e+00 1.0000e-01 1.2500e+04 0.0000e+00 2.5000e-01
8.3725e+01 1.2500e+04 0.0000e+00 1.0000e-01 1.2500e+04 0.0000e+00 2.5000e-01
8.4118e+01 1.2500e+04 0.0000e+00 1.0000e-01 1.2500e+04 0.0000e+00 2.5000e-01
8.4510e+01 1.2500e+04 0.0000e+00 1.0000e-01 1.2500e+04 0.0000e+00 2.5000e-01
8.4902e+01 1.2500e+04 0.0000e+00 1.0000e-01 1.2500e+04 0.0000e+00 2.5000e-01
8.5294e+01 1.2500e+04 0.0000e+00 1.0000e-01 1.2500e+04 0.0000e+00 2.5000e-01
8.5686e+01 1.2500e+04 0.0000e+00 1.0000e-01 1.2500e+04 0.0000e+00 2.5000e-01
8.6078e+01 1.2500e+04 0.0000e+00 1.0000e-01 1.2500e+04 0.0000e+00 2.5000e-01
8.6471e+01 1.2500e+04 0.0000e+00 1.0000e-01 1.2500e+04 0.0000e+00 2.5000e-01
8.6863e+01 1.2500e+04 0.0000e+00 1.0000e-01 1.2500e+04 0.0000e+00 2.5000e-01
8.7255e+01 1.2500e+04 0.0000e+00 1.0000e-01 1.2500e+04 0.0000e+00 2.5000e-01
8.7647e+01 1.2500e+04 0.0000e+00 1.0000e-01 1.2500e+04 0.0000e+00 2.5000e-01
8.8039e+01 1.2500e+04 0.0000e+00 1.0000e-01 1.2500e+04 0.0000e+00 2.5000e-01
8.8431e+01 1.2500e+04 0.0000e+00 1.0000e-01 1.2500e+04 0.0000e+00 2.5000e-01
8.8824e+01 1.2500e+04 0.0000e+00 1.0000e-01 1.2500e+04 0.0000e+00 2.5000e-01
8.9216e+01 1.2500e+04 0.0000e+00 1.0000e-01 1.2500e+04 0.0000e+00 2.5000e-01
8.9608e+01 1.2500e+04 0.0000e+00 1.0000e-01 1.2500e+04 0.0000e+00 2.5000e-01
9.0000e+01 1.2500e+04 0.0000e+00 1.0000e-01 1.2500e+04 0.0000e+00 2.5000e-01
9.0392e+01 1.2500e+04 0.0000e+00 1.0000e-01 1.2500e+04 0.0000e+00 2.5000e-01
9.0784e+01 1.2500e+04 0.0000e+00 1.0000e-01 1.2500e+04 0.0000e+00 2.5000e-01
9.1176e+01 1.2500e+04 0.0000e+00 1.0000e-01 1.2500e+04 0.0000e+00 2.5000e-01
9.1569e+01 1.2500e+04 0.0000e+00 1.0000e-01 1.2500e+04 0.0000e+00 2.5000e-01
9.1961e+01 1.2500e+04 0.0000e+00 1.0000e-01 1.2500e+04 0.0000e+00 2.5000e-01
9.2353e+01 1.2500e+04 0.0000e+00 1.0000e-01 1.2500e+04 0.0000e+00 2.5000e-01
9.2745e+01 1.2500e+04 0.0000e+00 1.0000e-01 1.2500e+04 0.0000e+00 2.5000e-01
9.3137e+01 1.2500e+04 0.0000e+00 1.0000e-01 1.2500e+04 0.0000e+00 2.5000e-01
9.3529e+01 1.2500e+04 0.0000e+00 1.0000e-01 1.2500e+04 0.0000e+00 2.5000e-01
9.3922e+01 1.2500e+04 0.0000e+00 1.0000e-01 1.2500e+04 0.0000e+00 2.5000e-01
9.4314e+01 1.2500e+04 0.0000e+00 1.0000e-01 1.2500e+04 0.0000e+00 2.5000e-01
9.4706e+01 1.2500e+04 0.0000e+00 1.0000e-01 1.2500e+04 0.0000e+00 2.5000e-01
9.5098e+01 1.2500e+04 0.0000e+00 1.0000e-01 1.2500e+04 0.0000e+00 2.5000e-01
9.5490e+01 1.2500e+04 0.0000e+00 1.0000e-01 1.2500e+04 0.0000e+00 2.5000e-01
9.5882e+01 1.2500e+04 0.0000e+00 1.0000e-01 1.2500e+04 0.0000e+00 2.5000e-01
9.6275e+01 1.2500e+04 0.0000e+00 1.0000e-01 1.2500e+04 0.0000e+00 2.5000e-01
9.6667e+01 1.2500e+04 0.0000e+00 1.0000e-01 1.2500e+04 0.0000e+00 2.5000e-01
9.7059e+01 1.2500e+04 0.0000e+00 1.0000e-01 1.2500e+04 0.0000e+00 2.5000e-01
9.7451e+01 1.2500e+04 0.0000e+00 1.0000e-01 1.2500e+04 0.0000e+00 2.5000e-01
9.7843e+01 1.2500e+04 0.0000e+00 1.0000e-01 1.2500e+04 0.0000e+00 2.5000e-01
9.8235e+01 1.2500e+04 0.0000e+00 1.0000e-01 1.2500e+04 0.0000e+00 2.5000e-01
9.8627e+01 1.2500e+04 0.0000e+00 1.0000e-01 1.2500e+04 0.0000e+00 2.5000e-01
9.9020e+01 1.2500e+04 0.0000e+00 1.0000e-01 1.2500e+04 0.0000e+00 2.5000e-01
9.9412e+01 1.2500e+04 0.0000e+00 1.0000e-01 1.2500e+04 0.0000e+00 2.5000e-01
9.9804e+01 1.2500e+04 0.0000e+00 1.0000e-01 1.2500e+04 0.0000e+00 2.5000e-01
