# # x Density Velocity Pressure q0 q1 q2
1.9608e-01 1.0000e+05 1.1303e-15 1.0000e+00 1.0000e+05 1.1303e-10 2.5000e+00
5.8824e-01 1.0000e+05 1.5008e-15 1.0000e+00 1.0000e+05 1.5008e-10 2.5000e+00
9.8039e-01 1.0000e+05 1.9623e-15 1.0000e+00 1.0000e+05 1.9623e-10 2.5000e+00
1.3725e+00 1.0000e+05 2.7277e-15 1.0000e+00 1.0000e+05 2.7277e-10 2.5000e+00
1.7647e+00 1.0000e+05 3.9377e-15 1.0000e+00 1.0000e+05 3.9377e-10 2.5000e+00
2.1569e+00 1.0000e+05 5.7793e-15 1.0000e+00 1.0000e+05 5.7793e-10 2.5000e+00
2.5490e+00 1.0000e+05 8.5297e-15 1.0000e+00 1.0000e+05 8.5297e-10 2.5000e+00
2.9412e+00 1.0000e+05 1.2597e-14 1.0000e+00 1.0000e+05 1.2597e-09 2.5000e+00
3.3333e+00 1.0000e+05 1.8577e-14 1.0000e+00 1.0000e+05 1.8577e-09 2.5000e+00
3.7255e+00 1.0000e+05 2.7330e-14 1.0000e+00 1.0000e+05 2.7330e-09 2.5000e+00
4.1176e+00 1.0000e+05 4.0089e-14 1.0000e+00 1.0000e+05 4.0089e-09 2.5000e+00
4.5098e+00 1.0000e+05 5.8627e-14 1.0000e+00 1.0000e+05 5.8627e-09 2.5000e+00
4.9020e+00 1.0000e+05 8.5467e-14 1.0000e+00 1.0000e+05 8.5467e-09 2.5000e+00
5.2941e+00 1.0000e+05 1.2420e-13 1.0000e+00 1.0000e+05 1.2420e-08 2.5000e+00
5.6863e+00 1.0000e+05 1.7991e-13 1.0000e+00 1.0000e+05 1.7991e-08 2.5000e+00
6.0784e+00 1.0000e+05 2.5978e-13 1.0000e+00 1.0000e+05 2.5978e-08 2.5000e+00
6.4706e+00 1.0000e+05 3.7387e-13 1.0000e+00 1.0000e+05 3.7387e-08 2.5000e+00
6.8627e+00 1.0000e+05 5.3634e-13 1.0000e+00 1.0000e+05 5.3634e-08 2.5000e+00
7.2549e+00 1.0000e+05 7.6690e-13 1.0000e+00 1.0000e+05 7.6690e-08 2.5000e+00
7.6471e+00 1.0000e+05 1.0930e-12 1.0000e+00 1.0000e+05 1.0930e-07 2.5000e+00
8.0392e+00 1.0000e+05 1.5528e-12 1.0000e+00 1.0000e+05 1.5528e-07 2.5000e+00
8.4314e+00 1.0000e+05 2.1987e-12 1.0000e+00 1.0000e+05 2.1987e-07 2.5000e+00
8.8235e+00 1.0000e+05 3.1032e-12 1.0000e+00 1.0000e+05 3.1032e-07 2.5000e+00
9.2157e+00 1.0000e+05 4.3655e-12 1.0000e+00 1.0000e+05 4.3655e-07 2.5000e+00
9.6078e+00 1.0000e+05 6.1212e-12 1.0000e+00 1.0000e+05 6.1212e-07 2.5000e+00
1.0000e+01 1.0000e+05 8.5551e-12 1.0000e+00 1.0000e+05 8.5551e-07 2.5000e+00
1.0392e+01 1.0000e+05 1.1918e-11 1.0000e+00 1.0000e+05 1.1918e-06 2.5000e+00
1.0784e+01 1.0000e+05 1.6548e-11 1.0000e+00 1.0000e+05 1.6548e-06 2.5000e+00
1.1176e+01 1.0000e+05 2.2901e-11 1.0000e+00 1.0000e+05 2.2901e-06 2.5000e+00
1.1569e+01 1.0000e+05 3.1591e-11 1.0000e+00 1.0000e+05 3.1591e-06 2.5000e+00
1.1961e+01 1.0000e+05 4.3435e-11 1.0000e+00 1.0000e+05 4.3435e-06 2.5000e+00
1.2353e+01 1.0000e+05 5.9525e-11 1.0000e+00 1.0000e+05 5.9525e-06 2.5000e+00
1.2745e+01 1.0000e+05 8.1307e-11 1.0000e+00 1.0000e+05 8.1307e-06 2.5000e+00
1.3137e+01 1.0000e+05 1.1070e-10 1.0000e+00 1.0000e+05 1.1070e-05 2.5000e+00
1.3529e+01 1.0000e+05 1.5022e-10 1.0000e+00 1.0000e+05 1.5022e-05 2.5000e+00
1.3922e+01 1.0000e+05 2.0318e-10 1.0000e+00 1.0000e+05 2.0318e-05 2.5000e+00
1.4314e+01 1.0000e+05 2.7391e-10 1.0000e+00 1.0000e+05 2.7391e-05 2.5000e+00
1.4706e+01 1.0000e+05 3.6807e-10 1.0000e+00 1.0000e+05 3.6807e-05 2.5000e+00
1.5098e+01 1.0000e+05 4.9296e-10 1.0000e+00 1.0000e+05 4.9296e-05 2.5000e+00
1.5490e+01 1.0000e+05 6.5807e-10 1.0000e+00 1.0000e+05 6.5807e-05 2.5000e+00
1.5882e+01 1.0000e+05 8.7561e-10 1.0000e+00 1.0000e+05 8.7561e-05 2.5000e+00
1.6275e+01 1.0000e+05 1.1612e-09 1.0000e+00 1.0000e+05 1.1612e-04 2.5000e+00
1.6667e+01 1.0000e+05 1.5350e-09 1.0000e+00 1.0000e+05 1.5350e-04 2.5000e+00
1.7059e+01 1.0000e+05 2.0224e-09 1.0000e+00 1.0000e+05 2.0224e-04 2.5000e+00
1.7451e+01 1.0000e+05 2.6559e-09 1.0000e+00 1.0000e+05 2.6559e-04 2.5000e+00
1.7843e+01 1.0000e+05 3.4764e-09 9.9999e-01 1.0000e+05 3.4764e-04 2.5000e+00
1.8235e+01 1.0000e+05 4.5355e-09 9.9999e-01 1.0000e+05 4.5355e-04 2.5000e+00
1.8627e+01 1.0000e+05 5.8980e-09 9.9999e-01 1.0000e+05 5.8980e-04 2.5000e+00
1.9020e+01 1.0000e+05 7.6446e-09 9.9999e-01 1.0000e+05 7.6446e-04 2.5000e+00
1.9412e+01 1.0000e+05 9.8761e-09 9.9998e-01 1.0000e+05 9.8761e-04 2.5000e+00
1.9804e+01 1.0000e+05 1.2717e-08 9.9998e-01 1.0000e+05 1.2717e-03 2.4999e+00
2.0196e+01 1.0000e+05 1.6323e-08 9.9997e-01 1.0000e+05 1.6323e-03 2.4999e+00
2.0588e+01 1.0000e+05 2.0882e-08 9.9997e-01 1.0000e+05 2.0882e-03 2.4999e+00
2.0980e+01 1.0000e+05 2.6628e-08 9.9996e-01 1.0000e+05 2.6628e-03 2.4999e+00
2.1373e+01 1.0000e+05 3.3844e-08 9.9994e-01 1.0000e+05 3.3844e-03 2.4999e+00
2.1765e+01 1.0000e+05 4.2877e-08 9.9993e-01 1.0000e+05 4.2876e-03 2.4998e+00
2.2157e+01 1.0000e+05 5.4143e-08 9.9991e-01 1.0000e+05 5.4143e-03 2.4998e+00
2.2549e+01 1.0000e+05 6.8149e-08 9.9989e-01 1.0000e+05 6.8148e-03 2.4997e+00
2.2941e+01 9.9999e+04 8.5499e-08 9.9987e-01 9.9999e+04 8.5499e-03 2.4997e+00
2.3333e+01 9.9999e+04 1.0692e-07 9.9984e-01 9.9999e+04 1.0692e-02 2.4996e+00
2.3725e+01 9.9999e+04 1.3328e-07 9.9980e-01 9.9999e+04 1.3328e-02 2.4995e+00
2.4118e+01 9.9999e+04 1.6560e-07 9.9975e-01 9.9999e+04 1.6559e-02 2.4994e+00
2.4510e+01 9.9999e+04 2.0509e-07 9.9969e-01 9.9999e+04 2.0509e-02 2.4992e+00
2.4902e+01 9.9998e+04 2.5319e-07 9.9963e-01 9.9998e+04 2.5318e-02 2.4991e+00
2.5294e+01 9.9998e+04 3.1156e-07 9.9955e-01 9.9998e+04 3.1156e-02 2.4989e+00
2.5686e+01 9.9997e+04 3.8217e-07 9.9945e-01 9.9997e+04 3.8216e-02 2.4986e+00
2.6078e+01 9.9997e+04 4.6728e-07 9.9934e-01 9.9997e+04 4.6727e-02 2.4983e+00
2.6471e+01 9.9996e+04 5.6953e-07 9.9920e-01 9.9996e+04 5.6950e-02 2.4980e+00
2.6863e+01 9.9995e+04 6.9194e-07 9.9904e-01 9.9995e+04 6.9191e-02 2.4976e+00
2.7255e+01 9.9994e+04 8.3800e-07 9.9885e-01 9.9994e+04 8.3795e-02 2.4971e+00
2.7647e+01 9.9993e+04 1.0117e-06 9.9863e-01 9.9993e+04 1.0116e-01 2.4966e+00
2.8039e+01 9.9991e+04 1.2175e-06 9.9837e-01 9.9991e+04 1.2174e-01 2.4959e+00
2.8431e+01 9.9989e+04 1.4606e-06 9.9807e-01 9.9989e+04 1.4605e-01 2.4952e+00
2.8824e+01 9.9987e+04 1.7468e-06 9.9773e-01 9.9987e+04 1.7466e-01 2.4943e+00
2.9216e+01 9.9984e+04 2.0825e-06 9.9732e-01 9.9984e+04 2.0822e-01 2.4933e+00
2.9608e+01 9.9981e+04 2.4750e-06 9.9686e-01 9.9981e+04 2.4745e-01 2.4922e+00
3.0000e+01 9.9977e+04 2.9324e-06 9.9633e-01 9.9977e+04 2.9317e-01 2.4908e+00
3.0392e+01 9.9973e+04 3.4636e-06 9.9572e-01 9.9973e+04 3.4626e-01 2.4893e+00
3.0784e+01 9.9967e+04 4.0784e-06 9.9503e-01 9.9967e+04 4.0770e-01 2.4876e+00
3.1176e+01 9.9961e+04 4.7876e-06 9.9424e-01 9.9961e+04 4.7858e-01 2.4856e+00
3.1569e+01 9.9954e+04 5.6032e-06 9.9336e-01 9.9954e+04 5.6006e-01 2.4834e+00
3.1961e+01 9.9946e+04 6.5377e-06 9.9235e-01 9.9946e+04 6.5342e-01 2.4809e+00
3.2353e+01 9.9936e+04 7.6052e-06 9.9123e-01 9.9936e+04 7.6003e-01 2.4781e+00
3.2745e+01 9.9925e+04 8.8204e-06 9.8997e-01 9.9925e+04 8.8138e-01 2.4749e+00
3.3137e+01 9.9912e+04 1.0199e-05 9.8856e-01 9.9912e+04 1.0190e+00 2.4714e+00
3.3529e+01 9.9897e+04 1.1759e-05 9.8700e-01 9.9897e+04 1.1747e+00 2.4675e+00
3.3922e+01 9.9880e+04 1.3517e-05 9.8527e-01 9.9880e+04 1.3501e+00 2.4632e+00
3.4314e+01 9.9861e+04 1.5493e-05 9.8336e-01 9.9861e+04 1.5472e+00 2.4584e+00
3.4706e+01 9.9839e+04 1.7707e-05 9.8127e-01 9.9839e+04 1.7678e+00 2.4532e+00
3.5098e+01 9.9815e+04 2.0178e-05 9.7896e-01 9.9815e+04 2.0140e+00 2.4474e+00
3.5490e+01 9.9787e+04 2.2928e-05 9.7645e-01 9.9787e+04 2.2879e+00 2.4412e+00
3.5882e+01 9.9755e+04 2.5980e-05 9.7372e-01 9.9755e+04 2.5916e+00 2.4343e+00
3.6275e+01 9.9720e+04 2.9355e-05 9.7075e-01 9.9720e+04 2.9273e+00 2.4269e+00
3.6667e+01 9.9680e+04 3.3077e-05 9.6755e-01 9.9680e+04 3.2971e+00 2.4189e+00
3.7059e+01 9.9635e+04 3.7167e-05 9.6410e-01 9.9635e+04 3.7032e+00 2.4103e+00
3.7451e+01 9.9586e+04 4.1650e-05 9.6039e-01 9.9586e+04 4.1477e+00 2.4011e+00
3.7843e+01 9.9531e+04 4.6547e-05 9.5643e-01 9.9531e+04 4.6329e+00 2.3912e+00
3.8235e+01 9.9470e+04 5.1881e-05 9.5220e-01 9.9470e+04 5.1606e+00 2.3806e+00
3.8627e+01 9.9403e+04 5.7673e-05 9.4771e-01 9.9403e+04 5.7329e+00 2.3694e+00
3.9020e+01 9.9330e+04 6.3944e-05 9.4296e-01 9.9330e+04 6.3515e+00 2.3576e+00
3.9412e+01 9.9248e+04 7.0714e-05 9.3794e-01 9.9248e+04 7.0182e+00 2.3451e+00
3.9804e+01 9.9160e+04 7.8001e-05 9.3266e-01 9.9160e+04 7.7345e+00 2.3319e+00
4.0196e+01 9.9063e+04 8.5821e-05 9.2712e-01 9.9063e+04 8.5017e+00 2.3182e+00
4.0588e+01 9.8957e+04 9.4191e-05 9.2134e-01 9.8957e+04 9.3208e+00 2.3038e+00
4.0980e+01 9.8843e+04 1.0312e-04 9.1531e-01 9.8843e+04 1.0193e+01 2.2888e+00
4.1373e+01 9.8719e+04 1.1263e-04 9.0906e-01 9.8719e+04 1.1118e+01 2.2733e+00
4.1765e+01 9.8585e+04 1.2271e-04 9.0259e-01 9.8585e+04 1.2097e+01 2.2572e+00
4.2157e+01 9.8441e+04 1.3338e-04 8.9591e-01 9.8441e+04 1.3131e+01 2.2407e+00
4.2549e+01 9.8285e+04 1.4463e-04 8.8905e-01 9.8285e+04 1.4215e+01 2.2236e+00
4.2941e+01 9.8121e+04 1.5653e-04 8.8203e-01 9.8121e+04 1.5359e+01 2.2063e+00
4.3333e+01 9.7939e+04 1.6882e-04 8.7480e-01 9.7939e+04 1.6534e+01 2.1884e+00
4.3725e+01 9.7763e+04 1.8230e-04 8.6764e-01 9.7763e+04 1.7823e+01 2.1707e+00
4.4118e+01 9.7526e+04 1.9461e-04 8.5977e-01 9.7526e+04 1.8980e+01 2.1513e+00
4.4510e+01 9.7405e+04 2.1208e-04 8.5339e-01 9.7405e+04 2.0658e+01 2.1357e+00
4.4902e+01 9.6963e+04 2.1899e-04 8.4316e-01 9.6963e+04 2.1234e+01 2.1102e+00
4.5294e+01 9.7186e+04 2.5072e-04 8.4112e-01 9.7186e+04 2.4367e+01 2.1059e+00
4.5686e+01 9.6064e+04 2.3513e-04 8.2294e-01 9.6064e+04 2.2588e+01 2.0600e+00
4.6078e+01 9.7244e+04 3.0271e-04 8.3248e-01 9.7244e+04 2.9437e+01 2.0857e+00
4.6471e+01 9.4939e+04 2.4679e-04 8.0076e-01 9.4939e+04 2.3430e+01 2.0048e+00
4.6863e+01 9.6984e+04 3.4672e-04 8.2049e-01 9.6984e+04 3.3627e+01 2.0570e+00
4.7255e+01 9.4641e+04 2.9280e-04 7.8948e-01 9.4641e+04 2.7711e+01 1.9778e+00
4.7647e+01 9.5494e+04 3.5098e-04 7.9505e-01 9.5494e+04 3.3516e+01 1.9935e+00
4.8039e+01 9.4895e+04 3.6150e-04 7.8518e-01 9.4895e+04 3.4304e+01 1.9692e+00
4.8431e+01 9.4492e+04 3.8057e-04 7.7808e-01 9.4492e+04 3.5960e+01 1.9520e+00
4.8824e+01 9.5069e+04 3.8227e-04 7.6537e-01 9.5069e+04 3.6342e+01 1.9204e+00
4.9216e+01 8.5553e+04 4.2923e-04 7.6733e-01 8.5553e+04 3.6722e+01 1.9262e+00
4.9608e+01 1.2608e+05 4.3438e-04 7.5461e-01 1.2608e+05 5.4766e+01 1.8984e+00
5.0000e+01 5.1976e+04 4.4439e-04 7.4838e-01 5.1976e+04 2.3097e+01 1.8761e+00
5.0392e+01 1.8007e+04 4.7106e-04 7.4744e-01 1.8007e+04 8.4821e+00 1.8706e+00
5.0784e+01 9.7818e+03 5.3006e-04 7.4780e-01 9.7818e+03 5.1850e+00 1.8709e+00
5.1176e+01 8.7856e+03 5.9696e-04 7.4405e-01 8.7856e+03 5.2447e+00 1.8617e+00
5.1569e+01 9.0702e+03 6.7012e-04 7.4099e-01 9.0702e+03 6.0781e+00 1.8545e+00
5.1961e+01 9.7811e+03 8.0899e-04 7.4591e-01 9.7811e+03 7.9129e+00 1.8680e+00
5.2353e+01 1.0293e+04 9.0160e-04 7.4820e-01 1.0293e+04 9.2800e+00 1.8747e+00
5.2745e+01 1.0696e+04 9.0959e-04 7.4296e-01 1.0696e+04 9.7290e+00 1.8618e+00
5.3137e+01 1.0936e+04 9.1566e-04 7.3849e-01 1.0936e+04 1.0014e+01 1.8508e+00
5.3529e+01 1.1225e+04 9.8375e-04 7.4131e-01 1.1225e+04 1.1042e+01 1.8587e+00
5.3922e+01 1.1457e+04 1.0669e-03 7.4647e-01 1.1457e+04 1.2224e+01 1.8727e+00
5.4314e+01 1.1628e+04 1.1048e-03 7.4721e-01 1.1628e+04 1.2846e+01 1.8751e+00
5.4706e+01 1.1703e+04 1.0963e-03 7.4328e-01 1.1703e+04 1.2830e+01 1.8652e+00
5.5098e+01 1.1773e+04 1.0865e-03 7.3893e-01 1.1773e+04 1.2792e+01 1.8543e+00
5.5490e+01 1.1870e+04 1.1135e-03 7.3902e-01 1.1870e+04 1.3218e+01 1.8549e+00
5.5882e+01 1.2007e+04 1.1760e-03 7.4337e-01 1.2007e+04 1.4119e+01 1.8667e+00
5.6275e+01 1.2135e+04 1.2403e-03 7.4821e-01 1.2135e+04 1.5051e+01 1.8799e+00
5.6667e+01 1.2225e+04 1.2774e-03 7.5020e-01 1.2225e+04 1.5616e+01 1.8855e+00
5.7059e+01 1.2264e+04 1.2817e-03 7.4857e-01 1.2264e+04 1.5718e+01 1.8815e+00
5.7451e+01 1.2278e+04 1.2687e-03 7.4490e-01 1.2278e+04 1.5577e+01 1.8721e+00
5.7843e+01 1.2306e+04 1.2662e-03 7.4223e-01 1.2306e+04 1.5582e+01 1.8654e+00
5.8235e+01 1.2377e+04 1.3003e-03 7.4395e-01 1.2377e+04 1.6094e+01 1.8703e+00
5.8627e+01 1.2494e+04 1.3709e-03 7.5007e-01 1.2494e+04 1.7128e+01 1.8869e+00
5.9020e+01 1.2634e+04 1.4599e-03 7.5852e-01 1.2634e+04 1.8444e+01 1.9098e+00
5.9412e+01 1.2769e+04 1.5458e-03 7.6686e-01 1.2769e+04 1.9738e+01 1.9324e+00
5.9804e+01 1.2878e+04 1.6141e-03 7.7331e-01 1.2878e+04 2.0786e+01 1.9501e+00
6.0196e+01 1.2954e+04 1.6596e-03 7.7719e-01 1.2954e+04 2.1498e+01 1.9608e+00
6.0588e+01 1.3000e+04 1.6846e-03 7.7871e-01 1.3000e+04 2.1901e+01 1.9652e+00
6.0980e+01 1.3025e+04 1.6953e-03 7.7858e-01 1.3025e+04 2.2082e+01 1.9652e+00
6.1373e+01 1.3038e+04 1.6979e-03 7.7752e-01 1.3038e+04 2.2137e+01 1.9626e+00
6.1765e+01 1.3045e+04 1.6970e-03 7.7607e-01 1.3045e+04 2.2137e+01 1.9590e+00
6.2157e+01 1.3050e+04 1.6948e-03 7.7448e-01 1.3050e+04 2.2117e+01 1.9549e+00
6.2549e+01 1.3054e+04 1.6920e-03 7.7282e-01 1.3054e+04 2.2089e+01 1.9507e+00
6.2941e+01 1.3058e+04 1.6890e-03 7.7109e-01 1.3058e+04 2.2055e+01 1.9464e+00
6.3333e+01 1.3061e+04 1.6856e-03 7.6931e-01 1.3061e+04 2.2016e+01 1.9418e+00
6.3725e+01 1.3064e+04 1.6819e-03 7.6747e-01 1.3064e+04 2.1972e+01 1.9372e+00
6.4118e+01 1.3067e+04 1.6779e-03 7.6557e-01 1.3067e+04 2.1925e+01 1.9323e+00
6.4510e+01 1.3069e+04 1.6736e-03 7.6361e-01 1.3069e+04 2.1872e+01 1.9273e+00
6.4902e+01 1.3071e+04 1.6690e-03 7.6160e-01 1.3071e+04 2.1816e+01 1.9222e+00
6.5294e+01 1.3073e+04 1.6642e-03 7.5952e-01 1.3073e+04 2.1756e+01 1.9169e+00
6.5686e+01 1.3074e+04 1.6591e-03 7.5738e-01 1.3074e+04 2.1692e+01 1.9115e+00
6.6078e+01 1.3075e+04 1.6538e-03 7.5518e-01 1.3075e+04 2.1624e+01 1.9058e+00
6.6471e+01 1.3076e+04 1.6482e-03 7.5292e-01 1.3076e+04 2.1552e+01 1.9001e+00
6.6863e+01 1.3077e+04 1.6423e-03 7.5060e-01 1.3077e+04 2.1476e+01 1.8941e+00
6.7255e+01 1.3077e+04 1.6361e-03 7.4820e-01 1.3077e+04 2.1396e+01 1.8880e+00
6.7647e+01 1.3077e+04 1.6297e-03 7.4574e-01 1.3077e+04 2.1312e+01 1.8817e+00
6.8039e+01 1.3077e+04 1.6231e-03 7.4321e-01 1.3077e+04 2.1225e+01 1.8753e+00
6.8431e+01 1.3077e+04 1.6162e-03 7.4061e-01 1.3077e+04 2.1134e+01 1.8686e+00
6.8824e+01 1.3076e+04 1.6090e-03 7.3794e-01 1.3076e+04 2.1039e+01 1.8618e+00
6.9216e+01 1.3075e+04 1.6015e-03 7.3519e-01 1.3075e+04 2.0940e+01 1.8547e+00
6.9608e+01 1.3074e+04 1.5938e-03 7.3236e-01 1.3074e+04 2.0837e+01 1.8475e+00
7.0000e+01 1.3073e+04 1.5858e-03 7.2946e-01 1.3073e+04 2.0731e+01 1.8401e+00
7.0392e+01 1.3071e+04 1.5775e-03 7.2648e-01 1.3071e+04 2.0620e+01 1.8325e+00
7.0784e+01 1.3070e+04 1.5690e-03 7.2341e-01 1.3070e+04 2.0506e+01 1.8246e+00
7.1176e+01 1.3068e+04 1.5602e-03 7.2026e-01 1.3068e+04 2.0388e+01 1.8165e+00
7.1569e+01 1.3066e+04 1.5511e-03 7.1702e-01 1.3066e+04 2.0266e+01 1.8083e+00
7.1961e+01 1.3064e+04 1.5417e-03 7.1369e-01 1.3064e+04 2.0140e+01 1.7997e+00
7.2353e+01 1.3061e+04 1.5320e-03 7.1027e-01 1.3061e+04 2.0010e+01 1.7910e+00
7.2745e+01 1.3058e+04 1.5221e-03 7.0675e-01 1.3058e+04 1.9876e+01 1.7820e+00
7.3137e+01 1.3056e+04 1.5119e-03 7.0314e-01 1.3056e+04 1.9738e+01 1.7728e+00
7.3529e+01 1.3053e+04 1.5014e-03 6.9943e-01 1.3053e+04 1.9597e+01 1.7633e+00
7.3922e+01 1.3049e+04 1.4905e-03 6.9563e-01 1.3049e+04 1.9451e+01 1.7536e+00
7.4314e+01 1.3046e+04 1.4794e-03 6.9172e-01 1.3046e+04 1.9301e+01 1.7436e+00
7.4706e+01 1.3042e+04 1.4680e-03 6.8770e-01 1.3042e+04 1.9147e+01 1.7333e+00
7.5098e+01 1.3039e+04 1.4563e-03 6.8358e-01 1.3039e+04 1.8989e+01 1.7228e+00
7.5490e+01 1.3035e+04 1.4443e-03 6.7934e-01 1.3035e+04 1.8827e+01 1.7120e+00
7.5882e+01 1.3031e+04 1.4320e-03 6.7500e-01 1.3031e+04 1.8660e+01 1.7009e+00
7.6275e+01 1.3026e+04 1.4194e-03 6.7054e-01 1.3026e+04 1.8490e+01 1.6895e+00
7.6667e+01 1.3022e+04 1.4065e-03 6.6596e-01 1.3022e+04 1.8315e+01 1.6778e+00
7.7059e+01 1.3017e+04 1.3933e-03 6.6127e-01 1.3017e+04 1.8137e+01 1.6658e+00
7.7451e+01 1.3013e+04 1.3797e-03 6.5645e-01 1.3013e+04 1.7953e+01 1.6535e+00
7.7843e+01 1.3008e+04 1.3658e-03 6.5151e-01 1.3008e+04 1.7766e+01 1.6409e+00
7.8235e+01 1.3003e+04 1.3516e-03 6.4644e-01 1.3003e+04 1.7575e+01 1.6280e+00
7.8627e+01 1.2997e+04 1.3371e-03 6.4125e-01 1.2997e+04 1.7379e+01 1.6147e+00
7.9020e+01 1.2992e+04 1.3223e-03 6.3592e-01 1.2992e+04 1.7179e+01 1.6012e+00
7.9412e+01 1.2986e+04 1.3071e-03 6.3046e-01 1.2986e+04 1.6975e+01 1.5872e+00
7.9804e+01 1.2981e+04 1.2916e-03 6.2486e-01 1.2981e+04 1.6766e+01 1.5730e+00
8.0196e+01 1.2975e+04 1.2758e-03 6.1913e-01 1.2975e+04 1.6553e+01 1.5584e+00
8.0588e+01 1.2969e+04 1.2596e-03 6.1325e-01 1.2969e+04 1.6335e+01 1.5434e+00
8.0980e+01 1.2962e+04 1.2431e-03 6.0723e-01 1.2962e+04 1.6113e+01 1.5281e+00
8.1373e+01 1.2956e+04 1.2262e-03 6.0106e-01 1.2956e+04 1.5887e+01 1.5124e+00
8.1765e+01 1.2949e+04 1.2091e-03 5.9475e-01 1.2949e+04 1.5657e+01 1.4963e+00
8.2157e+01 1.2943e+04 1.1915e-03 5.8828e-01 1.2943e+04 1.5421e+01 1.4799e+00
8.2549e+01 1.2936e+04 1.1736e-03 5.8166e-01 1.2936e+04 1.5182e+01 1.4631e+00
8.2941e+01 1.2929e+04 1.1554e-03 5.7489e-01 1.2929e+04 1.4938e+01 1.4459e+00
8.3333e+01 1.2922e+04 1.1368e-03 5.6796e-01 1.2922e+04 1.4689e+01 1.4282e+00
8.3725e+01 1.2915e+04 1.1178e-03 5.6086e-01 1.2915e+04 1.4436e+01 1.4102e+00
8.4118e+01 1.2907e+04 1.0985e-03 5.5360e-01 1.2907e+04 1.4178e+01 1.3918e+00
8.4510e+01 1.2900e+04 1.0788e-03 5.4618e-01 1.2900e+04 1.3916e+01 1.3729e+00
8.4902e+01 1.2892e+04 1.0587e-03 5.3858e-01 1.2892e+04 1.3649e+01 1.3537e+00
8.5294e+01 1.2884e+04 1.0383e-03 5.3081e-01 1.2884e+04 1.3378e+01 1.3340e+00
8.5686e+01 1.2876e+04 1.0175e-03 5.2287e-01 1.2876e+04 1.3101e+01 1.3138e+00
8.6078e+01 1.2868e+04 9.9634e-04 5.1475e-01 1.2868e+04 1.2821e+01 1.2933e+00
8.6471e+01 1.2859e+04 9.7479e-04 5.0645e-01 1.2859e+04 1.2535e+01 1.2722e+00
8.6863e+01 1.2851e+04 9.5285e-04 4.9797e-01 1.2851e+04 1.2245e+01 1.2508e+00
8.7255e+01 1.2842e+04 9.3053e-04 4.8930e-01 1.2842e+04 1.1950e+01 1.2288e+00
8.7647e+01 1.2834e+04 9.0781e-04 4.8044e-01 1.2834e+04 1.1651e+01 1.2064e+00
8.8039e+01 1.2825e+04 8.8470e-04 4.7139e-01 1.2825e+04 1.1346e+01 1.1835e+00
8.8431e+01 1.2816e+04 8.6119e-04 4.6215e-01 1.2816e+04 1.1037e+01 1.1601e+00
8.8824e+01 1.2807e+04 8.3728e-04 4.5270e-01 1.2807e+04 1.0723e+01 1.1362e+00
8.9216e+01 1.2797e+04 8.1297e-04 4.4305e-01 1.2797e+04 1.0404e+01 1.1119e+00
8.9608e+01 1.2788e+04 7.8824e-04 4.3320e-01 1.2788e+04 1.0080e+01 1.0870e+00
9.0000e+01 1.2778e+04 7.6310e-04 4.2313e-01 1.2778e+04 9.7512e+00 1.0615e+00
9.0392e+01 1.2769e+04 7.3753e-04 4.1285e-01 1.2769e+04 9.4174e+00 1.0356e+00
9.0784e+01 1.2759e+04 7.1155e-04 4.0236e-01 1.2759e+04 9.0785e+00 1.0091e+00
9.1176e+01 1.2749e+04 6.8513e-04 3.9164e-01 1.2749e+04 8.7346e+00 9.8209e-01
9.1569e+01 1.2739e+04 6.5828e-04 3.8070e-01 1.2739e+04 8.3857e+00 9.5451e-01
9.1961e+01 1.2729e+04 6.3099e-04 3.6953e-01 1.2729e+04 8.0315e+00 9.2635e-01
9.2353e+01 1.2718e+04 6.0325e-04 3.5812e-01 1.2718e+04 7.6722e+00 8.9762e-01
9.2745e+01 1.2708e+04 5.7506e-04 3.4648e-01 1.2708e+04 7.3077e+00 8.6830e-01
9.3137e+01 1.2697e+04 5.4642e-04 3.3459e-01 1.2697e+04 6.9378e+00 8.3838e-01
9.3529e+01 1.2686e+04 5.1731e-04 3.2246e-01 1.2686e+04 6.5626e+00 8.0785e-01
9.3922e+01 1.2675e+04 4.8773e-04 3.1007e-01 1.2675e+04 6.1821e+00 7.7669e-01
9.4314e+01 1.2664e+04 4.5768e-04 2.9743e-01 1.2664e+04 5.7961e+00 7.4490e-01
9.4706e+01 1.2653e+04 4.2715e-04 2.8452e-01 1.2653e+04 5.4046e+00 7.1246e-01
9.5098e+01 1.2641e+04 3.9613e-04 2.7135e-01 1.2641e+04 5.0076e+00 6.7936e-01
9.5490e+01 1.2630e+04 3.6461e-04 2.5789e-01 1.2630e+04 4.6050e+00 6.4557e-01
9.5882e+01 1.2618e+04 3.3260e-04 2.4416e-01 1.2618e+04 4.1969e+00 6.1109e-01
9.6275e+01 1.2606e+04 3.0009e-04 2.3013e-01 1.2606e+04 3.7831e+00 5.7590e-01
9.6667e+01 1.2595e+04 2.6710e-04 2.1582e-01 1.2595e+04 3.3640e+00 5.3999e-01
9.7059e+01 1.2583e+04 2.3367e-04 2.0121e-01 1.2583e+04 2.9402e+00 5.0336e-01
9.7451e+01 1.2570e+04 1.9991e-04 1.8634e-01 1.2570e+04 2.5130e+00 4.6609e-01
9.7843e+01 1.2558e+04 1.6611e-04 1.7129e-01 1.2558e+04 2.0861e+00 4.2841e-01
9.8235e+01 1.2546e+04 1.3287e-04 1.5630e-01 1.2546e+04 1.6670e+00 3.9086e-01
9.8627e+01 1.2535e+04 1.0128e-04 1.4178e-01 1.2535e+04 1.2696e+00 3.5453e-01
9.9020e+01 1.2525e+04 7.3077e-05 1.2842e-01 1.2525e+04 9.1526e-01 3.2109e-01
9.9412e+01 1.2515e+04 5.0100e-05 1.1688e-01 1.2515e+04 6.2702e-01 2.9221e-01
9.9804e+01 1.2515e+04 3.5082e-05 1.0764e-01 1.2515e+04 4.3905e-01 2.6910e-01
