# # x Density Velocity Pressure q0 q1 q2
1.9608e-01 1.0000e+05 1.8496e-15 1.0000e+00 1.0000e+05 1.8496e-10 2.5000e+00
5.8824e-01 1.0000e+05 2.4583e-15 1.0000e+00 1.0000e+05 2.4583e-10 2.5000e+00
9.8039e-01 1.0000e+05 3.2035e-15 1.0000e+00 1.0000e+05 3.2035e-10 2.5000e+00
1.3725e+00 1.0000e+05 4.4287e-15 1.0000e+00 1.0000e+05 4.4287e-10 2.5000e+00
1.7647e+00 1.0000e+05 6.3521e-15 1.0000e+00 1.0000e+05 6.3521e-10 2.5000e+00
2.1569e+00 1.0000e+05 9.2602e-15 1.0000e+00 1.0000e+05 9.2602e-10 2.5000e+00
2.5490e+00 1.0000e+05 1.3574e-14 1.0000e+00 1.0000e+05 1.3574e-09 2.5000e+00
2.9412e+00 1.0000e+05 1.9907e-14 1.0000e+00 1.0000e+05 1.9907e-09 2.5000e+00
3.3333e+00 1.0000e+05 2.9152e-14 1.0000e+00 1.0000e+05 2.9152e-09 2.5000e+00
3.7255e+00 1.0000e+05 4.2588e-14 1.0000e+00 1.0000e+05 4.2588e-09 2.5000e+00
4.1176e+00 1.0000e+05 6.2037e-14 1.0000e+00 1.0000e+05 6.2037e-09 2.5000e+00
4.5098e+00 1.0000e+05 9.0097e-14 1.0000e+00 1.0000e+05 9.0097e-09 2.5000e+00
4.9020e+00 1.0000e+05 1.3044e-13 1.0000e+00 1.0000e+05 1.3044e-08 2.5000e+00
5.2941e+00 1.0000e+05 1.8826e-13 1.0000e+00 1.0000e+05 1.8826e-08 2.5000e+00
5.6863e+00 1.0000e+05 2.7085e-13 1.0000e+00 1.0000e+05 2.7085e-08 2.5000e+00
6.0784e+00 1.0000e+05 3.8843e-13 1.0000e+00 1.0000e+05 3.8843e-08 2.5000e+00
6.4706e+00 1.0000e+05 5.5527e-13 1.0000e+00 1.0000e+05 5.5527e-08 2.5000e+00
6.8627e+00 1.0000e+05 7.9126e-13 1.0000e+00 1.0000e+05 7.9126e-08 2.5000e+00
7.2549e+00 1.0000e+05 1.1239e-12 1.0000e+00 1.0000e+05 1.1239e-07 2.5000e+00
7.6471e+00 1.0000e+05 1.5914e-12 1.0000e+00 1.0000e+05 1.5914e-07 2.5000e+00
8.0392e+00 1.0000e+05 2.2460e-12 1.0000e+00 1.0000e+05 2.2460e-07 2.5000e+00
8.4314e+00 1.0000e+05 3.1598e-12 1.0000e+00 1.0000e+05 3.1598e-07 2.5000e+00
8.8235e+00 1.0000e+05 4.4311e-12 1.0000e+00 1.0000e+05 4.4311e-07 2.5000e+00
9.2157e+00 1.0000e+05 6.1940e-12 1.0000e+00 1.0000e+05 6.1940e-07 2.5000e+00
9.6078e+00 1.0000e+05 8.6304e-12 1.0000e+00 1.0000e+05 8.6304e-07 2.5000e+00
1.0000e+01 1.0000e+05 1.1987e-11 1.0000e+00 1.0000e+05 1.1987e-06 2.5000e+00
1.0392e+01 1.0000e+05 1.6595e-11 1.0000e+00 1.0000e+05 1.6595e-06 2.5000e+00
1.0784e+01 1.0000e+05 2.2900e-11 1.0000e+00 1.0000e+05 2.2900e-06 2.5000e+00
1.1176e+01 1.0000e+05 3.1501e-11 1.0000e+00 1.0000e+05 3.1501e-06 2.5000e+00
1.1569e+01 1.0000e+05 4.3192e-11 1.0000e+00 1.0000e+05 4.3192e-06 2.5000e+00
1.1961e+01 1.0000e+05 5.9031e-11 1.0000e+00 1.0000e+05 5.9031e-06 2.5000e+00
1.2353e+01 1.0000e+05 8.0419e-11 1.0000e+00 1.0000e+05 8.0419e-06 2.5000e+00
1.2745e+01 1.0000e+05 1.0920e-10 1.0000e+00 1.0000e+05 1.0920e-05 2.5000e+00
1.3137e+01 1.0000e+05 1.4782e-10 1.0000e+00 1.0000e+05 1.4782e-05 2.5000e+00
1.3529e+01 1.0000e+05 1.9944e-10 1.0000e+00 1.0000e+05 1.9944e-05 2.5000e+00
1.3922e+01 1.0000e+05 2.6822e-10 1.0000e+00 1.0000e+05 2.6822e-05 2.5000e+00
1.4314e+01 1.0000e+05 3.5956e-10 1.0000e+00 1.0000e+05 3.5956e-05 2.5000e+00
1.4706e+01 1.0000e+05 4.8046e-10 1.0000e+00 1.0000e+05 4.8046e-05 2.5000e+00
1.5098e+01 1.0000e+05 6.3994e-10 1.0000e+00 1.0000e+05 6.3994e-05 2.5000e+00
1.5490e+01 1.0000e+05 8.4961e-10 1.0000e+00 1.0000e+05 8.4961e-05 2.5000e+00
1.5882e+01 1.0000e+05 1.1244e-09 1.0000e+00 1.0000e+05 1.1244e-04 2.5000e+00
1.6275e+01 1.0000e+05 1.4832e-09 1.0000e+00 1.0000e+05 1.4832e-04 2.5000e+00
1.6667e+01 1.0000e+05 1.9502e-09 1.0000e+00 1.0000e+05 1.9502e-04 2.5000e+00
1.7059e+01 1.0000e+05 2.5560e-09 1.0000e+00 1.0000e+05 2.5560e-04 2.5000e+00
1.7451e+01 1.0000e+05 3.3393e-09 9.9999e-01 1.0000e+05 3.3393e-04 2.5000e+00
1.7843e+01 1.0000e+05 4.3486e-09 9.9999e-01 1.0000e+05 4.3486e-04 2.5000e+00
1.8235e+01 1.0000e+05 5.6448e-09 9.9999e-01 1.0000e+05 5.6448e-04 2.5000e+00
1.8627e+01 1.0000e+05 7.3038e-09 9.9999e-01 1.0000e+05 7.3038e-04 2.5000e+00
1.9020e+01 1.0000e+05 9.4200e-09 9.9998e-01 1.0000e+05 9.4200e-04 2.5000e+00
1.9412e+01 1.0000e+05 1.2111e-08 9.9998e-01 1.0000e+05 1.2111e-03 2.4999e+00
1.9804e+01 1.0000e+05 1.5520e-08 9.9997e-01 1.0000e+05 1.5520e-03 2.4999e+00
2.0196e+01 1.0000e+05 1.9825e-08 9.9997e-01 1.0000e+05 1.9825e-03 2.4999e+00
2.0588e+01 1.0000e+05 2.5243e-08 9.9996e-01 1.0000e+05 2.5243e-03 2.4999e+00
2.0980e+01 1.0000e+05 3.2040e-08 9.9995e-01 1.0000e+05 3.2040e-03 2.4999e+00
2.1373e+01 1.0000e+05 4.0536e-08 9.9994e-01 1.0000e+05 4.0536e-03 2.4998e+00
2.1765e+01 1.0000e+05 5.1123e-08 9.9992e-01 1.0000e+05 5.1123e-03 2.4998e+00
2.2157e+01 1.0000e+05 6.4269e-08 9.9990e-01 1.0000e+05 6.4268e-03 2.4997e+00
2.2549e+01 9.9999e+04 8.0538e-08 9.9988e-01 9.9999e+04 8.0538e-03 2.4997e+00
2.2941e+01 9.9999e+04 1.0061e-07 9.9985e-01 9.9999e+04 1.0060e-02 2.4996e+00
2.3333e+01 9.9999e+04 1.2527e-07 9.9981e-01 9.9999e+04 1.2527e-02 2.4995e+00
2.3725e+01 9.9999e+04 1.5550e-07 9.9977e-01 9.9999e+04 1.5550e-02 2.4994e+00
2.4118e+01 9.9999e+04 1.9240e-07 9.9971e-01 9.9999e+04 1.9240e-02 2.4993e+00
2.4510e+01 9.9998e+04 2.3732e-07 9.9965e-01 9.9998e+04 2.3731e-02 2.4991e+00
2.4902e+01 9.9998e+04 2.9179e-07 9.9958e-01 9.9998e+04 2.9179e-02 2.4989e+00
2.5294e+01 9.9998e+04 3.5764e-07 9.9949e-01 9.9998e+04 3.5763e-02 2.4987e+00
2.5686e+01 9.9997e+04 4.3698e-07 9.9938e-01 9.9997e+04 4.3697e-02 2.4985e+00
2.6078e+01 9.9996e+04 5.3225e-07 9.9926e-01 9.9996e+04 5.3223e-02 2.4981e+00
2.6471e+01 9.9995e+04 6.4626e-07 9.9911e-01 9.9995e+04 6.4623e-02 2.4978e+00
2.6863e+01 9.9994e+04 7.8224e-07 9.9893e-01 9.9994e+04 7.8220e-02 2.4973e+00
2.7255e+01 9.9993e+04 9.4390e-07 9.9873e-01 9.9993e+04 9.4384e-02 2.4968e+00
2.7647e+01 9.9992e+04 1.1354e-06 9.9849e-01 9.9992e+04 1.1353e-01 2.4962e+00
2.8039e+01 9.9990e+04 1.3616e-06 9.9821e-01 9.9990e+04 1.3615e-01 2.4955e+00
2.8431e+01 9.9988e+04 1.6278e-06 9.9788e-01 9.9988e+04 1.6276e-01 2.4947e+00
2.8824e+01 9.9985e+04 1.9401e-06 9.9751e-01 9.9985e+04 1.9398e-01 2.4938e+00
2.9216e+01 9.9982e+04 2.3053e-06 9.9708e-01 9.9982e+04 2.3049e-01 2.4927e+00
2.9608e+01 9.9979e+04 2.7308e-06 9.9658e-01 9.9979e+04 2.7302e-01 2.4915e+00
3.0000e+01 9.9974e+04 3.2250e-06 9.9602e-01 9.9974e+04 3.2241e-01 2.4900e+00
3.0392e+01 9.9970e+04 3.7971e-06 9.9537e-01 9.9970e+04 3.7959e-01 2.4884e+00
3.0784e+01 9.9964e+04 4.4573e-06 9.9464e-01 9.9964e+04 4.4557e-01 2.4866e+00
3.1176e+01 9.9957e+04 5.2166e-06 9.9381e-01 9.9957e+04 5.2143e-01 2.4845e+00
3.1569e+01 9.9949e+04 6.0870e-06 9.9288e-01 9.9949e+04 6.0839e-01 2.4822e+00
3.1961e+01 9.9940e+04 7.0816e-06 9.9183e-01 9.9940e+04 7.0774e-01 2.4796e+00
3.2353e+01 9.9930e+04 8.2144e-06 9.9065e-01 9.9930e+04 8.2087e-01 2.4766e+00
3.2745e+01 9.9918e+04 9.5005e-06 9.8933e-01 9.9918e+04 9.4927e-01 2.4733e+00
3.3137e+01 9.9904e+04 1.0956e-05 9.8787e-01 9.9904e+04 1.0945e+00 2.4697e+00
3.3529e+01 9.9889e+04 1.2598e-05 9.8625e-01 9.9889e+04 1.2584e+00 2.4656e+00
3.3922e+01 9.9871e+04 1.4444e-05 9.8446e-01 9.9871e+04 1.4425e+00 2.4612e+00
3.4314e+01 9.9850e+04 1.6513e-05 9.8249e-01 9.9850e+04 1.6488e+00 2.4562e+00
3.4706e+01 9.9827e+04 1.8825e-05 9.8033e-01 9.9827e+04 1.8792e+00 2.4508e+00
3.5098e+01 9.9801e+04 2.1400e-05 9.7796e-01 9.9801e+04 2.1358e+00 2.4449e+00
3.5490e+01 9.9772e+04 2.4260e-05 9.7539e-01 9.9772e+04 2.4205e+00 2.4385e+00
3.5882e+01 9.9738e+04 2.7426e-05 9.7259e-01 9.9738e+04 2.7354e+00 2.4315e+00
3.6275e+01 9.9701e+04 3.0919e-05 9.6956e-01 9.9701e+04 3.0827e+00 2.4240e+00
3.6667e+01 9.9660e+04 3.4763e-05 9.6630e-01 9.9660e+04 3.4645e+00 2.4158e+00
3.7059e+01 9.9613e+04 3.8980e-05 9.6278e-01 9.9613e+04 3.8829e+00 2.4070e+00
3.7451e+01 9.9562e+04 4.3591e-05 9.5902e-01 9.9562e+04 4.3400e+00 2.3977e+00
3.7843e+01 9.9505e+04 4.8619e-05 9.5501e-01 9.9505e+04 4.8378e+00 2.3876e+00
3.8235e+01 9.9442e+04 5.4085e-05 9.5073e-01 9.9442e+04 5.3783e+00 2.3770e+00
3.8627e+01 9.9373e+04 6.0009e-05 9.4619e-01 9.9373e+04 5.9633e+00 2.3657e+00
3.9020e+01 9.9296e+04 6.6413e-05 9.4140e-01 9.9296e+04 6.5945e+00 2.3537e+00
3.9412e+01 9.9213e+04 7.3314e-05 9.3635e-01 9.9213e+04 7.2736e+00 2.3411e+00
3.9804e+01 9.9122e+04 8.0729e-05 9.3104e-01 9.9122e+04 8.0020e+00 2.3279e+00
4.0196e+01 9.9022e+04 8.8675e-05 9.2548e-01 9.9022e+04 8.7808e+00 2.3141e+00
4.0588e+01 9.8914e+04 9.7166e-05 9.1968e-01 9.8914e+04 9.6111e+00 2.2997e+00
4.0980e+01 9.8797e+04 1.0621e-04 9.1365e-01 9.8797e+04 1.0494e+01 2.2847e+00
4.1373e+01 9.8670e+04 1.1583e-04 9.0740e-01 9.8670e+04 1.1429e+01 2.2692e+00
4.1765e+01 9.8533e+04 1.2601e-04 9.0094e-01 9.8533e+04 1.2417e+01 2.2531e+00
4.2157e+01 9.8387e+04 1.3679e-04 8.9428e-01 9.8387e+04 1.3458e+01 2.2366e+00
4.2549e+01 9.8228e+04 1.4812e-04 8.8743e-01 9.8228e+04 1.4549e+01 2.2197e+00
4.2941e+01 9.8062e+04 1.6011e-04 8.8045e-01 9.8062e+04 1.5701e+01 2.2024e+00
4.3333e+01 9.7876e+04 1.7242e-04 8.7324e-01 9.7876e+04 1.6876e+01 2.1845e+00
4.3725e+01 9.7701e+04 1.8608e-04 8.6617e-01 9.7701e+04 1.8180e+01 2.1671e+00
4.4118e+01 9.7454e+04 1.9814e-04 8.5824e-01 9.7454e+04 1.9309e+01 2.1475e+00
4.4510e+01 9.7349e+04 2.1631e-04 8.5214e-01 9.7349e+04 2.1057e+01 2.1326e+00
4.4902e+01 9.6867e+04 2.2191e-04 8.4151e-01 9.6867e+04 2.1495e+01 2.1062e+00
4.5294e+01 9.7153e+04 2.5597e-04 8.4031e-01 9.7153e+04 2.4868e+01 2.1040e+00
4.5686e+01 9.5934e+04 2.3694e-04 8.2106e-01 9.5934e+04 2.2731e+01 2.0553e+00
4.6078e+01 9.7221e+04 3.0840e-04 8.3194e-01 9.7221e+04 2.9983e+01 2.0845e+00
4.6471e+01 9.4837e+04 2.4968e-04 7.9939e-01 9.4837e+04 2.3679e+01 2.0014e+00
4.6863e+01 9.6870e+04 3.4926e-04 8.1903e-01 9.6870e+04 3.3833e+01 2.0535e+00
4.7255e+01 9.4646e+04 2.9969e-04 7.8955e-01 9.4646e+04 2.8364e+01 1.9781e+00
4.7647e+01 9.5329e+04 3.5170e-04 7.9319e-01 9.5329e+04 3.3527e+01 1.9889e+00
4.8039e+01 9.4827e+04 3.6554e-04 7.8448e-01 9.4827e+04 3.4663e+01 1.9675e+00
4.8431e+01 9.4441e+04 3.8577e-04 7.7783e-01 9.4441e+04 3.6433e+01 1.9516e+00
4.8824e+01 9.5056e+04 3.8482e-04 7.6436e-01 9.5056e+04 3.6579e+01 1.9179e+00
4.9216e+01 8.5078e+04 4.3161e-04 7.6636e-01 8.5078e+04 3.6720e+01 1.9238e+00
4.9608e+01 1.2642e+05 4.3832e-04 7.5421e-01 1.2642e+05 5.5410e+01 1.8977e+00
5.0000e+01 5.3162e+04 4.4812e-04 7.4794e-01 5.3162e+04 2.3823e+01 1.8752e+00
5.0392e+01 1.8472e+04 4.7050e-04 7.4628e-01 1.8472e+04 8.6909e+00 1.8677e+00
5.0784e+01 9.8651e+03 5.3103e-04 7.4712e-01 9.8651e+03 5.2387e+00 1.8692e+00
5.1176e+01 8.7647e+03 6.1522e-04 7.4528e-01 8.7647e+03 5.3922e+00 1.8649e+00
5.1569e+01 9.0077e+03 6.6774e-04 7.4027e-01 9.0077e+03 6.0148e+00 1.8527e+00
5.1961e+01 9.6988e+03 7.8585e-04 7.4307e-01 9.6988e+03 7.6218e+00 1.8607e+00
5.2353e+01 1.0240e+04 9.0134e-04 7.4763e-01 1.0240e+04 9.2296e+00 1.8732e+00
5.2745e+01 1.0676e+04 9.3249e-04 7.4480e-01 1.0676e+04 9.9556e+00 1.8666e+00
5.3137e+01 1.0909e+04 9.2381e-04 7.3879e-01 1.0909e+04 1.0078e+01 1.8516e+00
5.3529e+01 1.1172e+04 9.6526e-04 7.3879e-01 1.1172e+04 1.0784e+01 1.8522e+00
5.3922e+01 1.1407e+04 1.0477e-03 7.4386e-01 1.1407e+04 1.1952e+01 1.8659e+00
5.4314e+01 1.1606e+04 1.1065e-03 7.4686e-01 1.1606e+04 1.2843e+01 1.8743e+00
5.4706e+01 1.1703e+04 1.1136e-03 7.4451e-01 1.1703e+04 1.3033e+01 1.8685e+00
5.5098e+01 1.1768e+04 1.0989e-03 7.3981e-01 1.1768e+04 1.2931e+01 1.8566e+00
5.5490e+01 1.1842e+04 1.1061e-03 7.3772e-01 1.1842e+04 1.3098e+01 1.8515e+00
5.5882e+01 1.1962e+04 1.1542e-03 7.4043e-01 1.1962e+04 1.3806e+01 1.8590e+00
5.6275e+01 1.2094e+04 1.2206e-03 7.4545e-01 1.2094e+04 1.4762e+01 1.8726e+00
5.6667e+01 1.2203e+04 1.2717e-03 7.4898e-01 1.2203e+04 1.5518e+01 1.8823e+00
5.7059e+01 1.2261e+04 1.2902e-03 7.4903e-01 1.2261e+04 1.5819e+01 1.8828e+00
5.7451e+01 1.2283e+04 1.2825e-03 7.4626e-01 1.2283e+04 1.5753e+01 1.8757e+00
5.7843e+01 1.2298e+04 1.2715e-03 7.4258e-01 1.2298e+04 1.5636e+01 1.8664e+00
5.8235e+01 1.2345e+04 1.2858e-03 7.4200e-01 1.2345e+04 1.5872e+01 1.8652e+00
5.8627e+01 1.2439e+04 1.3389e-03 7.4606e-01 1.2439e+04 1.6654e+01 1.8763e+00
5.9020e+01 1.2568e+04 1.4201e-03 7.5354e-01 1.2568e+04 1.7849e+01 1.8965e+00
5.9412e+01 1.2707e+04 1.5086e-03 7.6211e-01 1.2707e+04 1.9170e+01 1.9197e+00
5.9804e+01 1.2829e+04 1.5863e-03 7.6960e-01 1.2829e+04 2.0350e+01 1.9401e+00
6.0196e+01 1.2921e+04 1.6432e-03 7.7481e-01 1.2921e+04 2.1232e+01 1.9545e+00
6.0588e+01 1.2982e+04 1.6782e-03 7.7751e-01 1.2982e+04 2.1787e+01 1.9621e+00
6.0980e+01 1.3017e+04 1.6957e-03 7.7819e-01 1.3017e+04 2.2073e+01 1.9642e+00
6.1373e+01 1.3036e+04 1.7021e-03 7.7758e-01 1.3036e+04 2.2187e+01 1.9628e+00
6.1765e+01 1.3045e+04 1.7027e-03 7.7633e-01 1.3045e+04 2.2213e+01 1.9597e+00
6.2157e+01 1.3051e+04 1.7011e-03 7.7484e-01 1.3051e+04 2.2202e+01 1.9560e+00
6.2549e+01 1.3056e+04 1.6988e-03 7.7325e-01 1.3056e+04 2.2179e+01 1.9520e+00
6.2941e+01 1.3060e+04 1.6959e-03 7.7159e-01 1.3060e+04 2.2149e+01 1.9477e+00
6.3333e+01 1.3063e+04 1.6928e-03 7.6987e-01 1.3063e+04 2.2114e+01 1.9434e+00
6.3725e+01 1.3067e+04 1.6893e-03 7.6810e-01 1.3067e+04 2.2074e+01 1.9389e+00
6.4118e+01 1.3069e+04 1.6856e-03 7.6626e-01 1.3069e+04 2.2030e+01 1.9342e+00
6.4510e+01 1.3072e+04 1.6816e-03 7.6438e-01 1.3072e+04 2.1981e+01 1.9294e+00
6.4902e+01 1.3074e+04 1.6773e-03 7.6243e-01 1.3074e+04 2.1928e+01 1.9245e+00
6.5294e+01 1.3076e+04 1.6727e-03 7.6043e-01 1.3076e+04 2.1872e+01 1.9194e+00
6.5686e+01 1.3077e+04 1.6678e-03 7.5837e-01 1.3077e+04 2.1811e+01 1.9141e+00
6.6078e+01 1.3079e+04 1.6628e-03 7.5625e-01 1.3079e+04 2.1747e+01 1.9087e+00
6.6471e+01 1.3080e+04 1.6574e-03 7.5407e-01 1.3080e+04 2.1678e+01 1.9031e+00
6.6863e+01 1.3081e+04 1.6518e-03 7.5182e-01 1.3081e+04 2.1606e+01 1.8974e+00
6.7255e+01 1.3081e+04 1.6459e-03 7.4952e-01 1.3081e+04 2.1531e+01 1.8915e+00
6.7647e+01 1.3081e+04 1.6398e-03 7.4715e-01 1.3081e+04 2.1451e+01 1.8855e+00
6.8039e+01 1.3081e+04 1.6334e-03 7.4471e-01 1.3081e+04 2.1368e+01 1.8792e+00
6.8431e+01 1.3081e+04 1.6268e-03 7.4220e-01 1.3081e+04 2.1280e+01 1.8728e+00
6.8824e+01 1.3081e+04 1.6199e-03 7.3963e-01 1.3081e+04 2.1190e+01 1.8662e+00
6.9216e+01 1.3080e+04 1.6127e-03 7.3698e-01 1.3080e+04 2.1095e+01 1.8595e+00
6.9608e+01 1.3079e+04 1.6053e-03 7.3427e-01 1.3079e+04 2.0997e+01 1.8525e+00
7.0000e+01 1.3078e+04 1.5977e-03 7.3147e-01 1.3078e+04 2.0895e+01 1.8454e+00
7.0392e+01 1.3077e+04 1.5897e-03 7.2860e-01 1.3077e+04 2.0789e+01 1.8380e+00
7.0784e+01 1.3076e+04 1.5815e-03 7.2565e-01 1.3076e+04 2.0679e+01 1.8305e+00
7.1176e+01 1.3074e+04 1.5731e-03 7.2262e-01 1.3074e+04 2.0566e+01 1.8227e+00
7.1569e+01 1.3072e+04 1.5643e-03 7.1951e-01 1.3072e+04 2.0449e+01 1.8148e+00
7.1961e+01 1.3070e+04 1.5553e-03 7.1631e-01 1.3070e+04 2.0328e+01 1.8066e+00
7.2353e+01 1.3068e+04 1.5460e-03 7.1303e-01 1.3068e+04 2.0203e+01 1.7982e+00
7.2745e+01 1.3065e+04 1.5365e-03 7.0966e-01 1.3065e+04 2.0074e+01 1.7896e+00
7.3137e+01 1.3063e+04 1.5266e-03 7.0619e-01 1.3063e+04 1.9942e+01 1.7807e+00
7.3529e+01 1.3060e+04 1.5165e-03 7.0263e-01 1.3060e+04 1.9805e+01 1.7716e+00
7.3922e+01 1.3057e+04 1.5061e-03 6.9898e-01 1.3057e+04 1.9665e+01 1.7623e+00
7.4314e+01 1.3054e+04 1.4954e-03 6.9523e-01 1.3054e+04 1.9520e+01 1.7527e+00
7.4706e+01 1.3050e+04 1.4844e-03 6.9138e-01 1.3050e+04 1.9372e+01 1.7428e+00
7.5098e+01 1.3047e+04 1.4732e-03 6.8742e-01 1.3047e+04 1.9220e+01 1.7327e+00
7.5490e+01 1.3043e+04 1.4616e-03 6.8336e-01 1.3043e+04 1.9064e+01 1.7223e+00
7.5882e+01 1.3039e+04 1.4497e-03 6.7920e-01 1.3039e+04 1.8903e+01 1.7117e+00
7.6275e+01 1.3035e+04 1.4376e-03 6.7493e-01 1.3035e+04 1.8739e+01 1.7008e+00
7.6667e+01 1.3031e+04 1.4251e-03 6.7054e-01 1.3031e+04 1.8571e+01 1.6896e+00
7.7059e+01 1.3026e+04 1.4124e-03 6.6604e-01 1.3026e+04 1.8398e+01 1.6781e+00
7.7451e+01 1.3022e+04 1.3993e-03 6.6143e-01 1.3022e+04 1.8222e+01 1.6663e+00
7.7843e+01 1.3017e+04 1.3859e-03 6.5669e-01 1.3017e+04 1.8041e+01 1.6542e+00
7.8235e+01 1.3012e+04 1.3723e-03 6.5184e-01 1.3012e+04 1.7856e+01 1.6419e+00
7.8627e+01 1.3007e+04 1.3583e-03 6.4687e-01 1.3007e+04 1.7667e+01 1.6292e+00
7.9020e+01 1.3002e+04 1.3439e-03 6.4176e-01 1.3002e+04 1.7474e+01 1.6162e+00
7.9412e+01 1.2997e+04 1.3293e-03 6.3653e-01 1.2997e+04 1.7277e+01 1.6028e+00
7.9804e+01 1.2991e+04 1.3144e-03 6.3118e-01 1.2991e+04 1.7075e+01 1.5892e+00
8.0196e+01 1.2985e+04 1.2991e-03 6.2568e-01 1.2985e+04 1.6869e+01 1.5752e+00
8.0588e+01 1.2980e+04 1.2835e-03 6.2006e-01 1.2980e+04 1.6659e+01 1.5608e+00
8.0980e+01 1.2974e+04 1.2675e-03 6.1429e-01 1.2974e+04 1.6444e+01 1.5462e+00
8.1373e+01 1.2967e+04 1.2513e-03 6.0839e-01 1.2967e+04 1.6226e+01 1.5311e+00
8.1765e+01 1.2961e+04 1.2347e-03 6.0235e-01 1.2961e+04 1.6003e+01 1.5157e+00
8.2157e+01 1.2955e+04 1.2177e-03 5.9616e-01 1.2955e+04 1.5775e+01 1.5000e+00
8.2549e+01 1.2948e+04 1.2004e-03 5.8982e-01 1.2948e+04 1.5543e+01 1.4839e+00
8.2941e+01 1.2941e+04 1.1828e-03 5.8333e-01 1.2941e+04 1.5307e+01 1.4674e+00
8.3333e+01 1.2934e+04 1.1648e-03 5.7670e-01 1.2934e+04 1.5067e+01 1.4505e+00
8.3725e+01 1.2927e+04 1.1465e-03 5.6991e-01 1.2927e+04 1.4822e+01 1.4333e+00
8.4118e+01 1.2920e+04 1.1279e-03 5.6296e-01 1.2920e+04 1.4572e+01 1.4156e+00
8.4510e+01 1.2913e+04 1.1088e-03 5.5585e-01 1.2913e+04 1.4318e+01 1.3976e+00
8.4902e+01 1.2905e+04 1.0895e-03 5.4858e-01 1.2905e+04 1.4060e+01 1.3791e+00
8.5294e+01 1.2898e+04 1.0697e-03 5.4115e-01 1.2898e+04 1.3797e+01 1.3602e+00
8.5686e+01 1.2890e+04 1.0496e-03 5.3354e-01 1.2890e+04 1.3530e+01 1.3410e+00
8.6078e+01 1.2882e+04 1.0292e-03 5.2577e-01 1.2882e+04 1.3258e+01 1.3213e+00
8.6471e+01 1.2874e+04 1.0083e-03 5.1783e-01 1.2874e+04 1.2981e+01 1.3011e+00
8.6863e+01 1.2866e+04 9.8712e-04 5.0971e-01 1.2866e+04 1.2700e+01 1.2805e+00
8.7255e+01 1.2857e+04 9.6554e-04 5.0141e-01 1.2857e+04 1.2414e+01 1.2595e+00
8.7647e+01 1.2849e+04 9.4358e-04 4.9293e-01 1.2849e+04 1.2124e+01 1.2381e+00
8.8039e+01 1.2840e+04 9.2123e-04 4.8427e-01 1.2840e+04 1.1829e+01 1.2161e+00
8.8431e+01 1.2831e+04 8.9851e-04 4.7542e-01 1.2831e+04 1.1529e+01 1.1937e+00
8.8824e+01 1.2823e+04 8.7539e-04 4.6638e-01 1.2823e+04 1.1225e+01 1.1709e+00
8.9216e+01 1.2814e+04 8.5188e-04 4.5715e-01 1.2814e+04 1.0916e+01 1.1475e+00
8.9608e+01 1.2804e+04 8.2797e-04 4.4772e-01 1.2804e+04 1.0602e+01 1.1237e+00
9.0000e+01 1.2795e+04 8.0367e-04 4.3809e-01 1.2795e+04 1.0283e+01 1.0994e+00
9.0392e+01 1.2786e+04 7.7895e-04 4.2826e-01 1.2786e+04 9.9594e+00 1.0745e+00
9.0784e+01 1.2776e+04 7.5383e-04 4.1822e-01 1.2776e+04 9.6310e+00 1.0492e+00
9.1176e+01 1.2766e+04 7.2830e-04 4.0797e-01 1.2766e+04 9.2976e+00 1.0233e+00
9.1569e+01 1.2756e+04 7.0234e-04 3.9751e-01 1.2756e+04 8.9593e+00 9.9693e-01
9.1961e+01 1.2746e+04 6.7596e-04 3.8683e-01 1.2746e+04 8.6161e+00 9.6999e-01
9.2353e+01 1.2736e+04 6.4916e-04 3.7593e-01 1.2736e+04 8.2678e+00 9.4250e-01
9.2745e+01 1.2726e+04 6.2191e-04 3.6480e-01 1.2726e+04 7.9145e+00 9.1446e-01
9.3137e+01 1.2716e+04 5.9424e-04 3.5344e-01 1.2716e+04 7.5561e+00 8.8585e-01
9.3529e+01 1.2705e+04 5.6611e-04 3.4185e-01 1.2705e+04 7.1925e+00 8.5665e-01
9.3922e+01 1.2694e+04 5.3754e-04 3.3001e-01 1.2694e+04 6.8238e+00 8.2686e-01
9.4314e+01 1.2684e+04 5.0852e-04 3.1793e-01 1.2684e+04 6.4499e+00 7.9646e-01
9.4706e+01 1.2673e+04 4.7904e-04 3.0559e-01 1.2673e+04 6.0707e+00 7.6544e-01
9.5098e+01 1.2662e+04 4.4911e-04 2.9300e-01 1.2662e+04 5.6864e+00 7.3378e-01
9.5490e+01 1.2650e+04 4.1871e-04 2.8013e-01 1.2650e+04 5.2968e+00 7.0144e-01
9.5882e+01 1.2639e+04 3.8786e-04 2.6698e-01 1.2639e+04 4.9021e+00 6.6840e-01
9.6275e+01 1.2627e+04 3.5657e-04 2.5352e-01 1.2627e+04 4.5025e+00 6.3460e-01
9.6667e+01 1.2616e+04 3.2486e-04 2.3973e-01 1.2616e+04 4.0983e+00 5.9999e-01
9.7059e+01 1.2604e+04 2.9276e-04 2.2557e-01 1.2604e+04 3.6899e+00 5.6446e-01
9.7451e+01 1.2592e+04 2.6036e-04 2.1099e-01 1.2592e+04 3.2785e+00 5.2790e-01
9.7843e+01 1.2580e+04 2.2780e-04 1.9594e-01 1.2580e+04 2.8656e+00 4.9017e-01
9.8235e+01 1.2567e+04 1.9532e-04 1.8036e-01 1.2567e+04 2.4546e+00 4.5114e-01
9.8627e+01 1.2555e+04 1.6340e-04 1.6426e-01 1.2555e+04 2.0514e+00 4.1083e-01
9.9020e+01 1.2542e+04 1.3307e-04 1.4779e-01 1.2542e+04 1.6690e+00 3.6958e-01
9.9412e+01 1.2529e+04 1.0543e-04 1.3119e-01 1.2529e+04 1.3210e+00 3.2804e-01
9.9804e+01 1.2539e+04 8.5413e-05 1.1547e-01 1.2539e+04 1.0710e+00 2.8871e-01
