# # x Density Velocity Pressure q0 q1 q2
1.9608e-01 1.0000e+05 2.9945e-15 1.0000e+00 1.0000e+05 2.9945e-10 2.5000e+00
5.8824e-01 1.0000e+05 3.9783e-15 1.0000e+00 1.0000e+05 3.9783e-10 2.5000e+00
9.8039e-01 1.0000e+05 5.1598e-15 1.0000e+00 1.0000e+05 5.1598e-10 2.5000e+00
1.3725e+00 1.0000e+05 7.0866e-15 1.0000e+00 1.0000e+05 7.0866e-10 2.5000e+00
1.7647e+00 1.0000e+05 1.0094e-14 1.0000e+00 1.0000e+05 1.0094e-09 2.5000e+00
2.1569e+00 1.0000e+05 1.4612e-14 1.0000e+00 1.0000e+05 1.4612e-09 2.5000e+00
2.5490e+00 1.0000e+05 2.1271e-14 1.0000e+00 1.0000e+05 2.1271e-09 2.5000e+00
2.9412e+00 1.0000e+05 3.0982e-14 1.0000e+00 1.0000e+05 3.0982e-09 2.5000e+00
3.3333e+00 1.0000e+05 4.5060e-14 1.0000e+00 1.0000e+05 4.5060e-09 2.5000e+00
3.7255e+00 1.0000e+05 6.5379e-14 1.0000e+00 1.0000e+05 6.5379e-09 2.5000e+00
4.1176e+00 1.0000e+05 9.4595e-14 1.0000e+00 1.0000e+05 9.4595e-09 2.5000e+00
4.5098e+00 1.0000e+05 1.3646e-13 1.0000e+00 1.0000e+05 1.3646e-08 2.5000e+00
4.9020e+00 1.0000e+05 1.9624e-13 1.0000e+00 1.0000e+05 1.9624e-08 2.5000e+00
5.2941e+00 1.0000e+05 2.8135e-13 1.0000e+00 1.0000e+05 2.8135e-08 2.5000e+00
5.6863e+00 1.0000e+05 4.0210e-13 1.0000e+00 1.0000e+05 4.0210e-08 2.5000e+00
6.0784e+00 1.0000e+05 5.7289e-13 1.0000e+00 1.0000e+05 5.7289e-08 2.5000e+00
6.4706e+00 1.0000e+05 8.1366e-13 1.0000e+00 1.0000e+05 8.1366e-08 2.5000e+00
6.8627e+00 1.0000e+05 1.1520e-12 1.0000e+00 1.0000e+05 1.1520e-07 2.5000e+00
7.2549e+00 1.0000e+05 1.6259e-12 1.0000e+00 1.0000e+05 1.6259e-07 2.5000e+00
7.6471e+00 1.0000e+05 2.2874e-12 1.0000e+00 1.0000e+05 2.2874e-07 2.5000e+00
8.0392e+00 1.0000e+05 3.2081e-12 1.0000e+00 1.0000e+05 3.2081e-07 2.5000e+00
8.4314e+00 1.0000e+05 4.4851e-12 1.0000e+00 1.0000e+05 4.4851e-07 2.5000e+00
8.8235e+00 1.0000e+05 6.2507e-12 1.0000e+00 1.0000e+05 6.2507e-07 2.5000e+00
9.2157e+00 1.0000e+05 8.6839e-12 1.0000e+00 1.0000e+05 8.6839e-07 2.5000e+00
9.6078e+00 1.0000e+05 1.2026e-11 1.0000e+00 1.0000e+05 1.2026e-06 2.5000e+00
1.0000e+01 1.0000e+05 1.6602e-11 1.0000e+00 1.0000e+05 1.6602e-06 2.5000e+00
1.0392e+01 1.0000e+05 2.2847e-11 1.0000e+00 1.0000e+05 2.2847e-06 2.5000e+00
1.0784e+01 1.0000e+05 3.1342e-11 1.0000e+00 1.0000e+05 3.1342e-06 2.5000e+00
1.1176e+01 1.0000e+05 4.2860e-11 1.0000e+00 1.0000e+05 4.2860e-06 2.5000e+00
1.1569e+01 1.0000e+05 5.8424e-11 1.0000e+00 1.0000e+05 5.8424e-06 2.5000e+00
1.1961e+01 1.0000e+05 7.9389e-11 1.0000e+00 1.0000e+05 7.9389e-06 2.5000e+00
1.2353e+01 1.0000e+05 1.0754e-10 1.0000e+00 1.0000e+05 1.0754e-05 2.5000e+00
1.2745e+01 1.0000e+05 1.4520e-10 1.0000e+00 1.0000e+05 1.4520e-05 2.5000e+00
1.3137e+01 1.0000e+05 1.9544e-10 1.0000e+00 1.0000e+05 1.9544e-05 2.5000e+00
1.3529e+01 1.0000e+05 2.6223e-10 1.0000e+00 1.0000e+05 2.6223e-05 2.5000e+00
1.3922e+01 1.0000e+05 3.5073e-10 1.0000e+00 1.0000e+05 3.5073e-05 2.5000e+00
1.4314e+01 1.0000e+05 4.6761e-10 1.0000e+00 1.0000e+05 4.6761e-05 2.5000e+00
1.4706e+01 1.0000e+05 6.2148e-10 1.0000e+00 1.0000e+05 6.2148e-05 2.5000e+00
1.5098e+01 1.0000e+05 8.2336e-10 1.0000e+00 1.0000e+05 8.2336e-05 2.5000e+00
1.5490e+01 1.0000e+05 1.0874e-09 1.0000e+00 1.0000e+05 1.0874e-04 2.5000e+00
1.5882e+01 1.0000e+05 1.4315e-09 1.0000e+00 1.0000e+05 1.4315e-04 2.5000e+00
1.6275e+01 1.0000e+05 1.8786e-09 1.0000e+00 1.0000e+05 1.8786e-04 2.5000e+00
1.6667e+01 1.0000e+05 2.4575e-09 1.0000e+00 1.0000e+05 2.4575e-04 2.5000e+00
1.7059e+01 1.0000e+05 3.2047e-09 9.9999e-01 1.0000e+05 3.2047e-04 2.5000e+00
1.7451e+01 1.0000e+05 4.1659e-09 9.9999e-01 1.0000e+05 4.1659e-04 2.5000e+00
1.7843e+01 1.0000e+05 5.3982e-09 9.9999e-01 1.0000e+05 5.3982e-04 2.5000e+00
1.8235e+01 1.0000e+05 6.9731e-09 9.9999e-01 1.0000e+05 6.9731e-04 2.5000e+00
1.8627e+01 1.0000e+05 8.9790e-09 9.9998e-01 1.0000e+05 8.9790e-04 2.5000e+00
1.9020e+01 1.0000e+05 1.1526e-08 9.9998e-01 1.0000e+05 1.1526e-03 2.5000e+00
1.9412e+01 1.0000e+05 1.4748e-08 9.9998e-01 1.0000e+05 1.4748e-03 2.4999e+00
1.9804e+01 1.0000e+05 1.8811e-08 9.9997e-01 1.0000e+05 1.8811e-03 2.4999e+00
2.0196e+01 1.0000e+05 2.3919e-08 9.9996e-01 1.0000e+05 2.3919e-03 2.4999e+00
2.0588e+01 1.0000e+05 3.0319e-08 9.9995e-01 1.0000e+05 3.0319e-03 2.4999e+00
2.0980e+01 1.0000e+05 3.8310e-08 9.9994e-01 1.0000e+05 3.8310e-03 2.4998e+00
2.1373e+01 1.0000e+05 4.8255e-08 9.9992e-01 1.0000e+05 4.8255e-03 2.4998e+00
2.1765e+01 1.0000e+05 6.0592e-08 9.9991e-01 1.0000e+05 6.0592e-03 2.4998e+00
2.2157e+01 1.0000e+05 7.5846e-08 9.9988e-01 1.0000e+05 7.5846e-03 2.4997e+00
2.2549e+01 9.9999e+04 9.4643e-08 9.9986e-01 9.9999e+04 9.4643e-03 2.4996e+00
2.2941e+01 9.9999e+04 1.1773e-07 9.9982e-01 9.9999e+04 1.1773e-02 2.4996e+00
2.3333e+01 9.9999e+04 1.4599e-07 9.9978e-01 9.9999e+04 1.4599e-02 2.4995e+00
2.3725e+01 9.9999e+04 1.8048e-07 9.9973e-01 9.9999e+04 1.8048e-02 2.4993e+00
2.4118e+01 9.9998e+04 2.2242e-07 9.9967e-01 9.9998e+04 2.2242e-02 2.4992e+00
2.4510e+01 9.9998e+04 2.7326e-07 9.9960e-01 9.9998e+04 2.7326e-02 2.4990e+00
2.4902e+01 9.9998e+04 3.3468e-07 9.9952e-01 9.9998e+04 3.3467e-02 2.4988e+00
2.5294e+01 9.9997e+04 4.0864e-07 9.9942e-01 9.9997e+04 4.0863e-02 2.4986e+00
2.5686e+01 9.9996e+04 4.9741e-07 9.9931e-01 9.9996e+04 4.9740e-02 2.4983e+00
2.6078e+01 9.9996e+04 6.0361e-07 9.9917e-01 9.9996e+04 6.0358e-02 2.4979e+00
2.6471e+01 9.9995e+04 7.3023e-07 9.9900e-01 9.9995e+04 7.3019e-02 2.4975e+00
2.6863e+01 9.9994e+04 8.8072e-07 9.9881e-01 9.9994e+04 8.8066e-02 2.4970e+00
2.7255e+01 9.9992e+04 1.0590e-06 9.9859e-01 9.9992e+04 1.0589e-01 2.4965e+00
2.7647e+01 9.9990e+04 1.2695e-06 9.9833e-01 9.9990e+04 1.2693e-01 2.4958e+00
2.8039e+01 9.9988e+04 1.5172e-06 9.9803e-01 9.9988e+04 1.5170e-01 2.4951e+00
2.8431e+01 9.9986e+04 1.8077e-06 9.9768e-01 9.9986e+04 1.8075e-01 2.4942e+00
2.8824e+01 9.9983e+04 2.1474e-06 9.9728e-01 9.9983e+04 2.1471e-01 2.4932e+00
2.9216e+01 9.9980e+04 2.5433e-06 9.9682e-01 9.9980e+04 2.5428e-01 2.4921e+00
2.9608e+01 9.9976e+04 3.0032e-06 9.9629e-01 9.9976e+04 3.0025e-01 2.4907e+00
3.0000e+01 9.9972e+04 3.5357e-06 9.9569e-01 9.9972e+04 3.5347e-01 2.4892e+00
3.0392e+01 9.9966e+04 4.1503e-06 9.9501e-01 9.9966e+04 4.1489e-01 2.4875e+00
3.0784e+01 9.9960e+04 4.8573e-06 9.9424e-01 9.9960e+04 4.8554e-01 2.4856e+00
3.1176e+01 9.9953e+04 5.6681e-06 9.9336e-01 9.9953e+04 5.6654e-01 2.4834e+00
3.1569e+01 9.9944e+04 6.5949e-06 9.9238e-01 9.9944e+04 6.5912e-01 2.4810e+00
3.1961e+01 9.9935e+04 7.6509e-06 9.9128e-01 9.9935e+04 7.6460e-01 2.4782e+00
3.2353e+01 9.9924e+04 8.8504e-06 9.9005e-01 9.9924e+04 8.8437e-01 2.4751e+00
3.2745e+01 9.9911e+04 1.0209e-05 9.8868e-01 9.9911e+04 1.0199e+00 2.4717e+00
3.3137e+01 9.9896e+04 1.1741e-05 9.8717e-01 9.9896e+04 1.1729e+00 2.4679e+00
3.3529e+01 9.9880e+04 1.3466e-05 9.8549e-01 9.9880e+04 1.3450e+00 2.4637e+00
3.3922e+01 9.9861e+04 1.5401e-05 9.8364e-01 9.9861e+04 1.5379e+00 2.4591e+00
3.4314e+01 9.9839e+04 1.7564e-05 9.8160e-01 9.9839e+04 1.7536e+00 2.4540e+00
3.4706e+01 9.9815e+04 1.9975e-05 9.7938e-01 9.9815e+04 1.9938e+00 2.4485e+00
3.5098e+01 9.9787e+04 2.2655e-05 9.7695e-01 9.9787e+04 2.2607e+00 2.4424e+00
3.5490e+01 9.9756e+04 2.5624e-05 9.7431e-01 9.9756e+04 2.5561e+00 2.4358e+00
3.5882e+01 9.9721e+04 2.8904e-05 9.7145e-01 9.9721e+04 2.8823e+00 2.4287e+00
3.6275e+01 9.9682e+04 3.2515e-05 9.6836e-01 9.9682e+04 3.2412e+00 2.4210e+00
3.6667e+01 9.9639e+04 3.6480e-05 9.6504e-01 9.9639e+04 3.6349e+00 2.4127e+00
3.7059e+01 9.9591e+04 4.0821e-05 9.6147e-01 9.9591e+04 4.0654e+00 2.4038e+00
3.7451e+01 9.9537e+04 4.5560e-05 9.5765e-01 9.9537e+04 4.5349e+00 2.3942e+00
3.7843e+01 9.9478e+04 5.0716e-05 9.5358e-01 9.9478e+04 5.0452e+00 2.3841e+00
3.8235e+01 9.9413e+04 5.6312e-05 9.4926e-01 9.9413e+04 5.5981e+00 2.3733e+00
3.8627e+01 9.9341e+04 6.2367e-05 9.4469e-01 9.9341e+04 6.1956e+00 2.3619e+00
3.9020e+01 9.9263e+04 6.8900e-05 9.3985e-01 9.9263e+04 6.8392e+00 2.3499e+00
3.9412e+01 9.9177e+04 7.5928e-05 9.3477e-01 9.9177e+04 7.5303e+00 2.3372e+00
3.9804e+01 9.9083e+04 8.3470e-05 9.2944e-01 9.9083e+04 8.2704e+00 2.3239e+00
4.0196e+01 9.8981e+04 9.1538e-05 9.2386e-01 9.8981e+04 9.0605e+00 2.3101e+00
4.0588e+01 9.8870e+04 1.0015e-04 9.1805e-01 9.8870e+04 9.9015e+00 2.2956e+00
4.0980e+01 9.8750e+04 1.0931e-04 9.1201e-01 9.8750e+04 1.0794e+01 2.2806e+00
4.1373e+01 9.8621e+04 1.1903e-04 9.0576e-01 9.8621e+04 1.1739e+01 2.2651e+00
4.1765e+01 9.8481e+04 1.2931e-04 8.9931e-01 9.8481e+04 1.2735e+01 2.2491e+00
4.2157e+01 9.8332e+04 1.4018e-04 8.9267e-01 9.8332e+04 1.3784e+01 2.2326e+00
4.2549e+01 9.8171e+04 1.5159e-04 8.8584e-01 9.8171e+04 1.4882e+01 2.2157e+00
4.2941e+01 9.8002e+04 1.6367e-04 8.7890e-01 9.8002e+04 1.6040e+01 2.1986e+00
4.3333e+01 9.7813e+04 1.7599e-04 8.7170e-01 9.7813e+04 1.7214e+01 2.1808e+00
4.3725e+01 9.7639e+04 1.8985e-04 8.6472e-01 9.7639e+04 1.8537e+01 2.1636e+00
4.4118e+01 9.7380e+04 2.0160e-04 8.5672e-01 9.7380e+04 1.9632e+01 2.1438e+00
4.4510e+01 9.7294e+04 2.2057e-04 8.5093e-01 9.7294e+04 2.1460e+01 2.1297e+00
4.4902e+01 9.6769e+04 2.2469e-04 8.3985e-01 9.6769e+04 2.1743e+01 2.1021e+00
4.5294e+01 9.7123e+04 2.6128e-04 8.3955e-01 9.7123e+04 2.5376e+01 2.1022e+00
4.5686e+01 9.5804e+04 2.3868e-04 8.1918e-01 9.5804e+04 2.2867e+01 2.0507e+00
4.6078e+01 9.7195e+04 3.1393e-04 8.3137e-01 9.7195e+04 3.0513e+01 2.0832e+00
4.6471e+01 9.4743e+04 2.5286e-04 7.9814e-01 9.4743e+04 2.3957e+01 1.9984e+00
4.6863e+01 9.6746e+04 3.5140e-04 8.1747e-01 9.6746e+04 3.3997e+01 2.0496e+00
4.7255e+01 9.4656e+04 3.0667e-04 7.8967e-01 9.4656e+04 2.9028e+01 1.9786e+00
4.7647e+01 9.5173e+04 3.5266e-04 7.9143e-01 9.5173e+04 3.3564e+01 1.9845e+00
4.8039e+01 9.4747e+04 3.6912e-04 7.8364e-01 9.4747e+04 3.4973e+01 1.9656e+00
4.8431e+01 9.4393e+04 3.9104e-04 7.7763e-01 9.4393e+04 3.6912e+01 1.9513e+00
4.8824e+01 9.5055e+04 3.8760e-04 7.6345e-01 9.5055e+04 3.6844e+01 1.9158e+00
4.9216e+01 8.4593e+04 4.3381e-04 7.6535e-01 8.4593e+04 3.6697e+01 1.9213e+00
4.9608e+01 1.2673e+05 4.4210e-04 7.5380e-01 1.2673e+05 5.6030e+01 1.8969e+00
5.0000e+01 5.4358e+04 4.5209e-04 7.4760e-01 5.4358e+04 2.4575e+01 1.8746e+00
5.0392e+01 1.8955e+04 4.7103e-04 7.4533e-01 1.8955e+04 8.9284e+00 1.8654e+00
5.0784e+01 9.9504e+03 5.2603e-04 7.4579e-01 9.9504e+03 5.2342e+00 1.8658e+00
5.1176e+01 8.7445e+03 6.3080e-04 7.4622e-01 8.7445e+03 5.5160e+00 1.8673e+00
5.1569e+01 8.9560e+03 6.7721e-04 7.4067e-01 8.9560e+03 6.0651e+00 1.8537e+00
5.1961e+01 9.6193e+03 7.6532e-04 7.4049e-01 9.6193e+03 7.3619e+00 1.8540e+00
5.2353e+01 1.0175e+04 8.8918e-04 7.4584e-01 1.0175e+04 9.0471e+00 1.8686e+00
5.2745e+01 1.0651e+04 9.5016e-04 7.4610e-01 1.0651e+04 1.0120e+01 1.8701e+00
5.3137e+01 1.0892e+04 9.4156e-04 7.4010e-01 1.0892e+04 1.0256e+01 1.8551e+00
5.3529e+01 1.1130e+04 9.5607e-04 7.3719e-01 1.1130e+04 1.0641e+01 1.8481e+00
5.3922e+01 1.1354e+04 1.0257e-03 7.4082e-01 1.1354e+04 1.1646e+01 1.8580e+00
5.4314e+01 1.1573e+04 1.0989e-03 7.4534e-01 1.1573e+04 1.2717e+01 1.8703e+00
5.4706e+01 1.1697e+04 1.1260e-03 7.4525e-01 1.1697e+04 1.3171e+01 1.8705e+00
5.5098e+01 1.1768e+04 1.1153e-03 7.4132e-01 1.1768e+04 1.3125e+01 1.8606e+00
5.5490e+01 1.1825e+04 1.1080e-03 7.3751e-01 1.1825e+04 1.3102e+01 1.8510e+00
5.5882e+01 1.1923e+04 1.1374e-03 7.3809e-01 1.1923e+04 1.3562e+01 1.8529e+00
5.6275e+01 1.2049e+04 1.1983e-03 7.4246e-01 1.2049e+04 1.4438e+01 1.8648e+00
5.6667e+01 1.2171e+04 1.2587e-03 7.4703e-01 1.2171e+04 1.5320e+01 1.8772e+00
5.7059e+01 1.2251e+04 1.2923e-03 7.4876e-01 1.2251e+04 1.5831e+01 1.8821e+00
5.7451e+01 1.2286e+04 1.2951e-03 7.4710e-01 1.2286e+04 1.5912e+01 1.8781e+00
5.7843e+01 1.2298e+04 1.2826e-03 7.4357e-01 1.2298e+04 1.5774e+01 1.8690e+00
5.8235e+01 1.2325e+04 1.2813e-03 7.4118e-01 1.2325e+04 1.5792e+01 1.8631e+00
5.8627e+01 1.2394e+04 1.3149e-03 7.4298e-01 1.2394e+04 1.6297e+01 1.8682e+00
5.9020e+01 1.2507e+04 1.3834e-03 7.4895e-01 1.2507e+04 1.7301e+01 1.8843e+00
5.9412e+01 1.2642e+04 1.4695e-03 7.5717e-01 1.2642e+04 1.8577e+01 1.9066e+00
5.9804e+01 1.2773e+04 1.5534e-03 7.6533e-01 1.2773e+04 1.9841e+01 1.9287e+00
6.0196e+01 1.2881e+04 1.6209e-03 7.7175e-01 1.2881e+04 2.0878e+01 1.9463e+00
6.0588e+01 1.2957e+04 1.6668e-03 7.7572e-01 1.2957e+04 2.1596e+01 1.9573e+00
6.0980e+01 1.3004e+04 1.6928e-03 7.7741e-01 1.3004e+04 2.2013e+01 1.9622e+00
6.1373e+01 1.3031e+04 1.7044e-03 7.7743e-01 1.3031e+04 2.2209e+01 1.9625e+00
6.1765e+01 1.3044e+04 1.7077e-03 7.7650e-01 1.3044e+04 2.2275e+01 1.9603e+00
6.2157e+01 1.3052e+04 1.7071e-03 7.7514e-01 1.3052e+04 2.2281e+01 1.9569e+00
6.2549e+01 1.3057e+04 1.7052e-03 7.7362e-01 1.3057e+04 2.2265e+01 1.9530e+00
6.2941e+01 1.3062e+04 1.7026e-03 7.7203e-01 1.3062e+04 2.2239e+01 1.9490e+00
6.3333e+01 1.3065e+04 1.6997e-03 7.7038e-01 1.3065e+04 2.2208e+01 1.9448e+00
6.3725e+01 1.3069e+04 1.6965e-03 7.6867e-01 1.3069e+04 2.2171e+01 1.9405e+00
6.4118e+01 1.3072e+04 1.6930e-03 7.6690e-01 1.3072e+04 2.2131e+01 1.9360e+00
6.4510e+01 1.3074e+04 1.6892e-03 7.6508e-01 1.3074e+04 2.2086e+01 1.9314e+00
6.4902e+01 1.3077e+04 1.6852e-03 7.6320e-01 1.3077e+04 2.2037e+01 1.9266e+00
6.5294e+01 1.3079e+04 1.6808e-03 7.6127e-01 1.3079e+04 2.1983e+01 1.9216e+00
6.5686e+01 1.3081e+04 1.6763e-03 7.5928e-01 1.3081e+04 2.1926e+01 1.9166e+00
6.6078e+01 1.3082e+04 1.6714e-03 7.5723e-01 1.3082e+04 2.1865e+01 1.9114e+00
6.6471e+01 1.3083e+04 1.6663e-03 7.5513e-01 1.3083e+04 2.1801e+01 1.9060e+00
6.6863e+01 1.3084e+04 1.6610e-03 7.5297e-01 1.3084e+04 2.1732e+01 1.9005e+00
6.7255e+01 1.3085e+04 1.6554e-03 7.5074e-01 1.3085e+04 2.1660e+01 1.8948e+00
6.7647e+01 1.3085e+04 1.6495e-03 7.4845e-01 1.3085e+04 2.1584e+01 1.8889e+00
6.8039e+01 1.3086e+04 1.6434e-03 7.4610e-01 1.3086e+04 2.1505e+01 1.8829e+00
6.8431e+01 1.3086e+04 1.6370e-03 7.4369e-01 1.3086e+04 2.1422e+01 1.8768e+00
6.8824e+01 1.3085e+04 1.6304e-03 7.4121e-01 1.3085e+04 2.1335e+01 1.8704e+00
6.9216e+01 1.3085e+04 1.6236e-03 7.3866e-01 1.3085e+04 2.1244e+01 1.8639e+00
6.9608e+01 1.3084e+04 1.6165e-03 7.3604e-01 1.3084e+04 2.1150e+01 1.8572e+00
7.0000e+01 1.3083e+04 1.6091e-03 7.3335e-01 1.3083e+04 2.1053e+01 1.8503e+00
7.0392e+01 1.3082e+04 1.6015e-03 7.3059e-01 1.3082e+04 2.0951e+01 1.8433e+00
7.0784e+01 1.3081e+04 1.5936e-03 7.2775e-01 1.3081e+04 2.0846e+01 1.8360e+00
7.1176e+01 1.3080e+04 1.5855e-03 7.2484e-01 1.3080e+04 2.0737e+01 1.8285e+00
7.1569e+01 1.3078e+04 1.5771e-03 7.2185e-01 1.3078e+04 2.0625e+01 1.8209e+00
7.1961e+01 1.3076e+04 1.5684e-03 7.1877e-01 1.3076e+04 2.0508e+01 1.8130e+00
7.2353e+01 1.3074e+04 1.5595e-03 7.1561e-01 1.3074e+04 2.0388e+01 1.8049e+00
7.2745e+01 1.3072e+04 1.5503e-03 7.1237e-01 1.3072e+04 2.0265e+01 1.7966e+00
7.3137e+01 1.3069e+04 1.5408e-03 7.0904e-01 1.3069e+04 2.0137e+01 1.7881e+00
7.3529e+01 1.3067e+04 1.5310e-03 7.0563e-01 1.3067e+04 2.0006e+01 1.7794e+00
7.3922e+01 1.3064e+04 1.5210e-03 7.0212e-01 1.3064e+04 1.9871e+01 1.7704e+00
7.4314e+01 1.3061e+04 1.5107e-03 6.9852e-01 1.3061e+04 1.9732e+01 1.7612e+00
7.4706e+01 1.3058e+04 1.5002e-03 6.9482e-01 1.3058e+04 1.9589e+01 1.7517e+00
7.5098e+01 1.3054e+04 1.4893e-03 6.9103e-01 1.3054e+04 1.9442e+01 1.7420e+00
7.5490e+01 1.3051e+04 1.4782e-03 6.8713e-01 1.3051e+04 1.9291e+01 1.7321e+00
7.5882e+01 1.3047e+04 1.4667e-03 6.8314e-01 1.3047e+04 1.9137e+01 1.7219e+00
7.6275e+01 1.3043e+04 1.4550e-03 6.7904e-01 1.3043e+04 1.8978e+01 1.7114e+00
7.6667e+01 1.3039e+04 1.4430e-03 6.7483e-01 1.3039e+04 1.8816e+01 1.7007e+00
7.7059e+01 1.3035e+04 1.4307e-03 6.7052e-01 1.3035e+04 1.8650e+01 1.6896e+00
7.7451e+01 1.3031e+04 1.4181e-03 6.6609e-01 1.3031e+04 1.8479e+01 1.6783e+00
7.7843e+01 1.3026e+04 1.4052e-03 6.6156e-01 1.3026e+04 1.8305e+01 1.6668e+00
7.8235e+01 1.3022e+04 1.3920e-03 6.5691e-01 1.3022e+04 1.8126e+01 1.6549e+00
7.8627e+01 1.3017e+04 1.3785e-03 6.5214e-01 1.3017e+04 1.7944e+01 1.6427e+00
7.9020e+01 1.3012e+04 1.3647e-03 6.4725e-01 1.3012e+04 1.7757e+01 1.6302e+00
7.9412e+01 1.3007e+04 1.3506e-03 6.4224e-01 1.3007e+04 1.7566e+01 1.6175e+00
7.9804e+01 1.3001e+04 1.3361e-03 6.3710e-01 1.3001e+04 1.7372e+01 1.6044e+00
8.0196e+01 1.2996e+04 1.3214e-03 6.3184e-01 1.2996e+04 1.7173e+01 1.5909e+00
8.0588e+01 1.2990e+04 1.3063e-03 6.2645e-01 1.2990e+04 1.6969e+01 1.5772e+00
8.0980e+01 1.2984e+04 1.2909e-03 6.2093e-01 1.2984e+04 1.6762e+01 1.5631e+00
8.1373e+01 1.2978e+04 1.2752e-03 6.1527e-01 1.2978e+04 1.6551e+01 1.5487e+00
8.1765e+01 1.2972e+04 1.2592e-03 6.0948e-01 1.2972e+04 1.6335e+01 1.5340e+00
8.2157e+01 1.2966e+04 1.2428e-03 6.0355e-01 1.2966e+04 1.6115e+01 1.5189e+00
8.2549e+01 1.2960e+04 1.2261e-03 5.9748e-01 1.2960e+04 1.5891e+01 1.5035e+00
8.2941e+01 1.2953e+04 1.2091e-03 5.9127e-01 1.2953e+04 1.5662e+01 1.4876e+00
8.3333e+01 1.2947e+04 1.1918e-03 5.8491e-01 1.2947e+04 1.5429e+01 1.4715e+00
8.3725e+01 1.2940e+04 1.1741e-03 5.7841e-01 1.2940e+04 1.5192e+01 1.4549e+00
8.4118e+01 1.2933e+04 1.1560e-03 5.7175e-01 1.2933e+04 1.4950e+01 1.4380e+00
8.4510e+01 1.2926e+04 1.1376e-03 5.6494e-01 1.2926e+04 1.4705e+01 1.4207e+00
8.4902e+01 1.2918e+04 1.1189e-03 5.5798e-01 1.2918e+04 1.4454e+01 1.4030e+00
8.5294e+01 1.2911e+04 1.0998e-03 5.5086e-01 1.2911e+04 1.4200e+01 1.3850e+00
8.5686e+01 1.2903e+04 1.0804e-03 5.4358e-01 1.2903e+04 1.3941e+01 1.3665e+00
8.6078e+01 1.2896e+04 1.0606e-03 5.3614e-01 1.2896e+04 1.3677e+01 1.3476e+00
8.6471e+01 1.2888e+04 1.0404e-03 5.2853e-01 1.2888e+04 1.3409e+01 1.3283e+00
8.6863e+01 1.2880e+04 1.0199e-03 5.2075e-01 1.2880e+04 1.3137e+01 1.3086e+00
8.7255e+01 1.2872e+04 9.9907e-04 5.1281e-01 1.2872e+04 1.2860e+01 1.2884e+00
8.7647e+01 1.2864e+04 9.7783e-04 5.0469e-01 1.2864e+04 1.2578e+01 1.2679e+00
8.8039e+01 1.2855e+04 9.5622e-04 4.9639e-01 1.2855e+04 1.2292e+01 1.2469e+00
8.8431e+01 1.2847e+04 9.3424e-04 4.8792e-01 1.2847e+04 1.2002e+01 1.2254e+00
8.8824e+01 1.2838e+04 9.1188e-04 4.7926e-01 1.2838e+04 1.1707e+01 1.2035e+00
8.9216e+01 1.2829e+04 8.8914e-04 4.7042e-01 1.2829e+04 1.1407e+01 1.1811e+00
8.9608e+01 1.2820e+04 8.6602e-04 4.6139e-01 1.2820e+04 1.1103e+01 1.1583e+00
9.0000e+01 1.2811e+04 8.4250e-04 4.5218e-01 1.2811e+04 1.0793e+01 1.1350e+00
9.0392e+01 1.2802e+04 8.1860e-04 4.4276e-01 1.2802e+04 1.0480e+01 1.1112e+00
9.0784e+01 1.2793e+04 7.9430e-04 4.3315e-01 1.2793e+04 1.0161e+01 1.0869e+00
9.1176e+01 1.2783e+04 7.6960e-04 4.2334e-01 1.2783e+04 9.8380e+00 1.0621e+00
9.1569e+01 1.2774e+04 7.4450e-04 4.1333e-01 1.2774e+04 9.5099e+00 1.0369e+00
9.1961e+01 1.2764e+04 7.1899e-04 4.0311e-01 1.2764e+04 9.1771e+00 1.0111e+00
9.2353e+01 1.2754e+04 6.9307e-04 3.9267e-01 1.2754e+04 8.8393e+00 9.8475e-01
9.2745e+01 1.2744e+04 6.6673e-04 3.8202e-01 1.2744e+04 8.4968e+00 9.5789e-01
9.3137e+01 1.2734e+04 6.3998e-04 3.7115e-01 1.2734e+04 8.1493e+00 9.3049e-01
9.3529e+01 1.2723e+04 6.1280e-04 3.6005e-01 1.2723e+04 7.7969e+00 9.0252e-01
9.3922e+01 1.2713e+04 5.8520e-04 3.4872e-01 1.2713e+04 7.4397e+00 8.7397e-01
9.4314e+01 1.2702e+04 5.5718e-04 3.3714e-01 1.2702e+04 7.0776e+00 8.4481e-01
9.4706e+01 1.2692e+04 5.2875e-04 3.2530e-01 1.2692e+04 6.7108e+00 8.1502e-01
9.5098e+01 1.2681e+04 4.9992e-04 3.1318e-01 1.2681e+04 6.3394e+00 7.8453e-01
9.5490e+01 1.2670e+04 4.7071e-04 3.0076e-01 1.2670e+04 5.9638e+00 7.5329e-01
9.5882e+01 1.2659e+04 4.4115e-04 2.8799e-01 1.2659e+04 5.5844e+00 7.2121e-01
9.6275e+01 1.2647e+04 4.1131e-04 2.7483e-01 1.2647e+04 5.2020e+00 6.8815e-01
9.6667e+01 1.2636e+04 3.8126e-04 2.6121e-01 1.2636e+04 4.8175e+00 6.5395e-01
9.7059e+01 1.2624e+04 3.5111e-04 2.4704e-01 1.2624e+04 4.4325e+00 6.1837e-01
9.7451e+01 1.2612e+04 3.2102e-04 2.3220e-01 1.2612e+04 4.0487e+00 5.8114e-01
9.7843e+01 1.2600e+04 2.9117e-04 2.1656e-01 1.2600e+04 3.6687e+00 5.4192e-01
9.8235e+01 1.2587e+04 2.6183e-04 1.9998e-01 1.2587e+04 3.2957e+00 5.0038e-01
9.8627e+01 1.2574e+04 2.3324e-04 1.8232e-01 1.2574e+04 2.9328e+00 4.5613e-01
9.9020e+01 1.2561e+04 2.0623e-04 1.6356e-01 1.2561e+04 2.5903e+00 4.0916e-01
9.9412e+01 1.2544e+04 1.7994e-04 1.4347e-01 1.2544e+04 2.2572e+00 3.5889e-01
9.9804e+01 1.2584e+04 1.6357e-04 1.2371e-01 1.2584e+04 2.0584e+00 3.0944e-01
