# # x Density Velocity Pressure q0 q1 q2
1.9608e-01 1.0000e+05 3.7932e-15 1.0000e+00 1.0000e+05 3.7932e-10 2.5000e+00
5.8824e-01 1.0000e+05 5.0370e-15 1.0000e+00 1.0000e+05 5.0370e-10 2.5000e+00
9.8039e-01 1.0000e+05 6.5150e-15 1.0000e+00 1.0000e+05 6.5150e-10 2.5000e+00
1.3725e+00 1.0000e+05 8.9162e-15 1.0000e+00 1.0000e+05 8.9162e-10 2.5000e+00
1.7647e+00 1.0000e+05 1.2654e-14 1.0000e+00 1.0000e+05 1.2654e-09 2.5000e+00
2.1569e+00 1.0000e+05 1.8254e-14 1.0000e+00 1.0000e+05 1.8254e-09 2.5000e+00
2.5490e+00 1.0000e+05 2.6480e-14 1.0000e+00 1.0000e+05 2.6480e-09 2.5000e+00
2.9412e+00 1.0000e+05 3.8438e-14 1.0000e+00 1.0000e+05 3.8438e-09 2.5000e+00
3.3333e+00 1.0000e+05 5.5716e-14 1.0000e+00 1.0000e+05 5.5716e-09 2.5000e+00
3.7255e+00 1.0000e+05 8.0571e-14 1.0000e+00 1.0000e+05 8.0571e-09 2.5000e+00
4.1176e+00 1.0000e+05 1.1619e-13 1.0000e+00 1.0000e+05 1.1619e-08 2.5000e+00
4.5098e+00 1.0000e+05 1.6706e-13 1.0000e+00 1.0000e+05 1.6706e-08 2.5000e+00
4.9020e+00 1.0000e+05 2.3946e-13 1.0000e+00 1.0000e+05 2.3946e-08 2.5000e+00
5.2941e+00 1.0000e+05 3.4220e-13 1.0000e+00 1.0000e+05 3.4220e-08 2.5000e+00
5.6863e+00 1.0000e+05 4.8750e-13 1.0000e+00 1.0000e+05 4.8750e-08 2.5000e+00
6.0784e+00 1.0000e+05 6.9234e-13 1.0000e+00 1.0000e+05 6.9234e-08 2.5000e+00
6.4706e+00 1.0000e+05 9.8018e-13 1.0000e+00 1.0000e+05 9.8018e-08 2.5000e+00
6.8627e+00 1.0000e+05 1.3834e-12 1.0000e+00 1.0000e+05 1.3834e-07 2.5000e+00
7.2549e+00 1.0000e+05 1.9463e-12 1.0000e+00 1.0000e+05 1.9463e-07 2.5000e+00
7.6471e+00 1.0000e+05 2.7298e-12 1.0000e+00 1.0000e+05 2.7298e-07 2.5000e+00
8.0392e+00 1.0000e+05 3.8168e-12 1.0000e+00 1.0000e+05 3.8168e-07 2.5000e+00
8.4314e+00 1.0000e+05 5.3199e-12 1.0000e+00 1.0000e+05 5.3199e-07 2.5000e+00
8.8235e+00 1.0000e+05 7.3917e-12 1.0000e+00 1.0000e+05 7.3917e-07 2.5000e+00
9.2157e+00 1.0000e+05 1.0238e-11 1.0000e+00 1.0000e+05 1.0238e-06 2.5000e+00
9.6078e+00 1.0000e+05 1.4137e-11 1.0000e+00 1.0000e+05 1.4137e-06 2.5000e+00
1.0000e+01 1.0000e+05 1.9458e-11 1.0000e+00 1.0000e+05 1.9458e-06 2.5000e+00
1.0392e+01 1.0000e+05 2.6700e-11 1.0000e+00 1.0000e+05 2.6700e-06 2.5000e+00
1.0784e+01 1.0000e+05 3.6521e-11 1.0000e+00 1.0000e+05 3.6521e-06 2.5000e+00
1.1176e+01 1.0000e+05 4.9798e-11 1.0000e+00 1.0000e+05 4.9798e-06 2.5000e+00
1.1569e+01 1.0000e+05 6.7689e-11 1.0000e+00 1.0000e+05 6.7689e-06 2.5000e+00
1.1961e+01 1.0000e+05 9.1720e-11 1.0000e+00 1.0000e+05 9.1720e-06 2.5000e+00
1.2353e+01 1.0000e+05 1.2389e-10 1.0000e+00 1.0000e+05 1.2389e-05 2.5000e+00
1.2745e+01 1.0000e+05 1.6683e-10 1.0000e+00 1.0000e+05 1.6683e-05 2.5000e+00
1.3137e+01 1.0000e+05 2.2393e-10 1.0000e+00 1.0000e+05 2.2393e-05 2.5000e+00
1.3529e+01 1.0000e+05 2.9965e-10 1.0000e+00 1.0000e+05 2.9965e-05 2.5000e+00
1.3922e+01 1.0000e+05 3.9970e-10 1.0000e+00 1.0000e+05 3.9970e-05 2.5000e+00
1.4314e+01 1.0000e+05 5.3149e-10 1.0000e+00 1.0000e+05 5.3149e-05 2.5000e+00
1.4706e+01 1.0000e+05 7.0452e-10 1.0000e+00 1.0000e+05 7.0452e-05 2.5000e+00
1.5098e+01 1.0000e+05 9.3095e-10 1.0000e+00 1.0000e+05 9.3095e-05 2.5000e+00
1.5490e+01 1.0000e+05 1.2263e-09 1.0000e+00 1.0000e+05 1.2263e-04 2.5000e+00
1.5882e+01 1.0000e+05 1.6103e-09 1.0000e+00 1.0000e+05 1.6103e-04 2.5000e+00
1.6275e+01 1.0000e+05 2.1079e-09 1.0000e+00 1.0000e+05 2.1079e-04 2.5000e+00
1.6667e+01 1.0000e+05 2.7506e-09 1.0000e+00 1.0000e+05 2.7506e-04 2.5000e+00
1.7059e+01 1.0000e+05 3.5781e-09 9.9999e-01 1.0000e+05 3.5781e-04 2.5000e+00
1.7451e+01 1.0000e+05 4.6399e-09 9.9999e-01 1.0000e+05 4.6399e-04 2.5000e+00
1.7843e+01 1.0000e+05 5.9981e-09 9.9999e-01 1.0000e+05 5.9981e-04 2.5000e+00
1.8235e+01 1.0000e+05 7.7295e-09 9.9999e-01 1.0000e+05 7.7295e-04 2.5000e+00
1.8627e+01 1.0000e+05 9.9296e-09 9.9998e-01 1.0000e+05 9.9296e-04 2.5000e+00
1.9020e+01 1.0000e+05 1.2716e-08 9.9998e-01 1.0000e+05 1.2716e-03 2.4999e+00
1.9412e+01 1.0000e+05 1.6234e-08 9.9997e-01 1.0000e+05 1.6234e-03 2.4999e+00
1.9804e+01 1.0000e+05 2.0660e-08 9.9997e-01 1.0000e+05 2.0660e-03 2.4999e+00
2.0196e+01 1.0000e+05 2.6211e-08 9.9996e-01 1.0000e+05 2.6211e-03 2.4999e+00
2.0588e+01 1.0000e+05 3.3150e-08 9.9995e-01 1.0000e+05 3.3150e-03 2.4999e+00
2.0980e+01 1.0000e+05 4.1796e-08 9.9993e-01 1.0000e+05 4.1796e-03 2.4998e+00
2.1373e+01 1.0000e+05 5.2534e-08 9.9992e-01 1.0000e+05 5.2534e-03 2.4998e+00
2.1765e+01 1.0000e+05 6.5825e-08 9.9990e-01 1.0000e+05 6.5825e-03 2.4997e+00
2.2157e+01 9.9999e+04 8.2223e-08 9.9987e-01 9.9999e+04 8.2223e-03 2.4997e+00
2.2549e+01 9.9999e+04 1.0239e-07 9.9984e-01 9.9999e+04 1.0239e-02 2.4996e+00
2.2941e+01 9.9999e+04 1.2711e-07 9.9981e-01 9.9999e+04 1.2711e-02 2.4995e+00
2.3333e+01 9.9999e+04 1.5730e-07 9.9977e-01 9.9999e+04 1.5730e-02 2.4994e+00
2.3725e+01 9.9999e+04 1.9408e-07 9.9971e-01 9.9999e+04 1.9407e-02 2.4993e+00
2.4118e+01 9.9998e+04 2.3871e-07 9.9965e-01 9.9998e+04 2.3871e-02 2.4991e+00
2.4510e+01 9.9998e+04 2.9271e-07 9.9958e-01 9.9998e+04 2.9270e-02 2.4989e+00
2.4902e+01 9.9997e+04 3.5782e-07 9.9949e-01 9.9997e+04 3.5781e-02 2.4987e+00
2.5294e+01 9.9997e+04 4.3608e-07 9.9939e-01 9.9997e+04 4.3607e-02 2.4985e+00
2.5686e+01 9.9996e+04 5.2984e-07 9.9927e-01 9.9996e+04 5.2982e-02 2.4982e+00
2.6078e+01 9.9995e+04 6.4180e-07 9.9912e-01 9.9995e+04 6.4177e-02 2.4978e+00
2.6471e+01 9.9994e+04 7.7505e-07 9.9895e-01 9.9994e+04 7.7501e-02 2.4974e+00
2.6863e+01 9.9993e+04 9.3314e-07 9.9875e-01 9.9993e+04 9.3308e-02 2.4969e+00
2.7255e+01 9.9992e+04 1.1201e-06 9.9852e-01 9.9992e+04 1.1200e-01 2.4963e+00
2.7647e+01 9.9990e+04 1.3404e-06 9.9825e-01 9.9990e+04 1.3403e-01 2.4956e+00
2.8039e+01 9.9988e+04 1.5993e-06 9.9794e-01 9.9988e+04 1.5991e-01 2.4948e+00
2.8431e+01 9.9985e+04 1.9025e-06 9.9758e-01 9.9985e+04 1.9022e-01 2.4939e+00
2.8824e+01 9.9982e+04 2.2564e-06 9.9716e-01 9.9982e+04 2.2560e-01 2.4929e+00
2.9216e+01 9.9979e+04 2.6682e-06 9.9669e-01 9.9979e+04 2.6676e-01 2.4917e+00
2.9608e+01 9.9975e+04 3.1458e-06 9.9614e-01 9.9975e+04 3.1450e-01 2.4904e+00
3.0000e+01 9.9970e+04 3.6980e-06 9.9553e-01 9.9970e+04 3.6969e-01 2.4888e+00
3.0392e+01 9.9965e+04 4.3343e-06 9.9482e-01 9.9965e+04 4.3328e-01 2.4871e+00
3.0784e+01 9.9958e+04 5.0653e-06 9.9403e-01 9.9958e+04 5.0632e-01 2.4851e+00
3.1176e+01 9.9951e+04 5.9024e-06 9.9313e-01 9.9951e+04 5.8995e-01 2.4828e+00
3.1569e+01 9.9942e+04 6.8579e-06 9.9213e-01 9.9942e+04 6.8539e-01 2.4803e+00
3.1961e+01 9.9932e+04 7.9452e-06 9.9100e-01 9.9932e+04 7.9398e-01 2.4775e+00
3.2353e+01 9.9920e+04 9.1785e-06 9.8975e-01 9.9920e+04 9.1712e-01 2.4744e+00
3.2745e+01 9.9907e+04 1.0573e-05 9.8835e-01 9.9907e+04 1.0563e+00 2.4709e+00
3.3137e+01 9.9892e+04 1.2145e-05 9.8681e-01 9.9892e+04 1.2132e+00 2.4670e+00
3.3529e+01 9.9875e+04 1.3912e-05 9.8510e-01 9.9875e+04 1.3894e+00 2.4628e+00
3.3922e+01 9.9855e+04 1.5891e-05 9.8322e-01 9.9855e+04 1.5868e+00 2.4581e+00
3.4314e+01 9.9833e+04 1.8101e-05 9.8116e-01 9.9833e+04 1.8071e+00 2.4529e+00
3.4706e+01 9.9808e+04 2.0562e-05 9.7890e-01 9.9808e+04 2.0523e+00 2.4473e+00
3.5098e+01 9.9780e+04 2.3294e-05 9.7644e-01 9.9780e+04 2.3243e+00 2.4411e+00
3.5490e+01 9.9748e+04 2.6318e-05 9.7377e-01 9.9748e+04 2.6252e+00 2.4345e+00
3.5882e+01 9.9712e+04 2.9654e-05 9.7088e-01 9.9712e+04 2.9569e+00 2.4272e+00
3.6275e+01 9.9673e+04 3.3324e-05 9.6776e-01 9.9673e+04 3.3215e+00 2.4195e+00
3.6667e+01 9.9628e+04 3.7350e-05 9.6441e-01 9.9628e+04 3.7211e+00 2.4111e+00
3.7059e+01 9.9579e+04 4.1753e-05 9.6081e-01 9.9579e+04 4.1577e+00 2.4021e+00
3.7451e+01 9.9525e+04 4.6554e-05 9.5697e-01 9.9525e+04 4.6333e+00 2.3925e+00
3.7843e+01 9.9465e+04 5.1774e-05 9.5288e-01 9.9465e+04 5.1497e+00 2.3823e+00
3.8235e+01 9.9398e+04 5.7434e-05 9.4853e-01 9.9398e+04 5.7088e+00 2.3715e+00
3.8627e+01 9.9325e+04 6.3553e-05 9.4393e-01 9.9325e+04 6.3124e+00 2.3600e+00
3.9020e+01 9.9246e+04 7.0149e-05 9.3908e-01 9.9246e+04 6.9620e+00 2.3480e+00
3.9412e+01 9.9158e+04 7.7241e-05 9.3398e-01 9.9158e+04 7.6591e+00 2.3353e+00
3.9804e+01 9.9063e+04 8.4844e-05 9.2864e-01 9.9063e+04 8.4049e+00 2.3220e+00
4.0196e+01 9.8960e+04 9.2972e-05 9.2306e-01 9.8960e+04 9.2005e+00 2.3081e+00
4.0588e+01 9.8848e+04 1.0164e-04 9.1724e-01 9.8848e+04 1.0047e+01 2.2936e+00
4.0980e+01 9.8727e+04 1.1085e-04 9.1120e-01 9.8727e+04 1.0944e+01 2.2786e+00
4.1373e+01 9.8596e+04 1.2063e-04 9.0495e-01 9.8596e+04 1.1893e+01 2.2631e+00
4.1765e+01 9.8455e+04 1.3096e-04 8.9850e-01 9.8455e+04 1.2894e+01 2.2471e+00
4.2157e+01 9.8305e+04 1.4187e-04 8.9187e-01 9.8305e+04 1.3947e+01 2.2307e+00
4.2549e+01 9.8142e+04 1.5332e-04 8.8506e-01 9.8142e+04 1.5047e+01 2.2138e+00
4.2941e+01 9.7972e+04 1.6545e-04 8.7813e-01 9.7972e+04 1.6210e+01 2.1967e+00
4.3333e+01 9.7781e+04 1.7777e-04 8.7094e-01 9.7781e+04 1.7382e+01 2.1789e+00
4.3725e+01 9.7608e+04 1.9174e-04 8.6401e-01 9.7608e+04 1.8715e+01 2.1618e+00
4.4118e+01 9.7342e+04 2.0331e-04 8.5597e-01 9.7342e+04 1.9791e+01 2.1419e+00
4.4510e+01 9.7267e+04 2.2272e-04 8.5035e-01 9.7267e+04 2.1663e+01 2.1283e+00
4.4902e+01 9.6719e+04 2.2603e-04 8.3902e-01 9.6719e+04 2.1861e+01 2.1000e+00
4.5294e+01 9.7109e+04 2.6396e-04 8.3919e-01 9.7109e+04 2.5633e+01 2.1014e+00
4.5686e+01 9.5738e+04 2.3953e-04 8.1824e-01 9.5738e+04 2.2932e+01 2.0484e+00
4.6078e+01 9.7181e+04 3.1663e-04 8.3108e-01 9.7181e+04 3.0770e+01 2.0826e+00
4.6471e+01 9.4700e+04 2.5457e-04 7.9756e-01 9.4700e+04 2.4108e+01 1.9970e+00
4.6863e+01 9.6680e+04 3.5233e-04 8.1664e-01 9.6680e+04 3.4063e+01 2.0476e+00
4.7255e+01 9.4661e+04 3.1017e-04 7.8974e-01 9.4661e+04 2.9361e+01 1.9789e+00
4.7647e+01 9.5098e+04 3.5325e-04 7.9059e-01 9.5098e+04 3.3594e+01 1.9824e+00
4.8039e+01 9.4703e+04 3.7074e-04 7.8318e-01 9.4703e+04 3.5110e+01 1.9645e+00
4.8431e+01 9.4369e+04 3.9368e-04 7.7753e-01 9.4369e+04 3.7151e+01 1.9511e+00
4.8824e+01 9.5059e+04 3.8909e-04 7.6304e-01 9.5059e+04 3.6987e+01 1.9148e+00
4.9216e+01 8.4347e+04 4.3486e-04 7.6484e-01 8.4347e+04 3.6679e+01 1.9201e+00
4.9608e+01 1.2689e+05 4.4393e-04 7.5358e-01 1.2689e+05 5.6329e+01 1.8965e+00
5.0000e+01 5.4960e+04 4.5412e-04 7.4745e-01 5.4960e+04 2.4958e+01 1.8743e+00
5.0392e+01 1.9204e+04 4.7195e-04 7.4499e-01 1.9204e+04 9.0634e+00 1.8646e+00
5.0784e+01 9.9945e+03 5.2198e-04 7.4496e-01 9.9945e+03 5.2169e+00 1.8638e+00
5.1176e+01 8.7335e+03 6.3604e-04 7.4644e-01 8.7335e+03 5.5548e+00 1.8679e+00
5.1569e+01 8.9333e+03 6.8551e-04 7.4121e-01 8.9333e+03 6.1239e+00 1.8551e+00
5.1961e+01 9.5824e+03 7.5801e-04 7.3949e-01 9.5824e+03 7.2636e+00 1.8515e+00
5.2353e+01 1.0139e+04 8.7965e-04 7.4458e-01 1.0139e+04 8.9184e+00 1.8654e+00
5.2745e+01 1.0634e+04 9.5545e-04 7.4637e-01 1.0634e+04 1.0160e+01 1.8708e+00
5.3137e+01 1.0886e+04 9.5256e-04 7.4096e-01 1.0886e+04 1.0370e+01 1.8573e+00
5.3529e+01 1.1114e+04 9.5575e-04 7.3686e-01 1.1114e+04 1.0622e+01 1.8472e+00
5.3922e+01 1.1328e+04 1.0151e-03 7.3939e-01 1.1328e+04 1.1499e+01 1.8543e+00
5.4314e+01 1.1552e+04 1.0918e-03 7.4431e-01 1.1552e+04 1.2613e+01 1.8677e+00
5.4706e+01 1.1691e+04 1.1292e-03 7.4540e-01 1.1691e+04 1.3201e+01 1.8710e+00
5.5098e+01 1.1769e+04 1.1238e-03 7.4208e-01 1.1769e+04 1.3226e+01 1.8626e+00
5.5490e+01 1.1821e+04 1.1122e-03 7.3779e-01 1.1821e+04 1.3147e+01 1.8518e+00
5.5882e+01 1.1907e+04 1.1319e-03 7.3727e-01 1.1907e+04 1.3478e+01 1.8508e+00
5.6275e+01 1.2027e+04 1.1872e-03 7.4098e-01 1.2027e+04 1.4279e+01 1.8609e+00
5.6667e+01 1.2153e+04 1.2500e-03 7.4579e-01 1.2153e+04 1.5191e+01 1.8740e+00
5.7059e+01 1.2242e+04 1.2908e-03 7.4829e-01 1.2242e+04 1.5802e+01 1.8809e+00
5.7451e+01 1.2286e+04 1.3001e-03 7.4736e-01 1.2286e+04 1.5973e+01 1.8788e+00
5.7843e+01 1.2300e+04 1.2891e-03 7.4423e-01 1.2300e+04 1.5856e+01 1.8708e+00
5.8235e+01 1.2320e+04 1.2825e-03 7.4119e-01 1.2320e+04 1.5800e+01 1.8631e+00
5.8627e+01 1.2376e+04 1.3064e-03 7.4186e-01 1.2376e+04 1.6168e+01 1.8652e+00
5.9020e+01 1.2479e+04 1.3669e-03 7.4689e-01 1.2479e+04 1.7057e+01 1.8789e+00
5.9412e+01 1.2610e+04 1.4499e-03 7.5471e-01 1.2610e+04 1.8283e+01 1.9000e+00
5.9804e+01 1.2743e+04 1.5355e-03 7.6303e-01 1.2743e+04 1.9567e+01 1.9226e+00
6.0196e+01 1.2857e+04 1.6077e-03 7.6998e-01 1.2857e+04 2.0670e+01 1.9416e+00
6.0588e+01 1.2942e+04 1.6590e-03 7.7459e-01 1.2942e+04 2.1470e+01 1.9543e+00
6.0980e+01 1.2996e+04 1.6897e-03 7.7684e-01 1.2996e+04 2.1960e+01 1.9606e+00
6.1373e+01 1.3027e+04 1.7046e-03 7.7725e-01 1.3027e+04 2.2206e+01 1.9621e+00
6.1765e+01 1.3043e+04 1.7097e-03 7.7653e-01 1.3043e+04 2.2300e+01 1.9604e+00
6.2157e+01 1.3052e+04 1.7099e-03 7.7526e-01 1.3052e+04 2.2318e+01 1.9572e+00
6.2549e+01 1.3058e+04 1.7083e-03 7.7379e-01 1.3058e+04 2.2306e+01 1.9535e+00
6.2941e+01 1.3062e+04 1.7059e-03 7.7223e-01 1.3062e+04 2.2283e+01 1.9496e+00
6.3333e+01 1.3066e+04 1.7031e-03 7.7061e-01 1.3066e+04 2.2253e+01 1.9455e+00
6.3725e+01 1.3070e+04 1.7000e-03 7.6893e-01 1.3070e+04 2.2219e+01 1.9412e+00
6.4118e+01 1.3073e+04 1.6966e-03 7.6720e-01 1.3073e+04 2.2180e+01 1.9368e+00
6.4510e+01 1.3076e+04 1.6930e-03 7.6541e-01 1.3076e+04 2.2136e+01 1.9323e+00
6.4902e+01 1.3078e+04 1.6890e-03 7.6356e-01 1.3078e+04 2.2089e+01 1.9276e+00
6.5294e+01 1.3080e+04 1.6848e-03 7.6167e-01 1.3080e+04 2.2038e+01 1.9227e+00
6.5686e+01 1.3082e+04 1.6803e-03 7.5971e-01 1.3082e+04 2.1982e+01 1.9177e+00
6.6078e+01 1.3084e+04 1.6756e-03 7.5770e-01 1.3084e+04 2.1923e+01 1.9126e+00
6.6471e+01 1.3085e+04 1.6706e-03 7.5563e-01 1.3085e+04 2.1860e+01 1.9073e+00
6.6863e+01 1.3086e+04 1.6654e-03 7.5351e-01 1.3086e+04 2.1794e+01 1.9019e+00
6.7255e+01 1.3087e+04 1.6599e-03 7.5132e-01 1.3087e+04 2.1723e+01 1.8963e+00
6.7647e+01 1.3087e+04 1.6542e-03 7.4908e-01 1.3087e+04 2.1649e+01 1.8906e+00
6.8039e+01 1.3088e+04 1.6482e-03 7.4677e-01 1.3088e+04 2.1572e+01 1.8847e+00
6.8431e+01 1.3088e+04 1.6420e-03 7.4440e-01 1.3088e+04 2.1490e+01 1.8786e+00
6.8824e+01 1.3088e+04 1.6356e-03 7.4196e-01 1.3088e+04 2.1406e+01 1.8724e+00
6.9216e+01 1.3087e+04 1.6288e-03 7.3946e-01 1.3087e+04 2.1317e+01 1.8660e+00
6.9608e+01 1.3087e+04 1.6219e-03 7.3689e-01 1.3087e+04 2.1225e+01 1.8594e+00
7.0000e+01 1.3086e+04 1.6147e-03 7.3425e-01 1.3086e+04 2.1129e+01 1.8527e+00
7.0392e+01 1.3085e+04 1.6072e-03 7.3154e-01 1.3085e+04 2.1030e+01 1.8457e+00
7.0784e+01 1.3084e+04 1.5995e-03 7.2875e-01 1.3084e+04 2.0927e+01 1.8386e+00
7.1176e+01 1.3082e+04 1.5915e-03 7.2589e-01 1.3082e+04 2.0820e+01 1.8313e+00
7.1569e+01 1.3081e+04 1.5832e-03 7.2296e-01 1.3081e+04 2.0710e+01 1.8238e+00
7.1961e+01 1.3079e+04 1.5747e-03 7.1994e-01 1.3079e+04 2.0596e+01 1.8161e+00
7.2353e+01 1.3077e+04 1.5660e-03 7.1684e-01 1.3077e+04 2.0478e+01 1.8081e+00
7.2745e+01 1.3075e+04 1.5570e-03 7.1367e-01 1.3075e+04 2.0357e+01 1.8000e+00
7.3137e+01 1.3073e+04 1.5477e-03 7.1040e-01 1.3073e+04 2.0232e+01 1.7917e+00
7.3529e+01 1.3070e+04 1.5381e-03 7.0705e-01 1.3070e+04 2.0103e+01 1.7831e+00
7.3922e+01 1.3067e+04 1.5283e-03 7.0361e-01 1.3067e+04 1.9970e+01 1.7743e+00
7.4314e+01 1.3064e+04 1.5182e-03 7.0008e-01 1.3064e+04 1.9834e+01 1.7653e+00
7.4706e+01 1.3061e+04 1.5078e-03 6.9646e-01 1.3061e+04 1.9694e+01 1.7560e+00
7.5098e+01 1.3058e+04 1.4971e-03 6.9274e-01 1.3058e+04 1.9550e+01 1.7465e+00
7.5490e+01 1.3055e+04 1.4862e-03 6.8893e-01 1.3055e+04 1.9402e+01 1.7367e+00
7.5882e+01 1.3051e+04 1.4750e-03 6.8501e-01 1.3051e+04 1.9250e+01 1.7267e+00
7.6275e+01 1.3047e+04 1.4635e-03 6.8100e-01 1.3047e+04 1.9095e+01 1.7165e+00
7.6667e+01 1.3044e+04 1.4517e-03 6.7688e-01 1.3044e+04 1.8935e+01 1.7059e+00
7.7059e+01 1.3039e+04 1.4396e-03 6.7265e-01 1.3039e+04 1.8772e+01 1.6951e+00
7.7451e+01 1.3035e+04 1.4272e-03 6.6832e-01 1.3035e+04 1.8604e+01 1.6841e+00
7.7843e+01 1.3031e+04 1.4146e-03 6.6388e-01 1.3031e+04 1.8433e+01 1.6727e+00
7.8235e+01 1.3026e+04 1.4016e-03 6.5932e-01 1.3026e+04 1.8257e+01 1.6611e+00
7.8627e+01 1.3021e+04 1.3883e-03 6.5465e-01 1.3021e+04 1.8078e+01 1.6492e+00
7.9020e+01 1.3017e+04 1.3748e-03 6.4986e-01 1.3017e+04 1.7895e+01 1.6370e+00
7.9412e+01 1.3011e+04 1.3609e-03 6.4496e-01 1.3011e+04 1.7707e+01 1.6244e+00
7.9804e+01 1.3006e+04 1.3467e-03 6.3993e-01 1.3006e+04 1.7516e+01 1.6116e+00
8.0196e+01 1.3001e+04 1.3322e-03 6.3478e-01 1.3001e+04 1.7320e+01 1.5985e+00
8.0588e+01 1.2995e+04 1.3174e-03 6.2950e-01 1.2995e+04 1.7120e+01 1.5850e+00
8.0980e+01 1.2990e+04 1.3023e-03 6.2409e-01 1.2990e+04 1.6916e+01 1.5712e+00
8.1373e+01 1.2984e+04 1.2868e-03 6.1856e-01 1.2984e+04 1.6708e+01 1.5571e+00
8.1765e+01 1.2978e+04 1.2711e-03 6.1289e-01 1.2978e+04 1.6496e+01 1.5427e+00
8.2157e+01 1.2972e+04 1.2550e-03 6.0708e-01 1.2972e+04 1.6280e+01 1.5279e+00
8.2549e+01 1.2966e+04 1.2386e-03 6.0114e-01 1.2966e+04 1.6059e+01 1.5128e+00
8.2941e+01 1.2959e+04 1.2219e-03 5.9506e-01 1.2959e+04 1.5834e+01 1.4973e+00
8.3333e+01 1.2953e+04 1.2048e-03 5.8884e-01 1.2953e+04 1.5605e+01 1.4815e+00
8.3725e+01 1.2946e+04 1.1874e-03 5.8247e-01 1.2946e+04 1.5372e+01 1.4653e+00
8.4118e+01 1.2939e+04 1.1696e-03 5.7595e-01 1.2939e+04 1.5134e+01 1.4487e+00
8.4510e+01 1.2932e+04 1.1516e-03 5.6929e-01 1.2932e+04 1.4892e+01 1.4318e+00
8.4902e+01 1.2925e+04 1.1331e-03 5.6247e-01 1.2925e+04 1.4646e+01 1.4145e+00
8.5294e+01 1.2917e+04 1.1144e-03 5.5550e-01 1.2917e+04 1.4395e+01 1.3968e+00
8.5686e+01 1.2910e+04 1.0953e-03 5.4838e-01 1.2910e+04 1.4140e+01 1.3787e+00
8.6078e+01 1.2902e+04 1.0758e-03 5.4109e-01 1.2902e+04 1.3881e+01 1.3602e+00
8.6471e+01 1.2895e+04 1.0560e-03 5.3364e-01 1.2895e+04 1.3617e+01 1.3413e+00
8.6863e+01 1.2887e+04 1.0358e-03 5.2603e-01 1.2887e+04 1.3349e+01 1.3220e+00
8.7255e+01 1.2879e+04 1.0153e-03 5.1825e-01 1.2879e+04 1.3076e+01 1.3023e+00
8.7647e+01 1.2871e+04 9.9441e-04 5.1030e-01 1.2871e+04 1.2799e+01 1.2821e+00
8.8039e+01 1.2862e+04 9.7316e-04 5.0218e-01 1.2862e+04 1.2517e+01 1.2616e+00
8.8431e+01 1.2854e+04 9.5154e-04 4.9389e-01 1.2854e+04 1.2231e+01 1.2405e+00
8.8824e+01 1.2846e+04 9.2955e-04 4.8542e-01 1.2846e+04 1.1941e+01 1.2191e+00
8.9216e+01 1.2837e+04 9.0718e-04 4.7676e-01 1.2837e+04 1.1645e+01 1.1972e+00
8.9608e+01 1.2828e+04 8.8443e-04 4.6793e-01 1.2828e+04 1.1346e+01 1.1748e+00
9.0000e+01 1.2819e+04 8.6131e-04 4.5891e-01 1.2819e+04 1.1041e+01 1.1520e+00
9.0392e+01 1.2810e+04 8.3779e-04 4.4969e-01 1.2810e+04 1.0732e+01 1.1287e+00
9.0784e+01 1.2801e+04 8.1389e-04 4.4029e-01 1.2801e+04 1.0418e+01 1.1050e+00
9.1176e+01 1.2791e+04 7.8960e-04 4.3069e-01 1.2791e+04 1.0100e+01 1.0807e+00
9.1569e+01 1.2782e+04 7.6491e-04 4.2089e-01 1.2782e+04 9.7770e+00 1.0560e+00
9.1961e+01 1.2772e+04 7.3982e-04 4.1088e-01 1.2772e+04 9.4492e+00 1.0307e+00
9.2353e+01 1.2763e+04 7.1433e-04 4.0067e-01 1.2763e+04 9.1166e+00 1.0049e+00
9.2745e+01 1.2753e+04 6.8843e-04 3.9024e-01 1.2753e+04 8.7793e+00 9.7863e-01
9.3137e+01 1.2743e+04 6.6212e-04 3.7960e-01 1.2743e+04 8.4372e+00 9.5179e-01
9.3529e+01 1.2732e+04 6.3542e-04 3.6872e-01 1.2732e+04 8.0904e+00 9.2438e-01
9.3922e+01 1.2722e+04 6.0831e-04 3.5761e-01 1.2722e+04 7.7390e+00 8.9637e-01
9.4314e+01 1.2712e+04 5.8081e-04 3.4624e-01 1.2712e+04 7.3830e+00 8.6774e-01
9.4706e+01 1.2701e+04 5.5293e-04 3.3459e-01 1.2701e+04 7.0229e+00 8.3842e-01
9.5098e+01 1.2690e+04 5.2472e-04 3.2263e-01 1.2690e+04 6.6588e+00 8.0833e-01
9.5490e+01 1.2679e+04 4.9619e-04 3.1033e-01 1.2679e+04 6.2915e+00 7.7739e-01
9.5882e+01 1.2668e+04 4.6744e-04 2.9762e-01 1.2668e+04 5.9216e+00 7.4544e-01
9.6275e+01 1.2657e+04 4.3853e-04 2.8443e-01 1.2657e+04 5.5505e+00 7.1230e-01
9.6667e+01 1.2646e+04 4.0960e-04 2.7067e-01 1.2646e+04 5.1796e+00 6.7774e-01
9.7059e+01 1.2634e+04 3.8079e-04 2.5623e-01 1.2634e+04 4.8108e+00 6.4148e-01
9.7451e+01 1.2622e+04 3.5230e-04 2.4096e-01 1.2622e+04 4.4466e+00 6.0319e-01
9.7843e+01 1.2609e+04 3.2433e-04 2.2474e-01 1.2609e+04 4.0896e+00 5.6253e-01
9.8235e+01 1.2596e+04 2.9717e-04 2.0744e-01 1.2596e+04 3.7433e+00 5.1916e-01
9.8627e+01 1.2583e+04 2.7093e-04 1.8891e-01 1.2583e+04 3.4090e+00 4.7274e-01
9.9020e+01 1.2569e+04 2.4655e-04 1.6920e-01 1.2569e+04 3.0989e+00 4.2339e-01
9.9412e+01 1.2550e+04 2.2168e-04 1.4788e-01 1.2550e+04 2.7822e+00 3.7002e-01
9.9804e+01 1.2616e+04 2.1056e-04 1.2732e-01 1.2616e+04 2.6566e+00 3.1858e-01
