# # x Density Velocity Pressure q0 q1 q2
1.9608e-01 1.0000e+05 0.0000e+00 1.0000e+00 1.0000e+05 0.0000e+00 2.5000e+00
5.8824e-01 1.0000e+05 0.0000e+00 1.0000e+00 1.0000e+05 0.0000e+00 2.5000e+00
9.8039e-01 1.0000e+05 0.0000e+00 1.0000e+00 1.0000e+05 0.0000e+00 2.5000e+00
1.3725e+00 1.0000e+05 0.0000e+00 1.0000e+00 1.0000e+05 0.0000e+00 2.5000e+00
1.7647e+00 1.0000e+05 0.0000e+00 1.0000e+00 1.0000e+05 0.0000e+00 2.5000e+00
2.1569e+00 1.0000e+05 0.0000e+00 1.0000e+00 1.0000e+05 0.0000e+00 2.5000e+00
2.5490e+00 1.0000e+05 0.0000e+00 1.0000e+00 1.0000e+05 0.0000e+00 2.5000e+00
2.9412e+00 1.0000e+05 0.0000e+00 1.0000e+00 1.0000e+05 0.0000e+00 2.5000e+00
3.3333e+00 1.0000e+05 0.0000e+00 1.0000e+00 1.0000e+05 0.0000e+00 2.5000e+00
3.7255e+00 1.0000e+05 0.0000e+00 1.0000e+00 1.0000e+05 0.0000e+00 2.5000e+00
4.1176e+00 1.0000e+05 0.0000e+00 1.0000e+00 1.0000e+05 0.0000e+00 2.5000e+00
4.5098e+00 1.0000e+05 0.0000e+00 1.0000e+00 1.0000e+05 0.0000e+00 2.5000e+00
4.9020e+00 1.0000e+05 0.0000e+00 1.0000e+00 1.0000e+05 0.0000e+00 2.5000e+00
5.2941e+00 1.0000e+05 0.0000e+00 1.0000e+00 1.0000e+05 0.0000e+00 2.5000e+00
5.6863e+00 1.0000e+05 0.0000e+00 1.0000e+00 1.0000e+05 0.0000e+00 2.5000e+00
6.0784e+00 1.0000e+05 0.0000e+00 1.0000e+00 1.0000e+05 0.0000e+00 2.5000e+00
6.4706e+00 1.0000e+05 0.0000e+00 1.0000e+00 1.0000e+05 0.0000e+00 2.5000e+00
6.8627e+00 1.0000e+05 0.0000e+00 1.0000e+00 1.0000e+05 0.0000e+00 2.5000e+00
7.2549e+00 1.0000e+05 0.0000e+00 1.0000e+00 1.0000e+05 0.0000e+00 2.5000e+00
7.6471e+00 1.0000e+05 0.0000e+00 1.0000e+00 1.0000e+05 0.0000e+00 2.5000e+00
8.0392e+00 1.0000e+05 0.0000e+00 1.0000e+00 1.0000e+05 0.0000e+00 2.5000e+00
8.4314e+00 1.0000e+05 0.0000e+00 1.0000e+00 1.0000e+05 0.0000e+00 2.5000e+00
8.8235e+00 1.0000e+05 0.0000e+00 1.0000e+00 1.0000e+05 0.0000e+00 2.5000e+00
9.2157e+00 1.0000e+05 0.0000e+00 1.0000e+00 1.0000e+05 0.0000e+00 2.5000e+00
9.6078e+00 1.0000e+05 0.0000e+00 1.0000e+00 1.0000e+05 0.0000e+00 2.5000e+00
1.0000e+01 1.0000e+05 0.0000e+00 1.0000e+00 1.0000e+05 0.0000e+00 2.5000e+00
1.0392e+01 1.0000e+05 0.0000e+00 1.0000e+00 1.0000e+05 0.0000e+00 2.5000e+00
1.0784e+01 1.0000e+05 0.0000e+00 1.0000e+00 1.0000e+05 0.0000e+00 2.5000e+00
1.1176e+01 1.0000e+05 0.0000e+00 1.0000e+00 1.0000e+05 0.0000e+00 2.5000e+00
1.1569e+01 1.0000e+05 0.0000e+00 1.0000e+00 1.0000e+05 0.0000e+00 2.5000e+00
1.1961e+01 1.0000e+05 0.0000e+00 1.0000e+00 1.0000e+05 0.0000e+00 2.5000e+00
1.2353e+01 1.0000e+05 0.0000e+00 1.0000e+00 1.0000e+05 0.0000e+00 2.5000e+00
1.2745e+01 1.0000e+05 0.0000e+00 1.0000e+00 1.0000e+05 0.0000e+00 2.5000e+00
1.3137e+01 1.0000e+05 0.0000e+00 1.0000e+00 1.0000e+05 0.0000e+00 2.5000e+00
1.3529e+01 1.0000e+05 0.0000e+00 1.0000e+00 1.0000e+05 0.0000e+00 2.5000e+00
1.3922e+01 1.0000e+05 0.0000e+00 1.0000e+00 1.0000e+05 0.0000e+00 2.5000e+00
1.4314e+01 1.0000e+05 0.0000e+00 1.0000e+00 1.0000e+05 0.0000e+00 2.5000e+00
1.4706e+01 1.0000e+05 0.0000e+00 1.0000e+00 1.0000e+05 0.0000e+00 2.5000e+00
1.5098e+01 1.0000e+05 0.0000e+00 1.0000e+00 1.0000e+05 0.0000e+00 2.5000e+00
1.5490e+01 1.0000e+05 0.0000e+00 1.0000e+00 1.0000e+05 0.0000e+00 2.5000e+00
1.5882e+01 1.0000e+05 0.0000e+00 1.0000e+00 1.0000e+05 0.0000e+00 2.5000e+00
1.6275e+01 1.0000e+05 0.0000e+00 1.0000e+00 1.0000e+05 0.0000e+00 2.5000e+00
1.6667e+01 1.0000e+05 0.0000e+00 1.0000e+00 1.0000e+05 0.0000e+00 2.5000e+00
1.7059e+01 1.0000e+05 0.0000e+00 1.0000e+00 1.0000e+05 0.0000e+00 2.5000e+00
1.7451e+01 1.0000e+05 0.0000e+00 1.0000e+00 1.0000e+05 0.0000e+00 2.5000e+00
1.7843e+01 1.0000e+05 0.0000e+00 1.0000e+00 1.0000e+05 0.0000e+00 2.5000e+00
1.8235e+01 1.0000e+05 0.0000e+00 1.0000e+00 1.0000e+05 0.0000e+00 2.5000e+00
1.8627e+01 1.0000e+05 0.0000e+00 1.0000e+00 1.0000e+05 0.0000e+00 2.5000e+00
1.9020e+01 1.0000e+05 0.0000e+00 1.0000e+00 1.0000e+05 0.0000e+00 2.5000e+00
1.9412e+01 1.0000e+05 0.0000e+00 1.0000e+00 1.0000e+05 0.0000e+00 2.5000e+00
1.9804e+01 1.0000e+05 0.0000e+00 1.0000e+00 1.0000e+05 0.0000e+00 2.5000e+00
2.0196e+01 1.0000e+05 0.0000e+00 1.0000e+00 1.0000e+05 0.0000e+00 2.5000e+00
2.0588e+01 1.0000e+05 0.0000e+00 1.0000e+00 1.0000e+05 0.0000e+00 2.5000e+00
2.0980e+01 1.0000e+05 0.0000e+00 1.0000e+00 1.0000e+05 0.0000e+00 2.5000e+00
2.1373e+01 1.0000e+05 0.0000e+00 1.0000e+00 1.0000e+05 0.0000e+00 2.5000e+00
2.1765e+01 1.0000e+05 0.0000e+00 1.0000e+00 1.0000e+05 0.0000e+00 2.5000e+00
2.2157e+01 1.0000e+05 0.0000e+00 1.0000e+00 1.0000e+05 0.0000e+00 2.5000e+00
2.2549e+01 1.0000e+05 0.0000e+00 1.0000e+00 1.0000e+05 0.0000e+00 2.5000e+00
2.2941e+01 1.0000e+05 0.0000e+00 1.0000e+00 1.0000e+05 0.0000e+00 2.5000e+00
2.3333e+01 1.0000e+05 0.0000e+00 1.0000e+00 1.0000e+05 0.0000e+00 2.5000e+00
2.3725e+01 1.0000e+05 0.0000e+00 1.0000e+00 1.0000e+05 0.0000e+00 2.5000e+00
2.4118e+01 1.0000e+05 0.0000e+00 1.0000e+00 1.0000e+05 0.0000e+00 2.5000e+00
2.4510e+01 1.0000e+05 0.0000e+00 1.0000e+00 1.0000e+05 0.0000e+00 2.5000e+00
2.4902e+01 1.0000e+05 0.0000e+00 1.0000e+00 1.0000e+05 0.0000e+00 2.5000e+00
2.5294e+01 1.0000e+05 0.0000e+00 1.0000e+00 1.0000e+05 0.0000e+00 2.5000e+00
2.5686e+01 1.0000e+05 0.0000e+00 1.0000e+00 1.0000e+05 0.0000e+00 2.5000e+00
2.6078e+01 1.0000e+05 0.0000e+00 1.0000e+00 1.0000e+05 0.0000e+00 2.5000e+00
2.6471e+01 1.0000e+05 0.0000e+00 1.0000e+00 1.0000e+05 0.0000e+00 2.5000e+00
2.6863e+01 1.0000e+05 0.0000e+00 1.0000e+00 1.0000e+05 0.0000e+00 2.5000e+00
2.7255e+01 1.0000e+05 0.0000e+00 1.0000e+00 1.0000e+05 0.0000e+00 2.5000e+00
2.7647e+01 1.0000e+05 0.0000e+00 1.0000e+00 1.0000e+05 0.0000e+00 2.5000e+00
2.8039e+01 1.0000e+05 0.0000e+00 1.0000e+00 1.0000e+05 0.0000e+00 2.5000e+00
2.8431e+01 1.0000e+05 0.0000e+00 1.0000e+00 1.0000e+05 0.0000e+00 2.5000e+00
2.8824e+01 1.0000e+05 0.0000e+00 1.0000e+00 1.0000e+05 0.0000e+00 2.5000e+00
2.9216e+01 1.0000e+05 0.0000e+00 1.0000e+00 1.0000e+05 0.0000e+00 2.5000e+00
2.9608e+01 1.0000e+05 0.0000e+00 1.0000e+00 1.0000e+05 0.0000e+00 2.5000e+00
3.0000e+01 1.0000e+05 0.0000e+00 1.0000e+00 1.0000e+05 0.0000e+00 2.5000e+00
3.0392e+01 1.0000e+05 0.0000e+00 1.0000e+00 1.0000e+05 0.0000e+00 2.5000e+00
3.0784e+01 1.0000e+05 0.0000e+00 1.0000e+00 1.0000e+05 0.0000e+00 2.5000e+00
3.1176e+01 1.0000e+05 7.0777e-21 1.0000e+00 1.0000e+05 7.0777e-16 2.5000e+00
3.1569e+01 1.0000e+05 2.4007e-19 1.0000e+00 1.0000e+05 2.4007e-14 2.5000e+00
3.1961e+01 1.0000e+05 1.1616e-18 1.0000e+00 1.0000e+05 1.1616e-13 2.5000e+00
3.2353e+01 1.0000e+05 3.4712e-18 1.0000e+00 1.0000e+05 3.4712e-13 2.5000e+00
3.2745e+01 1.0000e+05 1.0200e-17 1.0000e+00 1.0000e+05 1.0200e-12 2.5000e+00
3.3137e+01 1.0000e+05 3.1930e-17 1.0000e+00 1.0000e+05 3.1930e-12 2.5000e+00
3.3529e+01 1.0000e+05 1.0149e-16 1.0000e+00 1.0000e+05 1.0149e-11 2.5000e+00
3.3922e+01 1.0000e+05 3.2018e-16 1.0000e+00 1.0000e+05 3.2018e-11 2.5000e+00
3.4314e+01 1.0000e+05 9.9604e-16 1.0000e+00 1.0000e+05 9.9604e-11 2.5000e+00
3.4706e+01 1.0000e+05 3.0423e-15 1.0000e+00 1.0000e+05 3.0423e-10 2.5000e+00
3.5098e+01 1.0000e+05 9.1121e-15 1.0000e+00 1.0000e+05 9.1121e-10 2.5000e+00
3.5490e+01 1.0000e+05 2.6743e-14 1.0000e+00 1.0000e+05 2.6743e-09 2.5000e+00
3.5882e+01 1.0000e+05 7.6873e-14 1.0000e+00 1.0000e+05 7.6873e-09 2.5000e+00
3.6275e+01 1.0000e+05 2.1634e-13 1.0000e+00 1.0000e+05 2.1634e-08 2.5000e+00
3.6667e+01 1.0000e+05 5.9591e-13 1.0000e+00 1.0000e+05 5.9591e-08 2.5000e+00
3.7059e+01 1.0000e+05 1.6061e-12 1.0000e+00 1.0000e+05 1.6061e-07 2.5000e+00
3.7451e+01 1.0000e+05 4.2340e-12 1.0000e+00 1.0000e+05 4.2340e-07 2.5000e+00
3.7843e+01 1.0000e+05 1.0915e-11 1.0000e+00 1.0000e+05 1.0915e-06 2.5000e+00
3.8235e+01 1.0000e+05 2.7505e-11 1.0000e+00 1.0000e+05 2.7505e-06 2.5000e+00
3.8627e+01 1.0000e+05 6.7733e-11 1.0000e+00 1.0000e+05 6.7733e-06 2.5000e+00
3.9020e+01 1.0000e+05 1.6295e-10 1.0000e+00 1.0000e+05 1.6295e-05 2.5000e+00
3.9412e+01 1.0000e+05 3.8285e-10 1.0000e+00 1.0000e+05 3.8285e-05 2.5000e+00
3.9804e+01 1.0000e+05 8.7820e-10 1.0000e+00 1.0000e+05 8.7820e-05 2.5000e+00
4.0196e+01 1.0000e+05 1.9661e-09 9.9999e-01 1.0000e+05 1.9661e-04 2.5000e+00
4.0588e+01 1.0000e+05 4.2946e-09 9.9998e-01 1.0000e+05 4.2946e-04 2.5000e+00
4.0980e+01 1.0000e+05 9.1502e-09 9.9996e-01 1.0000e+05 9.1502e-04 2.4999e+00
4.1373e+01 1.0000e+05 1.9010e-08 9.9992e-01 1.0000e+05 1.9010e-03 2.4998e+00
4.1765e+01 1.0000e+05 3.8501e-08 9.9984e-01 1.0000e+05 3.8501e-03 2.4996e+00
4.2157e+01 1.0000e+05 7.5993e-08 9.9970e-01 1.0000e+05 7.5993e-03 2.4992e+00
4.2549e+01 1.0000e+05 1.4614e-07 9.9944e-01 1.0000e+05 1.4614e-02 2.4986e+00
4.2941e+01 9.9999e+04 2.7375e-07 9.9899e-01 9.9999e+04 2.7375e-02 2.4975e+00
4.3333e+01 9.9999e+04 4.9940e-07 9.9823e-01 9.9999e+04 4.9940e-02 2.4956e+00
4.3725e+01 9.9997e+04 8.8709e-07 9.9699e-01 9.9997e+04 8.8706e-02 2.4925e+00
4.4118e+01 9.9995e+04 1.5340e-06 9.9503e-01 9.9995e+04 1.5340e-01 2.4876e+00
4.4510e+01 9.9992e+04 2.5823e-06 9.9201e-01 9.9992e+04 2.5821e-01 2.4800e+00
4.4902e+01 9.9986e+04 4.2311e-06 9.8755e-01 9.9986e+04 4.2305e-01 2.4689e+00
4.5294e+01 9.9976e+04 6.7479e-06 9.8116e-01 9.9976e+04 6.7463e-01 2.4529e+00
4.5686e+01 9.9961e+04 1.0475e-05 9.7233e-01 9.9961e+04 1.0471e+00 2.4308e+00
4.6078e+01 9.9939e+04 1.5830e-05 9.6056e-01 9.9939e+04 1.5821e+00 2.4014e+00
4.6471e+01 9.9906e+04 2.3291e-05 9.4546e-01 9.9906e+04 2.3269e+00 2.3637e+00
4.6863e+01 9.9858e+04 3.3371e-05 9.2684e-01 9.9858e+04 3.3324e+00 2.3172e+00
4.7255e+01 9.9791e+04 4.6571e-05 9.0481e-01 9.9791e+04 4.6474e+00 2.2621e+00
4.7647e+01 9.9700e+04 6.3328e-05 8.7989e-01 9.9700e+04 6.3138e+00 2.1999e+00
4.8039e+01 9.9576e+04 8.3852e-05 8.5304e-01 9.9576e+04 8.3497e+00 2.1330e+00
4.8431e+01 9.9439e+04 1.0902e-04 8.2597e-01 9.9439e+04 1.0841e+01 2.0655e+00
4.8824e+01 9.9073e+04 1.3157e-04 7.9800e-01 9.9073e+04 1.3035e+01 1.9959e+00
4.9216e+01 9.9791e+04 1.9791e-04 7.8651e-01 9.9791e+04 1.9750e+01 1.9682e+00
4.9608e+01 1.0066e+05 1.1175e-04 7.2202e-01 1.0066e+05 1.1249e+01 1.8057e+00
5.0000e+01 1.2529e+04 2.6863e-04 7.3577e-01 1.2529e+04 3.3657e+00 1.8399e+00
5.0392e+01 1.2130e+04 8.0021e-04 7.7073e-01 1.2130e+04 9.7065e+00 1.9307e+00
5.0784e+01 1.2585e+04 1.0868e-03 7.8405e-01 1.2585e+04 1.3678e+01 1.9675e+00
5.1176e+01 1.2741e+04 1.0234e-03 7.6227e-01 1.2741e+04 1.3039e+01 1.9123e+00
5.1569e+01 1.2693e+04 1.0489e-03 7.5239e-01 1.2693e+04 1.3313e+01 1.8880e+00
5.1961e+01 1.2734e+04 9.7414e-04 7.3135e-01 1.2734e+04 1.2405e+01 1.8344e+00
5.2353e+01 1.2695e+04 9.7712e-04 7.1550e-01 1.2695e+04 1.2405e+01 1.7948e+00
5.2745e+01 1.2715e+04 9.1250e-04 6.9288e-01 1.2715e+04 1.1602e+01 1.7375e+00
5.3137e+01 1.2689e+04 8.9372e-04 6.7142e-01 1.2689e+04 1.1340e+01 1.6836e+00
5.3529e+01 1.2693e+04 8.3460e-04 6.4575e-01 1.2693e+04 1.0593e+01 1.6188e+00
5.3922e+01 1.2674e+04 7.9834e-04 6.1868e-01 1.2674e+04 1.0118e+01 1.5507e+00
5.4314e+01 1.2668e+04 7.3942e-04 5.8839e-01 1.2668e+04 9.3670e+00 1.4744e+00
5.4706e+01 1.2652e+04 6.8904e-04 5.5517e-01 1.2652e+04 8.7178e+00 1.3909e+00
5.5098e+01 1.2640e+04 6.2569e-04 5.1860e-01 1.2640e+04 7.9089e+00 1.2990e+00
5.5490e+01 1.2624e+04 5.6272e-04 4.7796e-01 1.2624e+04 7.1038e+00 1.1969e+00
5.5882e+01 1.2608e+04 4.9095e-04 4.3300e-01 1.2608e+04 6.1901e+00 1.0840e+00
5.6275e+01 1.2591e+04 4.1503e-04 3.8270e-01 1.2591e+04 5.2255e+00 9.5783e-01
5.6667e+01 1.2572e+04 3.3210e-04 3.2704e-01 1.2572e+04 4.1752e+00 8.1828e-01
5.7059e+01 1.2553e+04 2.4594e-04 2.6712e-01 1.2553e+04 3.0873e+00 6.6818e-01
5.7451e+01 1.2535e+04 1.6253e-04 2.0831e-01 1.2535e+04 2.0374e+00 5.2094e-01
5.7843e+01 1.2521e+04 9.2692e-05 1.5943e-01 1.2521e+04 1.1605e+00 3.9863e-01
5.8235e+01 1.2510e+04 4.4652e-05 1.2720e-01 1.2510e+04 5.5861e-01 3.1802e-01
5.8627e+01 1.2504e+04 1.8289e-05 1.1062e-01 1.2504e+04 2.2870e-01 2.7655e-01
5.9020e+01 1.2502e+04 6.5970e-06 1.0371e-01 1.2502e+04 8.2473e-02 2.5928e-01
5.9412e+01 1.2501e+04 2.1963e-06 1.0122e-01 1.2501e+04 2.7455e-02 2.5305e-01
5.9804e+01 1.2500e+04 7.0053e-07 1.0039e-01 1.2500e+04 8.7567e-03 2.5097e-01
6.0196e+01 1.2500e+04 2.1843e-07 1.0012e-01 1.2500e+04 2.7304e-03 2.5030e-01
6.0588e+01 1.2500e+04 6.7134e-08 1.0004e-01 1.2500e+04 8.3918e-04 2.5009e-01
6.0980e+01 1.2500e+04 2.0396e-08 1.0001e-01 1.2500e+04 2.5495e-04 2.5003e-01
6.1373e+01 1.2500e+04 6.1299e-09 1.0000e-01 1.2500e+04 7.6624e-05 2.5001e-01
6.1765e+01 1.2500e+04 1.8226e-09 1.0000e-01 1.2500e+04 2.2783e-05 2.5000e-01
6.2157e+01 1.2500e+04 5.3606e-10 1.0000e-01 1.2500e+04 6.7008e-06 2.5000e-01
6.2549e+01 1.2500e+04 1.5593e-10 1.0000e-01 1.2500e+04 1.9491e-06 2.5000e-01
6.2941e+01 1.2500e+04 4.4849e-11 1.0000e-01 1.2500e+04 5.6061e-07 2.5000e-01
6.3333e+01 1.2500e+04 1.2752e-11 1.0000e-01 1.2500e+04 1.5940e-07 2.5000e-01
6.3725e+01 1.2500e+04 3.5837e-12 1.0000e-01 1.2500e+04 4.4796e-08 2.5000e-01
6.4118e+01 1.2500e+04 9.9520e-13 1.0000e-01 1.2500e+04 1.2440e-08 2.5000e-01
6.4510e+01 1.2500e+04 2.7304e-13 1.0000e-01 1.2500e+04 3.4130e-09 2.5000e-01
6.4902e+01 1.2500e+04 7.3998e-14 1.0000e-01 1.2500e+04 9.2497e-10 2.5000e-01
6.5294e+01 1.2500e+04 1.9805e-14 1.0000e-01 1.2500e+04 2.4757e-10 2.5000e-01
6.5686e+01 1.2500e+04 5.2340e-15 1.0000e-01 1.2500e+04 6.5425e-11 2.5000e-01
6.6078e+01 1.2500e+04 1.3650e-15 1.0000e-01 1.2500e+04 1.7062e-11 2.5000e-01
6.6471e+01 1.2500e+04 3.5081e-16 1.0000e-01 1.2500e+04 4.3851e-12 2.5000e-01
6.6863e+01 1.2500e+04 8.8407e-17 1.0000e-01 1.2500e+04 1.1051e-12 2.5000e-01
6.7255e+01 1.2500e+04 2.1430e-17 1.0000e-01 1.2500e+04 2.6788e-13 2.5000e-01
6.7647e+01 1.2500e+04 4.6625e-18 1.0000e-01 1.2500e+04 5.8281e-14 2.5000e-01
6.8039e+01 1.2500e+04 6.9758e-19 1.0000e-01 1.2500e+04 8.7197e-15 2.5000e-01
6.8431e+01 1.2500e+04 1.4155e-20 1.0000e-01 1.2500e+04 1.7694e-16 2.5000e-01
6.8824e+01 1.2500e+04 0.0000e+00 1.0000e-01 1.2500e+04 0.0000e+00 2.5000e-01
6.9216e+01 1.2500e+04 0.0000e+00 1.0000e-01 1.2500e+04 0.0000e+00 2.5000e-01
6.9608e+01 1.2500e+04 0.0000e+00 1.0000e-01 1.2500e+04 0.0000e+00 2.5000e-01
7.0000e+01 1.2500e+04 0.0000e+00 1.0000e-01 1.2500e+04 0.0000e+00 2.5000e-01
7.0392e+01 1.2500e+04 0.0000e+00 1.0000e-01 1.2500e+04 0.0000e+00 2.5000e-01
7.0784e+01 1.2500e+04 0.0000e+00 1.0000e-01 1.2500e+04 0.0000e+00 2.5000e-01
7.1176e+01 1.2500e+04 0.0000e+00 1.0000e-01 1.2500e+04 0.0000e+00 2.5000e-01
7.1569e+01 1.2500e+04 0.0000e+00 1.0000e-01 1.2500e+04 0.0000e+00 2.5000e-01
7.1961e+01 1.2500e+04 0.0000e+00 1.0000e-01 1.2500e+04 0.0000e+00 2.5000e-01
7.2353e+01 1.2500e+04 0.0000e+00 1.0000e-01 1.2500e+04 0.0000e+00 2.5000e-01
7.2745e+01 1.2500e+04 0.0000e+00 1.0000e-01 1.2500e+04 0.0000e+00 2.5000e-01
7.3137e+01 1.2500e+04 0.0000e+00 1.0000e-01 1.2500e+04 0.0000e+00 2.5000e-01
7.3529e+01 1.2500e+04 0.0000e+00 1.0000e-01 1.2500e+04 0.0000e+00 2.5000e-01
7.3922e+01 1.2500e+04 0.0000e+00 1.0000e-01 1.2500e+04 0.0000e+00 2.5000e-01
7.4314e+01 1.2500e+04 0.0000e+00 1.0000e-01 1.2500e+04 0.0000e+00 2.5000e-01
7.4706e+01 1.2500e+04 0.0000e+00 1.0000e-01 1.2500e+04 0.0000e+00 2.5000e-01
7.5098e+01 1.2500e+04 0.0000e+00 1.0000e-01 1.2500e+04 0.0000e+00 2.5000e-01
7.5490e+01 1.2500e+04 0.0000e+00 1.0000e-01 1.2500e+04 0.0000e+00 2.5000e-01
7.5882e+01 1.2500e+04 0.0000e+00 1.0000e-01 1.2500e+04 0.0000e+00 2.5000e-01
7.6275e+01 1.2500e+04 0.0000e+00 1.0000e-01 1.2500e+04 0.0000e+00 2.5000e-01
7.6667e+01 1.2500e+04 0.0000e+00 1.0000e-01 1.2500e+04 0.0000e+00 2.5000e-01
7.7059e+01 1.2500e+04 0.0000e+00 1.0000e-01 1.2500e+04 0.0000e+00 2.5000e-01
7.7451e+01 1.2500e+04 0.0000e+00 1.0000e-01 1.2500e+04 0.0000e+00 2.5000e-01
7.7843e+01 1.2500e+04 0.0000e+00 1.0000e-01 1.2500e+04 0.0000e+00 2.5000e-01
7.8235e+01 1.2500e+04 0.0000e+00 1.0000e-01 1.2500e+04 0.0000e+00 2.5000e-01
7.8627e+01 1.2500e+04 0.0000e+00 1.0000e-01 1.2500e+04 0.0000e+00 2.5000e-01
7.9020e+01 1.2500e+04 0.0000e+00 1.0000e-01 1.2500e+04 0.0000e+00 2.5000e-01
7.9412e+01 1.2500e+04 0.0000e+00 1.0000e-01 1.2500e+04 0.0000e+00 2.5000e-01
7.9804e+01 1.2500e+04 0.0000e+00 1.0000e-01 1.2500e+04 0.0000e+00 2.5000e-01
8.0196e+01 1.2500e+04 0.0000e+00 1.0000e-01 1.2500e+04 0.0000e+00 2.5000e-01
8.0588e+01 1.2500e+04 0.0000e+00 1.0000e-01 1.2500e+04 0.0000e+00 2.5000e-01
8.0980e+01 1.2500e+04 0.0000e+00 1.0000e-01 1.2500e+04 0.0000e+00 2.5000e-01
8.1373e+01 1.2500e+04 0.0000e+00 1.0000e-01 1.2500e+04 0.0000e+00 2.5000e-01
8.1765e+01 1.2500e+04 0.0000e+00 1.0000e-01 1.2500e+04 0.0000e+00 2.5000e-01
8.2157e+01 1.2500e+04 0.0000e+00 1.0000e-01 1.2500e+04 0.0000e+00 2.5000e-01
8.2549e+01 1.2500e+04 0.0000e+00 1.0000e-01 1.2500e+04 0.0000e+00 2.5000e-01
8.2941e+01 1.2500e+04 0.0000e+00 1.0000e-01 1.2500e+04 0.0000e+00 2.5000e-01
8.3333e+01 1.2500e+04 0.0000e+00 1.0000e-01 1.2500e+04 0.0000e+00 2.5000e-01
8.3725e+01 1.2500e+04 0.0000e+00 1.0000e-01 1.2500e+04 0.0000e+00 2.5000e-01
8.4118e+01 1.2500e+04 0.0000e+00 1.0000e-01 1.2500e+04 0.0000e+00 2.5000e-01
8.4510e+01 1.2500e+04 0.0000e+00 1.0000e-01 1.2500e+04 0.0000e+00 2.5000e-01
8.4902e+01 1.2500e+04 0.0000e+00 1.0000e-01 1.2500e+04 0.0000e+00 2.5000e-01
8.5294e+01 1.2500e+04 0.0000e+00 1.0000e-01 1.2500e+04 0.0000e+00 2.5000e-01
8.5686e+01 1.2500e+04 0.0000e+00 1.0000e-01 1.2500e+04 0.0000e+00 2.5000e-01
8.6078e+01 1.2500e+04 0.0000e+00 1.0000e-01 1.2500e+04 0.0000e+00 2.5000e-01
8.6471e+01 1.2500e+04 0.0000e+00 1.0000e-01 1.2500e+04 0.0000e+00 2.5000e-01
8.6863e+01 1.2500e+04 0.0000e+00 1.0000e-01 1.2500e+04 0.0000e+00 2.5000e-01
8.7255e+01 1.2500e+04 0.0000e+00 1.0000e-01 1.2500e+04 0.0000e+00 2.5000e-01
8.7647e+01 1.2500e+04 0.0000e+00 1.0000e-01 1.2500e+04 0.0000e+00 2.5000e-01
8.8039e+01 1.2500e+04 0.0000e+00 1.0000e-01 1.2500e+04 0.0000e+00 2.5000e-01
8.8431e+01 1.2500e+04 0.0000e+00 1.0000e-01 1.2500e+04 0.0000e+00 2.5000e-01
8.8824e+01 1.2500e+04 0.0000e+00 1.0000e-01 1.2500e+04 0.0000e+00 2.5000e-01
8.9216e+01 1.2500e+04 0.0000e+00 1.0000e-01 1.2500e+04 0.0000e+00 2.5000e-01
8.9608e+01 1.2500e+04 0.0000e+00 1.0000e-01 1.2500e+04 0.0000e+00 2.5000e-01
9.0000e+01 1.2500e+04 0.0000e+00 1.0000e-01 1.2500e+04 0.0000e+00 2.5000e-01
9.0392e+01 1.2500e+04 0.0000e+00 1.0000e-01 1.2500e+04 0.0000e+00 2.5000e-01
9.0784e+01 1.2500e+04 0.0000e+00 1.0000e-01 1.2500e+04 0.0000e+00 2.5000e-01
9.1176e+01 1.2500e+04 0.0000e+00 1.0000e-01 1.2500e+04 0.0000e+00 2.5000e-01
9.1569e+01 1.2500e+04 0.0000e+00 1.0000e-01 1.2500e+04 0.0000e+00 2.5000e-01
9.1961e+01 1.2500e+04 0.0000e+00 1.0000e-01 1.2500e+04 0.0000e+00 2.5000e-01
9.2353e+01 1.2500e+04 0.0000e+00 1.0000e-01 1.2500e+04 0.0000e+00 2.5000e-01
9.2745e+01 1.2500e+04 0.0000e+00 1.0000e-01 1.2500e+04 0.0000e+00 2.5000e-01
9.3137e+01 1.2500e+04 0.0000e+00 1.0000e-01 1.2500e+04 0.0000e+00 2.5000e-01
9.3529e+01 1.2500e+04 0.0000e+00 1.0000e-01 1.2500e+04 0.0000e+00 2.5000e-01
9.3922e+01 1.2500e+04 0.0000e+00 1.0000e-01 1.2500e+04 0.0000e+00 2.5000e-01
9.4314e+01 1.2500e+04 0.0000e+00 1.0000e-01 1.2500e+04 0.0000e+00 2.5000e-01
9.4706e+01 1.2500e+04 0.0000e+00 1.0000e-01 1.2500e+04 0.0000e+00 2.5000e-01
9.5098e+01 1.2500e+04 0.0000e+00 1.0000e-01 1.2500e+04 0.0000e+00 2.5000e-01
9.5490e+01 1.2500e+04 0.0000e+00 1.0000e-01 1.2500e+04 0.0000e+00 2.5000e-01
9.5882e+01 1.2500e+04 0.0000e+00 1.0000e-01 1.2500e+04 0.0000e+00 2.5000e-01
9.6275e+01 1.2500e+04 0.0000e+00 1.0000e-01 1.2500e+04 0.0000e+00 2.5000e-01
9.6667e+01 1.2500e+04 0.0000e+00 1.0000e-01 1.2500e+04 0.0000e+00 2.5000e-01
9.7059e+01 1.2500e+04 0.0000e+00 1.0000e-01 1.2500e+04 0.0000e+00 2.5000e-01
9.7451e+01 1.2500e+04 0.0000e+00 1.0000e-01 1.2500e+04 0.0000e+00 2.5000e-01
9.7843e+01 1.2500e+04 0.0000e+00 1.0000e-01 1.2500e+04 0.0000e+00 2.5000e-01
9.8235e+01 1.2500e+04 0.0000e+00 1.0000e-01 1.2500e+04 0.0000e+00 2.5000e-01
9.8627e+01 1.2500e+04 0.0000e+00 1.0000e-01 1.2500e+04 0.0000e+00 2.5000e-01
9.9020e+01 1.2500e+04 0.0000e+00 1.0000e-01 1.2500e+04 0.0000e+00 2.5000e-01
9.9412e+01 1.2500e+04 0.0000e+00 1.0000e-01 1.2500e+04 0.0000e+00 2.5000e-01
9.9804e+01 1.2500e+04 0.0000e+00 1.0000e-01 1.2500e+04 0.0000e+00 2.5000e-01
