# # x Density Velocity Pressure q0 q1 q2
1.9608e-01 1.0000e+05 6.0293e-15 1.0000e+00 1.0000e+05 6.0293e-10 2.5000e+00
5.8824e-01 1.0000e+05 7.9954e-15 1.0000e+00 1.0000e+05 7.9954e-10 2.5000e+00
9.8039e-01 1.0000e+05 1.0280e-14 1.0000e+00 1.0000e+05 1.0280e-09 2.5000e+00
1.3725e+00 1.0000e+05 1.3965e-14 1.0000e+00 1.0000e+05 1.3965e-09 2.5000e+00
1.7647e+00 1.0000e+05 1.9673e-14 1.0000e+00 1.0000e+05 1.9673e-09 2.5000e+00
2.1569e+00 1.0000e+05 2.8179e-14 1.0000e+00 1.0000e+05 2.8179e-09 2.5000e+00
2.5490e+00 1.0000e+05 4.0598e-14 1.0000e+00 1.0000e+05 4.0598e-09 2.5000e+00
2.9412e+00 1.0000e+05 5.8539e-14 1.0000e+00 1.0000e+05 5.8539e-09 2.5000e+00
3.3333e+00 1.0000e+05 8.4295e-14 1.0000e+00 1.0000e+05 8.4295e-09 2.5000e+00
3.7255e+00 1.0000e+05 1.2110e-13 1.0000e+00 1.0000e+05 1.2110e-08 2.5000e+00
4.1176e+00 1.0000e+05 1.7351e-13 1.0000e+00 1.0000e+05 1.7351e-08 2.5000e+00
4.5098e+00 1.0000e+05 2.4788e-13 1.0000e+00 1.0000e+05 2.4788e-08 2.5000e+00
4.9020e+00 1.0000e+05 3.5305e-13 1.0000e+00 1.0000e+05 3.5305e-08 2.5000e+00
5.2941e+00 1.0000e+05 5.0132e-13 1.0000e+00 1.0000e+05 5.0132e-08 2.5000e+00
5.6863e+00 1.0000e+05 7.0971e-13 1.0000e+00 1.0000e+05 7.0971e-08 2.5000e+00
6.0784e+00 1.0000e+05 1.0016e-12 1.0000e+00 1.0000e+05 1.0016e-07 2.5000e+00
6.4706e+00 1.0000e+05 1.4093e-12 1.0000e+00 1.0000e+05 1.4093e-07 2.5000e+00
6.8627e+00 1.0000e+05 1.9768e-12 1.0000e+00 1.0000e+05 1.9768e-07 2.5000e+00
7.2549e+00 1.0000e+05 2.7644e-12 1.0000e+00 1.0000e+05 2.7644e-07 2.5000e+00
7.6471e+00 1.0000e+05 3.8538e-12 1.0000e+00 1.0000e+05 3.8538e-07 2.5000e+00
8.0392e+00 1.0000e+05 5.3560e-12 1.0000e+00 1.0000e+05 5.3560e-07 2.5000e+00
8.4314e+00 1.0000e+05 7.4209e-12 1.0000e+00 1.0000e+05 7.4209e-07 2.5000e+00
8.8235e+00 1.0000e+05 1.0250e-11 1.0000e+00 1.0000e+05 1.0250e-06 2.5000e+00
9.2157e+00 1.0000e+05 1.4115e-11 1.0000e+00 1.0000e+05 1.4115e-06 2.5000e+00
9.6078e+00 1.0000e+05 1.9377e-11 1.0000e+00 1.0000e+05 1.9377e-06 2.5000e+00
1.0000e+01 1.0000e+05 2.6518e-11 1.0000e+00 1.0000e+05 2.6518e-06 2.5000e+00
1.0392e+01 1.0000e+05 3.6179e-11 1.0000e+00 1.0000e+05 3.6179e-06 2.5000e+00
1.0784e+01 1.0000e+05 4.9209e-11 1.0000e+00 1.0000e+05 4.9209e-06 2.5000e+00
1.1176e+01 1.0000e+05 6.6724e-11 1.0000e+00 1.0000e+05 6.6724e-06 2.5000e+00
1.1569e+01 1.0000e+05 9.0195e-11 1.0000e+00 1.0000e+05 9.0195e-06 2.5000e+00
1.1961e+01 1.0000e+05 1.2155e-10 1.0000e+00 1.0000e+05 1.2155e-05 2.5000e+00
1.2353e+01 1.0000e+05 1.6329e-10 1.0000e+00 1.0000e+05 1.6329e-05 2.5000e+00
1.2745e+01 1.0000e+05 2.1869e-10 1.0000e+00 1.0000e+05 2.1869e-05 2.5000e+00
1.3137e+01 1.0000e+05 2.9199e-10 1.0000e+00 1.0000e+05 2.9199e-05 2.5000e+00
1.3529e+01 1.0000e+05 3.8866e-10 1.0000e+00 1.0000e+05 3.8866e-05 2.5000e+00
1.3922e+01 1.0000e+05 5.1573e-10 1.0000e+00 1.0000e+05 5.1573e-05 2.5000e+00
1.4314e+01 1.0000e+05 6.8223e-10 1.0000e+00 1.0000e+05 6.8223e-05 2.5000e+00
1.4706e+01 1.0000e+05 8.9971e-10 1.0000e+00 1.0000e+05 8.9971e-05 2.5000e+00
1.5098e+01 1.0000e+05 1.1829e-09 1.0000e+00 1.0000e+05 1.1829e-04 2.5000e+00
1.5490e+01 1.0000e+05 1.5503e-09 1.0000e+00 1.0000e+05 1.5503e-04 2.5000e+00
1.5882e+01 1.0000e+05 2.0257e-09 1.0000e+00 1.0000e+05 2.0257e-04 2.5000e+00
1.6275e+01 1.0000e+05 2.6387e-09 1.0000e+00 1.0000e+05 2.6387e-04 2.5000e+00
1.6667e+01 1.0000e+05 3.4266e-09 9.9999e-01 1.0000e+05 3.4266e-04 2.5000e+00
1.7059e+01 1.0000e+05 4.4360e-09 9.9999e-01 1.0000e+05 4.4360e-04 2.5000e+00
1.7451e+01 1.0000e+05 5.7252e-09 9.9999e-01 1.0000e+05 5.7252e-04 2.5000e+00
1.7843e+01 1.0000e+05 7.3663e-09 9.9999e-01 1.0000e+05 7.3663e-04 2.5000e+00
1.8235e+01 1.0000e+05 9.4488e-09 9.9998e-01 1.0000e+05 9.4488e-04 2.5000e+00
1.8627e+01 1.0000e+05 1.2083e-08 9.9998e-01 1.0000e+05 1.2083e-03 2.4999e+00
1.9020e+01 1.0000e+05 1.5404e-08 9.9997e-01 1.0000e+05 1.5403e-03 2.4999e+00
1.9412e+01 1.0000e+05 1.9577e-08 9.9997e-01 1.0000e+05 1.9577e-03 2.4999e+00
1.9804e+01 1.0000e+05 2.4805e-08 9.9996e-01 1.0000e+05 2.4805e-03 2.4999e+00
2.0196e+01 1.0000e+05 3.1332e-08 9.9995e-01 1.0000e+05 3.1332e-03 2.4999e+00
2.0588e+01 1.0000e+05 3.9457e-08 9.9994e-01 1.0000e+05 3.9457e-03 2.4998e+00
2.0980e+01 1.0000e+05 4.9536e-08 9.9992e-01 1.0000e+05 4.9536e-03 2.4998e+00
2.1373e+01 1.0000e+05 6.2001e-08 9.9990e-01 1.0000e+05 6.2001e-03 2.4998e+00
2.1765e+01 9.9999e+04 7.7366e-08 9.9988e-01 9.9999e+04 7.7366e-03 2.4997e+00
2.2157e+01 9.9999e+04 9.6246e-08 9.9985e-01 9.9999e+04 9.6245e-03 2.4996e+00
2.2549e+01 9.9999e+04 1.1937e-07 9.9982e-01 9.9999e+04 1.1937e-02 2.4996e+00
2.2941e+01 9.9999e+04 1.4760e-07 9.9978e-01 9.9999e+04 1.4760e-02 2.4995e+00
2.3333e+01 9.9999e+04 1.8195e-07 9.9973e-01 9.9999e+04 1.8195e-02 2.4993e+00
2.3725e+01 9.9998e+04 2.2362e-07 9.9968e-01 9.9998e+04 2.2361e-02 2.4992e+00
2.4118e+01 9.9998e+04 2.7400e-07 9.9961e-01 9.9998e+04 2.7400e-02 2.4990e+00
2.4510e+01 9.9998e+04 3.3472e-07 9.9953e-01 9.9998e+04 3.3472e-02 2.4988e+00
2.4902e+01 9.9997e+04 4.0768e-07 9.9943e-01 9.9997e+04 4.0766e-02 2.4986e+00
2.5294e+01 9.9996e+04 4.9504e-07 9.9932e-01 9.9996e+04 4.9502e-02 2.4983e+00
2.5686e+01 9.9996e+04 5.9932e-07 9.9918e-01 9.9996e+04 5.9930e-02 2.4980e+00
2.6078e+01 9.9995e+04 7.2341e-07 9.9902e-01 9.9995e+04 7.2337e-02 2.4976e+00
2.6471e+01 9.9994e+04 8.7058e-07 9.9884e-01 9.9994e+04 8.7053e-02 2.4971e+00
2.6863e+01 9.9992e+04 1.0446e-06 9.9862e-01 9.9992e+04 1.0445e-01 2.4966e+00
2.7255e+01 9.9991e+04 1.2497e-06 9.9837e-01 9.9991e+04 1.2496e-01 2.4959e+00
2.7647e+01 9.9989e+04 1.4906e-06 9.9808e-01 9.9989e+04 1.4904e-01 2.4952e+00
2.8039e+01 9.9986e+04 1.7727e-06 9.9774e-01 9.9986e+04 1.7725e-01 2.4944e+00
2.8431e+01 9.9984e+04 2.1021e-06 9.9736e-01 9.9984e+04 2.1017e-01 2.4934e+00
2.8824e+01 9.9980e+04 2.4853e-06 9.9692e-01 9.9980e+04 2.4848e-01 2.4923e+00
2.9216e+01 9.9977e+04 2.9299e-06 9.9641e-01 9.9977e+04 2.9292e-01 2.4910e+00
2.9608e+01 9.9972e+04 3.4440e-06 9.9583e-01 9.9972e+04 3.4430e-01 2.4896e+00
3.0000e+01 9.9967e+04 4.0365e-06 9.9518e-01 9.9967e+04 4.0352e-01 2.4879e+00
3.0392e+01 9.9961e+04 4.7175e-06 9.9444e-01 9.9961e+04 4.7156e-01 2.4861e+00
3.0784e+01 9.9954e+04 5.4975e-06 9.9360e-01 9.9954e+04 5.4949e-01 2.4840e+00
3.1176e+01 9.9946e+04 6.3881e-06 9.9266e-01 9.9946e+04 6.3847e-01 2.4817e+00
3.1569e+01 9.9937e+04 7.4021e-06 9.9161e-01 9.9937e+04 7.3974e-01 2.4790e+00
3.1961e+01 9.9926e+04 8.5528e-06 9.9044e-01 9.9926e+04 8.5465e-01 2.4761e+00
3.2353e+01 9.9914e+04 9.8547e-06 9.8913e-01 9.9914e+04 9.8461e-01 2.4728e+00
3.2745e+01 9.9899e+04 1.1323e-05 9.8768e-01 9.9899e+04 1.1312e+00 2.4692e+00
3.3137e+01 9.9883e+04 1.2974e-05 9.8608e-01 9.9883e+04 1.2959e+00 2.4652e+00
3.3529e+01 9.9865e+04 1.4825e-05 9.8431e-01 9.9865e+04 1.4805e+00 2.4608e+00
3.3922e+01 9.9844e+04 1.6894e-05 9.8237e-01 9.9844e+04 1.6867e+00 2.4559e+00
3.4314e+01 9.9821e+04 1.9199e-05 9.8025e-01 9.9821e+04 1.9164e+00 2.4506e+00
3.4706e+01 9.9795e+04 2.1760e-05 9.7793e-01 9.9795e+04 2.1715e+00 2.4449e+00
3.5098e+01 9.9765e+04 2.4596e-05 9.7541e-01 9.9765e+04 2.4538e+00 2.4386e+00
3.5490e+01 9.9732e+04 2.7729e-05 9.7268e-01 9.9732e+04 2.7654e+00 2.4317e+00
3.5882e+01 9.9694e+04 3.1178e-05 9.6973e-01 9.9694e+04 3.1083e+00 2.4244e+00
3.6275e+01 9.9653e+04 3.4965e-05 9.6655e-01 9.9653e+04 3.4843e+00 2.4164e+00
3.6667e+01 9.9607e+04 3.9110e-05 9.6314e-01 9.9607e+04 3.8957e+00 2.4079e+00
3.7059e+01 9.9556e+04 4.3636e-05 9.5949e-01 9.9556e+04 4.3442e+00 2.3988e+00
3.7451e+01 9.9499e+04 4.8561e-05 9.5560e-01 9.9499e+04 4.8318e+00 2.3891e+00
3.7843e+01 9.9437e+04 5.3908e-05 9.5146e-01 9.9437e+04 5.3604e+00 2.3788e+00
3.8235e+01 9.9368e+04 5.9694e-05 9.4707e-01 9.9368e+04 5.9317e+00 2.3679e+00
3.8627e+01 9.9293e+04 6.5939e-05 9.4244e-01 9.9293e+04 6.5473e+00 2.3563e+00
3.9020e+01 9.9211e+04 7.2661e-05 9.3755e-01 9.9211e+04 7.2088e+00 2.3441e+00
3.9412e+01 9.9121e+04 7.9877e-05 9.3243e-01 9.9121e+04 7.9175e+00 2.3314e+00
3.9804e+01 9.9024e+04 8.7600e-05 9.2706e-01 9.9024e+04 8.6745e+00 2.3180e+00
4.0196e+01 9.8918e+04 9.5846e-05 9.2146e-01 9.8918e+04 9.4808e+00 2.3041e+00
4.0588e+01 9.8803e+04 1.0463e-04 9.1563e-01 9.8803e+04 1.0337e+01 2.2896e+00
4.0980e+01 9.8679e+04 1.1395e-04 9.0959e-01 9.8679e+04 1.1244e+01 2.2746e+00
4.1373e+01 9.8546e+04 1.2382e-04 9.0335e-01 9.8546e+04 1.2202e+01 2.2591e+00
4.1765e+01 9.8403e+04 1.3425e-04 8.9691e-01 9.8403e+04 1.3211e+01 2.2432e+00
4.2157e+01 9.8250e+04 1.4525e-04 8.9029e-01 9.8250e+04 1.4271e+01 2.2268e+00
4.2549e+01 9.8084e+04 1.5677e-04 8.8350e-01 9.8084e+04 1.5376e+01 2.2099e+00
4.2941e+01 9.7913e+04 1.6899e-04 8.7661e-01 9.7913e+04 1.6547e+01 2.1929e+00
4.3333e+01 9.7717e+04 1.8130e-04 8.6943e-01 9.7717e+04 1.7716e+01 2.1752e+00
4.3725e+01 9.7547e+04 1.9551e-04 8.6260e-01 9.7547e+04 1.9071e+01 2.1584e+00
4.4118e+01 9.7266e+04 2.0667e-04 8.5446e-01 9.7266e+04 2.0102e+01 2.1382e+00
4.4510e+01 9.7215e+04 2.2706e-04 8.4920e-01 9.7215e+04 2.2073e+01 2.1255e+00
4.4902e+01 9.6616e+04 2.2862e-04 8.3734e-01 9.6616e+04 2.2088e+01 2.0959e+00
4.5294e+01 9.7083e+04 2.6936e-04 8.3851e-01 9.7083e+04 2.6150e+01 2.0998e+00
4.5686e+01 9.5607e+04 2.4120e-04 8.1638e-01 9.5607e+04 2.3061e+01 2.0437e+00
4.6078e+01 9.7149e+04 3.2187e-04 8.3045e-01 9.7149e+04 3.1270e+01 2.0811e+00
4.6471e+01 9.4621e+04 2.5823e-04 7.9650e-01 9.4621e+04 2.4434e+01 1.9944e+00
4.6863e+01 9.6542e+04 3.5392e-04 8.1493e-01 9.6542e+04 3.4168e+01 2.0434e+00
4.7255e+01 9.4674e+04 3.1717e-04 7.8990e-01 9.4674e+04 3.0028e+01 1.9795e+00
4.7647e+01 9.4957e+04 3.5467e-04 7.8901e-01 9.4957e+04 3.3679e+01 1.9785e+00
4.8039e+01 9.4607e+04 3.7366e-04 7.8216e-01 9.4607e+04 3.5351e+01 1.9620e+00
4.8431e+01 9.4321e+04 3.9892e-04 7.7735e-01 9.4321e+04 3.7627e+01 1.9509e+00
4.8824e+01 9.5078e+04 3.9226e-04 7.6228e-01 9.5078e+04 3.7295e+01 1.9130e+00
4.9216e+01 8.3850e+04 4.3686e-04 7.6381e-01 8.3850e+04 3.6631e+01 1.9175e+00
4.9608e+01 1.2718e+05 4.4747e-04 7.5311e-01 1.2718e+05 5.6907e+01 1.8955e+00
5.0000e+01 5.6168e+04 4.5813e-04 7.4714e-01 5.6168e+04 2.5732e+01 1.8737e+00
5.0392e+01 1.9718e+04 4.7527e-04 7.4456e-01 1.9718e+04 9.3714e+00 1.8636e+00
5.0784e+01 1.0087e+04 5.1282e-04 7.4323e-01 1.0087e+04 5.1729e+00 1.8594e+00
5.1176e+01 8.7079e+03 6.3948e-04 7.4618e-01 8.7079e+03 5.5685e+00 1.8672e+00
5.1569e+01 8.8918e+03 7.0591e-04 7.4263e-01 8.8918e+03 6.2768e+00 1.8588e+00
5.1961e+01 9.5167e+03 7.5200e-04 7.3834e-01 9.5167e+03 7.1566e+00 1.8485e+00
5.2353e+01 1.0063e+04 8.5717e-04 7.4172e-01 1.0063e+04 8.6258e+00 1.8580e+00
5.2745e+01 1.0590e+04 9.5716e-04 7.4598e-01 1.0590e+04 1.0136e+01 1.8698e+00
5.3137e+01 1.0874e+04 9.7491e-04 7.4276e-01 1.0874e+04 1.0601e+01 1.8621e+00
5.3529e+01 1.1092e+04 9.6354e-04 7.3713e-01 1.1092e+04 1.0687e+01 1.8480e+00
5.3922e+01 1.1281e+04 9.9815e-04 7.3700e-01 1.1281e+04 1.1260e+01 1.8481e+00
5.4314e+01 1.1506e+04 1.0731e-03 7.4171e-01 1.1506e+04 1.2347e+01 1.8609e+00
5.4706e+01 1.1669e+04 1.1290e-03 7.4476e-01 1.1669e+04 1.3175e+01 1.8693e+00
5.5098e+01 1.1769e+04 1.1391e-03 7.4302e-01 1.1769e+04 1.3406e+01 1.8652e+00
5.5490e+01 1.1818e+04 1.1251e-03 7.3875e-01 1.1818e+04 1.3297e+01 1.8544e+00
5.5882e+01 1.1884e+04 1.1273e-03 7.3629e-01 1.1884e+04 1.3397e+01 1.8483e+00
5.6275e+01 1.1986e+04 1.1675e-03 7.3830e-01 1.1986e+04 1.3994e+01 1.8539e+00
5.6667e+01 1.2111e+04 1.2298e-03 7.4301e-01 1.2111e+04 1.4895e+01 1.8667e+00
5.7059e+01 1.2218e+04 1.2824e-03 7.4686e-01 1.2218e+04 1.5668e+01 1.8772e+00
5.7451e+01 1.2281e+04 1.3057e-03 7.4757e-01 1.2281e+04 1.6035e+01 1.8794e+00
5.7843e+01 1.2304e+04 1.3020e-03 7.4534e-01 1.2304e+04 1.6021e+01 1.8738e+00
5.8235e+01 1.2316e+04 1.2902e-03 7.4178e-01 1.2316e+04 1.5890e+01 1.8647e+00
5.8627e+01 1.2351e+04 1.2967e-03 7.4045e-01 1.2351e+04 1.6015e+01 1.8615e+00
5.9020e+01 1.2430e+04 1.3393e-03 7.4340e-01 1.2430e+04 1.6648e+01 1.8696e+00
5.9412e+01 1.2548e+04 1.4123e-03 7.5001e-01 1.2548e+04 1.7722e+01 1.8875e+00
5.9804e+01 1.2681e+04 1.4978e-03 7.5825e-01 1.2681e+04 1.8993e+01 1.9098e+00
6.0196e+01 1.2805e+04 1.5773e-03 7.6600e-01 1.2805e+04 2.0198e+01 1.9309e+00
6.0588e+01 1.2905e+04 1.6393e-03 7.7183e-01 1.2905e+04 2.1155e+01 1.9469e+00
6.0980e+01 1.2974e+04 1.6802e-03 7.7528e-01 1.2974e+04 2.1799e+01 1.9565e+00
6.1373e+01 1.3016e+04 1.7028e-03 7.7660e-01 1.3016e+04 2.2163e+01 1.9604e+00
6.1765e+01 1.3039e+04 1.7125e-03 7.7644e-01 1.3039e+04 2.2329e+01 1.9602e+00
6.2157e+01 1.3051e+04 1.7149e-03 7.7545e-01 1.3051e+04 2.2382e+01 1.9578e+00
6.2549e+01 1.3058e+04 1.7142e-03 7.7409e-01 1.3058e+04 2.2384e+01 1.9544e+00
6.2941e+01 1.3063e+04 1.7122e-03 7.7260e-01 1.3063e+04 2.2367e+01 1.9507e+00
6.3333e+01 1.3068e+04 1.7097e-03 7.7104e-01 1.3068e+04 2.2341e+01 1.9467e+00
6.3725e+01 1.3071e+04 1.7068e-03 7.6942e-01 1.3071e+04 2.2311e+01 1.9426e+00
6.4118e+01 1.3075e+04 1.7037e-03 7.6775e-01 1.3075e+04 2.2275e+01 1.9384e+00
6.4510e+01 1.3078e+04 1.7002e-03 7.6602e-01 1.3078e+04 2.2235e+01 1.9340e+00
6.4902e+01 1.3080e+04 1.6965e-03 7.6424e-01 1.3080e+04 2.2191e+01 1.9294e+00
6.5294e+01 1.3083e+04 1.6925e-03 7.6241e-01 1.3083e+04 2.2143e+01 1.9248e+00
6.5686e+01 1.3085e+04 1.6883e-03 7.6052e-01 1.3085e+04 2.2091e+01 1.9200e+00
6.6078e+01 1.3087e+04 1.6838e-03 7.5858e-01 1.3087e+04 2.2036e+01 1.9150e+00
6.6471e+01 1.3088e+04 1.6791e-03 7.5659e-01 1.3088e+04 2.1976e+01 1.9099e+00
6.6863e+01 1.3089e+04 1.6741e-03 7.5453e-01 1.3089e+04 2.1913e+01 1.9047e+00
6.7255e+01 1.3090e+04 1.6689e-03 7.5242e-01 1.3090e+04 2.1846e+01 1.8993e+00
6.7647e+01 1.3091e+04 1.6634e-03 7.5025e-01 1.3091e+04 2.1776e+01 1.8937e+00
6.8039e+01 1.3092e+04 1.6577e-03 7.4803e-01 1.3092e+04 2.1702e+01 1.8881e+00
6.8431e+01 1.3092e+04 1.6517e-03 7.4574e-01 1.3092e+04 2.1624e+01 1.8822e+00
6.8824e+01 1.3092e+04 1.6455e-03 7.4339e-01 1.3092e+04 2.1543e+01 1.8762e+00
6.9216e+01 1.3092e+04 1.6391e-03 7.4098e-01 1.3092e+04 2.1459e+01 1.8700e+00
6.9608e+01 1.3091e+04 1.6324e-03 7.3850e-01 1.3091e+04 2.1370e+01 1.8637e+00
7.0000e+01 1.3091e+04 1.6255e-03 7.3595e-01 1.3091e+04 2.1279e+01 1.8572e+00
7.0392e+01 1.3090e+04 1.6183e-03 7.3334e-01 1.3090e+04 2.1183e+01 1.8505e+00
7.0784e+01 1.3089e+04 1.6109e-03 7.3066e-01 1.3089e+04 2.1085e+01 1.8436e+00
7.1176e+01 1.3088e+04 1.6032e-03 7.2790e-01 1.3088e+04 2.0982e+01 1.8366e+00
7.1569e+01 1.3086e+04 1.5953e-03 7.2507e-01 1.3086e+04 2.0876e+01 1.8293e+00
7.1961e+01 1.3085e+04 1.5871e-03 7.2217e-01 1.3085e+04 2.0767e+01 1.8219e+00
7.2353e+01 1.3083e+04 1.5786e-03 7.1919e-01 1.3083e+04 2.0654e+01 1.8143e+00
7.2745e+01 1.3081e+04 1.5700e-03 7.1613e-01 1.3081e+04 2.0537e+01 1.8065e+00
7.3137e+01 1.3079e+04 1.5610e-03 7.1299e-01 1.3079e+04 2.0416e+01 1.7984e+00
7.3529e+01 1.3077e+04 1.5518e-03 7.0977e-01 1.3077e+04 2.0292e+01 1.7902e+00
7.3922e+01 1.3074e+04 1.5423e-03 7.0646e-01 1.3074e+04 2.0165e+01 1.7817e+00
7.4314e+01 1.3071e+04 1.5326e-03 7.0307e-01 1.3071e+04 2.0033e+01 1.7730e+00
7.4706e+01 1.3069e+04 1.5226e-03 6.9959e-01 1.3069e+04 1.9898e+01 1.7641e+00
7.5098e+01 1.3065e+04 1.5123e-03 6.9602e-01 1.3065e+04 1.9759e+01 1.7550e+00
7.5490e+01 1.3062e+04 1.5018e-03 6.9235e-01 1.3062e+04 1.9617e+01 1.7456e+00
7.5882e+01 1.3059e+04 1.4910e-03 6.8859e-01 1.3059e+04 1.9470e+01 1.7360e+00
7.6275e+01 1.3055e+04 1.4799e-03 6.8473e-01 1.3055e+04 1.9320e+01 1.7261e+00
7.6667e+01 1.3052e+04 1.4685e-03 6.8078e-01 1.3052e+04 1.9166e+01 1.7160e+00
7.7059e+01 1.3048e+04 1.4568e-03 6.7672e-01 1.3048e+04 1.9008e+01 1.7057e+00
7.7451e+01 1.3044e+04 1.4449e-03 6.7256e-01 1.3044e+04 1.8847e+01 1.6950e+00
7.7843e+01 1.3039e+04 1.4327e-03 6.6830e-01 1.3039e+04 1.8681e+01 1.6841e+00
7.8235e+01 1.3035e+04 1.4202e-03 6.6393e-01 1.3035e+04 1.8512e+01 1.6730e+00
7.8627e+01 1.3031e+04 1.4074e-03 6.5945e-01 1.3031e+04 1.8339e+01 1.6615e+00
7.9020e+01 1.3026e+04 1.3943e-03 6.5485e-01 1.3026e+04 1.8161e+01 1.6498e+00
7.9412e+01 1.3021e+04 1.3809e-03 6.5015e-01 1.3021e+04 1.7980e+01 1.6378e+00
7.9804e+01 1.3016e+04 1.3672e-03 6.4532e-01 1.3016e+04 1.7795e+01 1.6255e+00
8.0196e+01 1.3011e+04 1.3532e-03 6.4038e-01 1.3011e+04 1.7606e+01 1.6129e+00
8.0588e+01 1.3006e+04 1.3389e-03 6.3532e-01 1.3006e+04 1.7413e+01 1.6000e+00
8.0980e+01 1.3000e+04 1.3243e-03 6.3014e-01 1.3000e+04 1.7215e+01 1.5867e+00
8.1373e+01 1.2994e+04 1.3093e-03 6.2483e-01 1.2994e+04 1.7014e+01 1.5732e+00
8.1765e+01 1.2989e+04 1.2941e-03 6.1939e-01 1.2989e+04 1.6809e+01 1.5594e+00
8.2157e+01 1.2983e+04 1.2786e-03 6.1383e-01 1.2983e+04 1.6599e+01 1.5452e+00
8.2549e+01 1.2977e+04 1.2627e-03 6.0813e-01 1.2977e+04 1.6386e+01 1.5307e+00
8.2941e+01 1.2970e+04 1.2465e-03 6.0230e-01 1.2970e+04 1.6168e+01 1.5158e+00
8.3333e+01 1.2964e+04 1.2300e-03 5.9633e-01 1.2964e+04 1.5946e+01 1.5006e+00
8.3725e+01 1.2958e+04 1.2132e-03 5.9023e-01 1.2958e+04 1.5720e+01 1.4851e+00
8.4118e+01 1.2951e+04 1.1961e-03 5.8398e-01 1.2951e+04 1.5490e+01 1.4692e+00
8.4510e+01 1.2944e+04 1.1786e-03 5.7759e-01 1.2944e+04 1.5256e+01 1.4530e+00
8.4902e+01 1.2937e+04 1.1608e-03 5.7106e-01 1.2937e+04 1.5017e+01 1.4364e+00
8.5294e+01 1.2930e+04 1.1426e-03 5.6437e-01 1.2930e+04 1.4774e+01 1.4194e+00
8.5686e+01 1.2923e+04 1.1241e-03 5.5754e-01 1.2923e+04 1.4527e+01 1.4020e+00
8.6078e+01 1.2916e+04 1.1053e-03 5.5056e-01 1.2916e+04 1.4276e+01 1.3843e+00
8.6471e+01 1.2908e+04 1.0861e-03 5.4342e-01 1.2908e+04 1.4020e+01 1.3662e+00
8.6863e+01 1.2900e+04 1.0666e-03 5.3612e-01 1.2900e+04 1.3760e+01 1.3476e+00
8.7255e+01 1.2893e+04 1.0468e-03 5.2867e-01 1.2893e+04 1.3496e+01 1.3287e+00
8.7647e+01 1.2885e+04 1.0266e-03 5.2105e-01 1.2885e+04 1.3227e+01 1.3094e+00
8.8039e+01 1.2877e+04 1.0060e-03 5.1326e-01 1.2877e+04 1.2954e+01 1.2897e+00
8.8431e+01 1.2869e+04 9.8506e-04 5.0531e-01 1.2869e+04 1.2676e+01 1.2695e+00
8.8824e+01 1.2860e+04 9.6378e-04 4.9719e-01 1.2860e+04 1.2394e+01 1.2490e+00
8.9216e+01 1.2852e+04 9.4213e-04 4.8890e-01 1.2852e+04 1.2108e+01 1.2280e+00
8.9608e+01 1.2843e+04 9.2012e-04 4.8043e-01 1.2843e+04 1.1817e+01 1.2065e+00
9.0000e+01 1.2834e+04 8.9773e-04 4.7178e-01 1.2834e+04 1.1522e+01 1.1846e+00
9.0392e+01 1.2826e+04 8.7498e-04 4.6295e-01 1.2826e+04 1.1222e+01 1.1623e+00
9.0784e+01 1.2817e+04 8.5185e-04 4.5394e-01 1.2817e+04 1.0918e+01 1.1395e+00
9.1176e+01 1.2807e+04 8.2834e-04 4.4473e-01 1.2807e+04 1.0609e+01 1.1162e+00
9.1569e+01 1.2798e+04 8.0445e-04 4.3533e-01 1.2798e+04 1.0296e+01 1.0925e+00
9.1961e+01 1.2789e+04 7.8019e-04 4.2574e-01 1.2789e+04 9.9777e+00 1.0682e+00
9.2353e+01 1.2779e+04 7.5554e-04 4.1593e-01 1.2779e+04 9.6554e+00 1.0435e+00
9.2745e+01 1.2770e+04 7.3053e-04 4.0590e-01 1.2770e+04 9.3286e+00 1.0182e+00
9.3137e+01 1.2760e+04 7.0515e-04 3.9565e-01 1.2760e+04 8.9977e+00 9.9228e-01
9.3529e+01 1.2750e+04 6.7943e-04 3.8514e-01 1.2750e+04 8.6627e+00 9.6578e-01
9.3922e+01 1.2740e+04 6.5339e-04 3.7435e-01 1.2740e+04 8.3241e+00 9.3859e-01
9.4314e+01 1.2730e+04 6.2707e-04 3.6324e-01 1.2730e+04 7.9823e+00 9.1061e-01
9.4706e+01 1.2719e+04 6.0053e-04 3.5178e-01 1.2719e+04 7.6382e+00 8.8173e-01
9.5098e+01 1.2709e+04 5.7385e-04 3.3988e-01 1.2709e+04 7.2927e+00 8.5180e-01
9.5490e+01 1.2698e+04 5.4713e-04 3.2748e-01 1.2698e+04 6.9473e+00 8.2061e-01
9.5882e+01 1.2687e+04 5.2051e-04 3.1449e-01 1.2687e+04 6.6034e+00 7.8794e-01
9.6275e+01 1.2675e+04 4.9413e-04 3.0079e-01 1.2675e+04 6.2632e+00 7.5352e-01
9.6667e+01 1.2663e+04 4.6819e-04 2.8627e-01 1.2663e+04 5.9288e+00 7.1707e-01
9.7059e+01 1.2651e+04 4.4286e-04 2.7082e-01 1.2651e+04 5.6028e+00 6.7829e-01
9.7451e+01 1.2639e+04 4.1836e-04 2.5433e-01 1.2639e+04 5.2875e+00 6.3694e-01
9.7843e+01 1.2626e+04 3.9483e-04 2.3671e-01 1.2626e+04 4.9850e+00 5.9277e-01
9.8235e+01 1.2612e+04 3.7253e-04 2.1792e-01 1.2612e+04 4.6984e+00 5.4568e-01
9.8627e+01 1.2597e+04 3.5116e-04 1.9787e-01 1.2597e+04 4.4237e+00 4.9546e-01
9.9020e+01 1.2584e+04 3.3248e-04 1.7687e-01 1.2584e+04 4.1838e+00 4.4288e-01
9.9412e+01 1.2559e+04 3.0927e-04 1.5395e-01 1.2559e+04 3.8841e+00 3.8548e-01
9.9804e+01 1.2701e+04 3.1463e-04 1.3352e-01 1.2701e+04 3.9962e+00 3.3443e-01
