# # x Density Velocity Pressure q0 q1 q2
1.9608e-01 1.0000e+05 7.5639e-15 1.0000e+00 1.0000e+05 7.5639e-10 2.5000e+00
5.8824e-01 1.0000e+05 1.0024e-14 1.0000e+00 1.0000e+05 1.0024e-09 2.5000e+00
9.8039e-01 1.0000e+05 1.2848e-14 1.0000e+00 1.0000e+05 1.2848e-09 2.5000e+00
1.3725e+00 1.0000e+05 1.7387e-14 1.0000e+00 1.0000e+05 1.7387e-09 2.5000e+00
1.7647e+00 1.0000e+05 2.4403e-14 1.0000e+00 1.0000e+05 2.4403e-09 2.5000e+00
2.1569e+00 1.0000e+05 3.4829e-14 1.0000e+00 1.0000e+05 3.4829e-09 2.5000e+00
2.5490e+00 1.0000e+05 5.0009e-14 1.0000e+00 1.0000e+05 5.0009e-09 2.5000e+00
2.9412e+00 1.0000e+05 7.1872e-14 1.0000e+00 1.0000e+05 7.1872e-09 2.5000e+00
3.3333e+00 1.0000e+05 1.0316e-13 1.0000e+00 1.0000e+05 1.0316e-08 2.5000e+00
3.7255e+00 1.0000e+05 1.4773e-13 1.0000e+00 1.0000e+05 1.4773e-08 2.5000e+00
4.1176e+00 1.0000e+05 2.1099e-13 1.0000e+00 1.0000e+05 2.1099e-08 2.5000e+00
4.5098e+00 1.0000e+05 3.0047e-13 1.0000e+00 1.0000e+05 3.0047e-08 2.5000e+00
4.9020e+00 1.0000e+05 4.2663e-13 1.0000e+00 1.0000e+05 4.2663e-08 2.5000e+00
5.2941e+00 1.0000e+05 6.0394e-13 1.0000e+00 1.0000e+05 6.0394e-08 2.5000e+00
5.6863e+00 1.0000e+05 8.5235e-13 1.0000e+00 1.0000e+05 8.5235e-08 2.5000e+00
6.0784e+00 1.0000e+05 1.1993e-12 1.0000e+00 1.0000e+05 1.1993e-07 2.5000e+00
6.4706e+00 1.0000e+05 1.6823e-12 1.0000e+00 1.0000e+05 1.6823e-07 2.5000e+00
6.8627e+00 1.0000e+05 2.3527e-12 1.0000e+00 1.0000e+05 2.3527e-07 2.5000e+00
7.2549e+00 1.0000e+05 3.2802e-12 1.0000e+00 1.0000e+05 3.2802e-07 2.5000e+00
7.6471e+00 1.0000e+05 4.5594e-12 1.0000e+00 1.0000e+05 4.5594e-07 2.5000e+00
8.0392e+00 1.0000e+05 6.3181e-12 1.0000e+00 1.0000e+05 6.3181e-07 2.5000e+00
8.4314e+00 1.0000e+05 8.7286e-12 1.0000e+00 1.0000e+05 8.7286e-07 2.5000e+00
8.8235e+00 1.0000e+05 1.2022e-11 1.0000e+00 1.0000e+05 1.2022e-06 2.5000e+00
9.2157e+00 1.0000e+05 1.6507e-11 1.0000e+00 1.0000e+05 1.6507e-06 2.5000e+00
9.6078e+00 1.0000e+05 2.2597e-11 1.0000e+00 1.0000e+05 2.2597e-06 2.5000e+00
1.0000e+01 1.0000e+05 3.0838e-11 1.0000e+00 1.0000e+05 3.0838e-06 2.5000e+00
1.0392e+01 1.0000e+05 4.1957e-11 1.0000e+00 1.0000e+05 4.1957e-06 2.5000e+00
1.0784e+01 1.0000e+05 5.6910e-11 1.0000e+00 1.0000e+05 5.6910e-06 2.5000e+00
1.1176e+01 1.0000e+05 7.6956e-11 1.0000e+00 1.0000e+05 7.6956e-06 2.5000e+00
1.1569e+01 1.0000e+05 1.0375e-10 1.0000e+00 1.0000e+05 1.0375e-05 2.5000e+00
1.1961e+01 1.0000e+05 1.3943e-10 1.0000e+00 1.0000e+05 1.3943e-05 2.5000e+00
1.2353e+01 1.0000e+05 1.8682e-10 1.0000e+00 1.0000e+05 1.8682e-05 2.5000e+00
1.2745e+01 1.0000e+05 2.4955e-10 1.0000e+00 1.0000e+05 2.4955e-05 2.5000e+00
1.3137e+01 1.0000e+05 3.3233e-10 1.0000e+00 1.0000e+05 3.3233e-05 2.5000e+00
1.3529e+01 1.0000e+05 4.4121e-10 1.0000e+00 1.0000e+05 4.4121e-05 2.5000e+00
1.3922e+01 1.0000e+05 5.8397e-10 1.0000e+00 1.0000e+05 5.8397e-05 2.5000e+00
1.4314e+01 1.0000e+05 7.7056e-10 1.0000e+00 1.0000e+05 7.7056e-05 2.5000e+00
1.4706e+01 1.0000e+05 1.0137e-09 1.0000e+00 1.0000e+05 1.0137e-04 2.5000e+00
1.5098e+01 1.0000e+05 1.3294e-09 1.0000e+00 1.0000e+05 1.3294e-04 2.5000e+00
1.5490e+01 1.0000e+05 1.7381e-09 1.0000e+00 1.0000e+05 1.7381e-04 2.5000e+00
1.5882e+01 1.0000e+05 2.2656e-09 1.0000e+00 1.0000e+05 2.2656e-04 2.5000e+00
1.6275e+01 1.0000e+05 2.9441e-09 9.9999e-01 1.0000e+05 2.9441e-04 2.5000e+00
1.6667e+01 1.0000e+05 3.8141e-09 9.9999e-01 1.0000e+05 3.8141e-04 2.5000e+00
1.7059e+01 1.0000e+05 4.9262e-09 9.9999e-01 1.0000e+05 4.9262e-04 2.5000e+00
1.7451e+01 1.0000e+05 6.3431e-09 9.9999e-01 1.0000e+05 6.3431e-04 2.5000e+00
1.7843e+01 1.0000e+05 8.1427e-09 9.9999e-01 1.0000e+05 8.1427e-04 2.5000e+00
1.8235e+01 1.0000e+05 1.0421e-08 9.9998e-01 1.0000e+05 1.0421e-03 2.5000e+00
1.8627e+01 1.0000e+05 1.3296e-08 9.9998e-01 1.0000e+05 1.3296e-03 2.4999e+00
1.9020e+01 1.0000e+05 1.6913e-08 9.9997e-01 1.0000e+05 1.6913e-03 2.4999e+00
1.9412e+01 1.0000e+05 2.1449e-08 9.9997e-01 1.0000e+05 2.1449e-03 2.4999e+00
1.9804e+01 1.0000e+05 2.7118e-08 9.9996e-01 1.0000e+05 2.7118e-03 2.4999e+00
2.0196e+01 1.0000e+05 3.4181e-08 9.9995e-01 1.0000e+05 3.4181e-03 2.4999e+00
2.0588e+01 1.0000e+05 4.2954e-08 9.9993e-01 1.0000e+05 4.2954e-03 2.4998e+00
2.0980e+01 1.0000e+05 5.3816e-08 9.9992e-01 1.0000e+05 5.3816e-03 2.4998e+00
2.1373e+01 1.0000e+05 6.7220e-08 9.9990e-01 1.0000e+05 6.7220e-03 2.4997e+00
2.1765e+01 9.9999e+04 8.3709e-08 9.9987e-01 9.9999e+04 8.3709e-03 2.4997e+00
2.2157e+01 9.9999e+04 1.0393e-07 9.9984e-01 9.9999e+04 1.0393e-02 2.4996e+00
2.2549e+01 9.9999e+04 1.2864e-07 9.9981e-01 9.9999e+04 1.2864e-02 2.4995e+00
2.2941e+01 9.9999e+04 1.5876e-07 9.9977e-01 9.9999e+04 1.5876e-02 2.4994e+00
2.3333e+01 9.9999e+04 1.9534e-07 9.9972e-01 9.9999e+04 1.9533e-02 2.4993e+00
2.3725e+01 9.9998e+04 2.3962e-07 9.9966e-01 9.9998e+04 2.3962e-02 2.4991e+00
2.4118e+01 9.9998e+04 2.9306e-07 9.9958e-01 9.9998e+04 2.9306e-02 2.4990e+00
2.4510e+01 9.9997e+04 3.5736e-07 9.9950e-01 9.9997e+04 3.5735e-02 2.4987e+00
2.4902e+01 9.9997e+04 4.3446e-07 9.9940e-01 9.9997e+04 4.3445e-02 2.4985e+00
2.5294e+01 9.9996e+04 5.2663e-07 9.9928e-01 9.9996e+04 5.2661e-02 2.4982e+00
2.5686e+01 9.9995e+04 6.3646e-07 9.9914e-01 9.9995e+04 6.3643e-02 2.4978e+00
2.6078e+01 9.9994e+04 7.6691e-07 9.9897e-01 9.9994e+04 7.6687e-02 2.4974e+00
2.6471e+01 9.9993e+04 9.2138e-07 9.9878e-01 9.9993e+04 9.2132e-02 2.4969e+00
2.6863e+01 9.9992e+04 1.1037e-06 9.9855e-01 9.9992e+04 1.1036e-01 2.4964e+00
2.7255e+01 9.9990e+04 1.3182e-06 9.9829e-01 9.9990e+04 1.3181e-01 2.4957e+00
2.7647e+01 9.9988e+04 1.5699e-06 9.9799e-01 9.9988e+04 1.5697e-01 2.4950e+00
2.8039e+01 9.9985e+04 1.8641e-06 9.9764e-01 9.9985e+04 1.8638e-01 2.4941e+00
2.8431e+01 9.9983e+04 2.2070e-06 9.9724e-01 9.9983e+04 2.2066e-01 2.4931e+00
2.8824e+01 9.9979e+04 2.6054e-06 9.9679e-01 9.9979e+04 2.6048e-01 2.4920e+00
2.9216e+01 9.9975e+04 3.0668e-06 9.9627e-01 9.9975e+04 3.0661e-01 2.4907e+00
2.9608e+01 9.9971e+04 3.5996e-06 9.9567e-01 9.9971e+04 3.5986e-01 2.4892e+00
3.0000e+01 9.9965e+04 4.2129e-06 9.9500e-01 9.9965e+04 4.2114e-01 2.4875e+00
3.0392e+01 9.9959e+04 4.9166e-06 9.9424e-01 9.9959e+04 4.9146e-01 2.4856e+00
3.0784e+01 9.9952e+04 5.7216e-06 9.9338e-01 9.9952e+04 5.7189e-01 2.4835e+00
3.1176e+01 9.9943e+04 6.6396e-06 9.9242e-01 9.9943e+04 6.6359e-01 2.4811e+00
3.1569e+01 9.9934e+04 7.6833e-06 9.9135e-01 9.9934e+04 7.6782e-01 2.4784e+00
3.1961e+01 9.9923e+04 8.8662e-06 9.9015e-01 9.9923e+04 8.8593e-01 2.4754e+00
3.2353e+01 9.9910e+04 1.0203e-05 9.8881e-01 9.9910e+04 1.0194e+00 2.4720e+00
3.2745e+01 9.9895e+04 1.1708e-05 9.8734e-01 9.9895e+04 1.1696e+00 2.4684e+00
3.3137e+01 9.9879e+04 1.3399e-05 9.8571e-01 9.9879e+04 1.3383e+00 2.4643e+00
3.3529e+01 9.9860e+04 1.5293e-05 9.8391e-01 9.9860e+04 1.5271e+00 2.4598e+00
3.3922e+01 9.9839e+04 1.7406e-05 9.8194e-01 9.9839e+04 1.7378e+00 2.4549e+00
3.4314e+01 9.9815e+04 1.9759e-05 9.7979e-01 9.9815e+04 1.9722e+00 2.4495e+00
3.4706e+01 9.9788e+04 2.2370e-05 9.7744e-01 9.9788e+04 2.2322e+00 2.4436e+00
3.5098e+01 9.9757e+04 2.5259e-05 9.7490e-01 9.9757e+04 2.5197e+00 2.4373e+00
3.5490e+01 9.9723e+04 2.8445e-05 9.7213e-01 9.9723e+04 2.8367e+00 2.4304e+00
3.5882e+01 9.9685e+04 3.1951e-05 9.6916e-01 9.9685e+04 3.1850e+00 2.4229e+00
3.6275e+01 9.9643e+04 3.5796e-05 9.6595e-01 9.9643e+04 3.5668e+00 2.4149e+00
3.6667e+01 9.9596e+04 4.0001e-05 9.6251e-01 9.9596e+04 3.9839e+00 2.4064e+00
3.7059e+01 9.9544e+04 4.4587e-05 9.5883e-01 9.9544e+04 4.4384e+00 2.3972e+00
3.7451e+01 9.9486e+04 4.9575e-05 9.5492e-01 9.9486e+04 4.9320e+00 2.3874e+00
3.7843e+01 9.9423e+04 5.4983e-05 9.5075e-01 9.9423e+04 5.4666e+00 2.3770e+00
3.8235e+01 9.9353e+04 6.0832e-05 9.4634e-01 9.9353e+04 6.0438e+00 2.3660e+00
3.8627e+01 9.9277e+04 6.7139e-05 9.4169e-01 9.9277e+04 6.6654e+00 2.3544e+00
3.9020e+01 9.9193e+04 7.3923e-05 9.3679e-01 9.9193e+04 7.3327e+00 2.3422e+00
3.9412e+01 9.9102e+04 8.1199e-05 9.3165e-01 9.9102e+04 8.0470e+00 2.3295e+00
3.9804e+01 9.9004e+04 8.8982e-05 9.2627e-01 9.9004e+04 8.8095e+00 2.3161e+00
4.0196e+01 9.8896e+04 9.7285e-05 9.2067e-01 9.8896e+04 9.6211e+00 2.3021e+00
4.0588e+01 9.8781e+04 1.0612e-04 9.1484e-01 9.8781e+04 1.0483e+01 2.2876e+00
4.0980e+01 9.8655e+04 1.1549e-04 9.0879e-01 9.8655e+04 1.1394e+01 2.2726e+00
4.1373e+01 9.8521e+04 1.2542e-04 9.0255e-01 9.8521e+04 1.2356e+01 2.2572e+00
4.1765e+01 9.8376e+04 1.3589e-04 8.9612e-01 9.8376e+04 1.3369e+01 2.2412e+00
4.2157e+01 9.8222e+04 1.4694e-04 8.8951e-01 9.8222e+04 1.4432e+01 2.2248e+00
4.2549e+01 9.8055e+04 1.5848e-04 8.8273e-01 9.8055e+04 1.5540e+01 2.2080e+00
4.2941e+01 9.7883e+04 1.7076e-04 8.7586e-01 9.7883e+04 1.6715e+01 2.1911e+00
4.3333e+01 9.7685e+04 1.8305e-04 8.6868e-01 9.7685e+04 1.7881e+01 2.1733e+00
4.3725e+01 9.7517e+04 1.9739e-04 8.6191e-01 9.7517e+04 1.9249e+01 2.1567e+00
4.4118e+01 9.7228e+04 2.0832e-04 8.5370e-01 9.7228e+04 2.0255e+01 2.1364e+00
4.4510e+01 9.7190e+04 2.2924e-04 8.4865e-01 9.7190e+04 2.2280e+01 2.1242e+00
4.4902e+01 9.6564e+04 2.2986e-04 8.3649e-01 9.6564e+04 2.2196e+01 2.0938e+00
4.5294e+01 9.7071e+04 2.7208e-04 8.3818e-01 9.7071e+04 2.6411e+01 2.0990e+00
4.5686e+01 9.5542e+04 2.4204e-04 8.1546e-01 9.5542e+04 2.3125e+01 2.0415e+00
4.6078e+01 9.7130e+04 3.2441e-04 8.3011e-01 9.7130e+04 3.1510e+01 2.0804e+00
4.6471e+01 9.4585e+04 2.6019e-04 7.9602e-01 9.4585e+04 2.4610e+01 1.9932e+00
4.6863e+01 9.6469e+04 3.5459e-04 8.1405e-01 9.6469e+04 3.4207e+01 2.0412e+00
4.7255e+01 9.4680e+04 3.2065e-04 7.8998e-01 9.4680e+04 3.0359e+01 1.9798e+00
4.7647e+01 9.4891e+04 3.5552e-04 7.8828e-01 9.4891e+04 3.3735e+01 1.9767e+00
4.8039e+01 9.4555e+04 3.7497e-04 7.8162e-01 9.4555e+04 3.5456e+01 1.9607e+00
4.8431e+01 9.4296e+04 4.0151e-04 7.7726e-01 9.4296e+04 3.7860e+01 1.9507e+00
4.8824e+01 9.5092e+04 3.9395e-04 7.6194e-01 9.5092e+04 3.7461e+01 1.9122e+00
4.9216e+01 8.3600e+04 4.3783e-04 7.6329e-01 8.3600e+04 3.6602e+01 1.9162e+00
4.9608e+01 1.2731e+05 4.4917e-04 7.5286e-01 1.2731e+05 5.7184e+01 1.8950e+00
5.0000e+01 5.6775e+04 4.6006e-04 7.4696e-01 5.6775e+04 2.6120e+01 1.8734e+00
5.0392e+01 1.9983e+04 4.7762e-04 7.4446e-01 1.9983e+04 9.5440e+00 1.8634e+00
5.0784e+01 1.0137e+04 5.0857e-04 7.4241e-01 1.0137e+04 5.1554e+00 1.8573e+00
5.1176e+01 8.6932e+03 6.3747e-04 7.4569e-01 8.6932e+03 5.5416e+00 1.8660e+00
5.1569e+01 8.8714e+03 7.1638e-04 7.4337e-01 8.8714e+03 6.3553e+00 1.8607e+00
5.1961e+01 9.4882e+03 7.5373e-04 7.3823e-01 9.4882e+03 7.1515e+00 1.8483e+00
5.2353e+01 1.0025e+04 8.4589e-04 7.4028e-01 1.0025e+04 8.4804e+00 1.8543e+00
5.2745e+01 1.0563e+04 9.5350e-04 7.4531e-01 1.0563e+04 1.0072e+01 1.8681e+00
5.3137e+01 1.0866e+04 9.8472e-04 7.4352e-01 1.0866e+04 1.0700e+01 1.8641e+00
5.3529e+01 1.1084e+04 9.7109e-04 7.3764e-01 1.1084e+04 1.0764e+01 1.8493e+00
5.3922e+01 1.1261e+04 9.9281e-04 7.3612e-01 1.1261e+04 1.1180e+01 1.8459e+00
5.4314e+01 1.1481e+04 1.0627e-03 7.4025e-01 1.1481e+04 1.2201e+01 1.8571e+00
5.4706e+01 1.1655e+04 1.1256e-03 7.4405e-01 1.1655e+04 1.3119e+01 1.8675e+00
5.5098e+01 1.1766e+04 1.1450e-03 7.4335e-01 1.1766e+04 1.3472e+01 1.8661e+00
5.5490e+01 1.1818e+04 1.1328e-03 7.3946e-01 1.1818e+04 1.3388e+01 1.8562e+00
5.5882e+01 1.1876e+04 1.1283e-03 7.3620e-01 1.1876e+04 1.3400e+01 1.8480e+00
5.6275e+01 1.1968e+04 1.1596e-03 7.3719e-01 1.1968e+04 1.3878e+01 1.8510e+00
5.6667e+01 1.2090e+04 1.2190e-03 7.4156e-01 1.2090e+04 1.4737e+01 1.8629e+00
5.7059e+01 1.2202e+04 1.2757e-03 7.4587e-01 1.2202e+04 1.5566e+01 1.8746e+00
5.7451e+01 1.2276e+04 1.3062e-03 7.4737e-01 1.2276e+04 1.6034e+01 1.8789e+00
5.7843e+01 1.2306e+04 1.3078e-03 7.4569e-01 1.2306e+04 1.6094e+01 1.8747e+00
5.8235e+01 1.2317e+04 1.2958e-03 7.4230e-01 1.2317e+04 1.5960e+01 1.8661e+00
5.8627e+01 1.2343e+04 1.2954e-03 7.4015e-01 1.2343e+04 1.5988e+01 1.8607e+00
5.9020e+01 1.2410e+04 1.3286e-03 7.4201e-01 1.2410e+04 1.6487e+01 1.8660e+00
5.9412e+01 1.2518e+04 1.3950e-03 7.4783e-01 1.2518e+04 1.7463e+01 1.8818e+00
5.9804e+01 1.2649e+04 1.4785e-03 7.5582e-01 1.2649e+04 1.8703e+01 1.9034e+00
6.0196e+01 1.2777e+04 1.5605e-03 7.6383e-01 1.2777e+04 1.9939e+01 1.9251e+00
6.0588e+01 1.2883e+04 1.6273e-03 7.7021e-01 1.2883e+04 2.0966e+01 1.9426e+00
6.0980e+01 1.2960e+04 1.6736e-03 7.7428e-01 1.2960e+04 2.1689e+01 1.9538e+00
6.1373e+01 1.3008e+04 1.7005e-03 7.7612e-01 1.3008e+04 2.2120e+01 1.9591e+00
6.1765e+01 1.3036e+04 1.7131e-03 7.7630e-01 1.3036e+04 2.2331e+01 1.9599e+00
6.2157e+01 1.3050e+04 1.7171e-03 7.7549e-01 1.3050e+04 2.2408e+01 1.9580e+00
6.2549e+01 1.3058e+04 1.7169e-03 7.7422e-01 1.3058e+04 2.2420e+01 1.9548e+00
6.2941e+01 1.3064e+04 1.7152e-03 7.7277e-01 1.3064e+04 2.2407e+01 1.9511e+00
6.3333e+01 1.3068e+04 1.7129e-03 7.7124e-01 1.3068e+04 2.2384e+01 1.9473e+00
6.3725e+01 1.3072e+04 1.7101e-03 7.6965e-01 1.3072e+04 2.2355e+01 1.9432e+00
6.4118e+01 1.3076e+04 1.7071e-03 7.6801e-01 1.3076e+04 2.2321e+01 1.9391e+00
6.4510e+01 1.3079e+04 1.7038e-03 7.6631e-01 1.3079e+04 2.2283e+01 1.9348e+00
6.4902e+01 1.3082e+04 1.7002e-03 7.6456e-01 1.3082e+04 2.2241e+01 1.9303e+00
6.5294e+01 1.3084e+04 1.6963e-03 7.6276e-01 1.3084e+04 2.2195e+01 1.9257e+00
6.5686e+01 1.3086e+04 1.6922e-03 7.6091e-01 1.3086e+04 2.2144e+01 1.9210e+00
6.6078e+01 1.3088e+04 1.6878e-03 7.5900e-01 1.3088e+04 2.2090e+01 1.9161e+00
6.6471e+01 1.3090e+04 1.6832e-03 7.5704e-01 1.3090e+04 2.2033e+01 1.9111e+00
6.6863e+01 1.3091e+04 1.6783e-03 7.5502e-01 1.3091e+04 2.1971e+01 1.9060e+00
6.7255e+01 1.3092e+04 1.6732e-03 7.5294e-01 1.3092e+04 2.1906e+01 1.9007e+00
6.7647e+01 1.3093e+04 1.6679e-03 7.5081e-01 1.3093e+04 2.1837e+01 1.8952e+00
6.8039e+01 1.3094e+04 1.6623e-03 7.4862e-01 1.3094e+04 2.1765e+01 1.8897e+00
6.8431e+01 1.3094e+04 1.6564e-03 7.4638e-01 1.3094e+04 2.1689e+01 1.8839e+00
6.8824e+01 1.3094e+04 1.6504e-03 7.4407e-01 1.3094e+04 2.1610e+01 1.8780e+00
6.9216e+01 1.3094e+04 1.6441e-03 7.4170e-01 1.3094e+04 2.1527e+01 1.8719e+00
6.9608e+01 1.3094e+04 1.6375e-03 7.3926e-01 1.3094e+04 2.1441e+01 1.8657e+00
7.0000e+01 1.3093e+04 1.6307e-03 7.3676e-01 1.3093e+04 2.1351e+01 1.8593e+00
7.0392e+01 1.3092e+04 1.6237e-03 7.3420e-01 1.3092e+04 2.1258e+01 1.8527e+00
7.0784e+01 1.3092e+04 1.6164e-03 7.3156e-01 1.3092e+04 2.1161e+01 1.8460e+00
7.1176e+01 1.3090e+04 1.6089e-03 7.2886e-01 1.3090e+04 2.1061e+01 1.8391e+00
7.1569e+01 1.3089e+04 1.6011e-03 7.2608e-01 1.3089e+04 2.0957e+01 1.8320e+00
7.1961e+01 1.3088e+04 1.5931e-03 7.2323e-01 1.3088e+04 2.0850e+01 1.8247e+00
7.2353e+01 1.3086e+04 1.5848e-03 7.2031e-01 1.3086e+04 2.0739e+01 1.8172e+00
7.2745e+01 1.3084e+04 1.5763e-03 7.1731e-01 1.3084e+04 2.0624e+01 1.8095e+00
7.3137e+01 1.3082e+04 1.5675e-03 7.1423e-01 1.3082e+04 2.0506e+01 1.8016e+00
7.3529e+01 1.3080e+04 1.5585e-03 7.1107e-01 1.3080e+04 2.0384e+01 1.7935e+00
7.3922e+01 1.3077e+04 1.5492e-03 7.0782e-01 1.3077e+04 2.0259e+01 1.7852e+00
7.4314e+01 1.3075e+04 1.5396e-03 7.0449e-01 1.3075e+04 2.0130e+01 1.7767e+00
7.4706e+01 1.3072e+04 1.5298e-03 7.0108e-01 1.3072e+04 1.9997e+01 1.7680e+00
7.5098e+01 1.3069e+04 1.5197e-03 6.9758e-01 1.3069e+04 1.9861e+01 1.7590e+00
7.5490e+01 1.3066e+04 1.5093e-03 6.9398e-01 1.3066e+04 1.9721e+01 1.7498e+00
7.5882e+01 1.3063e+04 1.4987e-03 6.9030e-01 1.3063e+04 1.9577e+01 1.7404e+00
7.6275e+01 1.3059e+04 1.4878e-03 6.8652e-01 1.3059e+04 1.9430e+01 1.7307e+00
7.6667e+01 1.3056e+04 1.4767e-03 6.8264e-01 1.3056e+04 1.9279e+01 1.7208e+00
7.7059e+01 1.3052e+04 1.4652e-03 6.7866e-01 1.3052e+04 1.9123e+01 1.7107e+00
7.7451e+01 1.3048e+04 1.4535e-03 6.7459e-01 1.3048e+04 1.8965e+01 1.7003e+00
7.7843e+01 1.3044e+04 1.4415e-03 6.7041e-01 1.3044e+04 1.8802e+01 1.6896e+00
7.8235e+01 1.3039e+04 1.4292e-03 6.6613e-01 1.3039e+04 1.8636e+01 1.6786e+00
7.8627e+01 1.3035e+04 1.4166e-03 6.6173e-01 1.3035e+04 1.8465e+01 1.6674e+00
7.9020e+01 1.3030e+04 1.4037e-03 6.5723e-01 1.3030e+04 1.8291e+01 1.6559e+00
7.9412e+01 1.3026e+04 1.3905e-03 6.5262e-01 1.3026e+04 1.8113e+01 1.6442e+00
7.9804e+01 1.3021e+04 1.3771e-03 6.4790e-01 1.3021e+04 1.7931e+01 1.6321e+00
8.0196e+01 1.3016e+04 1.3633e-03 6.4306e-01 1.3016e+04 1.7745e+01 1.6197e+00
8.0588e+01 1.3010e+04 1.3493e-03 6.3810e-01 1.3010e+04 1.7555e+01 1.6071e+00
8.0980e+01 1.3005e+04 1.3349e-03 6.3302e-01 1.3005e+04 1.7361e+01 1.5941e+00
8.1373e+01 1.3000e+04 1.3203e-03 6.2782e-01 1.3000e+04 1.7163e+01 1.5809e+00
8.1765e+01 1.2994e+04 1.3053e-03 6.2250e-01 1.2994e+04 1.6961e+01 1.5673e+00
8.2157e+01 1.2988e+04 1.2900e-03 6.1705e-01 1.2988e+04 1.6755e+01 1.5534e+00
8.2549e+01 1.2982e+04 1.2744e-03 6.1147e-01 1.2982e+04 1.6545e+01 1.5392e+00
8.2941e+01 1.2976e+04 1.2585e-03 6.0576e-01 1.2976e+04 1.6330e+01 1.5247e+00
8.3333e+01 1.2970e+04 1.2423e-03 5.9991e-01 1.2970e+04 1.6112e+01 1.5098e+00
8.3725e+01 1.2963e+04 1.2257e-03 5.9393e-01 1.2963e+04 1.5890e+01 1.4946e+00
8.4118e+01 1.2957e+04 1.2089e-03 5.8782e-01 1.2957e+04 1.5663e+01 1.4790e+00
8.4510e+01 1.2950e+04 1.1917e-03 5.8156e-01 1.2950e+04 1.5432e+01 1.4631e+00
8.4902e+01 1.2943e+04 1.1742e-03 5.7516e-01 1.2943e+04 1.5197e+01 1.4468e+00
8.5294e+01 1.2936e+04 1.1563e-03 5.6862e-01 1.2936e+04 1.4958e+01 1.4302e+00
8.5686e+01 1.2929e+04 1.1381e-03 5.6193e-01 1.2929e+04 1.4715e+01 1.4132e+00
8.6078e+01 1.2922e+04 1.1196e-03 5.5509e-01 1.2922e+04 1.4468e+01 1.3958e+00
8.6471e+01 1.2915e+04 1.1007e-03 5.4809e-01 1.2915e+04 1.4216e+01 1.3781e+00
8.6863e+01 1.2907e+04 1.0816e-03 5.4095e-01 1.2907e+04 1.3960e+01 1.3599e+00
8.7255e+01 1.2899e+04 1.0620e-03 5.3365e-01 1.2899e+04 1.3699e+01 1.3414e+00
8.7647e+01 1.2892e+04 1.0421e-03 5.2619e-01 1.2892e+04 1.3435e+01 1.3225e+00
8.8039e+01 1.2884e+04 1.0219e-03 5.1856e-01 1.2884e+04 1.3166e+01 1.3031e+00
8.8431e+01 1.2876e+04 1.0013e-03 5.1078e-01 1.2876e+04 1.2892e+01 1.2834e+00
8.8824e+01 1.2867e+04 9.8037e-04 5.0283e-01 1.2867e+04 1.2615e+01 1.2632e+00
8.9216e+01 1.2859e+04 9.5907e-04 4.9470e-01 1.2859e+04 1.2333e+01 1.2427e+00
8.9608e+01 1.2851e+04 9.3741e-04 4.8641e-01 1.2851e+04 1.2046e+01 1.2217e+00
9.0000e+01 1.2842e+04 9.1539e-04 4.7794e-01 1.2842e+04 1.1755e+01 1.2002e+00
9.0392e+01 1.2833e+04 8.9300e-04 4.6929e-01 1.2833e+04 1.1460e+01 1.1783e+00
9.0784e+01 1.2824e+04 8.7024e-04 4.6046e-01 1.2824e+04 1.1160e+01 1.1560e+00
9.1176e+01 1.2815e+04 8.4712e-04 4.5144e-01 1.2815e+04 1.0856e+01 1.1332e+00
9.1569e+01 1.2806e+04 8.2363e-04 4.4223e-01 1.2806e+04 1.0548e+01 1.1099e+00
9.1961e+01 1.2797e+04 7.9978e-04 4.3281e-01 1.2797e+04 1.0235e+01 1.0861e+00
9.2353e+01 1.2788e+04 7.7557e-04 4.2318e-01 1.2788e+04 9.9177e+00 1.0618e+00
9.2745e+01 1.2778e+04 7.5102e-04 4.1331e-01 1.2778e+04 9.5966e+00 1.0369e+00
9.3137e+01 1.2768e+04 7.2615e-04 4.0320e-01 1.2768e+04 9.2717e+00 1.0114e+00
9.3529e+01 1.2758e+04 7.0099e-04 3.9280e-01 1.2758e+04 8.9435e+00 9.8515e-01
9.3922e+01 1.2748e+04 6.7558e-04 3.8209e-01 1.2748e+04 8.6125e+00 9.5814e-01
9.4314e+01 1.2738e+04 6.4998e-04 3.7101e-01 1.2738e+04 8.2796e+00 9.3020e-01
9.4706e+01 1.2728e+04 6.2430e-04 3.5949e-01 1.2728e+04 7.9459e+00 9.0120e-01
9.5098e+01 1.2717e+04 5.9862e-04 3.4745e-01 1.2717e+04 7.6127e+00 8.7091e-01
9.5490e+01 1.2706e+04 5.7308e-04 3.3482e-01 1.2706e+04 7.2817e+00 8.3913e-01
9.5882e+01 1.2695e+04 5.4784e-04 3.2148e-01 1.2695e+04 6.9549e+00 8.0561e-01
9.6275e+01 1.2684e+04 5.2307e-04 3.0733e-01 1.2684e+04 6.6344e+00 7.7007e-01
9.6667e+01 1.2672e+04 4.9895e-04 2.9227e-01 1.2672e+04 6.3225e+00 7.3226e-01
9.7059e+01 1.2659e+04 4.7566e-04 2.7621e-01 1.2659e+04 6.0214e+00 6.9195e-01
9.7451e+01 1.2646e+04 4.5336e-04 2.5906e-01 1.2646e+04 5.7333e+00 6.4896e-01
9.7843e+01 1.2633e+04 4.3214e-04 2.4079e-01 1.2633e+04 5.4592e+00 6.0315e-01
9.8235e+01 1.2619e+04 4.1225e-04 2.2140e-01 1.2619e+04 5.2022e+00 5.5457e-01
9.8627e+01 1.2604e+04 3.9304e-04 2.0082e-01 1.2604e+04 4.9537e+00 5.0303e-01
9.9020e+01 1.2590e+04 3.7711e-04 1.7954e-01 1.2590e+04 4.7480e+00 4.4975e-01
9.9412e+01 1.2560e+04 3.5366e-04 1.5621e-01 1.2560e+04 4.4420e+00 3.9131e-01
9.9804e+01 1.2754e+04 3.7016e-04 1.3634e-01 1.2754e+04 4.7212e+00 3.4173e-01
