# # x Density Velocity Pressure q0 q1 q2
1.9608e-01 1.0000e+05 9.4575e-15 1.0000e+00 1.0000e+05 9.4575e-10 2.5000e+00
5.8824e-01 1.0000e+05 1.2526e-14 1.0000e+00 1.0000e+05 1.2526e-09 2.5000e+00
9.8039e-01 1.0000e+05 1.6003e-14 1.0000e+00 1.0000e+05 1.6003e-09 2.5000e+00
1.3725e+00 1.0000e+05 2.1574e-14 1.0000e+00 1.0000e+05 2.1574e-09 2.5000e+00
1.7647e+00 1.0000e+05 3.0166e-14 1.0000e+00 1.0000e+05 3.0166e-09 2.5000e+00
2.1569e+00 1.0000e+05 4.2902e-14 1.0000e+00 1.0000e+05 4.2902e-09 2.5000e+00
2.5490e+00 1.0000e+05 6.1394e-14 1.0000e+00 1.0000e+05 6.1394e-09 2.5000e+00
2.9412e+00 1.0000e+05 8.7948e-14 1.0000e+00 1.0000e+05 8.7948e-09 2.5000e+00
3.3333e+00 1.0000e+05 1.2583e-13 1.0000e+00 1.0000e+05 1.2583e-08 2.5000e+00
3.7255e+00 1.0000e+05 1.7963e-13 1.0000e+00 1.0000e+05 1.7963e-08 2.5000e+00
4.1176e+00 1.0000e+05 2.5575e-13 1.0000e+00 1.0000e+05 2.5575e-08 2.5000e+00
4.5098e+00 1.0000e+05 3.6309e-13 1.0000e+00 1.0000e+05 3.6309e-08 2.5000e+00
4.9020e+00 1.0000e+05 5.1396e-13 1.0000e+00 1.0000e+05 5.1396e-08 2.5000e+00
5.2941e+00 1.0000e+05 7.2534e-13 1.0000e+00 1.0000e+05 7.2534e-08 2.5000e+00
5.6863e+00 1.0000e+05 1.0206e-12 1.0000e+00 1.0000e+05 1.0206e-07 2.5000e+00
6.0784e+00 1.0000e+05 1.4317e-12 1.0000e+00 1.0000e+05 1.4317e-07 2.5000e+00
6.4706e+00 1.0000e+05 2.0024e-12 1.0000e+00 1.0000e+05 2.0024e-07 2.5000e+00
6.8627e+00 1.0000e+05 2.7921e-12 1.0000e+00 1.0000e+05 2.7921e-07 2.5000e+00
7.2549e+00 1.0000e+05 3.8814e-12 1.0000e+00 1.0000e+05 3.8814e-07 2.5000e+00
7.6471e+00 1.0000e+05 5.3794e-12 1.0000e+00 1.0000e+05 5.3794e-07 2.5000e+00
8.0392e+00 1.0000e+05 7.4330e-12 1.0000e+00 1.0000e+05 7.4330e-07 2.5000e+00
8.4314e+00 1.0000e+05 1.0240e-11 1.0000e+00 1.0000e+05 1.0240e-06 2.5000e+00
8.8235e+00 1.0000e+05 1.4063e-11 1.0000e+00 1.0000e+05 1.4063e-06 2.5000e+00
9.2157e+00 1.0000e+05 1.9256e-11 1.0000e+00 1.0000e+05 1.9256e-06 2.5000e+00
9.6078e+00 1.0000e+05 2.6286e-11 1.0000e+00 1.0000e+05 2.6286e-06 2.5000e+00
1.0000e+01 1.0000e+05 3.5774e-11 1.0000e+00 1.0000e+05 3.5774e-06 2.5000e+00
1.0392e+01 1.0000e+05 4.8539e-11 1.0000e+00 1.0000e+05 4.8539e-06 2.5000e+00
1.0784e+01 1.0000e+05 6.5660e-11 1.0000e+00 1.0000e+05 6.5660e-06 2.5000e+00
1.1176e+01 1.0000e+05 8.8550e-11 1.0000e+00 1.0000e+05 8.8550e-06 2.5000e+00
1.1569e+01 1.0000e+05 1.1906e-10 1.0000e+00 1.0000e+05 1.1906e-05 2.5000e+00
1.1961e+01 1.0000e+05 1.5959e-10 1.0000e+00 1.0000e+05 1.5959e-05 2.5000e+00
1.2353e+01 1.0000e+05 2.1328e-10 1.0000e+00 1.0000e+05 2.1328e-05 2.5000e+00
1.2745e+01 1.0000e+05 2.8416e-10 1.0000e+00 1.0000e+05 2.8416e-05 2.5000e+00
1.3137e+01 1.0000e+05 3.7744e-10 1.0000e+00 1.0000e+05 3.7744e-05 2.5000e+00
1.3529e+01 1.0000e+05 4.9983e-10 1.0000e+00 1.0000e+05 4.9983e-05 2.5000e+00
1.3922e+01 1.0000e+05 6.5990e-10 1.0000e+00 1.0000e+05 6.5990e-05 2.5000e+00
1.4314e+01 1.0000e+05 8.6859e-10 1.0000e+00 1.0000e+05 8.6859e-05 2.5000e+00
1.4706e+01 1.0000e+05 1.1398e-09 1.0000e+00 1.0000e+05 1.1398e-04 2.5000e+00
1.5098e+01 1.0000e+05 1.4912e-09 1.0000e+00 1.0000e+05 1.4912e-04 2.5000e+00
1.5490e+01 1.0000e+05 1.9450e-09 1.0000e+00 1.0000e+05 1.9450e-04 2.5000e+00
1.5882e+01 1.0000e+05 2.5292e-09 1.0000e+00 1.0000e+05 2.5292e-04 2.5000e+00
1.6275e+01 1.0000e+05 3.2789e-09 9.9999e-01 1.0000e+05 3.2789e-04 2.5000e+00
1.6667e+01 1.0000e+05 4.2380e-09 9.9999e-01 1.0000e+05 4.2380e-04 2.5000e+00
1.7059e+01 1.0000e+05 5.4611e-09 9.9999e-01 1.0000e+05 5.4611e-04 2.5000e+00
1.7451e+01 1.0000e+05 7.0159e-09 9.9999e-01 1.0000e+05 7.0159e-04 2.5000e+00
1.7843e+01 1.0000e+05 8.9862e-09 9.9998e-01 1.0000e+05 8.9862e-04 2.5000e+00
1.8235e+01 1.0000e+05 1.1475e-08 9.9998e-01 1.0000e+05 1.1475e-03 2.5000e+00
1.8627e+01 1.0000e+05 1.4609e-08 9.9998e-01 1.0000e+05 1.4609e-03 2.4999e+00
1.9020e+01 1.0000e+05 1.8543e-08 9.9997e-01 1.0000e+05 1.8542e-03 2.4999e+00
1.9412e+01 1.0000e+05 2.3465e-08 9.9996e-01 1.0000e+05 2.3464e-03 2.4999e+00
1.9804e+01 1.0000e+05 2.9604e-08 9.9995e-01 1.0000e+05 2.9604e-03 2.4999e+00
2.0196e+01 1.0000e+05 3.7237e-08 9.9994e-01 1.0000e+05 3.7237e-03 2.4999e+00
2.0588e+01 1.0000e+05 4.6698e-08 9.9993e-01 1.0000e+05 4.6698e-03 2.4998e+00
2.0980e+01 1.0000e+05 5.8386e-08 9.9991e-01 1.0000e+05 5.8386e-03 2.4998e+00
2.1373e+01 1.0000e+05 7.2782e-08 9.9989e-01 1.0000e+05 7.2782e-03 2.4997e+00
2.1765e+01 9.9999e+04 9.0456e-08 9.9986e-01 9.9999e+04 9.0456e-03 2.4997e+00
2.2157e+01 9.9999e+04 1.1209e-07 9.9983e-01 9.9999e+04 1.1209e-02 2.4996e+00
2.2549e+01 9.9999e+04 1.3847e-07 9.9980e-01 9.9999e+04 1.3847e-02 2.4995e+00
2.2941e+01 9.9999e+04 1.7057e-07 9.9975e-01 9.9999e+04 1.7056e-02 2.4994e+00
2.3333e+01 9.9999e+04 2.0947e-07 9.9970e-01 9.9999e+04 2.0947e-02 2.4992e+00
2.3725e+01 9.9998e+04 2.5648e-07 9.9963e-01 9.9998e+04 2.5648e-02 2.4991e+00
2.4118e+01 9.9998e+04 3.1311e-07 9.9956e-01 9.9998e+04 3.1311e-02 2.4989e+00
2.4510e+01 9.9997e+04 3.8112e-07 9.9947e-01 9.9997e+04 3.8111e-02 2.4987e+00
2.4902e+01 9.9997e+04 4.6253e-07 9.9936e-01 9.9997e+04 4.6252e-02 2.4984e+00
2.5294e+01 9.9996e+04 5.5968e-07 9.9924e-01 9.9996e+04 5.5966e-02 2.4981e+00
2.5686e+01 9.9995e+04 6.7524e-07 9.9909e-01 9.9995e+04 6.7521e-02 2.4977e+00
2.6078e+01 9.9994e+04 8.1228e-07 9.9892e-01 9.9994e+04 8.1223e-02 2.4973e+00
2.6471e+01 9.9993e+04 9.7427e-07 9.9872e-01 9.9993e+04 9.7419e-02 2.4968e+00
2.6863e+01 9.9991e+04 1.1652e-06 9.9848e-01 9.9991e+04 1.1651e-01 2.4962e+00
2.7255e+01 9.9989e+04 1.3894e-06 9.9821e-01 9.9989e+04 1.3892e-01 2.4955e+00
2.7647e+01 9.9987e+04 1.6520e-06 9.9790e-01 9.9987e+04 1.6518e-01 2.4947e+00
2.8039e+01 9.9985e+04 1.9585e-06 9.9754e-01 9.9985e+04 1.9582e-01 2.4939e+00
2.8431e+01 9.9982e+04 2.3153e-06 9.9713e-01 9.9982e+04 2.3149e-01 2.4928e+00
2.8824e+01 9.9978e+04 2.7291e-06 9.9666e-01 9.9978e+04 2.7286e-01 2.4916e+00
2.9216e+01 9.9974e+04 3.2078e-06 9.9612e-01 9.9974e+04 3.2070e-01 2.4903e+00
2.9608e+01 9.9969e+04 3.7597e-06 9.9551e-01 9.9969e+04 3.7585e-01 2.4888e+00
3.0000e+01 9.9964e+04 4.3940e-06 9.9482e-01 9.9964e+04 4.3924e-01 2.4870e+00
3.0392e+01 9.9957e+04 5.1209e-06 9.9404e-01 9.9957e+04 5.1187e-01 2.4851e+00
3.0784e+01 9.9950e+04 5.9513e-06 9.9316e-01 9.9950e+04 5.9483e-01 2.4829e+00
3.1176e+01 9.9941e+04 6.8969e-06 9.9218e-01 9.9941e+04 6.8928e-01 2.4804e+00
3.1569e+01 9.9931e+04 7.9706e-06 9.9108e-01 9.9931e+04 7.9651e-01 2.4777e+00
3.1961e+01 9.9919e+04 9.1860e-06 9.8985e-01 9.9919e+04 9.1786e-01 2.4746e+00
3.2353e+01 9.9906e+04 1.0558e-05 9.8850e-01 9.9906e+04 1.0548e+00 2.4712e+00
3.2745e+01 9.9891e+04 1.2101e-05 9.8699e-01 9.9891e+04 1.2088e+00 2.4675e+00
3.3137e+01 9.9874e+04 1.3832e-05 9.8533e-01 9.9874e+04 1.3814e+00 2.4633e+00
3.3529e+01 9.9855e+04 1.5768e-05 9.8351e-01 9.9855e+04 1.5745e+00 2.4588e+00
3.3922e+01 9.9833e+04 1.7927e-05 9.8151e-01 9.9833e+04 1.7897e+00 2.4538e+00
3.4314e+01 9.9808e+04 2.0327e-05 9.7933e-01 9.9808e+04 2.0288e+00 2.4483e+00
3.4706e+01 9.9781e+04 2.2988e-05 9.7695e-01 9.9781e+04 2.2937e+00 2.4424e+00
3.5098e+01 9.9749e+04 2.5928e-05 9.7438e-01 9.9749e+04 2.5863e+00 2.4360e+00
3.5490e+01 9.9715e+04 2.9170e-05 9.7159e-01 9.9715e+04 2.9086e+00 2.4290e+00
3.5882e+01 9.9676e+04 3.2731e-05 9.6858e-01 9.9676e+04 3.2625e+00 2.4215e+00
3.6275e+01 9.9633e+04 3.6634e-05 9.6534e-01 9.9633e+04 3.6500e+00 2.4134e+00
3.6667e+01 9.9585e+04 4.0899e-05 9.6188e-01 9.9585e+04 4.0729e+00 2.4048e+00
3.7059e+01 9.9532e+04 4.5545e-05 9.5817e-01 9.9532e+04 4.5332e+00 2.3955e+00
3.7451e+01 9.9473e+04 5.0594e-05 9.5423e-01 9.9473e+04 5.0327e+00 2.3857e+00
3.7843e+01 9.9409e+04 5.6064e-05 9.5005e-01 9.9409e+04 5.5732e+00 2.3753e+00
3.8235e+01 9.9338e+04 6.1975e-05 9.4562e-01 9.9338e+04 6.1564e+00 2.3642e+00
3.8627e+01 9.9260e+04 6.8344e-05 9.4095e-01 9.9260e+04 6.7838e+00 2.3526e+00
3.9020e+01 9.9176e+04 7.5188e-05 9.3603e-01 9.9176e+04 7.4569e+00 2.3404e+00
3.9412e+01 9.9084e+04 8.2524e-05 9.3088e-01 9.9084e+04 8.1768e+00 2.3275e+00
3.9804e+01 9.8984e+04 9.0366e-05 9.2549e-01 9.8984e+04 8.9447e+00 2.3141e+00
4.0196e+01 9.8875e+04 9.8725e-05 9.1988e-01 9.8875e+04 9.7615e+00 2.3002e+00
4.0588e+01 9.8758e+04 1.0761e-04 9.1404e-01 9.8758e+04 1.0628e+01 2.2857e+00
4.0980e+01 9.8632e+04 1.1704e-04 9.0800e-01 9.8632e+04 1.1544e+01 2.2707e+00
4.1373e+01 9.8496e+04 1.2701e-04 9.0176e-01 9.8496e+04 1.2510e+01 2.2552e+00
4.1765e+01 9.8350e+04 1.3753e-04 8.9533e-01 9.8350e+04 1.3526e+01 2.2393e+00
4.2157e+01 9.8194e+04 1.4862e-04 8.8874e-01 9.8194e+04 1.4594e+01 2.2229e+00
4.2549e+01 9.8026e+04 1.6020e-04 8.8196e-01 9.8026e+04 1.5703e+01 2.2062e+00
4.2941e+01 9.7853e+04 1.7253e-04 8.7512e-01 9.7853e+04 1.6882e+01 2.1892e+00
4.3333e+01 9.7652e+04 1.8479e-04 8.6794e-01 9.7652e+04 1.8046e+01 2.1715e+00
4.3725e+01 9.7486e+04 1.9928e-04 8.6123e-01 9.7486e+04 1.9427e+01 2.1550e+00
4.4118e+01 9.7189e+04 2.0995e-04 8.5295e-01 9.7189e+04 2.0405e+01 2.1345e+00
4.4510e+01 9.7166e+04 2.3144e-04 8.4811e-01 9.7166e+04 2.2488e+01 2.1229e+00
4.4902e+01 9.6511e+04 2.3107e-04 8.3564e-01 9.6511e+04 2.2301e+01 2.0917e+00
4.5294e+01 9.7059e+04 2.7481e-04 8.3786e-01 9.7059e+04 2.6673e+01 2.0983e+00
4.5686e+01 9.5477e+04 2.4287e-04 8.1455e-01 9.5477e+04 2.3188e+01 2.0392e+00
4.6078e+01 9.7111e+04 3.2689e-04 8.2976e-01 9.7111e+04 3.1744e+01 2.0796e+00
4.6471e+01 9.4552e+04 2.6223e-04 7.9557e-01 9.4552e+04 2.4794e+01 1.9922e+00
4.6863e+01 9.6395e+04 3.5517e-04 8.1314e-01 9.6395e+04 3.4237e+01 2.0389e+00
4.7255e+01 9.4686e+04 3.2411e-04 7.9005e-01 9.4686e+04 3.0688e+01 1.9801e+00
4.7647e+01 9.4827e+04 3.5645e-04 7.8758e-01 9.4827e+04 3.3801e+01 1.9750e+00
4.8039e+01 9.4502e+04 3.7619e-04 7.8105e-01 9.4502e+04 3.5551e+01 1.9593e+00
4.8431e+01 9.4270e+04 4.0406e-04 7.7715e-01 9.4270e+04 3.8091e+01 1.9506e+00
4.8824e+01 9.5110e+04 3.9570e-04 7.6163e-01 9.5110e+04 3.7635e+01 1.9115e+00
4.9216e+01 8.3347e+04 4.3878e-04 7.6278e-01 8.3347e+04 3.6571e+01 1.9150e+00
4.9608e+01 1.2744e+05 4.5083e-04 7.5260e-01 1.2744e+05 5.7455e+01 1.8945e+00
5.0000e+01 5.7383e+04 4.6193e-04 7.4676e-01 5.7383e+04 2.6507e+01 1.8730e+00
5.0392e+01 2.0252e+04 4.8032e-04 7.4442e-01 2.0252e+04 9.7276e+00 1.8634e+00
5.0784e+01 1.0189e+04 5.0510e-04 7.4169e-01 1.0189e+04 5.1467e+00 1.8555e+00
5.1176e+01 8.6774e+03 6.3313e-04 7.4499e-01 8.6774e+03 5.4939e+00 1.8642e+00
5.1569e+01 8.8505e+03 7.2591e-04 7.4401e-01 8.8505e+03 6.4247e+00 1.8624e+00
5.1961e+01 9.4624e+03 7.5850e-04 7.3842e-01 9.4624e+03 7.1772e+00 1.8488e+00
5.2353e+01 9.9889e+03 8.3571e-04 7.3896e-01 9.9889e+03 8.3478e+00 1.8509e+00
5.2745e+01 1.0534e+04 9.4712e-04 7.4435e-01 1.0534e+04 9.9767e+00 1.8656e+00
5.3137e+01 1.0856e+04 9.9272e-04 7.4407e-01 1.0856e+04 1.0777e+01 1.8655e+00
5.3529e+01 1.1079e+04 9.8044e-04 7.3834e-01 1.1079e+04 1.0862e+01 1.8512e+00
5.3922e+01 1.1244e+04 9.9006e-04 7.3552e-01 1.1244e+04 1.1133e+01 1.8443e+00
5.4314e+01 1.1457e+04 1.0523e-03 7.3882e-01 1.1457e+04 1.2056e+01 1.8534e+00
5.4706e+01 1.1637e+04 1.1202e-03 7.4317e-01 1.1637e+04 1.3036e+01 1.8652e+00
5.5098e+01 1.1762e+04 1.1490e-03 7.4358e-01 1.1762e+04 1.3514e+01 1.8667e+00
5.5490e+01 1.1819e+04 1.1408e-03 7.4020e-01 1.1819e+04 1.3484e+01 1.8582e+00
5.5882e+01 1.1871e+04 1.1314e-03 7.3637e-01 1.1871e+04 1.3432e+01 1.8485e+00
5.6275e+01 1.1952e+04 1.1535e-03 7.3631e-01 1.1952e+04 1.3787e+01 1.8487e+00
5.6667e+01 1.2069e+04 1.2082e-03 7.4012e-01 1.2069e+04 1.4581e+01 1.8591e+00
5.7059e+01 1.2185e+04 1.2677e-03 7.4470e-01 1.2185e+04 1.5446e+01 1.8715e+00
5.7451e+01 1.2268e+04 1.3050e-03 7.4695e-01 1.2268e+04 1.6010e+01 1.8778e+00
5.7843e+01 1.2306e+04 1.3126e-03 7.4594e-01 1.2306e+04 1.6154e+01 1.8755e+00
5.8235e+01 1.2319e+04 1.3019e-03 7.4290e-01 1.2319e+04 1.6037e+01 1.8677e+00
5.8627e+01 1.2337e+04 1.2962e-03 7.4011e-01 1.2337e+04 1.5992e+01 1.8606e+00
5.9020e+01 1.2392e+04 1.3201e-03 7.4089e-01 1.2392e+04 1.6360e+01 1.8630e+00
5.9412e+01 1.2491e+04 1.3789e-03 7.4582e-01 1.2491e+04 1.7225e+01 1.8764e+00
5.9804e+01 1.2618e+04 1.4594e-03 7.5342e-01 1.2618e+04 1.8415e+01 1.8970e+00
6.0196e+01 1.2748e+04 1.5428e-03 7.6156e-01 1.2748e+04 1.9668e+01 1.9191e+00
6.0588e+01 1.2860e+04 1.6140e-03 7.6844e-01 1.2860e+04 2.0757e+01 1.9379e+00
6.0980e+01 1.2944e+04 1.6655e-03 7.7312e-01 1.2944e+04 2.1559e+01 1.9508e+00
6.1373e+01 1.2999e+04 1.6971e-03 7.7551e-01 1.2999e+04 2.2061e+01 1.9575e+00
6.1765e+01 1.3032e+04 1.7130e-03 7.7608e-01 1.3032e+04 2.2323e+01 1.9593e+00
6.2157e+01 1.3049e+04 1.7188e-03 7.7550e-01 1.3049e+04 2.2429e+01 1.9580e+00
6.2549e+01 1.3058e+04 1.7196e-03 7.7432e-01 1.3058e+04 2.2455e+01 1.9551e+00
6.2941e+01 1.3064e+04 1.7182e-03 7.7292e-01 1.3064e+04 2.2447e+01 1.9516e+00
6.3333e+01 1.3069e+04 1.7160e-03 7.7143e-01 1.3069e+04 2.2426e+01 1.9478e+00
6.3725e+01 1.3073e+04 1.7134e-03 7.6987e-01 1.3073e+04 2.2399e+01 1.9439e+00
6.4118e+01 1.3077e+04 1.7104e-03 7.6826e-01 1.3077e+04 2.2367e+01 1.9398e+00
6.4510e+01 1.3080e+04 1.7072e-03 7.6659e-01 1.3080e+04 2.2330e+01 1.9355e+00
6.4902e+01 1.3083e+04 1.7038e-03 7.6487e-01 1.3083e+04 2.2290e+01 1.9312e+00
6.5294e+01 1.3085e+04 1.7000e-03 7.6310e-01 1.3085e+04 2.2245e+01 1.9267e+00
6.5686e+01 1.3088e+04 1.6960e-03 7.6128e-01 1.3088e+04 2.2196e+01 1.9220e+00
6.6078e+01 1.3090e+04 1.6917e-03 7.5940e-01 1.3090e+04 2.2144e+01 1.9172e+00
6.6471e+01 1.3091e+04 1.6872e-03 7.5747e-01 1.3091e+04 2.2088e+01 1.9123e+00
6.6863e+01 1.3093e+04 1.6825e-03 7.5549e-01 1.3093e+04 2.2028e+01 1.9072e+00
6.7255e+01 1.3094e+04 1.6775e-03 7.5345e-01 1.3094e+04 2.1965e+01 1.9020e+00
6.7647e+01 1.3095e+04 1.6723e-03 7.5135e-01 1.3095e+04 2.1898e+01 1.8967e+00
6.8039e+01 1.3095e+04 1.6668e-03 7.4920e-01 1.3095e+04 2.1827e+01 1.8912e+00
6.8431e+01 1.3096e+04 1.6611e-03 7.4699e-01 1.3096e+04 2.1753e+01 1.8856e+00
6.8824e+01 1.3096e+04 1.6551e-03 7.4472e-01 1.3096e+04 2.1676e+01 1.8797e+00
6.9216e+01 1.3096e+04 1.6490e-03 7.4239e-01 1.3096e+04 2.1595e+01 1.8738e+00
6.9608e+01 1.3096e+04 1.6425e-03 7.4000e-01 1.3096e+04 2.1511e+01 1.8677e+00
7.0000e+01 1.3096e+04 1.6359e-03 7.3755e-01 1.3096e+04 2.1423e+01 1.8614e+00
7.0392e+01 1.3095e+04 1.6290e-03 7.3503e-01 1.3095e+04 2.1331e+01 1.8549e+00
7.0784e+01 1.3094e+04 1.6218e-03 7.3244e-01 1.3094e+04 2.1237e+01 1.8483e+00
7.1176e+01 1.3093e+04 1.6145e-03 7.2978e-01 1.3093e+04 2.1138e+01 1.8415e+00
7.1569e+01 1.3092e+04 1.6068e-03 7.2706e-01 1.3092e+04 2.1036e+01 1.8345e+00
7.1961e+01 1.3090e+04 1.5990e-03 7.2426e-01 1.3090e+04 2.0931e+01 1.8274e+00
7.2353e+01 1.3089e+04 1.5908e-03 7.2139e-01 1.3089e+04 2.0822e+01 1.8200e+00
7.2745e+01 1.3087e+04 1.5825e-03 7.1845e-01 1.3087e+04 2.0710e+01 1.8125e+00
7.3137e+01 1.3085e+04 1.5739e-03 7.1542e-01 1.3085e+04 2.0594e+01 1.8048e+00
7.3529e+01 1.3083e+04 1.5650e-03 7.1232e-01 1.3083e+04 2.0475e+01 1.7968e+00
7.3922e+01 1.3081e+04 1.5559e-03 7.0914e-01 1.3081e+04 2.0352e+01 1.7887e+00
7.4314e+01 1.3078e+04 1.5465e-03 7.0588e-01 1.3078e+04 2.0225e+01 1.7803e+00
7.4706e+01 1.3075e+04 1.5368e-03 7.0253e-01 1.3075e+04 2.0095e+01 1.7718e+00
7.5098e+01 1.3073e+04 1.5269e-03 6.9909e-01 1.3073e+04 1.9961e+01 1.7630e+00
7.5490e+01 1.3070e+04 1.5168e-03 6.9557e-01 1.3070e+04 1.9823e+01 1.7539e+00
7.5882e+01 1.3066e+04 1.5063e-03 6.9195e-01 1.3066e+04 1.9682e+01 1.7447e+00
7.6275e+01 1.3063e+04 1.4956e-03 6.8825e-01 1.3063e+04 1.9537e+01 1.7352e+00
7.6667e+01 1.3059e+04 1.4847e-03 6.8444e-01 1.3059e+04 1.9389e+01 1.7255e+00
7.7059e+01 1.3056e+04 1.4734e-03 6.8055e-01 1.3056e+04 1.9236e+01 1.7155e+00
7.7451e+01 1.3052e+04 1.4619e-03 6.7655e-01 1.3052e+04 1.9080e+01 1.7053e+00
7.7843e+01 1.3048e+04 1.4501e-03 6.7246e-01 1.3048e+04 1.8920e+01 1.6949e+00
7.8235e+01 1.3044e+04 1.4380e-03 6.6826e-01 1.3044e+04 1.8757e+01 1.6841e+00
7.8627e+01 1.3039e+04 1.4256e-03 6.6395e-01 1.3039e+04 1.8589e+01 1.6731e+00
7.9020e+01 1.3035e+04 1.4130e-03 6.5954e-01 1.3035e+04 1.8418e+01 1.6619e+00
7.9412e+01 1.3030e+04 1.4000e-03 6.5503e-01 1.3030e+04 1.8243e+01 1.6503e+00
7.9804e+01 1.3025e+04 1.3868e-03 6.5040e-01 1.3025e+04 1.8064e+01 1.6385e+00
8.0196e+01 1.3020e+04 1.3733e-03 6.4565e-01 1.3020e+04 1.7881e+01 1.6264e+00
8.0588e+01 1.3015e+04 1.3595e-03 6.4080e-01 1.3015e+04 1.7694e+01 1.6140e+00
8.0980e+01 1.3010e+04 1.3454e-03 6.3582e-01 1.3010e+04 1.7503e+01 1.6013e+00
8.1373e+01 1.3005e+04 1.3309e-03 6.3073e-01 1.3005e+04 1.7308e+01 1.5883e+00
8.1765e+01 1.2999e+04 1.3162e-03 6.2551e-01 1.2999e+04 1.7110e+01 1.5750e+00
8.2157e+01 1.2993e+04 1.3012e-03 6.2017e-01 1.2993e+04 1.6907e+01 1.5614e+00
8.2549e+01 1.2988e+04 1.2859e-03 6.1471e-01 1.2988e+04 1.6700e+01 1.5475e+00
8.2941e+01 1.2982e+04 1.2702e-03 6.0911e-01 1.2982e+04 1.6489e+01 1.5333e+00
8.3333e+01 1.2975e+04 1.2543e-03 6.0339e-01 1.2975e+04 1.6275e+01 1.5187e+00
8.3725e+01 1.2969e+04 1.2380e-03 5.9753e-01 1.2969e+04 1.6056e+01 1.5038e+00
8.4118e+01 1.2963e+04 1.2214e-03 5.9154e-01 1.2963e+04 1.5833e+01 1.4885e+00
8.4510e+01 1.2956e+04 1.2045e-03 5.8541e-01 1.2956e+04 1.5605e+01 1.4729e+00
8.4902e+01 1.2949e+04 1.1873e-03 5.7914e-01 1.2949e+04 1.5374e+01 1.4570e+00
8.5294e+01 1.2942e+04 1.1697e-03 5.7273e-01 1.2942e+04 1.5139e+01 1.4407e+00
8.5686e+01 1.2935e+04 1.1518e-03 5.6618e-01 1.2935e+04 1.4899e+01 1.4240e+00
8.6078e+01 1.2928e+04 1.1336e-03 5.5948e-01 1.2928e+04 1.4656e+01 1.4070e+00
8.6471e+01 1.2921e+04 1.1151e-03 5.5263e-01 1.2921e+04 1.4408e+01 1.3896e+00
8.6863e+01 1.2914e+04 1.0962e-03 5.4564e-01 1.2914e+04 1.4156e+01 1.3718e+00
8.7255e+01 1.2906e+04 1.0769e-03 5.3848e-01 1.2906e+04 1.3899e+01 1.3537e+00
8.7647e+01 1.2898e+04 1.0574e-03 5.3118e-01 1.2898e+04 1.3639e+01 1.3352e+00
8.8039e+01 1.2891e+04 1.0375e-03 5.2371e-01 1.2891e+04 1.3374e+01 1.3162e+00
8.8431e+01 1.2883e+04 1.0172e-03 5.1609e-01 1.2883e+04 1.3104e+01 1.2969e+00
8.8824e+01 1.2875e+04 9.9661e-04 5.0830e-01 1.2875e+04 1.2831e+01 1.2771e+00
8.9216e+01 1.2866e+04 9.7566e-04 5.0034e-01 1.2866e+04 1.2553e+01 1.2570e+00
8.9608e+01 1.2858e+04 9.5435e-04 4.9222e-01 1.2858e+04 1.2271e+01 1.2364e+00
9.0000e+01 1.2849e+04 9.3268e-04 4.8392e-01 1.2849e+04 1.1984e+01 1.2154e+00
9.0392e+01 1.2841e+04 9.1066e-04 4.7544e-01 1.2841e+04 1.1694e+01 1.1939e+00
9.0784e+01 1.2832e+04 8.8828e-04 4.6678e-01 1.2832e+04 1.1398e+01 1.1720e+00
9.1176e+01 1.2823e+04 8.6554e-04 4.5794e-01 1.2823e+04 1.1099e+01 1.1496e+00
9.1569e+01 1.2814e+04 8.4246e-04 4.4889e-01 1.2814e+04 1.0795e+01 1.1268e+00
9.1961e+01 1.2805e+04 8.1903e-04 4.3963e-01 1.2805e+04 1.0488e+01 1.1034e+00
9.2353e+01 1.2796e+04 7.9529e-04 4.3014e-01 1.2796e+04 1.0176e+01 1.0794e+00
9.2745e+01 1.2786e+04 7.7124e-04 4.2041e-01 1.2786e+04 9.8612e+00 1.0548e+00
9.3137e+01 1.2777e+04 7.4693e-04 4.1038e-01 1.2777e+04 9.5431e+00 1.0295e+00
9.3529e+01 1.2767e+04 7.2240e-04 4.0004e-01 1.2767e+04 9.2227e+00 1.0034e+00
9.3922e+01 1.2757e+04 6.9773e-04 3.8932e-01 1.2757e+04 8.9007e+00 9.7640e-01
9.4314e+01 1.2747e+04 6.7300e-04 3.7816e-01 1.2747e+04 8.5784e+00 9.4827e-01
9.4706e+01 1.2736e+04 6.4832e-04 3.6648e-01 1.2736e+04 8.2571e+00 9.1887e-01
9.5098e+01 1.2725e+04 6.2383e-04 3.5419e-01 1.2725e+04 7.9385e+00 8.8796e-01
9.5490e+01 1.2714e+04 5.9968e-04 3.4121e-01 1.2714e+04 7.6245e+00 8.5531e-01
9.5882e+01 1.2703e+04 5.7602e-04 3.2743e-01 1.2703e+04 7.3172e+00 8.2068e-01
9.6275e+01 1.2691e+04 5.5303e-04 3.1276e-01 1.2691e+04 7.0186e+00 7.8385e-01
9.6667e+01 1.2679e+04 5.3087e-04 2.9713e-01 1.2679e+04 6.7309e+00 7.4460e-01
9.7059e+01 1.2666e+04 5.0968e-04 2.8046e-01 1.2666e+04 6.4557e+00 7.0279e-01
9.7451e+01 1.2653e+04 4.8958e-04 2.6272e-01 1.2653e+04 6.1948e+00 6.5831e-01
9.7843e+01 1.2639e+04 4.7059e-04 2.4390e-01 1.2639e+04 5.9479e+00 6.1115e-01
9.8235e+01 1.2625e+04 4.5294e-04 2.2407e-01 1.2625e+04 5.7184e+00 5.6146e-01
9.8627e+01 1.2609e+04 4.3555e-04 2.0316e-01 1.2609e+04 5.4919e+00 5.0910e-01
9.9020e+01 1.2597e+04 4.2220e-04 1.8184e-01 1.2597e+04 5.3184e+00 4.5573e-01
9.9412e+01 1.2559e+04 3.9769e-04 1.5834e-01 1.2559e+04 4.9947e+00 3.9685e-01
9.9804e+01 1.2815e+04 4.2753e-04 1.3917e-01 1.2815e+04 5.4786e+00 3.4911e-01
