# # x Density Velocity Pressure q0 q1 q2
1.9608e-01 1.0000e+05 1.4639e-14 1.0000e+00 1.0000e+05 1.4639e-09 2.5000e+00
5.8824e-01 1.0000e+05 1.9367e-14 1.0000e+00 1.0000e+05 1.9367e-09 2.5000e+00
9.8039e-01 1.0000e+05 2.4585e-14 1.0000e+00 1.0000e+05 2.4585e-09 2.5000e+00
1.3725e+00 1.0000e+05 3.2888e-14 1.0000e+00 1.0000e+05 3.2888e-09 2.5000e+00
1.7647e+00 1.0000e+05 4.5643e-14 1.0000e+00 1.0000e+05 4.5643e-09 2.5000e+00
2.1569e+00 1.0000e+05 6.4460e-14 1.0000e+00 1.0000e+05 6.4460e-09 2.5000e+00
2.5490e+00 1.0000e+05 9.1632e-14 1.0000e+00 1.0000e+05 9.1632e-09 2.5000e+00
2.9412e+00 1.0000e+05 1.3042e-13 1.0000e+00 1.0000e+05 1.3042e-08 2.5000e+00
3.3333e+00 1.0000e+05 1.8544e-13 1.0000e+00 1.0000e+05 1.8544e-08 2.5000e+00
3.7255e+00 1.0000e+05 2.6310e-13 1.0000e+00 1.0000e+05 2.6310e-08 2.5000e+00
4.1176e+00 1.0000e+05 3.7231e-13 1.0000e+00 1.0000e+05 3.7231e-08 2.5000e+00
4.5098e+00 1.0000e+05 5.2537e-13 1.0000e+00 1.0000e+05 5.2537e-08 2.5000e+00
4.9020e+00 1.0000e+05 7.3923e-13 1.0000e+00 1.0000e+05 7.3923e-08 2.5000e+00
5.2941e+00 1.0000e+05 1.0371e-12 1.0000e+00 1.0000e+05 1.0371e-07 2.5000e+00
5.6863e+00 1.0000e+05 1.4506e-12 1.0000e+00 1.0000e+05 1.4506e-07 2.5000e+00
6.0784e+00 1.0000e+05 2.0231e-12 1.0000e+00 1.0000e+05 2.0231e-07 2.5000e+00
6.4706e+00 1.0000e+05 2.8131e-12 1.0000e+00 1.0000e+05 2.8131e-07 2.5000e+00
6.8627e+00 1.0000e+05 3.8999e-12 1.0000e+00 1.0000e+05 3.8999e-07 2.5000e+00
7.2549e+00 1.0000e+05 5.3905e-12 1.0000e+00 1.0000e+05 5.3905e-07 2.5000e+00
7.6471e+00 1.0000e+05 7.4288e-12 1.0000e+00 1.0000e+05 7.4288e-07 2.5000e+00
8.0392e+00 1.0000e+05 1.0207e-11 1.0000e+00 1.0000e+05 1.0207e-06 2.5000e+00
8.4314e+00 1.0000e+05 1.3983e-11 1.0000e+00 1.0000e+05 1.3983e-06 2.5000e+00
8.8235e+00 1.0000e+05 1.9098e-11 1.0000e+00 1.0000e+05 1.9098e-06 2.5000e+00
9.2157e+00 1.0000e+05 2.6007e-11 1.0000e+00 1.0000e+05 2.6007e-06 2.5000e+00
9.6078e+00 1.0000e+05 3.5310e-11 1.0000e+00 1.0000e+05 3.5310e-06 2.5000e+00
1.0000e+01 1.0000e+05 4.7797e-11 1.0000e+00 1.0000e+05 4.7797e-06 2.5000e+00
1.0392e+01 1.0000e+05 6.4508e-11 1.0000e+00 1.0000e+05 6.4508e-06 2.5000e+00
1.0784e+01 1.0000e+05 8.6800e-11 1.0000e+00 1.0000e+05 8.6800e-06 2.5000e+00
1.1176e+01 1.0000e+05 1.1645e-10 1.0000e+00 1.0000e+05 1.1645e-05 2.5000e+00
1.1569e+01 1.0000e+05 1.5576e-10 1.0000e+00 1.0000e+05 1.5576e-05 2.5000e+00
1.1961e+01 1.0000e+05 2.0772e-10 1.0000e+00 1.0000e+05 2.0771e-05 2.5000e+00
1.2353e+01 1.0000e+05 2.7618e-10 1.0000e+00 1.0000e+05 2.7618e-05 2.5000e+00
1.2745e+01 1.0000e+05 3.6611e-10 1.0000e+00 1.0000e+05 3.6611e-05 2.5000e+00
1.3137e+01 1.0000e+05 4.8388e-10 1.0000e+00 1.0000e+05 4.8388e-05 2.5000e+00
1.3529e+01 1.0000e+05 6.3762e-10 1.0000e+00 1.0000e+05 6.3762e-05 2.5000e+00
1.3922e+01 1.0000e+05 8.3770e-10 1.0000e+00 1.0000e+05 8.3770e-05 2.5000e+00
1.4314e+01 1.0000e+05 1.0973e-09 1.0000e+00 1.0000e+05 1.0973e-04 2.5000e+00
1.4706e+01 1.0000e+05 1.4330e-09 1.0000e+00 1.0000e+05 1.4330e-04 2.5000e+00
1.5098e+01 1.0000e+05 1.8659e-09 1.0000e+00 1.0000e+05 1.8659e-04 2.5000e+00
1.5490e+01 1.0000e+05 2.4224e-09 1.0000e+00 1.0000e+05 2.4224e-04 2.5000e+00
1.5882e+01 1.0000e+05 3.1354e-09 9.9999e-01 1.0000e+05 3.1354e-04 2.5000e+00
1.6275e+01 1.0000e+05 4.0462e-09 9.9999e-01 1.0000e+05 4.0462e-04 2.5000e+00
1.6667e+01 1.0000e+05 5.2060e-09 9.9999e-01 1.0000e+05 5.2060e-04 2.5000e+00
1.7059e+01 1.0000e+05 6.6784e-09 9.9999e-01 1.0000e+05 6.6784e-04 2.5000e+00
1.7451e+01 1.0000e+05 8.5417e-09 9.9999e-01 1.0000e+05 8.5417e-04 2.5000e+00
1.7843e+01 1.0000e+05 1.0892e-08 9.9998e-01 1.0000e+05 1.0892e-03 2.5000e+00
1.8235e+01 1.0000e+05 1.3849e-08 9.9998e-01 1.0000e+05 1.3849e-03 2.4999e+00
1.8627e+01 1.0000e+05 1.7556e-08 9.9997e-01 1.0000e+05 1.7556e-03 2.4999e+00
1.9020e+01 1.0000e+05 2.2189e-08 9.9996e-01 1.0000e+05 2.2189e-03 2.4999e+00
1.9412e+01 1.0000e+05 2.7962e-08 9.9996e-01 1.0000e+05 2.7962e-03 2.4999e+00
1.9804e+01 1.0000e+05 3.5132e-08 9.9994e-01 1.0000e+05 3.5132e-03 2.4999e+00
2.0196e+01 1.0000e+05 4.4011e-08 9.9993e-01 1.0000e+05 4.4011e-03 2.4998e+00
2.0588e+01 1.0000e+05 5.4971e-08 9.9992e-01 1.0000e+05 5.4970e-03 2.4998e+00
2.0980e+01 1.0000e+05 6.8457e-08 9.9990e-01 1.0000e+05 6.8457e-03 2.4997e+00
2.1373e+01 9.9999e+04 8.5002e-08 9.9987e-01 9.9999e+04 8.5002e-03 2.4997e+00
2.1765e+01 9.9999e+04 1.0524e-07 9.9984e-01 9.9999e+04 1.0523e-02 2.4996e+00
2.2157e+01 9.9999e+04 1.2990e-07 9.9981e-01 9.9999e+04 1.2990e-02 2.4995e+00
2.2549e+01 9.9999e+04 1.5988e-07 9.9977e-01 9.9999e+04 1.5988e-02 2.4994e+00
2.2941e+01 9.9999e+04 1.9620e-07 9.9972e-01 9.9999e+04 1.9620e-02 2.4993e+00
2.3333e+01 9.9998e+04 2.4007e-07 9.9966e-01 9.9998e+04 2.4007e-02 2.4991e+00
2.3725e+01 9.9998e+04 2.9290e-07 9.9959e-01 9.9998e+04 2.9289e-02 2.4990e+00
2.4118e+01 9.9997e+04 3.5630e-07 9.9950e-01 9.9997e+04 3.5629e-02 2.4988e+00
2.4510e+01 9.9997e+04 4.3217e-07 9.9940e-01 9.9997e+04 4.3216e-02 2.4985e+00
2.4902e+01 9.9996e+04 5.2268e-07 9.9929e-01 9.9996e+04 5.2266e-02 2.4982e+00
2.5294e+01 9.9995e+04 6.3032e-07 9.9915e-01 9.9995e+04 6.3029e-02 2.4979e+00
2.5686e+01 9.9994e+04 7.5793e-07 9.9899e-01 9.9994e+04 7.5788e-02 2.4975e+00
2.6078e+01 9.9993e+04 9.0875e-07 9.9880e-01 9.9993e+04 9.0868e-02 2.4970e+00
2.6471e+01 9.9992e+04 1.0865e-06 9.9859e-01 9.9992e+04 1.0864e-01 2.4965e+00
2.6863e+01 9.9990e+04 1.2952e-06 9.9834e-01 9.9990e+04 1.2951e-01 2.4958e+00
2.7255e+01 9.9988e+04 1.5396e-06 9.9804e-01 9.9988e+04 1.5394e-01 2.4951e+00
2.7647e+01 9.9986e+04 1.8250e-06 9.9771e-01 9.9986e+04 1.8247e-01 2.4943e+00
2.8039e+01 9.9983e+04 2.1571e-06 9.9733e-01 9.9983e+04 2.1567e-01 2.4933e+00
2.8431e+01 9.9980e+04 2.5424e-06 9.9689e-01 9.9980e+04 2.5419e-01 2.4922e+00
2.8824e+01 9.9976e+04 2.9882e-06 9.9639e-01 9.9976e+04 2.9875e-01 2.4910e+00
2.9216e+01 9.9971e+04 3.5022e-06 9.9582e-01 9.9971e+04 3.5012e-01 2.4895e+00
2.9608e+01 9.9966e+04 4.0933e-06 9.9517e-01 9.9966e+04 4.0919e-01 2.4879e+00
3.0000e+01 9.9960e+04 4.7707e-06 9.9444e-01 9.9960e+04 4.7688e-01 2.4861e+00
3.0392e+01 9.9953e+04 5.5449e-06 9.9362e-01 9.9953e+04 5.5423e-01 2.4841e+00
3.0784e+01 9.9945e+04 6.4269e-06 9.9270e-01 9.9945e+04 6.4233e-01 2.4818e+00
3.1176e+01 9.9936e+04 7.4288e-06 9.9168e-01 9.9936e+04 7.4240e-01 2.4792e+00
3.1569e+01 9.9925e+04 8.5634e-06 9.9053e-01 9.9925e+04 8.5570e-01 2.4763e+00
3.1961e+01 9.9913e+04 9.8446e-06 9.8926e-01 9.9913e+04 9.8360e-01 2.4731e+00
3.2353e+01 9.9899e+04 1.1287e-05 9.8785e-01 9.9899e+04 1.1276e+00 2.4696e+00
3.2745e+01 9.9883e+04 1.2906e-05 9.8629e-01 9.9883e+04 1.2891e+00 2.4657e+00
3.3137e+01 9.9865e+04 1.4718e-05 9.8458e-01 9.9865e+04 1.4698e+00 2.4614e+00
3.3529e+01 9.9844e+04 1.6740e-05 9.8270e-01 9.9844e+04 1.6714e+00 2.4568e+00
3.3922e+01 9.9821e+04 1.8989e-05 9.8064e-01 9.9821e+04 1.8955e+00 2.4516e+00
3.4314e+01 9.9795e+04 2.1485e-05 9.7840e-01 9.9795e+04 2.1441e+00 2.4460e+00
3.4706e+01 9.9766e+04 2.4245e-05 9.7597e-01 9.9766e+04 2.4189e+00 2.4399e+00
3.5098e+01 9.9734e+04 2.7291e-05 9.7333e-01 9.9734e+04 2.7218e+00 2.4334e+00
3.5490e+01 9.9697e+04 3.0640e-05 9.7048e-01 9.9697e+04 3.0547e+00 2.4262e+00
3.5882e+01 9.9657e+04 3.4313e-05 9.6742e-01 9.9657e+04 3.4196e+00 2.4186e+00
3.6275e+01 9.9612e+04 3.8331e-05 9.6413e-01 9.9612e+04 3.8182e+00 2.4104e+00
3.6667e+01 9.9562e+04 4.2713e-05 9.6061e-01 9.9562e+04 4.2526e+00 2.4016e+00
3.7059e+01 9.9507e+04 4.7480e-05 9.5686e-01 9.9507e+04 4.7245e+00 2.3923e+00
3.7451e+01 9.9446e+04 5.2649e-05 9.5287e-01 9.9446e+04 5.2358e+00 2.3823e+00
3.7843e+01 9.9380e+04 5.8242e-05 9.4864e-01 9.9380e+04 5.7880e+00 2.3718e+00
3.8235e+01 9.9307e+04 6.4274e-05 9.4417e-01 9.9307e+04 6.3829e+00 2.3606e+00
3.8627e+01 9.9227e+04 7.0765e-05 9.3946e-01 9.9227e+04 7.0218e+00 2.3489e+00
3.9020e+01 9.9140e+04 7.7730e-05 9.3452e-01 9.9140e+04 7.7061e+00 2.3366e+00
3.9412e+01 9.9045e+04 8.5183e-05 9.2934e-01 9.9045e+04 8.4370e+00 2.3237e+00
3.9804e+01 9.8943e+04 9.3140e-05 9.2394e-01 9.8943e+04 9.2155e+00 2.3103e+00
4.0196e+01 9.8832e+04 1.0161e-04 9.1831e-01 9.8832e+04 1.0042e+01 2.2963e+00
4.0588e+01 9.8712e+04 1.1061e-04 9.1247e-01 9.8712e+04 1.0918e+01 2.2818e+00
4.0980e+01 9.8583e+04 1.2013e-04 9.0643e-01 9.8583e+04 1.1843e+01 2.2668e+00
4.1373e+01 9.8445e+04 1.3020e-04 9.0019e-01 9.8445e+04 1.2818e+01 2.2513e+00
4.1765e+01 9.8296e+04 1.4080e-04 8.9378e-01 9.8296e+04 1.3841e+01 2.2354e+00
4.2157e+01 9.8139e+04 1.5198e-04 8.8720e-01 9.8139e+04 1.4915e+01 2.2191e+00
4.2549e+01 9.7968e+04 1.6361e-04 8.8044e-01 9.7968e+04 1.6029e+01 2.2024e+00
4.2941e+01 9.7793e+04 1.7605e-04 8.7364e-01 9.7793e+04 1.7216e+01 2.1856e+00
4.3333e+01 9.7587e+04 1.8826e-04 8.6646e-01 9.7587e+04 1.8371e+01 2.1679e+00
4.3725e+01 9.7427e+04 2.0307e-04 8.5989e-01 9.7427e+04 1.9784e+01 2.1517e+00
4.4118e+01 9.7110e+04 2.1316e-04 8.5144e-01 9.7110e+04 2.0700e+01 2.1308e+00
4.4510e+01 9.7119e+04 2.3589e-04 8.4706e-01 9.7119e+04 2.2909e+01 2.1203e+00
4.4902e+01 9.6403e+04 2.3340e-04 8.3393e-01 9.6403e+04 2.2500e+01 2.0874e+00
4.5294e+01 9.7037e+04 2.8029e-04 8.3725e-01 9.7037e+04 2.7199e+01 2.0969e+00
4.5686e+01 9.5349e+04 2.4455e-04 8.1275e-01 9.5349e+04 2.3318e+01 2.0347e+00
4.6078e+01 9.7066e+04 3.3164e-04 8.2901e-01 9.7066e+04 3.2191e+01 2.0779e+00
4.6471e+01 9.4494e+04 2.6658e-04 7.9478e-01 9.4494e+04 2.5190e+01 1.9903e+00
4.6863e+01 9.6241e+04 3.5613e-04 8.1127e-01 9.6241e+04 3.4275e+01 2.0343e+00
4.7255e+01 9.4695e+04 3.3090e-04 7.9018e-01 9.4695e+04 3.1335e+01 1.9806e+00
4.7647e+01 9.4709e+04 3.5861e-04 7.8629e-01 9.4709e+04 3.3964e+01 1.9718e+00
4.8039e+01 9.4389e+04 3.7838e-04 7.7984e-01 9.4389e+04 3.5714e+01 1.9564e+00
4.8431e+01 9.4214e+04 4.0904e-04 7.7692e-01 9.4214e+04 3.8537e+01 1.9502e+00
4.8824e+01 9.5155e+04 3.9938e-04 7.6106e-01 9.5155e+04 3.8003e+01 1.9102e+00
4.9216e+01 8.2840e+04 4.4068e-04 7.6174e-01 8.2840e+04 3.6506e+01 1.9124e+00
4.9608e+01 1.2769e+05 4.5405e-04 7.5204e-01 1.2769e+05 5.7978e+01 1.8933e+00
5.0000e+01 5.8602e+04 4.6542e-04 7.4628e-01 5.8602e+04 2.7274e+01 1.8721e+00
5.0392e+01 2.0807e+04 4.8637e-04 7.4443e-01 2.0807e+04 1.0120e+01 1.8635e+00
5.0784e+01 1.0304e+04 5.0166e-04 7.4065e-01 1.0304e+04 5.1690e+00 1.8529e+00
5.1176e+01 8.6436e+03 6.1904e-04 7.4309e-01 8.6436e+03 5.3507e+00 1.8594e+00
5.1569e+01 8.8044e+03 7.3935e-04 7.4477e-01 8.8044e+03 6.5095e+00 1.8643e+00
5.1961e+01 9.4174e+03 7.7541e-04 7.3952e-01 9.4174e+03 7.3023e+00 1.8516e+00
5.2353e+01 9.9221e+03 8.2163e-04 7.3696e-01 9.9221e+03 8.1523e+00 1.8457e+00
5.2745e+01 1.0468e+04 9.2827e-04 7.4182e-01 1.0468e+04 9.7171e+00 1.8591e+00
5.3137e+01 1.0827e+04 1.0012e-03 7.4443e-01 1.0827e+04 1.0840e+01 1.8665e+00
5.3529e+01 1.1071e+04 1.0017e-03 7.4014e-01 1.1071e+04 1.1091e+01 1.8559e+00
5.3922e+01 1.1220e+04 9.9277e-04 7.3528e-01 1.1220e+04 1.1139e+01 1.8437e+00
5.4314e+01 1.1411e+04 1.0341e-03 7.3630e-01 1.1411e+04 1.1799e+01 1.8469e+00
5.4706e+01 1.1596e+04 1.1042e-03 7.4089e-01 1.1596e+04 1.2805e+01 1.8593e+00
5.5098e+01 1.1745e+04 1.1509e-03 7.4326e-01 1.1745e+04 1.3518e+01 1.8659e+00
5.5490e+01 1.1820e+04 1.1558e-03 7.4122e-01 1.1820e+04 1.3662e+01 1.8609e+00
5.5882e+01 1.1868e+04 1.1425e-03 7.3714e-01 1.1868e+04 1.3558e+01 1.8506e+00
5.6275e+01 1.1928e+04 1.1474e-03 7.3518e-01 1.1928e+04 1.3686e+01 1.8458e+00
5.6667e+01 1.2028e+04 1.1886e-03 7.3746e-01 1.2028e+04 1.4296e+01 1.8521e+00
5.7059e+01 1.2146e+04 1.2485e-03 7.4206e-01 1.2146e+04 1.5164e+01 1.8646e+00
5.7451e+01 1.2245e+04 1.2976e-03 7.4564e-01 1.2245e+04 1.5890e+01 1.8744e+00
5.7843e+01 1.2302e+04 1.3185e-03 7.4618e-01 1.2302e+04 1.6220e+01 1.8761e+00
5.8235e+01 1.2323e+04 1.3142e-03 7.4398e-01 1.2323e+04 1.6195e+01 1.8706e+00
5.8627e+01 1.2333e+04 1.3031e-03 7.4061e-01 1.2333e+04 1.6071e+01 1.8620e+00
5.9020e+01 1.2367e+04 1.3103e-03 7.3946e-01 1.2367e+04 1.6204e+01 1.8593e+00
5.9412e+01 1.2444e+04 1.3520e-03 7.4240e-01 1.2444e+04 1.6823e+01 1.8674e+00
5.9804e+01 1.2557e+04 1.4228e-03 7.4884e-01 1.2557e+04 1.7867e+01 1.8848e+00
6.0196e+01 1.2687e+04 1.5059e-03 7.5687e-01 1.2687e+04 1.9105e+01 1.9066e+00
6.0588e+01 1.2809e+04 1.5839e-03 7.6449e-01 1.2809e+04 2.0287e+01 1.9273e+00
6.0980e+01 1.2907e+04 1.6455e-03 7.7033e-01 1.2907e+04 2.1238e+01 1.9433e+00
6.1373e+01 1.2977e+04 1.6869e-03 7.7389e-01 1.2977e+04 2.1891e+01 1.9532e+00
6.1765e+01 1.3020e+04 1.7104e-03 7.7537e-01 1.3020e+04 2.2270e+01 1.9575e+00
6.2157e+01 1.3044e+04 1.7211e-03 7.7535e-01 1.3044e+04 2.2450e+01 1.9577e+00
6.2549e+01 1.3057e+04 1.7242e-03 7.7447e-01 1.3057e+04 2.2513e+01 1.9556e+00
6.2941e+01 1.3065e+04 1.7238e-03 7.7319e-01 1.3065e+04 2.2521e+01 1.9524e+00
6.3333e+01 1.3070e+04 1.7220e-03 7.7177e-01 1.3070e+04 2.2507e+01 1.9488e+00
6.3725e+01 1.3074e+04 1.7197e-03 7.7027e-01 1.3074e+04 2.2484e+01 1.9450e+00
6.4118e+01 1.3078e+04 1.7170e-03 7.6871e-01 1.3078e+04 2.2455e+01 1.9411e+00
6.4510e+01 1.3082e+04 1.7140e-03 7.6711e-01 1.3082e+04 2.2422e+01 1.9370e+00
6.4902e+01 1.3085e+04 1.7107e-03 7.6545e-01 1.3085e+04 2.2385e+01 1.9328e+00
6.5294e+01 1.3088e+04 1.7072e-03 7.6373e-01 1.3088e+04 2.2343e+01 1.9284e+00
6.5686e+01 1.3090e+04 1.7034e-03 7.6197e-01 1.3090e+04 2.2298e+01 1.9239e+00
6.6078e+01 1.3092e+04 1.6994e-03 7.6016e-01 1.3092e+04 2.2249e+01 1.9193e+00
6.6471e+01 1.3094e+04 1.6951e-03 7.5829e-01 1.3094e+04 2.2196e+01 1.9145e+00
6.6863e+01 1.3096e+04 1.6906e-03 7.5638e-01 1.3096e+04 2.2139e+01 1.9097e+00
6.7255e+01 1.3097e+04 1.6858e-03 7.5441e-01 1.3097e+04 2.2079e+01 1.9046e+00
6.7647e+01 1.3098e+04 1.6808e-03 7.5238e-01 1.3098e+04 2.2016e+01 1.8995e+00
6.8039e+01 1.3099e+04 1.6756e-03 7.5030e-01 1.3099e+04 2.1949e+01 1.8941e+00
6.8431e+01 1.3100e+04 1.6701e-03 7.4817e-01 1.3100e+04 2.1878e+01 1.8887e+00
6.8824e+01 1.3100e+04 1.6644e-03 7.4598e-01 1.3100e+04 2.1804e+01 1.8831e+00
6.9216e+01 1.3100e+04 1.6585e-03 7.4372e-01 1.3100e+04 2.1727e+01 1.8773e+00
6.9608e+01 1.3100e+04 1.6523e-03 7.4141e-01 1.3100e+04 2.1646e+01 1.8714e+00
7.0000e+01 1.3100e+04 1.6459e-03 7.3904e-01 1.3100e+04 2.1562e+01 1.8654e+00
7.0392e+01 1.3100e+04 1.6393e-03 7.3661e-01 1.3100e+04 2.1474e+01 1.8591e+00
7.0784e+01 1.3099e+04 1.6324e-03 7.3411e-01 1.3099e+04 2.1383e+01 1.8527e+00
7.1176e+01 1.3098e+04 1.6253e-03 7.3155e-01 1.3098e+04 2.1289e+01 1.8462e+00
7.1569e+01 1.3097e+04 1.6180e-03 7.2892e-01 1.3097e+04 2.1191e+01 1.8395e+00
7.1961e+01 1.3096e+04 1.6104e-03 7.2623e-01 1.3096e+04 2.1090e+01 1.8325e+00
7.2353e+01 1.3094e+04 1.6026e-03 7.2346e-01 1.3094e+04 2.0985e+01 1.8255e+00
7.2745e+01 1.3093e+04 1.5945e-03 7.2062e-01 1.3093e+04 2.0877e+01 1.8182e+00
7.3137e+01 1.3091e+04 1.5862e-03 7.1771e-01 1.3091e+04 2.0765e+01 1.8107e+00
7.3529e+01 1.3089e+04 1.5777e-03 7.1472e-01 1.3089e+04 2.0650e+01 1.8031e+00
7.3922e+01 1.3087e+04 1.5689e-03 7.1165e-01 1.3087e+04 2.0532e+01 1.7952e+00
7.4314e+01 1.3084e+04 1.5598e-03 7.0851e-01 1.3084e+04 2.0410e+01 1.7872e+00
7.4706e+01 1.3082e+04 1.5505e-03 7.0529e-01 1.3082e+04 2.0284e+01 1.7789e+00
7.5098e+01 1.3079e+04 1.5410e-03 7.0198e-01 1.3079e+04 2.0155e+01 1.7705e+00
7.5490e+01 1.3076e+04 1.5312e-03 6.9859e-01 1.3076e+04 2.0022e+01 1.7618e+00
7.5882e+01 1.3073e+04 1.5211e-03 6.9511e-01 1.3073e+04 1.9886e+01 1.7529e+00
7.6275e+01 1.3070e+04 1.5108e-03 6.9155e-01 1.3070e+04 1.9746e+01 1.7438e+00
7.6667e+01 1.3067e+04 1.5002e-03 6.8789e-01 1.3067e+04 1.9603e+01 1.7344e+00
7.7059e+01 1.3063e+04 1.4893e-03 6.8414e-01 1.3063e+04 1.9456e+01 1.7248e+00
7.7451e+01 1.3060e+04 1.4782e-03 6.8030e-01 1.3060e+04 1.9305e+01 1.7150e+00
7.7843e+01 1.3056e+04 1.4668e-03 6.7637e-01 1.3056e+04 1.9150e+01 1.7050e+00
7.8235e+01 1.3052e+04 1.4551e-03 6.7233e-01 1.3052e+04 1.8992e+01 1.6946e+00
7.8627e+01 1.3048e+04 1.4432e-03 6.6820e-01 1.3048e+04 1.8830e+01 1.6841e+00
7.9020e+01 1.3044e+04 1.4310e-03 6.6396e-01 1.3044e+04 1.8665e+01 1.6733e+00
7.9412e+01 1.3039e+04 1.4185e-03 6.5962e-01 1.3039e+04 1.8495e+01 1.6622e+00
7.9804e+01 1.3034e+04 1.4057e-03 6.5517e-01 1.3034e+04 1.8322e+01 1.6508e+00
8.0196e+01 1.3030e+04 1.3926e-03 6.5062e-01 1.3030e+04 1.8145e+01 1.6392e+00
8.0588e+01 1.3025e+04 1.3793e-03 6.4595e-01 1.3025e+04 1.7964e+01 1.6273e+00
8.0980e+01 1.3020e+04 1.3656e-03 6.4117e-01 1.3020e+04 1.7780e+01 1.6151e+00
8.1373e+01 1.3015e+04 1.3517e-03 6.3628e-01 1.3015e+04 1.7591e+01 1.6026e+00
8.1765e+01 1.3009e+04 1.3374e-03 6.3127e-01 1.3009e+04 1.7399e+01 1.5898e+00
8.2157e+01 1.3004e+04 1.3229e-03 6.2615e-01 1.3004e+04 1.7203e+01 1.5767e+00
8.2549e+01 1.2998e+04 1.3081e-03 6.2090e-01 1.2998e+04 1.7002e+01 1.5634e+00
8.2941e+01 1.2992e+04 1.2930e-03 6.1553e-01 1.2992e+04 1.6798e+01 1.5497e+00
8.3333e+01 1.2986e+04 1.2775e-03 6.1004e-01 1.2986e+04 1.6590e+01 1.5357e+00
8.3725e+01 1.2980e+04 1.2618e-03 6.0441e-01 1.2980e+04 1.6378e+01 1.5214e+00
8.4118e+01 1.2974e+04 1.2457e-03 5.9866e-01 1.2974e+04 1.6162e+01 1.5067e+00
8.4510e+01 1.2968e+04 1.2294e-03 5.9278e-01 1.2968e+04 1.5942e+01 1.4918e+00
8.4902e+01 1.2961e+04 1.2127e-03 5.8676e-01 1.2961e+04 1.5718e+01 1.4764e+00
8.5294e+01 1.2954e+04 1.1957e-03 5.8061e-01 1.2954e+04 1.5490e+01 1.4608e+00
8.5686e+01 1.2948e+04 1.1784e-03 5.7432e-01 1.2948e+04 1.5257e+01 1.4448e+00
8.6078e+01 1.2941e+04 1.1608e-03 5.6789e-01 1.2941e+04 1.5021e+01 1.4285e+00
8.6471e+01 1.2934e+04 1.1428e-03 5.6132e-01 1.2934e+04 1.4781e+01 1.4118e+00
8.6863e+01 1.2926e+04 1.1245e-03 5.5461e-01 1.2926e+04 1.4536e+01 1.3947e+00
8.7255e+01 1.2919e+04 1.1059e-03 5.4774e-01 1.2919e+04 1.4287e+01 1.3773e+00
8.7647e+01 1.2912e+04 1.0870e-03 5.4073e-01 1.2912e+04 1.4035e+01 1.3595e+00
8.8039e+01 1.2904e+04 1.0677e-03 5.3356e-01 1.2904e+04 1.3778e+01 1.3413e+00
8.8431e+01 1.2896e+04 1.0481e-03 5.2624e-01 1.2896e+04 1.3516e+01 1.3227e+00
8.8824e+01 1.2888e+04 1.0281e-03 5.1876e-01 1.2888e+04 1.3251e+01 1.3037e+00
8.9216e+01 1.2880e+04 1.0078e-03 5.1112e-01 1.2880e+04 1.2981e+01 1.2843e+00
8.9608e+01 1.2872e+04 9.8722e-04 5.0331e-01 1.2872e+04 1.2708e+01 1.2646e+00
9.0000e+01 1.2864e+04 9.6626e-04 4.9533e-01 1.2864e+04 1.2430e+01 1.2443e+00
9.0392e+01 1.2855e+04 9.4497e-04 4.8717e-01 1.2855e+04 1.2148e+01 1.2237e+00
9.0784e+01 1.2847e+04 9.2336e-04 4.7881e-01 1.2847e+04 1.1862e+01 1.2025e+00
9.1176e+01 1.2838e+04 9.0144e-04 4.7025e-01 1.2838e+04 1.1573e+01 1.1808e+00
9.1569e+01 1.2829e+04 8.7923e-04 4.6146e-01 1.2829e+04 1.1280e+01 1.1586e+00
9.1961e+01 1.2820e+04 8.5676e-04 4.5242e-01 1.2820e+04 1.0984e+01 1.1358e+00
9.2353e+01 1.2811e+04 8.3408e-04 4.4309e-01 1.2811e+04 1.0686e+01 1.1122e+00
9.2745e+01 1.2802e+04 8.1124e-04 4.3343e-01 1.2802e+04 1.0385e+01 1.0878e+00
9.3137e+01 1.2792e+04 7.8833e-04 4.2339e-01 1.2792e+04 1.0085e+01 1.0625e+00
9.3529e+01 1.2783e+04 7.6542e-04 4.1291e-01 1.2783e+04 9.7840e+00 1.0360e+00
9.3922e+01 1.2773e+04 7.4263e-04 4.0190e-01 1.2773e+04 9.4853e+00 1.0083e+00
9.4314e+01 1.2762e+04 7.2010e-04 3.9030e-01 1.2762e+04 9.1901e+00 9.7905e-01
9.4706e+01 1.2752e+04 6.9795e-04 3.7802e-01 1.2752e+04 8.9000e+00 9.4815e-01
9.5098e+01 1.2741e+04 6.7634e-04 3.6497e-01 1.2741e+04 8.6170e+00 9.1535e-01
9.5490e+01 1.2729e+04 6.5541e-04 3.5110e-01 1.2729e+04 8.3428e+00 8.8048e-01
9.5882e+01 1.2717e+04 6.3529e-04 3.3632e-01 1.2717e+04 8.0792e+00 8.4337e-01
9.6275e+01 1.2705e+04 6.1611e-04 3.2060e-01 1.2705e+04 7.8277e+00 8.0391e-01
9.6667e+01 1.2692e+04 5.9795e-04 3.0391e-01 1.2692e+04 7.5893e+00 7.6204e-01
9.7059e+01 1.2679e+04 5.8086e-04 2.8625e-01 1.2679e+04 7.3645e+00 7.1776e-01
9.7451e+01 1.2665e+04 5.6484e-04 2.6765e-01 1.2665e+04 7.1536e+00 6.7116e-01
9.7843e+01 1.2650e+04 5.4970e-04 2.4817e-01 1.2650e+04 6.9537e+00 6.2233e-01
9.8235e+01 1.2636e+04 5.3581e-04 2.2796e-01 1.2636e+04 6.7703e+00 5.7172e-01
9.8627e+01 1.2618e+04 5.2084e-04 2.0691e-01 1.2618e+04 6.5720e+00 5.1898e-01
9.9020e+01 1.2610e+04 5.1219e-04 1.8607e-01 1.2610e+04 6.4585e+00 4.6684e-01
9.9412e+01 1.2550e+04 4.8324e-04 1.6244e-01 1.2550e+04 6.0645e+00 4.0756e-01
9.9804e+01 1.2956e+04 5.4729e-04 1.4515e-01 1.2956e+04 7.0905e+00 3.6481e-01
