# # x Density Velocity Pressure q0 q1 q2
1.9608e-01 1.0000e+05 0.0000e+00 1.0000e+00 1.0000e+05 0.0000e+00 2.5000e+00
5.8824e-01 1.0000e+05 0.0000e+00 1.0000e+00 1.0000e+05 0.0000e+00 2.5000e+00
9.8039e-01 1.0000e+05 0.0000e+00 1.0000e+00 1.0000e+05 0.0000e+00 2.5000e+00
1.3725e+00 1.0000e+05 0.0000e+00 1.0000e+00 1.0000e+05 0.0000e+00 2.5000e+00
1.7647e+00 1.0000e+05 0.0000e+00 1.0000e+00 1.0000e+05 0.0000e+00 2.5000e+00
2.1569e+00 1.0000e+05 0.0000e+00 1.0000e+00 1.0000e+05 0.0000e+00 2.5000e+00
2.5490e+00 1.0000e+05 0.0000e+00 1.0000e+00 1.0000e+05 0.0000e+00 2.5000e+00
2.9412e+00 1.0000e+05 0.0000e+00 1.0000e+00 1.0000e+05 0.0000e+00 2.5000e+00
3.3333e+00 1.0000e+05 0.0000e+00 1.0000e+00 1.0000e+05 0.0000e+00 2.5000e+00
3.7255e+00 1.0000e+05 0.0000e+00 1.0000e+00 1.0000e+05 0.0000e+00 2.5000e+00
4.1176e+00 1.0000e+05 0.0000e+00 1.0000e+00 1.0000e+05 0.0000e+00 2.5000e+00
4.5098e+00 1.0000e+05 0.0000e+00 1.0000e+00 1.0000e+05 0.0000e+00 2.5000e+00
4.9020e+00 1.0000e+05 0.0000e+00 1.0000e+00 1.0000e+05 0.0000e+00 2.5000e+00
5.2941e+00 1.0000e+05 0.0000e+00 1.0000e+00 1.0000e+05 0.0000e+00 2.5000e+00
5.6863e+00 1.0000e+05 0.0000e+00 1.0000e+00 1.0000e+05 0.0000e+00 2.5000e+00
6.0784e+00 1.0000e+05 0.0000e+00 1.0000e+00 1.0000e+05 0.0000e+00 2.5000e+00
6.4706e+00 1.0000e+05 0.0000e+00 1.0000e+00 1.0000e+05 0.0000e+00 2.5000e+00
6.8627e+00 1.0000e+05 0.0000e+00 1.0000e+00 1.0000e+05 0.0000e+00 2.5000e+00
7.2549e+00 1.0000e+05 0.0000e+00 1.0000e+00 1.0000e+05 0.0000e+00 2.5000e+00
7.6471e+00 1.0000e+05 0.0000e+00 1.0000e+00 1.0000e+05 0.0000e+00 2.5000e+00
8.0392e+00 1.0000e+05 0.0000e+00 1.0000e+00 1.0000e+05 0.0000e+00 2.5000e+00
8.4314e+00 1.0000e+05 0.0000e+00 1.0000e+00 1.0000e+05 0.0000e+00 2.5000e+00
8.8235e+00 1.0000e+05 0.0000e+00 1.0000e+00 1.0000e+05 0.0000e+00 2.5000e+00
9.2157e+00 1.0000e+05 0.0000e+00 1.0000e+00 1.0000e+05 0.0000e+00 2.5000e+00
9.6078e+00 1.0000e+05 0.0000e+00 1.0000e+00 1.0000e+05 0.0000e+00 2.5000e+00
1.0000e+01 1.0000e+05 0.0000e+00 1.0000e+00 1.0000e+05 0.0000e+00 2.5000e+00
1.0392e+01 1.0000e+05 0.0000e+00 1.0000e+00 1.0000e+05 0.0000e+00 2.5000e+00
1.0784e+01 1.0000e+05 0.0000e+00 1.0000e+00 1.0000e+05 0.0000e+00 2.5000e+00
1.1176e+01 1.0000e+05 0.0000e+00 1.0000e+00 1.0000e+05 0.0000e+00 2.5000e+00
1.1569e+01 1.0000e+05 0.0000e+00 1.0000e+00 1.0000e+05 0.0000e+00 2.5000e+00
1.1961e+01 1.0000e+05 0.0000e+00 1.0000e+00 1.0000e+05 0.0000e+00 2.5000e+00
1.2353e+01 1.0000e+05 0.0000e+00 1.0000e+00 1.0000e+05 0.0000e+00 2.5000e+00
1.2745e+01 1.0000e+05 0.0000e+00 1.0000e+00 1.0000e+05 0.0000e+00 2.5000e+00
1.3137e+01 1.0000e+05 0.0000e+00 1.0000e+00 1.0000e+05 0.0000e+00 2.5000e+00
1.3529e+01 1.0000e+05 0.0000e+00 1.0000e+00 1.0000e+05 0.0000e+00 2.5000e+00
1.3922e+01 1.0000e+05 0.0000e+00 1.0000e+00 1.0000e+05 0.0000e+00 2.5000e+00
1.4314e+01 1.0000e+05 0.0000e+00 1.0000e+00 1.0000e+05 0.0000e+00 2.5000e+00
1.4706e+01 1.0000e+05 0.0000e+00 1.0000e+00 1.0000e+05 0.0000e+00 2.5000e+00
1.5098e+01 1.0000e+05 0.0000e+00 1.0000e+00 1.0000e+05 0.0000e+00 2.5000e+00
1.5490e+01 1.0000e+05 0.0000e+00 1.0000e+00 1.0000e+05 0.0000e+00 2.5000e+00
1.5882e+01 1.0000e+05 0.0000e+00 1.0000e+00 1.0000e+05 0.0000e+00 2.5000e+00
1.6275e+01 1.0000e+05 0.0000e+00 1.0000e+00 1.0000e+05 0.0000e+00 2.5000e+00
1.6667e+01 1.0000e+05 0.0000e+00 1.0000e+00 1.0000e+05 0.0000e+00 2.5000e+00
1.7059e+01 1.0000e+05 0.0000e+00 1.0000e+00 1.0000e+05 0.0000e+00 2.5000e+00
1.7451e+01 1.0000e+05 0.0000e+00 1.0000e+00 1.0000e+05 0.0000e+00 2.5000e+00
1.7843e+01 1.0000e+05 0.0000e+00 1.0000e+00 1.0000e+05 0.0000e+00 2.5000e+00
1.8235e+01 1.0000e+05 0.0000e+00 1.0000e+00 1.0000e+05 0.0000e+00 2.5000e+00
1.8627e+01 1.0000e+05 0.0000e+00 1.0000e+00 1.0000e+05 0.0000e+00 2.5000e+00
1.9020e+01 1.0000e+05 0.0000e+00 1.0000e+00 1.0000e+05 0.0000e+00 2.5000e+00
1.9412e+01 1.0000e+05 0.0000e+00 1.0000e+00 1.0000e+05 0.0000e+00 2.5000e+00
1.9804e+01 1.0000e+05 0.0000e+00 1.0000e+00 1.0000e+05 0.0000e+00 2.5000e+00
2.0196e+01 1.0000e+05 0.0000e+00 1.0000e+00 1.0000e+05 0.0000e+00 2.5000e+00
2.0588e+01 1.0000e+05 0.0000e+00 1.0000e+00 1.0000e+05 0.0000e+00 2.5000e+00
2.0980e+01 1.0000e+05 0.0000e+00 1.0000e+00 1.0000e+05 0.0000e+00 2.5000e+00
2.1373e+01 1.0000e+05 0.0000e+00 1.0000e+00 1.0000e+05 0.0000e+00 2.5000e+00
2.1765e+01 1.0000e+05 0.0000e+00 1.0000e+00 1.0000e+05 0.0000e+00 2.5000e+00
2.2157e+01 1.0000e+05 0.0000e+00 1.0000e+00 1.0000e+05 0.0000e+00 2.5000e+00
2.2549e+01 1.0000e+05 0.0000e+00 1.0000e+00 1.0000e+05 0.0000e+00 2.5000e+00
2.2941e+01 1.0000e+05 0.0000e+00 1.0000e+00 1.0000e+05 0.0000e+00 2.5000e+00
2.3333e+01 1.0000e+05 0.0000e+00 1.0000e+00 1.0000e+05 0.0000e+00 2.5000e+00
2.3725e+01 1.0000e+05 0.0000e+00 1.0000e+00 1.0000e+05 0.0000e+00 2.5000e+00
2.4118e+01 1.0000e+05 0.0000e+00 1.0000e+00 1.0000e+05 0.0000e+00 2.5000e+00
2.4510e+01 1.0000e+05 0.0000e+00 1.0000e+00 1.0000e+05 0.0000e+00 2.5000e+00
2.4902e+01 1.0000e+05 0.0000e+00 1.0000e+00 1.0000e+05 0.0000e+00 2.5000e+00
2.5294e+01 1.0000e+05 0.0000e+00 1.0000e+00 1.0000e+05 0.0000e+00 2.5000e+00
2.5686e+01 1.0000e+05 0.0000e+00 1.0000e+00 1.0000e+05 0.0000e+00 2.5000e+00
2.6078e+01 1.0000e+05 0.0000e+00 1.0000e+00 1.0000e+05 0.0000e+00 2.5000e+00
2.6471e+01 1.0000e+05 0.0000e+00 1.0000e+00 1.0000e+05 0.0000e+00 2.5000e+00
2.6863e+01 1.0000e+05 0.0000e+00 1.0000e+00 1.0000e+05 0.0000e+00 2.5000e+00
2.7255e+01 1.0000e+05 0.0000e+00 1.0000e+00 1.0000e+05 0.0000e+00 2.5000e+00
2.7647e+01 1.0000e+05 0.0000e+00 1.0000e+00 1.0000e+05 0.0000e+00 2.5000e+00
2.8039e+01 1.0000e+05 0.0000e+00 1.0000e+00 1.0000e+05 0.0000e+00 2.5000e+00
2.8431e+01 1.0000e+05 0.0000e+00 1.0000e+00 1.0000e+05 0.0000e+00 2.5000e+00
2.8824e+01 1.0000e+05 0.0000e+00 1.0000e+00 1.0000e+05 0.0000e+00 2.5000e+00
2.9216e+01 1.0000e+05 0.0000e+00 1.0000e+00 1.0000e+05 0.0000e+00 2.5000e+00
2.9608e+01 1.0000e+05 0.0000e+00 1.0000e+00 1.0000e+05 0.0000e+00 2.5000e+00
3.0000e+01 1.0000e+05 0.0000e+00 1.0000e+00 1.0000e+05 0.0000e+00 2.5000e+00
3.0392e+01 1.0000e+05 0.0000e+00 1.0000e+00 1.0000e+05 0.0000e+00 2.5000e+00
3.0784e+01 1.0000e+05 1.1041e-19 1.0000e+00 1.0000e+05 1.1041e-14 2.5000e+00
3.1176e+01 1.0000e+05 7.3806e-19 1.0000e+00 1.0000e+05 7.3806e-14 2.5000e+00
3.1569e+01 1.0000e+05 2.4203e-18 1.0000e+00 1.0000e+05 2.4203e-13 2.5000e+00
3.1961e+01 1.0000e+05 6.7371e-18 1.0000e+00 1.0000e+05 6.7371e-13 2.5000e+00
3.2353e+01 1.0000e+05 1.9877e-17 1.0000e+00 1.0000e+05 1.9877e-12 2.5000e+00
3.2745e+01 1.0000e+05 6.0587e-17 1.0000e+00 1.0000e+05 6.0587e-12 2.5000e+00
3.3137e+01 1.0000e+05 1.8532e-16 1.0000e+00 1.0000e+05 1.8532e-11 2.5000e+00
3.3529e+01 1.0000e+05 5.6152e-16 1.0000e+00 1.0000e+05 5.6152e-11 2.5000e+00
3.3922e+01 1.0000e+05 1.6746e-15 1.0000e+00 1.0000e+05 1.6746e-10 2.5000e+00
3.4314e+01 1.0000e+05 4.9049e-15 1.0000e+00 1.0000e+05 4.9049e-10 2.5000e+00
3.4706e+01 1.0000e+05 1.4095e-14 1.0000e+00 1.0000e+05 1.4095e-09 2.5000e+00
3.5098e+01 1.0000e+05 3.9720e-14 1.0000e+00 1.0000e+05 3.9720e-09 2.5000e+00
3.5490e+01 1.0000e+05 1.0974e-13 1.0000e+00 1.0000e+05 1.0974e-08 2.5000e+00
3.5882e+01 1.0000e+05 2.9712e-13 1.0000e+00 1.0000e+05 2.9712e-08 2.5000e+00
3.6275e+01 1.0000e+05 7.8821e-13 1.0000e+00 1.0000e+05 7.8821e-08 2.5000e+00
3.6667e+01 1.0000e+05 2.0481e-12 1.0000e+00 1.0000e+05 2.0481e-07 2.5000e+00
3.7059e+01 1.0000e+05 5.2114e-12 1.0000e+00 1.0000e+05 5.2114e-07 2.5000e+00
3.7451e+01 1.0000e+05 1.2982e-11 1.0000e+00 1.0000e+05 1.2982e-06 2.5000e+00
3.7843e+01 1.0000e+05 3.1648e-11 1.0000e+00 1.0000e+05 3.1648e-06 2.5000e+00
3.8235e+01 1.0000e+05 7.5491e-11 1.0000e+00 1.0000e+05 7.5491e-06 2.5000e+00
3.8627e+01 1.0000e+05 1.7614e-10 1.0000e+00 1.0000e+05 1.7614e-05 2.5000e+00
3.9020e+01 1.0000e+05 4.0189e-10 1.0000e+00 1.0000e+05 4.0189e-05 2.5000e+00
3.9412e+01 1.0000e+05 8.9645e-10 1.0000e+00 1.0000e+05 8.9645e-05 2.5000e+00
3.9804e+01 1.0000e+05 1.9544e-09 9.9999e-01 1.0000e+05 1.9544e-04 2.5000e+00
4.0196e+01 1.0000e+05 4.1631e-09 9.9998e-01 1.0000e+05 4.1631e-04 2.5000e+00
4.0588e+01 1.0000e+05 8.6628e-09 9.9996e-01 1.0000e+05 8.6628e-04 2.4999e+00
4.0980e+01 1.0000e+05 1.7604e-08 9.9993e-01 1.0000e+05 1.7604e-03 2.4998e+00
4.1373e+01 1.0000e+05 3.4928e-08 9.9986e-01 1.0000e+05 3.4928e-03 2.4996e+00
4.1765e+01 1.0000e+05 6.7647e-08 9.9974e-01 1.0000e+05 6.7647e-03 2.4993e+00
4.2157e+01 1.0000e+05 1.2786e-07 9.9952e-01 1.0000e+05 1.2786e-02 2.4988e+00
4.2549e+01 9.9999e+04 2.3580e-07 9.9915e-01 9.9999e+04 2.3580e-02 2.4979e+00
4.2941e+01 9.9999e+04 4.2424e-07 9.9853e-01 9.9999e+04 4.2423e-02 2.4963e+00
4.3333e+01 9.9998e+04 7.4447e-07 9.9752e-01 9.9998e+04 7.4445e-02 2.4938e+00
4.3725e+01 9.9996e+04 1.2741e-06 9.9594e-01 9.9996e+04 1.2740e-01 2.4898e+00
4.4118e+01 9.9993e+04 2.1263e-06 9.9351e-01 9.9993e+04 2.1262e-01 2.4838e+00
4.4510e+01 9.9988e+04 3.4602e-06 9.8993e-01 9.9988e+04 3.4598e-01 2.4748e+00
4.4902e+01 9.9980e+04 5.4904e-06 9.8479e-01 9.9980e+04 5.4893e-01 2.4620e+00
4.5294e+01 9.9968e+04 8.4946e-06 9.7767e-01 9.9968e+04 8.4920e-01 2.4442e+00
4.5686e+01 9.9950e+04 1.2816e-05 9.6810e-01 9.9950e+04 1.2810e+00 2.4203e+00
4.6078e+01 9.9923e+04 1.8857e-05 9.5571e-01 9.9923e+04 1.8842e+00 2.3893e+00
4.6471e+01 9.9885e+04 2.7062e-05 9.4022e-01 9.9885e+04 2.7030e+00 2.3506e+00
4.6863e+01 9.9830e+04 3.7888e-05 9.2157e-01 9.9830e+04 3.7824e+00 2.3040e+00
4.7255e+01 9.9756e+04 5.1760e-05 8.9999e-01 9.9756e+04 5.1634e+00 2.2501e+00
4.7647e+01 9.9657e+04 6.9028e-05 8.7608e-01 9.9657e+04 6.8791e+00 2.1904e+00
4.8039e+01 9.9524e+04 8.9773e-05 8.5075e-01 9.9524e+04 8.9346e+00 2.1273e+00
4.8431e+01 9.9386e+04 1.1512e-04 8.2564e-01 9.9386e+04 1.1441e+01 2.0648e+00
4.8824e+01 9.8969e+04 1.3573e-04 7.9908e-01 9.8969e+04 1.3433e+01 1.9986e+00
4.9216e+01 9.9810e+04 2.0630e-04 7.9071e-01 9.9810e+04 2.0591e+01 1.9789e+00
4.9608e+01 1.0086e+05 1.1872e-04 7.2801e-01 1.0086e+05 1.1974e+01 1.8207e+00
5.0000e+01 1.2555e+04 2.2027e-04 7.3211e-01 1.2555e+04 2.7654e+00 1.8306e+00
5.0392e+01 1.2008e+04 7.4657e-04 7.6722e-01 1.2008e+04 8.9649e+00 1.9214e+00
5.0784e+01 1.2541e+04 1.0897e-03 7.8709e-01 1.2541e+04 1.3665e+01 1.9752e+00
5.1176e+01 1.2744e+04 1.0510e-03 7.6774e-01 1.2744e+04 1.3393e+01 1.9264e+00
5.1569e+01 1.2700e+04 1.0757e-03 7.5951e-01 1.2700e+04 1.3661e+01 1.9061e+00
5.1961e+01 1.2744e+04 1.0055e-03 7.4026e-01 1.2744e+04 1.2815e+01 1.8571e+00
5.2353e+01 1.2704e+04 1.0107e-03 7.2654e-01 1.2704e+04 1.2841e+01 1.8228e+00
5.2745e+01 1.2727e+04 9.5004e-04 7.0602e-01 1.2727e+04 1.2091e+01 1.7708e+00
5.3137e+01 1.2700e+04 9.3466e-04 6.8718e-01 1.2700e+04 1.1870e+01 1.7235e+00
5.3529e+01 1.2706e+04 8.7952e-04 6.6413e-01 1.2706e+04 1.1175e+01 1.6652e+00
5.3922e+01 1.2687e+04 8.4774e-04 6.4033e-01 1.2687e+04 1.0756e+01 1.6054e+00
5.4314e+01 1.2683e+04 7.9338e-04 6.1346e-01 1.2683e+04 1.0063e+01 1.5377e+00
5.4706e+01 1.2668e+04 7.4857e-04 5.8439e-01 1.2668e+04 9.4828e+00 1.4645e+00
5.5098e+01 1.2658e+04 6.9090e-04 5.5242e-01 1.2658e+04 8.7452e+00 1.3841e+00
5.5490e+01 1.2643e+04 6.3487e-04 5.1727e-01 1.2643e+04 8.0265e+00 1.2957e+00
5.5882e+01 1.2629e+04 5.7058e-04 4.7869e-01 1.2629e+04 7.2057e+00 1.1988e+00
5.6275e+01 1.2613e+04 5.0353e-04 4.3597e-01 1.2613e+04 6.3508e+00 1.0915e+00
5.6667e+01 1.2596e+04 4.2968e-04 3.8877e-01 1.2596e+04 5.4122e+00 9.7308e-01
5.7059e+01 1.2578e+04 3.5087e-04 3.3645e-01 1.2578e+04 4.4131e+00 8.4191e-01
5.7451e+01 1.2559e+04 2.6736e-04 2.7980e-01 1.2559e+04 3.3577e+00 6.9995e-01
5.7843e+01 1.2541e+04 1.8451e-04 2.2228e-01 1.2541e+04 2.3139e+00 5.5591e-01
5.8235e+01 1.2525e+04 1.1130e-04 1.7146e-01 1.2525e+04 1.3940e+00 4.2873e-01
5.8627e+01 1.2513e+04 5.7172e-05 1.3502e-01 1.2513e+04 7.1540e-01 3.3756e-01
5.9020e+01 1.2506e+04 2.4921e-05 1.1452e-01 1.2506e+04 3.1166e-01 2.8631e-01
5.9412e+01 1.2502e+04 9.4601e-06 1.0531e-01 1.2502e+04 1.1827e-01 2.6328e-01
5.9804e+01 1.2501e+04 3.2693e-06 1.0180e-01 1.2501e+04 4.0868e-02 2.5451e-01
6.0196e+01 1.2500e+04 1.0719e-06 1.0059e-01 1.2500e+04 1.3399e-02 2.5147e-01
6.0588e+01 1.2500e+04 3.4199e-07 1.0019e-01 1.2500e+04 4.2750e-03 2.5047e-01
6.0980e+01 1.2500e+04 1.0741e-07 1.0006e-01 1.2500e+04 1.3426e-03 2.5015e-01
6.1373e+01 1.2500e+04 3.3347e-08 1.0002e-01 1.2500e+04 4.1683e-04 2.5005e-01
6.1765e+01 1.2500e+04 1.0247e-08 1.0001e-01 1.2500e+04 1.2809e-04 2.5001e-01
6.2157e+01 1.2500e+04 3.1178e-09 1.0000e-01 1.2500e+04 3.8973e-05 2.5000e-01
6.2549e+01 1.2500e+04 9.3916e-10 1.0000e-01 1.2500e+04 1.1740e-05 2.5000e-01
6.2941e+01 1.2500e+04 2.8005e-10 1.0000e-01 1.2500e+04 3.5006e-06 2.5000e-01
6.3333e+01 1.2500e+04 8.2647e-11 1.0000e-01 1.2500e+04 1.0331e-06 2.5000e-01
6.3725e+01 1.2500e+04 2.4136e-11 1.0000e-01 1.2500e+04 3.0170e-07 2.5000e-01
6.4118e+01 1.2500e+04 6.9734e-12 1.0000e-01 1.2500e+04 8.7168e-08 2.5000e-01
6.4510e+01 1.2500e+04 1.9930e-12 1.0000e-01 1.2500e+04 2.4912e-08 2.5000e-01
6.4902e+01 1.2500e+04 5.6331e-13 1.0000e-01 1.2500e+04 7.0414e-09 2.5000e-01
6.5294e+01 1.2500e+04 1.5744e-13 1.0000e-01 1.2500e+04 1.9680e-09 2.5000e-01
6.5686e+01 1.2500e+04 4.3502e-14 1.0000e-01 1.2500e+04 5.4377e-10 2.5000e-01
6.6078e+01 1.2500e+04 1.1881e-14 1.0000e-01 1.2500e+04 1.4851e-10 2.5000e-01
6.6471e+01 1.2500e+04 3.2064e-15 1.0000e-01 1.2500e+04 4.0081e-11 2.5000e-01
6.6863e+01 1.2500e+04 8.5456e-16 1.0000e-01 1.2500e+04 1.0682e-11 2.5000e-01
6.7255e+01 1.2500e+04 2.2445e-16 1.0000e-01 1.2500e+04 2.8057e-12 2.5000e-01
6.7647e+01 1.2500e+04 5.7598e-17 1.0000e-01 1.2500e+04 7.1997e-13 2.5000e-01
6.8039e+01 1.2500e+04 1.4083e-17 1.0000e-01 1.2500e+04 1.7603e-13 2.5000e-01
6.8431e+01 1.2500e+04 2.9616e-18 1.0000e-01 1.2500e+04 3.7020e-14 2.5000e-01
6.8824e+01 1.2500e+04 3.4879e-19 1.0000e-01 1.2500e+04 4.3598e-15 2.5000e-01
6.9216e+01 1.2500e+04 6.7946e-21 1.0000e-01 1.2500e+04 8.4932e-17 2.5000e-01
6.9608e+01 1.2500e+04 0.0000e+00 1.0000e-01 1.2500e+04 0.0000e+00 2.5000e-01
7.0000e+01 1.2500e+04 0.0000e+00 1.0000e-01 1.2500e+04 0.0000e+00 2.5000e-01
7.0392e+01 1.2500e+04 0.0000e+00 1.0000e-01 1.2500e+04 0.0000e+00 2.5000e-01
7.0784e+01 1.2500e+04 0.0000e+00 1.0000e-01 1.2500e+04 0.0000e+00 2.5000e-01
7.1176e+01 1.2500e+04 0.0000e+00 1.0000e-01 1.2500e+04 0.0000e+00 2.5000e-01
7.1569e+01 1.2500e+04 0.0000e+00 1.0000e-01 1.2500e+04 0.0000e+00 2.5000e-01
7.1961e+01 1.2500e+04 0.0000e+00 1.0000e-01 1.2500e+04 0.0000e+00 2.5000e-01
7.2353e+01 1.2500e+04 0.0000e+00 1.0000e-01 1.2500e+04 0.0000e+00 2.5000e-01
7.2745e+01 1.2500e+04 0.0000e+00 1.0000e-01 1.2500e+04 0.0000e+00 2.5000e-01
7.3137e+01 1.2500e+04 0.0000e+00 1.0000e-01 1.2500e+04 0.0000e+00 2.5000e-01
7.3529e+01 1.2500e+04 0.0000e+00 1.0000e-01 1.2500e+04 0.0000e+00 2.5000e-01
7.3922e+01 1.2500e+04 0.0000e+00 1.0000e-01 1.2500e+04 0.0000e+00 2.5000e-01
7.4314e+01 1.2500e+04 0.0000e+00 1.0000e-01 1.2500e+04 0.0000e+00 2.5000e-01
7.4706e+01 1.2500e+04 0.0000e+00 1.0000e-01 1.2500e+04 0.0000e+00 2.5000e-01
7.5098e+01 1.2500e+04 0.0000e+00 1.0000e-01 1.2500e+04 0.0000e+00 2.5000e-01
7.5490e+01 1.2500e+04 0.0000e+00 1.0000e-01 1.2500e+04 0.0000e+00 2.5000e-01
7.5882e+01 1.2500e+04 0.0000e+00 1.0000e-01 1.2500e+04 0.0000e+00 2.5000e-01
7.6275e+01 1.2500e+04 0.0000e+00 1.0000e-01 1.2500e+04 0.0000e+00 2.5000e-01
7.6667e+01 1.2500e+04 0.0000e+00 1.0000e-01 1.2500e+04 0.0000e+00 2.5000e-01
7.7059e+01 1.2500e+04 0.0000e+00 1.0000e-01 1.2500e+04 0.0000e+00 2.5000e-01
7.7451e+01 1.2500e+04 0.0000e+00 1.0000e-01 1.2500e+04 0.0000e+00 2.5000e-01
7.7843e+01 1.2500e+04 0.0000e+00 1.0000e-01 1.2500e+04 0.0000e+00 2.5000e-01
7.8235e+01 1.2500e+04 0.0000e+00 1.0000e-01 1.2500e+04 0.0000e+00 2.5000e-01
7.8627e+01 1.2500e+04 0.0000e+00 1.0000e-01 1.2500e+04 0.0000e+00 2.5000e-01
7.9020e+01 1.2500e+04 0.0000e+00 1.0000e-01 1.2500e+04 0.0000e+00 2.5000e-01
7.9412e+01 1.2500e+04 0.0000e+00 1.0000e-01 1.2500e+04 0.0000e+00 2.5000e-01
7.9804e+01 1.2500e+04 0.0000e+00 1.0000e-01 1.2500e+04 0.0000e+00 2.5000e-01
8.0196e+01 1.2500e+04 0.0000e+00 1.0000e-01 1.2500e+04 0.0000e+00 2.5000e-01
8.0588e+01 1.2500e+04 0.0000e+00 1.0000e-01 1.2500e+04 0.0000e+00 2.5000e-01
8.0980e+01 1.2500e+04 0.0000e+00 1.0000e-01 1.2500e+04 0.0000e+00 2.5000e-01
8.1373e+01 1.2500e+04 0.0000e+00 1.0000e-01 1.2500e+04 0.0000e+00 2.5000e-01
8.1765e+01 1.2500e+04 0.0000e+00 1.0000e-01 1.2500e+04 0.0000e+00 2.5000e-01
8.2157e+01 1.2500e+04 0.0000e+00 1.0000e-01 1.2500e+04 0.0000e+00 2.5000e-01
8.2549e+01 1.2500e+04 0.0000e+00 1.0000e-01 1.2500e+04 0.0000e+00 2.5000e-01
8.2941e+01 1.2500e+04 0.0000e+00 1.0000e-01 1.2500e+04 0.0000e+00 2.5000e-01
8.3333e+01 1.2500e+04 0.0000e+00 1.0000e-01 1.2500e+04 0.0000e+00 2.5000e-01
8.3725e+01 1.2500e+04 0.0000e+00 1.0000e-01 1.2500e+04 0.0000e+00 2.5000e-01
8.4118e+01 1.2500e+04 0.0000e+00 1.0000e-01 1.2500e+04 0.0000e+00 2.5000e-01
8.4510e+01 1.2500e+04 0.0000e+00 1.0000e-01 1.2500e+04 0.0000e+00 2.5000e-01
8.4902e+01 1.2500e+04 0.0000e+00 1.0000e-01 1.2500e+04 0.0000e+00 2.5000e-01
8.5294e+01 1.2500e+04 0.0000e+00 1.0000e-01 1.2500e+04 0.0000e+00 2.5000e-01
8.5686e+01 1.2500e+04 0.0000e+00 1.0000e-01 1.2500e+04 0.0000e+00 2.5000e-01
8.6078e+01 1.2500e+04 0.0000e+00 1.0000e-01 1.2500e+04 0.0000e+00 2.5000e-01
8.6471e+01 1.2500e+04 0.0000e+00 1.0000e-01 1.2500e+04 0.0000e+00 2.5000e-01
8.6863e+01 1.2500e+04 0.0000e+00 1.0000e-01 1.2500e+04 0.0000e+00 2.5000e-01
8.7255e+01 1.2500e+04 0.0000e+00 1.0000e-01 1.2500e+04 0.0000e+00 2.5000e-01
8.7647e+01 1.2500e+04 0.0000e+00 1.0000e-01 1.2500e+04 0.0000e+00 2.5000e-01
8.8039e+01 1.2500e+04 0.0000e+00 1.0000e-01 1.2500e+04 0.0000e+00 2.5000e-01
8.8431e+01 1.2500e+04 0.0000e+00 1.0000e-01 1.2500e+04 0.0000e+00 2.5000e-01
8.8824e+01 1.2500e+04 0.0000e+00 1.0000e-01 1.2500e+04 0.0000e+00 2.5000e-01
8.9216e+01 1.2500e+04 0.0000e+00 1.0000e-01 1.2500e+04 0.0000e+00 2.5000e-01
8.9608e+01 1.2500e+04 0.0000e+00 1.0000e-01 1.2500e+04 0.0000e+00 2.5000e-01
9.0000e+01 1.2500e+04 0.0000e+00 1.0000e-01 1.2500e+04 0.0000e+00 2.5000e-01
9.0392e+01 1.2500e+04 0.0000e+00 1.0000e-01 1.2500e+04 0.0000e+00 2.5000e-01
9.0784e+01 1.2500e+04 0.0000e+00 1.0000e-01 1.2500e+04 0.0000e+00 2.5000e-01
9.1176e+01 1.2500e+04 0.0000e+00 1.0000e-01 1.2500e+04 0.0000e+00 2.5000e-01
9.1569e+01 1.2500e+04 0.0000e+00 1.0000e-01 1.2500e+04 0.0000e+00 2.5000e-01
9.1961e+01 1.2500e+04 0.0000e+00 1.0000e-01 1.2500e+04 0.0000e+00 2.5000e-01
9.2353e+01 1.2500e+04 0.0000e+00 1.0000e-01 1.2500e+04 0.0000e+00 2.5000e-01
9.2745e+01 1.2500e+04 0.0000e+00 1.0000e-01 1.2500e+04 0.0000e+00 2.5000e-01
9.3137e+01 1.2500e+04 0.0000e+00 1.0000e-01 1.2500e+04 0.0000e+00 2.5000e-01
9.3529e+01 1.2500e+04 0.0000e+00 1.0000e-01 1.2500e+04 0.0000e+00 2.5000e-01
9.3922e+01 1.2500e+04 0.0000e+00 1.0000e-01 1.2500e+04 0.0000e+00 2.5000e-01
9.4314e+01 1.2500e+04 0.0000e+00 1.0000e-01 1.2500e+04 0.0000e+00 2.5000e-01
9.4706e+01 1.2500e+04 0.0000e+00 1.0000e-01 1.2500e+04 0.0000e+00 2.5000e-01
9.5098e+01 1.2500e+04 0.0000e+00 1.0000e-01 1.2500e+04 0.0000e+00 2.5000e-01
9.5490e+01 1.2500e+04 0.0000e+00 1.0000e-01 1.2500e+04 0.0000e+00 2.5000e-01
9.5882e+01 1.2500e+04 0.0000e+00 1.0000e-01 1.2500e+04 0.0000e+00 2.5000e-01
9.6275e+01 1.2500e+04 0.0000e+00 1.0000e-01 1.2500e+04 0.0000e+00 2.5000e-01
9.6667e+01 1.2500e+04 0.0000e+00 1.0000e-01 1.2500e+04 0.0000e+00 2.5000e-01
9.7059e+01 1.2500e+04 0.0000e+00 1.0000e-01 1.2500e+04 0.0000e+00 2.5000e-01
9.7451e+01 1.2500e+04 0.0000e+00 1.0000e-01 1.2500e+04 0.0000e+00 2.5000e-01
9.7843e+01 1.2500e+04 0.0000e+00 1.0000e-01 1.2500e+04 0.0000e+00 2.5000e-01
9.8235e+01 1.2500e+04 0.0000e+00 1.0000e-01 1.2500e+04 0.0000e+00 2.5000e-01
9.8627e+01 1.2500e+04 0.0000e+00 1.0000e-01 1.2500e+04 0.0000e+00 2.5000e-01
9.9020e+01 1.2500e+04 0.0000e+00 1.0000e-01 1.2500e+04 0.0000e+00 2.5000e-01
9.9412e+01 1.2500e+04 0.0000e+00 1.0000e-01 1.2500e+04 0.0000e+00 2.5000e-01
9.9804e+01 1.2500e+04 0.0000e+00 1.0000e-01 1.2500e+04 0.0000e+00 2.5000e-01
