# # x Density Velocity Pressure q0 q1 q2
1.9608e-01 1.0000e+05 5.0229e-14 1.0000e+00 1.0000e+05 5.0229e-09 2.5000e+00
5.8824e-01 1.0000e+05 6.6346e-14 1.0000e+00 1.0000e+05 6.6346e-09 2.5000e+00
9.8039e-01 1.0000e+05 8.2687e-14 1.0000e+00 1.0000e+05 8.2687e-09 2.5000e+00
1.3725e+00 1.0000e+05 1.0811e-13 1.0000e+00 1.0000e+05 1.0811e-08 2.5000e+00
1.7647e+00 1.0000e+05 1.4676e-13 1.0000e+00 1.0000e+05 1.4676e-08 2.5000e+00
2.1569e+00 1.0000e+05 2.0308e-13 1.0000e+00 1.0000e+05 2.0308e-08 2.5000e+00
2.5490e+00 1.0000e+05 2.8321e-13 1.0000e+00 1.0000e+05 2.8321e-08 2.5000e+00
2.9412e+00 1.0000e+05 3.9579e-13 1.0000e+00 1.0000e+05 3.9579e-08 2.5000e+00
3.3333e+00 1.0000e+05 5.5280e-13 1.0000e+00 1.0000e+05 5.5280e-08 2.5000e+00
3.7255e+00 1.0000e+05 7.7071e-13 1.0000e+00 1.0000e+05 7.7071e-08 2.5000e+00
4.1176e+00 1.0000e+05 1.0720e-12 1.0000e+00 1.0000e+05 1.0720e-07 2.5000e+00
4.5098e+00 1.0000e+05 1.4871e-12 1.0000e+00 1.0000e+05 1.4871e-07 2.5000e+00
4.9020e+00 1.0000e+05 2.0573e-12 1.0000e+00 1.0000e+05 2.0573e-07 2.5000e+00
5.2941e+00 1.0000e+05 2.8382e-12 1.0000e+00 1.0000e+05 2.8382e-07 2.5000e+00
5.6863e+00 1.0000e+05 3.9044e-12 1.0000e+00 1.0000e+05 3.9044e-07 2.5000e+00
6.0784e+00 1.0000e+05 5.3560e-12 1.0000e+00 1.0000e+05 5.3560e-07 2.5000e+00
6.4706e+00 1.0000e+05 7.3264e-12 1.0000e+00 1.0000e+05 7.3264e-07 2.5000e+00
6.8627e+00 1.0000e+05 9.9932e-12 1.0000e+00 1.0000e+05 9.9932e-07 2.5000e+00
7.2549e+00 1.0000e+05 1.3592e-11 1.0000e+00 1.0000e+05 1.3592e-06 2.5000e+00
7.6471e+00 1.0000e+05 1.8434e-11 1.0000e+00 1.0000e+05 1.8434e-06 2.5000e+00
8.0392e+00 1.0000e+05 2.4931e-11 1.0000e+00 1.0000e+05 2.4931e-06 2.5000e+00
8.4314e+00 1.0000e+05 3.3621e-11 1.0000e+00 1.0000e+05 3.3621e-06 2.5000e+00
8.8235e+00 1.0000e+05 4.5210e-11 1.0000e+00 1.0000e+05 4.5210e-06 2.5000e+00
9.2157e+00 1.0000e+05 6.0622e-11 1.0000e+00 1.0000e+05 6.0622e-06 2.5000e+00
9.6078e+00 1.0000e+05 8.1056e-11 1.0000e+00 1.0000e+05 8.1056e-06 2.5000e+00
1.0000e+01 1.0000e+05 1.0807e-10 1.0000e+00 1.0000e+05 1.0807e-05 2.5000e+00
1.0392e+01 1.0000e+05 1.4368e-10 1.0000e+00 1.0000e+05 1.4368e-05 2.5000e+00
1.0784e+01 1.0000e+05 1.9047e-10 1.0000e+00 1.0000e+05 1.9047e-05 2.5000e+00
1.1176e+01 1.0000e+05 2.5179e-10 1.0000e+00 1.0000e+05 2.5179e-05 2.5000e+00
1.1569e+01 1.0000e+05 3.3190e-10 1.0000e+00 1.0000e+05 3.3190e-05 2.5000e+00
1.1961e+01 1.0000e+05 4.3625e-10 1.0000e+00 1.0000e+05 4.3625e-05 2.5000e+00
1.2353e+01 1.0000e+05 5.7177e-10 1.0000e+00 1.0000e+05 5.7177e-05 2.5000e+00
1.2745e+01 1.0000e+05 7.4728e-10 1.0000e+00 1.0000e+05 7.4728e-05 2.5000e+00
1.3137e+01 1.0000e+05 9.7387e-10 1.0000e+00 1.0000e+05 9.7387e-05 2.5000e+00
1.3529e+01 1.0000e+05 1.2656e-09 1.0000e+00 1.0000e+05 1.2656e-04 2.5000e+00
1.3922e+01 1.0000e+05 1.6399e-09 1.0000e+00 1.0000e+05 1.6399e-04 2.5000e+00
1.4314e+01 1.0000e+05 2.1190e-09 1.0000e+00 1.0000e+05 2.1190e-04 2.5000e+00
1.4706e+01 1.0000e+05 2.7303e-09 1.0000e+00 1.0000e+05 2.7303e-04 2.5000e+00
1.5098e+01 1.0000e+05 3.5080e-09 9.9999e-01 1.0000e+05 3.5080e-04 2.5000e+00
1.5490e+01 1.0000e+05 4.4943e-09 9.9999e-01 1.0000e+05 4.4943e-04 2.5000e+00
1.5882e+01 1.0000e+05 5.7417e-09 9.9999e-01 1.0000e+05 5.7417e-04 2.5000e+00
1.6275e+01 1.0000e+05 7.3145e-09 9.9999e-01 1.0000e+05 7.3145e-04 2.5000e+00
1.6667e+01 1.0000e+05 9.2917e-09 9.9998e-01 1.0000e+05 9.2917e-04 2.5000e+00
1.7059e+01 1.0000e+05 1.1770e-08 9.9998e-01 1.0000e+05 1.1770e-03 2.5000e+00
1.7451e+01 1.0000e+05 1.4867e-08 9.9998e-01 1.0000e+05 1.4867e-03 2.4999e+00
1.7843e+01 1.0000e+05 1.8726e-08 9.9997e-01 1.0000e+05 1.8726e-03 2.4999e+00
1.8235e+01 1.0000e+05 2.3520e-08 9.9996e-01 1.0000e+05 2.3520e-03 2.4999e+00
1.8627e+01 1.0000e+05 2.9458e-08 9.9995e-01 1.0000e+05 2.9458e-03 2.4999e+00
1.9020e+01 1.0000e+05 3.6792e-08 9.9994e-01 1.0000e+05 3.6791e-03 2.4999e+00
1.9412e+01 1.0000e+05 4.5821e-08 9.9993e-01 1.0000e+05 4.5821e-03 2.4998e+00
1.9804e+01 1.0000e+05 5.6907e-08 9.9991e-01 1.0000e+05 5.6906e-03 2.4998e+00
2.0196e+01 1.0000e+05 7.0475e-08 9.9990e-01 1.0000e+05 7.0475e-03 2.4997e+00
2.0588e+01 9.9999e+04 8.7034e-08 9.9987e-01 9.9999e+04 8.7034e-03 2.4997e+00
2.0980e+01 9.9999e+04 1.0718e-07 9.9984e-01 9.9999e+04 1.0718e-02 2.4996e+00
2.1373e+01 9.9999e+04 1.3163e-07 9.9981e-01 9.9999e+04 1.3163e-02 2.4995e+00
2.1765e+01 9.9999e+04 1.6120e-07 9.9977e-01 9.9999e+04 1.6119e-02 2.4994e+00
2.2157e+01 9.9999e+04 1.9686e-07 9.9972e-01 9.9999e+04 1.9685e-02 2.4993e+00
2.2549e+01 9.9998e+04 2.3974e-07 9.9966e-01 9.9998e+04 2.3973e-02 2.4992e+00
2.2941e+01 9.9998e+04 2.9114e-07 9.9960e-01 9.9998e+04 2.9114e-02 2.4990e+00
2.3333e+01 9.9997e+04 3.5259e-07 9.9952e-01 9.9997e+04 3.5259e-02 2.4988e+00
2.3725e+01 9.9997e+04 4.2583e-07 9.9942e-01 9.9997e+04 4.2582e-02 2.4986e+00
2.4118e+01 9.9996e+04 5.1287e-07 9.9931e-01 9.9996e+04 5.1285e-02 2.4983e+00
2.4510e+01 9.9995e+04 6.1599e-07 9.9918e-01 9.9995e+04 6.1596e-02 2.4980e+00
2.4902e+01 9.9994e+04 7.3780e-07 9.9903e-01 9.9994e+04 7.3776e-02 2.4976e+00
2.5294e+01 9.9993e+04 8.8128e-07 9.9886e-01 9.9993e+04 8.8123e-02 2.4971e+00
2.5686e+01 9.9992e+04 1.0498e-06 9.9865e-01 9.9992e+04 1.0497e-01 2.4966e+00
2.6078e+01 9.9990e+04 1.2471e-06 9.9842e-01 9.9990e+04 1.2470e-01 2.4960e+00
2.6471e+01 9.9988e+04 1.4775e-06 9.9815e-01 9.9988e+04 1.4773e-01 2.4954e+00
2.6863e+01 9.9986e+04 1.7456e-06 9.9784e-01 9.9986e+04 1.7454e-01 2.4946e+00
2.7255e+01 9.9983e+04 2.0569e-06 9.9748e-01 9.9983e+04 2.0566e-01 2.4937e+00
2.7647e+01 9.9980e+04 2.4171e-06 9.9708e-01 9.9980e+04 2.4167e-01 2.4927e+00
2.8039e+01 9.9977e+04 2.8328e-06 9.9661e-01 9.9977e+04 2.8322e-01 2.4915e+00
2.8431e+01 9.9973e+04 3.3111e-06 9.9609e-01 9.9973e+04 3.3102e-01 2.4902e+00
2.8824e+01 9.9968e+04 3.8599e-06 9.9550e-01 9.9968e+04 3.8586e-01 2.4887e+00
2.9216e+01 9.9962e+04 4.4876e-06 9.9483e-01 9.9962e+04 4.4859e-01 2.4871e+00
2.9608e+01 9.9955e+04 5.2036e-06 9.9408e-01 9.9955e+04 5.2013e-01 2.4852e+00
3.0000e+01 9.9948e+04 6.0180e-06 9.9324e-01 9.9948e+04 6.0148e-01 2.4831e+00
3.0392e+01 9.9939e+04 6.9415e-06 9.9230e-01 9.9939e+04 6.9373e-01 2.4807e+00
3.0784e+01 9.9929e+04 7.9860e-06 9.9125e-01 9.9929e+04 7.9803e-01 2.4781e+00
3.1176e+01 9.9918e+04 9.1637e-06 9.9008e-01 9.9918e+04 9.1562e-01 2.4752e+00
3.1569e+01 9.9905e+04 1.0488e-05 9.8880e-01 9.9905e+04 1.0478e+00 2.4720e+00
3.1961e+01 9.9890e+04 1.1973e-05 9.8738e-01 9.9890e+04 1.1960e+00 2.4684e+00
3.2353e+01 9.9874e+04 1.3633e-05 9.8581e-01 9.9874e+04 1.3616e+00 2.4645e+00
3.2745e+01 9.9855e+04 1.5485e-05 9.8410e-01 9.9855e+04 1.5462e+00 2.4603e+00
3.3137e+01 9.9834e+04 1.7543e-05 9.8222e-01 9.9834e+04 1.7514e+00 2.4556e+00
3.3529e+01 9.9810e+04 1.9825e-05 9.8018e-01 9.9810e+04 1.9788e+00 2.4505e+00
3.3922e+01 9.9783e+04 2.2349e-05 9.7795e-01 9.9783e+04 2.2300e+00 2.4449e+00
3.4314e+01 9.9753e+04 2.5132e-05 9.7555e-01 9.9753e+04 2.5070e+00 2.4389e+00
3.4706e+01 9.9720e+04 2.8192e-05 9.7294e-01 9.9720e+04 2.8113e+00 2.4324e+00
3.5098e+01 9.9682e+04 3.1548e-05 9.7014e-01 9.9682e+04 3.1448e+00 2.4254e+00
3.5490e+01 9.9641e+04 3.5219e-05 9.6713e-01 9.9641e+04 3.5093e+00 2.4179e+00
3.5882e+01 9.9596e+04 3.9224e-05 9.6391e-01 9.9596e+04 3.9065e+00 2.4098e+00
3.6275e+01 9.9545e+04 4.3581e-05 9.6046e-01 9.9545e+04 4.3383e+00 2.4012e+00
3.6667e+01 9.9490e+04 4.8308e-05 9.5680e-01 9.9490e+04 4.8062e+00 2.3921e+00
3.7059e+01 9.9429e+04 5.3425e-05 9.5291e-01 9.9429e+04 5.3120e+00 2.3824e+00
3.7451e+01 9.9362e+04 5.8947e-05 9.4879e-01 9.9362e+04 5.8571e+00 2.3721e+00
3.7843e+01 9.9289e+04 6.4894e-05 9.4444e-01 9.9289e+04 6.4432e+00 2.3613e+00
3.8235e+01 9.9210e+04 7.1280e-05 9.3987e-01 9.9210e+04 7.0716e+00 2.3499e+00
3.8627e+01 9.9123e+04 7.8120e-05 9.3507e-01 9.9123e+04 7.7435e+00 2.3380e+00
3.9020e+01 9.9029e+04 8.5429e-05 9.3005e-01 9.9029e+04 8.4600e+00 2.3255e+00
3.9412e+01 9.8928e+04 9.3220e-05 9.2481e-01 9.8928e+04 9.2220e+00 2.3125e+00
3.9804e+01 9.8818e+04 1.0150e-04 9.1936e-01 9.8818e+04 1.0030e+01 2.2989e+00
4.0196e+01 9.8700e+04 1.1029e-04 9.1370e-01 9.8700e+04 1.0885e+01 2.2849e+00
4.0588e+01 9.8572e+04 1.1958e-04 9.0785e-01 9.8572e+04 1.1788e+01 2.2703e+00
4.0980e+01 9.8436e+04 1.2940e-04 9.0182e-01 9.8436e+04 1.2737e+01 2.2554e+00
4.1373e+01 9.8290e+04 1.3973e-04 8.9561e-01 9.8290e+04 1.3734e+01 2.2400e+00
4.1765e+01 9.8134e+04 1.5057e-04 8.8922e-01 9.8134e+04 1.4776e+01 2.2242e+00
4.2157e+01 9.7970e+04 1.6199e-04 8.8272e-01 9.7970e+04 1.5871e+01 2.2081e+00
4.2549e+01 9.7790e+04 1.7376e-04 8.7601e-01 9.7790e+04 1.6992e+01 2.1915e+00
4.2941e+01 9.7614e+04 1.8656e-04 8.6936e-01 9.7614e+04 1.8211e+01 2.1751e+00
4.3333e+01 9.7388e+04 1.9842e-04 8.6211e-01 9.7388e+04 1.9324e+01 2.1572e+00
4.3725e+01 9.7253e+04 2.1451e-04 8.5605e-01 9.7253e+04 2.0862e+01 2.1424e+00
4.4118e+01 9.6863e+04 2.2225e-04 8.4690e-01 9.6863e+04 2.1528e+01 2.1196e+00
4.4510e+01 9.6993e+04 2.4962e-04 8.4420e-01 9.6993e+04 2.4211e+01 2.1135e+00
4.4902e+01 9.6063e+04 2.3963e-04 8.2870e-01 9.6063e+04 2.3020e+01 2.0745e+00
4.5294e+01 9.6979e+04 2.9679e-04 8.3558e-01 9.6979e+04 2.8783e+01 2.0932e+00
4.5686e+01 9.4982e+04 2.5004e-04 8.0765e-01 9.4982e+04 2.3749e+01 2.0221e+00
4.6078e+01 9.6888e+04 3.4408e-04 8.2630e-01 9.6888e+04 3.3337e+01 2.0715e+00
4.6471e+01 9.4380e+04 2.8165e-04 7.9319e-01 9.4380e+04 2.6582e+01 1.9867e+00
4.6863e+01 9.5752e+04 3.5773e-04 8.0539e-01 9.5752e+04 3.4253e+01 2.0196e+00
4.7255e+01 9.4694e+04 3.4986e-04 7.9022e-01 9.4694e+04 3.3129e+01 1.9813e+00
4.7647e+01 9.4430e+04 3.6753e-04 7.8331e-01 9.4430e+04 3.4705e+01 1.9646e+00
4.8039e+01 9.4018e+04 3.8347e-04 7.7584e-01 9.4018e+04 3.6053e+01 1.9465e+00
4.8431e+01 9.4006e+04 4.2256e-04 7.7582e-01 9.4006e+04 3.9723e+01 1.9479e+00
4.8824e+01 9.5365e+04 4.1176e-04 7.5982e-01 9.5365e+04 3.9267e+01 1.9076e+00
4.9216e+01 8.1303e+04 4.4664e-04 7.5876e-01 8.1303e+04 3.6313e+01 1.9050e+00
4.9608e+01 1.2830e+05 4.6311e-04 7.5018e-01 1.2830e+05 5.9417e+01 1.8892e+00
5.0000e+01 6.2273e+04 4.7404e-04 7.4427e-01 6.2273e+04 2.9520e+01 1.8677e+00
5.0392e+01 2.2570e+04 5.0144e-04 7.4370e-01 2.2570e+04 1.1318e+01 1.8621e+00
5.0784e+01 1.0733e+04 5.2170e-04 7.4092e-01 1.0733e+04 5.5994e+00 1.8537e+00
5.1176e+01 8.5622e+03 5.7724e-04 7.3770e-01 8.5622e+03 4.9425e+00 1.8457e+00
5.1569e+01 8.6187e+03 7.1533e-04 7.4105e-01 8.6187e+03 6.1652e+00 1.8548e+00
5.1961e+01 9.2849e+03 8.3085e-04 7.4340e-01 9.2849e+03 7.7144e+00 1.8617e+00
5.2353e+01 9.7868e+03 8.4813e-04 7.3794e-01 9.7868e+03 8.3006e+00 1.8484e+00
5.2745e+01 1.0277e+04 8.7672e-04 7.3481e-01 1.0277e+04 9.0097e+00 1.8410e+00
5.3137e+01 1.0672e+04 9.6464e-04 7.3893e-01 1.0672e+04 1.0295e+01 1.8523e+00
5.3529e+01 1.1015e+04 1.0379e-03 7.4239e-01 1.1015e+04 1.1433e+01 1.8619e+00
5.3922e+01 1.1197e+04 1.0441e-03 7.3932e-01 1.1197e+04 1.1691e+01 1.8544e+00
5.4314e+01 1.1332e+04 1.0296e-03 7.3426e-01 1.1332e+04 1.1668e+01 1.8417e+00
5.4706e+01 1.1469e+04 1.0531e-03 7.3367e-01 1.1469e+04 1.2079e+01 1.8405e+00
5.5098e+01 1.1641e+04 1.1140e-03 7.3748e-01 1.1641e+04 1.2968e+01 1.8509e+00
5.5490e+01 1.1781e+04 1.1665e-03 7.4068e-01 1.1781e+04 1.3743e+01 1.8597e+00
5.5882e+01 1.1868e+04 1.1824e-03 7.4006e-01 1.1868e+04 1.4033e+01 1.8585e+00
5.6275e+01 1.1910e+04 1.1718e-03 7.3671e-01 1.1910e+04 1.3955e+01 1.8500e+00
5.6667e+01 1.1955e+04 1.1667e-03 7.3375e-01 1.1955e+04 1.3948e+01 1.8425e+00
5.7059e+01 1.2032e+04 1.1929e-03 7.3449e-01 1.2032e+04 1.4353e+01 1.8448e+00
5.7451e+01 1.2138e+04 1.2458e-03 7.3839e-01 1.2138e+04 1.5121e+01 1.8554e+00
5.7843e+01 1.2241e+04 1.2993e-03 7.4255e-01 1.2241e+04 1.5904e+01 1.8667e+00
5.8235e+01 1.2311e+04 1.3309e-03 7.4437e-01 1.2311e+04 1.6385e+01 1.8718e+00
5.8627e+01 1.2342e+04 1.3359e-03 7.4325e-01 1.2342e+04 1.6488e+01 1.8691e+00
5.9020e+01 1.2351e+04 1.3256e-03 7.4040e-01 1.2351e+04 1.6373e+01 1.8618e+00
5.9412e+01 1.2368e+04 1.3216e-03 7.3802e-01 1.2368e+04 1.6346e+01 1.8558e+00
5.9804e+01 1.2420e+04 1.3453e-03 7.3896e-01 1.2420e+04 1.6709e+01 1.8586e+00
6.0196e+01 1.2513e+04 1.4009e-03 7.4368e-01 1.2513e+04 1.7529e+01 1.8715e+00
6.0588e+01 1.2632e+04 1.4768e-03 7.5089e-01 1.2632e+04 1.8656e+01 1.8910e+00
6.0980e+01 1.2756e+04 1.5564e-03 7.5869e-01 1.2756e+04 1.9854e+01 1.9122e+00
6.1373e+01 1.2865e+04 1.6258e-03 7.6545e-01 1.2865e+04 2.0916e+01 1.9306e+00
6.1765e+01 1.2949e+04 1.6776e-03 7.7025e-01 1.2949e+04 2.1723e+01 1.9438e+00
6.2157e+01 1.3006e+04 1.7107e-03 7.7290e-01 1.3006e+04 2.2250e+01 1.9513e+00
6.2549e+01 1.3041e+04 1.7286e-03 7.7378e-01 1.3041e+04 2.2541e+01 1.9539e+00
6.2941e+01 1.3060e+04 1.7360e-03 7.7346e-01 1.3060e+04 2.2672e+01 1.9533e+00
6.3333e+01 1.3071e+04 1.7378e-03 7.7248e-01 1.3071e+04 2.2714e+01 1.9509e+00
6.3725e+01 1.3077e+04 1.7369e-03 7.7121e-01 1.3077e+04 2.2714e+01 1.9478e+00
6.4118e+01 1.3082e+04 1.7351e-03 7.6983e-01 1.3082e+04 2.2699e+01 1.9443e+00
6.4510e+01 1.3086e+04 1.7328e-03 7.6839e-01 1.3086e+04 2.2677e+01 1.9406e+00
6.4902e+01 1.3090e+04 1.7302e-03 7.6689e-01 1.3090e+04 2.2649e+01 1.9368e+00
6.5294e+01 1.3093e+04 1.7273e-03 7.6535e-01 1.3093e+04 2.2617e+01 1.9329e+00
6.5686e+01 1.3097e+04 1.7242e-03 7.6375e-01 1.3097e+04 2.2581e+01 1.9289e+00
6.6078e+01 1.3099e+04 1.7208e-03 7.6211e-01 1.3099e+04 2.2541e+01 1.9247e+00
6.6471e+01 1.3102e+04 1.7172e-03 7.6043e-01 1.3102e+04 2.2498e+01 1.9204e+00
6.6863e+01 1.3104e+04 1.7133e-03 7.5869e-01 1.3104e+04 2.2451e+01 1.9160e+00
6.7255e+01 1.3106e+04 1.7092e-03 7.5690e-01 1.3106e+04 2.2400e+01 1.9114e+00
6.7647e+01 1.3107e+04 1.7048e-03 7.5507e-01 1.3107e+04 2.2346e+01 1.9067e+00
6.8039e+01 1.3109e+04 1.7003e-03 7.5319e-01 1.3109e+04 2.2288e+01 1.9019e+00
6.8431e+01 1.3110e+04 1.6955e-03 7.5126e-01 1.3110e+04 2.2227e+01 1.8970e+00
6.8824e+01 1.3111e+04 1.6905e-03 7.4927e-01 1.3111e+04 2.2163e+01 1.8919e+00
6.9216e+01 1.3112e+04 1.6852e-03 7.4724e-01 1.3112e+04 2.2096e+01 1.8867e+00
6.9608e+01 1.3112e+04 1.6798e-03 7.4515e-01 1.3112e+04 2.2025e+01 1.8814e+00
7.0000e+01 1.3112e+04 1.6741e-03 7.4300e-01 1.3112e+04 2.1951e+01 1.8759e+00
7.0392e+01 1.3112e+04 1.6682e-03 7.4081e-01 1.3112e+04 2.1874e+01 1.8703e+00
7.0784e+01 1.3112e+04 1.6621e-03 7.3855e-01 1.3112e+04 2.1794e+01 1.8645e+00
7.1176e+01 1.3112e+04 1.6558e-03 7.3624e-01 1.3112e+04 2.1710e+01 1.8586e+00
7.1569e+01 1.3111e+04 1.6492e-03 7.3387e-01 1.3111e+04 2.1623e+01 1.8525e+00
7.1961e+01 1.3111e+04 1.6424e-03 7.3144e-01 1.3111e+04 2.1533e+01 1.8463e+00
7.2353e+01 1.3110e+04 1.6354e-03 7.2895e-01 1.3110e+04 2.1440e+01 1.8399e+00
7.2745e+01 1.3109e+04 1.6282e-03 7.2640e-01 1.3109e+04 2.1344e+01 1.8334e+00
7.3137e+01 1.3107e+04 1.6208e-03 7.2378e-01 1.3107e+04 2.1244e+01 1.8267e+00
7.3529e+01 1.3106e+04 1.6131e-03 7.2110e-01 1.3106e+04 2.1141e+01 1.8198e+00
7.3922e+01 1.3104e+04 1.6052e-03 7.1834e-01 1.3104e+04 2.1035e+01 1.8127e+00
7.4314e+01 1.3102e+04 1.5971e-03 7.1552e-01 1.3102e+04 2.0926e+01 1.8055e+00
7.4706e+01 1.3100e+04 1.5887e-03 7.1263e-01 1.3100e+04 2.0813e+01 1.7981e+00
7.5098e+01 1.3098e+04 1.5801e-03 7.0967e-01 1.3098e+04 2.0697e+01 1.7905e+00
7.5490e+01 1.3096e+04 1.5713e-03 7.0664e-01 1.3096e+04 2.0578e+01 1.7828e+00
7.5882e+01 1.3094e+04 1.5622e-03 7.0353e-01 1.3094e+04 2.0455e+01 1.7748e+00
7.6275e+01 1.3091e+04 1.5529e-03 7.0034e-01 1.3091e+04 2.0329e+01 1.7666e+00
7.6667e+01 1.3088e+04 1.5434e-03 6.9707e-01 1.3088e+04 2.0200e+01 1.7583e+00
7.7059e+01 1.3085e+04 1.5336e-03 6.9373e-01 1.3085e+04 2.0067e+01 1.7497e+00
7.7451e+01 1.3082e+04 1.5236e-03 6.9030e-01 1.3082e+04 1.9931e+01 1.7409e+00
7.7843e+01 1.3079e+04 1.5133e-03 6.8679e-01 1.3079e+04 1.9792e+01 1.7319e+00
7.8235e+01 1.3075e+04 1.5027e-03 6.8319e-01 1.3075e+04 1.9649e+01 1.7227e+00
7.8627e+01 1.3072e+04 1.4919e-03 6.7950e-01 1.3072e+04 1.9502e+01 1.7133e+00
7.9020e+01 1.3068e+04 1.4809e-03 6.7573e-01 1.3068e+04 1.9352e+01 1.7036e+00
7.9412e+01 1.3064e+04 1.4696e-03 6.7186e-01 1.3064e+04 1.9199e+01 1.6938e+00
7.9804e+01 1.3060e+04 1.4580e-03 6.6790e-01 1.3060e+04 1.9042e+01 1.6836e+00
8.0196e+01 1.3056e+04 1.4462e-03 6.6385e-01 1.3056e+04 1.8882e+01 1.6733e+00
8.0588e+01 1.3051e+04 1.4341e-03 6.5970e-01 1.3051e+04 1.8718e+01 1.6627e+00
8.0980e+01 1.3047e+04 1.4218e-03 6.5545e-01 1.3047e+04 1.8550e+01 1.6518e+00
8.1373e+01 1.3042e+04 1.4092e-03 6.5111e-01 1.3042e+04 1.8379e+01 1.6407e+00
8.1765e+01 1.3037e+04 1.3963e-03 6.4666e-01 1.3037e+04 1.8204e+01 1.6293e+00
8.2157e+01 1.3033e+04 1.3831e-03 6.4210e-01 1.3033e+04 1.8026e+01 1.6177e+00
8.2549e+01 1.3027e+04 1.3697e-03 6.3744e-01 1.3027e+04 1.7844e+01 1.6058e+00
8.2941e+01 1.3022e+04 1.3560e-03 6.3267e-01 1.3022e+04 1.7658e+01 1.5937e+00
8.3333e+01 1.3017e+04 1.3420e-03 6.2779e-01 1.3017e+04 1.7468e+01 1.5812e+00
8.3725e+01 1.3011e+04 1.3277e-03 6.2280e-01 1.3011e+04 1.7275e+01 1.5685e+00
8.4118e+01 1.3006e+04 1.3131e-03 6.1770e-01 1.3006e+04 1.7078e+01 1.5555e+00
8.4510e+01 1.3000e+04 1.2983e-03 6.1248e-01 1.3000e+04 1.6878e+01 1.5422e+00
8.4902e+01 1.2994e+04 1.2832e-03 6.0714e-01 1.2994e+04 1.6674e+01 1.5285e+00
8.5294e+01 1.2988e+04 1.2677e-03 6.0168e-01 1.2988e+04 1.6465e+01 1.5146e+00
8.5686e+01 1.2982e+04 1.2520e-03 5.9609e-01 1.2982e+04 1.6254e+01 1.5004e+00
8.6078e+01 1.2976e+04 1.2360e-03 5.9038e-01 1.2976e+04 1.6038e+01 1.4859e+00
8.6471e+01 1.2969e+04 1.2197e-03 5.8454e-01 1.2969e+04 1.5819e+01 1.4710e+00
8.6863e+01 1.2962e+04 1.2031e-03 5.7856e-01 1.2962e+04 1.5596e+01 1.4558e+00
8.7255e+01 1.2956e+04 1.1863e-03 5.7244e-01 1.2956e+04 1.5369e+01 1.4402e+00
8.7647e+01 1.2949e+04 1.1691e-03 5.6616e-01 1.2949e+04 1.5139e+01 1.4243e+00
8.8039e+01 1.2942e+04 1.1517e-03 5.5973e-01 1.2942e+04 1.4905e+01 1.4079e+00
8.8431e+01 1.2935e+04 1.1341e-03 5.5311e-01 1.2935e+04 1.4669e+01 1.3911e+00
8.8824e+01 1.2927e+04 1.1162e-03 5.4631e-01 1.2927e+04 1.4429e+01 1.3738e+00
8.9216e+01 1.2920e+04 1.0981e-03 5.3928e-01 1.2920e+04 1.4187e+01 1.3560e+00
8.9608e+01 1.2912e+04 1.0799e-03 5.3201e-01 1.2912e+04 1.3943e+01 1.3375e+00
9.0000e+01 1.2904e+04 1.0615e-03 5.2445e-01 1.2904e+04 1.3698e+01 1.3184e+00
9.0392e+01 1.2896e+04 1.0432e-03 5.1657e-01 1.2896e+04 1.3453e+01 1.2985e+00
9.0784e+01 1.2888e+04 1.0248e-03 5.0833e-01 1.2888e+04 1.3208e+01 1.2776e+00
9.1176e+01 1.2879e+04 1.0066e-03 4.9966e-01 1.2879e+04 1.2965e+01 1.2557e+00
9.1569e+01 1.2871e+04 9.8864e-04 4.9053e-01 1.2871e+04 1.2724e+01 1.2326e+00
9.1961e+01 1.2862e+04 9.7098e-04 4.8086e-01 1.2862e+04 1.2488e+01 1.2082e+00
9.2353e+01 1.2852e+04 9.5375e-04 4.7061e-01 1.2852e+04 1.2258e+01 1.1824e+00
9.2745e+01 1.2842e+04 9.3705e-04 4.5974e-01 1.2842e+04 1.2034e+01 1.1550e+00
9.3137e+01 1.2832e+04 9.2099e-04 4.4819e-01 1.2832e+04 1.1818e+01 1.1259e+00
9.3529e+01 1.2821e+04 9.0565e-04 4.3592e-01 1.2821e+04 1.1612e+01 1.0951e+00
9.3922e+01 1.2810e+04 8.9112e-04 4.2292e-01 1.2810e+04 1.1415e+01 1.0624e+00
9.4314e+01 1.2799e+04 8.7744e-04 4.0917e-01 1.2799e+04 1.1230e+01 1.0279e+00
9.4706e+01 1.2786e+04 8.6466e-04 3.9466e-01 1.2786e+04 1.1056e+01 9.9144e-01
9.5098e+01 1.2774e+04 8.5279e-04 3.7941e-01 1.2774e+04 1.0893e+01 9.5318e-01
9.5490e+01 1.2761e+04 8.4180e-04 3.6344e-01 1.2761e+04 1.0742e+01 9.1313e-01
9.5882e+01 1.2747e+04 8.3164e-04 3.4679e-01 1.2747e+04 1.0601e+01 8.7137e-01
9.6275e+01 1.2733e+04 8.2220e-04 3.2950e-01 1.2733e+04 1.0469e+01 8.2805e-01
9.6667e+01 1.2718e+04 8.1335e-04 3.1165e-01 1.2718e+04 1.0344e+01 7.8333e-01
9.7059e+01 1.2703e+04 8.0479e-04 2.9331e-01 1.2703e+04 1.0224e+01 7.3739e-01
9.7451e+01 1.2689e+04 7.9657e-04 2.7462e-01 1.2689e+04 1.0107e+01 6.9057e-01
9.7843e+01 1.2673e+04 7.8727e-04 2.5557e-01 1.2673e+04 9.9767e+00 6.4285e-01
9.8235e+01 1.2661e+04 7.8018e-04 2.3667e-01 1.2661e+04 9.8782e+00 5.9553e-01
9.8627e+01 1.2633e+04 7.6322e-04 2.1681e-01 1.2633e+04 9.6420e+00 5.4571e-01
9.9020e+01 1.2658e+04 7.7446e-04 1.9971e-01 1.2658e+04 9.8032e+00 5.0307e-01
9.9412e+01 1.2424e+04 7.0857e-04 1.7365e-01 1.2424e+04 8.8031e+00 4.3724e-01
9.9804e+01 1.3529e+04 9.3657e-04 1.6575e-01 1.3529e+04 1.2671e+01 4.2031e-01
