# # x Density Velocity Pressure q0 q1 q2
1.9608e-01 1.0000e+05 0.0000e+00 1.0000e+00 1.0000e+05 0.0000e+00 2.5000e+00
5.8824e-01 1.0000e+05 0.0000e+00 1.0000e+00 1.0000e+05 0.0000e+00 2.5000e+00
9.8039e-01 1.0000e+05 0.0000e+00 1.0000e+00 1.0000e+05 0.0000e+00 2.5000e+00
1.3725e+00 1.0000e+05 0.0000e+00 1.0000e+00 1.0000e+05 0.0000e+00 2.5000e+00
1.7647e+00 1.0000e+05 0.0000e+00 1.0000e+00 1.0000e+05 0.0000e+00 2.5000e+00
2.1569e+00 1.0000e+05 0.0000e+00 1.0000e+00 1.0000e+05 0.0000e+00 2.5000e+00
2.5490e+00 1.0000e+05 0.0000e+00 1.0000e+00 1.0000e+05 0.0000e+00 2.5000e+00
2.9412e+00 1.0000e+05 0.0000e+00 1.0000e+00 1.0000e+05 0.0000e+00 2.5000e+00
3.3333e+00 1.0000e+05 0.0000e+00 1.0000e+00 1.0000e+05 0.0000e+00 2.5000e+00
3.7255e+00 1.0000e+05 0.0000e+00 1.0000e+00 1.0000e+05 0.0000e+00 2.5000e+00
4.1176e+00 1.0000e+05 0.0000e+00 1.0000e+00 1.0000e+05 0.0000e+00 2.5000e+00
4.5098e+00 1.0000e+05 0.0000e+00 1.0000e+00 1.0000e+05 0.0000e+00 2.5000e+00
4.9020e+00 1.0000e+05 0.0000e+00 1.0000e+00 1.0000e+05 0.0000e+00 2.5000e+00
5.2941e+00 1.0000e+05 0.0000e+00 1.0000e+00 1.0000e+05 0.0000e+00 2.5000e+00
5.6863e+00 1.0000e+05 0.0000e+00 1.0000e+00 1.0000e+05 0.0000e+00 2.5000e+00
6.0784e+00 1.0000e+05 0.0000e+00 1.0000e+00 1.0000e+05 0.0000e+00 2.5000e+00
6.4706e+00 1.0000e+05 0.0000e+00 1.0000e+00 1.0000e+05 0.0000e+00 2.5000e+00
6.8627e+00 1.0000e+05 0.0000e+00 1.0000e+00 1.0000e+05 0.0000e+00 2.5000e+00
7.2549e+00 1.0000e+05 0.0000e+00 1.0000e+00 1.0000e+05 0.0000e+00 2.5000e+00
7.6471e+00 1.0000e+05 0.0000e+00 1.0000e+00 1.0000e+05 0.0000e+00 2.5000e+00
8.0392e+00 1.0000e+05 0.0000e+00 1.0000e+00 1.0000e+05 0.0000e+00 2.5000e+00
8.4314e+00 1.0000e+05 0.0000e+00 1.0000e+00 1.0000e+05 0.0000e+00 2.5000e+00
8.8235e+00 1.0000e+05 0.0000e+00 1.0000e+00 1.0000e+05 0.0000e+00 2.5000e+00
9.2157e+00 1.0000e+05 0.0000e+00 1.0000e+00 1.0000e+05 0.0000e+00 2.5000e+00
9.6078e+00 1.0000e+05 0.0000e+00 1.0000e+00 1.0000e+05 0.0000e+00 2.5000e+00
1.0000e+01 1.0000e+05 0.0000e+00 1.0000e+00 1.0000e+05 0.0000e+00 2.5000e+00
1.0392e+01 1.0000e+05 0.0000e+00 1.0000e+00 1.0000e+05 0.0000e+00 2.5000e+00
1.0784e+01 1.0000e+05 0.0000e+00 1.0000e+00 1.0000e+05 0.0000e+00 2.5000e+00
1.1176e+01 1.0000e+05 0.0000e+00 1.0000e+00 1.0000e+05 0.0000e+00 2.5000e+00
1.1569e+01 1.0000e+05 0.0000e+00 1.0000e+00 1.0000e+05 0.0000e+00 2.5000e+00
1.1961e+01 1.0000e+05 0.0000e+00 1.0000e+00 1.0000e+05 0.0000e+00 2.5000e+00
1.2353e+01 1.0000e+05 0.0000e+00 1.0000e+00 1.0000e+05 0.0000e+00 2.5000e+00
1.2745e+01 1.0000e+05 0.0000e+00 1.0000e+00 1.0000e+05 0.0000e+00 2.5000e+00
1.3137e+01 1.0000e+05 0.0000e+00 1.0000e+00 1.0000e+05 0.0000e+00 2.5000e+00
1.3529e+01 1.0000e+05 0.0000e+00 1.0000e+00 1.0000e+05 0.0000e+00 2.5000e+00
1.3922e+01 1.0000e+05 0.0000e+00 1.0000e+00 1.0000e+05 0.0000e+00 2.5000e+00
1.4314e+01 1.0000e+05 0.0000e+00 1.0000e+00 1.0000e+05 0.0000e+00 2.5000e+00
1.4706e+01 1.0000e+05 0.0000e+00 1.0000e+00 1.0000e+05 0.0000e+00 2.5000e+00
1.5098e+01 1.0000e+05 0.0000e+00 1.0000e+00 1.0000e+05 0.0000e+00 2.5000e+00
1.5490e+01 1.0000e+05 0.0000e+00 1.0000e+00 1.0000e+05 0.0000e+00 2.5000e+00
1.5882e+01 1.0000e+05 0.0000e+00 1.0000e+00 1.0000e+05 0.0000e+00 2.5000e+00
1.6275e+01 1.0000e+05 0.0000e+00 1.0000e+00 1.0000e+05 0.0000e+00 2.5000e+00
1.6667e+01 1.0000e+05 0.0000e+00 1.0000e+00 1.0000e+05 0.0000e+00 2.5000e+00
1.7059e+01 1.0000e+05 0.0000e+00 1.0000e+00 1.0000e+05 0.0000e+00 2.5000e+00
1.7451e+01 1.0000e+05 0.0000e+00 1.0000e+00 1.0000e+05 0.0000e+00 2.5000e+00
1.7843e+01 1.0000e+05 0.0000e+00 1.0000e+00 1.0000e+05 0.0000e+00 2.5000e+00
1.8235e+01 1.0000e+05 0.0000e+00 1.0000e+00 1.0000e+05 0.0000e+00 2.5000e+00
1.8627e+01 1.0000e+05 0.0000e+00 1.0000e+00 1.0000e+05 0.0000e+00 2.5000e+00
1.9020e+01 1.0000e+05 0.0000e+00 1.0000e+00 1.0000e+05 0.0000e+00 2.5000e+00
1.9412e+01 1.0000e+05 0.0000e+00 1.0000e+00 1.0000e+05 0.0000e+00 2.5000e+00
1.9804e+01 1.0000e+05 0.0000e+00 1.0000e+00 1.0000e+05 0.0000e+00 2.5000e+00
2.0196e+01 1.0000e+05 0.0000e+00 1.0000e+00 1.0000e+05 0.0000e+00 2.5000e+00
2.0588e+01 1.0000e+05 0.0000e+00 1.0000e+00 1.0000e+05 0.0000e+00 2.5000e+00
2.0980e+01 1.0000e+05 0.0000e+00 1.0000e+00 1.0000e+05 0.0000e+00 2.5000e+00
2.1373e+01 1.0000e+05 0.0000e+00 1.0000e+00 1.0000e+05 0.0000e+00 2.5000e+00
2.1765e+01 1.0000e+05 0.0000e+00 1.0000e+00 1.0000e+05 0.0000e+00 2.5000e+00
2.2157e+01 1.0000e+05 0.0000e+00 1.0000e+00 1.0000e+05 0.0000e+00 2.5000e+00
2.2549e+01 1.0000e+05 0.0000e+00 1.0000e+00 1.0000e+05 0.0000e+00 2.5000e+00
2.2941e+01 1.0000e+05 0.0000e+00 1.0000e+00 1.0000e+05 0.0000e+00 2.5000e+00
2.3333e+01 1.0000e+05 0.0000e+00 1.0000e+00 1.0000e+05 0.0000e+00 2.5000e+00
2.3725e+01 1.0000e+05 0.0000e+00 1.0000e+00 1.0000e+05 0.0000e+00 2.5000e+00
2.4118e+01 1.0000e+05 0.0000e+00 1.0000e+00 1.0000e+05 0.0000e+00 2.5000e+00
2.4510e+01 1.0000e+05 0.0000e+00 1.0000e+00 1.0000e+05 0.0000e+00 2.5000e+00
2.4902e+01 1.0000e+05 0.0000e+00 1.0000e+00 1.0000e+05 0.0000e+00 2.5000e+00
2.5294e+01 1.0000e+05 0.0000e+00 1.0000e+00 1.0000e+05 0.0000e+00 2.5000e+00
2.5686e+01 1.0000e+05 0.0000e+00 1.0000e+00 1.0000e+05 0.0000e+00 2.5000e+00
2.6078e+01 1.0000e+05 0.0000e+00 1.0000e+00 1.0000e+05 0.0000e+00 2.5000e+00
2.6471e+01 1.0000e+05 0.0000e+00 1.0000e+00 1.0000e+05 0.0000e+00 2.5000e+00
2.6863e+01 1.0000e+05 0.0000e+00 1.0000e+00 1.0000e+05 0.0000e+00 2.5000e+00
2.7255e+01 1.0000e+05 0.0000e+00 1.0000e+00 1.0000e+05 0.0000e+00 2.5000e+00
2.7647e+01 1.0000e+05 0.0000e+00 1.0000e+00 1.0000e+05 0.0000e+00 2.5000e+00
2.8039e+01 1.0000e+05 0.0000e+00 1.0000e+00 1.0000e+05 0.0000e+00 2.5000e+00
2.8431e+01 1.0000e+05 0.0000e+00 1.0000e+00 1.0000e+05 0.0000e+00 2.5000e+00
2.8824e+01 1.0000e+05 0.0000e+00 1.0000e+00 1.0000e+05 0.0000e+00 2.5000e+00
2.9216e+01 1.0000e+05 0.0000e+00 1.0000e+00 1.0000e+05 0.0000e+00 2.5000e+00
2.9608e+01 1.0000e+05 0.0000e+00 1.0000e+00 1.0000e+05 0.0000e+00 2.5000e+00
3.0000e+01 1.0000e+05 0.0000e+00 1.0000e+00 1.0000e+05 0.0000e+00 2.5000e+00
3.0392e+01 1.0000e+05 8.4649e-20 1.0000e+00 1.0000e+05 8.4649e-15 2.5000e+00
3.0784e+01 1.0000e+05 6.3501e-19 1.0000e+00 1.0000e+05 6.3501e-14 2.5000e+00
3.1176e+01 1.0000e+05 2.1714e-18 1.0000e+00 1.0000e+05 2.1714e-13 2.5000e+00
3.1569e+01 1.0000e+05 5.9662e-18 1.0000e+00 1.0000e+05 5.9662e-13 2.5000e+00
3.1961e+01 1.0000e+05 1.7085e-17 1.0000e+00 1.0000e+05 1.7085e-12 2.5000e+00
3.2353e+01 1.0000e+05 5.0841e-17 1.0000e+00 1.0000e+05 5.0841e-12 2.5000e+00
3.2745e+01 1.0000e+05 1.5288e-16 1.0000e+00 1.0000e+05 1.5288e-11 2.5000e+00
3.3137e+01 1.0000e+05 4.5613e-16 1.0000e+00 1.0000e+05 4.5613e-11 2.5000e+00
3.3529e+01 1.0000e+05 1.3413e-15 1.0000e+00 1.0000e+05 1.3413e-10 2.5000e+00
3.3922e+01 1.0000e+05 3.8764e-15 1.0000e+00 1.0000e+05 3.8764e-10 2.5000e+00
3.4314e+01 1.0000e+05 1.1000e-14 1.0000e+00 1.0000e+05 1.1000e-09 2.5000e+00
3.4706e+01 1.0000e+05 3.0627e-14 1.0000e+00 1.0000e+05 3.0627e-09 2.5000e+00
3.5098e+01 1.0000e+05 8.3652e-14 1.0000e+00 1.0000e+05 8.3652e-09 2.5000e+00
3.5490e+01 1.0000e+05 2.2407e-13 1.0000e+00 1.0000e+05 2.2407e-08 2.5000e+00
3.5882e+01 1.0000e+05 5.8842e-13 1.0000e+00 1.0000e+05 5.8842e-08 2.5000e+00
3.6275e+01 1.0000e+05 1.5146e-12 1.0000e+00 1.0000e+05 1.5146e-07 2.5000e+00
3.6667e+01 1.0000e+05 3.8201e-12 1.0000e+00 1.0000e+05 3.8201e-07 2.5000e+00
3.7059e+01 1.0000e+05 9.4394e-12 1.0000e+00 1.0000e+05 9.4394e-07 2.5000e+00
3.7451e+01 1.0000e+05 2.2844e-11 1.0000e+00 1.0000e+05 2.2844e-06 2.5000e+00
3.7843e+01 1.0000e+05 5.4132e-11 1.0000e+00 1.0000e+05 5.4132e-06 2.5000e+00
3.8235e+01 1.0000e+05 1.2557e-10 1.0000e+00 1.0000e+05 1.2557e-05 2.5000e+00
3.8627e+01 1.0000e+05 2.8505e-10 1.0000e+00 1.0000e+05 2.8505e-05 2.5000e+00
3.9020e+01 1.0000e+05 6.3313e-10 1.0000e+00 1.0000e+05 6.3313e-05 2.5000e+00
3.9412e+01 1.0000e+05 1.3755e-09 9.9999e-01 1.0000e+05 1.3755e-04 2.5000e+00
3.9804e+01 1.0000e+05 2.9225e-09 9.9999e-01 1.0000e+05 2.9225e-04 2.5000e+00
4.0196e+01 1.0000e+05 6.0707e-09 9.9997e-01 1.0000e+05 6.0707e-04 2.4999e+00
4.0588e+01 1.0000e+05 1.2326e-08 9.9995e-01 1.0000e+05 1.2326e-03 2.4999e+00
4.0980e+01 1.0000e+05 2.4456e-08 9.9990e-01 1.0000e+05 2.4456e-03 2.4998e+00
4.1373e+01 1.0000e+05 4.7409e-08 9.9982e-01 1.0000e+05 4.7409e-03 2.4995e+00
4.1765e+01 1.0000e+05 8.9773e-08 9.9966e-01 1.0000e+05 8.9773e-03 2.4992e+00
4.2157e+01 1.0000e+05 1.6602e-07 9.9940e-01 1.0000e+05 1.6602e-02 2.4985e+00
4.2549e+01 9.9999e+04 2.9979e-07 9.9895e-01 9.9999e+04 2.9979e-02 2.4974e+00
4.2941e+01 9.9998e+04 5.2852e-07 9.9823e-01 9.9998e+04 5.2851e-02 2.4956e+00
4.3333e+01 9.9997e+04 9.0955e-07 9.9707e-01 9.9997e+04 9.0952e-02 2.4927e+00
4.3725e+01 9.9995e+04 1.5278e-06 9.9528e-01 9.9995e+04 1.5277e-01 2.4882e+00
4.4118e+01 9.9991e+04 2.5046e-06 9.9260e-01 9.9991e+04 2.5044e-01 2.4815e+00
4.4510e+01 9.9986e+04 4.0072e-06 9.8870e-01 9.9986e+04 4.0066e-01 2.4718e+00
4.4902e+01 9.9977e+04 6.2567e-06 9.8321e-01 9.9977e+04 6.2553e-01 2.4580e+00
4.5294e+01 9.9963e+04 9.5342e-06 9.7571e-01 9.9963e+04 9.5307e-01 2.4393e+00
4.5686e+01 9.9943e+04 1.4180e-05 9.6579e-01 9.9943e+04 1.4172e+00 2.4145e+00
4.6078e+01 9.9914e+04 2.0586e-05 9.5312e-01 9.9914e+04 2.0568e+00 2.3828e+00
4.6471e+01 9.9872e+04 2.9176e-05 9.3748e-01 9.9872e+04 2.9139e+00 2.3437e+00
4.6863e+01 9.9814e+04 4.0377e-05 9.1888e-01 9.9814e+04 4.0303e+00 2.2973e+00
4.7255e+01 9.9736e+04 5.4576e-05 8.9759e-01 9.9736e+04 5.4432e+00 2.2441e+00
4.7647e+01 9.9633e+04 7.2080e-05 8.7423e-01 9.9633e+04 7.1815e+00 2.1858e+00
4.8039e+01 9.9495e+04 9.2902e-05 8.4966e-01 9.9495e+04 9.2433e+00 2.1246e+00
4.8431e+01 9.9358e+04 1.1836e-04 8.2550e-01 9.9358e+04 1.1760e+01 2.0645e+00
4.8824e+01 9.8910e+04 1.3783e-04 7.9944e-01 9.8910e+04 1.3633e+01 1.9995e+00
4.9216e+01 9.9819e+04 2.1073e-04 7.9253e-01 9.9819e+04 2.1034e+01 1.9835e+00
4.9608e+01 1.0098e+05 1.2293e-04 7.3118e-01 1.0098e+05 1.2413e+01 1.8287e+00
5.0000e+01 1.2577e+04 1.9771e-04 7.3038e-01 1.2577e+04 2.4865e+00 1.8262e+00
5.0392e+01 1.1938e+04 7.1385e-04 7.6468e-01 1.1938e+04 8.5218e+00 1.9147e+00
5.0784e+01 1.2511e+04 1.0873e-03 7.8804e-01 1.2511e+04 1.3603e+01 1.9775e+00
5.1176e+01 1.2743e+04 1.0647e-03 7.7054e-01 1.2743e+04 1.3568e+01 1.9336e+00
5.1569e+01 1.2703e+04 1.0894e-03 7.6289e-01 1.2703e+04 1.3838e+01 1.9148e+00
5.1961e+01 1.2749e+04 1.0216e-03 7.4450e-01 1.2749e+04 1.3024e+01 1.8679e+00
5.2353e+01 1.2709e+04 1.0278e-03 7.3181e-01 1.2709e+04 1.3062e+01 1.8362e+00
5.2745e+01 1.2733e+04 9.6918e-04 7.1233e-01 1.2733e+04 1.2340e+01 1.7868e+00
5.3137e+01 1.2706e+04 9.5544e-04 6.9477e-01 1.2706e+04 1.2140e+01 1.7427e+00
5.3529e+01 1.2713e+04 9.0234e-04 6.7300e-01 1.2713e+04 1.1471e+01 1.6877e+00
5.3922e+01 1.2694e+04 8.7273e-04 6.5075e-01 1.2694e+04 1.1079e+01 1.6317e+00
5.4314e+01 1.2691e+04 8.2064e-04 6.2552e-01 1.2691e+04 1.0415e+01 1.5681e+00
5.4706e+01 1.2676e+04 7.7849e-04 5.9839e-01 1.2676e+04 9.8682e+00 1.4998e+00
5.5098e+01 1.2667e+04 7.2354e-04 5.6854e-01 1.2667e+04 9.1650e+00 1.4247e+00
5.5490e+01 1.2652e+04 6.7077e-04 5.3589e-01 1.2652e+04 8.4868e+00 1.3426e+00
5.5882e+01 1.2639e+04 6.0993e-04 5.0015e-01 1.2639e+04 7.7091e+00 1.2527e+00
5.6275e+01 1.2624e+04 5.4698e-04 4.6079e-01 1.2624e+04 6.9049e+00 1.1539e+00
5.6667e+01 1.2608e+04 4.7763e-04 4.1750e-01 1.2608e+04 6.0218e+00 1.0452e+00
5.7059e+01 1.2590e+04 4.0370e-04 3.6958e-01 1.2590e+04 5.0827e+00 9.2499e-01
5.7451e+01 1.2572e+04 3.2405e-04 3.1695e-01 1.2572e+04 4.0740e+00 7.9302e-01
5.7843e+01 1.2554e+04 2.4136e-04 2.6070e-01 1.2554e+04 3.0300e+00 6.5211e-01
5.8235e+01 1.2536e+04 1.6132e-04 2.0544e-01 1.2536e+04 2.0223e+00 5.1376e-01
5.8627e+01 1.2521e+04 9.3620e-05 1.5901e-01 1.2521e+04 1.1722e+00 3.9759e-01
5.9020e+01 1.2511e+04 4.6178e-05 1.2772e-01 1.2511e+04 5.7772e-01 3.1932e-01
5.9412e+01 1.2505e+04 1.9445e-05 1.1114e-01 1.2505e+04 2.4316e-01 2.7785e-01
5.9804e+01 1.2502e+04 7.2190e-06 1.0401e-01 1.2502e+04 9.0251e-02 2.6002e-01
6.0196e+01 1.2501e+04 2.4716e-06 1.0135e-01 1.2501e+04 3.0896e-02 2.5338e-01
6.0588e+01 1.2500e+04 8.0991e-07 1.0044e-01 1.2500e+04 1.0124e-02 2.5111e-01
6.0980e+01 1.2500e+04 2.5940e-07 1.0014e-01 1.2500e+04 3.2425e-03 2.5036e-01
6.1373e+01 1.2500e+04 8.1934e-08 1.0005e-01 1.2500e+04 1.0242e-03 2.5011e-01
6.1765e+01 1.2500e+04 2.5604e-08 1.0001e-01 1.2500e+04 3.2005e-04 2.5004e-01
6.2157e+01 1.2500e+04 7.9235e-09 1.0000e-01 1.2500e+04 9.9044e-05 2.5001e-01
6.2549e+01 1.2500e+04 2.4287e-09 1.0000e-01 1.2500e+04 3.0358e-05 2.5000e-01
6.2941e+01 1.2500e+04 7.3729e-10 1.0000e-01 1.2500e+04 9.2161e-06 2.5000e-01
6.3333e+01 1.2500e+04 2.2165e-10 1.0000e-01 1.2500e+04 2.7706e-06 2.5000e-01
6.3725e+01 1.2500e+04 6.5973e-11 1.0000e-01 1.2500e+04 8.2466e-07 2.5000e-01
6.4118e+01 1.2500e+04 1.9439e-11 1.0000e-01 1.2500e+04 2.4298e-07 2.5000e-01
6.4510e+01 1.2500e+04 5.6689e-12 1.0000e-01 1.2500e+04 7.0861e-08 2.5000e-01
6.4902e+01 1.2500e+04 1.6360e-12 1.0000e-01 1.2500e+04 2.0450e-08 2.5000e-01
6.5294e+01 1.2500e+04 4.6713e-13 1.0000e-01 1.2500e+04 5.8392e-09 2.5000e-01
6.5686e+01 1.2500e+04 1.3195e-13 1.0000e-01 1.2500e+04 1.6494e-09 2.5000e-01
6.6078e+01 1.2500e+04 3.6863e-14 1.0000e-01 1.2500e+04 4.6079e-10 2.5000e-01
6.6471e+01 1.2500e+04 1.0184e-14 1.0000e-01 1.2500e+04 1.2730e-10 2.5000e-01
6.6863e+01 1.2500e+04 2.7815e-15 1.0000e-01 1.2500e+04 3.4769e-11 2.5000e-01
6.7255e+01 1.2500e+04 7.5051e-16 1.0000e-01 1.2500e+04 9.3814e-12 2.5000e-01
6.7647e+01 1.2500e+04 1.9948e-16 1.0000e-01 1.2500e+04 2.4935e-12 2.5000e-01
6.8039e+01 1.2500e+04 5.1794e-17 1.0000e-01 1.2500e+04 6.4742e-13 2.5000e-01
6.8431e+01 1.2500e+04 1.2797e-17 1.0000e-01 1.2500e+04 1.5996e-13 2.5000e-01
6.8824e+01 1.2500e+04 2.6739e-18 1.0000e-01 1.2500e+04 3.3424e-14 2.5000e-01
6.9216e+01 1.2500e+04 2.9217e-19 1.0000e-01 1.2500e+04 3.6521e-15 2.5000e-01
6.9608e+01 1.2500e+04 5.0959e-21 1.0000e-01 1.2500e+04 6.3699e-17 2.5000e-01
7.0000e+01 1.2500e+04 0.0000e+00 1.0000e-01 1.2500e+04 0.0000e+00 2.5000e-01
7.0392e+01 1.2500e+04 0.0000e+00 1.0000e-01 1.2500e+04 0.0000e+00 2.5000e-01
7.0784e+01 1.2500e+04 0.0000e+00 1.0000e-01 1.2500e+04 0.0000e+00 2.5000e-01
7.1176e+01 1.2500e+04 0.0000e+00 1.0000e-01 1.2500e+04 0.0000e+00 2.5000e-01
7.1569e+01 1.2500e+04 0.0000e+00 1.0000e-01 1.2500e+04 0.0000e+00 2.5000e-01
7.1961e+01 1.2500e+04 0.0000e+00 1.0000e-01 1.2500e+04 0.0000e+00 2.5000e-01
7.2353e+01 1.2500e+04 0.0000e+00 1.0000e-01 1.2500e+04 0.0000e+00 2.5000e-01
7.2745e+01 1.2500e+04 0.0000e+00 1.0000e-01 1.2500e+04 0.0000e+00 2.5000e-01
7.3137e+01 1.2500e+04 0.0000e+00 1.0000e-01 1.2500e+04 0.0000e+00 2.5000e-01
7.3529e+01 1.2500e+04 0.0000e+00 1.0000e-01 1.2500e+04 0.0000e+00 2.5000e-01
7.3922e+01 1.2500e+04 0.0000e+00 1.0000e-01 1.2500e+04 0.0000e+00 2.5000e-01
7.4314e+01 1.2500e+04 0.0000e+00 1.0000e-01 1.2500e+04 0.0000e+00 2.5000e-01
7.4706e+01 1.2500e+04 0.0000e+00 1.0000e-01 1.2500e+04 0.0000e+00 2.5000e-01
7.5098e+01 1.2500e+04 0.0000e+00 1.0000e-01 1.2500e+04 0.0000e+00 2.5000e-01
7.5490e+01 1.2500e+04 0.0000e+00 1.0000e-01 1.2500e+04 0.0000e+00 2.5000e-01
7.5882e+01 1.2500e+04 0.0000e+00 1.0000e-01 1.2500e+04 0.0000e+00 2.5000e-01
7.6275e+01 1.2500e+04 0.0000e+00 1.0000e-01 1.2500e+04 0.0000e+00 2.5000e-01
7.6667e+01 1.2500e+04 0.0000e+00 1.0000e-01 1.2500e+04 0.0000e+00 2.5000e-01
7.7059e+01 1.2500e+04 0.0000e+00 1.0000e-01 1.2500e+04 0.0000e+00 2.5000e-01
7.7451e+01 1.2500e+04 0.0000e+00 1.0000e-01 1.2500e+04 0.0000e+00 2.5000e-01
7.7843e+01 1.2500e+04 0.0000e+00 1.0000e-01 1.2500e+04 0.0000e+00 2.5000e-01
7.8235e+01 1.2500e+04 0.0000e+00 1.0000e-01 1.2500e+04 0.0000e+00 2.5000e-01
7.8627e+01 1.2500e+04 0.0000e+00 1.0000e-01 1.2500e+04 0.0000e+00 2.5000e-01
7.9020e+01 1.2500e+04 0.0000e+00 1.0000e-01 1.2500e+04 0.0000e+00 2.5000e-01
7.9412e+01 1.2500e+04 0.0000e+00 1.0000e-01 1.2500e+04 0.0000e+00 2.5000e-01
7.9804e+01 1.2500e+04 0.0000e+00 1.0000e-01 1.2500e+04 0.0000e+00 2.5000e-01
8.0196e+01 1.2500e+04 0.0000e+00 1.0000e-01 1.2500e+04 0.0000e+00 2.5000e-01
8.0588e+01 1.2500e+04 0.0000e+00 1.0000e-01 1.2500e+04 0.0000e+00 2.5000e-01
8.0980e+01 1.2500e+04 0.0000e+00 1.0000e-01 1.2500e+04 0.0000e+00 2.5000e-01
8.1373e+01 1.2500e+04 0.0000e+00 1.0000e-01 1.2500e+04 0.0000e+00 2.5000e-01
8.1765e+01 1.2500e+04 0.0000e+00 1.0000e-01 1.2500e+04 0.0000e+00 2.5000e-01
8.2157e+01 1.2500e+04 0.0000e+00 1.0000e-01 1.2500e+04 0.0000e+00 2.5000e-01
8.2549e+01 1.2500e+04 0.0000e+00 1.0000e-01 1.2500e+04 0.0000e+00 2.5000e-01
8.2941e+01 1.2500e+04 0.0000e+00 1.0000e-01 1.2500e+04 0.0000e+00 2.5000e-01
8.3333e+01 1.2500e+04 0.0000e+00 1.0000e-01 1.2500e+04 0.0000e+00 2.5000e-01
8.3725e+01 1.2500e+04 0.0000e+00 1.0000e-01 1.2500e+04 0.0000e+00 2.5000e-01
8.4118e+01 1.2500e+04 0.0000e+00 1.0000e-01 1.2500e+04 0.0000e+00 2.5000e-01
8.4510e+01 1.2500e+04 0.0000e+00 1.0000e-01 1.2500e+04 0.0000e+00 2.5000e-01
8.4902e+01 1.2500e+04 0.0000e+00 1.0000e-01 1.2500e+04 0.0000e+00 2.5000e-01
8.5294e+01 1.2500e+04 0.0000e+00 1.0000e-01 1.2500e+04 0.0000e+00 2.5000e-01
8.5686e+01 1.2500e+04 0.0000e+00 1.0000e-01 1.2500e+04 0.0000e+00 2.5000e-01
8.6078e+01 1.2500e+04 0.0000e+00 1.0000e-01 1.2500e+04 0.0000e+00 2.5000e-01
8.6471e+01 1.2500e+04 0.0000e+00 1.0000e-01 1.2500e+04 0.0000e+00 2.5000e-01
8.6863e+01 1.2500e+04 0.0000e+00 1.0000e-01 1.2500e+04 0.0000e+00 2.5000e-01
8.7255e+01 1.2500e+04 0.0000e+00 1.0000e-01 1.2500e+04 0.0000e+00 2.5000e-01
8.7647e+01 1.2500e+04 0.0000e+00 1.0000e-01 1.2500e+04 0.0000e+00 2.5000e-01
8.8039e+01 1.2500e+04 0.0000e+00 1.0000e-01 1.2500e+04 0.0000e+00 2.5000e-01
8.8431e+01 1.2500e+04 0.0000e+00 1.0000e-01 1.2500e+04 0.0000e+00 2.5000e-01
8.8824e+01 1.2500e+04 0.0000e+00 1.0000e-01 1.2500e+04 0.0000e+00 2.5000e-01
8.9216e+01 1.2500e+04 0.0000e+00 1.0000e-01 1.2500e+04 0.0000e+00 2.5000e-01
8.9608e+01 1.2500e+04 0.0000e+00 1.0000e-01 1.2500e+04 0.0000e+00 2.5000e-01
9.0000e+01 1.2500e+04 0.0000e+00 1.0000e-01 1.2500e+04 0.0000e+00 2.5000e-01
9.0392e+01 1.2500e+04 0.0000e+00 1.0000e-01 1.2500e+04 0.0000e+00 2.5000e-01
9.0784e+01 1.2500e+04 0.0000e+00 1.0000e-01 1.2500e+04 0.0000e+00 2.5000e-01
9.1176e+01 1.2500e+04 0.0000e+00 1.0000e-01 1.2500e+04 0.0000e+00 2.5000e-01
9.1569e+01 1.2500e+04 0.0000e+00 1.0000e-01 1.2500e+04 0.0000e+00 2.5000e-01
9.1961e+01 1.2500e+04 0.0000e+00 1.0000e-01 1.2500e+04 0.0000e+00 2.5000e-01
9.2353e+01 1.2500e+04 0.0000e+00 1.0000e-01 1.2500e+04 0.0000e+00 2.5000e-01
9.2745e+01 1.2500e+04 0.0000e+00 1.0000e-01 1.2500e+04 0.0000e+00 2.5000e-01
9.3137e+01 1.2500e+04 0.0000e+00 1.0000e-01 1.2500e+04 0.0000e+00 2.5000e-01
9.3529e+01 1.2500e+04 0.0000e+00 1.0000e-01 1.2500e+04 0.0000e+00 2.5000e-01
9.3922e+01 1.2500e+04 0.0000e+00 1.0000e-01 1.2500e+04 0.0000e+00 2.5000e-01
9.4314e+01 1.2500e+04 0.0000e+00 1.0000e-01 1.2500e+04 0.0000e+00 2.5000e-01
9.4706e+01 1.2500e+04 0.0000e+00 1.0000e-01 1.2500e+04 0.0000e+00 2.5000e-01
9.5098e+01 1.2500e+04 0.0000e+00 1.0000e-01 1.2500e+04 0.0000e+00 2.5000e-01
9.5490e+01 1.2500e+04 0.0000e+00 1.0000e-01 1.2500e+04 0.0000e+00 2.5000e-01
9.5882e+01 1.2500e+04 0.0000e+00 1.0000e-01 1.2500e+04 0.0000e+00 2.5000e-01
9.6275e+01 1.2500e+04 0.0000e+00 1.0000e-01 1.2500e+04 0.0000e+00 2.5000e-01
9.6667e+01 1.2500e+04 0.0000e+00 1.0000e-01 1.2500e+04 0.0000e+00 2.5000e-01
9.7059e+01 1.2500e+04 0.0000e+00 1.0000e-01 1.2500e+04 0.0000e+00 2.5000e-01
9.7451e+01 1.2500e+04 0.0000e+00 1.0000e-01 1.2500e+04 0.0000e+00 2.5000e-01
9.7843e+01 1.2500e+04 0.0000e+00 1.0000e-01 1.2500e+04 0.0000e+00 2.5000e-01
9.8235e+01 1.2500e+04 0.0000e+00 1.0000e-01 1.2500e+04 0.0000e+00 2.5000e-01
9.8627e+01 1.2500e+04 0.0000e+00 1.0000e-01 1.2500e+04 0.0000e+00 2.5000e-01
9.9020e+01 1.2500e+04 0.0000e+00 1.0000e-01 1.2500e+04 0.0000e+00 2.5000e-01
9.9412e+01 1.2500e+04 0.0000e+00 1.0000e-01 1.2500e+04 0.0000e+00 2.5000e-01
9.9804e+01 1.2500e+04 0.0000e+00 1.0000e-01 1.2500e+04 0.0000e+00 2.5000e-01
