# # x Density Velocity Pressure q0 q1 q2
1.9608e-01 1.0000e+05 8.9286e-14 1.0000e+00 1.0000e+05 8.9286e-09 2.5000e+00
5.8824e-01 1.0000e+05 1.1795e-13 1.0000e+00 1.0000e+05 1.1795e-08 2.5000e+00
9.8039e-01 1.0000e+05 1.4578e-13 1.0000e+00 1.0000e+05 1.4578e-08 2.5000e+00
1.3725e+00 1.0000e+05 1.8852e-13 1.0000e+00 1.0000e+05 1.8852e-08 2.5000e+00
1.7647e+00 1.0000e+05 2.5321e-13 1.0000e+00 1.0000e+05 2.5321e-08 2.5000e+00
2.1569e+00 1.0000e+05 3.4695e-13 1.0000e+00 1.0000e+05 3.4695e-08 2.5000e+00
2.5490e+00 1.0000e+05 4.7945e-13 1.0000e+00 1.0000e+05 4.7945e-08 2.5000e+00
2.9412e+00 1.0000e+05 6.6426e-13 1.0000e+00 1.0000e+05 6.6426e-08 2.5000e+00
3.3333e+00 1.0000e+05 9.2004e-13 1.0000e+00 1.0000e+05 9.2004e-08 2.5000e+00
3.7255e+00 1.0000e+05 1.2722e-12 1.0000e+00 1.0000e+05 1.2722e-07 2.5000e+00
4.1176e+00 1.0000e+05 1.7553e-12 1.0000e+00 1.0000e+05 1.7553e-07 2.5000e+00
4.5098e+00 1.0000e+05 2.4157e-12 1.0000e+00 1.0000e+05 2.4157e-07 2.5000e+00
4.9020e+00 1.0000e+05 3.3156e-12 1.0000e+00 1.0000e+05 3.3156e-07 2.5000e+00
5.2941e+00 1.0000e+05 4.5383e-12 1.0000e+00 1.0000e+05 4.5383e-07 2.5000e+00
5.6863e+00 1.0000e+05 6.1950e-12 1.0000e+00 1.0000e+05 6.1950e-07 2.5000e+00
6.0784e+00 1.0000e+05 8.4329e-12 1.0000e+00 1.0000e+05 8.4329e-07 2.5000e+00
6.4706e+00 1.0000e+05 1.1447e-11 1.0000e+00 1.0000e+05 1.1447e-06 2.5000e+00
6.8627e+00 1.0000e+05 1.5496e-11 1.0000e+00 1.0000e+05 1.5496e-06 2.5000e+00
7.2549e+00 1.0000e+05 2.0919e-11 1.0000e+00 1.0000e+05 2.0919e-06 2.5000e+00
7.6471e+00 1.0000e+05 2.8161e-11 1.0000e+00 1.0000e+05 2.8161e-06 2.5000e+00
8.0392e+00 1.0000e+05 3.7805e-11 1.0000e+00 1.0000e+05 3.7805e-06 2.5000e+00
8.4314e+00 1.0000e+05 5.0610e-11 1.0000e+00 1.0000e+05 5.0610e-06 2.5000e+00
8.8235e+00 1.0000e+05 6.7564e-11 1.0000e+00 1.0000e+05 6.7564e-06 2.5000e+00
9.2157e+00 1.0000e+05 8.9946e-11 1.0000e+00 1.0000e+05 8.9946e-06 2.5000e+00
9.6078e+00 1.0000e+05 1.1941e-10 1.0000e+00 1.0000e+05 1.1941e-05 2.5000e+00
1.0000e+01 1.0000e+05 1.5808e-10 1.0000e+00 1.0000e+05 1.5808e-05 2.5000e+00
1.0392e+01 1.0000e+05 2.0870e-10 1.0000e+00 1.0000e+05 2.0870e-05 2.5000e+00
1.0784e+01 1.0000e+05 2.7476e-10 1.0000e+00 1.0000e+05 2.7476e-05 2.5000e+00
1.1176e+01 1.0000e+05 3.6072e-10 1.0000e+00 1.0000e+05 3.6072e-05 2.5000e+00
1.1569e+01 1.0000e+05 4.7226e-10 1.0000e+00 1.0000e+05 4.7226e-05 2.5000e+00
1.1961e+01 1.0000e+05 6.1657e-10 1.0000e+00 1.0000e+05 6.1657e-05 2.5000e+00
1.2353e+01 1.0000e+05 8.0273e-10 1.0000e+00 1.0000e+05 8.0273e-05 2.5000e+00
1.2745e+01 1.0000e+05 1.0422e-09 1.0000e+00 1.0000e+05 1.0422e-04 2.5000e+00
1.3137e+01 1.0000e+05 1.3494e-09 1.0000e+00 1.0000e+05 1.3494e-04 2.5000e+00
1.3529e+01 1.0000e+05 1.7422e-09 1.0000e+00 1.0000e+05 1.7422e-04 2.5000e+00
1.3922e+01 1.0000e+05 2.2431e-09 1.0000e+00 1.0000e+05 2.2431e-04 2.5000e+00
1.4314e+01 1.0000e+05 2.8801e-09 1.0000e+00 1.0000e+05 2.8801e-04 2.5000e+00
1.4706e+01 1.0000e+05 3.6877e-09 9.9999e-01 1.0000e+05 3.6877e-04 2.5000e+00
1.5098e+01 1.0000e+05 4.7086e-09 9.9999e-01 1.0000e+05 4.7086e-04 2.5000e+00
1.5490e+01 1.0000e+05 5.9956e-09 9.9999e-01 1.0000e+05 5.9956e-04 2.5000e+00
1.5882e+01 1.0000e+05 7.6132e-09 9.9999e-01 1.0000e+05 7.6132e-04 2.5000e+00
1.6275e+01 1.0000e+05 9.6404e-09 9.9998e-01 1.0000e+05 9.6404e-04 2.5000e+00
1.6667e+01 1.0000e+05 1.2174e-08 9.9998e-01 1.0000e+05 1.2174e-03 2.5000e+00
1.7059e+01 1.0000e+05 1.5330e-08 9.9998e-01 1.0000e+05 1.5330e-03 2.4999e+00
1.7451e+01 1.0000e+05 1.9252e-08 9.9997e-01 1.0000e+05 1.9252e-03 2.4999e+00
1.7843e+01 1.0000e+05 2.4110e-08 9.9996e-01 1.0000e+05 2.4110e-03 2.4999e+00
1.8235e+01 1.0000e+05 3.0111e-08 9.9995e-01 1.0000e+05 3.0111e-03 2.4999e+00
1.8627e+01 1.0000e+05 3.7502e-08 9.9994e-01 1.0000e+05 3.7502e-03 2.4999e+00
1.9020e+01 1.0000e+05 4.6579e-08 9.9993e-01 1.0000e+05 4.6579e-03 2.4998e+00
1.9412e+01 1.0000e+05 5.7694e-08 9.9991e-01 1.0000e+05 5.7694e-03 2.4998e+00
1.9804e+01 1.0000e+05 7.1265e-08 9.9989e-01 1.0000e+05 7.1265e-03 2.4997e+00
2.0196e+01 9.9999e+04 8.7788e-08 9.9987e-01 9.9999e+04 8.7787e-03 2.4997e+00
2.0588e+01 9.9999e+04 1.0785e-07 9.9984e-01 9.9999e+04 1.0784e-02 2.4996e+00
2.0980e+01 9.9999e+04 1.3212e-07 9.9981e-01 9.9999e+04 1.3212e-02 2.4995e+00
2.1373e+01 9.9999e+04 1.6142e-07 9.9977e-01 9.9999e+04 1.6142e-02 2.4994e+00
2.1765e+01 9.9999e+04 1.9669e-07 9.9972e-01 9.9999e+04 1.9668e-02 2.4993e+00
2.2157e+01 9.9998e+04 2.3900e-07 9.9967e-01 9.9998e+04 2.3900e-02 2.4992e+00
2.2549e+01 9.9998e+04 2.8963e-07 9.9960e-01 9.9998e+04 2.8963e-02 2.4990e+00
2.2941e+01 9.9997e+04 3.5003e-07 9.9952e-01 9.9997e+04 3.5003e-02 2.4988e+00
2.3333e+01 9.9997e+04 4.2189e-07 9.9943e-01 9.9997e+04 4.2188e-02 2.4986e+00
2.3725e+01 9.9996e+04 5.0713e-07 9.9933e-01 9.9996e+04 5.0711e-02 2.4983e+00
2.4118e+01 9.9995e+04 6.0794e-07 9.9920e-01 9.9995e+04 6.0791e-02 2.4980e+00
2.4510e+01 9.9994e+04 7.2684e-07 9.9905e-01 9.9994e+04 7.2680e-02 2.4976e+00
2.4902e+01 9.9993e+04 8.6666e-07 9.9888e-01 9.9993e+04 8.6660e-02 2.4972e+00
2.5294e+01 9.9992e+04 1.0306e-06 9.9869e-01 9.9992e+04 1.0305e-01 2.4967e+00
2.5686e+01 9.9990e+04 1.2223e-06 9.9846e-01 9.9990e+04 1.2222e-01 2.4962e+00
2.6078e+01 9.9989e+04 1.4458e-06 9.9820e-01 9.9989e+04 1.4457e-01 2.4955e+00
2.6471e+01 9.9986e+04 1.7057e-06 9.9790e-01 9.9986e+04 1.7054e-01 2.4948e+00
2.6863e+01 9.9984e+04 2.0069e-06 9.9756e-01 9.9984e+04 2.0065e-01 2.4939e+00
2.7255e+01 9.9981e+04 2.3551e-06 9.9717e-01 9.9981e+04 2.3546e-01 2.4929e+00
2.7647e+01 9.9977e+04 2.7564e-06 9.9673e-01 9.9977e+04 2.7558e-01 2.4918e+00
2.8039e+01 9.9973e+04 3.2177e-06 9.9622e-01 9.9973e+04 3.2168e-01 2.4906e+00
2.8431e+01 9.9968e+04 3.7464e-06 9.9565e-01 9.9968e+04 3.7452e-01 2.4891e+00
2.8824e+01 9.9963e+04 4.3506e-06 9.9501e-01 9.9963e+04 4.3490e-01 2.4875e+00
2.9216e+01 9.9957e+04 5.0392e-06 9.9429e-01 9.9957e+04 5.0370e-01 2.4857e+00
2.9608e+01 9.9949e+04 5.8218e-06 9.9349e-01 9.9949e+04 5.8188e-01 2.4837e+00
3.0000e+01 9.9941e+04 6.7086e-06 9.9259e-01 9.9941e+04 6.7047e-01 2.4815e+00
3.0392e+01 9.9931e+04 7.7109e-06 9.9158e-01 9.9931e+04 7.7056e-01 2.4790e+00
3.0784e+01 9.9920e+04 8.8404e-06 9.9047e-01 9.9920e+04 8.8333e-01 2.4762e+00
3.1176e+01 9.9908e+04 1.0110e-05 9.8924e-01 9.9908e+04 1.0100e+00 2.4731e+00
3.1569e+01 9.9894e+04 1.1532e-05 9.8788e-01 9.9894e+04 1.1520e+00 2.4697e+00
3.1961e+01 9.9878e+04 1.3122e-05 9.8639e-01 9.9878e+04 1.3106e+00 2.4660e+00
3.2353e+01 9.9860e+04 1.4894e-05 9.8475e-01 9.9860e+04 1.4873e+00 2.4619e+00
3.2745e+01 9.9839e+04 1.6864e-05 9.8296e-01 9.9839e+04 1.6837e+00 2.4574e+00
3.3137e+01 9.9817e+04 1.9047e-05 9.8100e-01 9.9817e+04 1.9012e+00 2.4525e+00
3.3529e+01 9.9791e+04 2.1461e-05 9.7888e-01 9.9791e+04 2.1416e+00 2.4472e+00
3.3922e+01 9.9762e+04 2.4123e-05 9.7658e-01 9.9762e+04 2.4065e+00 2.4415e+00
3.4314e+01 9.9730e+04 2.7049e-05 9.7409e-01 9.9730e+04 2.6976e+00 2.4353e+00
3.4706e+01 9.9695e+04 3.0259e-05 9.7141e-01 9.9695e+04 3.0166e+00 2.4286e+00
3.5098e+01 9.9655e+04 3.3769e-05 9.6852e-01 9.9655e+04 3.3653e+00 2.4214e+00
3.5490e+01 9.9612e+04 3.7599e-05 9.6544e-01 9.9612e+04 3.7453e+00 2.4137e+00
3.5882e+01 9.9563e+04 4.1766e-05 9.6214e-01 9.9563e+04 4.1584e+00 2.4054e+00
3.6275e+01 9.9510e+04 4.6289e-05 9.5862e-01 9.9510e+04 4.6062e+00 2.3967e+00
3.6667e+01 9.9452e+04 5.1184e-05 9.5489e-01 9.9452e+04 5.0904e+00 2.3874e+00
3.7059e+01 9.9388e+04 5.6471e-05 9.5094e-01 9.9388e+04 5.6125e+00 2.3775e+00
3.7451e+01 9.9318e+04 6.2164e-05 9.4676e-01 9.9318e+04 6.1740e+00 2.3671e+00
3.7843e+01 9.9242e+04 6.8281e-05 9.4236e-01 9.9242e+04 6.7763e+00 2.3561e+00
3.8235e+01 9.9159e+04 7.4836e-05 9.3774e-01 9.9159e+04 7.4207e+00 2.3446e+00
3.8627e+01 9.9069e+04 8.1843e-05 9.3290e-01 9.9069e+04 8.1082e+00 2.3326e+00
3.9020e+01 9.8972e+04 8.9316e-05 9.2785e-01 9.8972e+04 8.8398e+00 2.3200e+00
3.9412e+01 9.8867e+04 9.7266e-05 9.2258e-01 9.8867e+04 9.6164e+00 2.3069e+00
3.9804e+01 9.8754e+04 1.0570e-04 9.1712e-01 9.8754e+04 1.0439e+01 2.2933e+00
4.0196e+01 9.8632e+04 1.1464e-04 9.1145e-01 9.8632e+04 1.1307e+01 2.2793e+00
4.0588e+01 9.8501e+04 1.2407e-04 9.0560e-01 9.8501e+04 1.2221e+01 2.2648e+00
4.0980e+01 9.8361e+04 1.3402e-04 8.9957e-01 9.8361e+04 1.3182e+01 2.2498e+00
4.1373e+01 9.8212e+04 1.4448e-04 8.9337e-01 9.8212e+04 1.4190e+01 2.2345e+00
4.1765e+01 9.8052e+04 1.5543e-04 8.8701e-01 9.8052e+04 1.5240e+01 2.2187e+00
4.2157e+01 9.7885e+04 1.6697e-04 8.8054e-01 9.7885e+04 1.6344e+01 2.2027e+00
4.2549e+01 9.7700e+04 1.7876e-04 8.7385e-01 9.7700e+04 1.7465e+01 2.1862e+00
4.2941e+01 9.7525e+04 1.9180e-04 8.6730e-01 9.7525e+04 1.8706e+01 2.1700e+00
4.3333e+01 9.7285e+04 2.0336e-04 8.5997e-01 9.7285e+04 1.9784e+01 2.1519e+00
4.3725e+01 9.7170e+04 2.2032e-04 8.5424e-01 9.7170e+04 2.1408e+01 2.1380e+00
4.4118e+01 9.6732e+04 2.2647e-04 8.4461e-01 9.6732e+04 2.1907e+01 2.1140e+00
4.4510e+01 9.6939e+04 2.5671e-04 8.4293e-01 9.6939e+04 2.4886e+01 2.1105e+00
4.4902e+01 9.5886e+04 2.4237e-04 8.2604e-01 9.5886e+04 2.3240e+01 2.0679e+00
4.5294e+01 9.6951e+04 3.0494e-04 8.3479e-01 9.6951e+04 2.9564e+01 2.0915e+00
4.5686e+01 9.4814e+04 2.5323e-04 8.0532e-01 9.4814e+04 2.4010e+01 2.0163e+00
4.6078e+01 9.6769e+04 3.4916e-04 8.2463e-01 9.6769e+04 3.3788e+01 2.0675e+00
4.6471e+01 9.4355e+04 2.9022e-04 7.9279e-01 9.4355e+04 2.7383e+01 1.9860e+00
4.6863e+01 9.5502e+04 3.5815e-04 8.0240e-01 9.5502e+04 3.4204e+01 2.0121e+00
4.7255e+01 9.4666e+04 3.5821e-04 7.8993e-01 9.4666e+04 3.3911e+01 1.9809e+00
4.7647e+01 9.4331e+04 3.7330e-04 7.8229e-01 9.4331e+04 3.5214e+01 1.9623e+00
4.8039e+01 9.3826e+04 3.8560e-04 7.7376e-01 9.3826e+04 3.6179e+01 1.9414e+00
4.8431e+01 9.3872e+04 4.2831e-04 7.7498e-01 9.3872e+04 4.0206e+01 1.9461e+00
4.8824e+01 9.5507e+04 4.1847e-04 7.5939e-01 9.5507e+04 3.9967e+01 1.9068e+00
4.9216e+01 8.0532e+04 4.4996e-04 7.5742e-01 8.0532e+04 3.6236e+01 1.9017e+00
4.9608e+01 1.2854e+05 4.6743e-04 7.4922e-01 1.2854e+05 6.0082e+01 1.8871e+00
5.0000e+01 6.4115e+04 4.7794e-04 7.4320e-01 6.4115e+04 3.0643e+01 1.8653e+00
5.0392e+01 2.3501e+04 5.0431e-04 7.4245e-01 2.3501e+04 1.1852e+01 1.8591e+00
5.0784e+01 1.0987e+04 5.3716e-04 7.4154e-01 1.0987e+04 5.9019e+00 1.8554e+00
5.1176e+01 8.5531e+03 5.8090e-04 7.3742e-01 8.5531e+03 4.9685e+00 1.8450e+00
5.1569e+01 8.5137e+03 6.8346e-04 7.3743e-01 8.5137e+03 5.8187e+00 1.8456e+00
5.1961e+01 9.1910e+03 8.2791e-04 7.4243e-01 9.1910e+03 7.6092e+00 1.8592e+00
5.2353e+01 9.7369e+03 8.8161e-04 7.4054e-01 9.7369e+03 8.5841e+00 1.8551e+00
5.2745e+01 1.0214e+04 8.8350e-04 7.3467e-01 1.0214e+04 9.0239e+00 1.8407e+00
5.3137e+01 1.0583e+04 9.3507e-04 7.3496e-01 1.0583e+04 9.8954e+00 1.8420e+00
5.3529e+01 1.0949e+04 1.0233e-03 7.3992e-01 1.0949e+04 1.1204e+01 1.8555e+00
5.3922e+01 1.1180e+04 1.0654e-03 7.4070e-01 1.1180e+04 1.1911e+01 1.8581e+00
5.4314e+01 1.1324e+04 1.0545e-03 7.3630e-01 1.1324e+04 1.1942e+01 1.8470e+00
5.4706e+01 1.1432e+04 1.0492e-03 7.3250e-01 1.1432e+04 1.1995e+01 1.8375e+00
5.5098e+01 1.1580e+04 1.0880e-03 7.3386e-01 1.1580e+04 1.2599e+01 1.8415e+00
5.5490e+01 1.1732e+04 1.1482e-03 7.3790e-01 1.1732e+04 1.3470e+01 1.8525e+00
5.5882e+01 1.1851e+04 1.1875e-03 7.3990e-01 1.1851e+04 1.4073e+01 1.8581e+00
5.6275e+01 1.1912e+04 1.1917e-03 7.3816e-01 1.1912e+04 1.4196e+01 1.8539e+00
5.6667e+01 1.1948e+04 1.1798e-03 7.3459e-01 1.1948e+04 1.4096e+01 1.8448e+00
5.7059e+01 1.1997e+04 1.1827e-03 7.3273e-01 1.1997e+04 1.4189e+01 1.8402e+00
5.7451e+01 1.2082e+04 1.2181e-03 7.3463e-01 1.2082e+04 1.4717e+01 1.8455e+00
5.7843e+01 1.2187e+04 1.2726e-03 7.3886e-01 1.2187e+04 1.5509e+01 1.8570e+00
5.8235e+01 1.2279e+04 1.3200e-03 7.4245e-01 1.2279e+04 1.6209e+01 1.8668e+00
5.8627e+01 1.2336e+04 1.3430e-03 7.4341e-01 1.2336e+04 1.6567e+01 1.8697e+00
5.9020e+01 1.2357e+04 1.3421e-03 7.4172e-01 1.2357e+04 1.6584e+01 1.8654e+00
5.9412e+01 1.2364e+04 1.3316e-03 7.3873e-01 1.2364e+04 1.6464e+01 1.8578e+00
5.9804e+01 1.2388e+04 1.3333e-03 7.3714e-01 1.2388e+04 1.6517e+01 1.8538e+00
6.0196e+01 1.2449e+04 1.3650e-03 7.3909e-01 1.2449e+04 1.6993e+01 1.8593e+00
6.0588e+01 1.2548e+04 1.4258e-03 7.4449e-01 1.2548e+04 1.7891e+01 1.8740e+00
6.0980e+01 1.2668e+04 1.5027e-03 7.5189e-01 1.2668e+04 1.9036e+01 1.8940e+00
6.1373e+01 1.2787e+04 1.5797e-03 7.5946e-01 1.2787e+04 2.0200e+01 1.9146e+00
6.1765e+01 1.2890e+04 1.6446e-03 7.6576e-01 1.2890e+04 2.1199e+01 1.9318e+00
6.2157e+01 1.2967e+04 1.6919e-03 7.7007e-01 1.2967e+04 2.1939e+01 1.9437e+00
6.2549e+01 1.3019e+04 1.7214e-03 7.7234e-01 1.3019e+04 2.2411e+01 1.9501e+00
6.2941e+01 1.3050e+04 1.7369e-03 7.7297e-01 1.3050e+04 2.2666e+01 1.9521e+00
6.3333e+01 1.3067e+04 1.7431e-03 7.7253e-01 1.3067e+04 2.2777e+01 1.9512e+00
6.3725e+01 1.3077e+04 1.7443e-03 7.7151e-01 1.3077e+04 2.2810e+01 1.9487e+00
6.4118e+01 1.3083e+04 1.7433e-03 7.7025e-01 1.3083e+04 2.2808e+01 1.9455e+00
6.4510e+01 1.3088e+04 1.7415e-03 7.6889e-01 1.3088e+04 2.2793e+01 1.9421e+00
6.4902e+01 1.3092e+04 1.7392e-03 7.6748e-01 1.3092e+04 2.2770e+01 1.9385e+00
6.5294e+01 1.3096e+04 1.7367e-03 7.6601e-01 1.3096e+04 2.2743e+01 1.9348e+00
6.5686e+01 1.3099e+04 1.7338e-03 7.6449e-01 1.3099e+04 2.2712e+01 1.9309e+00
6.6078e+01 1.3102e+04 1.7307e-03 7.6293e-01 1.3102e+04 2.2676e+01 1.9270e+00
6.6471e+01 1.3105e+04 1.7274e-03 7.6132e-01 1.3105e+04 2.2637e+01 1.9229e+00
6.6863e+01 1.3107e+04 1.7238e-03 7.5967e-01 1.3107e+04 2.2595e+01 1.9186e+00
6.7255e+01 1.3110e+04 1.7200e-03 7.5797e-01 1.3110e+04 2.2548e+01 1.9143e+00
6.7647e+01 1.3112e+04 1.7160e-03 7.5622e-01 1.3112e+04 2.2499e+01 1.9099e+00
6.8039e+01 1.3113e+04 1.7117e-03 7.5443e-01 1.3113e+04 2.2446e+01 1.9053e+00
6.8431e+01 1.3115e+04 1.7072e-03 7.5258e-01 1.3115e+04 2.2389e+01 1.9006e+00
6.8824e+01 1.3116e+04 1.7025e-03 7.5069e-01 1.3116e+04 2.2330e+01 1.8957e+00
6.9216e+01 1.3117e+04 1.6976e-03 7.4875e-01 1.3117e+04 2.2267e+01 1.8908e+00
6.9608e+01 1.3117e+04 1.6925e-03 7.4676e-01 1.3117e+04 2.2201e+01 1.8857e+00
7.0000e+01 1.3118e+04 1.6871e-03 7.4472e-01 1.3118e+04 2.2132e+01 1.8805e+00
7.0392e+01 1.3118e+04 1.6816e-03 7.4263e-01 1.3118e+04 2.2060e+01 1.8751e+00
7.0784e+01 1.3118e+04 1.6758e-03 7.4048e-01 1.3118e+04 2.1984e+01 1.8696e+00
7.1176e+01 1.3118e+04 1.6699e-03 7.3828e-01 1.3118e+04 2.1905e+01 1.8640e+00
7.1569e+01 1.3118e+04 1.6637e-03 7.3603e-01 1.3118e+04 2.1824e+01 1.8582e+00
7.1961e+01 1.3117e+04 1.6573e-03 7.3372e-01 1.3117e+04 2.1739e+01 1.8523e+00
7.2353e+01 1.3117e+04 1.6506e-03 7.3135e-01 1.3117e+04 2.1651e+01 1.8462e+00
7.2745e+01 1.3116e+04 1.6438e-03 7.2892e-01 1.3116e+04 2.1560e+01 1.8400e+00
7.3137e+01 1.3115e+04 1.6367e-03 7.2643e-01 1.3115e+04 2.1466e+01 1.8336e+00
7.3529e+01 1.3114e+04 1.6295e-03 7.2388e-01 1.3114e+04 2.1368e+01 1.8271e+00
7.3922e+01 1.3112e+04 1.6220e-03 7.2127e-01 1.3112e+04 2.1268e+01 1.8204e+00
7.4314e+01 1.3111e+04 1.6143e-03 7.1859e-01 1.3111e+04 2.1164e+01 1.8136e+00
7.4706e+01 1.3109e+04 1.6063e-03 7.1585e-01 1.3109e+04 2.1058e+01 1.8065e+00
7.5098e+01 1.3107e+04 1.5982e-03 7.1304e-01 1.3107e+04 2.0948e+01 1.7993e+00
7.5490e+01 1.3105e+04 1.5898e-03 7.1016e-01 1.3105e+04 2.0834e+01 1.7920e+00
7.5882e+01 1.3103e+04 1.5812e-03 7.0721e-01 1.3103e+04 2.0718e+01 1.7844e+00
7.6275e+01 1.3100e+04 1.5723e-03 7.0419e-01 1.3100e+04 2.0598e+01 1.7767e+00
7.6667e+01 1.3098e+04 1.5633e-03 7.0109e-01 1.3098e+04 2.0475e+01 1.7687e+00
7.7059e+01 1.3095e+04 1.5540e-03 6.9792e-01 1.3095e+04 2.0349e+01 1.7606e+00
7.7451e+01 1.3092e+04 1.5444e-03 6.9468e-01 1.3092e+04 2.0220e+01 1.7523e+00
7.7843e+01 1.3089e+04 1.5346e-03 6.9135e-01 1.3089e+04 2.0087e+01 1.7438e+00
7.8235e+01 1.3086e+04 1.5246e-03 6.8794e-01 1.3086e+04 1.9951e+01 1.7351e+00
7.8627e+01 1.3083e+04 1.5143e-03 6.8446e-01 1.3083e+04 1.9812e+01 1.7261e+00
7.9020e+01 1.3079e+04 1.5038e-03 6.8089e-01 1.3079e+04 1.9669e+01 1.7170e+00
7.9412e+01 1.3076e+04 1.4931e-03 6.7723e-01 1.3076e+04 1.9523e+01 1.7076e+00
7.9804e+01 1.3072e+04 1.4821e-03 6.7349e-01 1.3072e+04 1.9373e+01 1.6981e+00
8.0196e+01 1.3068e+04 1.4708e-03 6.6965e-01 1.3068e+04 1.9221e+01 1.6883e+00
8.0588e+01 1.3064e+04 1.4593e-03 6.6573e-01 1.3064e+04 1.9064e+01 1.6782e+00
8.0980e+01 1.3060e+04 1.4476e-03 6.6172e-01 1.3060e+04 1.8904e+01 1.6680e+00
8.1373e+01 1.3055e+04 1.4355e-03 6.5761e-01 1.3055e+04 1.8741e+01 1.6575e+00
8.1765e+01 1.3051e+04 1.4233e-03 6.5340e-01 1.3051e+04 1.8575e+01 1.6467e+00
8.2157e+01 1.3046e+04 1.4107e-03 6.4910e-01 1.3046e+04 1.8404e+01 1.6357e+00
8.2549e+01 1.3041e+04 1.3979e-03 6.4470e-01 1.3041e+04 1.8231e+01 1.6245e+00
8.2941e+01 1.3036e+04 1.3848e-03 6.4020e-01 1.3036e+04 1.8053e+01 1.6130e+00
8.3333e+01 1.3031e+04 1.3715e-03 6.3559e-01 1.3031e+04 1.7872e+01 1.6012e+00
8.3725e+01 1.3026e+04 1.3579e-03 6.3087e-01 1.3026e+04 1.7688e+01 1.5892e+00
8.4118e+01 1.3021e+04 1.3440e-03 6.2605e-01 1.3021e+04 1.7500e+01 1.5769e+00
8.4510e+01 1.3015e+04 1.3299e-03 6.2112e-01 1.3015e+04 1.7309e+01 1.5643e+00
8.4902e+01 1.3010e+04 1.3155e-03 6.1607e-01 1.3010e+04 1.7114e+01 1.5514e+00
8.5294e+01 1.3004e+04 1.3008e-03 6.1090e-01 1.3004e+04 1.6915e+01 1.5382e+00
8.5686e+01 1.2998e+04 1.2858e-03 6.0560e-01 1.2998e+04 1.6713e+01 1.5247e+00
8.6078e+01 1.2992e+04 1.2706e-03 6.0017e-01 1.2992e+04 1.6508e+01 1.5109e+00
8.6471e+01 1.2986e+04 1.2552e-03 5.9460e-01 1.2986e+04 1.6299e+01 1.4967e+00
8.6863e+01 1.2979e+04 1.2395e-03 5.8888e-01 1.2979e+04 1.6087e+01 1.4822e+00
8.7255e+01 1.2973e+04 1.2235e-03 5.8299e-01 1.2973e+04 1.5873e+01 1.4672e+00
8.7647e+01 1.2966e+04 1.2074e-03 5.7691e-01 1.2966e+04 1.5656e+01 1.4517e+00
8.8039e+01 1.2959e+04 1.1912e-03 5.7063e-01 1.2959e+04 1.5437e+01 1.4358e+00
8.8431e+01 1.2952e+04 1.1748e-03 5.6411e-01 1.2952e+04 1.5216e+01 1.4192e+00
8.8824e+01 1.2945e+04 1.1583e-03 5.5732e-01 1.2945e+04 1.4994e+01 1.4020e+00
8.9216e+01 1.2938e+04 1.1418e-03 5.5022e-01 1.2938e+04 1.4773e+01 1.3840e+00
8.9608e+01 1.2930e+04 1.1255e-03 5.4277e-01 1.2930e+04 1.4552e+01 1.3651e+00
9.0000e+01 1.2922e+04 1.1092e-03 5.3494e-01 1.2922e+04 1.4333e+01 1.3453e+00
9.0392e+01 1.2914e+04 1.0932e-03 5.2667e-01 1.2914e+04 1.4117e+01 1.3244e+00
9.0784e+01 1.2905e+04 1.0775e-03 5.1791e-01 1.2905e+04 1.3905e+01 1.3023e+00
9.1176e+01 1.2897e+04 1.0622e-03 5.0863e-01 1.2897e+04 1.3699e+01 1.2789e+00
9.1569e+01 1.2887e+04 1.0474e-03 4.9878e-01 1.2887e+04 1.3499e+01 1.2540e+00
9.1961e+01 1.2878e+04 1.0332e-03 4.8833e-01 1.2878e+04 1.3306e+01 1.2277e+00
9.2353e+01 1.2868e+04 1.0197e-03 4.7725e-01 1.2868e+04 1.3122e+01 1.1998e+00
9.2745e+01 1.2857e+04 1.0070e-03 4.6550e-01 1.2857e+04 1.2947e+01 1.1703e+00
9.3137e+01 1.2846e+04 9.9497e-04 4.5309e-01 1.2846e+04 1.2782e+01 1.1391e+00
9.3529e+01 1.2835e+04 9.8383e-04 4.4000e-01 1.2835e+04 1.2627e+01 1.1062e+00
9.3922e+01 1.2823e+04 9.7353e-04 4.2623e-01 1.2823e+04 1.2483e+01 1.0717e+00
9.4314e+01 1.2810e+04 9.6408e-04 4.1180e-01 1.2810e+04 1.2350e+01 1.0355e+00
9.4706e+01 1.2797e+04 9.5546e-04 3.9673e-01 1.2797e+04 1.2227e+01 9.9767e-01
9.5098e+01 1.2784e+04 9.4760e-04 3.8106e-01 1.2784e+04 1.2114e+01 9.5838e-01
9.5490e+01 1.2770e+04 9.4041e-04 3.6481e-01 1.2770e+04 1.2009e+01 9.1768e-01
9.5882e+01 1.2756e+04 9.3375e-04 3.4806e-01 1.2756e+04 1.1911e+01 8.7572e-01
9.6275e+01 1.2741e+04 9.2744e-04 3.3087e-01 1.2741e+04 1.1817e+01 8.3265e-01
9.6667e+01 1.2726e+04 9.2128e-04 3.1333e-01 1.2726e+04 1.1725e+01 7.8872e-01
9.7059e+01 1.2712e+04 9.1473e-04 2.9552e-01 1.2712e+04 1.1628e+01 7.4411e-01
9.7451e+01 1.2698e+04 9.0821e-04 2.7764e-01 1.2698e+04 1.1532e+01 6.9934e-01
9.7843e+01 1.2681e+04 8.9875e-04 2.5958e-01 1.2681e+04 1.1397e+01 6.5406e-01
9.8235e+01 1.2675e+04 8.9412e-04 2.4227e-01 1.2675e+04 1.1333e+01 6.1075e-01
9.8627e+01 1.2633e+04 8.7005e-04 2.2331e-01 1.2633e+04 1.0991e+01 5.6305e-01
9.9020e+01 1.2696e+04 9.0154e-04 2.0932e-01 1.2696e+04 1.1446e+01 5.2847e-01
9.9412e+01 1.2285e+04 8.0078e-04 1.7991e-01 1.2285e+04 9.8376e+00 4.5371e-01
9.9804e+01 1.3887e+04 1.1443e-03 1.7828e-01 1.3887e+04 1.5891e+01 4.5479e-01
