# # x Density Velocity Pressure q0 q1 q2
1.9608e-01 1.0000e+05 1.0754e-13 1.0000e+00 1.0000e+05 1.0754e-08 2.5000e+00
5.8824e-01 1.0000e+05 1.4209e-13 1.0000e+00 1.0000e+05 1.4209e-08 2.5000e+00
9.8039e-01 1.0000e+05 1.7514e-13 1.0000e+00 1.0000e+05 1.7514e-08 2.5000e+00
1.3725e+00 1.0000e+05 2.2570e-13 1.0000e+00 1.0000e+05 2.2570e-08 2.5000e+00
1.7647e+00 1.0000e+05 3.0208e-13 1.0000e+00 1.0000e+05 3.0208e-08 2.5000e+00
2.1569e+00 1.0000e+05 4.1259e-13 1.0000e+00 1.0000e+05 4.1259e-08 2.5000e+00
2.5490e+00 1.0000e+05 5.6847e-13 1.0000e+00 1.0000e+05 5.6847e-08 2.5000e+00
2.9412e+00 1.0000e+05 7.8538e-13 1.0000e+00 1.0000e+05 7.8538e-08 2.5000e+00
3.3333e+00 1.0000e+05 1.0848e-12 1.0000e+00 1.0000e+05 1.0848e-07 2.5000e+00
3.7255e+00 1.0000e+05 1.4961e-12 1.0000e+00 1.0000e+05 1.4961e-07 2.5000e+00
4.1176e+00 1.0000e+05 2.0588e-12 1.0000e+00 1.0000e+05 2.0588e-07 2.5000e+00
4.5098e+00 1.0000e+05 2.8260e-12 1.0000e+00 1.0000e+05 2.8260e-07 2.5000e+00
4.9020e+00 1.0000e+05 3.8689e-12 1.0000e+00 1.0000e+05 3.8689e-07 2.5000e+00
5.2941e+00 1.0000e+05 5.2824e-12 1.0000e+00 1.0000e+05 5.2824e-07 2.5000e+00
5.6863e+00 1.0000e+05 7.1925e-12 1.0000e+00 1.0000e+05 7.1925e-07 2.5000e+00
6.0784e+00 1.0000e+05 9.7664e-12 1.0000e+00 1.0000e+05 9.7664e-07 2.5000e+00
6.4706e+00 1.0000e+05 1.3225e-11 1.0000e+00 1.0000e+05 1.3225e-06 2.5000e+00
6.8627e+00 1.0000e+05 1.7859e-11 1.0000e+00 1.0000e+05 1.7859e-06 2.5000e+00
7.2549e+00 1.0000e+05 2.4050e-11 1.0000e+00 1.0000e+05 2.4050e-06 2.5000e+00
7.6471e+00 1.0000e+05 3.2297e-11 1.0000e+00 1.0000e+05 3.2297e-06 2.5000e+00
8.0392e+00 1.0000e+05 4.3254e-11 1.0000e+00 1.0000e+05 4.3254e-06 2.5000e+00
8.4314e+00 1.0000e+05 5.7768e-11 1.0000e+00 1.0000e+05 5.7768e-06 2.5000e+00
8.8235e+00 1.0000e+05 7.6938e-11 1.0000e+00 1.0000e+05 7.6938e-06 2.5000e+00
9.2157e+00 1.0000e+05 1.0219e-10 1.0000e+00 1.0000e+05 1.0219e-05 2.5000e+00
9.6078e+00 1.0000e+05 1.3535e-10 1.0000e+00 1.0000e+05 1.3535e-05 2.5000e+00
1.0000e+01 1.0000e+05 1.7877e-10 1.0000e+00 1.0000e+05 1.7877e-05 2.5000e+00
1.0392e+01 1.0000e+05 2.3548e-10 1.0000e+00 1.0000e+05 2.3548e-05 2.5000e+00
1.0784e+01 1.0000e+05 3.0932e-10 1.0000e+00 1.0000e+05 3.0932e-05 2.5000e+00
1.1176e+01 1.0000e+05 4.0520e-10 1.0000e+00 1.0000e+05 4.0520e-05 2.5000e+00
1.1569e+01 1.0000e+05 5.2932e-10 1.0000e+00 1.0000e+05 5.2932e-05 2.5000e+00
1.1961e+01 1.0000e+05 6.8956e-10 1.0000e+00 1.0000e+05 6.8956e-05 2.5000e+00
1.2353e+01 1.0000e+05 8.9583e-10 1.0000e+00 1.0000e+05 8.9583e-05 2.5000e+00
1.2745e+01 1.0000e+05 1.1606e-09 1.0000e+00 1.0000e+05 1.1606e-04 2.5000e+00
1.3137e+01 1.0000e+05 1.4995e-09 1.0000e+00 1.0000e+05 1.4995e-04 2.5000e+00
1.3529e+01 1.0000e+05 1.9319e-09 1.0000e+00 1.0000e+05 1.9319e-04 2.5000e+00
1.3922e+01 1.0000e+05 2.4823e-09 1.0000e+00 1.0000e+05 2.4823e-04 2.5000e+00
1.4314e+01 1.0000e+05 3.1806e-09 9.9999e-01 1.0000e+05 3.1806e-04 2.5000e+00
1.4706e+01 1.0000e+05 4.0642e-09 9.9999e-01 1.0000e+05 4.0642e-04 2.5000e+00
1.5098e+01 1.0000e+05 5.1790e-09 9.9999e-01 1.0000e+05 5.1790e-04 2.5000e+00
1.5490e+01 1.0000e+05 6.5814e-09 9.9999e-01 1.0000e+05 6.5814e-04 2.5000e+00
1.5882e+01 1.0000e+05 8.3405e-09 9.9999e-01 1.0000e+05 8.3405e-04 2.5000e+00
1.6275e+01 1.0000e+05 1.0541e-08 9.9998e-01 1.0000e+05 1.0541e-03 2.5000e+00
1.6667e+01 1.0000e+05 1.3285e-08 9.9998e-01 1.0000e+05 1.3285e-03 2.4999e+00
1.7059e+01 1.0000e+05 1.6698e-08 9.9997e-01 1.0000e+05 1.6698e-03 2.4999e+00
1.7451e+01 1.0000e+05 2.0930e-08 9.9997e-01 1.0000e+05 2.0930e-03 2.4999e+00
1.7843e+01 1.0000e+05 2.6164e-08 9.9996e-01 1.0000e+05 2.6164e-03 2.4999e+00
1.8235e+01 1.0000e+05 3.2616e-08 9.9995e-01 1.0000e+05 3.2616e-03 2.4999e+00
1.8627e+01 1.0000e+05 4.0548e-08 9.9994e-01 1.0000e+05 4.0548e-03 2.4998e+00
1.9020e+01 1.0000e+05 5.0272e-08 9.9992e-01 1.0000e+05 5.0272e-03 2.4998e+00
1.9412e+01 1.0000e+05 6.2158e-08 9.9991e-01 1.0000e+05 6.2158e-03 2.4998e+00
1.9804e+01 9.9999e+04 7.6646e-08 9.9989e-01 9.9999e+04 7.6646e-03 2.4997e+00
2.0196e+01 9.9999e+04 9.4253e-08 9.9986e-01 9.9999e+04 9.4253e-03 2.4997e+00
2.0588e+01 9.9999e+04 1.1559e-07 9.9983e-01 9.9999e+04 1.1559e-02 2.4996e+00
2.0980e+01 9.9999e+04 1.4137e-07 9.9980e-01 9.9999e+04 1.4137e-02 2.4995e+00
2.1373e+01 9.9999e+04 1.7244e-07 9.9976e-01 9.9999e+04 1.7244e-02 2.4994e+00
2.1765e+01 9.9998e+04 2.0977e-07 9.9971e-01 9.9998e+04 2.0976e-02 2.4993e+00
2.2157e+01 9.9998e+04 2.5449e-07 9.9965e-01 9.9998e+04 2.5448e-02 2.4991e+00
2.2549e+01 9.9998e+04 3.0790e-07 9.9958e-01 9.9998e+04 3.0790e-02 2.4989e+00
2.2941e+01 9.9997e+04 3.7153e-07 9.9950e-01 9.9997e+04 3.7152e-02 2.4987e+00
2.3333e+01 9.9997e+04 4.4711e-07 9.9940e-01 9.9997e+04 4.4710e-02 2.4985e+00
2.3725e+01 9.9996e+04 5.3662e-07 9.9929e-01 9.9996e+04 5.3660e-02 2.4982e+00
2.4118e+01 9.9995e+04 6.4234e-07 9.9916e-01 9.9995e+04 6.4231e-02 2.4979e+00
2.4510e+01 9.9994e+04 7.6683e-07 9.9901e-01 9.9994e+04 7.6678e-02 2.4975e+00
2.4902e+01 9.9993e+04 9.1301e-07 9.9883e-01 9.9993e+04 9.1294e-02 2.4971e+00
2.5294e+01 9.9992e+04 1.0842e-06 9.9863e-01 9.9992e+04 1.0841e-01 2.4966e+00
2.5686e+01 9.9990e+04 1.2840e-06 9.9839e-01 9.9990e+04 1.2839e-01 2.4960e+00
2.6078e+01 9.9988e+04 1.5167e-06 9.9812e-01 9.9988e+04 1.5165e-01 2.4953e+00
2.6471e+01 9.9986e+04 1.7868e-06 9.9781e-01 9.9986e+04 1.7866e-01 2.4945e+00
2.6863e+01 9.9983e+04 2.0995e-06 9.9746e-01 9.9983e+04 2.0992e-01 2.4937e+00
2.7255e+01 9.9980e+04 2.4606e-06 9.9706e-01 9.9980e+04 2.4601e-01 2.4926e+00
2.7647e+01 9.9976e+04 2.8761e-06 9.9660e-01 9.9976e+04 2.8754e-01 2.4915e+00
2.8039e+01 9.9972e+04 3.3532e-06 9.9609e-01 9.9972e+04 3.3522e-01 2.4902e+00
2.8431e+01 9.9967e+04 3.8992e-06 9.9550e-01 9.9967e+04 3.8979e-01 2.4888e+00
2.8824e+01 9.9961e+04 4.5225e-06 9.9485e-01 9.9961e+04 4.5208e-01 2.4871e+00
2.9216e+01 9.9955e+04 5.2320e-06 9.9411e-01 9.9955e+04 5.2296e-01 2.4853e+00
2.9608e+01 9.9947e+04 6.0373e-06 9.9328e-01 9.9947e+04 6.0341e-01 2.4832e+00
3.0000e+01 9.9939e+04 6.9489e-06 9.9236e-01 9.9939e+04 6.9447e-01 2.4809e+00
3.0392e+01 9.9929e+04 7.9779e-06 9.9134e-01 9.9929e+04 7.9722e-01 2.4784e+00
3.0784e+01 9.9917e+04 9.1363e-06 9.9021e-01 9.9917e+04 9.1287e-01 2.4755e+00
3.1176e+01 9.9905e+04 1.0437e-05 9.8895e-01 9.9905e+04 1.0427e+00 2.4724e+00
3.1569e+01 9.9890e+04 1.1892e-05 9.8757e-01 9.9890e+04 1.1879e+00 2.4689e+00
3.1961e+01 9.9874e+04 1.3518e-05 9.8605e-01 9.9874e+04 1.3501e+00 2.4651e+00
3.2353e+01 9.9855e+04 1.5327e-05 9.8439e-01 9.9855e+04 1.5305e+00 2.4610e+00
3.2745e+01 9.9834e+04 1.7337e-05 9.8257e-01 9.9834e+04 1.7308e+00 2.4564e+00
3.3137e+01 9.9811e+04 1.9562e-05 9.8059e-01 9.9811e+04 1.9525e+00 2.4515e+00
3.3529e+01 9.9784e+04 2.2020e-05 9.7844e-01 9.9784e+04 2.1973e+00 2.4461e+00
3.3922e+01 9.9755e+04 2.4727e-05 9.7611e-01 9.9755e+04 2.4667e+00 2.4403e+00
3.4314e+01 9.9722e+04 2.7702e-05 9.7360e-01 9.9722e+04 2.7625e+00 2.4340e+00
3.4706e+01 9.9686e+04 3.0961e-05 9.7089e-01 9.9686e+04 3.0864e+00 2.4273e+00
3.5098e+01 9.9646e+04 3.4523e-05 9.6798e-01 9.9646e+04 3.4400e+00 2.4200e+00
3.5490e+01 9.9601e+04 3.8405e-05 9.6487e-01 9.9601e+04 3.8252e+00 2.4122e+00
3.5882e+01 9.9552e+04 4.2626e-05 9.6155e-01 9.9552e+04 4.2435e+00 2.4040e+00
3.6275e+01 9.9498e+04 4.7203e-05 9.5801e-01 9.9498e+04 4.6966e+00 2.3951e+00
3.6667e+01 9.9439e+04 5.2154e-05 9.5425e-01 9.9439e+04 5.1862e+00 2.3858e+00
3.7059e+01 9.9374e+04 5.7496e-05 9.5028e-01 9.9374e+04 5.7136e+00 2.3759e+00
3.7451e+01 9.9303e+04 6.3246e-05 9.4609e-01 9.9303e+04 6.2805e+00 2.3654e+00
3.7843e+01 9.9226e+04 6.9418e-05 9.4167e-01 9.9226e+04 6.8881e+00 2.3544e+00
3.8235e+01 9.9142e+04 7.6028e-05 9.3704e-01 9.9142e+04 7.5376e+00 2.3429e+00
3.8627e+01 9.9051e+04 8.3090e-05 9.3219e-01 9.9051e+04 8.2302e+00 2.3308e+00
3.9020e+01 9.8953e+04 9.0617e-05 9.2712e-01 9.8953e+04 8.9668e+00 2.3182e+00
3.9412e+01 9.8846e+04 9.8619e-05 9.2185e-01 9.8846e+04 9.7481e+00 2.3051e+00
3.9804e+01 9.8732e+04 1.0711e-04 9.1638e-01 9.8732e+04 1.0575e+01 2.2915e+00
4.0196e+01 9.8609e+04 1.1609e-04 9.1071e-01 9.8609e+04 1.1447e+01 2.2774e+00
4.0588e+01 9.8477e+04 1.2557e-04 9.0485e-01 9.8477e+04 1.2366e+01 2.2629e+00
4.0980e+01 9.8336e+04 1.3555e-04 8.9883e-01 9.8336e+04 1.3330e+01 2.2480e+00
4.1373e+01 9.8186e+04 1.4606e-04 8.9264e-01 9.8186e+04 1.4341e+01 2.2326e+00
4.1765e+01 9.8025e+04 1.5704e-04 8.8628e-01 9.8025e+04 1.5394e+01 2.2169e+00
4.2157e+01 9.7857e+04 1.6862e-04 8.7982e-01 9.7857e+04 1.6501e+01 2.2009e+00
4.2549e+01 9.7670e+04 1.8042e-04 8.7313e-01 9.7670e+04 1.7622e+01 2.1844e+00
4.2941e+01 9.7496e+04 1.9355e-04 8.6662e-01 9.7496e+04 1.8870e+01 2.1684e+00
4.3333e+01 9.7251e+04 2.0498e-04 8.5926e-01 9.7251e+04 1.9934e+01 2.1502e+00
4.3725e+01 9.7143e+04 2.2227e-04 8.5366e-01 9.7143e+04 2.1592e+01 2.1365e+00
4.4118e+01 9.6688e+04 2.2783e-04 8.4384e-01 9.6688e+04 2.2028e+01 2.1121e+00
4.4510e+01 9.6922e+04 2.5912e-04 8.4253e-01 9.6922e+04 2.5114e+01 2.1096e+00
4.4902e+01 9.5826e+04 2.4324e-04 8.2516e-01 9.5826e+04 2.3308e+01 2.0657e+00
4.5294e+01 9.6941e+04 3.0763e-04 8.3453e-01 9.6941e+04 2.9822e+01 2.0909e+00
4.5686e+01 9.4761e+04 2.5439e-04 8.0459e-01 9.4761e+04 2.4106e+01 2.0145e+00
4.6078e+01 9.6725e+04 3.5067e-04 8.2403e-01 9.6725e+04 3.3919e+01 2.0660e+00
4.6471e+01 9.4350e+04 2.9320e-04 7.9271e-01 9.4350e+04 2.7664e+01 1.9858e+00
4.6863e+01 9.5419e+04 3.5828e-04 8.0142e-01 9.5419e+04 3.4187e+01 2.0097e+00
4.7255e+01 9.4652e+04 3.6080e-04 7.8978e-01 9.4652e+04 3.4150e+01 1.9806e+00
4.7647e+01 9.4304e+04 3.7540e-04 7.8201e-01 9.4304e+04 3.5401e+01 1.9617e+00
4.8039e+01 9.3762e+04 3.8631e-04 7.7307e-01 9.3762e+04 3.6221e+01 1.9397e+00
4.8431e+01 9.3823e+04 4.3006e-04 7.7465e-01 9.3823e+04 4.0349e+01 1.9453e+00
4.8824e+01 9.5558e+04 4.2075e-04 7.5926e-01 9.5558e+04 4.0206e+01 1.9066e+00
4.9216e+01 8.0276e+04 4.5113e-04 7.5700e-01 8.0276e+04 3.6215e+01 1.9007e+00
4.9608e+01 1.2861e+05 4.6884e-04 7.4890e-01 1.2861e+05 6.0297e+01 1.8864e+00
5.0000e+01 6.4731e+04 4.7928e-04 7.4286e-01 6.4731e+04 3.1024e+01 1.8646e+00
5.0392e+01 2.3818e+04 5.0472e-04 7.4194e-01 2.3818e+04 1.2021e+01 1.8579e+00
5.0784e+01 1.1076e+04 5.4091e-04 7.4156e-01 1.1076e+04 5.9910e+00 1.8555e+00
5.1176e+01 8.5554e+03 5.8623e-04 7.3770e-01 8.5554e+03 5.0154e+00 1.8457e+00
5.1569e+01 8.4808e+03 6.7471e-04 7.3640e-01 8.4808e+03 5.7221e+00 1.8429e+00
5.1961e+01 9.1546e+03 8.2105e-04 7.4153e-01 9.1546e+03 7.5164e+00 1.8569e+00
5.2353e+01 9.7179e+03 8.9067e-04 7.4119e-01 9.7179e+03 8.6555e+00 1.8568e+00
5.2745e+01 1.0198e+04 8.9128e-04 7.3520e-01 1.0198e+04 9.0894e+00 1.8420e+00
5.3137e+01 1.0556e+04 9.2827e-04 7.3400e-01 1.0556e+04 9.7987e+00 1.8395e+00
5.3529e+01 1.0922e+04 1.0145e-03 7.3875e-01 1.0922e+04 1.1081e+01 1.8525e+00
5.3922e+01 1.1169e+04 1.0680e-03 7.4080e-01 1.1169e+04 1.1928e+01 1.8584e+00
5.4314e+01 1.1323e+04 1.0640e-03 7.3715e-01 1.1323e+04 1.2047e+01 1.8493e+00
5.4706e+01 1.1425e+04 1.0527e-03 7.3269e-01 1.1425e+04 1.2027e+01 1.8381e+00
5.5098e+01 1.1562e+04 1.0815e-03 7.3293e-01 1.1562e+04 1.2504e+01 1.8391e+00
5.5490e+01 1.1713e+04 1.1399e-03 7.3672e-01 1.1713e+04 1.3352e+01 1.8494e+00
5.5882e+01 1.1840e+04 1.1858e-03 7.3940e-01 1.1840e+04 1.4040e+01 1.8568e+00
5.6275e+01 1.1911e+04 1.1969e-03 7.3842e-01 1.1911e+04 1.4257e+01 1.8546e+00
5.6667e+01 1.1948e+04 1.1860e-03 7.3512e-01 1.1948e+04 1.4171e+01 1.8462e+00
5.7059e+01 1.1990e+04 1.1831e-03 7.3257e-01 1.1990e+04 1.4185e+01 1.8398e+00
5.7451e+01 1.2066e+04 1.2109e-03 7.3362e-01 1.2066e+04 1.4611e+01 1.8429e+00
5.7843e+01 1.2168e+04 1.2627e-03 7.3753e-01 1.2168e+04 1.5365e+01 1.8535e+00
5.8235e+01 1.2265e+04 1.3135e-03 7.4149e-01 1.2265e+04 1.6110e+01 1.8643e+00
5.8627e+01 1.2330e+04 1.3427e-03 7.4313e-01 1.2330e+04 1.6556e+01 1.8689e+00
5.9020e+01 1.2358e+04 1.3467e-03 7.4197e-01 1.2358e+04 1.6642e+01 1.8661e+00
5.9412e+01 1.2365e+04 1.3367e-03 7.3920e-01 1.2365e+04 1.6529e+01 1.8591e+00
5.9804e+01 1.2382e+04 1.3333e-03 7.3700e-01 1.2382e+04 1.6510e+01 1.8535e+00
6.0196e+01 1.2433e+04 1.3568e-03 7.3800e-01 1.2433e+04 1.6869e+01 1.8564e+00
6.0588e+01 1.2523e+04 1.4110e-03 7.4262e-01 1.2523e+04 1.7669e+01 1.8690e+00
6.0980e+01 1.2639e+04 1.4848e-03 7.4965e-01 1.2639e+04 1.8766e+01 1.8881e+00
6.1373e+01 1.2759e+04 1.5627e-03 7.5729e-01 1.2759e+04 1.9939e+01 1.9088e+00
6.1765e+01 1.2867e+04 1.6313e-03 7.6400e-01 1.2867e+04 2.0990e+01 1.9271e+00
6.2157e+01 1.2951e+04 1.6832e-03 7.6884e-01 1.2951e+04 2.1799e+01 1.9405e+00
6.2549e+01 1.3009e+04 1.7171e-03 7.7162e-01 1.3009e+04 2.2337e+01 1.9482e+00
6.2941e+01 1.3045e+04 1.7358e-03 7.7265e-01 1.3045e+04 2.2643e+01 1.9513e+00
6.3333e+01 1.3065e+04 1.7441e-03 7.7246e-01 1.3065e+04 2.2787e+01 1.9510e+00
6.3725e+01 1.3076e+04 1.7464e-03 7.7157e-01 1.3076e+04 2.2837e+01 1.9489e+00
6.4118e+01 1.3083e+04 1.7459e-03 7.7037e-01 1.3083e+04 2.2842e+01 1.9459e+00
6.4510e+01 1.3088e+04 1.7442e-03 7.6904e-01 1.3088e+04 2.2829e+01 1.9425e+00
6.4902e+01 1.3093e+04 1.7421e-03 7.6765e-01 1.3093e+04 2.2809e+01 1.9390e+00
6.5294e+01 1.3097e+04 1.7396e-03 7.6621e-01 1.3097e+04 2.2783e+01 1.9353e+00
6.5686e+01 1.3100e+04 1.7369e-03 7.6472e-01 1.3100e+04 2.2754e+01 1.9316e+00
6.6078e+01 1.3103e+04 1.7339e-03 7.6318e-01 1.3103e+04 2.2720e+01 1.9277e+00
6.6471e+01 1.3106e+04 1.7307e-03 7.6160e-01 1.3106e+04 2.2682e+01 1.9236e+00
6.6863e+01 1.3109e+04 1.7272e-03 7.5997e-01 1.3109e+04 2.2641e+01 1.9195e+00
6.7255e+01 1.3111e+04 1.7235e-03 7.5830e-01 1.3111e+04 2.2596e+01 1.9152e+00
6.7647e+01 1.3113e+04 1.7195e-03 7.5658e-01 1.3113e+04 2.2548e+01 1.9108e+00
6.8039e+01 1.3115e+04 1.7154e-03 7.5481e-01 1.3115e+04 2.2496e+01 1.9063e+00
6.8431e+01 1.3116e+04 1.7110e-03 7.5300e-01 1.3116e+04 2.2442e+01 1.9017e+00
6.8824e+01 1.3117e+04 1.7064e-03 7.5114e-01 1.3117e+04 2.2384e+01 1.8969e+00
6.9216e+01 1.3118e+04 1.7016e-03 7.4923e-01 1.3118e+04 2.2322e+01 1.8921e+00
6.9608e+01 1.3119e+04 1.6966e-03 7.4727e-01 1.3119e+04 2.2258e+01 1.8871e+00
7.0000e+01 1.3120e+04 1.6914e-03 7.4526e-01 1.3120e+04 2.2190e+01 1.8819e+00
7.0392e+01 1.3120e+04 1.6859e-03 7.4320e-01 1.3120e+04 2.2119e+01 1.8766e+00
7.0784e+01 1.3120e+04 1.6803e-03 7.4109e-01 1.3120e+04 2.2045e+01 1.8712e+00
7.1176e+01 1.3120e+04 1.6744e-03 7.3892e-01 1.3120e+04 2.1968e+01 1.8657e+00
7.1569e+01 1.3120e+04 1.6683e-03 7.3670e-01 1.3120e+04 2.1888e+01 1.8600e+00
7.1961e+01 1.3120e+04 1.6620e-03 7.3443e-01 1.3120e+04 2.1805e+01 1.8542e+00
7.2353e+01 1.3119e+04 1.6555e-03 7.3210e-01 1.3119e+04 2.1719e+01 1.8482e+00
7.2745e+01 1.3118e+04 1.6488e-03 7.2971e-01 1.3118e+04 2.1630e+01 1.8421e+00
7.3137e+01 1.3117e+04 1.6419e-03 7.2726e-01 1.3117e+04 2.1537e+01 1.8358e+00
7.3529e+01 1.3116e+04 1.6347e-03 7.2476e-01 1.3116e+04 2.1442e+01 1.8294e+00
7.3922e+01 1.3115e+04 1.6274e-03 7.2219e-01 1.3115e+04 2.1343e+01 1.8228e+00
7.4314e+01 1.3113e+04 1.6198e-03 7.1956e-01 1.3113e+04 2.1241e+01 1.8161e+00
7.4706e+01 1.3112e+04 1.6120e-03 7.1686e-01 1.3112e+04 2.1136e+01 1.8092e+00
7.5098e+01 1.3110e+04 1.6040e-03 7.1410e-01 1.3110e+04 2.1028e+01 1.8021e+00
7.5490e+01 1.3108e+04 1.5957e-03 7.1127e-01 1.3108e+04 2.0917e+01 1.7949e+00
7.5882e+01 1.3106e+04 1.5873e-03 7.0837e-01 1.3106e+04 2.0803e+01 1.7874e+00
7.6275e+01 1.3103e+04 1.5786e-03 7.0540e-01 1.3103e+04 2.0685e+01 1.7798e+00
7.6667e+01 1.3101e+04 1.5697e-03 7.0236e-01 1.3101e+04 2.0564e+01 1.7720e+00
7.7059e+01 1.3098e+04 1.5605e-03 6.9924e-01 1.3098e+04 2.0440e+01 1.7641e+00
7.7451e+01 1.3096e+04 1.5511e-03 6.9605e-01 1.3096e+04 2.0313e+01 1.7559e+00
7.7843e+01 1.3093e+04 1.5415e-03 6.9279e-01 1.3093e+04 2.0182e+01 1.7475e+00
7.8235e+01 1.3090e+04 1.5316e-03 6.8944e-01 1.3090e+04 2.0048e+01 1.7390e+00
7.8627e+01 1.3086e+04 1.5215e-03 6.8602e-01 1.3086e+04 1.9911e+01 1.7302e+00
7.9020e+01 1.3083e+04 1.5112e-03 6.8251e-01 1.3083e+04 1.9771e+01 1.7212e+00
7.9412e+01 1.3079e+04 1.5006e-03 6.7892e-01 1.3079e+04 1.9627e+01 1.7120e+00
7.9804e+01 1.3076e+04 1.4898e-03 6.7524e-01 1.3076e+04 1.9480e+01 1.7026e+00
8.0196e+01 1.3072e+04 1.4787e-03 6.7148e-01 1.3072e+04 1.9330e+01 1.6930e+00
8.0588e+01 1.3068e+04 1.4674e-03 6.6763e-01 1.3068e+04 1.9176e+01 1.6831e+00
8.0980e+01 1.3064e+04 1.4558e-03 6.6369e-01 1.3064e+04 1.9018e+01 1.6731e+00
8.1373e+01 1.3059e+04 1.4440e-03 6.5966e-01 1.3059e+04 1.8858e+01 1.6628e+00
8.1765e+01 1.3055e+04 1.4319e-03 6.5553e-01 1.3055e+04 1.8694e+01 1.6522e+00
8.2157e+01 1.3050e+04 1.4196e-03 6.5131e-01 1.3050e+04 1.8526e+01 1.6414e+00
8.2549e+01 1.3046e+04 1.4070e-03 6.4699e-01 1.3046e+04 1.8355e+01 1.6304e+00
8.2941e+01 1.3041e+04 1.3941e-03 6.4256e-01 1.3041e+04 1.8180e+01 1.6191e+00
8.3333e+01 1.3036e+04 1.3810e-03 6.3804e-01 1.3036e+04 1.8002e+01 1.6075e+00
8.3725e+01 1.3031e+04 1.3676e-03 6.3341e-01 1.3031e+04 1.7821e+01 1.5957e+00
8.4118e+01 1.3025e+04 1.3540e-03 6.2868e-01 1.3025e+04 1.7636e+01 1.5836e+00
8.4510e+01 1.3020e+04 1.3400e-03 6.2383e-01 1.3020e+04 1.7447e+01 1.5713e+00
8.4902e+01 1.3014e+04 1.3259e-03 6.1886e-01 1.3014e+04 1.7255e+01 1.5586e+00
8.5294e+01 1.3009e+04 1.3114e-03 6.1378e-01 1.3009e+04 1.7060e+01 1.5456e+00
8.5686e+01 1.3003e+04 1.2967e-03 6.0856e-01 1.3003e+04 1.6861e+01 1.5323e+00
8.6078e+01 1.2997e+04 1.2818e-03 6.0321e-01 1.2997e+04 1.6660e+01 1.5187e+00
8.6471e+01 1.2991e+04 1.2666e-03 5.9771e-01 1.2991e+04 1.6455e+01 1.5047e+00
8.6863e+01 1.2985e+04 1.2513e-03 5.9204e-01 1.2985e+04 1.6247e+01 1.4903e+00
8.7255e+01 1.2978e+04 1.2357e-03 5.8619e-01 1.2978e+04 1.6037e+01 1.4754e+00
8.7647e+01 1.2972e+04 1.2200e-03 5.8013e-01 1.2972e+04 1.5825e+01 1.4600e+00
8.8039e+01 1.2965e+04 1.2042e-03 5.7384e-01 1.2965e+04 1.5612e+01 1.4440e+00
8.8431e+01 1.2958e+04 1.1883e-03 5.6729e-01 1.2958e+04 1.5398e+01 1.4274e+00
8.8824e+01 1.2951e+04 1.1725e-03 5.6044e-01 1.2951e+04 1.5184e+01 1.4100e+00
8.9216e+01 1.2943e+04 1.1567e-03 5.5325e-01 1.2943e+04 1.4971e+01 1.3918e+00
8.9608e+01 1.2935e+04 1.1410e-03 5.4568e-01 1.2935e+04 1.4759e+01 1.3726e+00
9.0000e+01 1.2927e+04 1.1256e-03 5.3769e-01 1.2927e+04 1.4551e+01 1.3524e+00
9.0392e+01 1.2919e+04 1.1105e-03 5.2923e-01 1.2919e+04 1.4346e+01 1.3310e+00
9.0784e+01 1.2911e+04 1.0958e-03 5.2026e-01 1.2911e+04 1.4147e+01 1.3084e+00
9.1176e+01 1.2902e+04 1.0816e-03 5.1075e-01 1.2902e+04 1.3954e+01 1.2844e+00
9.1569e+01 1.2892e+04 1.0680e-03 5.0065e-01 1.2892e+04 1.3768e+01 1.2590e+00
9.1961e+01 1.2882e+04 1.0550e-03 4.8994e-01 1.2882e+04 1.3591e+01 1.2320e+00
9.2353e+01 1.2872e+04 1.0427e-03 4.7860e-01 1.2872e+04 1.3422e+01 1.2035e+00
9.2745e+01 1.2861e+04 1.0313e-03 4.6661e-01 1.2861e+04 1.3263e+01 1.1734e+00
9.3137e+01 1.2850e+04 1.0206e-03 4.5396e-01 1.2850e+04 1.3115e+01 1.1416e+00
9.3529e+01 1.2838e+04 1.0108e-03 4.4067e-01 1.2838e+04 1.2976e+01 1.1082e+00
9.3922e+01 1.2826e+04 1.0018e-03 4.2673e-01 1.2826e+04 1.2849e+01 1.0733e+00
9.4314e+01 1.2813e+04 9.9358e-04 4.1217e-01 1.2813e+04 1.2731e+01 1.0367e+00
9.4706e+01 1.2800e+04 9.8618e-04 3.9700e-01 1.2800e+04 1.2623e+01 9.9873e-01
9.5098e+01 1.2786e+04 9.7947e-04 3.8128e-01 1.2786e+04 1.2524e+01 9.5933e-01
9.5490e+01 1.2772e+04 9.7333e-04 3.6504e-01 1.2772e+04 1.2432e+01 9.1865e-01
9.5882e+01 1.2758e+04 9.6762e-04 3.4835e-01 1.2758e+04 1.2345e+01 8.7684e-01
9.6275e+01 1.2743e+04 9.6209e-04 3.3128e-01 1.2743e+04 1.2260e+01 8.3409e-01
9.6667e+01 1.2729e+04 9.5655e-04 3.1393e-01 1.2729e+04 1.2176e+01 7.9065e-01
9.7059e+01 1.2714e+04 9.5034e-04 2.9639e-01 1.2714e+04 1.2083e+01 7.4672e-01
9.7451e+01 1.2701e+04 9.4410e-04 2.7889e-01 1.2701e+04 1.1991e+01 7.0289e-01
9.7843e+01 1.2683e+04 9.3405e-04 2.6124e-01 1.2683e+04 1.1847e+01 6.5864e-01
9.8235e+01 1.2681e+04 9.3033e-04 2.4461e-01 1.2681e+04 1.1797e+01 6.1702e-01
9.8627e+01 1.2631e+04 9.0277e-04 2.2590e-01 1.2631e+04 1.1403e+01 5.6989e-01
9.9020e+01 1.2711e+04 9.4361e-04 2.1315e-01 1.2711e+04 1.1995e+01 5.3854e-01
9.9412e+01 1.2225e+04 8.2844e-04 1.8222e-01 1.2225e+04 1.0127e+01 4.5975e-01
9.9804e+01 1.4014e+04 1.2155e-03 1.8290e-01 1.4014e+04 1.7034e+01 4.6759e-01
