# # x Density Velocity Pressure q0 q1 q2
1.9608e-01 1.0000e+05 0.0000e+00 1.0000e+00 1.0000e+05 0.0000e+00 2.5000e+00
5.8824e-01 1.0000e+05 0.0000e+00 1.0000e+00 1.0000e+05 0.0000e+00 2.5000e+00
9.8039e-01 1.0000e+05 0.0000e+00 1.0000e+00 1.0000e+05 0.0000e+00 2.5000e+00
1.3725e+00 1.0000e+05 0.0000e+00 1.0000e+00 1.0000e+05 0.0000e+00 2.5000e+00
1.7647e+00 1.0000e+05 0.0000e+00 1.0000e+00 1.0000e+05 0.0000e+00 2.5000e+00
2.1569e+00 1.0000e+05 0.0000e+00 1.0000e+00 1.0000e+05 0.0000e+00 2.5000e+00
2.5490e+00 1.0000e+05 0.0000e+00 1.0000e+00 1.0000e+05 0.0000e+00 2.5000e+00
2.9412e+00 1.0000e+05 0.0000e+00 1.0000e+00 1.0000e+05 0.0000e+00 2.5000e+00
3.3333e+00 1.0000e+05 0.0000e+00 1.0000e+00 1.0000e+05 0.0000e+00 2.5000e+00
3.7255e+00 1.0000e+05 0.0000e+00 1.0000e+00 1.0000e+05 0.0000e+00 2.5000e+00
4.1176e+00 1.0000e+05 0.0000e+00 1.0000e+00 1.0000e+05 0.0000e+00 2.5000e+00
4.5098e+00 1.0000e+05 0.0000e+00 1.0000e+00 1.0000e+05 0.0000e+00 2.5000e+00
4.9020e+00 1.0000e+05 0.0000e+00 1.0000e+00 1.0000e+05 0.0000e+00 2.5000e+00
5.2941e+00 1.0000e+05 0.0000e+00 1.0000e+00 1.0000e+05 0.0000e+00 2.5000e+00
5.6863e+00 1.0000e+05 0.0000e+00 1.0000e+00 1.0000e+05 0.0000e+00 2.5000e+00
6.0784e+00 1.0000e+05 0.0000e+00 1.0000e+00 1.0000e+05 0.0000e+00 2.5000e+00
6.4706e+00 1.0000e+05 0.0000e+00 1.0000e+00 1.0000e+05 0.0000e+00 2.5000e+00
6.8627e+00 1.0000e+05 0.0000e+00 1.0000e+00 1.0000e+05 0.0000e+00 2.5000e+00
7.2549e+00 1.0000e+05 0.0000e+00 1.0000e+00 1.0000e+05 0.0000e+00 2.5000e+00
7.6471e+00 1.0000e+05 0.0000e+00 1.0000e+00 1.0000e+05 0.0000e+00 2.5000e+00
8.0392e+00 1.0000e+05 0.0000e+00 1.0000e+00 1.0000e+05 0.0000e+00 2.5000e+00
8.4314e+00 1.0000e+05 0.0000e+00 1.0000e+00 1.0000e+05 0.0000e+00 2.5000e+00
8.8235e+00 1.0000e+05 0.0000e+00 1.0000e+00 1.0000e+05 0.0000e+00 2.5000e+00
9.2157e+00 1.0000e+05 0.0000e+00 1.0000e+00 1.0000e+05 0.0000e+00 2.5000e+00
9.6078e+00 1.0000e+05 0.0000e+00 1.0000e+00 1.0000e+05 0.0000e+00 2.5000e+00
1.0000e+01 1.0000e+05 0.0000e+00 1.0000e+00 1.0000e+05 0.0000e+00 2.5000e+00
1.0392e+01 1.0000e+05 0.0000e+00 1.0000e+00 1.0000e+05 0.0000e+00 2.5000e+00
1.0784e+01 1.0000e+05 0.0000e+00 1.0000e+00 1.0000e+05 0.0000e+00 2.5000e+00
1.1176e+01 1.0000e+05 0.0000e+00 1.0000e+00 1.0000e+05 0.0000e+00 2.5000e+00
1.1569e+01 1.0000e+05 0.0000e+00 1.0000e+00 1.0000e+05 0.0000e+00 2.5000e+00
1.1961e+01 1.0000e+05 0.0000e+00 1.0000e+00 1.0000e+05 0.0000e+00 2.5000e+00
1.2353e+01 1.0000e+05 0.0000e+00 1.0000e+00 1.0000e+05 0.0000e+00 2.5000e+00
1.2745e+01 1.0000e+05 0.0000e+00 1.0000e+00 1.0000e+05 0.0000e+00 2.5000e+00
1.3137e+01 1.0000e+05 0.0000e+00 1.0000e+00 1.0000e+05 0.0000e+00 2.5000e+00
1.3529e+01 1.0000e+05 0.0000e+00 1.0000e+00 1.0000e+05 0.0000e+00 2.5000e+00
1.3922e+01 1.0000e+05 0.0000e+00 1.0000e+00 1.0000e+05 0.0000e+00 2.5000e+00
1.4314e+01 1.0000e+05 0.0000e+00 1.0000e+00 1.0000e+05 0.0000e+00 2.5000e+00
1.4706e+01 1.0000e+05 0.0000e+00 1.0000e+00 1.0000e+05 0.0000e+00 2.5000e+00
1.5098e+01 1.0000e+05 0.0000e+00 1.0000e+00 1.0000e+05 0.0000e+00 2.5000e+00
1.5490e+01 1.0000e+05 0.0000e+00 1.0000e+00 1.0000e+05 0.0000e+00 2.5000e+00
1.5882e+01 1.0000e+05 0.0000e+00 1.0000e+00 1.0000e+05 0.0000e+00 2.5000e+00
1.6275e+01 1.0000e+05 0.0000e+00 1.0000e+00 1.0000e+05 0.0000e+00 2.5000e+00
1.6667e+01 1.0000e+05 0.0000e+00 1.0000e+00 1.0000e+05 0.0000e+00 2.5000e+00
1.7059e+01 1.0000e+05 0.0000e+00 1.0000e+00 1.0000e+05 0.0000e+00 2.5000e+00
1.7451e+01 1.0000e+05 0.0000e+00 1.0000e+00 1.0000e+05 0.0000e+00 2.5000e+00
1.7843e+01 1.0000e+05 0.0000e+00 1.0000e+00 1.0000e+05 0.0000e+00 2.5000e+00
1.8235e+01 1.0000e+05 0.0000e+00 1.0000e+00 1.0000e+05 0.0000e+00 2.5000e+00
1.8627e+01 1.0000e+05 0.0000e+00 1.0000e+00 1.0000e+05 0.0000e+00 2.5000e+00
1.9020e+01 1.0000e+05 0.0000e+00 1.0000e+00 1.0000e+05 0.0000e+00 2.5000e+00
1.9412e+01 1.0000e+05 0.0000e+00 1.0000e+00 1.0000e+05 0.0000e+00 2.5000e+00
1.9804e+01 1.0000e+05 0.0000e+00 1.0000e+00 1.0000e+05 0.0000e+00 2.5000e+00
2.0196e+01 1.0000e+05 0.0000e+00 1.0000e+00 1.0000e+05 0.0000e+00 2.5000e+00
2.0588e+01 1.0000e+05 0.0000e+00 1.0000e+00 1.0000e+05 0.0000e+00 2.5000e+00
2.0980e+01 1.0000e+05 0.0000e+00 1.0000e+00 1.0000e+05 0.0000e+00 2.5000e+00
2.1373e+01 1.0000e+05 0.0000e+00 1.0000e+00 1.0000e+05 0.0000e+00 2.5000e+00
2.1765e+01 1.0000e+05 0.0000e+00 1.0000e+00 1.0000e+05 0.0000e+00 2.5000e+00
2.2157e+01 1.0000e+05 0.0000e+00 1.0000e+00 1.0000e+05 0.0000e+00 2.5000e+00
2.2549e+01 1.0000e+05 0.0000e+00 1.0000e+00 1.0000e+05 0.0000e+00 2.5000e+00
2.2941e+01 1.0000e+05 0.0000e+00 1.0000e+00 1.0000e+05 0.0000e+00 2.5000e+00
2.3333e+01 1.0000e+05 0.0000e+00 1.0000e+00 1.0000e+05 0.0000e+00 2.5000e+00
2.3725e+01 1.0000e+05 0.0000e+00 1.0000e+00 1.0000e+05 0.0000e+00 2.5000e+00
2.4118e+01 1.0000e+05 0.0000e+00 1.0000e+00 1.0000e+05 0.0000e+00 2.5000e+00
2.4510e+01 1.0000e+05 0.0000e+00 1.0000e+00 1.0000e+05 0.0000e+00 2.5000e+00
2.4902e+01 1.0000e+05 0.0000e+00 1.0000e+00 1.0000e+05 0.0000e+00 2.5000e+00
2.5294e+01 1.0000e+05 0.0000e+00 1.0000e+00 1.0000e+05 0.0000e+00 2.5000e+00
2.5686e+01 1.0000e+05 0.0000e+00 1.0000e+00 1.0000e+05 0.0000e+00 2.5000e+00
2.6078e+01 1.0000e+05 0.0000e+00 1.0000e+00 1.0000e+05 0.0000e+00 2.5000e+00
2.6471e+01 1.0000e+05 0.0000e+00 1.0000e+00 1.0000e+05 0.0000e+00 2.5000e+00
2.6863e+01 1.0000e+05 0.0000e+00 1.0000e+00 1.0000e+05 0.0000e+00 2.5000e+00
2.7255e+01 1.0000e+05 0.0000e+00 1.0000e+00 1.0000e+05 0.0000e+00 2.5000e+00
2.7647e+01 1.0000e+05 0.0000e+00 1.0000e+00 1.0000e+05 0.0000e+00 2.5000e+00
2.8039e+01 1.0000e+05 0.0000e+00 1.0000e+00 1.0000e+05 0.0000e+00 2.5000e+00
2.8431e+01 1.0000e+05 0.0000e+00 1.0000e+00 1.0000e+05 0.0000e+00 2.5000e+00
2.8824e+01 1.0000e+05 0.0000e+00 1.0000e+00 1.0000e+05 0.0000e+00 2.5000e+00
2.9216e+01 1.0000e+05 0.0000e+00 1.0000e+00 1.0000e+05 0.0000e+00 2.5000e+00
2.9608e+01 1.0000e+05 0.0000e+00 1.0000e+00 1.0000e+05 0.0000e+00 2.5000e+00
3.0000e+01 1.0000e+05 8.4932e-21 1.0000e+00 1.0000e+05 8.4932e-16 2.5000e+00
3.0392e+01 1.0000e+05 2.7320e-19 1.0000e+00 1.0000e+05 2.7320e-14 2.5000e+00
3.0784e+01 1.0000e+05 1.2913e-18 1.0000e+00 1.0000e+05 1.2913e-13 2.5000e+00
3.1176e+01 1.0000e+05 3.7045e-18 1.0000e+00 1.0000e+05 3.7045e-13 2.5000e+00
3.1569e+01 1.0000e+05 1.0207e-17 1.0000e+00 1.0000e+05 1.0207e-12 2.5000e+00
3.1961e+01 1.0000e+05 2.9559e-17 1.0000e+00 1.0000e+05 2.9559e-12 2.5000e+00
3.2353e+01 1.0000e+05 8.7647e-17 1.0000e+00 1.0000e+05 8.7647e-12 2.5000e+00
3.2745e+01 1.0000e+05 2.6014e-16 1.0000e+00 1.0000e+05 2.6014e-11 2.5000e+00
3.3137e+01 1.0000e+05 7.6340e-16 1.0000e+00 1.0000e+05 7.6340e-11 2.5000e+00
3.3529e+01 1.0000e+05 2.2049e-15 1.0000e+00 1.0000e+05 2.2049e-10 2.5000e+00
3.3922e+01 1.0000e+05 6.2570e-15 1.0000e+00 1.0000e+05 6.2570e-10 2.5000e+00
3.4314e+01 1.0000e+05 1.7433e-14 1.0000e+00 1.0000e+05 1.7433e-09 2.5000e+00
3.4706e+01 1.0000e+05 4.7669e-14 1.0000e+00 1.0000e+05 4.7669e-09 2.5000e+00
3.5098e+01 1.0000e+05 1.2788e-13 1.0000e+00 1.0000e+05 1.2788e-08 2.5000e+00
3.5490e+01 1.0000e+05 3.3652e-13 1.0000e+00 1.0000e+05 3.3652e-08 2.5000e+00
3.5882e+01 1.0000e+05 8.6839e-13 1.0000e+00 1.0000e+05 8.6839e-08 2.5000e+00
3.6275e+01 1.0000e+05 2.1969e-12 1.0000e+00 1.0000e+05 2.1969e-07 2.5000e+00
3.6667e+01 1.0000e+05 5.4476e-12 1.0000e+00 1.0000e+05 5.4476e-07 2.5000e+00
3.7059e+01 1.0000e+05 1.3237e-11 1.0000e+00 1.0000e+05 1.3237e-06 2.5000e+00
3.7451e+01 1.0000e+05 3.1509e-11 1.0000e+00 1.0000e+05 3.1509e-06 2.5000e+00
3.7843e+01 1.0000e+05 7.3462e-11 1.0000e+00 1.0000e+05 7.3462e-06 2.5000e+00
3.8235e+01 1.0000e+05 1.6771e-10 1.0000e+00 1.0000e+05 1.6771e-05 2.5000e+00
3.8627e+01 1.0000e+05 3.7480e-10 1.0000e+00 1.0000e+05 3.7480e-05 2.5000e+00
3.9020e+01 1.0000e+05 8.1979e-10 1.0000e+00 1.0000e+05 8.1979e-05 2.5000e+00
3.9412e+01 1.0000e+05 1.7545e-09 9.9999e-01 1.0000e+05 1.7545e-04 2.5000e+00
3.9804e+01 1.0000e+05 3.6733e-09 9.9998e-01 1.0000e+05 3.6733e-04 2.5000e+00
4.0196e+01 1.0000e+05 7.5215e-09 9.9997e-01 1.0000e+05 7.5215e-04 2.4999e+00
4.0588e+01 1.0000e+05 1.5059e-08 9.9994e-01 1.0000e+05 1.5059e-03 2.4998e+00
4.0980e+01 1.0000e+05 2.9476e-08 9.9988e-01 1.0000e+05 2.9476e-03 2.4997e+00
4.1373e+01 1.0000e+05 5.6389e-08 9.9979e-01 1.0000e+05 5.6389e-03 2.4995e+00
4.1765e+01 1.0000e+05 1.0542e-07 9.9961e-01 1.0000e+05 1.0542e-02 2.4990e+00
4.2157e+01 9.9999e+04 1.9255e-07 9.9932e-01 9.9999e+04 1.9254e-02 2.4983e+00
4.2549e+01 9.9999e+04 3.4355e-07 9.9882e-01 9.9999e+04 3.4355e-02 2.4971e+00
4.2941e+01 9.9998e+04 5.9872e-07 9.9803e-01 9.9998e+04 5.9871e-02 2.4951e+00
4.3333e+01 9.9997e+04 1.0190e-06 9.9678e-01 9.9997e+04 1.0190e-01 2.4919e+00
4.3725e+01 9.9994e+04 1.6936e-06 9.9487e-01 9.9994e+04 1.6935e-01 2.4872e+00
4.4118e+01 9.9990e+04 2.7485e-06 9.9203e-01 9.9990e+04 2.7482e-01 2.4801e+00
4.4510e+01 9.9984e+04 4.3551e-06 9.8795e-01 9.9984e+04 4.3545e-01 2.4699e+00
4.4902e+01 9.9975e+04 6.7382e-06 9.8225e-01 9.9975e+04 6.7365e-01 2.4556e+00
4.5294e+01 9.9960e+04 1.0180e-05 9.7454e-01 9.9960e+04 1.0176e+00 2.4363e+00
4.5686e+01 9.9939e+04 1.5017e-05 9.6442e-01 9.9939e+04 1.5008e+00 2.4111e+00
4.6078e+01 9.9908e+04 2.1636e-05 9.5160e-01 9.9908e+04 2.1616e+00 2.3790e+00
4.6471e+01 9.9865e+04 3.0448e-05 9.3590e-01 9.9865e+04 3.0407e+00 2.3398e+00
4.6863e+01 9.9805e+04 4.1862e-05 9.1734e-01 9.9805e+04 4.1780e+00 2.2934e+00
4.7255e+01 9.9724e+04 5.6241e-05 8.9624e-01 9.9724e+04 5.6086e+00 2.2408e+00
4.7647e+01 9.9618e+04 7.3873e-05 8.7320e-01 9.9618e+04 7.3591e+00 2.1833e+00
4.8039e+01 9.9478e+04 9.4730e-05 8.4906e-01 9.9478e+04 9.4235e+00 2.1231e+00
4.8431e+01 9.9341e+04 1.2026e-04 8.2541e-01 9.9341e+04 1.1947e+01 2.0643e+00
4.8824e+01 9.8875e+04 1.3902e-04 7.9962e-01 9.8875e+04 1.3746e+01 2.0000e+00
4.9216e+01 9.9823e+04 2.1328e-04 7.9379e-01 9.9823e+04 2.1290e+01 1.9867e+00
4.9608e+01 1.0105e+05 1.2553e-04 7.3484e-01 1.0105e+05 1.2685e+01 1.8379e+00
5.0000e+01 1.2592e+04 1.8609e-04 7.2981e-01 1.2592e+04 2.3433e+00 1.8247e+00
5.0392e+01 1.1895e+04 6.9346e-04 7.6304e-01 1.1895e+04 8.2489e+00 1.9105e+00
5.0784e+01 1.2491e+04 1.0845e-03 7.8843e-01 1.2491e+04 1.3546e+01 1.9784e+00
5.1176e+01 1.2742e+04 1.0724e-03 7.7224e-01 1.2742e+04 1.3664e+01 1.9379e+00
5.1569e+01 1.2705e+04 1.0972e-03 7.6480e-01 1.2705e+04 1.3941e+01 1.9196e+00
5.1961e+01 1.2752e+04 1.0308e-03 7.4685e-01 1.2752e+04 1.3145e+01 1.8739e+00
5.2353e+01 1.2711e+04 1.0375e-03 7.3472e-01 1.2711e+04 1.3188e+01 1.8436e+00
5.2745e+01 1.2736e+04 9.8013e-04 7.1582e-01 1.2736e+04 1.2483e+01 1.7957e+00
5.3137e+01 1.2709e+04 9.6731e-04 6.9897e-01 1.2709e+04 1.2294e+01 1.7534e+00
5.3529e+01 1.2717e+04 9.1538e-04 6.7792e-01 1.2717e+04 1.1641e+01 1.7001e+00
5.3922e+01 1.2698e+04 8.8698e-04 6.5654e-01 1.2698e+04 1.1263e+01 1.6463e+00
5.4314e+01 1.2696e+04 8.3617e-04 6.3221e-01 1.2696e+04 1.0616e+01 1.5850e+00
5.4706e+01 1.2681e+04 7.9550e-04 6.0615e-01 1.2681e+04 1.0088e+01 1.5194e+00
5.5098e+01 1.2672e+04 7.4207e-04 5.7746e-01 1.2672e+04 9.4036e+00 1.4471e+00
5.5490e+01 1.2658e+04 6.9109e-04 5.4615e-01 1.2658e+04 8.7477e+00 1.3684e+00
5.5882e+01 1.2645e+04 6.3214e-04 5.1194e-01 1.2645e+04 7.9936e+00 1.2824e+00
5.6275e+01 1.2630e+04 5.7141e-04 4.7436e-01 1.2630e+04 7.2169e+00 1.1880e+00
5.6667e+01 1.2615e+04 5.0450e-04 4.3314e-01 1.2615e+04 6.3640e+00 1.0845e+00
5.7059e+01 1.2598e+04 4.3334e-04 3.8763e-01 1.2598e+04 5.4591e+00 9.7026e-01
5.7451e+01 1.2580e+04 3.5638e-04 3.3754e-01 1.2580e+04 4.4832e+00 8.4464e-01
5.7843e+01 1.2561e+04 2.7529e-04 2.8315e-01 1.2561e+04 3.4580e+00 7.0836e-01
5.8235e+01 1.2543e+04 1.9377e-04 2.2739e-01 1.2543e+04 2.4304e+00 5.6870e-01
5.8627e+01 1.2527e+04 1.2017e-04 1.7679e-01 1.2527e+04 1.5053e+00 4.4208e-01
5.9020e+01 1.2515e+04 6.3833e-05 1.3903e-01 1.2515e+04 7.9885e-01 3.4759e-01
5.9412e+01 1.2507e+04 2.8819e-05 1.1677e-01 1.2507e+04 3.6044e-01 2.9193e-01
5.9804e+01 1.2503e+04 1.1290e-05 1.0632e-01 1.2503e+04 1.4116e-01 2.6579e-01
6.0196e+01 1.2501e+04 4.0013e-06 1.0219e-01 1.2501e+04 5.0020e-02 2.5548e-01
6.0588e+01 1.2500e+04 1.3383e-06 1.0073e-01 1.2500e+04 1.6729e-02 2.5182e-01
6.0980e+01 1.2500e+04 4.3440e-07 1.0024e-01 1.2500e+04 5.4300e-03 2.5059e-01
6.1373e+01 1.2500e+04 1.3867e-07 1.0008e-01 1.2500e+04 1.7334e-03 2.5019e-01
6.1765e+01 1.2500e+04 4.3759e-08 1.0002e-01 1.2500e+04 5.4699e-04 2.5006e-01
6.2157e+01 1.2500e+04 1.3674e-08 1.0001e-01 1.2500e+04 1.7092e-04 2.5002e-01
6.2549e+01 1.2500e+04 4.2328e-09 1.0000e-01 1.2500e+04 5.2910e-05 2.5001e-01
6.2941e+01 1.2500e+04 1.2981e-09 1.0000e-01 1.2500e+04 1.6226e-05 2.5000e-01
6.3333e+01 1.2500e+04 3.9432e-10 1.0000e-01 1.2500e+04 4.9290e-06 2.5000e-01
6.3725e+01 1.2500e+04 1.1864e-10 1.0000e-01 1.2500e+04 1.4830e-06 2.5000e-01
6.4118e+01 1.2500e+04 3.5345e-11 1.0000e-01 1.2500e+04 4.4182e-07 2.5000e-01
6.4510e+01 1.2500e+04 1.0426e-11 1.0000e-01 1.2500e+04 1.3032e-07 2.5000e-01
6.4902e+01 1.2500e+04 3.0443e-12 1.0000e-01 1.2500e+04 3.8054e-08 2.5000e-01
6.5294e+01 1.2500e+04 8.7980e-13 1.0000e-01 1.2500e+04 1.0998e-08 2.5000e-01
6.5686e+01 1.2500e+04 2.5161e-13 1.0000e-01 1.2500e+04 3.1452e-09 2.5000e-01
6.6078e+01 1.2500e+04 7.1198e-14 1.0000e-01 1.2500e+04 8.8997e-10 2.5000e-01
6.6471e+01 1.2500e+04 1.9930e-14 1.0000e-01 1.2500e+04 2.4912e-10 2.5000e-01
6.6863e+01 1.2500e+04 5.5176e-15 1.0000e-01 1.2500e+04 6.8970e-11 2.5000e-01
6.7255e+01 1.2500e+04 1.5102e-15 1.0000e-01 1.2500e+04 1.8878e-11 2.5000e-01
6.7647e+01 1.2500e+04 4.0802e-16 1.0000e-01 1.2500e+04 5.1002e-12 2.5000e-01
6.8039e+01 1.2500e+04 1.0837e-16 1.0000e-01 1.2500e+04 1.3547e-12 2.5000e-01
6.8431e+01 1.2500e+04 2.7909e-17 1.0000e-01 1.2500e+04 3.4887e-13 2.5000e-01
6.8824e+01 1.2500e+04 6.5817e-18 1.0000e-01 1.2500e+04 8.2271e-14 2.5000e-01
6.9216e+01 1.2500e+04 1.1930e-18 1.0000e-01 1.2500e+04 1.4913e-14 2.5000e-01
6.9608e+01 1.2500e+04 4.2749e-20 1.0000e-01 1.2500e+04 5.3436e-16 2.5000e-01
7.0000e+01 1.2500e+04 0.0000e+00 1.0000e-01 1.2500e+04 0.0000e+00 2.5000e-01
7.0392e+01 1.2500e+04 0.0000e+00 1.0000e-01 1.2500e+04 0.0000e+00 2.5000e-01
7.0784e+01 1.2500e+04 0.0000e+00 1.0000e-01 1.2500e+04 0.0000e+00 2.5000e-01
7.1176e+01 1.2500e+04 0.0000e+00 1.0000e-01 1.2500e+04 0.0000e+00 2.5000e-01
7.1569e+01 1.2500e+04 0.0000e+00 1.0000e-01 1.2500e+04 0.0000e+00 2.5000e-01
7.1961e+01 1.2500e+04 0.0000e+00 1.0000e-01 1.2500e+04 0.0000e+00 2.5000e-01
7.2353e+01 1.2500e+04 0.0000e+00 1.0000e-01 1.2500e+04 0.0000e+00 2.5000e-01
7.2745e+01 1.2500e+04 0.0000e+00 1.0000e-01 1.2500e+04 0.0000e+00 2.5000e-01
7.3137e+01 1.2500e+04 0.0000e+00 1.0000e-01 1.2500e+04 0.0000e+00 2.5000e-01
7.3529e+01 1.2500e+04 0.0000e+00 1.0000e-01 1.2500e+04 0.0000e+00 2.5000e-01
7.3922e+01 1.2500e+04 0.0000e+00 1.0000e-01 1.2500e+04 0.0000e+00 2.5000e-01
7.4314e+01 1.2500e+04 0.0000e+00 1.0000e-01 1.2500e+04 0.0000e+00 2.5000e-01
7.4706e+01 1.2500e+04 0.0000e+00 1.0000e-01 1.2500e+04 0.0000e+00 2.5000e-01
7.5098e+01 1.2500e+04 0.0000e+00 1.0000e-01 1.2500e+04 0.0000e+00 2.5000e-01
7.5490e+01 1.2500e+04 0.0000e+00 1.0000e-01 1.2500e+04 0.0000e+00 2.5000e-01
7.5882e+01 1.2500e+04 0.0000e+00 1.0000e-01 1.2500e+04 0.0000e+00 2.5000e-01
7.6275e+01 1.2500e+04 0.0000e+00 1.0000e-01 1.2500e+04 0.0000e+00 2.5000e-01
7.6667e+01 1.2500e+04 0.0000e+00 1.0000e-01 1.2500e+04 0.0000e+00 2.5000e-01
7.7059e+01 1.2500e+04 0.0000e+00 1.0000e-01 1.2500e+04 0.0000e+00 2.5000e-01
7.7451e+01 1.2500e+04 0.0000e+00 1.0000e-01 1.2500e+04 0.0000e+00 2.5000e-01
7.7843e+01 1.2500e+04 0.0000e+00 1.0000e-01 1.2500e+04 0.0000e+00 2.5000e-01
7.8235e+01 1.2500e+04 0.0000e+00 1.0000e-01 1.2500e+04 0.0000e+00 2.5000e-01
7.8627e+01 1.2500e+04 0.0000e+00 1.0000e-01 1.2500e+04 0.0000e+00 2.5000e-01
7.9020e+01 1.2500e+04 0.0000e+00 1.0000e-01 1.2500e+04 0.0000e+00 2.5000e-01
7.9412e+01 1.2500e+04 0.0000e+00 1.0000e-01 1.2500e+04 0.0000e+00 2.5000e-01
7.9804e+01 1.2500e+04 0.0000e+00 1.0000e-01 1.2500e+04 0.0000e+00 2.5000e-01
8.0196e+01 1.2500e+04 0.0000e+00 1.0000e-01 1.2500e+04 0.0000e+00 2.5000e-01
8.0588e+01 1.2500e+04 0.0000e+00 1.0000e-01 1.2500e+04 0.0000e+00 2.5000e-01
8.0980e+01 1.2500e+04 0.0000e+00 1.0000e-01 1.2500e+04 0.0000e+00 2.5000e-01
8.1373e+01 1.2500e+04 0.0000e+00 1.0000e-01 1.2500e+04 0.0000e+00 2.5000e-01
8.1765e+01 1.2500e+04 0.0000e+00 1.0000e-01 1.2500e+04 0.0000e+00 2.5000e-01
8.2157e+01 1.2500e+04 0.0000e+00 1.0000e-01 1.2500e+04 0.0000e+00 2.5000e-01
8.2549e+01 1.2500e+04 0.0000e+00 1.0000e-01 1.2500e+04 0.0000e+00 2.5000e-01
8.2941e+01 1.2500e+04 0.0000e+00 1.0000e-01 1.2500e+04 0.0000e+00 2.5000e-01
8.3333e+01 1.2500e+04 0.0000e+00 1.0000e-01 1.2500e+04 0.0000e+00 2.5000e-01
8.3725e+01 1.2500e+04 0.0000e+00 1.0000e-01 1.2500e+04 0.0000e+00 2.5000e-01
8.4118e+01 1.2500e+04 0.0000e+00 1.0000e-01 1.2500e+04 0.0000e+00 2.5000e-01
8.4510e+01 1.2500e+04 0.0000e+00 1.0000e-01 1.2500e+04 0.0000e+00 2.5000e-01
8.4902e+01 1.2500e+04 0.0000e+00 1.0000e-01 1.2500e+04 0.0000e+00 2.5000e-01
8.5294e+01 1.2500e+04 0.0000e+00 1.0000e-01 1.2500e+04 0.0000e+00 2.5000e-01
8.5686e+01 1.2500e+04 0.0000e+00 1.0000e-01 1.2500e+04 0.0000e+00 2.5000e-01
8.6078e+01 1.2500e+04 0.0000e+00 1.0000e-01 1.2500e+04 0.0000e+00 2.5000e-01
8.6471e+01 1.2500e+04 0.0000e+00 1.0000e-01 1.2500e+04 0.0000e+00 2.5000e-01
8.6863e+01 1.2500e+04 0.0000e+00 1.0000e-01 1.2500e+04 0.0000e+00 2.5000e-01
8.7255e+01 1.2500e+04 0.0000e+00 1.0000e-01 1.2500e+04 0.0000e+00 2.5000e-01
8.7647e+01 1.2500e+04 0.0000e+00 1.0000e-01 1.2500e+04 0.0000e+00 2.5000e-01
8.8039e+01 1.2500e+04 0.0000e+00 1.0000e-01 1.2500e+04 0.0000e+00 2.5000e-01
8.8431e+01 1.2500e+04 0.0000e+00 1.0000e-01 1.2500e+04 0.0000e+00 2.5000e-01
8.8824e+01 1.2500e+04 0.0000e+00 1.0000e-01 1.2500e+04 0.0000e+00 2.5000e-01
8.9216e+01 1.2500e+04 0.0000e+00 1.0000e-01 1.2500e+04 0.0000e+00 2.5000e-01
8.9608e+01 1.2500e+04 0.0000e+00 1.0000e-01 1.2500e+04 0.0000e+00 2.5000e-01
9.0000e+01 1.2500e+04 0.0000e+00 1.0000e-01 1.2500e+04 0.0000e+00 2.5000e-01
9.0392e+01 1.2500e+04 0.0000e+00 1.0000e-01 1.2500e+04 0.0000e+00 2.5000e-01
9.0784e+01 1.2500e+04 0.0000e+00 1.0000e-01 1.2500e+04 0.0000e+00 2.5000e-01
9.1176e+01 1.2500e+04 0.0000e+00 1.0000e-01 1.2500e+04 0.0000e+00 2.5000e-01
9.1569e+01 1.2500e+04 0.0000e+00 1.0000e-01 1.2500e+04 0.0000e+00 2.5000e-01
9.1961e+01 1.2500e+04 0.0000e+00 1.0000e-01 1.2500e+04 0.0000e+00 2.5000e-01
9.2353e+01 1.2500e+04 0.0000e+00 1.0000e-01 1.2500e+04 0.0000e+00 2.5000e-01
9.2745e+01 1.2500e+04 0.0000e+00 1.0000e-01 1.2500e+04 0.0000e+00 2.5000e-01
9.3137e+01 1.2500e+04 0.0000e+00 1.0000e-01 1.2500e+04 0.0000e+00 2.5000e-01
9.3529e+01 1.2500e+04 0.0000e+00 1.0000e-01 1.2500e+04 0.0000e+00 2.5000e-01
9.3922e+01 1.2500e+04 0.0000e+00 1.0000e-01 1.2500e+04 0.0000e+00 2.5000e-01
9.4314e+01 1.2500e+04 0.0000e+00 1.0000e-01 1.2500e+04 0.0000e+00 2.5000e-01
9.4706e+01 1.2500e+04 0.0000e+00 1.0000e-01 1.2500e+04 0.0000e+00 2.5000e-01
9.5098e+01 1.2500e+04 0.0000e+00 1.0000e-01 1.2500e+04 0.0000e+00 2.5000e-01
9.5490e+01 1.2500e+04 0.0000e+00 1.0000e-01 1.2500e+04 0.0000e+00 2.5000e-01
9.5882e+01 1.2500e+04 0.0000e+00 1.0000e-01 1.2500e+04 0.0000e+00 2.5000e-01
9.6275e+01 1.2500e+04 0.0000e+00 1.0000e-01 1.2500e+04 0.0000e+00 2.5000e-01
9.6667e+01 1.2500e+04 0.0000e+00 1.0000e-01 1.2500e+04 0.0000e+00 2.5000e-01
9.7059e+01 1.2500e+04 0.0000e+00 1.0000e-01 1.2500e+04 0.0000e+00 2.5000e-01
9.7451e+01 1.2500e+04 0.0000e+00 1.0000e-01 1.2500e+04 0.0000e+00 2.5000e-01
9.7843e+01 1.2500e+04 0.0000e+00 1.0000e-01 1.2500e+04 0.0000e+00 2.5000e-01
9.8235e+01 1.2500e+04 0.0000e+00 1.0000e-01 1.2500e+04 0.0000e+00 2.5000e-01
9.8627e+01 1.2500e+04 0.0000e+00 1.0000e-01 1.2500e+04 0.0000e+00 2.5000e-01
9.9020e+01 1.2500e+04 0.0000e+00 1.0000e-01 1.2500e+04 0.0000e+00 2.5000e-01
9.9412e+01 1.2500e+04 0.0000e+00 1.0000e-01 1.2500e+04 0.0000e+00 2.5000e-01
9.9804e+01 1.2500e+04 0.0000e+00 1.0000e-01 1.2500e+04 0.0000e+00 2.5000e-01
