# # x Density Velocity Pressure q0 q1 q2
1.9608e-01 1.0000e+05 1.2917e-13 1.0000e+00 1.0000e+05 1.2917e-08 2.5000e+00
5.8824e-01 1.0000e+05 1.7071e-13 1.0000e+00 1.0000e+05 1.7071e-08 2.5000e+00
9.8039e-01 1.0000e+05 2.0987e-13 1.0000e+00 1.0000e+05 2.0987e-08 2.5000e+00
1.3725e+00 1.0000e+05 2.6951e-13 1.0000e+00 1.0000e+05 2.6951e-08 2.5000e+00
1.7647e+00 1.0000e+05 3.5947e-13 1.0000e+00 1.0000e+05 3.5947e-08 2.5000e+00
2.1569e+00 1.0000e+05 4.8941e-13 1.0000e+00 1.0000e+05 4.8941e-08 2.5000e+00
2.5490e+00 1.0000e+05 6.7233e-13 1.0000e+00 1.0000e+05 6.7233e-08 2.5000e+00
2.9412e+00 1.0000e+05 9.2629e-13 1.0000e+00 1.0000e+05 9.2629e-08 2.5000e+00
3.3333e+00 1.0000e+05 1.2760e-12 1.0000e+00 1.0000e+05 1.2760e-07 2.5000e+00
3.7255e+00 1.0000e+05 1.7552e-12 1.0000e+00 1.0000e+05 1.7552e-07 2.5000e+00
4.1176e+00 1.0000e+05 2.4091e-12 1.0000e+00 1.0000e+05 2.4091e-07 2.5000e+00
4.5098e+00 1.0000e+05 3.2985e-12 1.0000e+00 1.0000e+05 3.2985e-07 2.5000e+00
4.9020e+00 1.0000e+05 4.5044e-12 1.0000e+00 1.0000e+05 4.5044e-07 2.5000e+00
5.2941e+00 1.0000e+05 6.1346e-12 1.0000e+00 1.0000e+05 6.1346e-07 2.5000e+00
5.6863e+00 1.0000e+05 8.3322e-12 1.0000e+00 1.0000e+05 8.3322e-07 2.5000e+00
6.0784e+00 1.0000e+05 1.1286e-11 1.0000e+00 1.0000e+05 1.1286e-06 2.5000e+00
6.4706e+00 1.0000e+05 1.5246e-11 1.0000e+00 1.0000e+05 1.5246e-06 2.5000e+00
6.8627e+00 1.0000e+05 2.0538e-11 1.0000e+00 1.0000e+05 2.0538e-06 2.5000e+00
7.2549e+00 1.0000e+05 2.7591e-11 1.0000e+00 1.0000e+05 2.7591e-06 2.5000e+00
7.6471e+00 1.0000e+05 3.6966e-11 1.0000e+00 1.0000e+05 3.6966e-06 2.5000e+00
8.0392e+00 1.0000e+05 4.9390e-11 1.0000e+00 1.0000e+05 4.9390e-06 2.5000e+00
8.4314e+00 1.0000e+05 6.5808e-11 1.0000e+00 1.0000e+05 6.5808e-06 2.5000e+00
8.8235e+00 1.0000e+05 8.7445e-11 1.0000e+00 1.0000e+05 8.7445e-06 2.5000e+00
9.2157e+00 1.0000e+05 1.1588e-10 1.0000e+00 1.0000e+05 1.1588e-05 2.5000e+00
9.6078e+00 1.0000e+05 1.5313e-10 1.0000e+00 1.0000e+05 1.5313e-05 2.5000e+00
1.0000e+01 1.0000e+05 2.0181e-10 1.0000e+00 1.0000e+05 2.0181e-05 2.5000e+00
1.0392e+01 1.0000e+05 2.6523e-10 1.0000e+00 1.0000e+05 2.6523e-05 2.5000e+00
1.0784e+01 1.0000e+05 3.4763e-10 1.0000e+00 1.0000e+05 3.4763e-05 2.5000e+00
1.1176e+01 1.0000e+05 4.5438e-10 1.0000e+00 1.0000e+05 4.5438e-05 2.5000e+00
1.1569e+01 1.0000e+05 5.9228e-10 1.0000e+00 1.0000e+05 5.9228e-05 2.5000e+00
1.1961e+01 1.0000e+05 7.6992e-10 1.0000e+00 1.0000e+05 7.6992e-05 2.5000e+00
1.2353e+01 1.0000e+05 9.9810e-10 1.0000e+00 1.0000e+05 9.9810e-05 2.5000e+00
1.2745e+01 1.0000e+05 1.2904e-09 1.0000e+00 1.0000e+05 1.2904e-04 2.5000e+00
1.3137e+01 1.0000e+05 1.6636e-09 1.0000e+00 1.0000e+05 1.6636e-04 2.5000e+00
1.3529e+01 1.0000e+05 2.1391e-09 1.0000e+00 1.0000e+05 2.1391e-04 2.5000e+00
1.3922e+01 1.0000e+05 2.7428e-09 1.0000e+00 1.0000e+05 2.7428e-04 2.5000e+00
1.4314e+01 1.0000e+05 3.5073e-09 9.9999e-01 1.0000e+05 3.5073e-04 2.5000e+00
1.4706e+01 1.0000e+05 4.4727e-09 9.9999e-01 1.0000e+05 4.4727e-04 2.5000e+00
1.5098e+01 1.0000e+05 5.6883e-09 9.9999e-01 1.0000e+05 5.6883e-04 2.5000e+00
1.5490e+01 1.0000e+05 7.2144e-09 9.9999e-01 1.0000e+05 7.2144e-04 2.5000e+00
1.5882e+01 1.0000e+05 9.1251e-09 9.9999e-01 1.0000e+05 9.1251e-04 2.5000e+00
1.6275e+01 1.0000e+05 1.1510e-08 9.9998e-01 1.0000e+05 1.1510e-03 2.5000e+00
1.6667e+01 1.0000e+05 1.4480e-08 9.9998e-01 1.0000e+05 1.4480e-03 2.4999e+00
1.7059e+01 1.0000e+05 1.8166e-08 9.9997e-01 1.0000e+05 1.8166e-03 2.4999e+00
1.7451e+01 1.0000e+05 2.2728e-08 9.9996e-01 1.0000e+05 2.2728e-03 2.4999e+00
1.7843e+01 1.0000e+05 2.8358e-08 9.9996e-01 1.0000e+05 2.8358e-03 2.4999e+00
1.8235e+01 1.0000e+05 3.5288e-08 9.9995e-01 1.0000e+05 3.5288e-03 2.4999e+00
1.8627e+01 1.0000e+05 4.3792e-08 9.9993e-01 1.0000e+05 4.3791e-03 2.4998e+00
1.9020e+01 1.0000e+05 5.4198e-08 9.9992e-01 1.0000e+05 5.4198e-03 2.4998e+00
1.9412e+01 1.0000e+05 6.6895e-08 9.9990e-01 1.0000e+05 6.6895e-03 2.4998e+00
1.9804e+01 9.9999e+04 8.2345e-08 9.9988e-01 9.9999e+04 8.2345e-03 2.4997e+00
2.0196e+01 9.9999e+04 1.0109e-07 9.9985e-01 9.9999e+04 1.0109e-02 2.4996e+00
2.0588e+01 9.9999e+04 1.2377e-07 9.9982e-01 9.9999e+04 1.2377e-02 2.4996e+00
2.0980e+01 9.9999e+04 1.5112e-07 9.9979e-01 9.9999e+04 1.5112e-02 2.4995e+00
2.1373e+01 9.9999e+04 1.8403e-07 9.9974e-01 9.9999e+04 1.8403e-02 2.4994e+00
2.1765e+01 9.9998e+04 2.2351e-07 9.9969e-01 9.9998e+04 2.2350e-02 2.4992e+00
2.2157e+01 9.9998e+04 2.7072e-07 9.9963e-01 9.9998e+04 2.7072e-02 2.4991e+00
2.2549e+01 9.9998e+04 3.2704e-07 9.9956e-01 9.9998e+04 3.2703e-02 2.4989e+00
2.2941e+01 9.9997e+04 3.9401e-07 9.9947e-01 9.9997e+04 3.9400e-02 2.4987e+00
2.3333e+01 9.9996e+04 4.7344e-07 9.9937e-01 9.9996e+04 4.7343e-02 2.4984e+00
2.3725e+01 9.9996e+04 5.6737e-07 9.9925e-01 9.9996e+04 5.6735e-02 2.4981e+00
2.4118e+01 9.9995e+04 6.7814e-07 9.9912e-01 9.9995e+04 6.7810e-02 2.4978e+00
2.4510e+01 9.9994e+04 8.0839e-07 9.9896e-01 9.9994e+04 8.0834e-02 2.4974e+00
2.4902e+01 9.9993e+04 9.6111e-07 9.9878e-01 9.9993e+04 9.6104e-02 2.4969e+00
2.5294e+01 9.9991e+04 1.1397e-06 9.9857e-01 9.9991e+04 1.1396e-01 2.4964e+00
2.5686e+01 9.9989e+04 1.3479e-06 9.9832e-01 9.9989e+04 1.3477e-01 2.4958e+00
2.6078e+01 9.9987e+04 1.5900e-06 9.9804e-01 9.9987e+04 1.5898e-01 2.4951e+00
2.6471e+01 9.9985e+04 1.8706e-06 9.9773e-01 9.9985e+04 1.8703e-01 2.4943e+00
2.6863e+01 9.9982e+04 2.1951e-06 9.9736e-01 9.9982e+04 2.1947e-01 2.4934e+00
2.7255e+01 9.9979e+04 2.5692e-06 9.9695e-01 9.9979e+04 2.5686e-01 2.4924e+00
2.7647e+01 9.9975e+04 2.9992e-06 9.9648e-01 9.9975e+04 2.9985e-01 2.4912e+00
2.8039e+01 9.9971e+04 3.4923e-06 9.9595e-01 9.9971e+04 3.4913e-01 2.4899e+00
2.8431e+01 9.9965e+04 4.0560e-06 9.9535e-01 9.9965e+04 4.0546e-01 2.4884e+00
2.8824e+01 9.9960e+04 4.6986e-06 9.9467e-01 9.9960e+04 4.6967e-01 2.4867e+00
2.9216e+01 9.9953e+04 5.4293e-06 9.9392e-01 9.9953e+04 5.4267e-01 2.4848e+00
2.9608e+01 9.9945e+04 6.2577e-06 9.9308e-01 9.9945e+04 6.2542e-01 2.4827e+00
3.0000e+01 9.9936e+04 7.1943e-06 9.9214e-01 9.9936e+04 7.1897e-01 2.4803e+00
3.0392e+01 9.9926e+04 8.2503e-06 9.9109e-01 9.9926e+04 8.2442e-01 2.4777e+00
3.0784e+01 9.9914e+04 9.4378e-06 9.8994e-01 9.9914e+04 9.4297e-01 2.4749e+00
3.1176e+01 9.9901e+04 1.0769e-05 9.8866e-01 9.9901e+04 1.0759e+00 2.4717e+00
3.1569e+01 9.9886e+04 1.2259e-05 9.8726e-01 9.9886e+04 1.2245e+00 2.4682e+00
3.1961e+01 9.9869e+04 1.3919e-05 9.8572e-01 9.9869e+04 1.3901e+00 2.4643e+00
3.2353e+01 9.9850e+04 1.5767e-05 9.8403e-01 9.9850e+04 1.5743e+00 2.4601e+00
3.2745e+01 9.9829e+04 1.7816e-05 9.8218e-01 9.9829e+04 1.7786e+00 2.4555e+00
3.3137e+01 9.9805e+04 2.0084e-05 9.8018e-01 9.9805e+04 2.0044e+00 2.4505e+00
3.3529e+01 9.9778e+04 2.2586e-05 9.7800e-01 9.9778e+04 2.2535e+00 2.4450e+00
3.3922e+01 9.9748e+04 2.5339e-05 9.7565e-01 9.9748e+04 2.5275e+00 2.4392e+00
3.4314e+01 9.9714e+04 2.8361e-05 9.7311e-01 9.9714e+04 2.8280e+00 2.4328e+00
3.4706e+01 9.9677e+04 3.1670e-05 9.7037e-01 9.9677e+04 3.1567e+00 2.4260e+00
3.5098e+01 9.9636e+04 3.5282e-05 9.6744e-01 9.9636e+04 3.5154e+00 2.4187e+00
3.5490e+01 9.9591e+04 3.9217e-05 9.6430e-01 9.9591e+04 3.9057e+00 2.4108e+00
3.5882e+01 9.9541e+04 4.3491e-05 9.6096e-01 9.9541e+04 4.3292e+00 2.4025e+00
3.6275e+01 9.9486e+04 4.8123e-05 9.5740e-01 9.9486e+04 4.7876e+00 2.3936e+00
3.6667e+01 9.9426e+04 5.3129e-05 9.5362e-01 9.9426e+04 5.2824e+00 2.3842e+00
3.7059e+01 9.9360e+04 5.8527e-05 9.4963e-01 9.9360e+04 5.8152e+00 2.3742e+00
3.7451e+01 9.9288e+04 6.4331e-05 9.4541e-01 9.9288e+04 6.3874e+00 2.3637e+00
3.7843e+01 9.9210e+04 7.0559e-05 9.4098e-01 9.9210e+04 7.0002e+00 2.3527e+00
3.8235e+01 9.9125e+04 7.7224e-05 9.3633e-01 9.9125e+04 7.6549e+00 2.3411e+00
3.8627e+01 9.9033e+04 8.4340e-05 9.3147e-01 9.9033e+04 8.3525e+00 2.3290e+00
3.9020e+01 9.8933e+04 9.1919e-05 9.2640e-01 9.8933e+04 9.0939e+00 2.3164e+00
3.9412e+01 9.8826e+04 9.9973e-05 9.2112e-01 9.8826e+04 9.8799e+00 2.3033e+00
3.9804e+01 9.8710e+04 1.0851e-04 9.1564e-01 9.8710e+04 1.0711e+01 2.2897e+00
4.0196e+01 9.8586e+04 1.1754e-04 9.0997e-01 9.8586e+04 1.1588e+01 2.2756e+00
4.0588e+01 9.8453e+04 1.2707e-04 9.0411e-01 9.8453e+04 1.2510e+01 2.2611e+00
4.0980e+01 9.8311e+04 1.3709e-04 8.9809e-01 9.8311e+04 1.3478e+01 2.2461e+00
4.1373e+01 9.8159e+04 1.4763e-04 8.9190e-01 9.8159e+04 1.4492e+01 2.2308e+00
4.1765e+01 9.7997e+04 1.5865e-04 8.8556e-01 9.7997e+04 1.5547e+01 2.2151e+00
4.2157e+01 9.7828e+04 1.7028e-04 8.7911e-01 9.7828e+04 1.6658e+01 2.1992e+00
4.2549e+01 9.7640e+04 1.8208e-04 8.7243e-01 9.7640e+04 1.7778e+01 2.1827e+00
4.2941e+01 9.7467e+04 1.9530e-04 8.6595e-01 9.7467e+04 1.9035e+01 2.1667e+00
4.3333e+01 9.7216e+04 2.0659e-04 8.5855e-01 9.7216e+04 2.0083e+01 2.1485e+00
4.3725e+01 9.7117e+04 2.2423e-04 8.5308e-01 9.7117e+04 2.1776e+01 2.1351e+00
4.4118e+01 9.6642e+04 2.2916e-04 8.4306e-01 9.6642e+04 2.2146e+01 2.1102e+00
4.4510e+01 9.6906e+04 2.6153e-04 8.4214e-01 9.6906e+04 2.5344e+01 2.1087e+00
4.4902e+01 9.5766e+04 2.4408e-04 8.2427e-01 9.5766e+04 2.3375e+01 2.0635e+00
4.5294e+01 9.6931e+04 3.1029e-04 8.3426e-01 9.6931e+04 3.0076e+01 2.0903e+00
4.5686e+01 9.4709e+04 2.5560e-04 8.0388e-01 9.4709e+04 2.4208e+01 2.0128e+00
4.6078e+01 9.6679e+04 3.5209e-04 8.2340e-01 9.6679e+04 3.4040e+01 2.0645e+00
4.6471e+01 9.4348e+04 2.9625e-04 7.9266e-01 9.4348e+04 2.7950e+01 1.9858e+00
4.6863e+01 9.5336e+04 3.5843e-04 8.0044e-01 9.5336e+04 3.4171e+01 2.0072e+00
4.7255e+01 9.4635e+04 3.6328e-04 7.8959e-01 9.4635e+04 3.4379e+01 1.9802e+00
4.7647e+01 9.4278e+04 3.7757e-04 7.8177e-01 9.4278e+04 3.5597e+01 1.9611e+00
4.8039e+01 9.3700e+04 3.8702e-04 7.7239e-01 9.3700e+04 3.6264e+01 1.9380e+00
4.8431e+01 9.3771e+04 4.3173e-04 7.7430e-01 9.3771e+04 4.0483e+01 1.9445e+00
4.8824e+01 9.5612e+04 4.2304e-04 7.5915e-01 9.5612e+04 4.0448e+01 1.9064e+00
4.9216e+01 8.0020e+04 4.5234e-04 7.5660e-01 8.0020e+04 3.6196e+01 1.8997e+00
4.9608e+01 1.2867e+05 4.7025e-04 7.4859e-01 1.2867e+05 6.0508e+01 1.8857e+00
5.0000e+01 6.5346e+04 4.8064e-04 7.4255e-01 6.5346e+04 3.1408e+01 1.8639e+00
5.0392e+01 2.4139e+04 5.0498e-04 7.4142e-01 2.4139e+04 1.2190e+01 1.8566e+00
5.0784e+01 1.1166e+04 5.4358e-04 7.4144e-01 1.1166e+04 6.0695e+00 1.8553e+00
5.1176e+01 8.5598e+03 5.9295e-04 7.3811e-01 8.5598e+03 5.0755e+00 1.8468e+00
5.1569e+01 8.4500e+03 6.6808e-04 7.3558e-01 8.4500e+03 5.6453e+00 1.8408e+00
5.1961e+01 9.1164e+03 8.1191e-04 7.4043e-01 9.1164e+03 7.4017e+00 1.8541e+00
5.2353e+01 9.6966e+03 8.9745e-04 7.4163e-01 9.6966e+03 8.7022e+00 1.8580e+00
5.2745e+01 1.0184e+04 9.0098e-04 7.3594e-01 1.0184e+04 9.1760e+00 1.8440e+00
5.3137e+01 1.0532e+04 9.2393e-04 7.3330e-01 1.0532e+04 9.7307e+00 1.8377e+00
5.3529e+01 1.0895e+04 1.0046e-03 7.3747e-01 1.0895e+04 1.0945e+01 1.8492e+00
5.3922e+01 1.1155e+04 1.0681e-03 7.4056e-01 1.1155e+04 1.1915e+01 1.8578e+00
5.4314e+01 1.1321e+04 1.0730e-03 7.3781e-01 1.1321e+04 1.2148e+01 1.8510e+00
5.4706e+01 1.1420e+04 1.0582e-03 7.3304e-01 1.1420e+04 1.2085e+01 1.8390e+00
5.5098e+01 1.1546e+04 1.0769e-03 7.3217e-01 1.1546e+04 1.2433e+01 1.8371e+00
5.5490e+01 1.1693e+04 1.1313e-03 7.3552e-01 1.1693e+04 1.3229e+01 1.8463e+00
5.5882e+01 1.1828e+04 1.1823e-03 7.3875e-01 1.1828e+04 1.3984e+01 1.8551e+00
5.6275e+01 1.1909e+04 1.2009e-03 7.3863e-01 1.1909e+04 1.4301e+01 1.8552e+00
5.6667e+01 1.1950e+04 1.1925e-03 7.3570e-01 1.1950e+04 1.4250e+01 1.8477e+00
5.7059e+01 1.1986e+04 1.1852e-03 7.3263e-01 1.1986e+04 1.4206e+01 1.8400e+00
5.7451e+01 1.2052e+04 1.2052e-03 7.3279e-01 1.2052e+04 1.4526e+01 1.8407e+00
5.7843e+01 1.2149e+04 1.2530e-03 7.3622e-01 1.2149e+04 1.5222e+01 1.8501e+00
5.8235e+01 1.2249e+04 1.3059e-03 7.4039e-01 1.2249e+04 1.5996e+01 1.8614e+00
5.8627e+01 1.2322e+04 1.3410e-03 7.4268e-01 1.2322e+04 1.6523e+01 1.8678e+00
5.9020e+01 1.2357e+04 1.3503e-03 7.4215e-01 1.2357e+04 1.6686e+01 1.8666e+00
5.9412e+01 1.2367e+04 1.3421e-03 7.3970e-01 1.2367e+04 1.6598e+01 1.8604e+00
5.9804e+01 1.2379e+04 1.3351e-03 7.3706e-01 1.2379e+04 1.6527e+01 1.8537e+00
6.0196e+01 1.2419e+04 1.3508e-03 7.3716e-01 1.2419e+04 1.6776e+01 1.8542e+00
6.0588e+01 1.2500e+04 1.3975e-03 7.4092e-01 1.2500e+04 1.7469e+01 1.8645e+00
6.0980e+01 1.2610e+04 1.4674e-03 7.4746e-01 1.2610e+04 1.8504e+01 1.8822e+00
6.1373e+01 1.2731e+04 1.5453e-03 7.5508e-01 1.2731e+04 1.9673e+01 1.9029e+00
6.1765e+01 1.2843e+04 1.6169e-03 7.6211e-01 1.2843e+04 2.0765e+01 1.9221e+00
6.2157e+01 1.2933e+04 1.6733e-03 7.6748e-01 1.2933e+04 2.1640e+01 1.9368e+00
6.2549e+01 1.2997e+04 1.7117e-03 7.7079e-01 1.2997e+04 2.2247e+01 1.9460e+00
6.2941e+01 1.3038e+04 1.7340e-03 7.7224e-01 1.3038e+04 2.2609e+01 1.9502e+00
6.3333e+01 1.3062e+04 1.7447e-03 7.7233e-01 1.3062e+04 2.2790e+01 1.9507e+00
6.3725e+01 1.3076e+04 1.7483e-03 7.7160e-01 1.3076e+04 2.2860e+01 1.9490e+00
6.4118e+01 1.3083e+04 1.7483e-03 7.7047e-01 1.3083e+04 2.2874e+01 1.9462e+00
6.4510e+01 1.3089e+04 1.7469e-03 7.6918e-01 1.3089e+04 2.2865e+01 1.9429e+00
6.4902e+01 1.3093e+04 1.7449e-03 7.6782e-01 1.3093e+04 2.2847e+01 1.9395e+00
6.5294e+01 1.3097e+04 1.7426e-03 7.6640e-01 1.3097e+04 2.2823e+01 1.9359e+00
6.5686e+01 1.3101e+04 1.7399e-03 7.6493e-01 1.3101e+04 2.2795e+01 1.9322e+00
6.6078e+01 1.3104e+04 1.7371e-03 7.6342e-01 1.3104e+04 2.2763e+01 1.9283e+00
6.6471e+01 1.3107e+04 1.7339e-03 7.6187e-01 1.3107e+04 2.2726e+01 1.9244e+00
6.6863e+01 1.3110e+04 1.7305e-03 7.6026e-01 1.3110e+04 2.2687e+01 1.9203e+00
6.7255e+01 1.3112e+04 1.7269e-03 7.5862e-01 1.3112e+04 2.2643e+01 1.9161e+00
6.7647e+01 1.3114e+04 1.7231e-03 7.5692e-01 1.3114e+04 2.2597e+01 1.9118e+00
6.8039e+01 1.3116e+04 1.7190e-03 7.5518e-01 1.3116e+04 2.2546e+01 1.9073e+00
6.8431e+01 1.3117e+04 1.7147e-03 7.5340e-01 1.3117e+04 2.2493e+01 1.9028e+00
6.8824e+01 1.3119e+04 1.7102e-03 7.5157e-01 1.3119e+04 2.2436e+01 1.8981e+00
6.9216e+01 1.3120e+04 1.7055e-03 7.4969e-01 1.3120e+04 2.2377e+01 1.8933e+00
6.9608e+01 1.3121e+04 1.7006e-03 7.4776e-01 1.3121e+04 2.2314e+01 1.8884e+00
7.0000e+01 1.3121e+04 1.6955e-03 7.4578e-01 1.3121e+04 2.2247e+01 1.8833e+00
7.0392e+01 1.3122e+04 1.6902e-03 7.4375e-01 1.3122e+04 2.2178e+01 1.8781e+00
7.0784e+01 1.3122e+04 1.6846e-03 7.4168e-01 1.3122e+04 2.2106e+01 1.8728e+00
7.1176e+01 1.3122e+04 1.6789e-03 7.3955e-01 1.3122e+04 2.2030e+01 1.8674e+00
7.1569e+01 1.3122e+04 1.6729e-03 7.3736e-01 1.3122e+04 2.1952e+01 1.8618e+00
7.1961e+01 1.3122e+04 1.6667e-03 7.3512e-01 1.3122e+04 2.1870e+01 1.8560e+00
7.2353e+01 1.3121e+04 1.6603e-03 7.3283e-01 1.3121e+04 2.1786e+01 1.8502e+00
7.2745e+01 1.3121e+04 1.6538e-03 7.3048e-01 1.3121e+04 2.1698e+01 1.8441e+00
7.3137e+01 1.3120e+04 1.6470e-03 7.2807e-01 1.3120e+04 2.1607e+01 1.8380e+00
7.3529e+01 1.3119e+04 1.6399e-03 7.2561e-01 1.3119e+04 2.1514e+01 1.8317e+00
7.3922e+01 1.3117e+04 1.6327e-03 7.2308e-01 1.3117e+04 2.1417e+01 1.8252e+00
7.4314e+01 1.3116e+04 1.6253e-03 7.2049e-01 1.3116e+04 2.1317e+01 1.8186e+00
7.4706e+01 1.3114e+04 1.6176e-03 7.1784e-01 1.3114e+04 2.1214e+01 1.8118e+00
7.5098e+01 1.3113e+04 1.6097e-03 7.1513e-01 1.3113e+04 2.1108e+01 1.8048e+00
7.5490e+01 1.3111e+04 1.6016e-03 7.1234e-01 1.3111e+04 2.0998e+01 1.7977e+00
7.5882e+01 1.3109e+04 1.5933e-03 7.0949e-01 1.3109e+04 2.0886e+01 1.7904e+00
7.6275e+01 1.3106e+04 1.5847e-03 7.0658e-01 1.3106e+04 2.0770e+01 1.7829e+00
7.6667e+01 1.3104e+04 1.5759e-03 7.0359e-01 1.3104e+04 2.0651e+01 1.7752e+00
7.7059e+01 1.3102e+04 1.5669e-03 7.0053e-01 1.3102e+04 2.0529e+01 1.7674e+00
7.7451e+01 1.3099e+04 1.5577e-03 6.9739e-01 1.3099e+04 2.0404e+01 1.7594e+00
7.7843e+01 1.3096e+04 1.5482e-03 6.9418e-01 1.3096e+04 2.0276e+01 1.7512e+00
7.8235e+01 1.3093e+04 1.5385e-03 6.9090e-01 1.3093e+04 2.0144e+01 1.7427e+00
7.8627e+01 1.3090e+04 1.5286e-03 6.8753e-01 1.3090e+04 2.0009e+01 1.7341e+00
7.9020e+01 1.3086e+04 1.5184e-03 6.8409e-01 1.3086e+04 1.9871e+01 1.7253e+00
7.9412e+01 1.3083e+04 1.5080e-03 6.8056e-01 1.3083e+04 1.9730e+01 1.7163e+00
7.9804e+01 1.3079e+04 1.4974e-03 6.7695e-01 1.3079e+04 1.9585e+01 1.7070e+00
8.0196e+01 1.3076e+04 1.4865e-03 6.7326e-01 1.3076e+04 1.9437e+01 1.6976e+00
8.0588e+01 1.3072e+04 1.4753e-03 6.6948e-01 1.3072e+04 1.9285e+01 1.6879e+00
8.0980e+01 1.3068e+04 1.4640e-03 6.6561e-01 1.3068e+04 1.9131e+01 1.6780e+00
8.1373e+01 1.3063e+04 1.4523e-03 6.6165e-01 1.3063e+04 1.8972e+01 1.6679e+00
8.1765e+01 1.3059e+04 1.4404e-03 6.5760e-01 1.3059e+04 1.8811e+01 1.6575e+00
8.2157e+01 1.3055e+04 1.4283e-03 6.5345e-01 1.3055e+04 1.8646e+01 1.6469e+00
8.2549e+01 1.3050e+04 1.4159e-03 6.4921e-01 1.3050e+04 1.8477e+01 1.6361e+00
8.2941e+01 1.3045e+04 1.4032e-03 6.4487e-01 1.3045e+04 1.8305e+01 1.6250e+00
8.3333e+01 1.3040e+04 1.3903e-03 6.4042e-01 1.3040e+04 1.8130e+01 1.6137e+00
8.3725e+01 1.3035e+04 1.3771e-03 6.3588e-01 1.3035e+04 1.7951e+01 1.6021e+00
8.4118e+01 1.3030e+04 1.3637e-03 6.3122e-01 1.3030e+04 1.7769e+01 1.5902e+00
8.4510e+01 1.3025e+04 1.3500e-03 6.2645e-01 1.3025e+04 1.7584e+01 1.5780e+00
8.4902e+01 1.3019e+04 1.3361e-03 6.2157e-01 1.3019e+04 1.7395e+01 1.5655e+00
8.5294e+01 1.3014e+04 1.3219e-03 6.1656e-01 1.3014e+04 1.7203e+01 1.5528e+00
8.5686e+01 1.3008e+04 1.3075e-03 6.1141e-01 1.3008e+04 1.7008e+01 1.5396e+00
8.6078e+01 1.3002e+04 1.2928e-03 6.0612e-01 1.3002e+04 1.6810e+01 1.5262e+00
8.6471e+01 1.2996e+04 1.2780e-03 6.0067e-01 1.2996e+04 1.6609e+01 1.5123e+00
8.6863e+01 1.2990e+04 1.2630e-03 5.9503e-01 1.2990e+04 1.6406e+01 1.4979e+00
8.7255e+01 1.2983e+04 1.2478e-03 5.8920e-01 1.2983e+04 1.6201e+01 1.4831e+00
8.7647e+01 1.2977e+04 1.2326e-03 5.8314e-01 1.2977e+04 1.5995e+01 1.4677e+00
8.8039e+01 1.2970e+04 1.2173e-03 5.7682e-01 1.2970e+04 1.5788e+01 1.4517e+00
8.8431e+01 1.2963e+04 1.2020e-03 5.7021e-01 1.2963e+04 1.5581e+01 1.4349e+00
8.8824e+01 1.2956e+04 1.1867e-03 5.6327e-01 1.2956e+04 1.5375e+01 1.4173e+00
8.9216e+01 1.2948e+04 1.1717e-03 5.5596e-01 1.2948e+04 1.5171e+01 1.3988e+00
8.9608e+01 1.2941e+04 1.1568e-03 5.4824e-01 1.2941e+04 1.4970e+01 1.3793e+00
9.0000e+01 1.2933e+04 1.1423e-03 5.4007e-01 1.2933e+04 1.4773e+01 1.3586e+00
9.0392e+01 1.2924e+04 1.1281e-03 5.3141e-01 1.2924e+04 1.4580e+01 1.3367e+00
9.0784e+01 1.2915e+04 1.1145e-03 5.2221e-01 1.2915e+04 1.4394e+01 1.3136e+00
9.1176e+01 1.2906e+04 1.1014e-03 5.1246e-01 1.2906e+04 1.4215e+01 1.2890e+00
9.1569e+01 1.2897e+04 1.0889e-03 5.0212e-01 1.2897e+04 1.4044e+01 1.2630e+00
9.1961e+01 1.2887e+04 1.0772e-03 4.9117e-01 1.2887e+04 1.3881e+01 1.2354e+00
9.2353e+01 1.2876e+04 1.0662e-03 4.7960e-01 1.2876e+04 1.3728e+01 1.2063e+00
9.2745e+01 1.2865e+04 1.0560e-03 4.6740e-01 1.2865e+04 1.3585e+01 1.1757e+00
9.3137e+01 1.2854e+04 1.0466e-03 4.5456e-01 1.2854e+04 1.3452e+01 1.1434e+00
9.3529e+01 1.2841e+04 1.0380e-03 4.4110e-01 1.2841e+04 1.3329e+01 1.1097e+00
9.3922e+01 1.2829e+04 1.0302e-03 4.2703e-01 1.2829e+04 1.3217e+01 1.0744e+00
9.4314e+01 1.2816e+04 1.0233e-03 4.1237e-01 1.2816e+04 1.3114e+01 1.0376e+00
9.4706e+01 1.2803e+04 1.0170e-03 3.9715e-01 1.2803e+04 1.3020e+01 9.9950e-01
9.5098e+01 1.2789e+04 1.0113e-03 3.8142e-01 1.2789e+04 1.2934e+01 9.6009e-01
9.5490e+01 1.2775e+04 1.0062e-03 3.6522e-01 1.2775e+04 1.2853e+01 9.1952e-01
9.5882e+01 1.2760e+04 1.0013e-03 3.4863e-01 1.2760e+04 1.2776e+01 8.7797e-01
9.6275e+01 1.2745e+04 9.9639e-04 3.3172e-01 1.2745e+04 1.2699e+01 8.3563e-01
9.6667e+01 1.2731e+04 9.9133e-04 3.1461e-01 1.2731e+04 1.2621e+01 7.9279e-01
9.7059e+01 1.2716e+04 9.8527e-04 2.9739e-01 1.2716e+04 1.2529e+01 7.4965e-01
9.7451e+01 1.2704e+04 9.7918e-04 2.8033e-01 1.2704e+04 1.2439e+01 7.0691e-01
9.7843e+01 1.2686e+04 9.6824e-04 2.6312e-01 1.2686e+04 1.2283e+01 6.6375e-01
9.8235e+01 1.2687e+04 9.6559e-04 2.4724e-01 1.2687e+04 1.2250e+01 6.2401e-01
9.8627e+01 1.2628e+04 9.3391e-04 2.2872e-01 1.2628e+04 1.1793e+01 5.7730e-01
9.9020e+01 1.2728e+04 9.8564e-04 2.1731e-01 1.2728e+04 1.2546e+01 5.4946e-01
9.9412e+01 1.2156e+04 8.5451e-04 1.8466e-01 1.2156e+04 1.0388e+01 4.6609e-01
9.9804e+01 1.4145e+04 1.2877e-03 1.8775e-01 1.4145e+04 1.8214e+01 4.8110e-01
