# # x Density Velocity Pressure q0 q1 q2
1.9608e-01 1.0000e+05 1.8484e-13 1.0000e+00 1.0000e+05 1.8484e-08 2.5000e+00
5.8824e-01 1.0000e+05 2.4445e-13 1.0000e+00 1.0000e+05 2.4445e-08 2.5000e+00
9.8039e-01 1.0000e+05 2.9904e-13 1.0000e+00 1.0000e+05 2.9904e-08 2.5000e+00
1.3725e+00 1.0000e+05 3.8139e-13 1.0000e+00 1.0000e+05 3.8139e-08 2.5000e+00
1.7647e+00 1.0000e+05 5.0525e-13 1.0000e+00 1.0000e+05 5.0525e-08 2.5000e+00
2.1569e+00 1.0000e+05 6.8359e-13 1.0000e+00 1.0000e+05 6.8359e-08 2.5000e+00
2.5490e+00 1.0000e+05 9.3366e-13 1.0000e+00 1.0000e+05 9.3366e-08 2.5000e+00
2.9412e+00 1.0000e+05 1.2793e-12 1.0000e+00 1.0000e+05 1.2793e-07 2.5000e+00
3.3333e+00 1.0000e+05 1.7531e-12 1.0000e+00 1.0000e+05 1.7531e-07 2.5000e+00
3.7255e+00 1.0000e+05 2.3990e-12 1.0000e+00 1.0000e+05 2.3990e-07 2.5000e+00
4.1176e+00 1.0000e+05 3.2762e-12 1.0000e+00 1.0000e+05 3.2762e-07 2.5000e+00
4.5098e+00 1.0000e+05 4.4633e-12 1.0000e+00 1.0000e+05 4.4633e-07 2.5000e+00
4.9020e+00 1.0000e+05 6.0650e-12 1.0000e+00 1.0000e+05 6.0650e-07 2.5000e+00
5.2941e+00 1.0000e+05 8.2198e-12 1.0000e+00 1.0000e+05 8.2198e-07 2.5000e+00
5.6863e+00 1.0000e+05 1.1110e-11 1.0000e+00 1.0000e+05 1.1110e-06 2.5000e+00
6.0784e+00 1.0000e+05 1.4977e-11 1.0000e+00 1.0000e+05 1.4977e-06 2.5000e+00
6.4706e+00 1.0000e+05 2.0135e-11 1.0000e+00 1.0000e+05 2.0135e-06 2.5000e+00
6.8627e+00 1.0000e+05 2.6997e-11 1.0000e+00 1.0000e+05 2.6997e-06 2.5000e+00
7.2549e+00 1.0000e+05 3.6099e-11 1.0000e+00 1.0000e+05 3.6099e-06 2.5000e+00
7.6471e+00 1.0000e+05 4.8140e-11 1.0000e+00 1.0000e+05 4.8140e-06 2.5000e+00
8.0392e+00 1.0000e+05 6.4024e-11 1.0000e+00 1.0000e+05 6.4024e-06 2.5000e+00
8.4314e+00 1.0000e+05 8.4918e-11 1.0000e+00 1.0000e+05 8.4918e-06 2.5000e+00
8.8235e+00 1.0000e+05 1.1233e-10 1.0000e+00 1.0000e+05 1.1233e-05 2.5000e+00
9.2157e+00 1.0000e+05 1.4818e-10 1.0000e+00 1.0000e+05 1.4818e-05 2.5000e+00
9.6078e+00 1.0000e+05 1.9495e-10 1.0000e+00 1.0000e+05 1.9495e-05 2.5000e+00
1.0000e+01 1.0000e+05 2.5580e-10 1.0000e+00 1.0000e+05 2.5580e-05 2.5000e+00
1.0392e+01 1.0000e+05 3.3472e-10 1.0000e+00 1.0000e+05 3.3472e-05 2.5000e+00
1.0784e+01 1.0000e+05 4.3682e-10 1.0000e+00 1.0000e+05 4.3682e-05 2.5000e+00
1.1176e+01 1.0000e+05 5.6851e-10 1.0000e+00 1.0000e+05 5.6851e-05 2.5000e+00
1.1569e+01 1.0000e+05 7.3792e-10 1.0000e+00 1.0000e+05 7.3792e-05 2.5000e+00
1.1961e+01 1.0000e+05 9.5521e-10 1.0000e+00 1.0000e+05 9.5521e-05 2.5000e+00
1.2353e+01 1.0000e+05 1.2332e-09 1.0000e+00 1.0000e+05 1.2332e-04 2.5000e+00
1.2745e+01 1.0000e+05 1.5877e-09 1.0000e+00 1.0000e+05 1.5877e-04 2.5000e+00
1.3137e+01 1.0000e+05 2.0387e-09 1.0000e+00 1.0000e+05 2.0387e-04 2.5000e+00
1.3529e+01 1.0000e+05 2.6107e-09 1.0000e+00 1.0000e+05 2.6107e-04 2.5000e+00
1.3922e+01 1.0000e+05 3.3342e-09 9.9999e-01 1.0000e+05 3.3342e-04 2.5000e+00
1.4314e+01 1.0000e+05 4.2467e-09 9.9999e-01 1.0000e+05 4.2467e-04 2.5000e+00
1.4706e+01 1.0000e+05 5.3945e-09 9.9999e-01 1.0000e+05 5.3945e-04 2.5000e+00
1.5098e+01 1.0000e+05 6.8341e-09 9.9999e-01 1.0000e+05 6.8341e-04 2.5000e+00
1.5490e+01 1.0000e+05 8.6345e-09 9.9999e-01 1.0000e+05 8.6345e-04 2.5000e+00
1.5882e+01 1.0000e+05 1.0880e-08 9.9998e-01 1.0000e+05 1.0880e-03 2.5000e+00
1.6275e+01 1.0000e+05 1.3673e-08 9.9998e-01 1.0000e+05 1.3673e-03 2.4999e+00
1.6667e+01 1.0000e+05 1.7136e-08 9.9997e-01 1.0000e+05 1.7136e-03 2.4999e+00
1.7059e+01 1.0000e+05 2.1420e-08 9.9997e-01 1.0000e+05 2.1420e-03 2.4999e+00
1.7451e+01 1.0000e+05 2.6702e-08 9.9996e-01 1.0000e+05 2.6702e-03 2.4999e+00
1.7843e+01 1.0000e+05 3.3199e-08 9.9995e-01 1.0000e+05 3.3198e-03 2.4999e+00
1.8235e+01 1.0000e+05 4.1165e-08 9.9994e-01 1.0000e+05 4.1165e-03 2.4998e+00
1.8627e+01 1.0000e+05 5.0907e-08 9.9992e-01 1.0000e+05 5.0907e-03 2.4998e+00
1.9020e+01 1.0000e+05 6.2787e-08 9.9991e-01 1.0000e+05 6.2787e-03 2.4998e+00
1.9412e+01 9.9999e+04 7.7234e-08 9.9989e-01 9.9999e+04 7.7234e-03 2.4997e+00
1.9804e+01 9.9999e+04 9.4752e-08 9.9986e-01 9.9999e+04 9.4751e-03 2.4997e+00
2.0196e+01 9.9999e+04 1.1594e-07 9.9983e-01 9.9999e+04 1.1593e-02 2.4996e+00
2.0588e+01 9.9999e+04 1.4148e-07 9.9980e-01 9.9999e+04 1.4148e-02 2.4995e+00
2.0980e+01 9.9999e+04 1.7219e-07 9.9976e-01 9.9999e+04 1.7219e-02 2.4994e+00
2.1373e+01 9.9998e+04 2.0902e-07 9.9971e-01 9.9998e+04 2.0902e-02 2.4993e+00
2.1765e+01 9.9998e+04 2.5306e-07 9.9965e-01 9.9998e+04 2.5305e-02 2.4991e+00
2.2157e+01 9.9998e+04 3.0556e-07 9.9959e-01 9.9998e+04 3.0556e-02 2.4990e+00
2.2549e+01 9.9997e+04 3.6799e-07 9.9951e-01 9.9997e+04 3.6798e-02 2.4988e+00
2.2941e+01 9.9997e+04 4.4202e-07 9.9941e-01 9.9997e+04 4.4201e-02 2.4985e+00
2.3333e+01 9.9996e+04 5.2955e-07 9.9930e-01 9.9996e+04 5.2953e-02 2.4983e+00
2.3725e+01 9.9995e+04 6.3275e-07 9.9918e-01 9.9995e+04 6.3272e-02 2.4979e+00
2.4118e+01 9.9994e+04 7.5409e-07 9.9903e-01 9.9994e+04 7.5405e-02 2.4976e+00
2.4510e+01 9.9993e+04 8.9637e-07 9.9886e-01 9.9993e+04 8.9631e-02 2.4972e+00
2.4902e+01 9.9992e+04 1.0627e-06 9.9866e-01 9.9992e+04 1.0626e-01 2.4967e+00
2.5294e+01 9.9990e+04 1.2567e-06 9.9844e-01 9.9990e+04 1.2566e-01 2.4961e+00
2.5686e+01 9.9988e+04 1.4822e-06 9.9818e-01 9.9988e+04 1.4821e-01 2.4954e+00
2.6078e+01 9.9986e+04 1.7438e-06 9.9788e-01 9.9986e+04 1.7435e-01 2.4947e+00
2.6471e+01 9.9983e+04 2.0462e-06 9.9754e-01 9.9983e+04 2.0458e-01 2.4939e+00
2.6863e+01 9.9980e+04 2.3949e-06 9.9715e-01 9.9980e+04 2.3944e-01 2.4929e+00
2.7255e+01 9.9977e+04 2.7959e-06 9.9672e-01 9.9977e+04 2.7953e-01 2.4918e+00
2.7647e+01 9.9973e+04 3.2558e-06 9.9622e-01 9.9973e+04 3.2549e-01 2.4905e+00
2.8039e+01 9.9968e+04 3.7817e-06 9.9566e-01 9.9968e+04 3.7805e-01 2.4891e+00
2.8431e+01 9.9962e+04 4.3815e-06 9.9503e-01 9.9962e+04 4.3798e-01 2.4876e+00
2.8824e+01 9.9956e+04 5.0637e-06 9.9432e-01 9.9956e+04 5.0614e-01 2.4858e+00
2.9216e+01 9.9949e+04 5.8374e-06 9.9353e-01 9.9949e+04 5.8344e-01 2.4838e+00
2.9608e+01 9.9940e+04 6.7127e-06 9.9265e-01 9.9940e+04 6.7087e-01 2.4816e+00
3.0000e+01 9.9931e+04 7.7001e-06 9.9168e-01 9.9931e+04 7.6948e-01 2.4792e+00
3.0392e+01 9.9920e+04 8.8110e-06 9.9059e-01 9.9920e+04 8.8040e-01 2.4765e+00
3.0784e+01 9.9908e+04 1.0057e-05 9.8939e-01 9.9908e+04 1.0048e+00 2.4735e+00
3.1176e+01 9.9894e+04 1.1452e-05 9.8807e-01 9.9894e+04 1.1440e+00 2.4702e+00
3.1569e+01 9.9878e+04 1.3009e-05 9.8662e-01 9.9878e+04 1.2993e+00 2.4666e+00
3.1961e+01 9.9860e+04 1.4741e-05 9.8503e-01 9.9860e+04 1.4721e+00 2.4626e+00
3.2353e+01 9.9840e+04 1.6665e-05 9.8329e-01 9.9840e+04 1.6638e+00 2.4582e+00
3.2745e+01 9.9817e+04 1.8794e-05 9.8140e-01 9.9817e+04 1.8760e+00 2.4535e+00
3.3137e+01 9.9792e+04 2.1146e-05 9.7934e-01 9.9792e+04 2.1102e+00 2.4484e+00
3.3529e+01 9.9764e+04 2.3736e-05 9.7712e-01 9.9764e+04 2.3680e+00 2.4428e+00
3.3922e+01 9.9733e+04 2.6581e-05 9.7471e-01 9.9733e+04 2.6510e+00 2.4368e+00
3.4314e+01 9.9698e+04 2.9699e-05 9.7212e-01 9.9698e+04 2.9609e+00 2.4303e+00
3.4706e+01 9.9660e+04 3.3106e-05 9.6933e-01 9.9660e+04 3.2993e+00 2.4234e+00
3.5098e+01 9.9617e+04 3.6820e-05 9.6635e-01 9.9617e+04 3.6679e+00 2.4159e+00
3.5490e+01 9.9570e+04 4.0859e-05 9.6316e-01 9.9570e+04 4.0683e+00 2.4080e+00
3.5882e+01 9.9518e+04 4.5240e-05 9.5977e-01 9.9518e+04 4.5022e+00 2.3995e+00
3.6275e+01 9.9462e+04 4.9979e-05 9.5617e-01 9.9462e+04 4.9710e+00 2.3905e+00
3.6667e+01 9.9400e+04 5.5095e-05 9.5235e-01 9.9400e+04 5.4764e+00 2.3810e+00
3.7059e+01 9.9332e+04 6.0602e-05 9.4832e-01 9.9332e+04 6.0197e+00 2.3710e+00
3.7451e+01 9.9258e+04 6.6516e-05 9.4407e-01 9.9258e+04 6.6023e+00 2.3604e+00
3.7843e+01 9.9177e+04 7.2853e-05 9.3961e-01 9.9177e+04 7.2254e+00 2.3493e+00
3.8235e+01 9.9090e+04 7.9626e-05 9.3493e-01 9.9090e+04 7.8902e+00 2.3376e+00
3.8627e+01 9.8996e+04 8.6848e-05 9.3005e-01 9.8996e+04 8.5976e+00 2.3255e+00
3.9020e+01 9.8894e+04 9.4531e-05 9.2495e-01 9.8894e+04 9.3486e+00 2.3128e+00
3.9412e+01 9.8784e+04 1.0269e-04 9.1966e-01 9.8784e+04 1.0144e+01 2.2997e+00
3.9804e+01 9.8667e+04 1.1132e-04 9.1417e-01 9.8667e+04 1.0983e+01 2.2860e+00
4.0196e+01 9.8540e+04 1.2044e-04 9.0850e-01 9.8540e+04 1.1868e+01 2.2720e+00
4.0588e+01 9.8405e+04 1.3006e-04 9.0265e-01 9.8405e+04 1.2798e+01 2.2574e+00
4.0980e+01 9.8260e+04 1.4016e-04 8.9663e-01 9.8260e+04 1.3772e+01 2.2425e+00
4.1373e+01 9.8107e+04 1.5078e-04 8.9045e-01 9.8107e+04 1.4793e+01 2.2272e+00
4.1765e+01 9.7942e+04 1.6186e-04 8.8412e-01 9.7942e+04 1.5853e+01 2.2116e+00
4.2157e+01 9.7771e+04 1.7357e-04 8.7770e-01 9.7771e+04 1.6971e+01 2.1957e+00
4.2549e+01 9.7579e+04 1.8537e-04 8.7102e-01 9.7579e+04 1.8088e+01 2.1792e+00
4.2941e+01 9.7408e+04 1.9879e-04 8.6463e-01 9.7408e+04 1.9364e+01 2.1635e+00
4.3333e+01 9.7145e+04 2.0976e-04 8.5714e-01 9.7145e+04 2.0377e+01 2.1450e+00
4.3725e+01 9.7065e+04 2.2818e-04 8.5196e-01 9.7065e+04 2.2148e+01 2.1324e+00
4.4118e+01 9.6550e+04 2.3173e-04 8.4151e-01 9.6550e+04 2.2374e+01 2.1064e+00
4.4510e+01 9.6876e+04 2.6642e-04 8.4140e-01 9.6876e+04 2.5810e+01 2.1069e+00
4.4902e+01 9.5645e+04 2.4572e-04 8.2249e-01 9.5645e+04 2.3502e+01 2.0591e+00
4.5294e+01 9.6908e+04 3.1553e-04 8.3372e-01 9.6908e+04 3.0577e+01 2.0891e+00
4.5686e+01 9.4612e+04 2.5820e-04 8.0254e-01 9.4612e+04 2.4428e+01 2.0095e+00
4.6078e+01 9.6579e+04 3.5466e-04 8.2206e-01 9.6579e+04 3.4253e+01 2.0612e+00
4.6471e+01 9.4348e+04 3.0248e-04 7.9260e-01 9.4348e+04 2.8539e+01 1.9858e+00
4.6863e+01 9.5174e+04 3.5879e-04 7.9852e-01 9.5174e+04 3.4147e+01 2.0024e+00
4.7255e+01 9.4593e+04 3.6791e-04 7.8913e-01 9.4593e+04 3.4802e+01 1.9792e+00
4.7647e+01 9.4235e+04 3.8214e-04 7.8135e-01 9.4235e+04 3.6010e+01 1.9603e+00
4.8039e+01 9.3577e+04 3.8852e-04 7.7106e-01 9.3577e+04 3.6357e+01 1.9347e+00
4.8431e+01 9.3659e+04 4.3481e-04 7.7354e-01 9.3659e+04 4.0724e+01 1.9427e+00
4.8824e+01 9.5725e+04 4.2763e-04 7.5894e-01 9.5725e+04 4.0935e+01 1.9061e+00
4.9216e+01 7.9509e+04 4.5488e-04 7.5587e-01 7.9509e+04 3.6167e+01 1.8979e+00
4.9608e+01 1.2878e+05 4.7303e-04 7.4798e-01 1.2878e+05 6.0919e+01 1.8844e+00
5.0000e+01 6.6579e+04 4.8345e-04 7.4197e-01 6.6579e+04 3.2188e+01 1.8627e+00
5.0392e+01 2.4794e+04 5.0544e-04 7.4039e-01 2.4794e+04 1.2532e+01 1.8541e+00
5.0784e+01 1.1350e+04 5.4537e-04 7.4078e-01 1.1350e+04 6.1898e+00 1.8536e+00
5.1176e+01 8.5735e+03 6.0816e-04 7.3906e-01 8.5735e+03 5.2140e+00 1.8492e+00
5.1569e+01 8.3958e+03 6.6287e-04 7.3468e-01 8.3958e+03 5.5653e+00 1.8385e+00
5.1961e+01 9.0369e+03 7.8963e-04 7.3784e-01 9.0369e+03 7.1358e+00 1.8474e+00
5.2353e+01 9.6455e+03 9.0228e-04 7.4165e-01 9.6455e+03 8.7030e+00 1.8581e+00
5.2745e+01 1.0159e+04 9.2323e-04 7.3771e-01 1.0159e+04 9.3793e+00 1.8486e+00
5.3137e+01 1.0493e+04 9.2386e-04 7.3275e-01 1.0493e+04 9.6939e+00 1.8364e+00
5.3529e+01 1.0839e+04 9.8491e-04 7.3480e-01 1.0839e+04 1.0676e+01 1.8423e+00
5.3922e+01 1.1119e+04 1.0613e-03 7.3917e-01 1.1119e+04 1.1800e+01 1.8542e+00
5.4314e+01 1.1314e+04 1.0876e-03 7.3867e-01 1.1314e+04 1.2305e+01 1.8534e+00
5.4706e+01 1.1416e+04 1.0732e-03 7.3418e-01 1.1416e+04 1.2252e+01 1.8420e+00
5.5098e+01 1.1522e+04 1.0736e-03 7.3131e-01 1.1522e+04 1.2369e+01 1.8349e+00
5.5490e+01 1.1654e+04 1.1148e-03 7.3321e-01 1.1654e+04 1.2992e+01 1.8403e+00
5.5882e+01 1.1797e+04 1.1708e-03 7.3701e-01 1.1797e+04 1.3812e+01 1.8506e+00
5.6275e+01 1.1898e+04 1.2040e-03 7.3852e-01 1.1898e+04 1.4325e+01 1.8549e+00
5.6667e+01 1.1951e+04 1.2051e-03 7.3660e-01 1.1951e+04 1.4403e+01 1.8502e+00
5.7059e+01 1.1982e+04 1.1938e-03 7.3317e-01 1.1982e+04 1.4304e+01 1.8415e+00
5.7451e+01 1.2031e+04 1.1991e-03 7.3170e-01 1.2031e+04 1.4426e+01 1.8379e+00
5.7843e+01 1.2113e+04 1.2352e-03 7.3381e-01 1.2113e+04 1.4963e+01 1.8438e+00
5.8235e+01 1.2214e+04 1.2881e-03 7.3796e-01 1.2214e+04 1.5733e+01 1.8550e+00
5.8627e+01 1.2300e+04 1.3329e-03 7.4135e-01 1.2300e+04 1.6396e+01 1.8643e+00
5.9020e+01 1.2352e+04 1.3540e-03 7.4216e-01 1.2352e+04 1.6725e+01 1.8667e+00
5.9412e+01 1.2371e+04 1.3525e-03 7.4049e-01 1.2371e+04 1.6732e+01 1.8625e+00
5.9804e+01 1.2378e+04 1.3425e-03 7.3761e-01 1.2378e+04 1.6616e+01 1.8552e+00
6.0196e+01 1.2401e+04 1.3447e-03 7.3616e-01 1.2401e+04 1.6675e+01 1.8516e+00
6.0588e+01 1.2460e+04 1.3758e-03 7.3812e-01 1.2460e+04 1.7143e+01 1.8571e+00
6.0980e+01 1.2556e+04 1.4350e-03 7.4340e-01 1.2556e+04 1.8018e+01 1.8714e+00
6.1373e+01 1.2673e+04 1.5099e-03 7.5062e-01 1.2673e+04 1.9135e+01 1.8910e+00
6.1765e+01 1.2790e+04 1.5854e-03 7.5806e-01 1.2790e+04 2.0278e+01 1.9112e+00
6.2157e+01 1.2892e+04 1.6498e-03 7.6433e-01 1.2892e+04 2.1270e+01 1.9284e+00
6.2549e+01 1.2969e+04 1.6974e-03 7.6871e-01 1.2969e+04 2.2014e+01 1.9405e+00
6.2941e+01 1.3022e+04 1.7277e-03 7.7110e-01 1.3022e+04 2.2499e+01 1.9472e+00
6.3333e+01 1.3054e+04 1.7441e-03 7.7188e-01 1.3054e+04 2.2768e+01 1.9495e+00
6.3725e+01 1.3072e+04 1.7511e-03 7.7156e-01 1.3072e+04 2.2891e+01 1.9489e+00
6.4118e+01 1.3083e+04 1.7528e-03 7.7063e-01 1.3083e+04 2.2932e+01 1.9467e+00
6.4510e+01 1.3089e+04 1.7521e-03 7.6943e-01 1.3089e+04 2.2934e+01 1.9437e+00
6.4902e+01 1.3094e+04 1.7504e-03 7.6812e-01 1.3094e+04 2.2921e+01 1.9404e+00
6.5294e+01 1.3099e+04 1.7483e-03 7.6675e-01 1.3099e+04 2.2900e+01 1.9369e+00
6.5686e+01 1.3102e+04 1.7459e-03 7.6534e-01 1.3102e+04 2.2875e+01 1.9333e+00
6.6078e+01 1.3106e+04 1.7432e-03 7.6387e-01 1.3106e+04 2.2846e+01 1.9296e+00
6.6471e+01 1.3109e+04 1.7402e-03 7.6237e-01 1.3109e+04 2.2812e+01 1.9258e+00
6.6863e+01 1.3112e+04 1.7370e-03 7.6081e-01 1.3112e+04 2.2776e+01 1.9218e+00
6.7255e+01 1.3114e+04 1.7336e-03 7.5922e-01 1.3114e+04 2.2735e+01 1.9178e+00
6.7647e+01 1.3116e+04 1.7300e-03 7.5758e-01 1.3116e+04 2.2691e+01 1.9136e+00
6.8039e+01 1.3118e+04 1.7261e-03 7.5589e-01 1.3118e+04 2.2644e+01 1.9093e+00
6.8431e+01 1.3120e+04 1.7220e-03 7.5416e-01 1.3120e+04 2.2593e+01 1.9049e+00
6.8824e+01 1.3122e+04 1.7177e-03 7.5239e-01 1.3122e+04 2.2540e+01 1.9003e+00
6.9216e+01 1.3123e+04 1.7132e-03 7.5056e-01 1.3123e+04 2.2483e+01 1.8957e+00
6.9608e+01 1.3124e+04 1.7085e-03 7.4869e-01 1.3124e+04 2.2422e+01 1.8909e+00
7.0000e+01 1.3125e+04 1.7036e-03 7.4678e-01 1.3125e+04 2.2359e+01 1.8860e+00
7.0392e+01 1.3125e+04 1.6985e-03 7.4481e-01 1.3125e+04 2.2293e+01 1.8810e+00
7.0784e+01 1.3126e+04 1.6931e-03 7.4280e-01 1.3126e+04 2.2224e+01 1.8758e+00
7.1176e+01 1.3126e+04 1.6876e-03 7.4074e-01 1.3126e+04 2.2151e+01 1.8705e+00
7.1569e+01 1.3126e+04 1.6819e-03 7.3862e-01 1.3126e+04 2.2076e+01 1.8651e+00
7.1961e+01 1.3126e+04 1.6759e-03 7.3645e-01 1.3126e+04 2.1998e+01 1.8596e+00
7.2353e+01 1.3126e+04 1.6698e-03 7.3423e-01 1.3126e+04 2.1916e+01 1.8539e+00
7.2745e+01 1.3125e+04 1.6634e-03 7.3196e-01 1.3125e+04 2.1832e+01 1.8481e+00
7.3137e+01 1.3124e+04 1.6568e-03 7.2963e-01 1.3124e+04 2.1745e+01 1.8421e+00
7.3529e+01 1.3123e+04 1.6500e-03 7.2724e-01 1.3123e+04 2.1654e+01 1.8360e+00
7.3922e+01 1.3122e+04 1.6431e-03 7.2479e-01 1.3122e+04 2.1561e+01 1.8297e+00
7.4314e+01 1.3121e+04 1.6359e-03 7.2229e-01 1.3121e+04 2.1464e+01 1.8233e+00
7.4706e+01 1.3120e+04 1.6285e-03 7.1973e-01 1.3120e+04 2.1365e+01 1.8167e+00
7.5098e+01 1.3118e+04 1.6208e-03 7.1710e-01 1.3118e+04 2.1262e+01 1.8100e+00
7.5490e+01 1.3116e+04 1.6130e-03 7.1441e-01 1.3116e+04 2.1157e+01 1.8031e+00
7.5882e+01 1.3114e+04 1.6050e-03 7.1165e-01 1.3114e+04 2.1048e+01 1.7960e+00
7.6275e+01 1.3112e+04 1.5967e-03 7.0883e-01 1.3112e+04 2.0936e+01 1.7888e+00
7.6667e+01 1.3110e+04 1.5882e-03 7.0595e-01 1.3110e+04 2.0821e+01 1.7814e+00
7.7059e+01 1.3108e+04 1.5795e-03 7.0299e-01 1.3108e+04 2.0703e+01 1.7738e+00
7.7451e+01 1.3105e+04 1.5706e-03 6.9996e-01 1.3105e+04 2.0582e+01 1.7661e+00
7.7843e+01 1.3103e+04 1.5614e-03 6.9686e-01 1.3103e+04 2.0458e+01 1.7581e+00
7.8235e+01 1.3100e+04 1.5520e-03 6.9369e-01 1.3100e+04 2.0331e+01 1.7500e+00
7.8627e+01 1.3097e+04 1.5424e-03 6.9044e-01 1.3097e+04 2.0200e+01 1.7417e+00
7.9020e+01 1.3094e+04 1.5325e-03 6.8712e-01 1.3094e+04 2.0066e+01 1.7332e+00
7.9412e+01 1.3090e+04 1.5225e-03 6.8371e-01 1.3090e+04 1.9929e+01 1.7245e+00
7.9804e+01 1.3087e+04 1.5121e-03 6.8023e-01 1.3087e+04 1.9789e+01 1.7155e+00
8.0196e+01 1.3083e+04 1.5016e-03 6.7667e-01 1.3083e+04 1.9646e+01 1.7064e+00
8.0588e+01 1.3079e+04 1.4908e-03 6.7302e-01 1.3079e+04 1.9499e+01 1.6971e+00
8.0980e+01 1.3076e+04 1.4798e-03 6.6929e-01 1.3076e+04 1.9349e+01 1.6875e+00
8.1373e+01 1.3072e+04 1.4685e-03 6.6547e-01 1.3072e+04 1.9196e+01 1.6778e+00
8.1765e+01 1.3067e+04 1.4570e-03 6.6156e-01 1.3067e+04 1.9039e+01 1.6678e+00
8.2157e+01 1.3063e+04 1.4452e-03 6.5756e-01 1.3063e+04 1.8879e+01 1.6575e+00
8.2549e+01 1.3059e+04 1.4332e-03 6.5346e-01 1.3059e+04 1.8716e+01 1.6471e+00
8.2941e+01 1.3054e+04 1.4210e-03 6.4927e-01 1.3054e+04 1.8549e+01 1.6364e+00
8.3333e+01 1.3049e+04 1.4085e-03 6.4498e-01 1.3049e+04 1.8379e+01 1.6254e+00
8.3725e+01 1.3044e+04 1.3957e-03 6.4058e-01 1.3044e+04 1.8206e+01 1.6142e+00
8.4118e+01 1.3039e+04 1.3827e-03 6.3607e-01 1.3039e+04 1.8030e+01 1.6026e+00
8.4510e+01 1.3034e+04 1.3695e-03 6.3144e-01 1.3034e+04 1.7851e+01 1.5908e+00
8.4902e+01 1.3029e+04 1.3561e-03 6.2669e-01 1.3029e+04 1.7668e+01 1.5787e+00
8.5294e+01 1.3023e+04 1.3425e-03 6.2179e-01 1.3023e+04 1.7483e+01 1.5662e+00
8.5686e+01 1.3018e+04 1.3286e-03 6.1674e-01 1.3018e+04 1.7296e+01 1.5533e+00
8.6078e+01 1.3012e+04 1.3146e-03 6.1152e-01 1.3012e+04 1.7106e+01 1.5400e+00
8.6471e+01 1.3006e+04 1.3005e-03 6.0611e-01 1.3006e+04 1.6915e+01 1.5263e+00
8.6863e+01 1.3000e+04 1.2863e-03 6.0048e-01 1.3000e+04 1.6722e+01 1.5120e+00
8.7255e+01 1.2994e+04 1.2721e-03 5.9461e-01 1.2994e+04 1.6529e+01 1.4970e+00
8.7647e+01 1.2987e+04 1.2579e-03 5.8846e-01 1.2987e+04 1.6336e+01 1.4814e+00
8.8039e+01 1.2980e+04 1.2437e-03 5.8200e-01 1.2980e+04 1.6144e+01 1.4650e+00
8.8431e+01 1.2973e+04 1.2297e-03 5.7519e-01 1.2973e+04 1.5954e+01 1.4478e+00
8.8824e+01 1.2966e+04 1.2160e-03 5.6800e-01 1.2966e+04 1.5766e+01 1.4296e+00
8.9216e+01 1.2958e+04 1.2025e-03 5.6039e-01 1.2958e+04 1.5582e+01 1.4103e+00
8.9608e+01 1.2950e+04 1.1894e-03 5.5232e-01 1.2950e+04 1.5403e+01 1.3900e+00
9.0000e+01 1.2942e+04 1.1768e-03 5.4376e-01 1.2942e+04 1.5229e+01 1.3684e+00
9.0392e+01 1.2933e+04 1.1646e-03 5.3468e-01 1.2933e+04 1.5063e+01 1.3455e+00
9.0784e+01 1.2924e+04 1.1531e-03 5.2506e-01 1.2924e+04 1.4903e+01 1.3212e+00
9.1176e+01 1.2914e+04 1.1423e-03 5.1487e-01 1.2914e+04 1.4752e+01 1.2956e+00
9.1569e+01 1.2904e+04 1.1322e-03 5.0410e-01 1.2904e+04 1.4610e+01 1.2685e+00
9.1961e+01 1.2894e+04 1.1228e-03 4.9274e-01 1.2894e+04 1.4477e+01 1.2400e+00
9.2353e+01 1.2883e+04 1.1142e-03 4.8079e-01 1.2883e+04 1.4354e+01 1.2100e+00
9.2745e+01 1.2871e+04 1.1064e-03 4.6825e-01 1.2871e+04 1.4240e+01 1.1785e+00
9.3137e+01 1.2859e+04 1.0994e-03 4.5513e-01 1.2859e+04 1.4137e+01 1.1456e+00
9.3529e+01 1.2847e+04 1.0931e-03 4.4144e-01 1.2847e+04 1.4043e+01 1.1113e+00
9.3922e+01 1.2834e+04 1.0876e-03 4.2721e-01 1.2834e+04 1.3958e+01 1.0756e+00
9.4314e+01 1.2820e+04 1.0828e-03 4.1247e-01 1.2820e+04 1.3882e+01 1.0387e+00
9.4706e+01 1.2807e+04 1.0786e-03 3.9725e-01 1.2807e+04 1.3813e+01 1.0006e+00
9.5098e+01 1.2792e+04 1.0748e-03 3.8160e-01 1.2792e+04 1.3749e+01 9.6139e-01
9.5490e+01 1.2778e+04 1.0712e-03 3.6560e-01 1.2778e+04 1.3688e+01 9.2132e-01
9.5882e+01 1.2764e+04 1.0676e-03 3.4931e-01 1.2764e+04 1.3626e+01 8.8055e-01
9.6275e+01 1.2749e+04 1.0636e-03 3.3285e-01 1.2749e+04 1.3560e+01 8.3933e-01
9.6667e+01 1.2735e+04 1.0591e-03 3.1635e-01 1.2735e+04 1.3487e+01 7.9802e-01
9.7059e+01 1.2721e+04 1.0527e-03 2.9989e-01 1.2721e+04 1.3392e+01 7.5678e-01
9.7451e+01 1.2710e+04 1.0466e-03 2.8385e-01 1.2710e+04 1.3303e+01 7.1660e-01
9.7843e+01 1.2690e+04 1.0329e-03 2.6761e-01 1.2690e+04 1.3108e+01 6.7579e-01
9.8235e+01 1.2701e+04 1.0331e-03 2.5344e-01 1.2701e+04 1.3121e+01 6.4038e-01
9.8627e+01 1.2617e+04 9.9129e-04 2.3507e-01 1.2617e+04 1.2507e+01 5.9388e-01
9.9020e+01 1.2768e+04 1.0699e-03 2.2666e-01 1.2768e+04 1.3660e+01 5.7396e-01
9.9412e+01 1.1995e+04 9.0175e-04 1.8989e-01 1.1995e+04 1.0816e+01 4.7959e-01
9.9804e+01 1.4415e+04 1.4352e-03 1.9821e-01 1.4415e+04 2.0689e+01 5.1037e-01
