# # x Density Velocity Pressure q0 q1 q2
1.9608e-01 1.0000e+05 2.6177e-13 1.0000e+00 1.0000e+05 2.6177e-08 2.5000e+00
5.8824e-01 1.0000e+05 3.4648e-13 1.0000e+00 1.0000e+05 3.4648e-08 2.5000e+00
9.8039e-01 1.0000e+05 4.2189e-13 1.0000e+00 1.0000e+05 4.2189e-08 2.5000e+00
1.3725e+00 1.0000e+05 5.3449e-13 1.0000e+00 1.0000e+05 5.3449e-08 2.5000e+00
1.7647e+00 1.0000e+05 7.0336e-13 1.0000e+00 1.0000e+05 7.0336e-08 2.5000e+00
2.1569e+00 1.0000e+05 9.4580e-13 1.0000e+00 1.0000e+05 9.4580e-08 2.5000e+00
2.5490e+00 1.0000e+05 1.2845e-12 1.0000e+00 1.0000e+05 1.2845e-07 2.5000e+00
2.9412e+00 1.0000e+05 1.7506e-12 1.0000e+00 1.0000e+05 1.7506e-07 2.5000e+00
3.3333e+00 1.0000e+05 2.3867e-12 1.0000e+00 1.0000e+05 2.3867e-07 2.5000e+00
3.7255e+00 1.0000e+05 3.2498e-12 1.0000e+00 1.0000e+05 3.2498e-07 2.5000e+00
4.1176e+00 1.0000e+05 4.4162e-12 1.0000e+00 1.0000e+05 4.4162e-07 2.5000e+00
4.5098e+00 1.0000e+05 5.9873e-12 1.0000e+00 1.0000e+05 5.9873e-07 2.5000e+00
4.9020e+00 1.0000e+05 8.0970e-12 1.0000e+00 1.0000e+05 8.0970e-07 2.5000e+00
5.2941e+00 1.0000e+05 1.0922e-11 1.0000e+00 1.0000e+05 1.0922e-06 2.5000e+00
5.6863e+00 1.0000e+05 1.4693e-11 1.0000e+00 1.0000e+05 1.4693e-06 2.5000e+00
6.0784e+00 1.0000e+05 1.9714e-11 1.0000e+00 1.0000e+05 1.9714e-06 2.5000e+00
6.4706e+00 1.0000e+05 2.6382e-11 1.0000e+00 1.0000e+05 2.6382e-06 2.5000e+00
6.8627e+00 1.0000e+05 3.5210e-11 1.0000e+00 1.0000e+05 3.5210e-06 2.5000e+00
7.2549e+00 1.0000e+05 4.6867e-11 1.0000e+00 1.0000e+05 4.6867e-06 2.5000e+00
7.6471e+00 1.0000e+05 6.2218e-11 1.0000e+00 1.0000e+05 6.2218e-06 2.5000e+00
8.0392e+00 1.0000e+05 8.2377e-11 1.0000e+00 1.0000e+05 8.2377e-06 2.5000e+00
8.4314e+00 1.0000e+05 1.0878e-10 1.0000e+00 1.0000e+05 1.0878e-05 2.5000e+00
8.8235e+00 1.0000e+05 1.4326e-10 1.0000e+00 1.0000e+05 1.4326e-05 2.5000e+00
9.2157e+00 1.0000e+05 1.8816e-10 1.0000e+00 1.0000e+05 1.8816e-05 2.5000e+00
9.6078e+00 1.0000e+05 2.4649e-10 1.0000e+00 1.0000e+05 2.4649e-05 2.5000e+00
1.0000e+01 1.0000e+05 3.2203e-10 1.0000e+00 1.0000e+05 3.2203e-05 2.5000e+00
1.0392e+01 1.0000e+05 4.1961e-10 1.0000e+00 1.0000e+05 4.1961e-05 2.5000e+00
1.0784e+01 1.0000e+05 5.4530e-10 1.0000e+00 1.0000e+05 5.4530e-05 2.5000e+00
1.1176e+01 1.0000e+05 7.0676e-10 1.0000e+00 1.0000e+05 7.0676e-05 2.5000e+00
1.1569e+01 1.0000e+05 9.1358e-10 1.0000e+00 1.0000e+05 9.1358e-05 2.5000e+00
1.1961e+01 1.0000e+05 1.1778e-09 1.0000e+00 1.0000e+05 1.1778e-04 2.5000e+00
1.2353e+01 1.0000e+05 1.5144e-09 1.0000e+00 1.0000e+05 1.5144e-04 2.5000e+00
1.2745e+01 1.0000e+05 1.9420e-09 1.0000e+00 1.0000e+05 1.9420e-04 2.5000e+00
1.3137e+01 1.0000e+05 2.4837e-09 1.0000e+00 1.0000e+05 2.4837e-04 2.5000e+00
1.3529e+01 1.0000e+05 3.1682e-09 9.9999e-01 1.0000e+05 3.1682e-04 2.5000e+00
1.3922e+01 1.0000e+05 4.0305e-09 9.9999e-01 1.0000e+05 4.0305e-04 2.5000e+00
1.4314e+01 1.0000e+05 5.1140e-09 9.9999e-01 1.0000e+05 5.1140e-04 2.5000e+00
1.4706e+01 1.0000e+05 6.4715e-09 9.9999e-01 1.0000e+05 6.4715e-04 2.5000e+00
1.5098e+01 1.0000e+05 8.1677e-09 9.9999e-01 1.0000e+05 8.1677e-04 2.5000e+00
1.5490e+01 1.0000e+05 1.0281e-08 9.9998e-01 1.0000e+05 1.0281e-03 2.5000e+00
1.5882e+01 1.0000e+05 1.2907e-08 9.9998e-01 1.0000e+05 1.2907e-03 2.4999e+00
1.6275e+01 1.0000e+05 1.6162e-08 9.9997e-01 1.0000e+05 1.6162e-03 2.4999e+00
1.6667e+01 1.0000e+05 2.0183e-08 9.9997e-01 1.0000e+05 2.0183e-03 2.4999e+00
1.7059e+01 1.0000e+05 2.5139e-08 9.9996e-01 1.0000e+05 2.5138e-03 2.4999e+00
1.7451e+01 1.0000e+05 3.1228e-08 9.9995e-01 1.0000e+05 3.1228e-03 2.4999e+00
1.7843e+01 1.0000e+05 3.8691e-08 9.9994e-01 1.0000e+05 3.8691e-03 2.4999e+00
1.8235e+01 1.0000e+05 4.7811e-08 9.9993e-01 1.0000e+05 4.7811e-03 2.4998e+00
1.8627e+01 1.0000e+05 5.8926e-08 9.9991e-01 1.0000e+05 5.8926e-03 2.4998e+00
1.9020e+01 9.9999e+04 7.2435e-08 9.9989e-01 9.9999e+04 7.2435e-03 2.4997e+00
1.9412e+01 9.9999e+04 8.8807e-08 9.9987e-01 9.9999e+04 8.8807e-03 2.4997e+00
1.9804e+01 9.9999e+04 1.0859e-07 9.9985e-01 9.9999e+04 1.0859e-02 2.4996e+00
2.0196e+01 9.9999e+04 1.3245e-07 9.9981e-01 9.9999e+04 1.3244e-02 2.4995e+00
2.0588e+01 9.9999e+04 1.6111e-07 9.9978e-01 9.9999e+04 1.6111e-02 2.4994e+00
2.0980e+01 9.9999e+04 1.9547e-07 9.9973e-01 9.9999e+04 1.9547e-02 2.4993e+00
2.1373e+01 9.9998e+04 2.3655e-07 9.9968e-01 9.9998e+04 2.3654e-02 2.4992e+00
2.1765e+01 9.9998e+04 2.8551e-07 9.9961e-01 9.9998e+04 2.8550e-02 2.4990e+00
2.2157e+01 9.9997e+04 3.4371e-07 9.9954e-01 9.9997e+04 3.4370e-02 2.4988e+00
2.2549e+01 9.9997e+04 4.1270e-07 9.9945e-01 9.9997e+04 4.1269e-02 2.4986e+00
2.2941e+01 9.9996e+04 4.9427e-07 9.9935e-01 9.9996e+04 4.9425e-02 2.4984e+00
2.3333e+01 9.9995e+04 5.9044e-07 9.9923e-01 9.9995e+04 5.9041e-02 2.4981e+00
2.3725e+01 9.9995e+04 7.0350e-07 9.9910e-01 9.9995e+04 7.0346e-02 2.4977e+00
2.4118e+01 9.9993e+04 8.3606e-07 9.9894e-01 9.9993e+04 8.3600e-02 2.4973e+00
2.4510e+01 9.9992e+04 9.9105e-07 9.9875e-01 9.9992e+04 9.9098e-02 2.4969e+00
2.4902e+01 9.9991e+04 1.1718e-06 9.9854e-01 9.9991e+04 1.1717e-01 2.4964e+00
2.5294e+01 9.9989e+04 1.3820e-06 9.9830e-01 9.9989e+04 1.3818e-01 2.4958e+00
2.5686e+01 9.9987e+04 1.6257e-06 9.9802e-01 9.9987e+04 1.6255e-01 2.4951e+00
2.6078e+01 9.9984e+04 1.9076e-06 9.9771e-01 9.9984e+04 1.9073e-01 2.4943e+00
2.6471e+01 9.9982e+04 2.2327e-06 9.9735e-01 9.9982e+04 2.2323e-01 2.4934e+00
2.6863e+01 9.9978e+04 2.6066e-06 9.9694e-01 9.9978e+04 2.6060e-01 2.4923e+00
2.7255e+01 9.9974e+04 3.0355e-06 9.9647e-01 9.9974e+04 3.0348e-01 2.4912e+00
2.7647e+01 9.9970e+04 3.5262e-06 9.9595e-01 9.9970e+04 3.5252e-01 2.4899e+00
2.8039e+01 9.9965e+04 4.0861e-06 9.9536e-01 9.9965e+04 4.0846e-01 2.4884e+00
2.8431e+01 9.9959e+04 4.7230e-06 9.9470e-01 9.9959e+04 4.7211e-01 2.4868e+00
2.8824e+01 9.9952e+04 5.4458e-06 9.9396e-01 9.9952e+04 5.4432e-01 2.4849e+00
2.9216e+01 9.9944e+04 6.2638e-06 9.9314e-01 9.9944e+04 6.2603e-01 2.4828e+00
2.9608e+01 9.9935e+04 7.1871e-06 9.9222e-01 9.9935e+04 7.1824e-01 2.4806e+00
3.0000e+01 9.9925e+04 8.2263e-06 9.9120e-01 9.9925e+04 8.2201e-01 2.4780e+00
3.0392e+01 9.9914e+04 9.3930e-06 9.9008e-01 9.9914e+04 9.3849e-01 2.4752e+00
3.0784e+01 9.9901e+04 1.0699e-05 9.8883e-01 9.9901e+04 1.0689e+00 2.4721e+00
3.1176e+01 9.9886e+04 1.2158e-05 9.8747e-01 9.9886e+04 1.2144e+00 2.4687e+00
3.1569e+01 9.9869e+04 1.3783e-05 9.8597e-01 9.9869e+04 1.3765e+00 2.4649e+00
3.1961e+01 9.9851e+04 1.5588e-05 9.8433e-01 9.9851e+04 1.5565e+00 2.4608e+00
3.2353e+01 9.9829e+04 1.7588e-05 9.8255e-01 9.9829e+04 1.7558e+00 2.4564e+00
3.2745e+01 9.9806e+04 1.9798e-05 9.8060e-01 9.9806e+04 1.9759e+00 2.4515e+00
3.3137e+01 9.9780e+04 2.2234e-05 9.7850e-01 9.9780e+04 2.2185e+00 2.4463e+00
3.3529e+01 9.9750e+04 2.4912e-05 9.7622e-01 9.9750e+04 2.4850e+00 2.4406e+00
3.3922e+01 9.9718e+04 2.7849e-05 9.7376e-01 9.9718e+04 2.7771e+00 2.4344e+00
3.4314e+01 9.9681e+04 3.1062e-05 9.7112e-01 9.9681e+04 3.0963e+00 2.4278e+00
3.4706e+01 9.9641e+04 3.4568e-05 9.6829e-01 9.9641e+04 3.4444e+00 2.4208e+00
3.5098e+01 9.9597e+04 3.8383e-05 9.6526e-01 9.9597e+04 3.8228e+00 2.4132e+00
3.5490e+01 9.9549e+04 4.2525e-05 9.6202e-01 9.9549e+04 4.2333e+00 2.4051e+00
3.5882e+01 9.9495e+04 4.7011e-05 9.5859e-01 9.9495e+04 4.6773e+00 2.3966e+00
3.6275e+01 9.9437e+04 5.1857e-05 9.5494e-01 9.9437e+04 5.1565e+00 2.3875e+00
3.6667e+01 9.9373e+04 5.7080e-05 9.5108e-01 9.9373e+04 5.6722e+00 2.3779e+00
3.7059e+01 9.9303e+04 6.2695e-05 9.4701e-01 9.9303e+04 6.2258e+00 2.3677e+00
3.7451e+01 9.9227e+04 6.8717e-05 9.4273e-01 9.9227e+04 6.8186e+00 2.3571e+00
3.7843e+01 9.9144e+04 7.5161e-05 9.3824e-01 9.9144e+04 7.4518e+00 2.3459e+00
3.8235e+01 9.9055e+04 8.2040e-05 9.3354e-01 9.9055e+04 8.1265e+00 2.3342e+00
3.8627e+01 9.8959e+04 8.9367e-05 9.2863e-01 9.8959e+04 8.8436e+00 2.3220e+00
3.9020e+01 9.8854e+04 9.7151e-05 9.2352e-01 9.8854e+04 9.6038e+00 2.3093e+00
3.9412e+01 9.8743e+04 1.0540e-04 9.1821e-01 9.8743e+04 1.0408e+01 2.2961e+00
3.9804e+01 9.8622e+04 1.1413e-04 9.1272e-01 9.8622e+04 1.1256e+01 2.2824e+00
4.0196e+01 9.8494e+04 1.2334e-04 9.0704e-01 9.8494e+04 1.2148e+01 2.2684e+00
4.0588e+01 9.8356e+04 1.3304e-04 9.0119e-01 9.8356e+04 1.3086e+01 2.2539e+00
4.0980e+01 9.8209e+04 1.4323e-04 8.9518e-01 9.8209e+04 1.4067e+01 2.2390e+00
4.1373e+01 9.8053e+04 1.5393e-04 8.8902e-01 9.8053e+04 1.5093e+01 2.2237e+00
4.1765e+01 9.7886e+04 1.6506e-04 8.8269e-01 9.7886e+04 1.6157e+01 2.2081e+00
4.2157e+01 9.7714e+04 1.7686e-04 8.7631e-01 9.7714e+04 1.7282e+01 2.1923e+00
4.2549e+01 9.7518e+04 1.8863e-04 8.6963e-01 9.7518e+04 1.8395e+01 2.1758e+00
4.2941e+01 9.7350e+04 2.0229e-04 8.6333e-01 9.7350e+04 1.9693e+01 2.1603e+00
4.3333e+01 9.7074e+04 2.1288e-04 8.5573e-01 9.7074e+04 2.0665e+01 2.1415e+00
4.3725e+01 9.7015e+04 2.3217e-04 8.5087e-01 9.7015e+04 2.2524e+01 2.1298e+00
4.4118e+01 9.6456e+04 2.3420e-04 8.3994e-01 9.6456e+04 2.2590e+01 2.1025e+00
4.4510e+01 9.6848e+04 2.7137e-04 8.4069e-01 9.6848e+04 2.6281e+01 2.1053e+00
4.4902e+01 9.5523e+04 2.4731e-04 8.2072e-01 9.5523e+04 2.3624e+01 2.0547e+00
4.5294e+01 9.6883e+04 3.2064e-04 8.3316e-01 9.6883e+04 3.1065e+01 2.0879e+00
4.5686e+01 9.4522e+04 2.6104e-04 8.0129e-01 9.4522e+04 2.4674e+01 2.0065e+00
4.6078e+01 9.6469e+04 3.5687e-04 8.2063e-01 9.6469e+04 3.4427e+01 2.0577e+00
4.6471e+01 9.4353e+04 3.0888e-04 7.9262e-01 9.4353e+04 2.9143e+01 1.9860e+00
4.6863e+01 9.5018e+04 3.5928e-04 7.9667e-01 9.5018e+04 3.4138e+01 1.9978e+00
4.7255e+01 9.4540e+04 3.7209e-04 7.8853e-01 9.4540e+04 3.5177e+01 1.9779e+00
4.7647e+01 9.4198e+04 3.8694e-04 7.8103e-01 9.4198e+04 3.6449e+01 1.9596e+00
4.8039e+01 9.3460e+04 3.9015e-04 7.6980e-01 9.3460e+04 3.6464e+01 1.9316e+00
4.8431e+01 9.3537e+04 4.3756e-04 7.7270e-01 9.3537e+04 4.0929e+01 1.9407e+00
4.8824e+01 9.5844e+04 4.3219e-04 7.5874e-01 9.5844e+04 4.1423e+01 1.9058e+00
4.9216e+01 7.9001e+04 4.5758e-04 7.5521e-01 7.9001e+04 3.6149e+01 1.8963e+00
4.9608e+01 1.2887e+05 4.7578e-04 7.4738e-01 1.2887e+05 6.1315e+01 1.8830e+00
5.0000e+01 6.7814e+04 4.8635e-04 7.4146e-01 6.7814e+04 3.2981e+01 1.8617e+00
5.0392e+01 2.5466e+04 5.0638e-04 7.3950e-01 2.5466e+04 1.2895e+01 1.8520e+00
5.0784e+01 1.1539e+04 5.4288e-04 7.3961e-01 1.1539e+04 6.2643e+00 1.8507e+00
5.1176e+01 8.5903e+03 6.2151e-04 7.3979e-01 8.5903e+03 5.3390e+00 1.8511e+00
5.1569e+01 8.3518e+03 6.6906e-04 7.3482e-01 8.3518e+03 5.5878e+00 1.8389e+00
5.1961e+01 8.9584e+03 7.6767e-04 7.3529e-01 8.9584e+03 6.8771e+00 1.8409e+00
5.2353e+01 9.5825e+03 8.9469e-04 7.4041e-01 9.5825e+03 8.5733e+00 1.8549e+00
5.2745e+01 1.0132e+04 9.4384e-04 7.3929e-01 1.0132e+04 9.5627e+00 1.8527e+00
5.3137e+01 1.0465e+04 9.3503e-04 7.3335e-01 1.0465e+04 9.7851e+00 1.8380e+00
5.3529e+01 1.0789e+04 9.6970e-04 7.3266e-01 1.0789e+04 1.0462e+01 1.8367e+00
5.3922e+01 1.1073e+04 1.0465e-03 7.3710e-01 1.1073e+04 1.1588e+01 1.8488e+00
5.4314e+01 1.1297e+04 1.0943e-03 7.3901e-01 1.1297e+04 1.2363e+01 1.8543e+00
5.4706e+01 1.1415e+04 1.0905e-03 7.3577e-01 1.1415e+04 1.2448e+01 1.8462e+00
5.5098e+01 1.1508e+04 1.0791e-03 7.3154e-01 1.1508e+04 1.2418e+01 1.8355e+00
5.5490e+01 1.1621e+04 1.1023e-03 7.3140e-01 1.1621e+04 1.2810e+01 1.8356e+00
5.5882e+01 1.1761e+04 1.1555e-03 7.3480e-01 1.1761e+04 1.3590e+01 1.8449e+00
5.6275e+01 1.1878e+04 1.2007e-03 7.3758e-01 1.1878e+04 1.4263e+01 1.8525e+00
5.6667e+01 1.1950e+04 1.2148e-03 7.3708e-01 1.1950e+04 1.4516e+01 1.8515e+00
5.7059e+01 1.1983e+04 1.2055e-03 7.3416e-01 1.1983e+04 1.4446e+01 1.8441e+00
5.7451e+01 1.2019e+04 1.2000e-03 7.3142e-01 1.2019e+04 1.4423e+01 1.8372e+00
5.7843e+01 1.2083e+04 1.2218e-03 7.3191e-01 1.2083e+04 1.4763e+01 1.8388e+00
5.8235e+01 1.2177e+04 1.2690e-03 7.3539e-01 1.2177e+04 1.5453e+01 1.8483e+00
5.8627e+01 1.2272e+04 1.3197e-03 7.3940e-01 1.2272e+04 1.6195e+01 1.8592e+00
5.9020e+01 1.2340e+04 1.3524e-03 7.4150e-01 1.2340e+04 1.6689e+01 1.8650e+00
5.9412e+01 1.2372e+04 1.3606e-03 7.4090e-01 1.2372e+04 1.6833e+01 1.8637e+00
5.9804e+01 1.2381e+04 1.3524e-03 7.3852e-01 1.2381e+04 1.6744e+01 1.8576e+00
6.0196e+01 1.2392e+04 1.3460e-03 7.3604e-01 1.2392e+04 1.6680e+01 1.8513e+00
6.0588e+01 1.2431e+04 1.3618e-03 7.3621e-01 1.2431e+04 1.6929e+01 1.8521e+00
6.0980e+01 1.2509e+04 1.4074e-03 7.3990e-01 1.2509e+04 1.7605e+01 1.8621e+00
6.1373e+01 1.2616e+04 1.4754e-03 7.4628e-01 1.2616e+04 1.8614e+01 1.8794e+00
6.1765e+01 1.2735e+04 1.5515e-03 7.5374e-01 1.2735e+04 1.9758e+01 1.8997e+00
6.2157e+01 1.2845e+04 1.6221e-03 7.6069e-01 1.2845e+04 2.0835e+01 1.9186e+00
6.2549e+01 1.2935e+04 1.6784e-03 7.6608e-01 1.2935e+04 2.1710e+01 1.9334e+00
6.2941e+01 1.3000e+04 1.7174e-03 7.6949e-01 1.3000e+04 2.2326e+01 1.9429e+00
6.3333e+01 1.3042e+04 1.7407e-03 7.7108e-01 1.3042e+04 2.2702e+01 1.9475e+00
6.3725e+01 1.3067e+04 1.7522e-03 7.7131e-01 1.3067e+04 2.2896e+01 1.9483e+00
6.4118e+01 1.3081e+04 1.7564e-03 7.7068e-01 1.3081e+04 2.2976e+01 1.9469e+00
6.4510e+01 1.3089e+04 1.7569e-03 7.6963e-01 1.3089e+04 2.2996e+01 1.9443e+00
6.4902e+01 1.3095e+04 1.7557e-03 7.6839e-01 1.3095e+04 2.2991e+01 1.9412e+00
6.5294e+01 1.3100e+04 1.7538e-03 7.6707e-01 1.3100e+04 2.2974e+01 1.9378e+00
6.5686e+01 1.3104e+04 1.7516e-03 7.6570e-01 1.3104e+04 2.2952e+01 1.9344e+00
6.6078e+01 1.3107e+04 1.7491e-03 7.6429e-01 1.3107e+04 2.2926e+01 1.9308e+00
6.6471e+01 1.3111e+04 1.7463e-03 7.6283e-01 1.3111e+04 2.2896e+01 1.9271e+00
6.6863e+01 1.3114e+04 1.7433e-03 7.6132e-01 1.3114e+04 2.2861e+01 1.9232e+00
6.7255e+01 1.3116e+04 1.7401e-03 7.5978e-01 1.3116e+04 2.2824e+01 1.9193e+00
6.7647e+01 1.3119e+04 1.7367e-03 7.5819e-01 1.3119e+04 2.2783e+01 1.9152e+00
6.8039e+01 1.3121e+04 1.7330e-03 7.5655e-01 1.3121e+04 2.2738e+01 1.9111e+00
6.8431e+01 1.3123e+04 1.7291e-03 7.5487e-01 1.3123e+04 2.2690e+01 1.9068e+00
6.8824e+01 1.3124e+04 1.7250e-03 7.5315e-01 1.3124e+04 2.2639e+01 1.9024e+00
6.9216e+01 1.3126e+04 1.7207e-03 7.5139e-01 1.3126e+04 2.2585e+01 1.8979e+00
6.9608e+01 1.3127e+04 1.7162e-03 7.4957e-01 1.3127e+04 2.2528e+01 1.8933e+00
7.0000e+01 1.3128e+04 1.7114e-03 7.4771e-01 1.3128e+04 2.2468e+01 1.8885e+00
7.0392e+01 1.3129e+04 1.7065e-03 7.4581e-01 1.3129e+04 2.2404e+01 1.8836e+00
7.0784e+01 1.3129e+04 1.7014e-03 7.4386e-01 1.3129e+04 2.2338e+01 1.8786e+00
7.1176e+01 1.3130e+04 1.6961e-03 7.4186e-01 1.3130e+04 2.2269e+01 1.8735e+00
7.1569e+01 1.3130e+04 1.6905e-03 7.3981e-01 1.3130e+04 2.2196e+01 1.8683e+00
7.1961e+01 1.3130e+04 1.6848e-03 7.3771e-01 1.3130e+04 2.2121e+01 1.8629e+00
7.2353e+01 1.3130e+04 1.6789e-03 7.3555e-01 1.3130e+04 2.2043e+01 1.8574e+00
7.2745e+01 1.3129e+04 1.6727e-03 7.3335e-01 1.3129e+04 2.1962e+01 1.8517e+00
7.3137e+01 1.3129e+04 1.6664e-03 7.3109e-01 1.3129e+04 2.1877e+01 1.8460e+00
7.3529e+01 1.3128e+04 1.6598e-03 7.2878e-01 1.3128e+04 2.1790e+01 1.8400e+00
7.3922e+01 1.3127e+04 1.6531e-03 7.2641e-01 1.3127e+04 2.1700e+01 1.8340e+00
7.4314e+01 1.3126e+04 1.6461e-03 7.2399e-01 1.3126e+04 2.1607e+01 1.8278e+00
7.4706e+01 1.3125e+04 1.6390e-03 7.2151e-01 1.3125e+04 2.1511e+01 1.8214e+00
7.5098e+01 1.3123e+04 1.6316e-03 7.1897e-01 1.3123e+04 2.1412e+01 1.8149e+00
7.5490e+01 1.3122e+04 1.6240e-03 7.1636e-01 1.3122e+04 2.1310e+01 1.8082e+00
7.5882e+01 1.3120e+04 1.6162e-03 7.1370e-01 1.3120e+04 2.1205e+01 1.8014e+00
7.6275e+01 1.3118e+04 1.6082e-03 7.1097e-01 1.3118e+04 2.1097e+01 1.7944e+00
7.6667e+01 1.3116e+04 1.6000e-03 7.0818e-01 1.3116e+04 2.0986e+01 1.7872e+00
7.7059e+01 1.3114e+04 1.5916e-03 7.0532e-01 1.3114e+04 2.0872e+01 1.7799e+00
7.7451e+01 1.3111e+04 1.5830e-03 7.0239e-01 1.3111e+04 2.0755e+01 1.7724e+00
7.7843e+01 1.3109e+04 1.5741e-03 6.9940e-01 1.3109e+04 2.0634e+01 1.7647e+00
7.8235e+01 1.3106e+04 1.5650e-03 6.9633e-01 1.3106e+04 2.0511e+01 1.7569e+00
7.8627e+01 1.3103e+04 1.5557e-03 6.9320e-01 1.3103e+04 2.0385e+01 1.7488e+00
7.9020e+01 1.3100e+04 1.5462e-03 6.8998e-01 1.3100e+04 2.0255e+01 1.7406e+00
7.9412e+01 1.3097e+04 1.5364e-03 6.8670e-01 1.3097e+04 2.0122e+01 1.7322e+00
7.9804e+01 1.3094e+04 1.5264e-03 6.8333e-01 1.3094e+04 1.9987e+01 1.7236e+00
8.0196e+01 1.3090e+04 1.5162e-03 6.7989e-01 1.3090e+04 1.9848e+01 1.7148e+00
8.0588e+01 1.3087e+04 1.5057e-03 6.7637e-01 1.3087e+04 1.9705e+01 1.7058e+00
8.0980e+01 1.3083e+04 1.4950e-03 6.7277e-01 1.3083e+04 1.9560e+01 1.6965e+00
8.1373e+01 1.3079e+04 1.4841e-03 6.6908e-01 1.3079e+04 1.9411e+01 1.6871e+00
8.1765e+01 1.3075e+04 1.4730e-03 6.6530e-01 1.3075e+04 1.9260e+01 1.6774e+00
8.2157e+01 1.3071e+04 1.4616e-03 6.6143e-01 1.3071e+04 1.9105e+01 1.6675e+00
8.2549e+01 1.3067e+04 1.4500e-03 6.5747e-01 1.3067e+04 1.8946e+01 1.6574e+00
8.2941e+01 1.3062e+04 1.4381e-03 6.5341e-01 1.3062e+04 1.8785e+01 1.6470e+00
8.3333e+01 1.3058e+04 1.4260e-03 6.4925e-01 1.3058e+04 1.8621e+01 1.6364e+00
8.3725e+01 1.3053e+04 1.4137e-03 6.4497e-01 1.3053e+04 1.8454e+01 1.6255e+00
8.4118e+01 1.3048e+04 1.4012e-03 6.4057e-01 1.3048e+04 1.8284e+01 1.6142e+00
8.4510e+01 1.3043e+04 1.3885e-03 6.3604e-01 1.3043e+04 1.8111e+01 1.6027e+00
8.4902e+01 1.3038e+04 1.3757e-03 6.3137e-01 1.3038e+04 1.7936e+01 1.5908e+00
8.5294e+01 1.3033e+04 1.3626e-03 6.2653e-01 1.3033e+04 1.7759e+01 1.5784e+00
8.5686e+01 1.3027e+04 1.3495e-03 6.2152e-01 1.3027e+04 1.7580e+01 1.5657e+00
8.6078e+01 1.3022e+04 1.3363e-03 6.1629e-01 1.3022e+04 1.7401e+01 1.5524e+00
8.6471e+01 1.3016e+04 1.3231e-03 6.1084e-01 1.3016e+04 1.7220e+01 1.5385e+00
8.6863e+01 1.3009e+04 1.3098e-03 6.0513e-01 1.3009e+04 1.7040e+01 1.5240e+00
8.7255e+01 1.3003e+04 1.2967e-03 5.9912e-01 1.3003e+04 1.6861e+01 1.5087e+00
8.7647e+01 1.2997e+04 1.2837e-03 5.9279e-01 1.2997e+04 1.6683e+01 1.4927e+00
8.8039e+01 1.2990e+04 1.2709e-03 5.8611e-01 1.2990e+04 1.6508e+01 1.4758e+00
8.8431e+01 1.2982e+04 1.2584e-03 5.7903e-01 1.2982e+04 1.6337e+01 1.4579e+00
8.8824e+01 1.2975e+04 1.2462e-03 5.7153e-01 1.2975e+04 1.6170e+01 1.4389e+00
8.9216e+01 1.2967e+04 1.2345e-03 5.6357e-01 1.2967e+04 1.6008e+01 1.4188e+00
8.9608e+01 1.2959e+04 1.2233e-03 5.5513e-01 1.2959e+04 1.5852e+01 1.3975e+00
9.0000e+01 1.2950e+04 1.2127e-03 5.4619e-01 1.2950e+04 1.5704e+01 1.3750e+00
9.0392e+01 1.2941e+04 1.2026e-03 5.3672e-01 1.2941e+04 1.5563e+01 1.3512e+00
9.0784e+01 1.2931e+04 1.1933e-03 5.2672e-01 1.2931e+04 1.5430e+01 1.3260e+00
9.1176e+01 1.2921e+04 1.1846e-03 5.1616e-01 1.2921e+04 1.5307e+01 1.2995e+00
9.1569e+01 1.2911e+04 1.1767e-03 5.0505e-01 1.2911e+04 1.5192e+01 1.2716e+00
9.1961e+01 1.2900e+04 1.1696e-03 4.9339e-01 1.2900e+04 1.5087e+01 1.2423e+00
9.2353e+01 1.2888e+04 1.1632e-03 4.8117e-01 1.2888e+04 1.4992e+01 1.2116e+00
9.2745e+01 1.2876e+04 1.1576e-03 4.6842e-01 1.2876e+04 1.4906e+01 1.1797e+00
9.3137e+01 1.2864e+04 1.1528e-03 4.5514e-01 1.2864e+04 1.4829e+01 1.1464e+00
9.3529e+01 1.2851e+04 1.1487e-03 4.4135e-01 1.2851e+04 1.4761e+01 1.1119e+00
9.3922e+01 1.2837e+04 1.1452e-03 4.2709e-01 1.2837e+04 1.4701e+01 1.0761e+00
9.4314e+01 1.2823e+04 1.1422e-03 4.1238e-01 1.2823e+04 1.4647e+01 1.0393e+00
9.4706e+01 1.2809e+04 1.1397e-03 3.9728e-01 1.2809e+04 1.4599e+01 1.0015e+00
9.5098e+01 1.2795e+04 1.1373e-03 3.8185e-01 1.2795e+04 1.4552e+01 9.6290e-01
9.5490e+01 1.2781e+04 1.1349e-03 3.6616e-01 1.2781e+04 1.4505e+01 9.2364e-01
9.5882e+01 1.2767e+04 1.1322e-03 3.5033e-01 1.2767e+04 1.4454e+01 8.8401e-01
9.6275e+01 1.2753e+04 1.1285e-03 3.3447e-01 1.2753e+04 1.4391e+01 8.4429e-01
9.6667e+01 1.2740e+04 1.1238e-03 3.1876e-01 1.2740e+04 1.4317e+01 8.0496e-01
9.7059e+01 1.2726e+04 1.1164e-03 3.0324e-01 1.2726e+04 1.4206e+01 7.6604e-01
9.7451e+01 1.2718e+04 1.1099e-03 2.8847e-01 1.2718e+04 1.4116e+01 7.2900e-01
9.7843e+01 1.2695e+04 1.0920e-03 2.7322e-01 1.2695e+04 1.3863e+01 6.9062e-01
9.8235e+01 1.2718e+04 1.0967e-03 2.6110e-01 1.2718e+04 1.3947e+01 6.6040e-01
9.8627e+01 1.2600e+04 1.0418e-03 2.4250e-01 1.2600e+04 1.3127e+01 6.1309e-01
9.9020e+01 1.2815e+04 1.1549e-03 2.3755e-01 1.2815e+04 1.4800e+01 6.0243e-01
9.9412e+01 1.1797e+04 9.4207e-04 1.9561e-01 1.1797e+04 1.1114e+01 4.9427e-01
9.9804e+01 1.4695e+04 1.5874e-03 2.0975e-01 1.4695e+04 2.3327e+01 5.4289e-01
