# # x Density Velocity Pressure q0 q1 q2
1.9608e-01 1.0000e+05 3.1034e-13 1.0000e+00 1.0000e+05 3.1034e-08 2.5000e+00
5.8824e-01 1.0000e+05 4.1099e-13 1.0000e+00 1.0000e+05 4.1099e-08 2.5000e+00
9.8039e-01 1.0000e+05 4.9931e-13 1.0000e+00 1.0000e+05 4.9931e-08 2.5000e+00
1.3725e+00 1.0000e+05 6.3051e-13 1.0000e+00 1.0000e+05 6.3051e-08 2.5000e+00
1.7647e+00 1.0000e+05 8.2701e-13 1.0000e+00 1.0000e+05 8.2701e-08 2.5000e+00
2.1569e+00 1.0000e+05 1.1087e-12 1.0000e+00 1.0000e+05 1.1087e-07 2.5000e+00
2.5490e+00 1.0000e+05 1.5015e-12 1.0000e+00 1.0000e+05 1.5015e-07 2.5000e+00
2.9412e+00 1.0000e+05 2.0411e-12 1.0000e+00 1.0000e+05 2.0411e-07 2.5000e+00
3.3333e+00 1.0000e+05 2.7756e-12 1.0000e+00 1.0000e+05 2.7756e-07 2.5000e+00
3.7255e+00 1.0000e+05 3.7701e-12 1.0000e+00 1.0000e+05 3.7701e-07 2.5000e+00
4.1176e+00 1.0000e+05 5.1110e-12 1.0000e+00 1.0000e+05 5.1110e-07 2.5000e+00
4.5098e+00 1.0000e+05 6.9129e-12 1.0000e+00 1.0000e+05 6.9129e-07 2.5000e+00
4.9020e+00 1.0000e+05 9.3267e-12 1.0000e+00 1.0000e+05 9.3267e-07 2.5000e+00
5.2941e+00 1.0000e+05 1.2551e-11 1.0000e+00 1.0000e+05 1.2551e-06 2.5000e+00
5.6863e+00 1.0000e+05 1.6846e-11 1.0000e+00 1.0000e+05 1.6846e-06 2.5000e+00
6.0784e+00 1.0000e+05 2.2552e-11 1.0000e+00 1.0000e+05 2.2552e-06 2.5000e+00
6.4706e+00 1.0000e+05 3.0110e-11 1.0000e+00 1.0000e+05 3.0110e-06 2.5000e+00
6.8627e+00 1.0000e+05 4.0096e-11 1.0000e+00 1.0000e+05 4.0096e-06 2.5000e+00
7.2549e+00 1.0000e+05 5.3253e-11 1.0000e+00 1.0000e+05 5.3253e-06 2.5000e+00
7.6471e+00 1.0000e+05 7.0539e-11 1.0000e+00 1.0000e+05 7.0539e-06 2.5000e+00
8.0392e+00 1.0000e+05 9.3190e-11 1.0000e+00 1.0000e+05 9.3190e-06 2.5000e+00
8.4314e+00 1.0000e+05 1.2279e-10 1.0000e+00 1.0000e+05 1.2279e-05 2.5000e+00
8.8235e+00 1.0000e+05 1.6136e-10 1.0000e+00 1.0000e+05 1.6136e-05 2.5000e+00
9.2157e+00 1.0000e+05 2.1149e-10 1.0000e+00 1.0000e+05 2.1149e-05 2.5000e+00
9.6078e+00 1.0000e+05 2.7646e-10 1.0000e+00 1.0000e+05 2.7646e-05 2.5000e+00
1.0000e+01 1.0000e+05 3.6044e-10 1.0000e+00 1.0000e+05 3.6044e-05 2.5000e+00
1.0392e+01 1.0000e+05 4.6868e-10 1.0000e+00 1.0000e+05 4.6868e-05 2.5000e+00
1.0784e+01 1.0000e+05 6.0782e-10 1.0000e+00 1.0000e+05 6.0782e-05 2.5000e+00
1.1176e+01 1.0000e+05 7.8619e-10 1.0000e+00 1.0000e+05 7.8619e-05 2.5000e+00
1.1569e+01 1.0000e+05 1.0142e-09 1.0000e+00 1.0000e+05 1.0142e-04 2.5000e+00
1.1961e+01 1.0000e+05 1.3049e-09 1.0000e+00 1.0000e+05 1.3049e-04 2.5000e+00
1.2353e+01 1.0000e+05 1.6745e-09 1.0000e+00 1.0000e+05 1.6745e-04 2.5000e+00
1.2745e+01 1.0000e+05 2.1432e-09 1.0000e+00 1.0000e+05 2.1432e-04 2.5000e+00
1.3137e+01 1.0000e+05 2.7357e-09 1.0000e+00 1.0000e+05 2.7357e-04 2.5000e+00
1.3529e+01 1.0000e+05 3.4829e-09 9.9999e-01 1.0000e+05 3.4829e-04 2.5000e+00
1.3922e+01 1.0000e+05 4.4225e-09 9.9999e-01 1.0000e+05 4.4225e-04 2.5000e+00
1.4314e+01 1.0000e+05 5.6008e-09 9.9999e-01 1.0000e+05 5.6008e-04 2.5000e+00
1.4706e+01 1.0000e+05 7.0744e-09 9.9999e-01 1.0000e+05 7.0744e-04 2.5000e+00
1.5098e+01 1.0000e+05 8.9122e-09 9.9999e-01 1.0000e+05 8.9122e-04 2.5000e+00
1.5490e+01 1.0000e+05 1.1198e-08 9.9998e-01 1.0000e+05 1.1198e-03 2.5000e+00
1.5882e+01 1.0000e+05 1.4033e-08 9.9998e-01 1.0000e+05 1.4033e-03 2.4999e+00
1.6275e+01 1.0000e+05 1.7540e-08 9.9997e-01 1.0000e+05 1.7540e-03 2.4999e+00
1.6667e+01 1.0000e+05 2.1866e-08 9.9997e-01 1.0000e+05 2.1866e-03 2.4999e+00
1.7059e+01 1.0000e+05 2.7187e-08 9.9996e-01 1.0000e+05 2.7187e-03 2.4999e+00
1.7451e+01 1.0000e+05 3.3715e-08 9.9995e-01 1.0000e+05 3.3715e-03 2.4999e+00
1.7843e+01 1.0000e+05 4.1701e-08 9.9994e-01 1.0000e+05 4.1701e-03 2.4998e+00
1.8235e+01 1.0000e+05 5.1445e-08 9.9992e-01 1.0000e+05 5.1445e-03 2.4998e+00
1.8627e+01 1.0000e+05 6.3300e-08 9.9991e-01 1.0000e+05 6.3299e-03 2.4998e+00
1.9020e+01 9.9999e+04 7.7684e-08 9.9989e-01 9.9999e+04 7.7683e-03 2.4997e+00
1.9412e+01 9.9999e+04 9.5088e-08 9.9986e-01 9.9999e+04 9.5087e-03 2.4997e+00
1.9804e+01 9.9999e+04 1.1609e-07 9.9984e-01 9.9999e+04 1.1609e-02 2.4996e+00
2.0196e+01 9.9999e+04 1.4136e-07 9.9980e-01 9.9999e+04 1.4136e-02 2.4995e+00
2.0588e+01 9.9999e+04 1.7169e-07 9.9976e-01 9.9999e+04 1.7169e-02 2.4994e+00
2.0980e+01 9.9998e+04 2.0799e-07 9.9971e-01 9.9998e+04 2.0799e-02 2.4993e+00
2.1373e+01 9.9998e+04 2.5131e-07 9.9966e-01 9.9998e+04 2.5131e-02 2.4991e+00
2.1765e+01 9.9998e+04 3.0288e-07 9.9959e-01 9.9998e+04 3.0287e-02 2.4990e+00
2.2157e+01 9.9997e+04 3.6408e-07 9.9952e-01 9.9997e+04 3.6407e-02 2.4988e+00
2.2549e+01 9.9997e+04 4.3653e-07 9.9942e-01 9.9997e+04 4.3652e-02 2.4986e+00
2.2941e+01 9.9996e+04 5.2206e-07 9.9932e-01 9.9996e+04 5.2204e-02 2.4983e+00
2.3333e+01 9.9995e+04 6.2275e-07 9.9920e-01 9.9995e+04 6.2272e-02 2.4980e+00
2.3725e+01 9.9994e+04 7.4096e-07 9.9905e-01 9.9994e+04 7.4092e-02 2.4976e+00
2.4118e+01 9.9993e+04 8.7938e-07 9.9889e-01 9.9993e+04 8.7932e-02 2.4972e+00
2.4510e+01 9.9992e+04 1.0410e-06 9.9870e-01 9.9992e+04 1.0409e-01 2.4967e+00
2.4902e+01 9.9990e+04 1.2292e-06 9.9848e-01 9.9990e+04 1.2291e-01 2.4962e+00
2.5294e+01 9.9988e+04 1.4478e-06 9.9823e-01 9.9988e+04 1.4476e-01 2.4956e+00
2.5686e+01 9.9986e+04 1.7009e-06 9.9794e-01 9.9986e+04 1.7007e-01 2.4949e+00
2.6078e+01 9.9984e+04 1.9933e-06 9.9762e-01 9.9984e+04 1.9930e-01 2.4940e+00
2.6471e+01 9.9981e+04 2.3301e-06 9.9725e-01 9.9981e+04 2.3296e-01 2.4931e+00
2.6863e+01 9.9977e+04 2.7170e-06 9.9682e-01 9.9977e+04 2.7164e-01 2.4921e+00
2.7255e+01 9.9973e+04 3.1603e-06 9.9635e-01 9.9973e+04 3.1594e-01 2.4909e+00
2.7647e+01 9.9969e+04 3.6668e-06 9.9581e-01 9.9969e+04 3.6656e-01 2.4895e+00
2.8039e+01 9.9963e+04 4.2439e-06 9.9521e-01 9.9963e+04 4.2424e-01 2.4880e+00
2.8431e+01 9.9957e+04 4.8999e-06 9.9453e-01 9.9957e+04 4.8978e-01 2.4863e+00
2.8824e+01 9.9950e+04 5.6434e-06 9.9378e-01 9.9950e+04 5.6406e-01 2.4844e+00
2.9216e+01 9.9942e+04 6.4839e-06 9.9293e-01 9.9942e+04 6.4801e-01 2.4823e+00
2.9608e+01 9.9933e+04 7.4315e-06 9.9200e-01 9.9933e+04 7.4265e-01 2.4800e+00
3.0000e+01 9.9922e+04 8.4970e-06 9.9096e-01 9.9922e+04 8.4904e-01 2.4774e+00
3.0392e+01 9.9911e+04 9.6920e-06 9.8981e-01 9.9911e+04 9.6833e-01 2.4745e+00
3.0784e+01 9.9897e+04 1.1029e-05 9.8855e-01 9.9897e+04 1.1017e+00 2.4714e+00
3.1176e+01 9.9882e+04 1.2520e-05 9.8716e-01 9.9882e+04 1.2505e+00 2.4679e+00
3.1569e+01 9.9865e+04 1.4179e-05 9.8564e-01 9.9865e+04 1.4160e+00 2.4641e+00
3.1961e+01 9.9846e+04 1.6020e-05 9.8398e-01 9.9846e+04 1.5996e+00 2.4600e+00
3.2353e+01 9.9824e+04 1.8059e-05 9.8217e-01 9.9824e+04 1.8027e+00 2.4554e+00
3.2745e+01 9.9800e+04 2.0309e-05 9.8020e-01 9.9800e+04 2.0268e+00 2.4505e+00
3.3137e+01 9.9773e+04 2.2788e-05 9.7807e-01 9.9773e+04 2.2736e+00 2.4452e+00
3.3529e+01 9.9743e+04 2.5510e-05 9.7577e-01 9.9743e+04 2.5444e+00 2.4395e+00
3.3922e+01 9.9710e+04 2.8493e-05 9.7329e-01 9.9710e+04 2.8410e+00 2.4333e+00
3.4314e+01 9.9673e+04 3.1753e-05 9.7062e-01 9.9673e+04 3.1649e+00 2.4266e+00
3.4706e+01 9.9632e+04 3.5308e-05 9.6776e-01 9.9632e+04 3.5178e+00 2.4195e+00
3.5098e+01 9.9587e+04 3.9173e-05 9.6471e-01 9.9587e+04 3.9011e+00 2.4118e+00
3.5490e+01 9.9538e+04 4.3367e-05 9.6145e-01 9.9538e+04 4.3166e+00 2.4037e+00
3.5882e+01 9.9483e+04 4.7905e-05 9.5799e-01 9.9483e+04 4.7657e+00 2.3951e+00
3.6275e+01 9.9424e+04 5.2804e-05 9.5433e-01 9.9424e+04 5.2499e+00 2.3860e+00
3.6667e+01 9.9359e+04 5.8080e-05 9.5045e-01 9.9359e+04 5.7707e+00 2.3763e+00
3.7059e+01 9.9288e+04 6.3748e-05 9.4636e-01 9.9288e+04 6.3294e+00 2.3661e+00
3.7451e+01 9.9211e+04 6.9824e-05 9.4207e-01 9.9211e+04 6.9273e+00 2.3554e+00
3.7843e+01 9.9128e+04 7.6321e-05 9.3756e-01 9.9128e+04 7.5655e+00 2.3442e+00
3.8235e+01 9.9037e+04 8.3252e-05 9.3284e-01 9.9037e+04 8.2451e+00 2.3325e+00
3.8627e+01 9.8940e+04 9.0629e-05 9.2793e-01 9.8940e+04 8.9668e+00 2.3202e+00
3.9020e+01 9.8834e+04 9.8463e-05 9.2281e-01 9.8834e+04 9.7316e+00 2.3075e+00
3.9412e+01 9.8721e+04 1.0676e-04 9.1750e-01 9.8721e+04 1.0540e+01 2.2943e+00
3.9804e+01 9.8600e+04 1.1554e-04 9.1200e-01 9.8600e+04 1.1392e+01 2.2807e+00
4.0196e+01 9.8470e+04 1.2479e-04 9.0632e-01 9.8470e+04 1.2288e+01 2.2666e+00
4.0588e+01 9.8332e+04 1.3454e-04 9.0047e-01 9.8332e+04 1.3229e+01 2.2521e+00
4.0980e+01 9.8184e+04 1.4476e-04 8.9446e-01 9.8184e+04 1.4213e+01 2.2372e+00
4.1373e+01 9.8027e+04 1.5550e-04 8.8831e-01 9.8027e+04 1.5243e+01 2.2219e+00
4.1765e+01 9.7858e+04 1.6666e-04 8.8199e-01 9.7858e+04 1.6309e+01 2.2063e+00
4.2157e+01 9.7686e+04 1.7851e-04 8.7562e-01 9.7686e+04 1.7438e+01 2.1906e+00
4.2549e+01 9.7487e+04 1.9026e-04 8.6893e-01 9.7487e+04 1.8548e+01 2.1741e+00
4.2941e+01 9.7321e+04 2.0404e-04 8.6268e-01 9.7321e+04 1.9857e+01 2.1587e+00
4.3333e+01 9.7037e+04 2.1442e-04 8.5502e-01 9.7037e+04 2.0807e+01 2.1398e+00
4.3725e+01 9.6991e+04 2.3419e-04 8.5034e-01 9.6991e+04 2.2714e+01 2.1285e+00
4.4118e+01 9.6408e+04 2.3539e-04 8.3915e-01 9.6408e+04 2.2693e+01 2.1005e+00
4.4510e+01 9.6835e+04 2.7386e-04 8.4036e-01 9.6835e+04 2.6520e+01 2.1045e+00
4.4902e+01 9.5462e+04 2.4809e-04 8.1984e-01 9.5462e+04 2.3683e+01 2.0525e+00
4.5294e+01 9.6869e+04 3.2314e-04 8.3286e-01 9.6869e+04 3.1302e+01 2.0872e+00
4.5686e+01 9.4480e+04 2.6257e-04 8.0071e-01 9.4480e+04 2.4808e+01 2.0050e+00
4.6078e+01 9.6411e+04 3.5785e-04 8.1987e-01 9.6411e+04 3.4501e+01 2.0559e+00
4.6471e+01 9.4357e+04 3.1211e-04 7.9264e-01 9.4357e+04 2.9450e+01 1.9862e+00
4.6863e+01 9.4941e+04 3.5959e-04 7.9577e-01 9.4941e+04 3.4140e+01 1.9956e+00
4.7255e+01 9.4509e+04 3.7401e-04 7.8819e-01 9.4509e+04 3.5347e+01 1.9771e+00
4.7647e+01 9.4183e+04 3.8941e-04 7.8090e-01 9.4183e+04 3.6675e+01 1.9594e+00
4.8039e+01 9.3404e+04 3.9103e-04 7.6920e-01 9.3404e+04 3.6524e+01 1.9301e+00
4.8431e+01 9.3473e+04 4.3883e-04 7.7224e-01 9.3473e+04 4.1018e+01 1.9396e+00
4.8824e+01 9.5905e+04 4.3445e-04 7.5865e-01 9.5905e+04 4.1666e+01 1.9057e+00
4.9216e+01 7.8748e+04 4.5899e-04 7.5491e-01 7.8748e+04 3.6144e+01 1.8956e+00
4.9608e+01 1.2891e+05 4.7714e-04 7.4709e-01 1.2891e+05 6.1509e+01 1.8824e+00
5.0000e+01 6.8431e+04 4.8781e-04 7.4122e-01 6.8431e+04 3.3381e+01 1.8612e+00
5.0392e+01 2.5809e+04 5.0717e-04 7.3914e-01 2.5809e+04 1.3089e+01 1.8512e+00
5.0784e+01 1.1636e+04 5.4051e-04 7.3890e-01 1.1636e+04 6.2896e+00 1.8489e+00
5.1176e+01 8.5988e+03 6.2609e-04 7.3993e-01 8.5988e+03 5.3836e+00 1.8515e+00
5.1569e+01 8.3332e+03 6.7580e-04 7.3522e-01 8.3332e+03 5.6315e+00 1.8400e+00
5.1961e+01 8.9212e+03 7.5893e-04 7.3422e-01 8.9212e+03 6.7706e+00 1.8381e+00
5.2353e+01 9.5471e+03 8.8677e-04 7.3939e-01 9.5471e+03 8.4661e+00 1.8522e+00
5.2745e+01 1.0115e+04 9.5156e-04 7.3982e-01 1.0115e+04 9.6251e+00 1.8541e+00
5.3137e+01 1.0454e+04 9.4389e-04 7.3401e-01 1.0454e+04 9.8679e+00 1.8397e+00
5.3529e+01 1.0767e+04 9.6518e-04 7.3193e-01 1.0767e+04 1.0392e+01 1.8349e+00
5.3922e+01 1.1049e+04 1.0374e-03 7.3588e-01 1.1049e+04 1.1461e+01 1.8457e+00
5.4314e+01 1.1285e+04 1.0942e-03 7.3874e-01 1.1285e+04 1.2348e+01 1.8536e+00
5.4706e+01 1.1414e+04 1.0987e-03 7.3631e-01 1.1414e+04 1.2541e+01 1.8477e+00
5.5098e+01 1.1504e+04 1.0846e-03 7.3188e-01 1.1504e+04 1.2478e+01 1.8365e+00
5.5490e+01 1.1607e+04 1.0986e-03 7.3075e-01 1.1607e+04 1.2751e+01 1.8339e+00
5.5882e+01 1.1742e+04 1.1474e-03 7.3367e-01 1.1742e+04 1.3473e+01 1.8419e+00
5.6275e+01 1.1866e+04 1.1967e-03 7.3690e-01 1.1866e+04 1.4199e+01 1.8507e+00
5.6667e+01 1.1946e+04 1.2177e-03 7.3721e-01 1.1946e+04 1.4547e+01 1.8519e+00
5.7059e+01 1.1985e+04 1.2117e-03 7.3468e-01 1.1985e+04 1.4522e+01 1.8455e+00
5.7451e+01 1.2015e+04 1.2030e-03 7.3157e-01 1.2015e+04 1.4454e+01 1.8376e+00
5.7843e+01 1.2071e+04 1.2174e-03 7.3122e-01 1.2071e+04 1.4695e+01 1.8370e+00
5.8235e+01 1.2159e+04 1.2599e-03 7.3415e-01 1.2159e+04 1.5319e+01 1.8450e+00
5.8627e+01 1.2256e+04 1.3115e-03 7.3826e-01 1.2256e+04 1.6074e+01 1.8562e+00
5.9020e+01 1.2331e+04 1.3495e-03 7.4095e-01 1.2331e+04 1.6640e+01 1.8636e+00
5.9412e+01 1.2371e+04 1.3631e-03 7.4100e-01 1.2371e+04 1.6863e+01 1.8640e+00
5.9804e+01 1.2383e+04 1.3576e-03 7.3895e-01 1.2383e+04 1.6811e+01 1.8588e+00
6.0196e+01 1.2390e+04 1.3489e-03 7.3622e-01 1.2390e+04 1.6714e+01 1.8518e+00
6.0588e+01 1.2421e+04 1.3577e-03 7.3560e-01 1.2421e+04 1.6864e+01 1.8504e+00
6.0980e+01 1.2489e+04 1.3959e-03 7.3843e-01 1.2489e+04 1.7433e+01 1.8582e+00
6.1373e+01 1.2590e+04 1.4591e-03 7.4424e-01 1.2590e+04 1.8369e+01 1.8740e+00
6.1765e+01 1.2706e+04 1.5341e-03 7.5154e-01 1.2706e+04 1.9493e+01 1.8938e+00
6.2157e+01 1.2819e+04 1.6069e-03 7.5872e-01 1.2819e+04 2.0599e+01 1.9134e+00
6.2549e+01 1.2915e+04 1.6672e-03 7.6456e-01 1.2915e+04 2.1531e+01 1.9294e+00
6.2941e+01 1.2986e+04 1.7106e-03 7.6849e-01 1.2986e+04 2.2214e+01 1.9402e+00
6.3333e+01 1.3034e+04 1.7377e-03 7.7054e-01 1.3034e+04 2.2649e+01 1.9460e+00
6.3725e+01 1.3063e+04 1.7520e-03 7.7109e-01 1.3063e+04 2.2886e+01 1.9478e+00
6.4118e+01 1.3080e+04 1.7578e-03 7.7066e-01 1.3080e+04 2.2992e+01 1.9469e+00
6.4510e+01 1.3089e+04 1.7590e-03 7.6970e-01 1.3089e+04 2.3024e+01 1.9445e+00
6.4902e+01 1.3095e+04 1.7582e-03 7.6851e-01 1.3095e+04 2.3024e+01 1.9415e+00
6.5294e+01 1.3100e+04 1.7565e-03 7.6722e-01 1.3100e+04 2.3010e+01 1.9383e+00
6.5686e+01 1.3104e+04 1.7544e-03 7.6587e-01 1.3104e+04 2.2990e+01 1.9349e+00
6.6078e+01 1.3108e+04 1.7520e-03 7.6448e-01 1.3108e+04 2.2965e+01 1.9313e+00
6.6471e+01 1.3111e+04 1.7493e-03 7.6305e-01 1.3111e+04 2.2936e+01 1.9277e+00
6.6863e+01 1.3114e+04 1.7464e-03 7.6156e-01 1.3114e+04 2.2903e+01 1.9239e+00
6.7255e+01 1.3117e+04 1.7433e-03 7.6004e-01 1.3117e+04 2.2867e+01 1.9200e+00
6.7647e+01 1.3120e+04 1.7399e-03 7.5848e-01 1.3120e+04 2.2827e+01 1.9160e+00
6.8039e+01 1.3122e+04 1.7363e-03 7.5687e-01 1.3122e+04 2.2784e+01 1.9119e+00
6.8431e+01 1.3124e+04 1.7325e-03 7.5521e-01 1.3124e+04 2.2738e+01 1.9077e+00
6.8824e+01 1.3126e+04 1.7285e-03 7.5352e-01 1.3126e+04 2.2688e+01 1.9034e+00
6.9216e+01 1.3127e+04 1.7243e-03 7.5178e-01 1.3127e+04 2.2635e+01 1.8990e+00
6.9608e+01 1.3129e+04 1.7199e-03 7.4999e-01 1.3129e+04 2.2580e+01 1.8944e+00
7.0000e+01 1.3130e+04 1.7153e-03 7.4816e-01 1.3130e+04 2.2521e+01 1.8897e+00
7.0392e+01 1.3130e+04 1.7104e-03 7.4629e-01 1.3130e+04 2.2459e+01 1.8849e+00
7.0784e+01 1.3131e+04 1.7054e-03 7.4436e-01 1.3131e+04 2.2394e+01 1.8800e+00
7.1176e+01 1.3132e+04 1.7002e-03 7.4239e-01 1.3132e+04 2.2326e+01 1.8750e+00
7.1569e+01 1.3132e+04 1.6948e-03 7.4037e-01 1.3132e+04 2.2255e+01 1.8698e+00
7.1961e+01 1.3132e+04 1.6891e-03 7.3831e-01 1.3132e+04 2.2181e+01 1.8645e+00
7.2353e+01 1.3132e+04 1.6833e-03 7.3619e-01 1.3132e+04 2.2105e+01 1.8591e+00
7.2745e+01 1.3131e+04 1.6773e-03 7.3402e-01 1.3131e+04 2.2025e+01 1.8535e+00
7.3137e+01 1.3131e+04 1.6710e-03 7.3180e-01 1.3131e+04 2.1942e+01 1.8478e+00
7.3529e+01 1.3130e+04 1.6646e-03 7.2952e-01 1.3130e+04 2.1857e+01 1.8420e+00
7.3922e+01 1.3129e+04 1.6580e-03 7.2719e-01 1.3129e+04 2.1768e+01 1.8360e+00
7.4314e+01 1.3128e+04 1.6512e-03 7.2480e-01 1.3128e+04 2.1677e+01 1.8299e+00
7.4706e+01 1.3127e+04 1.6441e-03 7.2236e-01 1.3127e+04 2.1583e+01 1.8236e+00
7.5098e+01 1.3126e+04 1.6369e-03 7.1986e-01 1.3126e+04 2.1485e+01 1.8172e+00
7.5490e+01 1.3124e+04 1.6294e-03 7.1730e-01 1.3124e+04 2.1385e+01 1.8107e+00
7.5882e+01 1.3123e+04 1.6218e-03 7.1468e-01 1.3123e+04 2.1282e+01 1.8040e+00
7.6275e+01 1.3121e+04 1.6139e-03 7.1200e-01 1.3121e+04 2.1176e+01 1.7971e+00
7.6667e+01 1.3119e+04 1.6058e-03 7.0925e-01 1.3119e+04 2.1066e+01 1.7900e+00
7.7059e+01 1.3117e+04 1.5975e-03 7.0644e-01 1.3117e+04 2.0954e+01 1.7828e+00
7.7451e+01 1.3114e+04 1.5890e-03 7.0356e-01 1.3114e+04 2.0839e+01 1.7755e+00
7.7843e+01 1.3112e+04 1.5803e-03 7.0062e-01 1.3112e+04 2.0720e+01 1.7679e+00
7.8235e+01 1.3109e+04 1.5713e-03 6.9760e-01 1.3109e+04 2.0599e+01 1.7602e+00
7.8627e+01 1.3107e+04 1.5622e-03 6.9452e-01 1.3107e+04 2.0475e+01 1.7523e+00
7.9020e+01 1.3104e+04 1.5528e-03 6.9136e-01 1.3104e+04 2.0347e+01 1.7442e+00
7.9412e+01 1.3101e+04 1.5432e-03 6.8813e-01 1.3101e+04 2.0217e+01 1.7359e+00
7.9804e+01 1.3097e+04 1.5333e-03 6.8482e-01 1.3097e+04 2.0083e+01 1.7275e+00
8.0196e+01 1.3094e+04 1.5233e-03 6.8144e-01 1.3094e+04 1.9946e+01 1.7188e+00
8.0588e+01 1.3091e+04 1.5130e-03 6.7798e-01 1.3091e+04 1.9806e+01 1.7099e+00
8.0980e+01 1.3087e+04 1.5025e-03 6.7443e-01 1.3087e+04 1.9663e+01 1.7009e+00
8.1373e+01 1.3083e+04 1.4917e-03 6.7080e-01 1.3083e+04 1.9517e+01 1.6916e+00
8.1765e+01 1.3079e+04 1.4808e-03 6.6709e-01 1.3079e+04 1.9367e+01 1.6821e+00
8.2157e+01 1.3075e+04 1.4696e-03 6.6328e-01 1.3075e+04 1.9215e+01 1.6723e+00
8.2549e+01 1.3071e+04 1.4581e-03 6.5938e-01 1.3071e+04 1.9059e+01 1.6623e+00
8.2941e+01 1.3067e+04 1.4465e-03 6.5538e-01 1.3067e+04 1.8901e+01 1.6521e+00
8.3333e+01 1.3062e+04 1.4346e-03 6.5127e-01 1.3062e+04 1.8739e+01 1.6416e+00
8.3725e+01 1.3057e+04 1.4226e-03 6.4704e-01 1.3057e+04 1.8575e+01 1.6308e+00
8.4118e+01 1.3053e+04 1.4103e-03 6.4268e-01 1.3053e+04 1.8408e+01 1.6197e+00
8.4510e+01 1.3048e+04 1.3979e-03 6.3818e-01 1.3048e+04 1.8240e+01 1.6082e+00
8.4902e+01 1.3043e+04 1.3854e-03 6.3353e-01 1.3043e+04 1.8069e+01 1.5963e+00
8.5294e+01 1.3037e+04 1.3727e-03 6.2870e-01 1.3037e+04 1.7896e+01 1.5840e+00
8.5686e+01 1.3032e+04 1.3599e-03 6.2367e-01 1.3032e+04 1.7722e+01 1.5712e+00
8.6078e+01 1.3026e+04 1.3472e-03 6.1842e-01 1.3026e+04 1.7548e+01 1.5579e+00
8.6471e+01 1.3020e+04 1.3344e-03 6.1291e-01 1.3020e+04 1.7374e+01 1.5439e+00
8.6863e+01 1.3014e+04 1.3217e-03 6.0713e-01 1.3014e+04 1.7201e+01 1.5292e+00
8.7255e+01 1.3008e+04 1.3092e-03 6.0103e-01 1.3008e+04 1.7030e+01 1.5137e+00
8.7647e+01 1.3001e+04 1.2969e-03 5.9458e-01 1.3001e+04 1.6861e+01 1.4974e+00
8.8039e+01 1.2994e+04 1.2848e-03 5.8776e-01 1.2994e+04 1.6695e+01 1.4801e+00
8.8431e+01 1.2987e+04 1.2731e-03 5.8053e-01 1.2987e+04 1.6534e+01 1.4619e+00
8.8824e+01 1.2979e+04 1.2618e-03 5.7287e-01 1.2979e+04 1.6377e+01 1.4425e+00
8.9216e+01 1.2971e+04 1.2510e-03 5.6474e-01 1.2971e+04 1.6227e+01 1.4220e+00
8.9608e+01 1.2962e+04 1.2408e-03 5.5613e-01 1.2962e+04 1.6083e+01 1.4003e+00
9.0000e+01 1.2953e+04 1.2311e-03 5.4701e-01 1.2953e+04 1.5947e+01 1.3773e+00
9.0392e+01 1.2944e+04 1.2221e-03 5.3737e-01 1.2944e+04 1.5819e+01 1.3531e+00
9.0784e+01 1.2934e+04 1.2138e-03 5.2720e-01 1.2934e+04 1.5700e+01 1.3275e+00
9.1176e+01 1.2924e+04 1.2062e-03 5.1649e-01 1.2924e+04 1.5589e+01 1.3006e+00
9.1569e+01 1.2913e+04 1.1994e-03 5.0525e-01 1.2913e+04 1.5488e+01 1.2724e+00
9.1961e+01 1.2902e+04 1.1933e-03 4.9347e-01 1.2902e+04 1.5396e+01 1.2429e+00
9.2353e+01 1.2890e+04 1.1880e-03 4.8116e-01 1.2890e+04 1.5314e+01 1.2120e+00
9.2745e+01 1.2878e+04 1.1835e-03 4.6834e-01 1.2878e+04 1.5241e+01 1.1799e+00
9.3137e+01 1.2865e+04 1.1796e-03 4.5502e-01 1.2865e+04 1.5176e+01 1.1465e+00
9.3529e+01 1.2852e+04 1.1764e-03 4.4123e-01 1.2852e+04 1.5120e+01 1.1120e+00
9.3922e+01 1.2839e+04 1.1739e-03 4.2699e-01 1.2839e+04 1.5071e+01 1.0763e+00
9.4314e+01 1.2825e+04 1.1717e-03 4.1234e-01 1.2825e+04 1.5027e+01 1.0397e+00
9.4706e+01 1.2811e+04 1.1699e-03 3.9734e-01 1.2811e+04 1.4987e+01 1.0021e+00
9.5098e+01 1.2796e+04 1.1682e-03 3.8206e-01 1.2796e+04 1.4948e+01 9.6388e-01
9.5490e+01 1.2782e+04 1.1662e-03 3.6658e-01 1.2782e+04 1.4906e+01 9.2514e-01
9.5882e+01 1.2768e+04 1.1636e-03 3.5103e-01 1.2768e+04 1.4857e+01 8.8621e-01
9.6275e+01 1.2754e+04 1.1598e-03 3.3553e-01 1.2754e+04 1.4793e+01 8.4741e-01
9.6667e+01 1.2742e+04 1.1549e-03 3.2030e-01 1.2742e+04 1.4715e+01 8.0925e-01
9.7059e+01 1.2728e+04 1.1465e-03 3.0531e-01 1.2728e+04 1.4593e+01 7.7165e-01
9.7451e+01 1.2723e+04 1.1398e-03 2.9126e-01 1.2723e+04 1.4502e+01 7.3642e-01
9.7843e+01 1.2697e+04 1.1193e-03 2.7652e-01 1.2697e+04 1.4212e+01 6.9924e-01
9.8235e+01 1.2727e+04 1.1269e-03 2.6556e-01 1.2727e+04 1.4343e+01 6.7197e-01
9.8627e+01 1.2588e+04 1.0644e-03 2.4666e-01 1.2588e+04 1.3398e+01 6.2379e-01
9.9020e+01 1.2841e+04 1.1981e-03 2.4365e-01 1.2841e+04 1.5385e+01 6.1835e-01
9.9412e+01 1.1683e+04 9.5948e-04 1.9868e-01 1.1683e+04 1.1210e+01 5.0209e-01
9.9804e+01 1.4838e+04 1.6654e-03 2.1596e-01 1.4838e+04 2.4710e+01 5.6049e-01
