# # x Density Velocity Pressure q0 q1 q2
1.9608e-01 1.0000e+05 0.0000e+00 1.0000e+00 1.0000e+05 0.0000e+00 2.5000e+00
5.8824e-01 1.0000e+05 0.0000e+00 1.0000e+00 1.0000e+05 0.0000e+00 2.5000e+00
9.8039e-01 1.0000e+05 0.0000e+00 1.0000e+00 1.0000e+05 0.0000e+00 2.5000e+00
1.3725e+00 1.0000e+05 0.0000e+00 1.0000e+00 1.0000e+05 0.0000e+00 2.5000e+00
1.7647e+00 1.0000e+05 0.0000e+00 1.0000e+00 1.0000e+05 0.0000e+00 2.5000e+00
2.1569e+00 1.0000e+05 0.0000e+00 1.0000e+00 1.0000e+05 0.0000e+00 2.5000e+00
2.5490e+00 1.0000e+05 0.0000e+00 1.0000e+00 1.0000e+05 0.0000e+00 2.5000e+00
2.9412e+00 1.0000e+05 0.0000e+00 1.0000e+00 1.0000e+05 0.0000e+00 2.5000e+00
3.3333e+00 1.0000e+05 0.0000e+00 1.0000e+00 1.0000e+05 0.0000e+00 2.5000e+00
3.7255e+00 1.0000e+05 0.0000e+00 1.0000e+00 1.0000e+05 0.0000e+00 2.5000e+00
4.1176e+00 1.0000e+05 0.0000e+00 1.0000e+00 1.0000e+05 0.0000e+00 2.5000e+00
4.5098e+00 1.0000e+05 0.0000e+00 1.0000e+00 1.0000e+05 0.0000e+00 2.5000e+00
4.9020e+00 1.0000e+05 0.0000e+00 1.0000e+00 1.0000e+05 0.0000e+00 2.5000e+00
5.2941e+00 1.0000e+05 0.0000e+00 1.0000e+00 1.0000e+05 0.0000e+00 2.5000e+00
5.6863e+00 1.0000e+05 0.0000e+00 1.0000e+00 1.0000e+05 0.0000e+00 2.5000e+00
6.0784e+00 1.0000e+05 0.0000e+00 1.0000e+00 1.0000e+05 0.0000e+00 2.5000e+00
6.4706e+00 1.0000e+05 0.0000e+00 1.0000e+00 1.0000e+05 0.0000e+00 2.5000e+00
6.8627e+00 1.0000e+05 0.0000e+00 1.0000e+00 1.0000e+05 0.0000e+00 2.5000e+00
7.2549e+00 1.0000e+05 0.0000e+00 1.0000e+00 1.0000e+05 0.0000e+00 2.5000e+00
7.6471e+00 1.0000e+05 0.0000e+00 1.0000e+00 1.0000e+05 0.0000e+00 2.5000e+00
8.0392e+00 1.0000e+05 0.0000e+00 1.0000e+00 1.0000e+05 0.0000e+00 2.5000e+00
8.4314e+00 1.0000e+05 0.0000e+00 1.0000e+00 1.0000e+05 0.0000e+00 2.5000e+00
8.8235e+00 1.0000e+05 0.0000e+00 1.0000e+00 1.0000e+05 0.0000e+00 2.5000e+00
9.2157e+00 1.0000e+05 0.0000e+00 1.0000e+00 1.0000e+05 0.0000e+00 2.5000e+00
9.6078e+00 1.0000e+05 0.0000e+00 1.0000e+00 1.0000e+05 0.0000e+00 2.5000e+00
1.0000e+01 1.0000e+05 0.0000e+00 1.0000e+00 1.0000e+05 0.0000e+00 2.5000e+00
1.0392e+01 1.0000e+05 0.0000e+00 1.0000e+00 1.0000e+05 0.0000e+00 2.5000e+00
1.0784e+01 1.0000e+05 0.0000e+00 1.0000e+00 1.0000e+05 0.0000e+00 2.5000e+00
1.1176e+01 1.0000e+05 0.0000e+00 1.0000e+00 1.0000e+05 0.0000e+00 2.5000e+00
1.1569e+01 1.0000e+05 0.0000e+00 1.0000e+00 1.0000e+05 0.0000e+00 2.5000e+00
1.1961e+01 1.0000e+05 0.0000e+00 1.0000e+00 1.0000e+05 0.0000e+00 2.5000e+00
1.2353e+01 1.0000e+05 0.0000e+00 1.0000e+00 1.0000e+05 0.0000e+00 2.5000e+00
1.2745e+01 1.0000e+05 0.0000e+00 1.0000e+00 1.0000e+05 0.0000e+00 2.5000e+00
1.3137e+01 1.0000e+05 0.0000e+00 1.0000e+00 1.0000e+05 0.0000e+00 2.5000e+00
1.3529e+01 1.0000e+05 0.0000e+00 1.0000e+00 1.0000e+05 0.0000e+00 2.5000e+00
1.3922e+01 1.0000e+05 0.0000e+00 1.0000e+00 1.0000e+05 0.0000e+00 2.5000e+00
1.4314e+01 1.0000e+05 0.0000e+00 1.0000e+00 1.0000e+05 0.0000e+00 2.5000e+00
1.4706e+01 1.0000e+05 0.0000e+00 1.0000e+00 1.0000e+05 0.0000e+00 2.5000e+00
1.5098e+01 1.0000e+05 0.0000e+00 1.0000e+00 1.0000e+05 0.0000e+00 2.5000e+00
1.5490e+01 1.0000e+05 0.0000e+00 1.0000e+00 1.0000e+05 0.0000e+00 2.5000e+00
1.5882e+01 1.0000e+05 0.0000e+00 1.0000e+00 1.0000e+05 0.0000e+00 2.5000e+00
1.6275e+01 1.0000e+05 0.0000e+00 1.0000e+00 1.0000e+05 0.0000e+00 2.5000e+00
1.6667e+01 1.0000e+05 0.0000e+00 1.0000e+00 1.0000e+05 0.0000e+00 2.5000e+00
1.7059e+01 1.0000e+05 0.0000e+00 1.0000e+00 1.0000e+05 0.0000e+00 2.5000e+00
1.7451e+01 1.0000e+05 0.0000e+00 1.0000e+00 1.0000e+05 0.0000e+00 2.5000e+00
1.7843e+01 1.0000e+05 0.0000e+00 1.0000e+00 1.0000e+05 0.0000e+00 2.5000e+00
1.8235e+01 1.0000e+05 0.0000e+00 1.0000e+00 1.0000e+05 0.0000e+00 2.5000e+00
1.8627e+01 1.0000e+05 0.0000e+00 1.0000e+00 1.0000e+05 0.0000e+00 2.5000e+00
1.9020e+01 1.0000e+05 0.0000e+00 1.0000e+00 1.0000e+05 0.0000e+00 2.5000e+00
1.9412e+01 1.0000e+05 0.0000e+00 1.0000e+00 1.0000e+05 0.0000e+00 2.5000e+00
1.9804e+01 1.0000e+05 0.0000e+00 1.0000e+00 1.0000e+05 0.0000e+00 2.5000e+00
2.0196e+01 1.0000e+05 0.0000e+00 1.0000e+00 1.0000e+05 0.0000e+00 2.5000e+00
2.0588e+01 1.0000e+05 0.0000e+00 1.0000e+00 1.0000e+05 0.0000e+00 2.5000e+00
2.0980e+01 1.0000e+05 0.0000e+00 1.0000e+00 1.0000e+05 0.0000e+00 2.5000e+00
2.1373e+01 1.0000e+05 0.0000e+00 1.0000e+00 1.0000e+05 0.0000e+00 2.5000e+00
2.1765e+01 1.0000e+05 0.0000e+00 1.0000e+00 1.0000e+05 0.0000e+00 2.5000e+00
2.2157e+01 1.0000e+05 0.0000e+00 1.0000e+00 1.0000e+05 0.0000e+00 2.5000e+00
2.2549e+01 1.0000e+05 0.0000e+00 1.0000e+00 1.0000e+05 0.0000e+00 2.5000e+00
2.2941e+01 1.0000e+05 0.0000e+00 1.0000e+00 1.0000e+05 0.0000e+00 2.5000e+00
2.3333e+01 1.0000e+05 0.0000e+00 1.0000e+00 1.0000e+05 0.0000e+00 2.5000e+00
2.3725e+01 1.0000e+05 0.0000e+00 1.0000e+00 1.0000e+05 0.0000e+00 2.5000e+00
2.4118e+01 1.0000e+05 0.0000e+00 1.0000e+00 1.0000e+05 0.0000e+00 2.5000e+00
2.4510e+01 1.0000e+05 0.0000e+00 1.0000e+00 1.0000e+05 0.0000e+00 2.5000e+00
2.4902e+01 1.0000e+05 0.0000e+00 1.0000e+00 1.0000e+05 0.0000e+00 2.5000e+00
2.5294e+01 1.0000e+05 0.0000e+00 1.0000e+00 1.0000e+05 0.0000e+00 2.5000e+00
2.5686e+01 1.0000e+05 0.0000e+00 1.0000e+00 1.0000e+05 0.0000e+00 2.5000e+00
2.6078e+01 1.0000e+05 0.0000e+00 1.0000e+00 1.0000e+05 0.0000e+00 2.5000e+00
2.6471e+01 1.0000e+05 0.0000e+00 1.0000e+00 1.0000e+05 0.0000e+00 2.5000e+00
2.6863e+01 1.0000e+05 0.0000e+00 1.0000e+00 1.0000e+05 0.0000e+00 2.5000e+00
2.7255e+01 1.0000e+05 0.0000e+00 1.0000e+00 1.0000e+05 0.0000e+00 2.5000e+00
2.7647e+01 1.0000e+05 0.0000e+00 1.0000e+00 1.0000e+05 0.0000e+00 2.5000e+00
2.8039e+01 1.0000e+05 0.0000e+00 1.0000e+00 1.0000e+05 0.0000e+00 2.5000e+00
2.8431e+01 1.0000e+05 0.0000e+00 1.0000e+00 1.0000e+05 0.0000e+00 2.5000e+00
2.8824e+01 1.0000e+05 0.0000e+00 1.0000e+00 1.0000e+05 0.0000e+00 2.5000e+00
2.9216e+01 1.0000e+05 0.0000e+00 1.0000e+00 1.0000e+05 0.0000e+00 2.5000e+00
2.9608e+01 1.0000e+05 8.4932e-22 1.0000e+00 1.0000e+05 8.4932e-17 2.5000e+00
3.0000e+01 1.0000e+05 2.0412e-19 1.0000e+00 1.0000e+05 2.0412e-14 2.5000e+00
3.0392e+01 1.0000e+05 1.0985e-18 1.0000e+00 1.0000e+05 1.0985e-13 2.5000e+00
3.0784e+01 1.0000e+05 3.2554e-18 1.0000e+00 1.0000e+05 3.2554e-13 2.5000e+00
3.1176e+01 1.0000e+05 8.7288e-18 1.0000e+00 1.0000e+05 8.7288e-13 2.5000e+00
3.1569e+01 1.0000e+05 2.4660e-17 1.0000e+00 1.0000e+05 2.4660e-12 2.5000e+00
3.1961e+01 1.0000e+05 7.1759e-17 1.0000e+00 1.0000e+05 7.1759e-12 2.5000e+00
3.2353e+01 1.0000e+05 2.0952e-16 1.0000e+00 1.0000e+05 2.0952e-11 2.5000e+00
3.2745e+01 1.0000e+05 6.0662e-16 1.0000e+00 1.0000e+05 6.0662e-11 2.5000e+00
3.3137e+01 1.0000e+05 1.7306e-15 1.0000e+00 1.0000e+05 1.7306e-10 2.5000e+00
3.3529e+01 1.0000e+05 4.8542e-15 1.0000e+00 1.0000e+05 4.8542e-10 2.5000e+00
3.3922e+01 1.0000e+05 1.3376e-14 1.0000e+00 1.0000e+05 1.3376e-09 2.5000e+00
3.4314e+01 1.0000e+05 3.6195e-14 1.0000e+00 1.0000e+05 3.6195e-09 2.5000e+00
3.4706e+01 1.0000e+05 9.6146e-14 1.0000e+00 1.0000e+05 9.6146e-09 2.5000e+00
3.5098e+01 1.0000e+05 2.5066e-13 1.0000e+00 1.0000e+05 2.5066e-08 2.5000e+00
3.5490e+01 1.0000e+05 6.4122e-13 1.0000e+00 1.0000e+05 6.4122e-08 2.5000e+00
3.5882e+01 1.0000e+05 1.6091e-12 1.0000e+00 1.0000e+05 1.6091e-07 2.5000e+00
3.6275e+01 1.0000e+05 3.9604e-12 1.0000e+00 1.0000e+05 3.9604e-07 2.5000e+00
3.6667e+01 1.0000e+05 9.5576e-12 1.0000e+00 1.0000e+05 9.5576e-07 2.5000e+00
3.7059e+01 1.0000e+05 2.2611e-11 1.0000e+00 1.0000e+05 2.2611e-06 2.5000e+00
3.7451e+01 1.0000e+05 5.2428e-11 1.0000e+00 1.0000e+05 5.2428e-06 2.5000e+00
3.7843e+01 1.0000e+05 1.1912e-10 1.0000e+00 1.0000e+05 1.1912e-05 2.5000e+00
3.8235e+01 1.0000e+05 2.6512e-10 1.0000e+00 1.0000e+05 2.6512e-05 2.5000e+00
3.8627e+01 1.0000e+05 5.7795e-10 1.0000e+00 1.0000e+05 5.7795e-05 2.5000e+00
3.9020e+01 1.0000e+05 1.2337e-09 9.9999e-01 1.0000e+05 1.2337e-04 2.5000e+00
3.9412e+01 1.0000e+05 2.5781e-09 9.9999e-01 1.0000e+05 2.5781e-04 2.5000e+00
3.9804e+01 1.0000e+05 5.2731e-09 9.9998e-01 1.0000e+05 5.2731e-04 2.4999e+00
4.0196e+01 1.0000e+05 1.0554e-08 9.9996e-01 1.0000e+05 1.0554e-03 2.4999e+00
4.0588e+01 1.0000e+05 2.0668e-08 9.9992e-01 1.0000e+05 2.0668e-03 2.4998e+00
4.0980e+01 1.0000e+05 3.9591e-08 9.9985e-01 1.0000e+05 3.9591e-03 2.4996e+00
4.1373e+01 1.0000e+05 7.4170e-08 9.9973e-01 1.0000e+05 7.4170e-03 2.4993e+00
4.1765e+01 1.0000e+05 1.3587e-07 9.9951e-01 1.0000e+05 1.3587e-02 2.4988e+00
4.2157e+01 9.9999e+04 2.4335e-07 9.9916e-01 9.9999e+04 2.4335e-02 2.4979e+00
4.2549e+01 9.9999e+04 4.2605e-07 9.9858e-01 9.9999e+04 4.2604e-02 2.4965e+00
4.2941e+01 9.9998e+04 7.2908e-07 9.9767e-01 9.9998e+04 7.2906e-02 2.4942e+00
4.3333e+01 9.9996e+04 1.2193e-06 9.9626e-01 9.9996e+04 1.2193e-01 2.4906e+00
4.3725e+01 9.9993e+04 1.9929e-06 9.9414e-01 9.9993e+04 1.9927e-01 2.4853e+00
4.4118e+01 9.9989e+04 3.1828e-06 9.9105e-01 9.9989e+04 3.1824e-01 2.4776e+00
4.4510e+01 9.9982e+04 4.9672e-06 9.8666e-01 9.9982e+04 4.9662e-01 2.4667e+00
4.4902e+01 9.9971e+04 7.5750e-06 9.8063e-01 9.9971e+04 7.5728e-01 2.4516e+00
4.5294e+01 9.9955e+04 1.1289e-05 9.7258e-01 9.9955e+04 1.1284e+00 2.4315e+00
4.5686e+01 9.9932e+04 1.6441e-05 9.6218e-01 9.9932e+04 1.6430e+00 2.4055e+00
4.6078e+01 9.9898e+04 2.3405e-05 9.4914e-01 9.9898e+04 2.3381e+00 2.3729e+00
4.6471e+01 9.9852e+04 3.2571e-05 9.3336e-01 9.9852e+04 3.2522e+00 2.3334e+00
4.6863e+01 9.9788e+04 4.4319e-05 9.1491e-01 9.9788e+04 4.4225e+00 2.2874e+00
4.7255e+01 9.9703e+04 5.8977e-05 8.9412e-01 9.9703e+04 5.8802e+00 2.2355e+00
4.7647e+01 9.9594e+04 7.6803e-05 8.7160e-01 9.9594e+04 7.6490e+00 2.1793e+00
4.8039e+01 9.9448e+04 9.7700e-05 8.4813e-01 9.9448e+04 9.7161e+00 2.1208e+00
4.8431e+01 9.9314e+04 1.2336e-04 8.2536e-01 9.9314e+04 1.2252e+01 2.0641e+00
4.8824e+01 9.8815e+04 1.4086e-04 8.0030e-01 9.8815e+04 1.3920e+01 2.0017e+00
4.9216e+01 9.9829e+04 2.1715e-04 7.9764e-01 9.9829e+04 2.1677e+01 1.9965e+00
4.9608e+01 1.0117e+05 1.2986e-04 7.4602e-01 1.0117e+05 1.3138e+01 1.8659e+00
5.0000e+01 1.2624e+04 1.7218e-04 7.3125e-01 1.2624e+04 2.1735e+00 1.8283e+00
5.0392e+01 1.1824e+04 6.5919e-04 7.6066e-01 1.1824e+04 7.7939e+00 1.9042e+00
5.0784e+01 1.2454e+04 1.0775e-03 7.8886e-01 1.2454e+04 1.3419e+01 1.9794e+00
5.1176e+01 1.2738e+04 1.0839e-03 7.7497e-01 1.2738e+04 1.3808e+01 1.9449e+00
5.1569e+01 1.2709e+04 1.1100e-03 7.6782e-01 1.2709e+04 1.4106e+01 1.9274e+00
5.1961e+01 1.2757e+04 1.0455e-03 7.5051e-01 1.2757e+04 1.3337e+01 1.8833e+00
5.2353e+01 1.2715e+04 1.0530e-03 7.3920e-01 1.2715e+04 1.3390e+01 1.8551e+00
5.2745e+01 1.2742e+04 9.9756e-04 7.2121e-01 1.2742e+04 1.2711e+01 1.8094e+00
5.3137e+01 1.2714e+04 9.8615e-04 7.0546e-01 1.2714e+04 1.2538e+01 1.7698e+00
5.3529e+01 1.2723e+04 9.3611e-04 6.8551e-01 1.2723e+04 1.1910e+01 1.7194e+00
5.3922e+01 1.2705e+04 9.0958e-04 6.6547e-01 1.2705e+04 1.1556e+01 1.6689e+00
5.4314e+01 1.2703e+04 8.6079e-04 6.4253e-01 1.2703e+04 1.0935e+01 1.6110e+00
5.4706e+01 1.2688e+04 8.2243e-04 6.1811e-01 1.2688e+04 1.0435e+01 1.5496e+00
5.5098e+01 1.2680e+04 7.7136e-04 5.9119e-01 1.2680e+04 9.7811e+00 1.4817e+00
5.5490e+01 1.2667e+04 7.2314e-04 5.6194e-01 1.2667e+04 9.1597e+00 1.4082e+00
5.5882e+01 1.2655e+04 6.6709e-04 5.3002e-01 1.2655e+04 8.4417e+00 1.3279e+00
5.6275e+01 1.2640e+04 6.0973e-04 4.9510e-01 1.2640e+04 7.7070e+00 1.2401e+00
5.6667e+01 1.2625e+04 5.4649e-04 4.5694e-01 1.2625e+04 6.8997e+00 1.1442e+00
5.7059e+01 1.2609e+04 4.7956e-04 4.1501e-01 1.2609e+04 6.0470e+00 1.0390e+00
5.7451e+01 1.2592e+04 4.0707e-04 3.6893e-01 1.2592e+04 5.1260e+00 9.2336e-01
5.7843e+01 1.2574e+04 3.2983e-04 3.1835e-01 1.2574e+04 4.1474e+00 7.9656e-01
5.8235e+01 1.2556e+04 2.4903e-04 2.6423e-01 1.2556e+04 3.1269e+00 6.6097e-01
5.8627e+01 1.2538e+04 1.6997e-04 2.1029e-01 1.2538e+04 2.1311e+00 5.2591e-01
5.9020e+01 1.2523e+04 1.0141e-04 1.6368e-01 1.2523e+04 1.2699e+00 4.0926e-01
5.9412e+01 1.2512e+04 5.1669e-05 1.3097e-01 1.2512e+04 6.4649e-01 3.2743e-01
5.9804e+01 1.2505e+04 2.2479e-05 1.1285e-01 1.2505e+04 2.8111e-01 2.8212e-01
6.0196e+01 1.2502e+04 8.5844e-06 1.0474e-01 1.2502e+04 1.0732e-01 2.6186e-01
6.0588e+01 1.2501e+04 3.0055e-06 1.0163e-01 1.2501e+04 3.7571e-02 2.5408e-01
6.0980e+01 1.2500e+04 1.0028e-06 1.0054e-01 1.2500e+04 1.2535e-02 2.5136e-01
6.1373e+01 1.2500e+04 3.2634e-07 1.0018e-01 1.2500e+04 4.0792e-03 2.5044e-01
6.1765e+01 1.2500e+04 1.0468e-07 1.0006e-01 1.2500e+04 1.3085e-03 2.5014e-01
6.2157e+01 1.2500e+04 3.3224e-08 1.0002e-01 1.2500e+04 4.1530e-04 2.5005e-01
6.2549e+01 1.2500e+04 1.0447e-08 1.0001e-01 1.2500e+04 1.3059e-04 2.5001e-01
6.2941e+01 1.2500e+04 3.2554e-09 1.0000e-01 1.2500e+04 4.0693e-05 2.5000e-01
6.3333e+01 1.2500e+04 1.0053e-09 1.0000e-01 1.2500e+04 1.2566e-05 2.5000e-01
6.3725e+01 1.2500e+04 3.0761e-10 1.0000e-01 1.2500e+04 3.8451e-06 2.5000e-01
6.4118e+01 1.2500e+04 9.3253e-11 1.0000e-01 1.2500e+04 1.1657e-06 2.5000e-01
6.4510e+01 1.2500e+04 2.8004e-11 1.0000e-01 1.2500e+04 3.5004e-07 2.5000e-01
6.4902e+01 1.2500e+04 8.3288e-12 1.0000e-01 1.2500e+04 1.0411e-07 2.5000e-01
6.5294e+01 1.2500e+04 2.4530e-12 1.0000e-01 1.2500e+04 3.0663e-08 2.5000e-01
6.5686e+01 1.2500e+04 7.1534e-13 1.0000e-01 1.2500e+04 8.9417e-09 2.5000e-01
6.6078e+01 1.2500e+04 2.0650e-13 1.0000e-01 1.2500e+04 2.5813e-09 2.5000e-01
6.6471e+01 1.2500e+04 5.9006e-14 1.0000e-01 1.2500e+04 7.3758e-10 2.5000e-01
6.6863e+01 1.2500e+04 1.6686e-14 1.0000e-01 1.2500e+04 2.0857e-10 2.5000e-01
6.7255e+01 1.2500e+04 4.6683e-15 1.0000e-01 1.2500e+04 5.8354e-11 2.5000e-01
6.7647e+01 1.2500e+04 1.2916e-15 1.0000e-01 1.2500e+04 1.6144e-11 2.5000e-01
6.8039e+01 1.2500e+04 3.5289e-16 1.0000e-01 1.2500e+04 4.4112e-12 2.5000e-01
6.8431e+01 1.2500e+04 9.4713e-17 1.0000e-01 1.2500e+04 1.1839e-12 2.5000e-01
6.8824e+01 1.2500e+04 2.4536e-17 1.0000e-01 1.2500e+04 3.0670e-13 2.5000e-01
6.9216e+01 1.2500e+04 5.8561e-18 1.0000e-01 1.2500e+04 7.3201e-14 2.5000e-01
6.9608e+01 1.2500e+04 1.0382e-18 1.0000e-01 1.2500e+04 1.2977e-14 2.5000e-01
7.0000e+01 1.2500e+04 2.6895e-20 1.0000e-01 1.2500e+04 3.3619e-16 2.5000e-01
7.0392e+01 1.2500e+04 0.0000e+00 1.0000e-01 1.2500e+04 0.0000e+00 2.5000e-01
7.0784e+01 1.2500e+04 0.0000e+00 1.0000e-01 1.2500e+04 0.0000e+00 2.5000e-01
7.1176e+01 1.2500e+04 0.0000e+00 1.0000e-01 1.2500e+04 0.0000e+00 2.5000e-01
7.1569e+01 1.2500e+04 0.0000e+00 1.0000e-01 1.2500e+04 0.0000e+00 2.5000e-01
7.1961e+01 1.2500e+04 0.0000e+00 1.0000e-01 1.2500e+04 0.0000e+00 2.5000e-01
7.2353e+01 1.2500e+04 0.0000e+00 1.0000e-01 1.2500e+04 0.0000e+00 2.5000e-01
7.2745e+01 1.2500e+04 0.0000e+00 1.0000e-01 1.2500e+04 0.0000e+00 2.5000e-01
7.3137e+01 1.2500e+04 0.0000e+00 1.0000e-01 1.2500e+04 0.0000e+00 2.5000e-01
7.3529e+01 1.2500e+04 0.0000e+00 1.0000e-01 1.2500e+04 0.0000e+00 2.5000e-01
7.3922e+01 1.2500e+04 0.0000e+00 1.0000e-01 1.2500e+04 0.0000e+00 2.5000e-01
7.4314e+01 1.2500e+04 0.0000e+00 1.0000e-01 1.2500e+04 0.0000e+00 2.5000e-01
7.4706e+01 1.2500e+04 0.0000e+00 1.0000e-01 1.2500e+04 0.0000e+00 2.5000e-01
7.5098e+01 1.2500e+04 0.0000e+00 1.0000e-01 1.2500e+04 0.0000e+00 2.5000e-01
7.5490e+01 1.2500e+04 0.0000e+00 1.0000e-01 1.2500e+04 0.0000e+00 2.5000e-01
7.5882e+01 1.2500e+04 0.0000e+00 1.0000e-01 1.2500e+04 0.0000e+00 2.5000e-01
7.6275e+01 1.2500e+04 0.0000e+00 1.0000e-01 1.2500e+04 0.0000e+00 2.5000e-01
7.6667e+01 1.2500e+04 0.0000e+00 1.0000e-01 1.2500e+04 0.0000e+00 2.5000e-01
7.7059e+01 1.2500e+04 0.0000e+00 1.0000e-01 1.2500e+04 0.0000e+00 2.5000e-01
7.7451e+01 1.2500e+04 0.0000e+00 1.0000e-01 1.2500e+04 0.0000e+00 2.5000e-01
7.7843e+01 1.2500e+04 0.0000e+00 1.0000e-01 1.2500e+04 0.0000e+00 2.5000e-01
7.8235e+01 1.2500e+04 0.0000e+00 1.0000e-01 1.2500e+04 0.0000e+00 2.5000e-01
7.8627e+01 1.2500e+04 0.0000e+00 1.0000e-01 1.2500e+04 0.0000e+00 2.5000e-01
7.9020e+01 1.2500e+04 0.0000e+00 1.0000e-01 1.2500e+04 0.0000e+00 2.5000e-01
7.9412e+01 1.2500e+04 0.0000e+00 1.0000e-01 1.2500e+04 0.0000e+00 2.5000e-01
7.9804e+01 1.2500e+04 0.0000e+00 1.0000e-01 1.2500e+04 0.0000e+00 2.5000e-01
8.0196e+01 1.2500e+04 0.0000e+00 1.0000e-01 1.2500e+04 0.0000e+00 2.5000e-01
8.0588e+01 1.2500e+04 0.0000e+00 1.0000e-01 1.2500e+04 0.0000e+00 2.5000e-01
8.0980e+01 1.2500e+04 0.0000e+00 1.0000e-01 1.2500e+04 0.0000e+00 2.5000e-01
8.1373e+01 1.2500e+04 0.0000e+00 1.0000e-01 1.2500e+04 0.0000e+00 2.5000e-01
8.1765e+01 1.2500e+04 0.0000e+00 1.0000e-01 1.2500e+04 0.0000e+00 2.5000e-01
8.2157e+01 1.2500e+04 0.0000e+00 1.0000e-01 1.2500e+04 0.0000e+00 2.5000e-01
8.2549e+01 1.2500e+04 0.0000e+00 1.0000e-01 1.2500e+04 0.0000e+00 2.5000e-01
8.2941e+01 1.2500e+04 0.0000e+00 1.0000e-01 1.2500e+04 0.0000e+00 2.5000e-01
8.3333e+01 1.2500e+04 0.0000e+00 1.0000e-01 1.2500e+04 0.0000e+00 2.5000e-01
8.3725e+01 1.2500e+04 0.0000e+00 1.0000e-01 1.2500e+04 0.0000e+00 2.5000e-01
8.4118e+01 1.2500e+04 0.0000e+00 1.0000e-01 1.2500e+04 0.0000e+00 2.5000e-01
8.4510e+01 1.2500e+04 0.0000e+00 1.0000e-01 1.2500e+04 0.0000e+00 2.5000e-01
8.4902e+01 1.2500e+04 0.0000e+00 1.0000e-01 1.2500e+04 0.0000e+00 2.5000e-01
8.5294e+01 1.2500e+04 0.0000e+00 1.0000e-01 1.2500e+04 0.0000e+00 2.5000e-01
8.5686e+01 1.2500e+04 0.0000e+00 1.0000e-01 1.2500e+04 0.0000e+00 2.5000e-01
8.6078e+01 1.2500e+04 0.0000e+00 1.0000e-01 1.2500e+04 0.0000e+00 2.5000e-01
8.6471e+01 1.2500e+04 0.0000e+00 1.0000e-01 1.2500e+04 0.0000e+00 2.5000e-01
8.6863e+01 1.2500e+04 0.0000e+00 1.0000e-01 1.2500e+04 0.0000e+00 2.5000e-01
8.7255e+01 1.2500e+04 0.0000e+00 1.0000e-01 1.2500e+04 0.0000e+00 2.5000e-01
8.7647e+01 1.2500e+04 0.0000e+00 1.0000e-01 1.2500e+04 0.0000e+00 2.5000e-01
8.8039e+01 1.2500e+04 0.0000e+00 1.0000e-01 1.2500e+04 0.0000e+00 2.5000e-01
8.8431e+01 1.2500e+04 0.0000e+00 1.0000e-01 1.2500e+04 0.0000e+00 2.5000e-01
8.8824e+01 1.2500e+04 0.0000e+00 1.0000e-01 1.2500e+04 0.0000e+00 2.5000e-01
8.9216e+01 1.2500e+04 0.0000e+00 1.0000e-01 1.2500e+04 0.0000e+00 2.5000e-01
8.9608e+01 1.2500e+04 0.0000e+00 1.0000e-01 1.2500e+04 0.0000e+00 2.5000e-01
9.0000e+01 1.2500e+04 0.0000e+00 1.0000e-01 1.2500e+04 0.0000e+00 2.5000e-01
9.0392e+01 1.2500e+04 0.0000e+00 1.0000e-01 1.2500e+04 0.0000e+00 2.5000e-01
9.0784e+01 1.2500e+04 0.0000e+00 1.0000e-01 1.2500e+04 0.0000e+00 2.5000e-01
9.1176e+01 1.2500e+04 0.0000e+00 1.0000e-01 1.2500e+04 0.0000e+00 2.5000e-01
9.1569e+01 1.2500e+04 0.0000e+00 1.0000e-01 1.2500e+04 0.0000e+00 2.5000e-01
9.1961e+01 1.2500e+04 0.0000e+00 1.0000e-01 1.2500e+04 0.0000e+00 2.5000e-01
9.2353e+01 1.2500e+04 0.0000e+00 1.0000e-01 1.2500e+04 0.0000e+00 2.5000e-01
9.2745e+01 1.2500e+04 0.0000e+00 1.0000e-01 1.2500e+04 0.0000e+00 2.5000e-01
9.3137e+01 1.2500e+04 0.0000e+00 1.0000e-01 1.2500e+04 0.0000e+00 2.5000e-01
9.3529e+01 1.2500e+04 0.0000e+00 1.0000e-01 1.2500e+04 0.0000e+00 2.5000e-01
9.3922e+01 1.2500e+04 0.0000e+00 1.0000e-01 1.2500e+04 0.0000e+00 2.5000e-01
9.4314e+01 1.2500e+04 0.0000e+00 1.0000e-01 1.2500e+04 0.0000e+00 2.5000e-01
9.4706e+01 1.2500e+04 0.0000e+00 1.0000e-01 1.2500e+04 0.0000e+00 2.5000e-01
9.5098e+01 1.2500e+04 0.0000e+00 1.0000e-01 1.2500e+04 0.0000e+00 2.5000e-01
9.5490e+01 1.2500e+04 0.0000e+00 1.0000e-01 1.2500e+04 0.0000e+00 2.5000e-01
9.5882e+01 1.2500e+04 0.0000e+00 1.0000e-01 1.2500e+04 0.0000e+00 2.5000e-01
9.6275e+01 1.2500e+04 0.0000e+00 1.0000e-01 1.2500e+04 0.0000e+00 2.5000e-01
9.6667e+01 1.2500e+04 0.0000e+00 1.0000e-01 1.2500e+04 0.0000e+00 2.5000e-01
9.7059e+01 1.2500e+04 0.0000e+00 1.0000e-01 1.2500e+04 0.0000e+00 2.5000e-01
9.7451e+01 1.2500e+04 0.0000e+00 1.0000e-01 1.2500e+04 0.0000e+00 2.5000e-01
9.7843e+01 1.2500e+04 0.0000e+00 1.0000e-01 1.2500e+04 0.0000e+00 2.5000e-01
9.8235e+01 1.2500e+04 0.0000e+00 1.0000e-01 1.2500e+04 0.0000e+00 2.5000e-01
9.8627e+01 1.2500e+04 0.0000e+00 1.0000e-01 1.2500e+04 0.0000e+00 2.5000e-01
9.9020e+01 1.2500e+04 0.0000e+00 1.0000e-01 1.2500e+04 0.0000e+00 2.5000e-01
9.9412e+01 1.2500e+04 0.0000e+00 1.0000e-01 1.2500e+04 0.0000e+00 2.5000e-01
9.9804e+01 1.2500e+04 0.0000e+00 1.0000e-01 1.2500e+04 0.0000e+00 2.5000e-01
