# # x Density Velocity Pressure q0 q1 q2
1.9608e-01 1.0000e+05 3.6702e-13 1.0000e+00 1.0000e+05 3.6702e-08 2.5000e+00
5.8824e-01 1.0000e+05 4.8633e-13 1.0000e+00 1.0000e+05 4.8633e-08 2.5000e+00
9.8039e-01 1.0000e+05 5.8957e-13 1.0000e+00 1.0000e+05 5.8957e-08 2.5000e+00
1.3725e+00 1.0000e+05 7.4210e-13 1.0000e+00 1.0000e+05 7.4210e-08 2.5000e+00
1.7647e+00 1.0000e+05 9.7021e-13 1.0000e+00 1.0000e+05 9.7021e-08 2.5000e+00
2.1569e+00 1.0000e+05 1.2968e-12 1.0000e+00 1.0000e+05 1.2968e-07 2.5000e+00
2.5490e+00 1.0000e+05 1.7514e-12 1.0000e+00 1.0000e+05 1.7514e-07 2.5000e+00
2.9412e+00 1.0000e+05 2.3746e-12 1.0000e+00 1.0000e+05 2.3746e-07 2.5000e+00
3.3333e+00 1.0000e+05 3.2211e-12 1.0000e+00 1.0000e+05 3.2211e-07 2.5000e+00
3.7255e+00 1.0000e+05 4.3646e-12 1.0000e+00 1.0000e+05 4.3646e-07 2.5000e+00
4.1176e+00 1.0000e+05 5.9029e-12 1.0000e+00 1.0000e+05 5.9029e-07 2.5000e+00
4.5098e+00 1.0000e+05 7.9653e-12 1.0000e+00 1.0000e+05 7.9653e-07 2.5000e+00
4.9020e+00 1.0000e+05 1.0722e-11 1.0000e+00 1.0000e+05 1.0722e-06 2.5000e+00
5.2941e+00 1.0000e+05 1.4395e-11 1.0000e+00 1.0000e+05 1.4395e-06 2.5000e+00
5.6863e+00 1.0000e+05 1.9278e-11 1.0000e+00 1.0000e+05 1.9278e-06 2.5000e+00
6.0784e+00 1.0000e+05 2.5749e-11 1.0000e+00 1.0000e+05 2.5749e-06 2.5000e+00
6.4706e+00 1.0000e+05 3.4302e-11 1.0000e+00 1.0000e+05 3.4302e-06 2.5000e+00
6.8627e+00 1.0000e+05 4.5577e-11 1.0000e+00 1.0000e+05 4.5577e-06 2.5000e+00
7.2549e+00 1.0000e+05 6.0399e-11 1.0000e+00 1.0000e+05 6.0399e-06 2.5000e+00
7.6471e+00 1.0000e+05 7.9831e-11 1.0000e+00 1.0000e+05 7.9831e-06 2.5000e+00
8.0392e+00 1.0000e+05 1.0524e-10 1.0000e+00 1.0000e+05 1.0524e-05 2.5000e+00
8.4314e+00 1.0000e+05 1.3837e-10 1.0000e+00 1.0000e+05 1.3837e-05 2.5000e+00
8.8235e+00 1.0000e+05 1.8145e-10 1.0000e+00 1.0000e+05 1.8145e-05 2.5000e+00
9.2157e+00 1.0000e+05 2.3732e-10 1.0000e+00 1.0000e+05 2.3732e-05 2.5000e+00
9.6078e+00 1.0000e+05 3.0958e-10 1.0000e+00 1.0000e+05 3.0958e-05 2.5000e+00
1.0000e+01 1.0000e+05 4.0279e-10 1.0000e+00 1.0000e+05 4.0279e-05 2.5000e+00
1.0392e+01 1.0000e+05 5.2268e-10 1.0000e+00 1.0000e+05 5.2268e-05 2.5000e+00
1.0784e+01 1.0000e+05 6.7647e-10 1.0000e+00 1.0000e+05 6.7647e-05 2.5000e+00
1.1176e+01 1.0000e+05 8.7323e-10 1.0000e+00 1.0000e+05 8.7323e-05 2.5000e+00
1.1569e+01 1.0000e+05 1.1243e-09 1.0000e+00 1.0000e+05 1.1243e-04 2.5000e+00
1.1961e+01 1.0000e+05 1.4437e-09 1.0000e+00 1.0000e+05 1.4437e-04 2.5000e+00
1.2353e+01 1.0000e+05 1.8490e-09 1.0000e+00 1.0000e+05 1.8490e-04 2.5000e+00
1.2745e+01 1.0000e+05 2.3619e-09 1.0000e+00 1.0000e+05 2.3619e-04 2.5000e+00
1.3137e+01 1.0000e+05 3.0091e-09 1.0000e+00 1.0000e+05 3.0091e-04 2.5000e+00
1.3529e+01 1.0000e+05 3.8238e-09 9.9999e-01 1.0000e+05 3.8238e-04 2.5000e+00
1.3922e+01 1.0000e+05 4.8463e-09 9.9999e-01 1.0000e+05 4.8463e-04 2.5000e+00
1.4314e+01 1.0000e+05 6.1261e-09 9.9999e-01 1.0000e+05 6.1261e-04 2.5000e+00
1.4706e+01 1.0000e+05 7.7238e-09 9.9999e-01 1.0000e+05 7.7238e-04 2.5000e+00
1.5098e+01 1.0000e+05 9.7127e-09 9.9998e-01 1.0000e+05 9.7127e-04 2.5000e+00
1.5490e+01 1.0000e+05 1.2182e-08 9.9998e-01 1.0000e+05 1.2182e-03 2.5000e+00
1.5882e+01 1.0000e+05 1.5239e-08 9.9998e-01 1.0000e+05 1.5239e-03 2.4999e+00
1.6275e+01 1.0000e+05 1.9014e-08 9.9997e-01 1.0000e+05 1.9014e-03 2.4999e+00
1.6667e+01 1.0000e+05 2.3662e-08 9.9996e-01 1.0000e+05 2.3662e-03 2.4999e+00
1.7059e+01 1.0000e+05 2.9370e-08 9.9996e-01 1.0000e+05 2.9370e-03 2.4999e+00
1.7451e+01 1.0000e+05 3.6361e-08 9.9995e-01 1.0000e+05 3.6361e-03 2.4999e+00
1.7843e+01 1.0000e+05 4.4899e-08 9.9993e-01 1.0000e+05 4.4899e-03 2.4998e+00
1.8235e+01 1.0000e+05 5.5298e-08 9.9992e-01 1.0000e+05 5.5298e-03 2.4998e+00
1.8627e+01 1.0000e+05 6.7929e-08 9.9990e-01 1.0000e+05 6.7929e-03 2.4998e+00
1.9020e+01 9.9999e+04 8.3231e-08 9.9988e-01 9.9999e+04 8.3230e-03 2.4997e+00
1.9412e+01 9.9999e+04 1.0172e-07 9.9986e-01 9.9999e+04 1.0172e-02 2.4996e+00
1.9804e+01 9.9999e+04 1.2399e-07 9.9983e-01 9.9999e+04 1.2399e-02 2.4996e+00
2.0196e+01 9.9999e+04 1.5074e-07 9.9979e-01 9.9999e+04 1.5074e-02 2.4995e+00
2.0588e+01 9.9999e+04 1.8281e-07 9.9975e-01 9.9999e+04 1.8280e-02 2.4994e+00
2.0980e+01 9.9998e+04 2.2112e-07 9.9970e-01 9.9998e+04 2.2112e-02 2.4992e+00
2.1373e+01 9.9998e+04 2.6678e-07 9.9964e-01 9.9998e+04 2.6677e-02 2.4991e+00
2.1765e+01 9.9998e+04 3.2104e-07 9.9957e-01 9.9998e+04 3.2103e-02 2.4989e+00
2.2157e+01 9.9997e+04 3.8535e-07 9.9949e-01 9.9997e+04 3.8534e-02 2.4987e+00
2.2549e+01 9.9997e+04 4.6138e-07 9.9940e-01 9.9997e+04 4.6136e-02 2.4985e+00
2.2941e+01 9.9996e+04 5.5099e-07 9.9929e-01 9.9996e+04 5.5097e-02 2.4982e+00
2.3333e+01 9.9995e+04 6.5635e-07 9.9916e-01 9.9995e+04 6.5631e-02 2.4979e+00
2.3725e+01 9.9994e+04 7.7987e-07 9.9901e-01 9.9994e+04 7.7982e-02 2.4975e+00
2.4118e+01 9.9993e+04 9.2429e-07 9.9884e-01 9.9993e+04 9.2423e-02 2.4971e+00
2.4510e+01 9.9991e+04 1.0927e-06 9.9864e-01 9.9991e+04 1.0926e-01 2.4966e+00
2.4902e+01 9.9990e+04 1.2886e-06 9.9842e-01 9.9990e+04 1.2884e-01 2.4960e+00
2.5294e+01 9.9988e+04 1.5157e-06 9.9816e-01 9.9988e+04 1.5155e-01 2.4954e+00
2.5686e+01 9.9985e+04 1.7785e-06 9.9786e-01 9.9985e+04 1.7782e-01 2.4947e+00
2.6078e+01 9.9983e+04 2.0816e-06 9.9753e-01 9.9983e+04 2.0812e-01 2.4938e+00
2.6471e+01 9.9980e+04 2.4303e-06 9.9714e-01 9.9980e+04 2.4298e-01 2.4929e+00
2.6863e+01 9.9976e+04 2.8304e-06 9.9671e-01 9.9976e+04 2.8298e-01 2.4918e+00
2.7255e+01 9.9972e+04 3.2883e-06 9.9622e-01 9.9972e+04 3.2874e-01 2.4906e+00
2.7647e+01 9.9967e+04 3.8109e-06 9.9567e-01 9.9967e+04 3.8096e-01 2.4892e+00
2.8039e+01 9.9962e+04 4.4057e-06 9.9505e-01 9.9962e+04 4.4040e-01 2.4876e+00
2.8431e+01 9.9955e+04 5.0809e-06 9.9436e-01 9.9955e+04 5.0786e-01 2.4859e+00
2.8824e+01 9.9948e+04 5.8453e-06 9.9359e-01 9.9948e+04 5.8423e-01 2.4840e+00
2.9216e+01 9.9940e+04 6.7086e-06 9.9273e-01 9.9940e+04 6.7045e-01 2.4818e+00
2.9608e+01 9.9930e+04 7.6808e-06 9.9177e-01 9.9930e+04 7.6754e-01 2.4794e+00
3.0000e+01 9.9920e+04 8.7728e-06 9.9072e-01 9.9920e+04 8.7658e-01 2.4768e+00
3.0392e+01 9.9907e+04 9.9963e-06 9.8955e-01 9.9907e+04 9.9870e-01 2.4739e+00
3.0784e+01 9.9894e+04 1.1363e-05 9.8826e-01 9.9894e+04 1.1351e+00 2.4707e+00
3.1176e+01 9.9878e+04 1.2887e-05 9.8685e-01 9.9878e+04 1.2871e+00 2.4671e+00
3.1569e+01 9.9860e+04 1.4581e-05 9.8531e-01 9.9860e+04 1.4560e+00 2.4633e+00
3.1961e+01 9.9841e+04 1.6459e-05 9.8362e-01 9.9841e+04 1.6432e+00 2.4591e+00
3.2353e+01 9.9819e+04 1.8536e-05 9.8179e-01 9.9819e+04 1.8502e+00 2.4545e+00
3.2745e+01 9.9794e+04 2.0827e-05 9.7980e-01 9.9794e+04 2.0784e+00 2.4495e+00
3.3137e+01 9.9766e+04 2.3347e-05 9.7764e-01 9.9766e+04 2.3293e+00 2.4441e+00
3.3529e+01 9.9736e+04 2.6114e-05 9.7531e-01 9.9736e+04 2.6045e+00 2.4383e+00
3.3922e+01 9.9702e+04 2.9143e-05 9.7281e-01 9.9702e+04 2.9056e+00 2.4321e+00
3.4314e+01 9.9664e+04 3.2451e-05 9.7012e-01 9.9664e+04 3.2342e+00 2.4253e+00
3.4706e+01 9.9623e+04 3.6054e-05 9.6723e-01 9.9623e+04 3.5918e+00 2.4182e+00
3.5098e+01 9.9577e+04 3.9969e-05 9.6416e-01 9.9577e+04 3.9800e+00 2.4105e+00
3.5490e+01 9.9526e+04 4.4214e-05 9.6088e-01 9.9526e+04 4.4004e+00 2.4023e+00
3.5882e+01 9.9471e+04 4.8804e-05 9.5740e-01 9.9471e+04 4.8546e+00 2.3936e+00
3.6275e+01 9.9411e+04 5.3755e-05 9.5371e-01 9.9411e+04 5.3439e+00 2.3844e+00
3.6667e+01 9.9345e+04 5.9084e-05 9.4982e-01 9.9345e+04 5.8697e+00 2.3747e+00
3.7059e+01 9.9273e+04 6.4806e-05 9.4571e-01 9.9273e+04 6.4335e+00 2.3645e+00
3.7451e+01 9.9195e+04 7.0934e-05 9.4140e-01 9.9195e+04 7.0364e+00 2.3537e+00
3.7843e+01 9.9111e+04 7.7484e-05 9.3688e-01 9.9111e+04 7.6795e+00 2.3425e+00
3.8235e+01 9.9019e+04 8.4467e-05 9.3215e-01 9.9019e+04 8.3638e+00 2.3307e+00
3.8627e+01 9.8921e+04 9.1894e-05 9.2722e-01 9.8921e+04 9.0902e+00 2.3185e+00
3.9020e+01 9.8814e+04 9.9778e-05 9.2210e-01 9.8814e+04 9.8595e+00 2.3057e+00
3.9412e+01 9.8700e+04 1.0813e-04 9.1678e-01 9.8700e+04 1.0672e+01 2.2925e+00
3.9804e+01 9.8578e+04 1.1695e-04 9.1128e-01 9.8578e+04 1.1528e+01 2.2789e+00
4.0196e+01 9.8447e+04 1.2624e-04 9.0560e-01 9.8447e+04 1.2428e+01 2.2648e+00
4.0588e+01 9.8307e+04 1.3603e-04 8.9975e-01 9.8307e+04 1.3373e+01 2.2503e+00
4.0980e+01 9.8158e+04 1.4629e-04 8.9375e-01 9.8158e+04 1.4360e+01 2.2354e+00
4.1373e+01 9.8000e+04 1.5707e-04 8.8760e-01 9.8000e+04 1.5392e+01 2.2202e+00
4.1765e+01 9.7830e+04 1.6825e-04 8.8129e-01 9.7830e+04 1.6460e+01 2.2046e+00
4.2157e+01 9.7657e+04 1.8015e-04 8.7493e-01 9.7657e+04 1.7593e+01 2.1889e+00
4.2549e+01 9.7456e+04 1.9187e-04 8.6824e-01 9.7456e+04 1.8699e+01 2.1724e+00
4.2941e+01 9.7292e+04 2.0579e-04 8.6205e-01 9.7292e+04 2.0022e+01 2.1572e+00
4.3333e+01 9.7001e+04 2.1594e-04 8.5432e-01 9.7001e+04 2.0946e+01 2.1381e+00
4.3725e+01 9.6967e+04 2.3622e-04 8.4982e-01 9.6967e+04 2.2906e+01 2.1273e+00
4.4118e+01 9.6359e+04 2.3655e-04 8.3835e-01 9.6359e+04 2.2794e+01 2.0986e+00
4.4510e+01 9.6823e+04 2.7637e-04 8.4003e-01 9.6823e+04 2.6759e+01 2.1038e+00
4.4902e+01 9.5401e+04 2.4886e-04 8.1896e-01 9.5401e+04 2.3741e+01 2.0504e+00
4.5294e+01 9.6854e+04 3.2559e-04 8.3256e-01 9.6854e+04 3.1535e+01 2.0865e+00
4.5686e+01 9.4440e+04 2.6417e-04 8.0016e-01 9.4440e+04 2.4948e+01 2.0037e+00
4.6078e+01 9.6351e+04 3.5874e-04 8.1910e-01 9.6351e+04 3.4565e+01 2.0539e+00
4.6471e+01 9.4362e+04 3.1537e-04 7.9268e-01 9.4362e+04 2.9759e+01 1.9864e+00
4.6863e+01 9.4867e+04 3.5996e-04 7.9490e-01 9.4867e+04 3.4148e+01 1.9934e+00
4.7255e+01 9.4475e+04 3.7582e-04 7.8782e-01 9.4475e+04 3.5505e+01 1.9762e+00
4.7647e+01 9.4168e+04 3.9191e-04 7.8078e-01 9.4168e+04 3.6906e+01 1.9592e+00
4.8039e+01 9.3349e+04 3.9197e-04 7.6862e-01 9.3349e+04 3.6590e+01 1.9287e+00
4.8431e+01 9.3406e+04 4.4001e-04 7.7178e-01 9.3406e+04 4.1100e+01 1.9385e+00
4.8824e+01 9.5968e+04 4.3668e-04 7.5855e-01 9.5968e+04 4.1907e+01 1.9055e+00
4.9216e+01 7.8495e+04 4.6043e-04 7.5462e-01 7.8495e+04 3.6142e+01 1.8949e+00
4.9608e+01 1.2894e+05 4.7849e-04 7.4681e-01 1.2894e+05 6.1699e+01 1.8818e+00
5.0000e+01 6.9049e+04 4.8926e-04 7.4098e-01 6.9049e+04 3.3783e+01 1.8607e+00
5.0392e+01 2.6157e+04 5.0822e-04 7.3883e-01 2.6157e+04 1.3293e+01 1.8505e+00
5.0784e+01 1.1736e+04 5.3776e-04 7.3815e-01 1.1736e+04 6.3110e+00 1.8471e+00
5.1176e+01 8.6070e+03 6.2875e-04 7.3988e-01 8.6070e+03 5.4116e+00 1.8514e+00
5.1569e+01 8.3162e+03 6.8421e-04 7.3577e-01 8.3162e+03 5.6900e+00 1.8414e+00
5.1961e+01 8.8862e+03 7.5260e-04 7.3338e-01 8.8862e+03 6.6878e+00 1.8360e+00
5.2353e+01 9.5100e+03 8.7680e-04 7.3816e-01 9.5100e+03 8.3384e+00 1.8491e+00
5.2745e+01 1.0096e+04 9.5675e-04 7.4011e-01 1.0096e+04 9.6592e+00 1.8549e+00
5.3137e+01 1.0445e+04 9.5412e-04 7.3482e-01 1.0445e+04 9.9660e+00 1.8418e+00
5.3529e+01 1.0748e+04 9.6325e-04 7.3147e-01 1.0748e+04 1.0353e+01 1.8337e+00
5.3922e+01 1.1024e+04 1.0279e-03 7.3459e-01 1.1024e+04 1.1332e+01 1.8423e+00
5.4314e+01 1.1270e+04 1.0920e-03 7.3816e-01 1.1270e+04 1.2307e+01 1.8521e+00
5.4706e+01 1.1411e+04 1.1060e-03 7.3669e-01 1.1411e+04 1.2621e+01 1.8487e+00
5.5098e+01 1.1502e+04 1.0914e-03 7.3235e-01 1.1502e+04 1.2554e+01 1.8377e+00
5.5490e+01 1.1595e+04 1.0967e-03 7.3030e-01 1.1595e+04 1.2717e+01 1.8327e+00
5.5882e+01 1.1724e+04 1.1395e-03 7.3257e-01 1.1724e+04 1.3360e+01 1.8390e+00
5.6275e+01 1.1851e+04 1.1912e-03 7.3608e-01 1.1851e+04 1.4118e+01 1.8486e+00
5.6667e+01 1.1941e+04 1.2191e-03 7.3715e-01 1.1941e+04 1.4558e+01 1.8517e+00
5.7059e+01 1.1986e+04 1.2177e-03 7.3509e-01 1.1986e+04 1.4595e+01 1.8466e+00
5.7451e+01 1.2014e+04 1.2072e-03 7.3184e-01 1.2014e+04 1.4503e+01 1.8384e+00
5.7843e+01 1.2061e+04 1.2146e-03 7.3071e-01 1.2061e+04 1.4650e+01 1.8357e+00
5.8235e+01 1.2142e+04 1.2514e-03 7.3300e-01 1.2142e+04 1.5195e+01 1.8420e+00
5.8627e+01 1.2238e+04 1.3027e-03 7.3706e-01 1.2238e+04 1.5943e+01 1.8530e+00
5.9020e+01 1.2320e+04 1.3451e-03 7.4026e-01 1.2320e+04 1.6572e+01 1.8618e+00
5.9412e+01 1.2368e+04 1.3645e-03 7.4095e-01 1.2368e+04 1.6875e+01 1.8639e+00
5.9804e+01 1.2384e+04 1.3625e-03 7.3928e-01 1.2384e+04 1.6874e+01 1.8597e+00
6.0196e+01 1.2390e+04 1.3529e-03 7.3652e-01 1.2390e+04 1.6763e+01 1.8526e+00
6.0588e+01 1.2413e+04 1.3556e-03 7.3520e-01 1.2413e+04 1.6827e+01 1.8494e+00
6.0980e+01 1.2471e+04 1.3861e-03 7.3716e-01 1.2471e+04 1.7286e+01 1.8549e+00
6.1373e+01 1.2564e+04 1.4437e-03 7.4231e-01 1.2564e+04 1.8139e+01 1.8689e+00
6.1765e+01 1.2678e+04 1.5168e-03 7.4936e-01 1.2678e+04 1.9229e+01 1.8880e+00
6.2157e+01 1.2793e+04 1.5909e-03 7.5667e-01 1.2793e+04 2.0352e+01 1.9079e+00
6.2549e+01 1.2893e+04 1.6548e-03 7.6292e-01 1.2893e+04 2.1336e+01 1.9250e+00
6.2941e+01 1.2971e+04 1.7027e-03 7.6736e-01 1.2971e+04 2.2086e+01 1.9372e+00
6.3333e+01 1.3025e+04 1.7338e-03 7.6988e-01 1.3025e+04 2.2582e+01 1.9443e+00
6.3725e+01 1.3058e+04 1.7511e-03 7.7080e-01 1.3058e+04 2.2866e+01 1.9470e+00
6.4118e+01 1.3078e+04 1.7588e-03 7.7059e-01 1.3078e+04 2.3001e+01 1.9467e+00
6.4510e+01 1.3089e+04 1.7610e-03 7.6975e-01 1.3089e+04 2.3049e+01 1.9447e+00
6.4902e+01 1.3095e+04 1.7606e-03 7.6862e-01 1.3095e+04 2.3056e+01 1.9418e+00
6.5294e+01 1.3100e+04 1.7591e-03 7.6736e-01 1.3100e+04 2.3045e+01 1.9387e+00
6.5686e+01 1.3105e+04 1.7571e-03 7.6604e-01 1.3105e+04 2.3027e+01 1.9353e+00
6.6078e+01 1.3109e+04 1.7548e-03 7.6467e-01 1.3109e+04 2.3003e+01 1.9319e+00
6.6471e+01 1.3112e+04 1.7523e-03 7.6325e-01 1.3112e+04 2.2976e+01 1.9283e+00
6.6863e+01 1.3115e+04 1.7494e-03 7.6180e-01 1.3115e+04 2.2945e+01 1.9246e+00
6.7255e+01 1.3118e+04 1.7464e-03 7.6030e-01 1.3118e+04 2.2910e+01 1.9207e+00
6.7647e+01 1.3121e+04 1.7431e-03 7.5875e-01 1.3121e+04 2.2871e+01 1.9168e+00
6.8039e+01 1.3123e+04 1.7396e-03 7.5717e-01 1.3123e+04 2.2829e+01 1.9128e+00
6.8431e+01 1.3125e+04 1.7359e-03 7.5554e-01 1.3125e+04 2.2784e+01 1.9086e+00
6.8824e+01 1.3127e+04 1.7320e-03 7.5387e-01 1.3127e+04 2.2736e+01 1.9044e+00
6.9216e+01 1.3129e+04 1.7279e-03 7.5216e-01 1.3129e+04 2.2685e+01 1.9000e+00
6.9608e+01 1.3130e+04 1.7236e-03 7.5040e-01 1.3130e+04 2.2630e+01 1.8955e+00
7.0000e+01 1.3131e+04 1.7190e-03 7.4860e-01 1.3131e+04 2.2573e+01 1.8909e+00
7.0392e+01 1.3132e+04 1.7143e-03 7.4675e-01 1.3132e+04 2.2512e+01 1.8862e+00
7.0784e+01 1.3133e+04 1.7094e-03 7.4485e-01 1.3133e+04 2.2449e+01 1.8813e+00
7.1176e+01 1.3133e+04 1.7042e-03 7.4291e-01 1.3133e+04 2.2382e+01 1.8764e+00
7.1569e+01 1.3134e+04 1.6989e-03 7.4093e-01 1.3134e+04 2.2313e+01 1.8713e+00
7.1961e+01 1.3134e+04 1.6934e-03 7.3889e-01 1.3134e+04 2.2241e+01 1.8661e+00
7.2353e+01 1.3134e+04 1.6877e-03 7.3680e-01 1.3134e+04 2.2165e+01 1.8607e+00
7.2745e+01 1.3133e+04 1.6818e-03 7.3467e-01 1.3133e+04 2.2087e+01 1.8552e+00
7.3137e+01 1.3133e+04 1.6756e-03 7.3248e-01 1.3133e+04 2.2006e+01 1.8496e+00
7.3529e+01 1.3132e+04 1.6693e-03 7.3024e-01 1.3132e+04 2.1922e+01 1.8439e+00
7.3922e+01 1.3132e+04 1.6628e-03 7.2794e-01 1.3132e+04 2.1835e+01 1.8380e+00
7.4314e+01 1.3131e+04 1.6561e-03 7.2560e-01 1.3131e+04 2.1746e+01 1.8320e+00
7.4706e+01 1.3130e+04 1.6492e-03 7.2319e-01 1.3130e+04 2.1653e+01 1.8258e+00
7.5098e+01 1.3128e+04 1.6420e-03 7.2073e-01 1.3128e+04 2.1557e+01 1.8195e+00
7.5490e+01 1.3127e+04 1.6347e-03 7.1821e-01 1.3127e+04 2.1459e+01 1.8131e+00
7.5882e+01 1.3125e+04 1.6272e-03 7.1563e-01 1.3125e+04 2.1357e+01 1.8065e+00
7.6275e+01 1.3124e+04 1.6194e-03 7.1299e-01 1.3124e+04 2.1253e+01 1.7997e+00
7.6667e+01 1.3122e+04 1.6115e-03 7.1029e-01 1.3122e+04 2.1145e+01 1.7928e+00
7.7059e+01 1.3120e+04 1.6033e-03 7.0753e-01 1.3120e+04 2.1035e+01 1.7857e+00
7.7451e+01 1.3117e+04 1.5950e-03 7.0470e-01 1.3117e+04 2.0922e+01 1.7784e+00
7.7843e+01 1.3115e+04 1.5864e-03 7.0180e-01 1.3115e+04 2.0805e+01 1.7710e+00
7.8235e+01 1.3112e+04 1.5776e-03 6.9883e-01 1.3112e+04 2.0686e+01 1.7634e+00
7.8627e+01 1.3110e+04 1.5685e-03 6.9580e-01 1.3110e+04 2.0563e+01 1.7556e+00
7.9020e+01 1.3107e+04 1.5593e-03 6.9270e-01 1.3107e+04 2.0438e+01 1.7477e+00
7.9412e+01 1.3104e+04 1.5499e-03 6.8952e-01 1.3104e+04 2.0309e+01 1.7395e+00
7.9804e+01 1.3101e+04 1.5402e-03 6.8627e-01 1.3101e+04 2.0178e+01 1.7312e+00
8.0196e+01 1.3098e+04 1.5303e-03 6.8294e-01 1.3098e+04 2.0043e+01 1.7227e+00
8.0588e+01 1.3094e+04 1.5202e-03 6.7954e-01 1.3094e+04 1.9905e+01 1.7140e+00
8.0980e+01 1.3091e+04 1.5098e-03 6.7605e-01 1.3091e+04 1.9764e+01 1.7050e+00
8.1373e+01 1.3087e+04 1.4992e-03 6.7248e-01 1.3087e+04 1.9620e+01 1.6959e+00
8.1765e+01 1.3083e+04 1.4884e-03 6.6882e-01 1.3083e+04 1.9473e+01 1.6865e+00
8.2157e+01 1.3079e+04 1.4774e-03 6.6507e-01 1.3079e+04 1.9323e+01 1.6770e+00
8.2549e+01 1.3075e+04 1.4662e-03 6.6122e-01 1.3075e+04 1.9170e+01 1.6671e+00
8.2941e+01 1.3071e+04 1.4548e-03 6.5727e-01 1.3071e+04 1.9015e+01 1.6570e+00
8.3333e+01 1.3066e+04 1.4431e-03 6.5320e-01 1.3066e+04 1.8856e+01 1.6466e+00
8.3725e+01 1.3062e+04 1.4313e-03 6.4901e-01 1.3062e+04 1.8695e+01 1.6359e+00
8.4118e+01 1.3057e+04 1.4194e-03 6.4469e-01 1.3057e+04 1.8532e+01 1.6249e+00
8.4510e+01 1.3052e+04 1.4072e-03 6.4021e-01 1.3052e+04 1.8367e+01 1.6134e+00
8.4902e+01 1.3047e+04 1.3950e-03 6.3556e-01 1.3047e+04 1.8201e+01 1.6016e+00
8.5294e+01 1.3042e+04 1.3827e-03 6.3071e-01 1.3042e+04 1.8033e+01 1.5893e+00
8.5686e+01 1.3036e+04 1.3704e-03 6.2566e-01 1.3036e+04 1.7865e+01 1.5764e+00
8.6078e+01 1.3030e+04 1.3581e-03 6.2035e-01 1.3030e+04 1.7697e+01 1.5629e+00
8.6471e+01 1.3024e+04 1.3459e-03 6.1478e-01 1.3024e+04 1.7530e+01 1.5487e+00
8.6863e+01 1.3018e+04 1.3338e-03 6.0891e-01 1.3018e+04 1.7364e+01 1.5338e+00
8.7255e+01 1.3012e+04 1.3219e-03 6.0270e-01 1.3012e+04 1.7201e+01 1.5181e+00
8.7647e+01 1.3005e+04 1.3103e-03 5.9613e-01 1.3005e+04 1.7041e+01 1.5015e+00
8.8039e+01 1.2998e+04 1.2990e-03 5.8917e-01 1.2998e+04 1.6885e+01 1.4839e+00
8.8431e+01 1.2990e+04 1.2881e-03 5.8178e-01 1.2990e+04 1.6734e+01 1.4652e+00
8.8824e+01 1.2983e+04 1.2777e-03 5.7396e-01 1.2983e+04 1.6588e+01 1.4455e+00
8.9216e+01 1.2974e+04 1.2678e-03 5.6566e-01 1.2974e+04 1.6449e+01 1.4246e+00
8.9608e+01 1.2966e+04 1.2585e-03 5.5688e-01 1.2966e+04 1.6318e+01 1.4025e+00
9.0000e+01 1.2957e+04 1.2499e-03 5.4760e-01 1.2957e+04 1.6194e+01 1.3791e+00
9.0392e+01 1.2947e+04 1.2419e-03 5.3780e-01 1.2947e+04 1.6079e+01 1.3545e+00
9.0784e+01 1.2937e+04 1.2346e-03 5.2749e-01 1.2937e+04 1.5972e+01 1.3286e+00
9.1176e+01 1.2927e+04 1.2280e-03 5.1666e-01 1.2927e+04 1.5874e+01 1.3014e+00
9.1569e+01 1.2916e+04 1.2222e-03 5.0530e-01 1.2916e+04 1.5786e+01 1.2729e+00
9.1961e+01 1.2904e+04 1.2172e-03 4.9344e-01 1.2904e+04 1.5707e+01 1.2432e+00
9.2353e+01 1.2892e+04 1.2129e-03 4.8107e-01 1.2892e+04 1.5637e+01 1.2121e+00
9.2745e+01 1.2880e+04 1.2093e-03 4.6820e-01 1.2880e+04 1.5576e+01 1.1799e+00
9.3137e+01 1.2867e+04 1.2064e-03 4.5487e-01 1.2867e+04 1.5523e+01 1.1465e+00
9.3529e+01 1.2853e+04 1.2042e-03 4.4109e-01 1.2853e+04 1.5478e+01 1.1120e+00
9.3922e+01 1.2840e+04 1.2024e-03 4.2690e-01 1.2840e+04 1.5439e+01 1.0765e+00
9.4314e+01 1.2826e+04 1.2011e-03 4.1233e-01 1.2826e+04 1.5404e+01 1.0401e+00
9.4706e+01 1.2811e+04 1.1999e-03 3.9746e-01 1.2811e+04 1.5372e+01 1.0029e+00
9.5098e+01 1.2797e+04 1.1986e-03 3.8235e-01 1.2797e+04 1.5339e+01 9.6507e-01
9.5490e+01 1.2783e+04 1.1969e-03 3.6711e-01 1.2783e+04 1.5300e+01 9.2694e-01
9.5882e+01 1.2770e+04 1.1944e-03 3.5188e-01 1.2770e+04 1.5252e+01 8.8882e-01
9.6275e+01 1.2756e+04 1.1903e-03 3.3680e-01 1.2756e+04 1.5184e+01 8.5104e-01
9.6667e+01 1.2745e+04 1.1849e-03 3.2210e-01 1.2745e+04 1.5101e+01 8.1420e-01
9.7059e+01 1.2731e+04 1.1753e-03 3.0769e-01 1.2731e+04 1.4963e+01 7.7803e-01
9.7451e+01 1.2728e+04 1.1685e-03 2.9444e-01 1.2728e+04 1.4873e+01 7.4479e-01
9.7843e+01 1.2699e+04 1.1449e-03 2.8018e-01 1.2699e+04 1.4539e+01 7.0876e-01
9.8235e+01 1.2738e+04 1.1561e-03 2.7048e-01 1.2738e+04 1.4727e+01 6.8470e-01
9.8627e+01 1.2573e+04 1.0851e-03 2.5116e-01 1.2573e+04 1.3643e+01 6.3530e-01
9.9020e+01 1.2870e+04 1.2417e-03 2.5025e-01 1.2870e+04 1.5981e+01 6.3553e-01
9.9412e+01 1.1559e+04 9.7497e-04 2.0191e-01 1.1559e+04 1.1270e+01 5.1026e-01
9.9804e+01 1.4981e+04 1.7447e-03 2.2250e-01 1.4981e+04 2.6137e+01 5.7904e-01
