# # x Density Velocity Pressure q0 q1 q2
1.9608e-01 1.0000e+05 4.3301e-13 1.0000e+00 1.0000e+05 4.3301e-08 2.5000e+00
5.8824e-01 1.0000e+05 5.7413e-13 1.0000e+00 1.0000e+05 5.7413e-08 2.5000e+00
9.8039e-01 1.0000e+05 6.9454e-13 1.0000e+00 1.0000e+05 6.9454e-08 2.5000e+00
1.3725e+00 1.0000e+05 8.7148e-13 1.0000e+00 1.0000e+05 8.7148e-08 2.5000e+00
1.7647e+00 1.0000e+05 1.1357e-12 1.0000e+00 1.0000e+05 1.1357e-07 2.5000e+00
2.1569e+00 1.0000e+05 1.5135e-12 1.0000e+00 1.0000e+05 1.5135e-07 2.5000e+00
2.5490e+00 1.0000e+05 2.0385e-12 1.0000e+00 1.0000e+05 2.0385e-07 2.5000e+00
2.9412e+00 1.0000e+05 2.7567e-12 1.0000e+00 1.0000e+05 2.7567e-07 2.5000e+00
3.3333e+00 1.0000e+05 3.7303e-12 1.0000e+00 1.0000e+05 3.7303e-07 2.5000e+00
3.7255e+00 1.0000e+05 5.0425e-12 1.0000e+00 1.0000e+05 5.0425e-07 2.5000e+00
4.1176e+00 1.0000e+05 6.8038e-12 1.0000e+00 1.0000e+05 6.8038e-07 2.5000e+00
4.5098e+00 1.0000e+05 9.1597e-12 1.0000e+00 1.0000e+05 9.1597e-07 2.5000e+00
4.9020e+00 1.0000e+05 1.2301e-11 1.0000e+00 1.0000e+05 1.2301e-06 2.5000e+00
5.2941e+00 1.0000e+05 1.6479e-11 1.0000e+00 1.0000e+05 1.6479e-06 2.5000e+00
5.6863e+00 1.0000e+05 2.2019e-11 1.0000e+00 1.0000e+05 2.2019e-06 2.5000e+00
6.0784e+00 1.0000e+05 2.9344e-11 1.0000e+00 1.0000e+05 2.9344e-06 2.5000e+00
6.4706e+00 1.0000e+05 3.9006e-11 1.0000e+00 1.0000e+05 3.9006e-06 2.5000e+00
6.8627e+00 1.0000e+05 5.1714e-11 1.0000e+00 1.0000e+05 5.1714e-06 2.5000e+00
7.2549e+00 1.0000e+05 6.8383e-11 1.0000e+00 1.0000e+05 6.8383e-06 2.5000e+00
7.6471e+00 1.0000e+05 9.0191e-11 1.0000e+00 1.0000e+05 9.0191e-06 2.5000e+00
8.0392e+00 1.0000e+05 1.1864e-10 1.0000e+00 1.0000e+05 1.1864e-05 2.5000e+00
8.4314e+00 1.0000e+05 1.5566e-10 1.0000e+00 1.0000e+05 1.5566e-05 2.5000e+00
8.8235e+00 1.0000e+05 2.0370e-10 1.0000e+00 1.0000e+05 2.0370e-05 2.5000e+00
9.2157e+00 1.0000e+05 2.6587e-10 1.0000e+00 1.0000e+05 2.6587e-05 2.5000e+00
9.6078e+00 1.0000e+05 3.4612e-10 1.0000e+00 1.0000e+05 3.4612e-05 2.5000e+00
1.0000e+01 1.0000e+05 4.4941e-10 1.0000e+00 1.0000e+05 4.4941e-05 2.5000e+00
1.0392e+01 1.0000e+05 5.8200e-10 1.0000e+00 1.0000e+05 5.8200e-05 2.5000e+00
1.0784e+01 1.0000e+05 7.5175e-10 1.0000e+00 1.0000e+05 7.5175e-05 2.5000e+00
1.1176e+01 1.0000e+05 9.6848e-10 1.0000e+00 1.0000e+05 9.6848e-05 2.5000e+00
1.1569e+01 1.0000e+05 1.2445e-09 1.0000e+00 1.0000e+05 1.2445e-04 2.5000e+00
1.1961e+01 1.0000e+05 1.5949e-09 1.0000e+00 1.0000e+05 1.5949e-04 2.5000e+00
1.2353e+01 1.0000e+05 2.0388e-09 1.0000e+00 1.0000e+05 2.0388e-04 2.5000e+00
1.2745e+01 1.0000e+05 2.5994e-09 1.0000e+00 1.0000e+05 2.5994e-04 2.5000e+00
1.3137e+01 1.0000e+05 3.3055e-09 9.9999e-01 1.0000e+05 3.3055e-04 2.5000e+00
1.3529e+01 1.0000e+05 4.1925e-09 9.9999e-01 1.0000e+05 4.1925e-04 2.5000e+00
1.3922e+01 1.0000e+05 5.3038e-09 9.9999e-01 1.0000e+05 5.3038e-04 2.5000e+00
1.4314e+01 1.0000e+05 6.6923e-09 9.9999e-01 1.0000e+05 6.6923e-04 2.5000e+00
1.4706e+01 1.0000e+05 8.4224e-09 9.9999e-01 1.0000e+05 8.4224e-04 2.5000e+00
1.5098e+01 1.0000e+05 1.0572e-08 9.9998e-01 1.0000e+05 1.0572e-03 2.5000e+00
1.5490e+01 1.0000e+05 1.3237e-08 9.9998e-01 1.0000e+05 1.3237e-03 2.4999e+00
1.5882e+01 1.0000e+05 1.6530e-08 9.9997e-01 1.0000e+05 1.6530e-03 2.4999e+00
1.6275e+01 1.0000e+05 2.0589e-08 9.9997e-01 1.0000e+05 2.0589e-03 2.4999e+00
1.6667e+01 1.0000e+05 2.5578e-08 9.9996e-01 1.0000e+05 2.5578e-03 2.4999e+00
1.7059e+01 1.0000e+05 3.1695e-08 9.9995e-01 1.0000e+05 3.1695e-03 2.4999e+00
1.7451e+01 1.0000e+05 3.9173e-08 9.9994e-01 1.0000e+05 3.9173e-03 2.4999e+00
1.7843e+01 1.0000e+05 4.8292e-08 9.9993e-01 1.0000e+05 4.8292e-03 2.4998e+00
1.8235e+01 1.0000e+05 5.9380e-08 9.9991e-01 1.0000e+05 5.9380e-03 2.4998e+00
1.8627e+01 9.9999e+04 7.2826e-08 9.9990e-01 9.9999e+04 7.2826e-03 2.4997e+00
1.9020e+01 9.9999e+04 8.9089e-08 9.9987e-01 9.9999e+04 8.9088e-03 2.4997e+00
1.9412e+01 9.9999e+04 1.0870e-07 9.9985e-01 9.9999e+04 1.0870e-02 2.4996e+00
1.9804e+01 9.9999e+04 1.3230e-07 9.9982e-01 9.9999e+04 1.3230e-02 2.4995e+00
2.0196e+01 9.9999e+04 1.6060e-07 9.9978e-01 9.9999e+04 1.6060e-02 2.4994e+00
2.0588e+01 9.9999e+04 1.9447e-07 9.9973e-01 9.9999e+04 1.9447e-02 2.4993e+00
2.0980e+01 9.9998e+04 2.3488e-07 9.9968e-01 9.9998e+04 2.3487e-02 2.4992e+00
2.1373e+01 9.9998e+04 2.8296e-07 9.9962e-01 9.9998e+04 2.8295e-02 2.4991e+00
2.1765e+01 9.9997e+04 3.4002e-07 9.9955e-01 9.9997e+04 3.4001e-02 2.4989e+00
2.2157e+01 9.9997e+04 4.0755e-07 9.9946e-01 9.9997e+04 4.0754e-02 2.4987e+00
2.2549e+01 9.9996e+04 4.8726e-07 9.9937e-01 9.9996e+04 4.8724e-02 2.4984e+00
2.2941e+01 9.9996e+04 5.8109e-07 9.9925e-01 9.9996e+04 5.8107e-02 2.4981e+00
2.3333e+01 9.9995e+04 6.9125e-07 9.9912e-01 9.9995e+04 6.9122e-02 2.4978e+00
2.3725e+01 9.9994e+04 8.2023e-07 9.9896e-01 9.9994e+04 8.2018e-02 2.4974e+00
2.4118e+01 9.9992e+04 9.7084e-07 9.9879e-01 9.9992e+04 9.7077e-02 2.4970e+00
2.4510e+01 9.9991e+04 1.1462e-06 9.9858e-01 9.9991e+04 1.1461e-01 2.4965e+00
2.4902e+01 9.9989e+04 1.3499e-06 9.9835e-01 9.9989e+04 1.3498e-01 2.4959e+00
2.5294e+01 9.9987e+04 1.5859e-06 9.9808e-01 9.9987e+04 1.5857e-01 2.4952e+00
2.5686e+01 9.9985e+04 1.8585e-06 9.9778e-01 9.9985e+04 1.8582e-01 2.4944e+00
2.6078e+01 9.9982e+04 2.1726e-06 9.9743e-01 9.9982e+04 2.1722e-01 2.4936e+00
2.6471e+01 9.9979e+04 2.5334e-06 9.9704e-01 9.9979e+04 2.5329e-01 2.4926e+00
2.6863e+01 9.9975e+04 2.9470e-06 9.9659e-01 9.9975e+04 2.9463e-01 2.4915e+00
2.7255e+01 9.9971e+04 3.4197e-06 9.9609e-01 9.9971e+04 3.4187e-01 2.4902e+00
2.7647e+01 9.9966e+04 3.9586e-06 9.9553e-01 9.9966e+04 3.9572e-01 2.4888e+00
2.8039e+01 9.9960e+04 4.5712e-06 9.9489e-01 9.9960e+04 4.5694e-01 2.4872e+00
2.8431e+01 9.9953e+04 5.2660e-06 9.9419e-01 9.9953e+04 5.2635e-01 2.4855e+00
2.8824e+01 9.9946e+04 6.0516e-06 9.9340e-01 9.9946e+04 6.0484e-01 2.4835e+00
2.9216e+01 9.9937e+04 6.9379e-06 9.9252e-01 9.9937e+04 6.9335e-01 2.4813e+00
2.9608e+01 9.9928e+04 7.9350e-06 9.9154e-01 9.9928e+04 7.9292e-01 2.4789e+00
3.0000e+01 9.9917e+04 9.0538e-06 9.9047e-01 9.9917e+04 9.0462e-01 2.4762e+00
3.0392e+01 9.9904e+04 1.0306e-05 9.8928e-01 9.9904e+04 1.0296e+00 2.4732e+00
3.0784e+01 9.9890e+04 1.1704e-05 9.8797e-01 9.9890e+04 1.1691e+00 2.4699e+00
3.1176e+01 9.9874e+04 1.3260e-05 9.8654e-01 9.9874e+04 1.3243e+00 2.4664e+00
3.1569e+01 9.9856e+04 1.4989e-05 9.8497e-01 9.9856e+04 1.4967e+00 2.4624e+00
3.1961e+01 9.9836e+04 1.6903e-05 9.8327e-01 9.9836e+04 1.6875e+00 2.4582e+00
3.2353e+01 9.9813e+04 1.9019e-05 9.8141e-01 9.9813e+04 1.8983e+00 2.4535e+00
3.2745e+01 9.9788e+04 2.1350e-05 9.7939e-01 9.9788e+04 2.1305e+00 2.4485e+00
3.3137e+01 9.9760e+04 2.3913e-05 9.7721e-01 9.9760e+04 2.3856e+00 2.4431e+00
3.3529e+01 9.9728e+04 2.6724e-05 9.7486e-01 9.9728e+04 2.6652e+00 2.4372e+00
3.3922e+01 9.9694e+04 2.9799e-05 9.7233e-01 9.9694e+04 2.9708e+00 2.4309e+00
3.4314e+01 9.9655e+04 3.3154e-05 9.6961e-01 9.9655e+04 3.3040e+00 2.4241e+00
3.4706e+01 9.9613e+04 3.6806e-05 9.6671e-01 9.9613e+04 3.6663e+00 2.4168e+00
3.5098e+01 9.9566e+04 4.0771e-05 9.6361e-01 9.9566e+04 4.0594e+00 2.4091e+00
3.5490e+01 9.9515e+04 4.5067e-05 9.6031e-01 9.9515e+04 4.4848e+00 2.4009e+00
3.5882e+01 9.9459e+04 4.9708e-05 9.5681e-01 9.9459e+04 4.9439e+00 2.3921e+00
3.6275e+01 9.9398e+04 5.4712e-05 9.5310e-01 9.9398e+04 5.4383e+00 2.3829e+00
3.6667e+01 9.9331e+04 6.0094e-05 9.4919e-01 9.9331e+04 5.9692e+00 2.3731e+00
3.7059e+01 9.9258e+04 6.5868e-05 9.4506e-01 9.9258e+04 6.5379e+00 2.3629e+00
3.7451e+01 9.9179e+04 7.2049e-05 9.4074e-01 9.9179e+04 7.1457e+00 2.3521e+00
3.7843e+01 9.9094e+04 7.8650e-05 9.3620e-01 9.9094e+04 7.7937e+00 2.3408e+00
3.8235e+01 9.9001e+04 8.5684e-05 9.3146e-01 9.9001e+04 8.4828e+00 2.3290e+00
3.8627e+01 9.8902e+04 9.3162e-05 9.2653e-01 9.8902e+04 9.2138e+00 2.3167e+00
3.9020e+01 9.8794e+04 1.0109e-04 9.2139e-01 9.8794e+04 9.9875e+00 2.3040e+00
3.9412e+01 9.8679e+04 1.0949e-04 9.1607e-01 9.8679e+04 1.0804e+01 2.2908e+00
3.9804e+01 9.8555e+04 1.1835e-04 9.1056e-01 9.8555e+04 1.1664e+01 2.2771e+00
4.0196e+01 9.8423e+04 1.2770e-04 9.0488e-01 9.8423e+04 1.2568e+01 2.2630e+00
4.0588e+01 9.8282e+04 1.3752e-04 8.9904e-01 9.8282e+04 1.3516e+01 2.2485e+00
4.0980e+01 9.8132e+04 1.4782e-04 8.9303e-01 9.8132e+04 1.4506e+01 2.2337e+00
4.1373e+01 9.7973e+04 1.5863e-04 8.8689e-01 9.7973e+04 1.5542e+01 2.2185e+00
4.1765e+01 9.7802e+04 1.6984e-04 8.8059e-01 9.7802e+04 1.6611e+01 2.2029e+00
4.2157e+01 9.7629e+04 1.8179e-04 8.7425e-01 9.7629e+04 1.7748e+01 2.1872e+00
4.2549e+01 9.7425e+04 1.9348e-04 8.6756e-01 9.7425e+04 1.8850e+01 2.1707e+00
4.2941e+01 9.7264e+04 2.0755e-04 8.6142e-01 9.7264e+04 2.0187e+01 2.1556e+00
4.3333e+01 9.6964e+04 2.1744e-04 8.5361e-01 9.6964e+04 2.1084e+01 2.1363e+00
4.3725e+01 9.6944e+04 2.3826e-04 8.4931e-01 9.6944e+04 2.3098e+01 2.1260e+00
4.4118e+01 9.6309e+04 2.3768e-04 8.3756e-01 9.6309e+04 2.2891e+01 2.0966e+00
4.4510e+01 9.6811e+04 2.7889e-04 8.3972e-01 9.6811e+04 2.7000e+01 2.1031e+00
4.4902e+01 9.5341e+04 2.4963e-04 8.1809e-01 9.5341e+04 2.3800e+01 2.0482e+00
4.5294e+01 9.6838e+04 3.2801e-04 8.3224e-01 9.6838e+04 3.1764e+01 2.0858e+00
4.5686e+01 9.4403e+04 2.6584e-04 7.9964e-01 9.4403e+04 2.5096e+01 2.0024e+00
4.6078e+01 9.6288e+04 3.5954e-04 8.1830e-01 9.6288e+04 3.4620e+01 2.0520e+00
4.6471e+01 9.4367e+04 3.1864e-04 7.9273e-01 9.4367e+04 3.0069e+01 1.9866e+00
4.6863e+01 9.4795e+04 3.6039e-04 7.9406e-01 9.4795e+04 3.4163e+01 1.9913e+00
4.7255e+01 9.4439e+04 3.7751e-04 7.8741e-01 9.4439e+04 3.5652e+01 1.9753e+00
4.7647e+01 9.4155e+04 3.9445e-04 7.8068e-01 9.4155e+04 3.7139e+01 1.9590e+00
4.8039e+01 9.3297e+04 3.9296e-04 7.6807e-01 9.3297e+04 3.6662e+01 1.9274e+00
4.8431e+01 9.3338e+04 4.4113e-04 7.7129e-01 9.3338e+04 4.1174e+01 1.9373e+00
4.8824e+01 9.6032e+04 4.3888e-04 7.5845e-01 9.6032e+04 4.2146e+01 1.9054e+00
4.9216e+01 7.8243e+04 4.6192e-04 7.5436e-01 7.8243e+04 3.6142e+01 1.8943e+00
4.9608e+01 1.2897e+05 4.7984e-04 7.4653e-01 1.2897e+05 6.1886e+01 1.8812e+00
5.0000e+01 6.9666e+04 4.9070e-04 7.4075e-01 6.9666e+04 3.4185e+01 1.8603e+00
5.0392e+01 2.6509e+04 5.0953e-04 7.3858e-01 2.6509e+04 1.3507e+01 1.8499e+00
5.0784e+01 1.1837e+04 5.3494e-04 7.3740e-01 1.1837e+04 6.3324e+00 1.8452e+00
5.1176e+01 8.6146e+03 6.2926e-04 7.3963e-01 8.6146e+03 5.4209e+00 1.8508e+00
5.1569e+01 8.3004e+03 6.9356e-04 7.3640e-01 8.3004e+03 5.7568e+00 1.8430e+00
5.1961e+01 8.8538e+03 7.4916e-04 7.3282e-01 8.8538e+03 6.6329e+00 1.8345e+00
5.2353e+01 9.4717e+03 8.6554e-04 7.3681e-01 9.4717e+03 8.1981e+00 1.8456e+00
5.2745e+01 1.0074e+04 9.5903e-04 7.4009e-01 1.0074e+04 9.6608e+00 1.8549e+00
5.3137e+01 1.0436e+04 9.6500e-04 7.3568e-01 1.0436e+04 1.0071e+01 1.8440e+00
5.3529e+01 1.0733e+04 9.6410e-04 7.3127e-01 1.0733e+04 1.0347e+01 1.8332e+00
5.3922e+01 1.0999e+04 1.0189e-03 7.3333e-01 1.0999e+04 1.1208e+01 1.8390e+00
5.4314e+01 1.1252e+04 1.0877e-03 7.3737e-01 1.1252e+04 1.2239e+01 1.8501e+00
5.4706e+01 1.1407e+04 1.1117e-03 7.3703e-01 1.1407e+04 1.2681e+01 1.8496e+00
5.5098e+01 1.1502e+04 1.0990e-03 7.3301e-01 1.1502e+04 1.2640e+01 1.8395e+00
5.5490e+01 1.1586e+04 1.0969e-03 7.3009e-01 1.1586e+04 1.2709e+01 1.8322e+00
5.5882e+01 1.1707e+04 1.1323e-03 7.3155e-01 1.1707e+04 1.3256e+01 1.8364e+00
5.6275e+01 1.1835e+04 1.1847e-03 7.3511e-01 1.1835e+04 1.4021e+01 1.8461e+00
5.6667e+01 1.1934e+04 1.2191e-03 7.3687e-01 1.1934e+04 1.4549e+01 1.8510e+00
5.7059e+01 1.1986e+04 1.2231e-03 7.3538e-01 1.1986e+04 1.4660e+01 1.8474e+00
5.7451e+01 1.2014e+04 1.2123e-03 7.3222e-01 1.2014e+04 1.4564e+01 1.8394e+00
5.7843e+01 1.2054e+04 1.2136e-03 7.3040e-01 1.2054e+04 1.4628e+01 1.8349e+00
5.8235e+01 1.2126e+04 1.2438e-03 7.3195e-01 1.2126e+04 1.5083e+01 1.8393e+00
5.8627e+01 1.2221e+04 1.2935e-03 7.3582e-01 1.2221e+04 1.5807e+01 1.8498e+00
5.9020e+01 1.2307e+04 1.3395e-03 7.3940e-01 1.2307e+04 1.6485e+01 1.8595e+00
5.9412e+01 1.2363e+04 1.3646e-03 7.4073e-01 1.2363e+04 1.6870e+01 1.8633e+00
5.9804e+01 1.2385e+04 1.3669e-03 7.3953e-01 1.2385e+04 1.6929e+01 1.8604e+00
6.0196e+01 1.2391e+04 1.3575e-03 7.3693e-01 1.2391e+04 1.6821e+01 1.8537e+00
6.0588e+01 1.2407e+04 1.3552e-03 7.3502e-01 1.2407e+04 1.6815e+01 1.8489e+00
6.0980e+01 1.2455e+04 1.3782e-03 7.3610e-01 1.2455e+04 1.7166e+01 1.8521e+00
6.1373e+01 1.2540e+04 1.4296e-03 7.4052e-01 1.2540e+04 1.7927e+01 1.8641e+00
6.1765e+01 1.2650e+04 1.4996e-03 7.4720e-01 1.2650e+04 1.8970e+01 1.8822e+00
6.2157e+01 1.2766e+04 1.5743e-03 7.5457e-01 1.2766e+04 2.0097e+01 1.9022e+00
6.2549e+01 1.2871e+04 1.6414e-03 7.6116e-01 1.2871e+04 2.1126e+01 1.9202e+00
6.2941e+01 1.2955e+04 1.6936e-03 7.6610e-01 1.2955e+04 2.1939e+01 1.9338e+00
6.3333e+01 1.3014e+04 1.7289e-03 7.6911e-01 1.3014e+04 2.2500e+01 1.9422e+00
6.3725e+01 1.3052e+04 1.7495e-03 7.7041e-01 1.3052e+04 2.2835e+01 1.9460e+00
6.4118e+01 1.3075e+04 1.7594e-03 7.7048e-01 1.3075e+04 2.3004e+01 1.9464e+00
6.4510e+01 1.3088e+04 1.7628e-03 7.6978e-01 1.3088e+04 2.3071e+01 1.9448e+00
6.4902e+01 1.3095e+04 1.7629e-03 7.6871e-01 1.3095e+04 2.3086e+01 1.9421e+00
6.5294e+01 1.3101e+04 1.7617e-03 7.6749e-01 1.3101e+04 2.3079e+01 1.9390e+00
6.5686e+01 1.3105e+04 1.7598e-03 7.6619e-01 1.3105e+04 2.3063e+01 1.9358e+00
6.6078e+01 1.3109e+04 1.7576e-03 7.6484e-01 1.3109e+04 2.3041e+01 1.9324e+00
6.6471e+01 1.3113e+04 1.7551e-03 7.6345e-01 1.3113e+04 2.3015e+01 1.9288e+00
6.6863e+01 1.3116e+04 1.7524e-03 7.6202e-01 1.3116e+04 2.2985e+01 1.9252e+00
6.7255e+01 1.3119e+04 1.7495e-03 7.6054e-01 1.3119e+04 2.2952e+01 1.9214e+00
6.7647e+01 1.3122e+04 1.7463e-03 7.5902e-01 1.3122e+04 2.2914e+01 1.9176e+00
6.8039e+01 1.3124e+04 1.7429e-03 7.5746e-01 1.3124e+04 2.2874e+01 1.9136e+00
6.8431e+01 1.3126e+04 1.7393e-03 7.5586e-01 1.3126e+04 2.2830e+01 1.9095e+00
6.8824e+01 1.3128e+04 1.7354e-03 7.5421e-01 1.3128e+04 2.2783e+01 1.9053e+00
6.9216e+01 1.3130e+04 1.7314e-03 7.5252e-01 1.3130e+04 2.2733e+01 1.9010e+00
6.9608e+01 1.3131e+04 1.7272e-03 7.5079e-01 1.3131e+04 2.2680e+01 1.8966e+00
7.0000e+01 1.3133e+04 1.7227e-03 7.4902e-01 1.3133e+04 2.2624e+01 1.8920e+00
7.0392e+01 1.3134e+04 1.7181e-03 7.4720e-01 1.3134e+04 2.2565e+01 1.8874e+00
7.0784e+01 1.3134e+04 1.7133e-03 7.4533e-01 1.3134e+04 2.2503e+01 1.8826e+00
7.1176e+01 1.3135e+04 1.7082e-03 7.4342e-01 1.3135e+04 2.2438e+01 1.8777e+00
7.1569e+01 1.3135e+04 1.7030e-03 7.4146e-01 1.3135e+04 2.2370e+01 1.8727e+00
7.1961e+01 1.3136e+04 1.6976e-03 7.3946e-01 1.3136e+04 2.2299e+01 1.8676e+00
7.2353e+01 1.3136e+04 1.6920e-03 7.3740e-01 1.3136e+04 2.2225e+01 1.8623e+00
7.2745e+01 1.3135e+04 1.6862e-03 7.3530e-01 1.3135e+04 2.2149e+01 1.8569e+00
7.3137e+01 1.3135e+04 1.6802e-03 7.3314e-01 1.3135e+04 2.2069e+01 1.8514e+00
7.3529e+01 1.3135e+04 1.6740e-03 7.3094e-01 1.3135e+04 2.1987e+01 1.8457e+00
7.3922e+01 1.3134e+04 1.6675e-03 7.2868e-01 1.3134e+04 2.1901e+01 1.8400e+00
7.4314e+01 1.3133e+04 1.6609e-03 7.2637e-01 1.3133e+04 2.1813e+01 1.8340e+00
7.4706e+01 1.3132e+04 1.6541e-03 7.2400e-01 1.3132e+04 2.1722e+01 1.8280e+00
7.5098e+01 1.3131e+04 1.6471e-03 7.2158e-01 1.3131e+04 2.1628e+01 1.8218e+00
7.5490e+01 1.3129e+04 1.6399e-03 7.1910e-01 1.3129e+04 2.1531e+01 1.8154e+00
7.5882e+01 1.3128e+04 1.6325e-03 7.1656e-01 1.3128e+04 2.1431e+01 1.8089e+00
7.6275e+01 1.3126e+04 1.6249e-03 7.1396e-01 1.3126e+04 2.1329e+01 1.8022e+00
7.6667e+01 1.3124e+04 1.6171e-03 7.1131e-01 1.3124e+04 2.1223e+01 1.7954e+00
7.7059e+01 1.3122e+04 1.6090e-03 7.0858e-01 1.3122e+04 2.1114e+01 1.7884e+00
7.7451e+01 1.3120e+04 1.6008e-03 7.0580e-01 1.3120e+04 2.1003e+01 1.7813e+00
7.7843e+01 1.3118e+04 1.5924e-03 7.0295e-01 1.3118e+04 2.0888e+01 1.7740e+00
7.8235e+01 1.3115e+04 1.5837e-03 7.0004e-01 1.3115e+04 2.0771e+01 1.7665e+00
7.8627e+01 1.3113e+04 1.5748e-03 6.9705e-01 1.3113e+04 2.0650e+01 1.7589e+00
7.9020e+01 1.3110e+04 1.5657e-03 6.9400e-01 1.3110e+04 2.0527e+01 1.7511e+00
7.9412e+01 1.3107e+04 1.5564e-03 6.9088e-01 1.3107e+04 2.0400e+01 1.7431e+00
7.9804e+01 1.3104e+04 1.5469e-03 6.8768e-01 1.3104e+04 2.0271e+01 1.7349e+00
8.0196e+01 1.3101e+04 1.5372e-03 6.8440e-01 1.3101e+04 2.0138e+01 1.7265e+00
8.0588e+01 1.3098e+04 1.5272e-03 6.8105e-01 1.3098e+04 2.0003e+01 1.7179e+00
8.0980e+01 1.3094e+04 1.5170e-03 6.7762e-01 1.3094e+04 1.9864e+01 1.7091e+00
8.1373e+01 1.3091e+04 1.5066e-03 6.7410e-01 1.3091e+04 1.9722e+01 1.7001e+00
8.1765e+01 1.3087e+04 1.4960e-03 6.7050e-01 1.3087e+04 1.9578e+01 1.6909e+00
8.2157e+01 1.3083e+04 1.4852e-03 6.6680e-01 1.3083e+04 1.9430e+01 1.6814e+00
8.2549e+01 1.3079e+04 1.4742e-03 6.6300e-01 1.3079e+04 1.9280e+01 1.6717e+00
8.2941e+01 1.3075e+04 1.4629e-03 6.5909e-01 1.3075e+04 1.9127e+01 1.6617e+00
8.3333e+01 1.3070e+04 1.4516e-03 6.5506e-01 1.3070e+04 1.8972e+01 1.6514e+00
8.3725e+01 1.3066e+04 1.4400e-03 6.5089e-01 1.3066e+04 1.8815e+01 1.6408e+00
8.4118e+01 1.3061e+04 1.4283e-03 6.4658e-01 1.3061e+04 1.8655e+01 1.6298e+00
8.4510e+01 1.3056e+04 1.4165e-03 6.4211e-01 1.3056e+04 1.8495e+01 1.6184e+00
8.4902e+01 1.3051e+04 1.4047e-03 6.3744e-01 1.3051e+04 1.8333e+01 1.6065e+00
8.5294e+01 1.3046e+04 1.3928e-03 6.3257e-01 1.3046e+04 1.8170e+01 1.5941e+00
8.5686e+01 1.3040e+04 1.3810e-03 6.2747e-01 1.3040e+04 1.8008e+01 1.5811e+00
8.6078e+01 1.3035e+04 1.3692e-03 6.2210e-01 1.3035e+04 1.7847e+01 1.5675e+00
8.6471e+01 1.3029e+04 1.3575e-03 6.1644e-01 1.3029e+04 1.7686e+01 1.5531e+00
8.6863e+01 1.3022e+04 1.3460e-03 6.1047e-01 1.3022e+04 1.7529e+01 1.5380e+00
8.7255e+01 1.3016e+04 1.3348e-03 6.0414e-01 1.3016e+04 1.7374e+01 1.5219e+00
8.7647e+01 1.3009e+04 1.3240e-03 5.9744e-01 1.3009e+04 1.7223e+01 1.5050e+00
8.8039e+01 1.3002e+04 1.3135e-03 5.9033e-01 1.3002e+04 1.7077e+01 1.4870e+00
8.8431e+01 1.2994e+04 1.3034e-03 5.8280e-01 1.2994e+04 1.6937e+01 1.4680e+00
8.8824e+01 1.2986e+04 1.2939e-03 5.7481e-01 1.2986e+04 1.6803e+01 1.4479e+00
8.9216e+01 1.2978e+04 1.2849e-03 5.6636e-01 1.2978e+04 1.6675e+01 1.4266e+00
8.9608e+01 1.2969e+04 1.2766e-03 5.5742e-01 1.2969e+04 1.6556e+01 1.4041e+00
9.0000e+01 1.2960e+04 1.2689e-03 5.4799e-01 1.2960e+04 1.6444e+01 1.3804e+00
9.0392e+01 1.2950e+04 1.2619e-03 5.3806e-01 1.2950e+04 1.6341e+01 1.3555e+00
9.0784e+01 1.2940e+04 1.2556e-03 5.2763e-01 1.2940e+04 1.6247e+01 1.3293e+00
9.1176e+01 1.2929e+04 1.2500e-03 5.1669e-01 1.2929e+04 1.6161e+01 1.3018e+00
9.1569e+01 1.2918e+04 1.2452e-03 5.0525e-01 1.2918e+04 1.6085e+01 1.2731e+00
9.1961e+01 1.2906e+04 1.2412e-03 4.9332e-01 1.2906e+04 1.6018e+01 1.2432e+00
9.2353e+01 1.2894e+04 1.2378e-03 4.8091e-01 1.2894e+04 1.5960e+01 1.2121e+00
9.2745e+01 1.2881e+04 1.2352e-03 4.6803e-01 1.2881e+04 1.5911e+01 1.1799e+00
9.3137e+01 1.2868e+04 1.2332e-03 4.5470e-01 1.2868e+04 1.5869e+01 1.1465e+00
9.3529e+01 1.2854e+04 1.2318e-03 4.4096e-01 1.2854e+04 1.5834e+01 1.1121e+00
9.3922e+01 1.2840e+04 1.2308e-03 4.2683e-01 1.2840e+04 1.5804e+01 1.0768e+00
9.4314e+01 1.2826e+04 1.2301e-03 4.1237e-01 1.2826e+04 1.5778e+01 1.0406e+00
9.4706e+01 1.2812e+04 1.2295e-03 3.9765e-01 1.2812e+04 1.5753e+01 1.0038e+00
9.5098e+01 1.2798e+04 1.2286e-03 3.8275e-01 1.2798e+04 1.5724e+01 9.6653e-01
9.5490e+01 1.2784e+04 1.2271e-03 3.6779e-01 1.2784e+04 1.5687e+01 9.2910e-01
9.5882e+01 1.2771e+04 1.2244e-03 3.5293e-01 1.2771e+04 1.5637e+01 8.9190e-01
9.6275e+01 1.2758e+04 1.2199e-03 3.3831e-01 1.2758e+04 1.5563e+01 8.5527e-01
9.6667e+01 1.2748e+04 1.2138e-03 3.2420e-01 1.2748e+04 1.5474e+01 8.1990e-01
9.7059e+01 1.2734e+04 1.2028e-03 3.1042e-01 1.2734e+04 1.5317e+01 7.8526e-01
9.7451e+01 1.2734e+04 1.1959e-03 2.9804e-01 1.2734e+04 1.5228e+01 7.5420e-01
9.7843e+01 1.2701e+04 1.1688e-03 2.8424e-01 1.2701e+04 1.4845e+01 7.1927e-01
9.8235e+01 1.2750e+04 1.1844e-03 2.7590e-01 1.2750e+04 1.5101e+01 6.9870e-01
9.8627e+01 1.2556e+04 1.1039e-03 2.5601e-01 1.2556e+04 1.3860e+01 6.4768e-01
9.9020e+01 1.2902e+04 1.2860e-03 2.5737e-01 1.2902e+04 1.6592e+01 6.5409e-01
9.9412e+01 1.1424e+04 9.8846e-04 2.0529e-01 1.1424e+04 1.1292e+01 5.1882e-01
9.9804e+01 1.5125e+04 1.8254e-03 2.2937e-01 1.5125e+04 2.7609e+01 5.9863e-01
