# # x Density Velocity Pressure q0 q1 q2
1.9608e-01 1.0000e+05 5.9852e-13 1.0000e+00 1.0000e+05 5.9852e-08 2.5000e+00
5.8824e-01 1.0000e+05 7.9467e-13 1.0000e+00 1.0000e+05 7.9467e-08 2.5000e+00
9.8039e-01 1.0000e+05 9.5749e-13 1.0000e+00 1.0000e+05 9.5749e-08 2.5000e+00
1.3725e+00 1.0000e+05 1.1940e-12 1.0000e+00 1.0000e+05 1.1940e-07 2.5000e+00
1.7647e+00 1.0000e+05 1.5463e-12 1.0000e+00 1.0000e+05 1.5463e-07 2.5000e+00
2.1569e+00 1.0000e+05 2.0486e-12 1.0000e+00 1.0000e+05 2.0486e-07 2.5000e+00
2.5490e+00 1.0000e+05 2.7444e-12 1.0000e+00 1.0000e+05 2.7444e-07 2.5000e+00
2.9412e+00 1.0000e+05 3.6926e-12 1.0000e+00 1.0000e+05 3.6926e-07 2.5000e+00
3.3333e+00 1.0000e+05 4.9726e-12 1.0000e+00 1.0000e+05 4.9726e-07 2.5000e+00
3.7255e+00 1.0000e+05 6.6904e-12 1.0000e+00 1.0000e+05 6.6904e-07 2.5000e+00
4.1176e+00 1.0000e+05 8.9858e-12 1.0000e+00 1.0000e+05 8.9858e-07 2.5000e+00
4.5098e+00 1.0000e+05 1.2043e-11 1.0000e+00 1.0000e+05 1.2043e-06 2.5000e+00
4.9020e+00 1.0000e+05 1.6101e-11 1.0000e+00 1.0000e+05 1.6101e-06 2.5000e+00
5.2941e+00 1.0000e+05 2.1473e-11 1.0000e+00 1.0000e+05 2.1473e-06 2.5000e+00
5.6863e+00 1.0000e+05 2.8566e-11 1.0000e+00 1.0000e+05 2.8566e-06 2.5000e+00
6.0784e+00 1.0000e+05 3.7905e-11 1.0000e+00 1.0000e+05 3.7905e-06 2.5000e+00
6.4706e+00 1.0000e+05 5.0168e-11 1.0000e+00 1.0000e+05 5.0168e-06 2.5000e+00
6.8627e+00 1.0000e+05 6.6229e-11 1.0000e+00 1.0000e+05 6.6229e-06 2.5000e+00
7.2549e+00 1.0000e+05 8.7207e-11 1.0000e+00 1.0000e+05 8.7207e-06 2.5000e+00
7.6471e+00 1.0000e+05 1.1453e-10 1.0000e+00 1.0000e+05 1.1453e-05 2.5000e+00
8.0392e+00 1.0000e+05 1.5004e-10 1.0000e+00 1.0000e+05 1.5004e-05 2.5000e+00
8.4314e+00 1.0000e+05 1.9604e-10 1.0000e+00 1.0000e+05 1.9604e-05 2.5000e+00
8.8235e+00 1.0000e+05 2.5550e-10 1.0000e+00 1.0000e+05 2.5550e-05 2.5000e+00
9.2157e+00 1.0000e+05 3.3213e-10 1.0000e+00 1.0000e+05 3.3213e-05 2.5000e+00
9.6078e+00 1.0000e+05 4.3063e-10 1.0000e+00 1.0000e+05 4.3063e-05 2.5000e+00
1.0000e+01 1.0000e+05 5.5692e-10 1.0000e+00 1.0000e+05 5.5692e-05 2.5000e+00
1.0392e+01 1.0000e+05 7.1839e-10 1.0000e+00 1.0000e+05 7.1839e-05 2.5000e+00
1.0784e+01 1.0000e+05 9.2430e-10 1.0000e+00 1.0000e+05 9.2430e-05 2.5000e+00
1.1176e+01 1.0000e+05 1.1862e-09 1.0000e+00 1.0000e+05 1.1862e-04 2.5000e+00
1.1569e+01 1.0000e+05 1.5184e-09 1.0000e+00 1.0000e+05 1.5184e-04 2.5000e+00
1.1961e+01 1.0000e+05 1.9386e-09 1.0000e+00 1.0000e+05 1.9386e-04 2.5000e+00
1.2353e+01 1.0000e+05 2.4688e-09 1.0000e+00 1.0000e+05 2.4688e-04 2.5000e+00
1.2745e+01 1.0000e+05 3.1359e-09 9.9999e-01 1.0000e+05 3.1359e-04 2.5000e+00
1.3137e+01 1.0000e+05 3.9731e-09 9.9999e-01 1.0000e+05 3.9731e-04 2.5000e+00
1.3529e+01 1.0000e+05 5.0209e-09 9.9999e-01 1.0000e+05 5.0209e-04 2.5000e+00
1.3922e+01 1.0000e+05 6.3289e-09 9.9999e-01 1.0000e+05 6.3289e-04 2.5000e+00
1.4314e+01 1.0000e+05 7.9573e-09 9.9999e-01 1.0000e+05 7.9573e-04 2.5000e+00
1.4706e+01 1.0000e+05 9.9791e-09 9.9998e-01 1.0000e+05 9.9790e-04 2.5000e+00
1.5098e+01 1.0000e+05 1.2483e-08 9.9998e-01 1.0000e+05 1.2483e-03 2.5000e+00
1.5490e+01 1.0000e+05 1.5574e-08 9.9998e-01 1.0000e+05 1.5574e-03 2.4999e+00
1.5882e+01 1.0000e+05 1.9383e-08 9.9997e-01 1.0000e+05 1.9383e-03 2.4999e+00
1.6275e+01 1.0000e+05 2.4061e-08 9.9996e-01 1.0000e+05 2.4061e-03 2.4999e+00
1.6667e+01 1.0000e+05 2.9792e-08 9.9996e-01 1.0000e+05 2.9792e-03 2.4999e+00
1.7059e+01 1.0000e+05 3.6794e-08 9.9995e-01 1.0000e+05 3.6794e-03 2.4999e+00
1.7451e+01 1.0000e+05 4.5328e-08 9.9993e-01 1.0000e+05 4.5328e-03 2.4998e+00
1.7843e+01 1.0000e+05 5.5699e-08 9.9992e-01 1.0000e+05 5.5698e-03 2.4998e+00
1.8235e+01 1.0000e+05 6.8269e-08 9.9990e-01 1.0000e+05 6.8269e-03 2.4998e+00
1.8627e+01 9.9999e+04 8.3465e-08 9.9988e-01 9.9999e+04 8.3465e-03 2.4997e+00
1.9020e+01 9.9999e+04 1.0179e-07 9.9986e-01 9.9999e+04 1.0179e-02 2.4996e+00
1.9412e+01 9.9999e+04 1.2382e-07 9.9983e-01 9.9999e+04 1.2381e-02 2.4996e+00
1.9804e+01 9.9999e+04 1.5023e-07 9.9979e-01 9.9999e+04 1.5023e-02 2.4995e+00
2.0196e+01 9.9999e+04 1.8183e-07 9.9975e-01 9.9999e+04 1.8183e-02 2.4994e+00
2.0588e+01 9.9998e+04 2.1952e-07 9.9970e-01 9.9998e+04 2.1952e-02 2.4993e+00
2.0980e+01 9.9998e+04 2.6436e-07 9.9965e-01 9.9998e+04 2.6435e-02 2.4991e+00
2.1373e+01 9.9998e+04 3.1756e-07 9.9958e-01 9.9998e+04 3.1755e-02 2.4989e+00
2.1765e+01 9.9997e+04 3.8051e-07 9.9950e-01 9.9997e+04 3.8050e-02 2.4987e+00
2.2157e+01 9.9997e+04 4.5481e-07 9.9941e-01 9.9997e+04 4.5480e-02 2.4985e+00
2.2549e+01 9.9996e+04 5.4226e-07 9.9930e-01 9.9996e+04 5.4224e-02 2.4983e+00
2.2941e+01 9.9995e+04 6.4493e-07 9.9918e-01 9.9995e+04 6.4490e-02 2.4979e+00
2.3333e+01 9.9994e+04 7.6513e-07 9.9904e-01 9.9994e+04 7.6509e-02 2.4976e+00
2.3725e+01 9.9993e+04 9.0549e-07 9.9887e-01 9.9993e+04 9.0543e-02 2.4972e+00
2.4118e+01 9.9991e+04 1.0690e-06 9.9868e-01 9.9991e+04 1.0689e-01 2.4967e+00
2.4510e+01 9.9990e+04 1.2588e-06 9.9846e-01 9.9990e+04 1.2587e-01 2.4962e+00
2.4902e+01 9.9988e+04 1.4788e-06 9.9821e-01 9.9988e+04 1.4786e-01 2.4955e+00
2.5294e+01 9.9986e+04 1.7330e-06 9.9793e-01 9.9986e+04 1.7327e-01 2.4948e+00
2.5686e+01 9.9983e+04 2.0259e-06 9.9760e-01 9.9983e+04 2.0255e-01 2.4940e+00
2.6078e+01 9.9980e+04 2.3625e-06 9.9724e-01 9.9980e+04 2.3620e-01 2.4931e+00
2.6471e+01 9.9977e+04 2.7484e-06 9.9682e-01 9.9977e+04 2.7477e-01 2.4921e+00
2.6863e+01 9.9973e+04 3.1896e-06 9.9635e-01 9.9973e+04 3.1887e-01 2.4909e+00
2.7255e+01 9.9968e+04 3.6927e-06 9.9582e-01 9.9968e+04 3.6915e-01 2.4896e+00
2.7647e+01 9.9963e+04 4.2649e-06 9.9523e-01 9.9963e+04 4.2633e-01 2.4881e+00
2.8039e+01 9.9957e+04 4.9141e-06 9.9457e-01 9.9957e+04 4.9119e-01 2.4864e+00
2.8431e+01 9.9950e+04 5.6485e-06 9.9383e-01 9.9950e+04 5.6457e-01 2.4846e+00
2.8824e+01 9.9942e+04 6.4774e-06 9.9300e-01 9.9942e+04 6.4736e-01 2.4825e+00
2.9216e+01 9.9932e+04 7.4104e-06 9.9209e-01 9.9932e+04 7.4054e-01 2.4802e+00
2.9608e+01 9.9922e+04 8.4579e-06 9.9108e-01 9.9922e+04 8.4513e-01 2.4777e+00
3.0000e+01 9.9910e+04 9.6309e-06 9.8996e-01 9.9910e+04 9.6223e-01 2.4749e+00
3.0392e+01 9.9897e+04 1.0941e-05 9.8873e-01 9.9897e+04 1.0930e+00 2.4718e+00
3.0784e+01 9.9882e+04 1.2401e-05 9.8738e-01 9.9882e+04 1.2386e+00 2.4685e+00
3.1176e+01 9.9865e+04 1.4023e-05 9.8591e-01 9.9865e+04 1.4004e+00 2.4648e+00
3.1569e+01 9.9846e+04 1.5821e-05 9.8430e-01 9.9846e+04 1.5797e+00 2.4608e+00
3.1961e+01 9.9825e+04 1.7810e-05 9.8254e-01 9.9825e+04 1.7779e+00 2.4564e+00
3.2353e+01 9.9801e+04 2.0003e-05 9.8063e-01 9.9801e+04 1.9963e+00 2.4516e+00
3.2745e+01 9.9775e+04 2.2416e-05 9.7857e-01 9.9775e+04 2.2365e+00 2.4464e+00
3.3137e+01 9.9746e+04 2.5064e-05 9.7634e-01 9.9746e+04 2.5000e+00 2.4409e+00
3.3529e+01 9.9713e+04 2.7963e-05 9.7394e-01 9.9713e+04 2.7883e+00 2.4349e+00
3.3922e+01 9.9677e+04 3.1129e-05 9.7136e-01 9.9677e+04 3.1029e+00 2.4285e+00
3.4314e+01 9.9637e+04 3.4578e-05 9.6860e-01 9.9637e+04 3.4453e+00 2.4216e+00
3.4706e+01 9.9593e+04 3.8327e-05 9.6565e-01 9.9593e+04 3.8171e+00 2.4142e+00
3.5098e+01 9.9545e+04 4.2392e-05 9.6250e-01 9.9545e+04 4.2199e+00 2.4063e+00
3.5490e+01 9.9492e+04 4.6788e-05 9.5916e-01 9.9492e+04 4.6551e+00 2.3980e+00
3.5882e+01 9.9435e+04 5.1532e-05 9.5562e-01 9.9435e+04 5.1241e+00 2.3892e+00
3.6275e+01 9.9372e+04 5.6640e-05 9.5187e-01 9.9372e+04 5.6284e+00 2.3798e+00
3.6667e+01 9.9303e+04 6.2125e-05 9.4792e-01 9.9303e+04 6.1692e+00 2.3700e+00
3.7059e+01 9.9228e+04 6.8003e-05 9.4377e-01 9.9228e+04 6.7478e+00 2.3597e+00
3.7451e+01 9.9147e+04 7.4288e-05 9.3941e-01 9.9147e+04 7.3654e+00 2.3488e+00
3.7843e+01 9.9059e+04 8.0991e-05 9.3485e-01 9.9059e+04 8.0230e+00 2.3374e+00
3.8235e+01 9.8965e+04 8.8126e-05 9.3009e-01 9.8965e+04 8.7214e+00 2.3256e+00
3.8627e+01 9.8863e+04 9.5702e-05 9.2513e-01 9.8863e+04 9.4614e+00 2.3133e+00
3.9020e+01 9.8753e+04 1.0373e-04 9.1999e-01 9.8753e+04 1.0244e+01 2.3005e+00
3.9412e+01 9.8636e+04 1.1222e-04 9.1465e-01 9.8636e+04 1.1069e+01 2.2873e+00
3.9804e+01 9.8510e+04 1.2117e-04 9.0914e-01 9.8510e+04 1.1937e+01 2.2736e+00
4.0196e+01 9.8376e+04 1.3060e-04 9.0346e-01 9.8376e+04 1.2848e+01 2.2595e+00
4.0588e+01 9.8233e+04 1.4050e-04 8.9762e-01 9.8233e+04 1.3802e+01 2.2450e+00
4.0980e+01 9.8080e+04 1.5087e-04 8.9162e-01 9.8080e+04 1.4798e+01 2.2302e+00
4.1373e+01 9.7919e+04 1.6176e-04 8.8550e-01 9.7919e+04 1.5839e+01 2.2150e+00
4.1765e+01 9.7746e+04 1.7301e-04 8.7921e-01 9.7746e+04 1.6911e+01 2.1995e+00
4.2157e+01 9.7572e+04 1.8506e-04 8.7291e-01 9.7572e+04 1.8057e+01 2.1839e+00
4.2549e+01 9.7363e+04 1.9668e-04 8.6619e-01 9.7363e+04 1.9150e+01 2.1674e+00
4.2941e+01 9.7207e+04 2.1107e-04 8.6018e-01 9.7207e+04 2.0518e+01 2.1526e+00
4.3333e+01 9.6889e+04 2.2040e-04 8.5220e-01 9.6889e+04 2.1354e+01 2.1329e+00
4.3725e+01 9.6899e+04 2.4239e-04 8.4832e-01 9.6899e+04 2.3487e+01 2.1237e+00
4.4118e+01 9.6209e+04 2.3986e-04 8.3595e-01 9.6209e+04 2.3077e+01 2.0926e+00
4.4510e+01 9.6789e+04 2.8396e-04 8.3911e-01 9.6789e+04 2.7484e+01 2.1017e+00
4.4902e+01 9.5220e+04 2.5117e-04 8.1636e-01 9.5220e+04 2.3916e+01 2.0439e+00
4.5294e+01 9.6803e+04 3.3267e-04 8.3158e-01 9.6803e+04 3.2204e+01 2.0843e+00
4.5686e+01 9.4335e+04 2.6941e-04 7.9868e-01 9.4335e+04 2.5414e+01 2.0001e+00
4.6078e+01 9.6158e+04 3.6092e-04 8.1664e-01 9.6158e+04 3.4705e+01 2.0479e+00
4.6471e+01 9.4380e+04 3.2518e-04 7.9284e-01 9.4380e+04 3.0691e+01 1.9871e+00
4.6863e+01 9.4657e+04 3.6146e-04 7.9245e-01 9.4657e+04 3.4215e+01 1.9873e+00
4.7255e+01 9.4357e+04 3.8058e-04 7.8651e-01 9.4357e+04 3.5911e+01 1.9731e+00
4.7647e+01 9.4131e+04 3.9957e-04 7.8051e-01 9.4131e+04 3.7611e+01 1.9588e+00
4.8039e+01 9.3198e+04 3.9513e-04 7.6704e-01 9.3198e+04 3.6826e+01 1.9249e+00
4.8431e+01 9.3194e+04 4.4317e-04 7.7028e-01 9.3194e+04 4.1300e+01 1.9349e+00
4.8824e+01 9.6162e+04 4.4317e-04 7.5823e-01 9.6162e+04 4.2616e+01 1.9050e+00
4.9216e+01 7.7741e+04 4.6500e-04 7.5389e-01 7.7741e+04 3.6150e+01 1.8931e+00
4.9608e+01 1.2901e+05 4.8253e-04 7.4598e-01 1.2901e+05 6.2252e+01 1.8800e+00
5.0000e+01 7.0898e+04 4.9349e-04 7.4026e-01 7.0898e+04 3.4988e+01 1.8593e+00
5.0392e+01 2.7229e+04 5.1280e-04 7.3822e-01 2.7229e+04 1.3963e+01 1.8491e+00
5.0784e+01 1.2050e+04 5.3030e-04 7.3605e-01 1.2050e+04 6.3900e+00 1.8418e+00
5.1176e+01 8.6282e+03 6.2394e-04 7.3850e-01 8.6282e+03 5.3835e+00 1.8479e+00
5.1569e+01 8.2697e+03 7.1180e-04 7.3760e-01 8.2697e+03 5.8864e+00 1.8461e+00
5.1961e+01 8.7968e+03 7.5166e-04 7.3257e-01 8.7968e+03 6.6122e+00 1.8339e+00
5.2353e+01 9.3949e+03 8.4258e-04 7.3405e-01 9.3949e+03 7.9160e+00 1.8385e+00
5.2745e+01 1.0020e+04 9.5442e-04 7.3910e-01 1.0020e+04 9.5629e+00 1.8523e+00
5.3137e+01 1.0417e+04 9.8553e-04 7.3726e-01 1.0417e+04 1.0266e+01 1.8482e+00
5.3529e+01 1.0709e+04 9.7363e-04 7.3171e-01 1.0709e+04 1.0426e+01 1.8343e+00
5.3922e+01 1.0954e+04 1.0045e-03 7.3125e-01 1.0954e+04 1.1003e+01 1.8337e+00
5.4314e+01 1.1211e+04 1.0739e-03 7.3540e-01 1.1211e+04 1.2040e+01 1.8450e+00
5.4706e+01 1.1392e+04 1.1172e-03 7.3722e-01 1.1392e+04 1.2728e+01 1.8502e+00
5.5098e+01 1.1501e+04 1.1149e-03 7.3439e-01 1.1501e+04 1.2822e+01 1.8431e+00
5.5490e+01 1.1575e+04 1.1032e-03 7.3040e-01 1.1575e+04 1.2769e+01 1.8330e+00
5.5882e+01 1.1677e+04 1.1217e-03 7.2994e-01 1.1677e+04 1.3098e+01 1.8322e+00
5.6275e+01 1.1801e+04 1.1698e-03 7.3297e-01 1.1801e+04 1.3805e+01 1.8405e+00
5.6667e+01 1.1914e+04 1.2143e-03 7.3582e-01 1.1914e+04 1.4468e+01 1.8483e+00
5.7059e+01 1.1983e+04 1.2310e-03 7.3576e-01 1.1983e+04 1.4751e+01 1.8485e+00
5.7451e+01 1.2016e+04 1.2238e-03 7.3320e-01 1.2016e+04 1.4705e+01 1.8420e+00
5.7843e+01 1.2044e+04 1.2165e-03 7.3037e-01 1.2044e+04 1.4652e+01 1.8348e+00
5.8235e+01 1.2100e+04 1.2327e-03 7.3032e-01 1.2100e+04 1.4916e+01 1.8350e+00
5.8627e+01 1.2185e+04 1.2751e-03 7.3334e-01 1.2185e+04 1.5538e+01 1.8433e+00
5.9020e+01 1.2277e+04 1.3249e-03 7.3732e-01 1.2277e+04 1.6266e+01 1.8541e+00
5.9412e+01 1.2348e+04 1.3607e-03 7.3984e-01 1.2348e+04 1.6801e+01 1.8610e+00
5.9804e+01 1.2384e+04 1.3730e-03 7.3980e-01 1.2384e+04 1.7004e+01 1.8612e+00
6.0196e+01 1.2395e+04 1.3673e-03 7.3778e-01 1.2395e+04 1.6948e+01 1.8560e+00
6.0588e+01 1.2402e+04 1.3592e-03 7.3519e-01 1.2402e+04 1.6857e+01 1.8494e+00
6.0980e+01 1.2432e+04 1.3682e-03 7.3466e-01 1.2432e+04 1.7010e+01 1.8483e+00
6.1373e+01 1.2498e+04 1.4055e-03 7.3745e-01 1.2498e+04 1.7566e+01 1.8560e+00
6.1765e+01 1.2596e+04 1.4670e-03 7.4312e-01 1.2596e+04 1.8479e+01 1.8713e+00
6.2157e+01 1.2710e+04 1.5403e-03 7.5026e-01 1.2710e+04 1.9578e+01 1.8907e+00
6.2549e+01 1.2821e+04 1.6119e-03 7.5734e-01 1.2821e+04 2.0667e+01 1.9100e+00
6.2941e+01 1.2916e+04 1.6720e-03 7.6318e-01 1.2916e+04 2.1595e+01 1.9260e+00
6.3333e+01 1.2988e+04 1.7158e-03 7.6719e-01 1.2988e+04 2.2286e+01 1.9371e+00
6.3725e+01 1.3037e+04 1.7438e-03 7.6936e-01 1.3037e+04 2.2734e+01 1.9432e+00
6.4118e+01 1.3067e+04 1.7589e-03 7.7005e-01 1.3067e+04 2.2985e+01 1.9453e+00
6.4510e+01 1.3085e+04 1.7655e-03 7.6973e-01 1.3085e+04 2.3101e+01 1.9447e+00
6.4902e+01 1.3095e+04 1.7672e-03 7.6885e-01 1.3095e+04 2.3141e+01 1.9426e+00
6.5294e+01 1.3101e+04 1.7666e-03 7.6771e-01 1.3101e+04 2.3144e+01 1.9397e+00
6.5686e+01 1.3106e+04 1.7650e-03 7.6647e-01 1.3106e+04 2.3133e+01 1.9366e+00
6.6078e+01 1.3110e+04 1.7630e-03 7.6517e-01 1.3110e+04 2.3114e+01 1.9333e+00
6.6471e+01 1.3114e+04 1.7608e-03 7.6382e-01 1.3114e+04 2.3091e+01 1.9299e+00
6.6863e+01 1.3118e+04 1.7582e-03 7.6243e-01 1.3118e+04 2.3064e+01 1.9264e+00
6.7255e+01 1.3121e+04 1.7555e-03 7.6100e-01 1.3121e+04 2.3033e+01 1.9227e+00
6.7647e+01 1.3124e+04 1.7525e-03 7.5953e-01 1.3124e+04 2.2999e+01 1.9190e+00
6.8039e+01 1.3126e+04 1.7492e-03 7.5802e-01 1.3126e+04 2.2961e+01 1.9151e+00
6.8431e+01 1.3129e+04 1.7458e-03 7.5646e-01 1.3129e+04 2.2920e+01 1.9112e+00
6.8824e+01 1.3131e+04 1.7422e-03 7.5486e-01 1.3131e+04 2.2876e+01 1.9071e+00
6.9216e+01 1.3133e+04 1.7383e-03 7.5322e-01 1.3133e+04 2.2828e+01 1.9029e+00
6.9608e+01 1.3134e+04 1.7343e-03 7.5154e-01 1.3134e+04 2.2778e+01 1.8986e+00
7.0000e+01 1.3135e+04 1.7300e-03 7.4982e-01 1.3135e+04 2.2724e+01 1.8942e+00
7.0392e+01 1.3137e+04 1.7256e-03 7.4805e-01 1.3137e+04 2.2668e+01 1.8897e+00
7.0784e+01 1.3138e+04 1.7209e-03 7.4624e-01 1.3138e+04 2.2609e+01 1.8851e+00
7.1176e+01 1.3138e+04 1.7161e-03 7.4439e-01 1.3138e+04 2.2546e+01 1.8803e+00
7.1569e+01 1.3139e+04 1.7110e-03 7.4249e-01 1.3139e+04 2.2481e+01 1.8755e+00
7.1961e+01 1.3139e+04 1.7058e-03 7.4054e-01 1.3139e+04 2.2413e+01 1.8705e+00
7.2353e+01 1.3139e+04 1.7004e-03 7.3855e-01 1.3139e+04 2.2342e+01 1.8654e+00
7.2745e+01 1.3139e+04 1.6948e-03 7.3651e-01 1.3139e+04 2.2269e+01 1.8601e+00
7.3137e+01 1.3139e+04 1.6890e-03 7.3442e-01 1.3139e+04 2.2192e+01 1.8548e+00
7.3529e+01 1.3139e+04 1.6830e-03 7.3228e-01 1.3139e+04 2.2113e+01 1.8493e+00
7.3922e+01 1.3138e+04 1.6768e-03 7.3009e-01 1.3138e+04 2.2030e+01 1.8437e+00
7.4314e+01 1.3138e+04 1.6704e-03 7.2785e-01 1.3138e+04 2.1945e+01 1.8379e+00
7.4706e+01 1.3137e+04 1.6638e-03 7.2555e-01 1.3137e+04 2.1857e+01 1.8321e+00
7.5098e+01 1.3136e+04 1.6571e-03 7.2321e-01 1.3136e+04 2.1767e+01 1.8260e+00
7.5490e+01 1.3134e+04 1.6501e-03 7.2080e-01 1.3134e+04 2.1673e+01 1.8199e+00
7.5882e+01 1.3133e+04 1.6429e-03 7.1834e-01 1.3133e+04 2.1576e+01 1.8136e+00
7.6275e+01 1.3131e+04 1.6356e-03 7.1583e-01 1.3131e+04 2.1477e+01 1.8071e+00
7.6667e+01 1.3130e+04 1.6280e-03 7.1325e-01 1.3130e+04 2.1375e+01 1.8005e+00
7.7059e+01 1.3128e+04 1.6202e-03 7.1062e-01 1.3128e+04 2.1270e+01 1.7938e+00
7.7451e+01 1.3126e+04 1.6122e-03 7.0792e-01 1.3126e+04 2.1162e+01 1.7869e+00
7.7843e+01 1.3124e+04 1.6040e-03 7.0517e-01 1.3124e+04 2.1051e+01 1.7798e+00
7.8235e+01 1.3121e+04 1.5957e-03 7.0234e-01 1.3121e+04 2.0937e+01 1.7726e+00
7.8627e+01 1.3119e+04 1.5871e-03 6.9945e-01 1.3119e+04 2.0821e+01 1.7652e+00
7.9020e+01 1.3116e+04 1.5782e-03 6.9650e-01 1.3116e+04 2.0701e+01 1.7576e+00
7.9412e+01 1.3114e+04 1.5692e-03 6.9347e-01 1.3114e+04 2.0578e+01 1.7498e+00
7.9804e+01 1.3111e+04 1.5600e-03 6.9038e-01 1.3111e+04 2.0453e+01 1.7419e+00
8.0196e+01 1.3108e+04 1.5506e-03 6.8720e-01 1.3108e+04 2.0324e+01 1.7338e+00
8.0588e+01 1.3105e+04 1.5409e-03 6.8395e-01 1.3105e+04 2.0193e+01 1.7254e+00
8.0980e+01 1.3101e+04 1.5311e-03 6.8062e-01 1.3101e+04 2.0059e+01 1.7169e+00
8.1373e+01 1.3098e+04 1.5211e-03 6.7719e-01 1.3098e+04 1.9922e+01 1.7081e+00
8.1765e+01 1.3094e+04 1.5108e-03 6.7368e-01 1.3094e+04 1.9783e+01 1.6991e+00
8.2157e+01 1.3090e+04 1.5004e-03 6.7006e-01 1.3090e+04 1.9641e+01 1.6899e+00
8.2549e+01 1.3086e+04 1.4898e-03 6.6633e-01 1.3086e+04 1.9496e+01 1.6803e+00
8.2941e+01 1.3082e+04 1.4791e-03 6.6247e-01 1.3082e+04 1.9350e+01 1.6705e+00
8.3333e+01 1.3078e+04 1.4682e-03 6.5848e-01 1.3078e+04 1.9202e+01 1.6603e+00
8.3725e+01 1.3074e+04 1.4573e-03 6.5433e-01 1.3074e+04 1.9052e+01 1.6497e+00
8.4118e+01 1.3069e+04 1.4463e-03 6.5001e-01 1.3069e+04 1.8901e+01 1.6387e+00
8.4510e+01 1.3064e+04 1.4352e-03 6.4550e-01 1.3064e+04 1.8750e+01 1.6272e+00
8.4902e+01 1.3059e+04 1.4242e-03 6.4077e-01 1.3059e+04 1.8598e+01 1.6152e+00
8.5294e+01 1.3054e+04 1.4132e-03 6.3580e-01 1.3054e+04 1.8448e+01 1.6025e+00
8.5686e+01 1.3048e+04 1.4024e-03 6.3056e-01 1.3048e+04 1.8298e+01 1.5892e+00
8.6078e+01 1.3042e+04 1.3917e-03 6.2502e-01 1.3042e+04 1.8151e+01 1.5752e+00
8.6471e+01 1.3036e+04 1.3813e-03 6.1916e-01 1.3036e+04 1.8006e+01 1.5603e+00
8.6863e+01 1.3030e+04 1.3711e-03 6.1296e-01 1.3030e+04 1.7866e+01 1.5446e+00
8.7255e+01 1.3023e+04 1.3614e-03 6.0638e-01 1.3023e+04 1.7729e+01 1.5280e+00
8.7647e+01 1.3016e+04 1.3520e-03 5.9941e-01 1.3016e+04 1.7598e+01 1.5104e+00
8.8039e+01 1.3008e+04 1.3431e-03 5.9202e-01 1.3008e+04 1.7472e+01 1.4918e+00
8.8431e+01 1.3001e+04 1.3348e-03 5.8419e-01 1.3001e+04 1.7353e+01 1.4721e+00
8.8824e+01 1.2992e+04 1.3270e-03 5.7592e-01 1.2992e+04 1.7241e+01 1.4512e+00
8.9216e+01 1.2983e+04 1.3199e-03 5.6719e-01 1.2983e+04 1.7136e+01 1.4293e+00
8.9608e+01 1.2974e+04 1.3134e-03 5.5800e-01 1.2974e+04 1.7040e+01 1.4062e+00
9.0000e+01 1.2964e+04 1.3076e-03 5.4833e-01 1.2964e+04 1.6952e+01 1.3819e+00
9.0392e+01 1.2954e+04 1.3025e-03 5.3818e-01 1.2954e+04 1.6872e+01 1.3564e+00
9.0784e+01 1.2944e+04 1.2981e-03 5.2757e-01 1.2944e+04 1.6802e+01 1.3298e+00
9.1176e+01 1.2932e+04 1.2944e-03 5.1648e-01 1.2932e+04 1.6740e+01 1.3020e+00
9.1569e+01 1.2921e+04 1.2915e-03 5.0493e-01 1.2921e+04 1.6687e+01 1.2731e+00
9.1961e+01 1.2908e+04 1.2893e-03 4.9293e-01 1.2908e+04 1.6643e+01 1.2431e+00
9.2353e+01 1.2896e+04 1.2878e-03 4.8050e-01 1.2896e+04 1.6607e+01 1.2119e+00
9.2745e+01 1.2883e+04 1.2869e-03 4.6764e-01 1.2883e+04 1.6578e+01 1.1798e+00
9.3137e+01 1.2869e+04 1.2865e-03 4.5439e-01 1.2869e+04 1.6556e+01 1.1466e+00
9.3529e+01 1.2855e+04 1.2866e-03 4.4078e-01 1.2855e+04 1.6540e+01 1.1126e+00
9.3922e+01 1.2841e+04 1.2870e-03 4.2685e-01 1.2841e+04 1.6527e+01 1.0778e+00
9.4314e+01 1.2827e+04 1.2874e-03 4.1267e-01 1.2827e+04 1.6514e+01 1.0423e+00
9.4706e+01 1.2813e+04 1.2876e-03 3.9833e-01 1.2813e+04 1.6499e+01 1.0064e+00
9.5098e+01 1.2800e+04 1.2871e-03 3.8394e-01 1.2800e+04 1.6475e+01 9.7046e-01
9.5490e+01 1.2787e+04 1.2853e-03 3.6967e-01 1.2787e+04 1.6435e+01 9.3474e-01
9.5882e+01 1.2775e+04 1.2819e-03 3.5571e-01 1.2775e+04 1.6376e+01 8.9978e-01
9.6275e+01 1.2763e+04 1.2756e-03 3.4221e-01 1.2763e+04 1.6281e+01 8.6590e-01
9.6667e+01 1.2755e+04 1.2679e-03 3.2950e-01 1.2755e+04 1.6172e+01 8.3400e-01
9.7059e+01 1.2741e+04 1.2532e-03 3.1708e-01 1.2741e+04 1.5967e+01 8.0269e-01
9.7451e+01 1.2747e+04 1.2465e-03 3.0669e-01 1.2747e+04 1.5890e+01 7.7663e-01
9.7843e+01 1.2703e+04 1.2111e-03 2.9372e-01 1.2703e+04 1.5385e+01 7.4362e-01
9.8235e+01 1.2778e+04 1.2378e-03 2.8847e-01 1.2778e+04 1.5817e+01 7.3097e-01
9.8627e+01 1.2511e+04 1.1353e-03 2.6691e-01 1.2511e+04 1.4204e+01 6.7534e-01
9.9020e+01 1.2972e+04 1.3771e-03 2.7339e-01 1.2972e+04 1.7864e+01 6.9578e-01
9.9412e+01 1.1121e+04 1.0092e-03 2.1262e-01 1.1121e+04 1.1222e+01 5.3722e-01
9.9804e+01 1.5412e+04 1.9917e-03 2.4425e-01 1.5412e+04 3.0696e+01 6.4119e-01
