# # x Density Velocity Pressure q0 q1 q2
1.9608e-01 1.0000e+05 7.0127e-13 1.0000e+00 1.0000e+05 7.0127e-08 2.5000e+00
5.8824e-01 1.0000e+05 9.3180e-13 1.0000e+00 1.0000e+05 9.3180e-08 2.5000e+00
9.8039e-01 1.0000e+05 1.1206e-12 1.0000e+00 1.0000e+05 1.1206e-07 2.5000e+00
1.3725e+00 1.0000e+05 1.3932e-12 1.0000e+00 1.0000e+05 1.3932e-07 2.5000e+00
1.7647e+00 1.0000e+05 1.7986e-12 1.0000e+00 1.0000e+05 1.7986e-07 2.5000e+00
2.1569e+00 1.0000e+05 2.3761e-12 1.0000e+00 1.0000e+05 2.3761e-07 2.5000e+00
2.5490e+00 1.0000e+05 3.1746e-12 1.0000e+00 1.0000e+05 3.1746e-07 2.5000e+00
2.9412e+00 1.0000e+05 4.2608e-12 1.0000e+00 1.0000e+05 4.2608e-07 2.5000e+00
3.3333e+00 1.0000e+05 5.7243e-12 1.0000e+00 1.0000e+05 5.7243e-07 2.5000e+00
3.7255e+00 1.0000e+05 7.6840e-12 1.0000e+00 1.0000e+05 7.6840e-07 2.5000e+00
4.1176e+00 1.0000e+05 1.0297e-11 1.0000e+00 1.0000e+05 1.0297e-06 2.5000e+00
4.5098e+00 1.0000e+05 1.3769e-11 1.0000e+00 1.0000e+05 1.3769e-06 2.5000e+00
4.9020e+00 1.0000e+05 1.8369e-11 1.0000e+00 1.0000e+05 1.8369e-06 2.5000e+00
5.2941e+00 1.0000e+05 2.4445e-11 1.0000e+00 1.0000e+05 2.4445e-06 2.5000e+00
5.6863e+00 1.0000e+05 3.2450e-11 1.0000e+00 1.0000e+05 3.2450e-06 2.5000e+00
6.0784e+00 1.0000e+05 4.2967e-11 1.0000e+00 1.0000e+05 4.2967e-06 2.5000e+00
6.4706e+00 1.0000e+05 5.6748e-11 1.0000e+00 1.0000e+05 5.6748e-06 2.5000e+00
6.8627e+00 1.0000e+05 7.4758e-11 1.0000e+00 1.0000e+05 7.4758e-06 2.5000e+00
7.2549e+00 1.0000e+05 9.8234e-11 1.0000e+00 1.0000e+05 9.8234e-06 2.5000e+00
7.6471e+00 1.0000e+05 1.2875e-10 1.0000e+00 1.0000e+05 1.2875e-05 2.5000e+00
8.0392e+00 1.0000e+05 1.6832e-10 1.0000e+00 1.0000e+05 1.6832e-05 2.5000e+00
8.4314e+00 1.0000e+05 2.1949e-10 1.0000e+00 1.0000e+05 2.1949e-05 2.5000e+00
8.8235e+00 1.0000e+05 2.8548e-10 1.0000e+00 1.0000e+05 2.8548e-05 2.5000e+00
9.2157e+00 1.0000e+05 3.7036e-10 1.0000e+00 1.0000e+05 3.7036e-05 2.5000e+00
9.6078e+00 1.0000e+05 4.7926e-10 1.0000e+00 1.0000e+05 4.7926e-05 2.5000e+00
1.0000e+01 1.0000e+05 6.1860e-10 1.0000e+00 1.0000e+05 6.1860e-05 2.5000e+00
1.0392e+01 1.0000e+05 7.9641e-10 1.0000e+00 1.0000e+05 7.9641e-05 2.5000e+00
1.0784e+01 1.0000e+05 1.0227e-09 1.0000e+00 1.0000e+05 1.0227e-04 2.5000e+00
1.1176e+01 1.0000e+05 1.3100e-09 1.0000e+00 1.0000e+05 1.3100e-04 2.5000e+00
1.1569e+01 1.0000e+05 1.6737e-09 1.0000e+00 1.0000e+05 1.6737e-04 2.5000e+00
1.1961e+01 1.0000e+05 2.1330e-09 1.0000e+00 1.0000e+05 2.1330e-04 2.5000e+00
1.2353e+01 1.0000e+05 2.7113e-09 1.0000e+00 1.0000e+05 2.7113e-04 2.5000e+00
1.2745e+01 1.0000e+05 3.4377e-09 9.9999e-01 1.0000e+05 3.4377e-04 2.5000e+00
1.3137e+01 1.0000e+05 4.3476e-09 9.9999e-01 1.0000e+05 4.3476e-04 2.5000e+00
1.3529e+01 1.0000e+05 5.4845e-09 9.9999e-01 1.0000e+05 5.4845e-04 2.5000e+00
1.3922e+01 1.0000e+05 6.9010e-09 9.9999e-01 1.0000e+05 6.9010e-04 2.5000e+00
1.4314e+01 1.0000e+05 8.6614e-09 9.9999e-01 1.0000e+05 8.6614e-04 2.5000e+00
1.4706e+01 1.0000e+05 1.0843e-08 9.9998e-01 1.0000e+05 1.0843e-03 2.5000e+00
1.5098e+01 1.0000e+05 1.3540e-08 9.9998e-01 1.0000e+05 1.3540e-03 2.4999e+00
1.5490e+01 1.0000e+05 1.6866e-08 9.9997e-01 1.0000e+05 1.6866e-03 2.4999e+00
1.5882e+01 1.0000e+05 2.0955e-08 9.9997e-01 1.0000e+05 2.0955e-03 2.4999e+00
1.6275e+01 1.0000e+05 2.5969e-08 9.9996e-01 1.0000e+05 2.5969e-03 2.4999e+00
1.6667e+01 1.0000e+05 3.2102e-08 9.9995e-01 1.0000e+05 3.2102e-03 2.4999e+00
1.7059e+01 1.0000e+05 3.9584e-08 9.9994e-01 1.0000e+05 3.9583e-03 2.4999e+00
1.7451e+01 1.0000e+05 4.8686e-08 9.9993e-01 1.0000e+05 4.8686e-03 2.4998e+00
1.7843e+01 1.0000e+05 5.9731e-08 9.9991e-01 1.0000e+05 5.9730e-03 2.4998e+00
1.8235e+01 9.9999e+04 7.3097e-08 9.9990e-01 9.9999e+04 7.3096e-03 2.4997e+00
1.8627e+01 9.9999e+04 8.9230e-08 9.9987e-01 9.9999e+04 8.9229e-03 2.4997e+00
1.9020e+01 9.9999e+04 1.0865e-07 9.9985e-01 9.9999e+04 1.0865e-02 2.4996e+00
1.9412e+01 9.9999e+04 1.3197e-07 9.9982e-01 9.9999e+04 1.3197e-02 2.4995e+00
1.9804e+01 9.9999e+04 1.5989e-07 9.9978e-01 9.9999e+04 1.5988e-02 2.4995e+00
2.0196e+01 9.9999e+04 1.9323e-07 9.9974e-01 9.9999e+04 1.9323e-02 2.4993e+00
2.0588e+01 9.9998e+04 2.3294e-07 9.9969e-01 9.9998e+04 2.3294e-02 2.4992e+00
2.0980e+01 9.9998e+04 2.8012e-07 9.9963e-01 9.9998e+04 2.8012e-02 2.4991e+00
2.1373e+01 9.9997e+04 3.3602e-07 9.9956e-01 9.9997e+04 3.3601e-02 2.4989e+00
2.1765e+01 9.9997e+04 4.0208e-07 9.9947e-01 9.9997e+04 4.0206e-02 2.4987e+00
2.2157e+01 9.9996e+04 4.7993e-07 9.9938e-01 9.9996e+04 4.7991e-02 2.4984e+00
2.2549e+01 9.9996e+04 5.7143e-07 9.9927e-01 9.9996e+04 5.7141e-02 2.4982e+00
2.2941e+01 9.9995e+04 6.7872e-07 9.9914e-01 9.9995e+04 6.7868e-02 2.4978e+00
2.3333e+01 9.9994e+04 8.0416e-07 9.9899e-01 9.9994e+04 8.0410e-02 2.4975e+00
2.3725e+01 9.9992e+04 9.5044e-07 9.9882e-01 9.9992e+04 9.5037e-02 2.4971e+00
2.4118e+01 9.9991e+04 1.1206e-06 9.9862e-01 9.9991e+04 1.1205e-01 2.4966e+00
2.4510e+01 9.9989e+04 1.3180e-06 9.9840e-01 9.9989e+04 1.3178e-01 2.4960e+00
2.4902e+01 9.9987e+04 1.5464e-06 9.9814e-01 9.9987e+04 1.5462e-01 2.4954e+00
2.5294e+01 9.9985e+04 1.8099e-06 9.9785e-01 9.9985e+04 1.8097e-01 2.4946e+00
2.5686e+01 9.9982e+04 2.1133e-06 9.9751e-01 9.9982e+04 2.1129e-01 2.4938e+00
2.6078e+01 9.9979e+04 2.4615e-06 9.9714e-01 9.9979e+04 2.4610e-01 2.4928e+00
2.6471e+01 9.9976e+04 2.8603e-06 9.9671e-01 9.9976e+04 2.8596e-01 2.4918e+00
2.6863e+01 9.9971e+04 3.3156e-06 9.9623e-01 9.9971e+04 3.3147e-01 2.4906e+00
2.7255e+01 9.9967e+04 3.8343e-06 9.9569e-01 9.9967e+04 3.8331e-01 2.4892e+00
2.7647e+01 9.9961e+04 4.4236e-06 9.9508e-01 9.9961e+04 4.4219e-01 2.4877e+00
2.8039e+01 9.9955e+04 5.0914e-06 9.9440e-01 9.9955e+04 5.0891e-01 2.4860e+00
2.8431e+01 9.9948e+04 5.8461e-06 9.9365e-01 9.9948e+04 5.8430e-01 2.4841e+00
2.8824e+01 9.9939e+04 6.6969e-06 9.9280e-01 9.9939e+04 6.6929e-01 2.4820e+00
2.9216e+01 9.9930e+04 7.6537e-06 9.9187e-01 9.9930e+04 7.6483e-01 2.4797e+00
2.9608e+01 9.9919e+04 8.7267e-06 9.9084e-01 9.9919e+04 8.7197e-01 2.4771e+00
3.0000e+01 9.9907e+04 9.9272e-06 9.8971e-01 9.9907e+04 9.9180e-01 2.4743e+00
3.0392e+01 9.9894e+04 1.1267e-05 9.8846e-01 9.9894e+04 1.1255e+00 2.4711e+00
3.0784e+01 9.9878e+04 1.2758e-05 9.8709e-01 9.9878e+04 1.2742e+00 2.4677e+00
3.1176e+01 9.9861e+04 1.4413e-05 9.8559e-01 9.9861e+04 1.4393e+00 2.4640e+00
3.1569e+01 9.9842e+04 1.6247e-05 9.8395e-01 9.9842e+04 1.6221e+00 2.4599e+00
3.1961e+01 9.9820e+04 1.8272e-05 9.8217e-01 9.9820e+04 1.8239e+00 2.4554e+00
3.2353e+01 9.9796e+04 2.0504e-05 9.8024e-01 9.9796e+04 2.0462e+00 2.4506e+00
3.2745e+01 9.9769e+04 2.2958e-05 9.7816e-01 9.9769e+04 2.2905e+00 2.4454e+00
3.3137e+01 9.9739e+04 2.5648e-05 9.7590e-01 9.9739e+04 2.5581e+00 2.4398e+00
3.3529e+01 9.9705e+04 2.8591e-05 9.7348e-01 9.9705e+04 2.8507e+00 2.4337e+00
3.3922e+01 9.9669e+04 3.1803e-05 9.7088e-01 9.9669e+04 3.1698e+00 2.4272e+00
3.4314e+01 9.9628e+04 3.5300e-05 9.6809e-01 9.9628e+04 3.5168e+00 2.4203e+00
3.4706e+01 9.9584e+04 3.9097e-05 9.6512e-01 9.9584e+04 3.8934e+00 2.4129e+00
3.5098e+01 9.9535e+04 4.3211e-05 9.6195e-01 9.9535e+04 4.3009e+00 2.4050e+00
3.5490e+01 9.9481e+04 4.7657e-05 9.5859e-01 9.9481e+04 4.7410e+00 2.3966e+00
3.5882e+01 9.9422e+04 5.2452e-05 9.5502e-01 9.9422e+04 5.2149e+00 2.3877e+00
3.6275e+01 9.9358e+04 5.7611e-05 9.5126e-01 9.9358e+04 5.7241e+00 2.3783e+00
3.6667e+01 9.9288e+04 6.3148e-05 9.4729e-01 9.9288e+04 6.2698e+00 2.3684e+00
3.7059e+01 9.9213e+04 6.9077e-05 9.4312e-01 9.9213e+04 6.8533e+00 2.3580e+00
3.7451e+01 9.9131e+04 7.5413e-05 9.3875e-01 9.9131e+04 7.4757e+00 2.3472e+00
3.7843e+01 9.9042e+04 8.2167e-05 9.3418e-01 9.9042e+04 8.1380e+00 2.3358e+00
3.8235e+01 9.8946e+04 8.9351e-05 9.2941e-01 9.8946e+04 8.8410e+00 2.3239e+00
3.8627e+01 9.8843e+04 9.6976e-05 9.2444e-01 9.8843e+04 9.5854e+00 2.3116e+00
3.9020e+01 9.8733e+04 1.0505e-04 9.1929e-01 9.8733e+04 1.0372e+01 2.2988e+00
3.9412e+01 9.8614e+04 1.1358e-04 9.1395e-01 9.8614e+04 1.1201e+01 2.2855e+00
3.9804e+01 9.8487e+04 1.2258e-04 9.0844e-01 9.8487e+04 1.2073e+01 2.2718e+00
4.0196e+01 9.8352e+04 1.3205e-04 9.0276e-01 9.8352e+04 1.2987e+01 2.2577e+00
4.0588e+01 9.8208e+04 1.4199e-04 8.9692e-01 9.8208e+04 1.3945e+01 2.2433e+00
4.0980e+01 9.8054e+04 1.5240e-04 8.9092e-01 9.8054e+04 1.4943e+01 2.2285e+00
4.1373e+01 9.7892e+04 1.6332e-04 8.8481e-01 9.7892e+04 1.5988e+01 2.2133e+00
4.1765e+01 9.7718e+04 1.7459e-04 8.7852e-01 9.7718e+04 1.7060e+01 2.1978e+00
4.2157e+01 9.7543e+04 1.8670e-04 8.7224e-01 9.7543e+04 1.8211e+01 2.1823e+00
4.2549e+01 9.7331e+04 1.9827e-04 8.6552e-01 9.7331e+04 1.9298e+01 2.1657e+00
4.2941e+01 9.7179e+04 2.1284e-04 8.5957e-01 9.7179e+04 2.0684e+01 2.1511e+00
4.3333e+01 9.6851e+04 2.2185e-04 8.5150e-01 9.6851e+04 2.1487e+01 2.1311e+00
4.3725e+01 9.6877e+04 2.4448e-04 8.4784e-01 9.6877e+04 2.3684e+01 2.1225e+00
4.4118e+01 9.6157e+04 2.4091e-04 8.3514e-01 9.6157e+04 2.3166e+01 2.0906e+00
4.4510e+01 9.6778e+04 2.8651e-04 8.3882e-01 9.6778e+04 2.7728e+01 2.1010e+00
4.4902e+01 9.5160e+04 2.5194e-04 8.1551e-01 9.5160e+04 2.3975e+01 2.0418e+00
4.5294e+01 9.6783e+04 3.3493e-04 8.3122e-01 9.6783e+04 3.2415e+01 2.0835e+00
4.5686e+01 9.4304e+04 2.7131e-04 7.9825e-01 9.4304e+04 2.5585e+01 1.9991e+00
4.6078e+01 9.6090e+04 3.6149e-04 8.1578e-01 9.6090e+04 3.4735e+01 2.0457e+00
4.6471e+01 9.4386e+04 3.2844e-04 7.9290e-01 9.4386e+04 3.1001e+01 1.9873e+00
4.6863e+01 9.4592e+04 3.6211e-04 7.9169e-01 9.4592e+04 3.4253e+01 1.9854e+00
4.7255e+01 9.4313e+04 3.8196e-04 7.8602e-01 9.4313e+04 3.6024e+01 1.9719e+00
4.7647e+01 9.4119e+04 4.0213e-04 7.8044e-01 9.4119e+04 3.7849e+01 1.9587e+00
4.8039e+01 9.3152e+04 3.9632e-04 7.6656e-01 9.3152e+04 3.6918e+01 1.9237e+00
4.8431e+01 9.3119e+04 4.4410e-04 7.6976e-01 9.3119e+04 4.1354e+01 1.9336e+00
4.8824e+01 9.6228e+04 4.4525e-04 7.5811e-01 9.6228e+04 4.2845e+01 1.9048e+00
4.9216e+01 7.7491e+04 4.6659e-04 7.5367e-01 7.7491e+04 3.6157e+01 1.8926e+00
4.9608e+01 1.2902e+05 4.8388e-04 7.4571e-01 1.2902e+05 6.2432e+01 1.8794e+00
5.0000e+01 7.1514e+04 4.9484e-04 7.4001e-01 7.1514e+04 3.5387e+01 1.8588e+00
5.0392e+01 2.7596e+04 5.1466e-04 7.3809e-01 2.7596e+04 1.4203e+01 1.8489e+00
5.0784e+01 1.2161e+04 5.2898e-04 7.3552e-01 1.2161e+04 6.4328e+00 1.8405e+00
5.1176e+01 8.6345e+03 6.1854e-04 7.3767e-01 8.6345e+03 5.3408e+00 1.8458e+00
5.1569e+01 8.2536e+03 7.1913e-04 7.3803e-01 8.2536e+03 5.9354e+00 1.8472e+00
5.1961e+01 8.7721e+03 7.5730e-04 7.3285e-01 8.7721e+03 6.6432e+00 1.8346e+00
5.2353e+01 9.3580e+03 8.3263e-04 7.3282e-01 9.3580e+03 7.7918e+00 1.8353e+00
5.2745e+01 9.9883e+03 9.4786e-04 7.3818e-01 9.9883e+03 9.4676e+00 1.8499e+00
5.3137e+01 1.0405e+04 9.9366e-04 7.3784e-01 1.0405e+04 1.0339e+01 1.8497e+00
5.3529e+01 1.0700e+04 9.8160e-04 7.3228e-01 1.0700e+04 1.0504e+01 1.8359e+00
5.3922e+01 1.0935e+04 1.0000e-03 7.3053e-01 1.0935e+04 1.0935e+01 1.8318e+00
5.4314e+01 1.1189e+04 1.0654e-03 7.3424e-01 1.1189e+04 1.1921e+01 1.8419e+00
5.4706e+01 1.1381e+04 1.1169e-03 7.3690e-01 1.1381e+04 1.2711e+01 1.8493e+00
5.5098e+01 1.1500e+04 1.1223e-03 7.3484e-01 1.1500e+04 1.2906e+01 1.8443e+00
5.5490e+01 1.1572e+04 1.1087e-03 7.3073e-01 1.1572e+04 1.2830e+01 1.8339e+00
5.5882e+01 1.1664e+04 1.1188e-03 7.2939e-01 1.1664e+04 1.3050e+01 1.8308e+00
5.6275e+01 1.1784e+04 1.1622e-03 7.3191e-01 1.1784e+04 1.3695e+01 1.8377e+00
5.6667e+01 1.1901e+04 1.2098e-03 7.3510e-01 1.1901e+04 1.4398e+01 1.8465e+00
5.7059e+01 1.1979e+04 1.2330e-03 7.3578e-01 1.1979e+04 1.4770e+01 1.8486e+00
5.7451e+01 1.2017e+04 1.2296e-03 7.3364e-01 1.2017e+04 1.4776e+01 1.8432e+00
5.7843e+01 1.2043e+04 1.2200e-03 7.3058e-01 1.2043e+04 1.4692e+01 1.8354e+00
5.8235e+01 1.2090e+04 1.2295e-03 7.2977e-01 1.2090e+04 1.4864e+01 1.8336e+00
5.8627e+01 1.2168e+04 1.2667e-03 7.3219e-01 1.2168e+04 1.5413e+01 1.8402e+00
5.9020e+01 1.2261e+04 1.3165e-03 7.3617e-01 1.2261e+04 1.6141e+01 1.8510e+00
5.9412e+01 1.2337e+04 1.3566e-03 7.3919e-01 1.2337e+04 1.6737e+01 1.8593e+00
5.9804e+01 1.2382e+04 1.3745e-03 7.3977e-01 1.2382e+04 1.7018e+01 1.8611e+00
6.0196e+01 1.2397e+04 1.3721e-03 7.3812e-01 1.2397e+04 1.7009e+01 1.8570e+00
6.0588e+01 1.2402e+04 1.3629e-03 7.3546e-01 1.2402e+04 1.6903e+01 1.8502e+00
6.0980e+01 1.2424e+04 1.3660e-03 7.3425e-01 1.2424e+04 1.6971e+01 1.8472e+00
6.1373e+01 1.2481e+04 1.3960e-03 7.3620e-01 1.2481e+04 1.7422e+01 1.8527e+00
6.1765e+01 1.2571e+04 1.4520e-03 7.4123e-01 1.2571e+04 1.8254e+01 1.8663e+00
6.2157e+01 1.2682e+04 1.5233e-03 7.4812e-01 1.2682e+04 1.9319e+01 1.8850e+00
6.2549e+01 1.2795e+04 1.5961e-03 7.5531e-01 1.2795e+04 2.0423e+01 1.9046e+00
6.2941e+01 1.2895e+04 1.6595e-03 7.6153e-01 1.2895e+04 2.1400e+01 1.9216e+00
6.3333e+01 1.2973e+04 1.7077e-03 7.6604e-01 1.2973e+04 2.2153e+01 1.9340e+00
6.3725e+01 1.3028e+04 1.7396e-03 7.6868e-01 1.3028e+04 2.2662e+01 1.9414e+00
6.4118e+01 1.3062e+04 1.7578e-03 7.6972e-01 1.3062e+04 2.2960e+01 1.9445e+00
6.4510e+01 1.3082e+04 1.7663e-03 7.6964e-01 1.3082e+04 2.3107e+01 1.9445e+00
6.4902e+01 1.3094e+04 1.7690e-03 7.6889e-01 1.3094e+04 2.3163e+01 1.9427e+00
6.5294e+01 1.3101e+04 1.7689e-03 7.6781e-01 1.3101e+04 2.3175e+01 1.9400e+00
6.5686e+01 1.3107e+04 1.7675e-03 7.6660e-01 1.3107e+04 2.3166e+01 1.9370e+00
6.6078e+01 1.3111e+04 1.7657e-03 7.6532e-01 1.3111e+04 2.3150e+01 1.9337e+00
6.6471e+01 1.3115e+04 1.7635e-03 7.6400e-01 1.3115e+04 2.3128e+01 1.9304e+00
6.6863e+01 1.3118e+04 1.7611e-03 7.6263e-01 1.3118e+04 2.3102e+01 1.9269e+00
6.7255e+01 1.3122e+04 1.7584e-03 7.6122e-01 1.3122e+04 2.3073e+01 1.9233e+00
6.7647e+01 1.3125e+04 1.7555e-03 7.5977e-01 1.3125e+04 2.3040e+01 1.9196e+00
6.8039e+01 1.3127e+04 1.7523e-03 7.5828e-01 1.3127e+04 2.3003e+01 1.9159e+00
6.8431e+01 1.3130e+04 1.7490e-03 7.5675e-01 1.3130e+04 2.2964e+01 1.9119e+00
6.8824e+01 1.3132e+04 1.7454e-03 7.5517e-01 1.3132e+04 2.2921e+01 1.9079e+00
6.9216e+01 1.3134e+04 1.7417e-03 7.5356e-01 1.3134e+04 2.2875e+01 1.9038e+00
6.9608e+01 1.3135e+04 1.7377e-03 7.5190e-01 1.3135e+04 2.2826e+01 1.8996e+00
7.0000e+01 1.3137e+04 1.7336e-03 7.5020e-01 1.3137e+04 2.2773e+01 1.8952e+00
7.0392e+01 1.3138e+04 1.7292e-03 7.4846e-01 1.3138e+04 2.2718e+01 1.8908e+00
7.0784e+01 1.3139e+04 1.7246e-03 7.4668e-01 1.3139e+04 2.2660e+01 1.8862e+00
7.1176e+01 1.3140e+04 1.7199e-03 7.4485e-01 1.3140e+04 2.2599e+01 1.8816e+00
7.1569e+01 1.3141e+04 1.7150e-03 7.4298e-01 1.3141e+04 2.2536e+01 1.8768e+00
7.1961e+01 1.3141e+04 1.7098e-03 7.4106e-01 1.3141e+04 2.2469e+01 1.8719e+00
7.2353e+01 1.3141e+04 1.7045e-03 7.3910e-01 1.3141e+04 2.2399e+01 1.8668e+00
7.2745e+01 1.3141e+04 1.6990e-03 7.3709e-01 1.3141e+04 2.2327e+01 1.8617e+00
7.3137e+01 1.3141e+04 1.6933e-03 7.3503e-01 1.3141e+04 2.2252e+01 1.8564e+00
7.3529e+01 1.3141e+04 1.6874e-03 7.3292e-01 1.3141e+04 2.2174e+01 1.8510e+00
7.3922e+01 1.3140e+04 1.6813e-03 7.3076e-01 1.3140e+04 2.2093e+01 1.8455e+00
7.4314e+01 1.3140e+04 1.6751e-03 7.2856e-01 1.3140e+04 2.2010e+01 1.8398e+00
7.4706e+01 1.3139e+04 1.6686e-03 7.2630e-01 1.3139e+04 2.1923e+01 1.8340e+00
7.5098e+01 1.3138e+04 1.6619e-03 7.2399e-01 1.3138e+04 2.1834e+01 1.8281e+00
7.5490e+01 1.3137e+04 1.6551e-03 7.2162e-01 1.3137e+04 2.1742e+01 1.8220e+00
7.5882e+01 1.3135e+04 1.6480e-03 7.1920e-01 1.3135e+04 2.1647e+01 1.8158e+00
7.6275e+01 1.3134e+04 1.6408e-03 7.1672e-01 1.3134e+04 2.1550e+01 1.8095e+00
7.6667e+01 1.3132e+04 1.6333e-03 7.1419e-01 1.3132e+04 2.1449e+01 1.8030e+00
7.7059e+01 1.3131e+04 1.6257e-03 7.1160e-01 1.3131e+04 2.1346e+01 1.7963e+00
7.7451e+01 1.3129e+04 1.6178e-03 7.0894e-01 1.3129e+04 2.1240e+01 1.7895e+00
7.7843e+01 1.3127e+04 1.6097e-03 7.0623e-01 1.3127e+04 2.1130e+01 1.7826e+00
7.8235e+01 1.3124e+04 1.6015e-03 7.0345e-01 1.3124e+04 2.1018e+01 1.7755e+00
7.8627e+01 1.3122e+04 1.5930e-03 7.0061e-01 1.3122e+04 2.0904e+01 1.7682e+00
7.9020e+01 1.3119e+04 1.5844e-03 6.9770e-01 1.3119e+04 2.0786e+01 1.7607e+00
7.9412e+01 1.3117e+04 1.5755e-03 6.9472e-01 1.3117e+04 2.0665e+01 1.7531e+00
7.9804e+01 1.3114e+04 1.5664e-03 6.9167e-01 1.3114e+04 2.0542e+01 1.7453e+00
8.0196e+01 1.3111e+04 1.5571e-03 6.8854e-01 1.3111e+04 2.0416e+01 1.7372e+00
8.0588e+01 1.3108e+04 1.5477e-03 6.8533e-01 1.3108e+04 2.0287e+01 1.7290e+00
8.0980e+01 1.3105e+04 1.5380e-03 6.8204e-01 1.3105e+04 2.0155e+01 1.7206e+00
8.1373e+01 1.3101e+04 1.5281e-03 6.7866e-01 1.3101e+04 2.0020e+01 1.7119e+00
8.1765e+01 1.3098e+04 1.5181e-03 6.7517e-01 1.3098e+04 1.9884e+01 1.7030e+00
8.2157e+01 1.3094e+04 1.5079e-03 6.7158e-01 1.3094e+04 1.9744e+01 1.6938e+00
8.2549e+01 1.3090e+04 1.4976e-03 6.6787e-01 1.3090e+04 1.9603e+01 1.6844e+00
8.2941e+01 1.3086e+04 1.4871e-03 6.6403e-01 1.3086e+04 1.9460e+01 1.6746e+00
8.3333e+01 1.3082e+04 1.4765e-03 6.6004e-01 1.3082e+04 1.9316e+01 1.6644e+00
8.3725e+01 1.3077e+04 1.4659e-03 6.5588e-01 1.3077e+04 1.9170e+01 1.6538e+00
8.4118e+01 1.3073e+04 1.4552e-03 6.5154e-01 1.3073e+04 1.9024e+01 1.6427e+00
8.4510e+01 1.3068e+04 1.4446e-03 6.4699e-01 1.3068e+04 1.8878e+01 1.6311e+00
8.4902e+01 1.3063e+04 1.4340e-03 6.4220e-01 1.3063e+04 1.8732e+01 1.6189e+00
8.5294e+01 1.3057e+04 1.4236e-03 6.3716e-01 1.3057e+04 1.8588e+01 1.6061e+00
8.5686e+01 1.3052e+04 1.4133e-03 6.3184e-01 1.3052e+04 1.8446e+01 1.5926e+00
8.6078e+01 1.3046e+04 1.4032e-03 6.2620e-01 1.3046e+04 1.8306e+01 1.5783e+00
8.6471e+01 1.3040e+04 1.3934e-03 6.2023e-01 1.3040e+04 1.8170e+01 1.5632e+00
8.6863e+01 1.3033e+04 1.3840e-03 6.1391e-01 1.3033e+04 1.8038e+01 1.5473e+00
8.7255e+01 1.3026e+04 1.3750e-03 6.0720e-01 1.3026e+04 1.7911e+01 1.5303e+00
8.7647e+01 1.3019e+04 1.3664e-03 6.0010e-01 1.3019e+04 1.7789e+01 1.5124e+00
8.8039e+01 1.3011e+04 1.3583e-03 5.9258e-01 1.3011e+04 1.7674e+01 1.4934e+00
8.8431e+01 1.3003e+04 1.3508e-03 5.8462e-01 1.3003e+04 1.7565e+01 1.4734e+00
8.8824e+01 1.2995e+04 1.3439e-03 5.7623e-01 1.2995e+04 1.7464e+01 1.4523e+00
8.9216e+01 1.2986e+04 1.3377e-03 5.6738e-01 1.2986e+04 1.7371e+01 1.4301e+00
8.9608e+01 1.2976e+04 1.3321e-03 5.5808e-01 1.2976e+04 1.7285e+01 1.4067e+00
9.0000e+01 1.2966e+04 1.3271e-03 5.4832e-01 1.2966e+04 1.7208e+01 1.3822e+00
9.0392e+01 1.2956e+04 1.3230e-03 5.3809e-01 1.2956e+04 1.7140e+01 1.3566e+00
9.0784e+01 1.2945e+04 1.3195e-03 5.2742e-01 1.2945e+04 1.7081e+01 1.3298e+00
9.1176e+01 1.2934e+04 1.3167e-03 5.1629e-01 1.2934e+04 1.7030e+01 1.3019e+00
9.1569e+01 1.2922e+04 1.3147e-03 5.0471e-01 1.2922e+04 1.6988e+01 1.2729e+00
9.1961e+01 1.2909e+04 1.3133e-03 4.9271e-01 1.2909e+04 1.6954e+01 1.2429e+00
9.2353e+01 1.2896e+04 1.3126e-03 4.8029e-01 1.2896e+04 1.6928e+01 1.2118e+00
9.2745e+01 1.2883e+04 1.3125e-03 4.6747e-01 1.2883e+04 1.6910e+01 1.1798e+00
9.3137e+01 1.2870e+04 1.3129e-03 4.5428e-01 1.2870e+04 1.6897e+01 1.1468e+00
9.3529e+01 1.2856e+04 1.3137e-03 4.4076e-01 1.2856e+04 1.6889e+01 1.1130e+00
9.3922e+01 1.2842e+04 1.3147e-03 4.2696e-01 1.2842e+04 1.6883e+01 1.0785e+00
9.4314e+01 1.2828e+04 1.3155e-03 4.1296e-01 1.2828e+04 1.6875e+01 1.0435e+00
9.4706e+01 1.2814e+04 1.3159e-03 3.9885e-01 1.2814e+04 1.6862e+01 1.0082e+00
9.5098e+01 1.2801e+04 1.3154e-03 3.8479e-01 1.2801e+04 1.6838e+01 9.7305e-01
9.5490e+01 1.2788e+04 1.3132e-03 3.7094e-01 1.2788e+04 1.6794e+01 9.3839e-01
9.5882e+01 1.2777e+04 1.3091e-03 3.5754e-01 1.2777e+04 1.6726e+01 9.0479e-01
9.6275e+01 1.2766e+04 1.3016e-03 3.4469e-01 1.2766e+04 1.6616e+01 8.7253e-01
9.6667e+01 1.2759e+04 1.2929e-03 3.3280e-01 1.2759e+04 1.6496e+01 8.4266e-01
9.7059e+01 1.2745e+04 1.2758e-03 3.2110e-01 1.2745e+04 1.6260e+01 8.1313e-01
9.7451e+01 1.2755e+04 1.2696e-03 3.1185e-01 1.2755e+04 1.6194e+01 7.8991e-01
9.7843e+01 1.2704e+04 1.2294e-03 2.9924e-01 1.2704e+04 1.5618e+01 7.5771e-01
9.8235e+01 1.2793e+04 1.2631e-03 2.9573e-01 1.2793e+04 1.6160e+01 7.4954e-01
9.8627e+01 1.2483e+04 1.1478e-03 2.7302e-01 1.2483e+04 1.4328e+01 6.9077e-01
9.9020e+01 1.3012e+04 1.4242e-03 2.8240e-01 1.3012e+04 1.8531e+01 7.1920e-01
9.9412e+01 1.0951e+04 1.0162e-03 2.1660e-01 1.0951e+04 1.1128e+01 5.4715e-01
9.9804e+01 1.5555e+04 2.0775e-03 2.5230e-01 1.5555e+04 3.2315e+01 6.6432e-01
