# # x Density Velocity Pressure q0 q1 q2
1.9608e-01 1.0000e+05 8.1985e-13 1.0000e+00 1.0000e+05 8.1985e-08 2.5000e+00
5.8824e-01 1.0000e+05 1.0902e-12 1.0000e+00 1.0000e+05 1.0902e-07 2.5000e+00
9.8039e-01 1.0000e+05 1.3087e-12 1.0000e+00 1.0000e+05 1.3087e-07 2.5000e+00
1.3725e+00 1.0000e+05 1.6223e-12 1.0000e+00 1.0000e+05 1.6223e-07 2.5000e+00
1.7647e+00 1.0000e+05 2.0879e-12 1.0000e+00 1.0000e+05 2.0879e-07 2.5000e+00
2.1569e+00 1.0000e+05 2.7504e-12 1.0000e+00 1.0000e+05 2.7504e-07 2.5000e+00
2.5490e+00 1.0000e+05 3.6651e-12 1.0000e+00 1.0000e+05 3.6651e-07 2.5000e+00
2.9412e+00 1.0000e+05 4.9070e-12 1.0000e+00 1.0000e+05 4.9070e-07 2.5000e+00
3.3333e+00 1.0000e+05 6.5769e-12 1.0000e+00 1.0000e+05 6.5769e-07 2.5000e+00
3.7255e+00 1.0000e+05 8.8085e-12 1.0000e+00 1.0000e+05 8.8085e-07 2.5000e+00
4.1176e+00 1.0000e+05 1.1778e-11 1.0000e+00 1.0000e+05 1.1778e-06 2.5000e+00
4.5098e+00 1.0000e+05 1.5715e-11 1.0000e+00 1.0000e+05 1.5715e-06 2.5000e+00
4.9020e+00 1.0000e+05 2.0919e-11 1.0000e+00 1.0000e+05 2.0919e-06 2.5000e+00
5.2941e+00 1.0000e+05 2.7780e-11 1.0000e+00 1.0000e+05 2.7780e-06 2.5000e+00
5.6863e+00 1.0000e+05 3.6798e-11 1.0000e+00 1.0000e+05 3.6798e-06 2.5000e+00
6.0784e+00 1.0000e+05 4.8622e-11 1.0000e+00 1.0000e+05 4.8622e-06 2.5000e+00
6.4706e+00 1.0000e+05 6.4083e-11 1.0000e+00 1.0000e+05 6.4083e-06 2.5000e+00
6.8627e+00 1.0000e+05 8.4247e-11 1.0000e+00 1.0000e+05 8.4247e-06 2.5000e+00
7.2549e+00 1.0000e+05 1.1048e-10 1.0000e+00 1.0000e+05 1.1048e-05 2.5000e+00
7.6471e+00 1.0000e+05 1.4450e-10 1.0000e+00 1.0000e+05 1.4450e-05 2.5000e+00
8.0392e+00 1.0000e+05 1.8853e-10 1.0000e+00 1.0000e+05 1.8853e-05 2.5000e+00
8.4314e+00 1.0000e+05 2.4535e-10 1.0000e+00 1.0000e+05 2.4535e-05 2.5000e+00
8.8235e+00 1.0000e+05 3.1849e-10 1.0000e+00 1.0000e+05 3.1849e-05 2.5000e+00
9.2157e+00 1.0000e+05 4.1238e-10 1.0000e+00 1.0000e+05 4.1238e-05 2.5000e+00
9.6078e+00 1.0000e+05 5.3260e-10 1.0000e+00 1.0000e+05 5.3260e-05 2.5000e+00
1.0000e+01 1.0000e+05 6.8612e-10 1.0000e+00 1.0000e+05 6.8612e-05 2.5000e+00
1.0392e+01 1.0000e+05 8.8166e-10 1.0000e+00 1.0000e+05 8.8166e-05 2.5000e+00
1.0784e+01 1.0000e+05 1.1301e-09 1.0000e+00 1.0000e+05 1.1301e-04 2.5000e+00
1.1176e+01 1.0000e+05 1.4448e-09 1.0000e+00 1.0000e+05 1.4448e-04 2.5000e+00
1.1569e+01 1.0000e+05 1.8425e-09 1.0000e+00 1.0000e+05 1.8425e-04 2.5000e+00
1.1961e+01 1.0000e+05 2.3438e-09 1.0000e+00 1.0000e+05 2.3438e-04 2.5000e+00
1.2353e+01 1.0000e+05 2.9739e-09 1.0000e+00 1.0000e+05 2.9739e-04 2.5000e+00
1.2745e+01 1.0000e+05 3.7638e-09 9.9999e-01 1.0000e+05 3.7638e-04 2.5000e+00
1.3137e+01 1.0000e+05 4.7517e-09 9.9999e-01 1.0000e+05 4.7516e-04 2.5000e+00
1.3529e+01 1.0000e+05 5.9836e-09 9.9999e-01 1.0000e+05 5.9836e-04 2.5000e+00
1.3922e+01 1.0000e+05 7.5159e-09 9.9999e-01 1.0000e+05 7.5159e-04 2.5000e+00
1.4314e+01 1.0000e+05 9.4169e-09 9.9999e-01 1.0000e+05 9.4169e-04 2.5000e+00
1.4706e+01 1.0000e+05 1.1769e-08 9.9998e-01 1.0000e+05 1.1769e-03 2.5000e+00
1.5098e+01 1.0000e+05 1.4672e-08 9.9998e-01 1.0000e+05 1.4672e-03 2.4999e+00
1.5490e+01 1.0000e+05 1.8244e-08 9.9997e-01 1.0000e+05 1.8244e-03 2.4999e+00
1.5882e+01 1.0000e+05 2.2630e-08 9.9997e-01 1.0000e+05 2.2630e-03 2.4999e+00
1.6275e+01 1.0000e+05 2.8000e-08 9.9996e-01 1.0000e+05 2.8000e-03 2.4999e+00
1.6667e+01 1.0000e+05 3.4556e-08 9.9995e-01 1.0000e+05 3.4556e-03 2.4999e+00
1.7059e+01 1.0000e+05 4.2542e-08 9.9994e-01 1.0000e+05 4.2542e-03 2.4998e+00
1.7451e+01 1.0000e+05 5.2242e-08 9.9992e-01 1.0000e+05 5.2242e-03 2.4998e+00
1.7843e+01 1.0000e+05 6.3994e-08 9.9991e-01 1.0000e+05 6.3994e-03 2.4998e+00
1.8235e+01 9.9999e+04 7.8194e-08 9.9989e-01 9.9999e+04 7.8193e-03 2.4997e+00
1.8627e+01 9.9999e+04 9.5306e-08 9.9987e-01 9.9999e+04 9.5306e-03 2.4997e+00
1.9020e+01 9.9999e+04 1.1588e-07 9.9984e-01 9.9999e+04 1.1587e-02 2.4996e+00
1.9412e+01 9.9999e+04 1.4053e-07 9.9981e-01 9.9999e+04 1.4053e-02 2.4995e+00
1.9804e+01 9.9999e+04 1.7002e-07 9.9977e-01 9.9999e+04 1.7001e-02 2.4994e+00
2.0196e+01 9.9998e+04 2.0517e-07 9.9972e-01 9.9998e+04 2.0517e-02 2.4993e+00
2.0588e+01 9.9998e+04 2.4699e-07 9.9967e-01 9.9998e+04 2.4699e-02 2.4992e+00
2.0980e+01 9.9998e+04 2.9660e-07 9.9961e-01 9.9998e+04 2.9659e-02 2.4990e+00
2.1373e+01 9.9997e+04 3.5529e-07 9.9953e-01 9.9997e+04 3.5528e-02 2.4988e+00
2.1765e+01 9.9997e+04 4.2455e-07 9.9945e-01 9.9997e+04 4.2453e-02 2.4986e+00
2.2157e+01 9.9996e+04 5.0606e-07 9.9935e-01 9.9996e+04 5.0604e-02 2.4984e+00
2.2549e+01 9.9995e+04 6.0175e-07 9.9923e-01 9.9995e+04 6.0172e-02 2.4981e+00
2.2941e+01 9.9994e+04 7.1378e-07 9.9910e-01 9.9994e+04 7.1374e-02 2.4978e+00
2.3333e+01 9.9993e+04 8.4461e-07 9.9895e-01 9.9993e+04 8.4455e-02 2.4974e+00
2.3725e+01 9.9992e+04 9.9698e-07 9.9877e-01 9.9992e+04 9.9690e-02 2.4969e+00
2.4118e+01 9.9991e+04 1.1740e-06 9.9857e-01 9.9991e+04 1.1739e-01 2.4964e+00
2.4510e+01 9.9989e+04 1.3791e-06 9.9833e-01 9.9989e+04 1.3789e-01 2.4958e+00
2.4902e+01 9.9987e+04 1.6161e-06 9.9807e-01 9.9987e+04 1.6158e-01 2.4952e+00
2.5294e+01 9.9984e+04 1.8892e-06 9.9777e-01 9.9984e+04 1.8889e-01 2.4944e+00
2.5686e+01 9.9981e+04 2.2033e-06 9.9742e-01 9.9981e+04 2.2028e-01 2.4936e+00
2.6078e+01 9.9978e+04 2.5633e-06 9.9703e-01 9.9978e+04 2.5628e-01 2.4926e+00
2.6471e+01 9.9975e+04 2.9752e-06 9.9660e-01 9.9975e+04 2.9744e-01 2.4915e+00
2.6863e+01 9.9970e+04 3.4449e-06 9.9610e-01 9.9970e+04 3.4439e-01 2.4903e+00
2.7255e+01 9.9965e+04 3.9794e-06 9.9555e-01 9.9965e+04 3.9780e-01 2.4889e+00
2.7647e+01 9.9960e+04 4.5860e-06 9.9493e-01 9.9960e+04 4.5841e-01 2.4873e+00
2.8039e+01 9.9953e+04 5.2726e-06 9.9423e-01 9.9953e+04 5.2701e-01 2.4856e+00
2.8431e+01 9.9946e+04 6.0478e-06 9.9346e-01 9.9946e+04 6.0446e-01 2.4837e+00
2.8824e+01 9.9937e+04 6.9209e-06 9.9260e-01 9.9937e+04 6.9165e-01 2.4815e+00
2.9216e+01 9.9927e+04 7.9016e-06 9.9165e-01 9.9927e+04 7.8958e-01 2.4791e+00
2.9608e+01 9.9916e+04 9.0004e-06 9.9060e-01 9.9916e+04 8.9929e-01 2.4765e+00
3.0000e+01 9.9904e+04 1.0229e-05 9.8945e-01 9.9904e+04 1.0219e+00 2.4736e+00
3.0392e+01 9.9890e+04 1.1598e-05 9.8818e-01 9.9890e+04 1.1585e+00 2.4704e+00
3.0784e+01 9.9874e+04 1.3120e-05 9.8678e-01 9.9874e+04 1.3104e+00 2.4670e+00
3.1176e+01 9.9856e+04 1.4809e-05 9.8526e-01 9.9856e+04 1.4788e+00 2.4632e+00
3.1569e+01 9.9837e+04 1.6678e-05 9.8361e-01 9.9837e+04 1.6650e+00 2.4590e+00
3.1961e+01 9.9814e+04 1.8740e-05 9.8180e-01 9.9814e+04 1.8705e+00 2.4545e+00
3.2353e+01 9.9790e+04 2.1011e-05 9.7985e-01 9.9790e+04 2.0967e+00 2.4496e+00
3.2745e+01 9.9762e+04 2.3506e-05 9.7774e-01 9.9762e+04 2.3450e+00 2.4444e+00
3.3137e+01 9.9731e+04 2.6239e-05 9.7546e-01 9.9731e+04 2.6168e+00 2.4387e+00
3.3529e+01 9.9698e+04 2.9226e-05 9.7302e-01 9.9698e+04 2.9138e+00 2.4326e+00
3.3922e+01 9.9660e+04 3.2483e-05 9.7039e-01 9.9660e+04 3.2373e+00 2.4260e+00
3.4314e+01 9.9619e+04 3.6027e-05 9.6758e-01 9.9619e+04 3.5889e+00 2.4190e+00
3.4706e+01 9.9573e+04 3.9872e-05 9.6459e-01 9.9573e+04 3.9702e+00 2.4115e+00
3.5098e+01 9.9524e+04 4.4035e-05 9.6140e-01 9.9524e+04 4.3825e+00 2.4036e+00
3.5490e+01 9.9469e+04 4.8531e-05 9.5801e-01 9.9469e+04 4.8274e+00 2.3951e+00
3.5882e+01 9.9410e+04 5.3377e-05 9.5443e-01 9.9410e+04 5.3062e+00 2.3862e+00
3.6275e+01 9.9345e+04 5.8586e-05 9.5065e-01 9.9345e+04 5.8202e+00 2.3768e+00
3.6667e+01 9.9274e+04 6.4174e-05 9.4666e-01 9.9274e+04 6.3708e+00 2.3669e+00
3.7059e+01 9.9197e+04 7.0155e-05 9.4248e-01 9.9197e+04 6.9592e+00 2.3564e+00
3.7451e+01 9.9114e+04 7.6541e-05 9.3809e-01 9.9114e+04 7.5863e+00 2.3455e+00
3.7843e+01 9.9025e+04 8.3345e-05 9.3350e-01 9.9025e+04 8.2532e+00 2.3341e+00
3.8235e+01 9.8928e+04 9.0578e-05 9.2872e-01 9.8928e+04 8.9607e+00 2.3222e+00
3.8627e+01 9.8824e+04 9.8251e-05 9.2375e-01 9.8824e+04 9.7096e+00 2.3099e+00
3.9020e+01 9.8712e+04 1.0637e-04 9.1859e-01 9.8712e+04 1.0500e+01 2.2970e+00
3.9412e+01 9.8593e+04 1.1495e-04 9.1325e-01 9.8593e+04 1.1333e+01 2.2838e+00
3.9804e+01 9.8465e+04 1.2399e-04 9.0774e-01 9.8465e+04 1.2209e+01 2.2701e+00
4.0196e+01 9.8328e+04 1.3350e-04 9.0205e-01 9.8328e+04 1.3127e+01 2.2560e+00
4.0588e+01 9.8183e+04 1.4348e-04 8.9622e-01 9.8183e+04 1.4087e+01 2.2416e+00
4.0980e+01 9.8028e+04 1.5392e-04 8.9023e-01 9.8028e+04 1.5088e+01 2.2267e+00
4.1373e+01 9.7865e+04 1.6488e-04 8.8412e-01 9.7865e+04 1.6136e+01 2.2116e+00
4.1765e+01 9.7689e+04 1.7617e-04 8.7783e-01 9.7689e+04 1.7210e+01 2.1961e+00
4.2157e+01 9.7514e+04 1.8833e-04 8.7158e-01 9.7514e+04 1.8365e+01 2.1807e+00
4.2549e+01 9.7299e+04 1.9985e-04 8.6484e-01 9.7299e+04 1.9446e+01 2.1640e+00
4.2941e+01 9.7151e+04 2.1461e-04 8.5897e-01 9.7151e+04 2.0850e+01 2.1497e+00
4.3333e+01 9.6812e+04 2.2328e-04 8.5079e-01 9.6812e+04 2.1617e+01 2.1294e+00
4.3725e+01 9.6856e+04 2.4658e-04 8.4738e-01 9.6856e+04 2.3883e+01 2.1214e+00
4.4118e+01 9.6105e+04 2.4193e-04 8.3432e-01 9.6105e+04 2.3251e+01 2.0886e+00
4.4510e+01 9.6768e+04 2.8906e-04 8.3853e-01 9.6768e+04 2.7972e+01 2.1004e+00
4.4902e+01 9.5100e+04 2.5273e-04 8.1467e-01 9.5100e+04 2.4035e+01 2.0397e+00
4.5294e+01 9.6762e+04 3.3712e-04 8.3086e-01 9.6762e+04 3.2620e+01 2.0826e+00
4.5686e+01 9.4275e+04 2.7329e-04 7.9785e-01 9.4275e+04 2.5764e+01 1.9981e+00
4.6078e+01 9.6020e+04 3.6199e-04 8.1491e-01 9.6020e+04 3.4759e+01 2.0436e+00
4.6471e+01 9.4392e+04 3.3169e-04 7.9295e-01 9.4392e+04 3.1309e+01 1.9876e+00
4.6863e+01 9.4529e+04 3.6284e-04 7.9096e-01 9.4529e+04 3.4299e+01 1.9836e+00
4.7255e+01 9.4266e+04 3.8324e-04 7.8550e-01 9.4266e+04 3.6126e+01 1.9707e+00
4.7647e+01 9.4108e+04 4.0470e-04 7.8037e-01 9.4108e+04 3.8085e+01 1.9586e+00
4.8039e+01 9.3109e+04 3.9758e-04 7.6612e-01 9.3109e+04 3.7018e+01 1.9227e+00
4.8431e+01 9.3043e+04 4.4498e-04 7.6922e-01 9.3043e+04 4.1402e+01 1.9323e+00
4.8824e+01 9.6294e+04 4.4728e-04 7.5798e-01 9.6294e+04 4.3071e+01 1.9046e+00
4.9216e+01 7.7241e+04 4.6822e-04 7.5347e-01 7.7241e+04 3.6166e+01 1.8921e+00
4.9608e+01 1.2903e+05 4.8523e-04 7.4544e-01 1.2903e+05 6.2610e+01 1.8788e+00
5.0000e+01 7.2128e+04 4.9614e-04 7.3974e-01 7.2128e+04 3.5785e+01 1.8582e+00
5.0392e+01 2.7967e+04 5.1660e-04 7.3797e-01 2.7967e+04 1.4448e+01 1.8486e+00
5.0784e+01 1.2276e+04 5.2856e-04 7.3510e-01 1.2276e+04 6.4884e+00 1.8395e+00
5.1176e+01 8.6410e+03 6.1186e-04 7.3673e-01 8.6410e+03 5.2871e+00 1.8434e+00
5.1569e+01 8.2363e+03 7.2437e-04 7.3826e-01 8.2363e+03 5.9661e+00 1.8478e+00
5.1961e+01 8.7493e+03 7.6530e-04 7.3335e-01 8.7493e+03 6.6958e+00 1.8359e+00
5.2353e+01 9.3231e+03 8.2475e-04 7.3179e-01 9.3231e+03 7.6892e+00 1.8326e+00
5.2745e+01 9.9549e+03 9.3903e-04 7.3703e-01 9.9549e+03 9.3479e+00 1.8470e+00
5.3137e+01 1.0391e+04 9.9955e-04 7.3818e-01 1.0391e+04 1.0386e+01 1.8506e+00
5.3529e+01 1.0693e+04 9.9100e-04 7.3300e-01 1.0693e+04 1.0597e+01 1.8377e+00
5.3922e+01 1.0918e+04 9.9798e-04 7.3004e-01 1.0918e+04 1.0896e+01 1.8305e+00
5.4314e+01 1.1166e+04 1.0567e-03 7.3301e-01 1.1166e+04 1.1799e+01 1.8388e+00
5.4706e+01 1.1367e+04 1.1145e-03 7.3630e-01 1.1367e+04 1.2669e+01 1.8478e+00
5.5098e+01 1.1498e+04 1.1286e-03 7.3515e-01 1.1498e+04 1.2977e+01 1.8452e+00
5.5490e+01 1.1571e+04 1.1152e-03 7.3121e-01 1.1571e+04 1.2904e+01 1.8352e+00
5.5882e+01 1.1654e+04 1.1177e-03 7.2903e-01 1.1654e+04 1.3026e+01 1.8299e+00
5.6275e+01 1.1767e+04 1.1550e-03 7.3089e-01 1.1767e+04 1.3591e+01 1.8351e+00
5.6667e+01 1.1887e+04 1.2041e-03 7.3424e-01 1.1887e+04 1.4313e+01 1.8442e+00
5.7059e+01 1.1973e+04 1.2336e-03 7.3560e-01 1.1973e+04 1.4770e+01 1.8481e+00
5.7451e+01 1.2018e+04 1.2350e-03 7.3396e-01 1.2018e+04 1.4842e+01 1.8441e+00
5.7843e+01 1.2042e+04 1.2246e-03 7.3089e-01 1.2042e+04 1.4747e+01 1.8363e+00
5.8235e+01 1.2082e+04 1.2278e-03 7.2940e-01 1.2082e+04 1.4834e+01 1.8326e+00
5.8627e+01 1.2153e+04 1.2590e-03 7.3115e-01 1.2153e+04 1.5301e+01 1.8375e+00
5.9020e+01 1.2244e+04 1.3075e-03 7.3497e-01 1.2244e+04 1.6009e+01 1.8479e+00
5.9412e+01 1.2325e+04 1.3514e-03 7.3838e-01 1.2325e+04 1.6656e+01 1.8572e+00
5.9804e+01 1.2377e+04 1.3747e-03 7.3957e-01 1.2377e+04 1.7015e+01 1.8606e+00
6.0196e+01 1.2398e+04 1.3764e-03 7.3836e-01 1.2398e+04 1.7064e+01 1.8576e+00
6.0588e+01 1.2403e+04 1.3673e-03 7.3584e-01 1.2403e+04 1.6958e+01 1.8512e+00
6.0980e+01 1.2419e+04 1.3655e-03 7.3406e-01 1.2419e+04 1.6958e+01 1.8467e+00
6.1373e+01 1.2466e+04 1.3882e-03 7.3516e-01 1.2466e+04 1.7304e+01 1.8499e+00
6.1765e+01 1.2548e+04 1.4382e-03 7.3948e-01 1.2548e+04 1.8046e+01 1.8617e+00
6.2157e+01 1.2655e+04 1.5065e-03 7.4601e-01 1.2655e+04 1.9065e+01 1.8794e+00
6.2549e+01 1.2768e+04 1.5798e-03 7.5323e-01 1.2768e+04 2.0171e+01 1.8990e+00
6.2941e+01 1.2872e+04 1.6461e-03 7.5978e-01 1.2872e+04 2.1189e+01 1.9169e+00
6.3333e+01 1.2956e+04 1.6984e-03 7.6476e-01 1.2956e+04 2.2004e+01 1.9306e+00
6.3725e+01 1.3017e+04 1.7344e-03 7.6788e-01 1.3017e+04 2.2575e+01 1.9393e+00
6.4118e+01 1.3056e+04 1.7559e-03 7.6931e-01 1.3056e+04 2.2924e+01 1.9434e+00
6.4510e+01 1.3079e+04 1.7666e-03 7.6950e-01 1.3079e+04 2.3106e+01 1.9442e+00
6.4902e+01 1.3093e+04 1.7706e-03 7.6890e-01 1.3093e+04 2.3183e+01 1.9428e+00
6.5294e+01 1.3101e+04 1.7711e-03 7.6789e-01 1.3101e+04 2.3203e+01 1.9403e+00
6.5686e+01 1.3107e+04 1.7700e-03 7.6672e-01 1.3107e+04 2.3199e+01 1.9373e+00
6.6078e+01 1.3111e+04 1.7683e-03 7.6547e-01 1.3111e+04 2.3185e+01 1.9342e+00
6.6471e+01 1.3115e+04 1.7662e-03 7.6416e-01 1.3115e+04 2.3165e+01 1.9309e+00
6.6863e+01 1.3119e+04 1.7639e-03 7.6282e-01 1.3119e+04 2.3140e+01 1.9275e+00
6.7255e+01 1.3122e+04 1.7613e-03 7.6143e-01 1.3122e+04 2.3112e+01 1.9239e+00
6.7647e+01 1.3126e+04 1.7584e-03 7.6000e-01 1.3126e+04 2.3080e+01 1.9203e+00
6.8039e+01 1.3128e+04 1.7554e-03 7.5853e-01 1.3128e+04 2.3045e+01 1.9166e+00
6.8431e+01 1.3131e+04 1.7521e-03 7.5702e-01 1.3131e+04 2.3007e+01 1.9127e+00
6.8824e+01 1.3133e+04 1.7487e-03 7.5547e-01 1.3133e+04 2.2965e+01 1.9088e+00
6.9216e+01 1.3135e+04 1.7450e-03 7.5388e-01 1.3135e+04 2.2920e+01 1.9047e+00
6.9608e+01 1.3137e+04 1.7411e-03 7.5225e-01 1.3137e+04 2.2873e+01 1.9005e+00
7.0000e+01 1.3138e+04 1.7370e-03 7.5057e-01 1.3138e+04 2.2822e+01 1.8963e+00
7.0392e+01 1.3140e+04 1.7328e-03 7.4886e-01 1.3140e+04 2.2768e+01 1.8919e+00
7.0784e+01 1.3141e+04 1.7283e-03 7.4710e-01 1.3141e+04 2.2711e+01 1.8874e+00
7.1176e+01 1.3142e+04 1.7237e-03 7.4530e-01 1.3142e+04 2.2652e+01 1.8828e+00
7.1569e+01 1.3142e+04 1.7188e-03 7.4346e-01 1.3142e+04 2.2589e+01 1.8781e+00
7.1961e+01 1.3143e+04 1.7138e-03 7.4157e-01 1.3143e+04 2.2524e+01 1.8732e+00
7.2353e+01 1.3143e+04 1.7086e-03 7.3963e-01 1.3143e+04 2.2456e+01 1.8683e+00
7.2745e+01 1.3143e+04 1.7032e-03 7.3765e-01 1.3143e+04 2.2385e+01 1.8632e+00
7.3137e+01 1.3143e+04 1.6976e-03 7.3562e-01 1.3143e+04 2.2311e+01 1.8580e+00
7.3529e+01 1.3143e+04 1.6918e-03 7.3355e-01 1.3143e+04 2.2235e+01 1.8527e+00
7.3922e+01 1.3142e+04 1.6858e-03 7.3142e-01 1.3142e+04 2.2155e+01 1.8472e+00
7.4314e+01 1.3142e+04 1.6796e-03 7.2925e-01 1.3142e+04 2.2073e+01 1.8417e+00
7.4706e+01 1.3141e+04 1.6733e-03 7.2702e-01 1.3141e+04 2.1988e+01 1.8360e+00
7.5098e+01 1.3140e+04 1.6667e-03 7.2475e-01 1.3140e+04 2.1901e+01 1.8301e+00
7.5490e+01 1.3139e+04 1.6600e-03 7.2242e-01 1.3139e+04 2.1810e+01 1.8241e+00
7.5882e+01 1.3138e+04 1.6530e-03 7.2003e-01 1.3138e+04 2.1717e+01 1.8180e+00
7.6275e+01 1.3136e+04 1.6459e-03 7.1760e-01 1.3136e+04 2.1621e+01 1.8118e+00
7.6667e+01 1.3135e+04 1.6385e-03 7.1510e-01 1.3135e+04 2.1522e+01 1.8054e+00
7.7059e+01 1.3133e+04 1.6310e-03 7.1255e-01 1.3133e+04 2.1421e+01 1.7988e+00
7.7451e+01 1.3131e+04 1.6233e-03 7.0994e-01 1.3131e+04 2.1316e+01 1.7921e+00
7.7843e+01 1.3129e+04 1.6154e-03 7.0726e-01 1.3129e+04 2.1209e+01 1.7853e+00
7.8235e+01 1.3127e+04 1.6072e-03 7.0453e-01 1.3127e+04 2.1099e+01 1.7783e+00
7.8627e+01 1.3125e+04 1.5989e-03 7.0173e-01 1.3125e+04 2.0986e+01 1.7711e+00
7.9020e+01 1.3122e+04 1.5904e-03 6.9886e-01 1.3122e+04 2.0870e+01 1.7637e+00
7.9412e+01 1.3120e+04 1.5817e-03 6.9592e-01 1.3120e+04 2.0751e+01 1.7562e+00
7.9804e+01 1.3117e+04 1.5727e-03 6.9292e-01 1.3117e+04 2.0630e+01 1.7485e+00
8.0196e+01 1.3114e+04 1.5636e-03 6.8983e-01 1.3114e+04 2.0506e+01 1.7406e+00
8.0588e+01 1.3111e+04 1.5543e-03 6.8666e-01 1.3111e+04 2.0379e+01 1.7325e+00
8.0980e+01 1.3108e+04 1.5448e-03 6.8341e-01 1.3108e+04 2.0249e+01 1.7242e+00
8.1373e+01 1.3105e+04 1.5351e-03 6.8006e-01 1.3105e+04 2.0118e+01 1.7156e+00
8.1765e+01 1.3101e+04 1.5253e-03 6.7660e-01 1.3101e+04 1.9983e+01 1.7067e+00
8.2157e+01 1.3097e+04 1.5154e-03 6.7303e-01 1.3097e+04 1.9847e+01 1.6976e+00
8.2549e+01 1.3094e+04 1.5053e-03 6.6934e-01 1.3094e+04 1.9709e+01 1.6882e+00
8.2941e+01 1.3090e+04 1.4951e-03 6.6550e-01 1.3090e+04 1.9570e+01 1.6784e+00
8.3333e+01 1.3085e+04 1.4848e-03 6.6149e-01 1.3085e+04 1.9430e+01 1.6682e+00
8.3725e+01 1.3081e+04 1.4746e-03 6.5732e-01 1.3081e+04 1.9289e+01 1.6575e+00
8.4118e+01 1.3076e+04 1.4643e-03 6.5293e-01 1.3076e+04 1.9148e+01 1.6464e+00
8.4510e+01 1.3072e+04 1.4541e-03 6.4833e-01 1.3072e+04 1.9007e+01 1.6346e+00
8.4902e+01 1.3066e+04 1.4440e-03 6.4348e-01 1.3066e+04 1.8868e+01 1.6223e+00
8.5294e+01 1.3061e+04 1.4341e-03 6.3836e-01 1.3061e+04 1.8730e+01 1.6093e+00
8.5686e+01 1.3055e+04 1.4243e-03 6.3294e-01 1.3055e+04 1.8595e+01 1.5956e+00
8.6078e+01 1.3049e+04 1.4149e-03 6.2720e-01 1.3049e+04 1.8464e+01 1.5811e+00
8.6471e+01 1.3043e+04 1.4058e-03 6.2112e-01 1.3043e+04 1.8336e+01 1.5657e+00
8.6863e+01 1.3037e+04 1.3971e-03 6.1468e-01 1.3037e+04 1.8213e+01 1.5494e+00
8.7255e+01 1.3029e+04 1.3888e-03 6.0785e-01 1.3029e+04 1.8095e+01 1.5322e+00
8.7647e+01 1.3022e+04 1.3810e-03 6.0062e-01 1.3022e+04 1.7983e+01 1.5140e+00
8.8039e+01 1.3014e+04 1.3737e-03 5.9298e-01 1.3014e+04 1.7878e+01 1.4947e+00
8.8431e+01 1.3006e+04 1.3671e-03 5.8490e-01 1.3006e+04 1.7780e+01 1.4744e+00
8.8824e+01 1.2997e+04 1.3610e-03 5.7640e-01 1.2997e+04 1.7689e+01 1.4530e+00
8.9216e+01 1.2988e+04 1.3556e-03 5.6745e-01 1.2988e+04 1.7607e+01 1.4306e+00
8.9608e+01 1.2978e+04 1.3509e-03 5.5806e-01 1.2978e+04 1.7532e+01 1.4070e+00
9.0000e+01 1.2968e+04 1.3469e-03 5.4822e-01 1.2968e+04 1.7466e+01 1.3823e+00
9.0392e+01 1.2957e+04 1.3436e-03 5.3794e-01 1.2957e+04 1.7409e+01 1.3565e+00
9.0784e+01 1.2946e+04 1.3410e-03 5.2721e-01 1.2946e+04 1.7360e+01 1.3297e+00
9.1176e+01 1.2935e+04 1.3391e-03 5.1606e-01 1.2935e+04 1.7320e+01 1.3017e+00
9.1569e+01 1.2923e+04 1.3379e-03 5.0448e-01 1.2923e+04 1.7289e+01 1.2728e+00
9.1961e+01 1.2910e+04 1.3373e-03 4.9249e-01 1.2910e+04 1.7265e+01 1.2428e+00
9.2353e+01 1.2897e+04 1.3374e-03 4.8010e-01 1.2897e+04 1.7249e+01 1.2118e+00
9.2745e+01 1.2884e+04 1.3381e-03 4.6733e-01 1.2884e+04 1.7239e+01 1.1799e+00
9.3137e+01 1.2870e+04 1.3392e-03 4.5422e-01 1.2870e+04 1.7235e+01 1.1471e+00
9.3529e+01 1.2856e+04 1.3406e-03 4.4081e-01 1.2856e+04 1.7234e+01 1.1136e+00
9.3922e+01 1.2842e+04 1.3420e-03 4.2716e-01 1.2842e+04 1.7234e+01 1.0795e+00
9.4314e+01 1.2828e+04 1.3432e-03 4.1336e-01 1.2828e+04 1.7230e+01 1.0450e+00
9.4706e+01 1.2814e+04 1.3437e-03 3.9953e-01 1.2814e+04 1.7219e+01 1.0104e+00
9.5098e+01 1.2802e+04 1.3429e-03 3.8585e-01 1.2802e+04 1.7192e+01 9.7616e-01
9.5490e+01 1.2789e+04 1.3402e-03 3.7249e-01 1.2789e+04 1.7140e+01 9.4271e-01
9.5882e+01 1.2779e+04 1.3351e-03 3.5972e-01 1.2779e+04 1.7061e+01 9.1068e-01
9.6275e+01 1.2769e+04 1.3261e-03 3.4760e-01 1.2769e+04 1.6932e+01 8.8022e-01
9.6667e+01 1.2764e+04 1.3163e-03 3.3661e-01 1.2764e+04 1.6801e+01 8.5259e-01
9.7059e+01 1.2749e+04 1.2966e-03 3.2567e-01 1.2749e+04 1.6530e+01 8.2490e-01
9.7451e+01 1.2764e+04 1.2912e-03 3.1765e-01 1.2764e+04 1.6480e+01 8.0478e-01
9.7843e+01 1.2704e+04 1.2456e-03 3.0536e-01 1.2704e+04 1.5824e+01 7.7325e-01
9.8235e+01 1.2811e+04 1.2875e-03 3.0373e-01 1.2811e+04 1.6494e+01 7.6993e-01
9.8627e+01 1.2450e+04 1.1580e-03 2.7961e-01 1.2450e+04 1.4418e+01 7.0738e-01
9.9020e+01 1.3054e+04 1.4725e-03 2.9215e-01 1.3054e+04 1.9221e+01 7.4454e-01
9.9412e+01 1.0769e+04 1.0209e-03 2.2080e-01 1.0769e+04 1.0994e+01 5.5761e-01
9.9804e+01 1.5696e+04 2.1653e-03 2.6081e-01 1.5696e+04 3.3986e+01 6.8882e-01
