# # x Density Velocity Pressure q0 q1 q2
1.9608e-01 1.0000e+05 1.1133e-12 1.0000e+00 1.0000e+05 1.1133e-07 2.5000e+00
5.8824e-01 1.0000e+05 1.4830e-12 1.0000e+00 1.0000e+05 1.4830e-07 2.5000e+00
9.8039e-01 1.0000e+05 1.7740e-12 1.0000e+00 1.0000e+05 1.7740e-07 2.5000e+00
1.3725e+00 1.0000e+05 2.1864e-12 1.0000e+00 1.0000e+05 2.1864e-07 2.5000e+00
1.7647e+00 1.0000e+05 2.7970e-12 1.0000e+00 1.0000e+05 2.7970e-07 2.5000e+00
2.1569e+00 1.0000e+05 3.6637e-12 1.0000e+00 1.0000e+05 3.6637e-07 2.5000e+00
2.5490e+00 1.0000e+05 4.8570e-12 1.0000e+00 1.0000e+05 4.8570e-07 2.5000e+00
2.9412e+00 1.0000e+05 6.4715e-12 1.0000e+00 1.0000e+05 6.4715e-07 2.5000e+00
3.3333e+00 1.0000e+05 8.6339e-12 1.0000e+00 1.0000e+05 8.6339e-07 2.5000e+00
3.7255e+00 1.0000e+05 1.1512e-11 1.0000e+00 1.0000e+05 1.1512e-06 2.5000e+00
4.1176e+00 1.0000e+05 1.5325e-11 1.0000e+00 1.0000e+05 1.5325e-06 2.5000e+00
4.5098e+00 1.0000e+05 2.0361e-11 1.0000e+00 1.0000e+05 2.0361e-06 2.5000e+00
4.9020e+00 1.0000e+05 2.6989e-11 1.0000e+00 1.0000e+05 2.6989e-06 2.5000e+00
5.2941e+00 1.0000e+05 3.5689e-11 1.0000e+00 1.0000e+05 3.5689e-06 2.5000e+00
5.6863e+00 1.0000e+05 4.7080e-11 1.0000e+00 1.0000e+05 4.7080e-06 2.5000e+00
6.0784e+00 1.0000e+05 6.1952e-11 1.0000e+00 1.0000e+05 6.1952e-06 2.5000e+00
6.4706e+00 1.0000e+05 8.1318e-11 1.0000e+00 1.0000e+05 8.1318e-06 2.5000e+00
6.8627e+00 1.0000e+05 1.0647e-10 1.0000e+00 1.0000e+05 1.0647e-05 2.5000e+00
7.2549e+00 1.0000e+05 1.3906e-10 1.0000e+00 1.0000e+05 1.3906e-05 2.5000e+00
7.6471e+00 1.0000e+05 1.8117e-10 1.0000e+00 1.0000e+05 1.8117e-05 2.5000e+00
8.0392e+00 1.0000e+05 2.3544e-10 1.0000e+00 1.0000e+05 2.3544e-05 2.5000e+00
8.4314e+00 1.0000e+05 3.0521e-10 1.0000e+00 1.0000e+05 3.0521e-05 2.5000e+00
8.8235e+00 1.0000e+05 3.9466e-10 1.0000e+00 1.0000e+05 3.9466e-05 2.5000e+00
9.2157e+00 1.0000e+05 5.0904e-10 1.0000e+00 1.0000e+05 5.0904e-05 2.5000e+00
9.6078e+00 1.0000e+05 6.5495e-10 1.0000e+00 1.0000e+05 6.5495e-05 2.5000e+00
1.0000e+01 1.0000e+05 8.4056e-10 1.0000e+00 1.0000e+05 8.4056e-05 2.5000e+00
1.0392e+01 1.0000e+05 1.0761e-09 1.0000e+00 1.0000e+05 1.0761e-04 2.5000e+00
1.0784e+01 1.0000e+05 1.3742e-09 1.0000e+00 1.0000e+05 1.3742e-04 2.5000e+00
1.1176e+01 1.0000e+05 1.7505e-09 1.0000e+00 1.0000e+05 1.7505e-04 2.5000e+00
1.1569e+01 1.0000e+05 2.2243e-09 1.0000e+00 1.0000e+05 2.2243e-04 2.5000e+00
1.1961e+01 1.0000e+05 2.8192e-09 1.0000e+00 1.0000e+05 2.8192e-04 2.5000e+00
1.2353e+01 1.0000e+05 3.5645e-09 9.9999e-01 1.0000e+05 3.5645e-04 2.5000e+00
1.2745e+01 1.0000e+05 4.4955e-09 9.9999e-01 1.0000e+05 4.4955e-04 2.5000e+00
1.3137e+01 1.0000e+05 5.6555e-09 9.9999e-01 1.0000e+05 5.6555e-04 2.5000e+00
1.3529e+01 1.0000e+05 7.0973e-09 9.9999e-01 1.0000e+05 7.0973e-04 2.5000e+00
1.3922e+01 1.0000e+05 8.8845e-09 9.9999e-01 1.0000e+05 8.8845e-04 2.5000e+00
1.4314e+01 1.0000e+05 1.1094e-08 9.9998e-01 1.0000e+05 1.1094e-03 2.5000e+00
1.4706e+01 1.0000e+05 1.3819e-08 9.9998e-01 1.0000e+05 1.3819e-03 2.4999e+00
1.5098e+01 1.0000e+05 1.7170e-08 9.9997e-01 1.0000e+05 1.7170e-03 2.4999e+00
1.5490e+01 1.0000e+05 2.1282e-08 9.9997e-01 1.0000e+05 2.1282e-03 2.4999e+00
1.5882e+01 1.0000e+05 2.6312e-08 9.9996e-01 1.0000e+05 2.6312e-03 2.4999e+00
1.6275e+01 1.0000e+05 3.2451e-08 9.9995e-01 1.0000e+05 3.2451e-03 2.4999e+00
1.6667e+01 1.0000e+05 3.9924e-08 9.9994e-01 1.0000e+05 3.9924e-03 2.4999e+00
1.7059e+01 1.0000e+05 4.8997e-08 9.9993e-01 1.0000e+05 4.8997e-03 2.4998e+00
1.7451e+01 1.0000e+05 5.9984e-08 9.9991e-01 1.0000e+05 5.9983e-03 2.4998e+00
1.7843e+01 9.9999e+04 7.3253e-08 9.9990e-01 9.9999e+04 7.3252e-03 2.4997e+00
1.8235e+01 9.9999e+04 8.9237e-08 9.9987e-01 9.9999e+04 8.9237e-03 2.4997e+00
1.8627e+01 9.9999e+04 1.0844e-07 9.9985e-01 9.9999e+04 1.0844e-02 2.4996e+00
1.9020e+01 9.9999e+04 1.3146e-07 9.9982e-01 9.9999e+04 1.3146e-02 2.4995e+00
1.9412e+01 9.9999e+04 1.5897e-07 9.9978e-01 9.9999e+04 1.5897e-02 2.4995e+00
1.9804e+01 9.9999e+04 1.9177e-07 9.9974e-01 9.9999e+04 1.9177e-02 2.4994e+00
2.0196e+01 9.9998e+04 2.3077e-07 9.9969e-01 9.9998e+04 2.3077e-02 2.4992e+00
2.0588e+01 9.9998e+04 2.7703e-07 9.9963e-01 9.9998e+04 2.7703e-02 2.4991e+00
2.0980e+01 9.9997e+04 3.3176e-07 9.9957e-01 9.9997e+04 3.3175e-02 2.4989e+00
2.1373e+01 9.9997e+04 3.9632e-07 9.9949e-01 9.9997e+04 3.9631e-02 2.4987e+00
2.1765e+01 9.9996e+04 4.7231e-07 9.9939e-01 9.9996e+04 4.7229e-02 2.4985e+00
2.2157e+01 9.9996e+04 5.6150e-07 9.9929e-01 9.9996e+04 5.6148e-02 2.4982e+00
2.2549e+01 9.9995e+04 6.6593e-07 9.9916e-01 9.9995e+04 6.6590e-02 2.4979e+00
2.2941e+01 9.9994e+04 7.8788e-07 9.9902e-01 9.9994e+04 7.8783e-02 2.4975e+00
2.3333e+01 9.9993e+04 9.2992e-07 9.9885e-01 9.9993e+04 9.2985e-02 2.4971e+00
2.3725e+01 9.9991e+04 1.0949e-06 9.9866e-01 9.9991e+04 1.0948e-01 2.4967e+00
2.4118e+01 9.9990e+04 1.2862e-06 9.9845e-01 9.9990e+04 1.2860e-01 2.4961e+00
2.4510e+01 9.9988e+04 1.5072e-06 9.9820e-01 9.9988e+04 1.5070e-01 2.4955e+00
2.4902e+01 9.9985e+04 1.7619e-06 9.9792e-01 9.9985e+04 1.7617e-01 2.4948e+00
2.5294e+01 9.9983e+04 2.0549e-06 9.9760e-01 9.9983e+04 2.0546e-01 2.4940e+00
2.5686e+01 9.9980e+04 2.3909e-06 9.9723e-01 9.9980e+04 2.3905e-01 2.4931e+00
2.6078e+01 9.9976e+04 2.7754e-06 9.9682e-01 9.9976e+04 2.7747e-01 2.4921e+00
2.6471e+01 9.9972e+04 3.2140e-06 9.9636e-01 9.9972e+04 3.2131e-01 2.4909e+00
2.6863e+01 9.9968e+04 3.7133e-06 9.9584e-01 9.9968e+04 3.7121e-01 2.4896e+00
2.7255e+01 9.9962e+04 4.2801e-06 9.9526e-01 9.9962e+04 4.2785e-01 2.4881e+00
2.7647e+01 9.9956e+04 4.9220e-06 9.9461e-01 9.9956e+04 4.9198e-01 2.4865e+00
2.8039e+01 9.9949e+04 5.6471e-06 9.9388e-01 9.9949e+04 5.6442e-01 2.4847e+00
2.8431e+01 9.9941e+04 6.4640e-06 9.9308e-01 9.9941e+04 6.4602e-01 2.4827e+00
2.8824e+01 9.9932e+04 7.3821e-06 9.9219e-01 9.9932e+04 7.3771e-01 2.4805e+00
2.9216e+01 9.9922e+04 8.4115e-06 9.9120e-01 9.9922e+04 8.4049e-01 2.4780e+00
2.9608e+01 9.9910e+04 9.5625e-06 9.9011e-01 9.9910e+04 9.5539e-01 2.4753e+00
3.0000e+01 9.9897e+04 1.0847e-05 9.8892e-01 9.9897e+04 1.0835e+00 2.4723e+00
3.0392e+01 9.9882e+04 1.2275e-05 9.8761e-01 9.9882e+04 1.2261e+00 2.4690e+00
3.0784e+01 9.9866e+04 1.3861e-05 9.8617e-01 9.9866e+04 1.3843e+00 2.4654e+00
3.1176e+01 9.9847e+04 1.5617e-05 9.8461e-01 9.9847e+04 1.5593e+00 2.4615e+00
3.1569e+01 9.9826e+04 1.7557e-05 9.8290e-01 9.9826e+04 1.7526e+00 2.4573e+00
3.1961e+01 9.9803e+04 1.9694e-05 9.8106e-01 9.9803e+04 1.9655e+00 2.4527e+00
3.2353e+01 9.9777e+04 2.2043e-05 9.7906e-01 9.9777e+04 2.1994e+00 2.4477e+00
3.2745e+01 9.9749e+04 2.4619e-05 9.7690e-01 9.9749e+04 2.4557e+00 2.4423e+00
3.3137e+01 9.9717e+04 2.7437e-05 9.7458e-01 9.9717e+04 2.7360e+00 2.4365e+00
3.3529e+01 9.9682e+04 3.0513e-05 9.7208e-01 9.9682e+04 3.0415e+00 2.4303e+00
3.3922e+01 9.9643e+04 3.3861e-05 9.6941e-01 9.9643e+04 3.3740e+00 2.4236e+00
3.4314e+01 9.9600e+04 3.7497e-05 9.6656e-01 9.9600e+04 3.7347e+00 2.4165e+00
3.4706e+01 9.9553e+04 4.1438e-05 9.6352e-01 9.9553e+04 4.1253e+00 2.4089e+00
3.5098e+01 9.9502e+04 4.5699e-05 9.6029e-01 9.9502e+04 4.5471e+00 2.4008e+00
3.5490e+01 9.9445e+04 5.0295e-05 9.5686e-01 9.9445e+04 5.0016e+00 2.3923e+00
3.5882e+01 9.9384e+04 5.5240e-05 9.5324e-01 9.9384e+04 5.4900e+00 2.3833e+00
3.6275e+01 9.9317e+04 6.0551e-05 9.4942e-01 9.9317e+04 6.0137e+00 2.3737e+00
3.6667e+01 9.9245e+04 6.6240e-05 9.4541e-01 9.9245e+04 6.5740e+00 2.3637e+00
3.7059e+01 9.9166e+04 7.2321e-05 9.4119e-01 9.9166e+04 7.1718e+00 2.3532e+00
3.7451e+01 9.9081e+04 7.8807e-05 9.3678e-01 9.9081e+04 7.8083e+00 2.3422e+00
3.7843e+01 9.8989e+04 8.5710e-05 9.3217e-01 9.8989e+04 8.4844e+00 2.3308e+00
3.8235e+01 9.8891e+04 9.3040e-05 9.2737e-01 9.8891e+04 9.2008e+00 2.3188e+00
3.8627e+01 9.8784e+04 1.0081e-04 9.2238e-01 9.8784e+04 9.9582e+00 2.3064e+00
3.9020e+01 9.8671e+04 1.0902e-04 9.1721e-01 9.8671e+04 1.0757e+01 2.2936e+00
3.9412e+01 9.8549e+04 1.1769e-04 9.1186e-01 9.8549e+04 1.1598e+01 2.2803e+00
3.9804e+01 9.8419e+04 1.2681e-04 9.0634e-01 9.8419e+04 1.2481e+01 2.2666e+00
4.0196e+01 9.8280e+04 1.3640e-04 9.0066e-01 9.8280e+04 1.3405e+01 2.2526e+00
4.0588e+01 9.8133e+04 1.4645e-04 8.9483e-01 9.8133e+04 1.4372e+01 2.2381e+00
4.0980e+01 9.7976e+04 1.5696e-04 8.8885e-01 9.7976e+04 1.5378e+01 2.2233e+00
4.1373e+01 9.7811e+04 1.6799e-04 8.8275e-01 9.7811e+04 1.6432e+01 2.2083e+00
4.1765e+01 9.7632e+04 1.7931e-04 8.7648e-01 9.7632e+04 1.7506e+01 2.1928e+00
4.2157e+01 9.7458e+04 1.9160e-04 8.7027e-01 9.7458e+04 1.8673e+01 2.1775e+00
4.2549e+01 9.7236e+04 2.0299e-04 8.6349e-01 9.7236e+04 1.9738e+01 2.1607e+00
4.2941e+01 9.7096e+04 2.1817e-04 8.5778e-01 9.7096e+04 2.1184e+01 2.1468e+00
4.3333e+01 9.6734e+04 2.2609e-04 8.4937e-01 9.6734e+04 2.1871e+01 2.1259e+00
4.3725e+01 9.6815e+04 2.5083e-04 8.4647e-01 9.6815e+04 2.4284e+01 2.1192e+00
4.4118e+01 9.6000e+04 2.4390e-04 8.3269e-01 9.6000e+04 2.3414e+01 2.0846e+00
4.4510e+01 9.6749e+04 2.9418e-04 8.3798e-01 9.6749e+04 2.8462e+01 2.0991e+00
4.4902e+01 9.4983e+04 2.5434e-04 8.1301e-01 9.4983e+04 2.4158e+01 2.0356e+00
4.5294e+01 9.6715e+04 3.4132e-04 8.3007e-01 9.6715e+04 3.3010e+01 2.0808e+00
4.5686e+01 9.4225e+04 2.7748e-04 7.9713e-01 9.4225e+04 2.6146e+01 1.9965e+00
4.6078e+01 9.5875e+04 3.6281e-04 8.1311e-01 9.5875e+04 3.4785e+01 2.0391e+00
4.6471e+01 9.4402e+04 3.3809e-04 7.9306e-01 9.4402e+04 3.1916e+01 1.9880e+00
4.6863e+01 9.4412e+04 3.6457e-04 7.8962e-01 9.4412e+04 3.4419e+01 1.9803e+00
4.7255e+01 9.4165e+04 3.8551e-04 7.8439e-01 9.4165e+04 3.6301e+01 1.9680e+00
4.7647e+01 9.4084e+04 4.0977e-04 7.8023e-01 9.4084e+04 3.8553e+01 1.9585e+00
4.8039e+01 9.3029e+04 4.0032e-04 7.6531e-01 9.3029e+04 3.7242e+01 1.9207e+00
4.8431e+01 9.2885e+04 4.4662e-04 7.6813e-01 9.2885e+04 4.1484e+01 1.9296e+00
4.8824e+01 9.6429e+04 4.5119e-04 7.5768e-01 9.6429e+04 4.3508e+01 1.9040e+00
4.9216e+01 7.6744e+04 4.7155e-04 7.5311e-01 7.6744e+04 3.6189e+01 1.8913e+00
4.9608e+01 1.2903e+05 4.8796e-04 7.4493e-01 1.2903e+05 6.2963e+01 1.8777e+00
5.0000e+01 7.3354e+04 4.9863e-04 7.3917e-01 7.3354e+04 3.6577e+01 1.8570e+00
5.0392e+01 2.8723e+04 5.2043e-04 7.3770e-01 2.8723e+04 1.4948e+01 1.8481e+00
5.0784e+01 1.2517e+04 5.3065e-04 7.3464e-01 1.2517e+04 6.6422e+00 1.8384e+00
5.1176e+01 8.6560e+03 5.9686e-04 7.3472e-01 8.6560e+03 5.1665e+00 1.8383e+00
5.1569e+01 8.1971e+03 7.2688e-04 7.3800e-01 8.1971e+03 5.9583e+00 1.8472e+00
5.1961e+01 8.7073e+03 7.8540e-04 7.3475e-01 8.7073e+03 6.8387e+00 1.8396e+00
5.2353e+01 9.2607e+03 8.1737e-04 7.3054e-01 9.2607e+03 7.5694e+00 1.8294e+00
5.2745e+01 9.8841e+03 9.1728e-04 7.3431e-01 9.8841e+03 9.0665e+00 1.8399e+00
5.3137e+01 1.0353e+04 1.0031e-03 7.3802e-01 1.0353e+04 1.0385e+01 1.8503e+00
5.3529e+01 1.0681e+04 1.0114e-03 7.3459e-01 1.0681e+04 1.0802e+01 1.8419e+00
5.3922e+01 1.0893e+04 1.0015e-03 7.2984e-01 1.0893e+04 1.0909e+01 1.8301e+00
5.4314e+01 1.1123e+04 1.0409e-03 7.3074e-01 1.1123e+04 1.1577e+01 1.8329e+00
5.4706e+01 1.1333e+04 1.1044e-03 7.3466e-01 1.1333e+04 1.2516e+01 1.8436e+00
5.5098e+01 1.1488e+04 1.1366e-03 7.3556e-01 1.1488e+04 1.3058e+01 1.8463e+00
5.5490e+01 1.1571e+04 1.1298e-03 7.3249e-01 1.1571e+04 1.3073e+01 1.8386e+00
5.5882e+01 1.1641e+04 1.1212e-03 7.2902e-01 1.1641e+04 1.3052e+01 1.8299e+00
5.6275e+01 1.1737e+04 1.1434e-03 7.2916e-01 1.1737e+04 1.3420e+01 1.8306e+00
5.6667e+01 1.1855e+04 1.1904e-03 7.3224e-01 1.1855e+04 1.4112e+01 1.8390e+00
5.7059e+01 1.1956e+04 1.2304e-03 7.3472e-01 1.1956e+04 1.4710e+01 1.8459e+00
5.7451e+01 1.2016e+04 1.2434e-03 7.3436e-01 1.2016e+04 1.4940e+01 1.8452e+00
5.7843e+01 1.2044e+04 1.2353e-03 7.3178e-01 1.2044e+04 1.4878e+01 1.8386e+00
5.8235e+01 1.2071e+04 1.2294e-03 7.2922e-01 1.2071e+04 1.4841e+01 1.8322e+00
5.8627e+01 1.2126e+04 1.2473e-03 7.2945e-01 1.2126e+04 1.5125e+01 1.8331e+00
5.9020e+01 1.2209e+04 1.2896e-03 7.3254e-01 1.2209e+04 1.5745e+01 1.8415e+00
5.9412e+01 1.2297e+04 1.3376e-03 7.3640e-01 1.2297e+04 1.6448e+01 1.8520e+00
5.9804e+01 1.2363e+04 1.3713e-03 7.3875e-01 1.2363e+04 1.6954e+01 1.8585e+00
6.0196e+01 1.2397e+04 1.3825e-03 7.3863e-01 1.2397e+04 1.7139e+01 1.8584e+00
6.0588e+01 1.2407e+04 1.3767e-03 7.3666e-01 1.2407e+04 1.7081e+01 1.8534e+00
6.0980e+01 1.2414e+04 1.3690e-03 7.3419e-01 1.2414e+04 1.6995e+01 1.8471e+00
6.1373e+01 1.2443e+04 1.3782e-03 7.3373e-01 1.2443e+04 1.7149e+01 1.8461e+00
6.1765e+01 1.2507e+04 1.4147e-03 7.3648e-01 1.2507e+04 1.7694e+01 1.8537e+00
6.2157e+01 1.2603e+04 1.4746e-03 7.4201e-01 1.2603e+04 1.8584e+01 1.8687e+00
6.2549e+01 1.2714e+04 1.5463e-03 7.4900e-01 1.2714e+04 1.9659e+01 1.8877e+00
6.2941e+01 1.2823e+04 1.6168e-03 7.5598e-01 1.2823e+04 2.0733e+01 1.9067e+00
6.3333e+01 1.2918e+04 1.6765e-03 7.6181e-01 1.2918e+04 2.1657e+01 1.9227e+00
6.3725e+01 1.2990e+04 1.7208e-03 7.6590e-01 1.2990e+04 2.2354e+01 1.9340e+00
6.4118e+01 1.3040e+04 1.7496e-03 7.6820e-01 1.3040e+04 2.2815e+01 1.9405e+00
6.4510e+01 1.3071e+04 1.7656e-03 7.6902e-01 1.3071e+04 2.3079e+01 1.9429e+00
6.4902e+01 1.3090e+04 1.7729e-03 7.6881e-01 1.3090e+04 2.3206e+01 1.9426e+00
6.5294e+01 1.3100e+04 1.7750e-03 7.6801e-01 1.3100e+04 2.3253e+01 1.9407e+00
6.5686e+01 1.3107e+04 1.7747e-03 7.6693e-01 1.3107e+04 2.3261e+01 1.9380e+00
6.6078e+01 1.3112e+04 1.7733e-03 7.6573e-01 1.3112e+04 2.3252e+01 1.9349e+00
6.6471e+01 1.3117e+04 1.7715e-03 7.6447e-01 1.3117e+04 2.3235e+01 1.9318e+00
6.6863e+01 1.3120e+04 1.7693e-03 7.6317e-01 1.3120e+04 2.3214e+01 1.9285e+00
6.7255e+01 1.3124e+04 1.7669e-03 7.6182e-01 1.3124e+04 2.3188e+01 1.9250e+00
6.7647e+01 1.3127e+04 1.7642e-03 7.6044e-01 1.3127e+04 2.3159e+01 1.9215e+00
6.8039e+01 1.3130e+04 1.7614e-03 7.5901e-01 1.3130e+04 2.3127e+01 1.9179e+00
6.8431e+01 1.3133e+04 1.7583e-03 7.5755e-01 1.3133e+04 2.3091e+01 1.9142e+00
6.8824e+01 1.3135e+04 1.7550e-03 7.5604e-01 1.3135e+04 2.3052e+01 1.9103e+00
6.9216e+01 1.3137e+04 1.7515e-03 7.5449e-01 1.3137e+04 2.3010e+01 1.9064e+00
6.9608e+01 1.3139e+04 1.7478e-03 7.5291e-01 1.3139e+04 2.2964e+01 1.9023e+00
7.0000e+01 1.3141e+04 1.7439e-03 7.5128e-01 1.3141e+04 2.2916e+01 1.8982e+00
7.0392e+01 1.3142e+04 1.7398e-03 7.4962e-01 1.3142e+04 2.2865e+01 1.8939e+00
7.0784e+01 1.3144e+04 1.7355e-03 7.4791e-01 1.3144e+04 2.2811e+01 1.8896e+00
7.1176e+01 1.3145e+04 1.7310e-03 7.4616e-01 1.3145e+04 2.2754e+01 1.8851e+00
7.1569e+01 1.3145e+04 1.7264e-03 7.4437e-01 1.3145e+04 2.2694e+01 1.8805e+00
7.1961e+01 1.3146e+04 1.7215e-03 7.4253e-01 1.3146e+04 2.2631e+01 1.8758e+00
7.2353e+01 1.3146e+04 1.7165e-03 7.4066e-01 1.3146e+04 2.2566e+01 1.8710e+00
7.2745e+01 1.3147e+04 1.7113e-03 7.3873e-01 1.3147e+04 2.2498e+01 1.8661e+00
7.3137e+01 1.3147e+04 1.7059e-03 7.3676e-01 1.3147e+04 2.2427e+01 1.8610e+00
7.3529e+01 1.3147e+04 1.7003e-03 7.3475e-01 1.3147e+04 2.2353e+01 1.8559e+00
7.3922e+01 1.3146e+04 1.6945e-03 7.3269e-01 1.3146e+04 2.2277e+01 1.8506e+00
7.4314e+01 1.3146e+04 1.6885e-03 7.3058e-01 1.3146e+04 2.2198e+01 1.8452e+00
7.4706e+01 1.3145e+04 1.6824e-03 7.2842e-01 1.3145e+04 2.2116e+01 1.8396e+00
7.5098e+01 1.3145e+04 1.6760e-03 7.2621e-01 1.3145e+04 2.2031e+01 1.8340e+00
7.5490e+01 1.3144e+04 1.6695e-03 7.2395e-01 1.3144e+04 2.1944e+01 1.8282e+00
7.5882e+01 1.3143e+04 1.6628e-03 7.2164e-01 1.3143e+04 2.1854e+01 1.8223e+00
7.6275e+01 1.3141e+04 1.6559e-03 7.1927e-01 1.3141e+04 2.1761e+01 1.8162e+00
7.6667e+01 1.3140e+04 1.6488e-03 7.1685e-01 1.3140e+04 2.1665e+01 1.8100e+00
7.7059e+01 1.3138e+04 1.6415e-03 7.1438e-01 1.3138e+04 2.1567e+01 1.8036e+00
7.7451e+01 1.3137e+04 1.6340e-03 7.1184e-01 1.3137e+04 2.1466e+01 1.7971e+00
7.7843e+01 1.3135e+04 1.6263e-03 7.0925e-01 1.3135e+04 2.1362e+01 1.7905e+00
7.8235e+01 1.3133e+04 1.6185e-03 7.0659e-01 1.3133e+04 2.1255e+01 1.7837e+00
7.8627e+01 1.3131e+04 1.6104e-03 7.0387e-01 1.3131e+04 2.1146e+01 1.7767e+00
7.9020e+01 1.3128e+04 1.6022e-03 7.0108e-01 1.3128e+04 2.1034e+01 1.7696e+00
7.9412e+01 1.3126e+04 1.5937e-03 6.9823e-01 1.3126e+04 2.0919e+01 1.7622e+00
7.9804e+01 1.3123e+04 1.5851e-03 6.9529e-01 1.3123e+04 2.0802e+01 1.7547e+00
8.0196e+01 1.3120e+04 1.5763e-03 6.9228e-01 1.3120e+04 2.0682e+01 1.7470e+00
8.0588e+01 1.3118e+04 1.5674e-03 6.8917e-01 1.3118e+04 2.0560e+01 1.7390e+00
8.0980e+01 1.3114e+04 1.5583e-03 6.8597e-01 1.3114e+04 2.0436e+01 1.7309e+00
8.1373e+01 1.3111e+04 1.5490e-03 6.8267e-01 1.3111e+04 2.0309e+01 1.7224e+00
8.1765e+01 1.3108e+04 1.5396e-03 6.7924e-01 1.3108e+04 2.0181e+01 1.7136e+00
8.2157e+01 1.3104e+04 1.5302e-03 6.7569e-01 1.3104e+04 2.0052e+01 1.7046e+00
8.2549e+01 1.3100e+04 1.5207e-03 6.7198e-01 1.3100e+04 1.9921e+01 1.6951e+00
8.2941e+01 1.3097e+04 1.5111e-03 6.6811e-01 1.3097e+04 1.9790e+01 1.6852e+00
8.3333e+01 1.3092e+04 1.5015e-03 6.6406e-01 1.3092e+04 1.9659e+01 1.6749e+00
8.3725e+01 1.3088e+04 1.4920e-03 6.5980e-01 1.3088e+04 1.9528e+01 1.6641e+00
8.4118e+01 1.3083e+04 1.4826e-03 6.5532e-01 1.3083e+04 1.9398e+01 1.6527e+00
8.4510e+01 1.3078e+04 1.4734e-03 6.5059e-01 1.3078e+04 1.9269e+01 1.6407e+00
8.4902e+01 1.3073e+04 1.4643e-03 6.4558e-01 1.3073e+04 1.9143e+01 1.6280e+00
8.5294e+01 1.3068e+04 1.4555e-03 6.4028e-01 1.3068e+04 1.9020e+01 1.6145e+00
8.5686e+01 1.3062e+04 1.4470e-03 6.3467e-01 1.3062e+04 1.8900e+01 1.6003e+00
8.6078e+01 1.3056e+04 1.4388e-03 6.2872e-01 1.3056e+04 1.8785e+01 1.5853e+00
8.6471e+01 1.3049e+04 1.4311e-03 6.2242e-01 1.3049e+04 1.8674e+01 1.5694e+00
8.6863e+01 1.3042e+04 1.4238e-03 6.1574e-01 1.3042e+04 1.8569e+01 1.5526e+00
8.7255e+01 1.3035e+04 1.4170e-03 6.0869e-01 1.3035e+04 1.8471e+01 1.5348e+00
8.7647e+01 1.3027e+04 1.4108e-03 6.0123e-01 1.3027e+04 1.8378e+01 1.5160e+00
8.8039e+01 1.3019e+04 1.4051e-03 5.9338e-01 1.3019e+04 1.8293e+01 1.4963e+00
8.8431e+01 1.3010e+04 1.4001e-03 5.8511e-01 1.3010e+04 1.8215e+01 1.4755e+00
8.8824e+01 1.3001e+04 1.3957e-03 5.7642e-01 1.3001e+04 1.8145e+01 1.4537e+00
8.9216e+01 1.2991e+04 1.3920e-03 5.6732e-01 1.2991e+04 1.8084e+01 1.4309e+00
8.9608e+01 1.2981e+04 1.3889e-03 5.5780e-01 1.2981e+04 1.8030e+01 1.4070e+00
9.0000e+01 1.2971e+04 1.3866e-03 5.4786e-01 1.2971e+04 1.7985e+01 1.3821e+00
9.0392e+01 1.2960e+04 1.3849e-03 5.3750e-01 1.2960e+04 1.7948e+01 1.3562e+00
9.0784e+01 1.2948e+04 1.3839e-03 5.2674e-01 1.2948e+04 1.7919e+01 1.3293e+00
9.1176e+01 1.2936e+04 1.3837e-03 5.1558e-01 1.2936e+04 1.7899e+01 1.3013e+00
9.1569e+01 1.2923e+04 1.3841e-03 5.0402e-01 1.2923e+04 1.7887e+01 1.2724e+00
9.1961e+01 1.2911e+04 1.3851e-03 4.9209e-01 1.2911e+04 1.7882e+01 1.2426e+00
9.2353e+01 1.2897e+04 1.3867e-03 4.7979e-01 1.2897e+04 1.7884e+01 1.2119e+00
9.2745e+01 1.2883e+04 1.3887e-03 4.6717e-01 1.2883e+04 1.7891e+01 1.1803e+00
9.3137e+01 1.2870e+04 1.3910e-03 4.5426e-01 1.2870e+04 1.7901e+01 1.1481e+00
9.3529e+01 1.2856e+04 1.3934e-03 4.4113e-01 1.2856e+04 1.7913e+01 1.1153e+00
9.3922e+01 1.2842e+04 1.3955e-03 4.2787e-01 1.2842e+04 1.7921e+01 1.0822e+00
9.4314e+01 1.2828e+04 1.3970e-03 4.1460e-01 1.2828e+04 1.7921e+01 1.0490e+00
9.4706e+01 1.2816e+04 1.3971e-03 4.0148e-01 1.2816e+04 1.7905e+01 1.0162e+00
9.5098e+01 1.2804e+04 1.3953e-03 3.8875e-01 1.2804e+04 1.7865e+01 9.8433e-01
9.5490e+01 1.2793e+04 1.3905e-03 3.7662e-01 1.2793e+04 1.7789e+01 9.5393e-01
9.5882e+01 1.2785e+04 1.3828e-03 3.6540e-01 1.2785e+04 1.7680e+01 9.2572e-01
9.6275e+01 1.2776e+04 1.3700e-03 3.5497e-01 1.2776e+04 1.7503e+01 8.9941e-01
9.6667e+01 1.2776e+04 1.3580e-03 3.4606e-01 1.2776e+04 1.7350e+01 8.7694e-01
9.7059e+01 1.2757e+04 1.3323e-03 3.3669e-01 1.2757e+04 1.6996e+01 8.5304e-01
9.7451e+01 1.2783e+04 1.3293e-03 3.3148e-01 1.2783e+04 1.6993e+01 8.3998e-01
9.7843e+01 1.2702e+04 1.2713e-03 3.1966e-01 1.2702e+04 1.6149e+01 8.0941e-01
9.8235e+01 1.2850e+04 1.3339e-03 3.2225e-01 1.2850e+04 1.7140e+01 8.1706e-01
9.8627e+01 1.2371e+04 1.1713e-03 2.9445e-01 1.2371e+04 1.4490e+01 7.4461e-01
9.9020e+01 1.3147e+04 1.5735e-03 3.1419e-01 1.3147e+04 2.0686e+01 8.0174e-01
9.9412e+01 1.0367e+04 1.0227e-03 2.2999e-01 1.0367e+04 1.0603e+01 5.8041e-01
9.9804e+01 1.5972e+04 2.3477e-03 2.7933e-01 1.5972e+04 3.7496e+01 7.4235e-01
