# # x Density Velocity Pressure q0 q1 q2
1.9608e-01 1.0000e+05 1.2933e-12 1.0000e+00 1.0000e+05 1.2933e-07 2.5000e+00
5.8824e-01 1.0000e+05 1.7243e-12 1.0000e+00 1.0000e+05 1.7243e-07 2.5000e+00
9.8039e-01 1.0000e+05 2.0592e-12 1.0000e+00 1.0000e+05 2.0592e-07 2.5000e+00
1.3725e+00 1.0000e+05 2.5308e-12 1.0000e+00 1.0000e+05 2.5308e-07 2.5000e+00
1.7647e+00 1.0000e+05 3.2280e-12 1.0000e+00 1.0000e+05 3.2280e-07 2.5000e+00
2.1569e+00 1.0000e+05 4.2166e-12 1.0000e+00 1.0000e+05 4.2166e-07 2.5000e+00
2.5490e+00 1.0000e+05 5.5757e-12 1.0000e+00 1.0000e+05 5.5757e-07 2.5000e+00
2.9412e+00 1.0000e+05 7.4114e-12 1.0000e+00 1.0000e+05 7.4114e-07 2.5000e+00
3.3333e+00 1.0000e+05 9.8654e-12 1.0000e+00 1.0000e+05 9.8654e-07 2.5000e+00
3.7255e+00 1.0000e+05 1.3125e-11 1.0000e+00 1.0000e+05 1.3125e-06 2.5000e+00
4.1176e+00 1.0000e+05 1.7436e-11 1.0000e+00 1.0000e+05 1.7436e-06 2.5000e+00
4.5098e+00 1.0000e+05 2.3115e-11 1.0000e+00 1.0000e+05 2.3115e-06 2.5000e+00
4.9020e+00 1.0000e+05 3.0577e-11 1.0000e+00 1.0000e+05 3.0577e-06 2.5000e+00
5.2941e+00 1.0000e+05 4.0351e-11 1.0000e+00 1.0000e+05 4.0351e-06 2.5000e+00
5.6863e+00 1.0000e+05 5.3121e-11 1.0000e+00 1.0000e+05 5.3121e-06 2.5000e+00
6.0784e+00 1.0000e+05 6.9760e-11 1.0000e+00 1.0000e+05 6.9760e-06 2.5000e+00
6.4706e+00 1.0000e+05 9.1385e-11 1.0000e+00 1.0000e+05 9.1385e-06 2.5000e+00
6.8627e+00 1.0000e+05 1.1942e-10 1.0000e+00 1.0000e+05 1.1942e-05 2.5000e+00
7.2549e+00 1.0000e+05 1.5566e-10 1.0000e+00 1.0000e+05 1.5566e-05 2.5000e+00
7.6471e+00 1.0000e+05 2.0240e-10 1.0000e+00 1.0000e+05 2.0240e-05 2.5000e+00
8.0392e+00 1.0000e+05 2.6253e-10 1.0000e+00 1.0000e+05 2.6253e-05 2.5000e+00
8.4314e+00 1.0000e+05 3.3966e-10 1.0000e+00 1.0000e+05 3.3966e-05 2.5000e+00
8.8235e+00 1.0000e+05 4.3838e-10 1.0000e+00 1.0000e+05 4.3838e-05 2.5000e+00
9.2157e+00 1.0000e+05 5.6437e-10 1.0000e+00 1.0000e+05 5.6437e-05 2.5000e+00
9.6078e+00 1.0000e+05 7.2478e-10 1.0000e+00 1.0000e+05 7.2478e-05 2.5000e+00
1.0000e+01 1.0000e+05 9.2848e-10 1.0000e+00 1.0000e+05 9.2848e-05 2.5000e+00
1.0392e+01 1.0000e+05 1.1865e-09 1.0000e+00 1.0000e+05 1.1865e-04 2.5000e+00
1.0784e+01 1.0000e+05 1.5124e-09 1.0000e+00 1.0000e+05 1.5124e-04 2.5000e+00
1.1176e+01 1.0000e+05 1.9231e-09 1.0000e+00 1.0000e+05 1.9231e-04 2.5000e+00
1.1569e+01 1.0000e+05 2.4392e-09 1.0000e+00 1.0000e+05 2.4392e-04 2.5000e+00
1.1961e+01 1.0000e+05 3.0863e-09 1.0000e+00 1.0000e+05 3.0863e-04 2.5000e+00
1.2353e+01 1.0000e+05 3.8953e-09 9.9999e-01 1.0000e+05 3.8953e-04 2.5000e+00
1.2745e+01 1.0000e+05 4.9043e-09 9.9999e-01 1.0000e+05 4.9043e-04 2.5000e+00
1.3137e+01 1.0000e+05 6.1593e-09 9.9999e-01 1.0000e+05 6.1593e-04 2.5000e+00
1.3529e+01 1.0000e+05 7.7164e-09 9.9999e-01 1.0000e+05 7.7164e-04 2.5000e+00
1.3922e+01 1.0000e+05 9.6434e-09 9.9999e-01 1.0000e+05 9.6434e-04 2.5000e+00
1.4314e+01 1.0000e+05 1.2022e-08 9.9998e-01 1.0000e+05 1.2022e-03 2.5000e+00
1.4706e+01 1.0000e+05 1.4950e-08 9.9998e-01 1.0000e+05 1.4950e-03 2.4999e+00
1.5098e+01 1.0000e+05 1.8546e-08 9.9997e-01 1.0000e+05 1.8546e-03 2.4999e+00
1.5490e+01 1.0000e+05 2.2950e-08 9.9997e-01 1.0000e+05 2.2950e-03 2.4999e+00
1.5882e+01 1.0000e+05 2.8330e-08 9.9996e-01 1.0000e+05 2.8329e-03 2.4999e+00
1.6275e+01 1.0000e+05 3.4885e-08 9.9995e-01 1.0000e+05 3.4885e-03 2.4999e+00
1.6667e+01 1.0000e+05 4.2852e-08 9.9994e-01 1.0000e+05 4.2852e-03 2.4998e+00
1.7059e+01 1.0000e+05 5.2509e-08 9.9992e-01 1.0000e+05 5.2509e-03 2.4998e+00
1.7451e+01 1.0000e+05 6.4186e-08 9.9991e-01 1.0000e+05 6.4186e-03 2.4998e+00
1.7843e+01 9.9999e+04 7.8268e-08 9.9989e-01 9.9999e+04 7.8267e-03 2.4997e+00
1.8235e+01 9.9999e+04 9.5206e-08 9.9987e-01 9.9999e+04 9.5206e-03 2.4997e+00
1.8627e+01 9.9999e+04 1.1553e-07 9.9984e-01 9.9999e+04 1.1553e-02 2.4996e+00
1.9020e+01 9.9999e+04 1.3985e-07 9.9981e-01 9.9999e+04 1.3985e-02 2.4995e+00
1.9412e+01 9.9999e+04 1.6887e-07 9.9977e-01 9.9999e+04 1.6887e-02 2.4994e+00
1.9804e+01 9.9998e+04 2.0343e-07 9.9973e-01 9.9998e+04 2.0343e-02 2.4993e+00
2.0196e+01 9.9998e+04 2.4446e-07 9.9967e-01 9.9998e+04 2.4446e-02 2.4992e+00
2.0588e+01 9.9998e+04 2.9306e-07 9.9961e-01 9.9998e+04 2.9306e-02 2.4990e+00
2.0980e+01 9.9997e+04 3.5048e-07 9.9954e-01 9.9997e+04 3.5047e-02 2.4989e+00
2.1373e+01 9.9997e+04 4.1813e-07 9.9946e-01 9.9997e+04 4.1812e-02 2.4987e+00
2.1765e+01 9.9996e+04 4.9765e-07 9.9936e-01 9.9996e+04 4.9763e-02 2.4984e+00
2.2157e+01 9.9995e+04 5.9086e-07 9.9925e-01 9.9995e+04 5.9083e-02 2.4981e+00
2.2549e+01 9.9994e+04 6.9985e-07 9.9912e-01 9.9994e+04 6.9981e-02 2.4978e+00
2.2941e+01 9.9993e+04 8.2696e-07 9.9897e-01 9.9993e+04 8.2691e-02 2.4974e+00
2.3333e+01 9.9992e+04 9.7484e-07 9.9880e-01 9.9992e+04 9.7476e-02 2.4970e+00
2.3725e+01 9.9991e+04 1.1464e-06 9.9861e-01 9.9991e+04 1.1463e-01 2.4965e+00
2.4118e+01 9.9989e+04 1.3450e-06 9.9838e-01 9.9989e+04 1.3448e-01 2.4960e+00
2.4510e+01 9.9987e+04 1.5742e-06 9.9813e-01 9.9987e+04 1.5740e-01 2.4953e+00
2.4902e+01 9.9985e+04 1.8382e-06 9.9784e-01 9.9985e+04 1.8379e-01 2.4946e+00
2.5294e+01 9.9982e+04 2.1414e-06 9.9751e-01 9.9982e+04 2.1410e-01 2.4938e+00
2.5686e+01 9.9979e+04 2.4887e-06 9.9713e-01 9.9979e+04 2.4882e-01 2.4928e+00
2.6078e+01 9.9975e+04 2.8856e-06 9.9671e-01 9.9975e+04 2.8849e-01 2.4918e+00
2.6471e+01 9.9971e+04 3.3380e-06 9.9624e-01 9.9971e+04 3.3371e-01 2.4906e+00
2.6863e+01 9.9966e+04 3.8524e-06 9.9571e-01 9.9966e+04 3.8511e-01 2.4893e+00
2.7255e+01 9.9961e+04 4.4357e-06 9.9511e-01 9.9961e+04 4.4340e-01 2.4878e+00
2.7647e+01 9.9954e+04 5.0956e-06 9.9445e-01 9.9954e+04 5.0933e-01 2.4861e+00
2.8039e+01 9.9947e+04 5.8403e-06 9.9371e-01 9.9947e+04 5.8372e-01 2.4843e+00
2.8431e+01 9.9939e+04 6.6784e-06 9.9289e-01 9.9939e+04 6.6743e-01 2.4822e+00
2.8824e+01 9.9930e+04 7.6195e-06 9.9198e-01 9.9930e+04 7.6141e-01 2.4799e+00
2.9216e+01 9.9919e+04 8.6734e-06 9.9097e-01 9.9919e+04 8.6664e-01 2.4774e+00
2.9608e+01 9.9907e+04 9.8509e-06 9.8987e-01 9.9907e+04 9.8418e-01 2.4747e+00
3.0000e+01 9.9894e+04 1.1163e-05 9.8865e-01 9.9894e+04 1.1151e+00 2.4716e+00
3.0392e+01 9.9879e+04 1.2622e-05 9.8732e-01 9.9879e+04 1.2607e+00 2.4683e+00
3.0784e+01 9.9862e+04 1.4240e-05 9.8586e-01 9.9862e+04 1.4220e+00 2.4647e+00
3.1176e+01 9.9842e+04 1.6030e-05 9.8428e-01 9.9842e+04 1.6004e+00 2.4607e+00
3.1569e+01 9.9821e+04 1.8005e-05 9.8255e-01 9.9821e+04 1.7973e+00 2.4564e+00
3.1961e+01 9.9797e+04 2.0180e-05 9.8068e-01 9.9797e+04 2.0139e+00 2.4517e+00
3.2353e+01 9.9771e+04 2.2568e-05 9.7866e-01 9.9771e+04 2.2516e+00 2.4467e+00
3.2745e+01 9.9742e+04 2.5185e-05 9.7648e-01 9.9742e+04 2.5120e+00 2.4412e+00
3.3137e+01 9.9709e+04 2.8045e-05 9.7413e-01 9.9709e+04 2.7964e+00 2.4354e+00
3.3529e+01 9.9673e+04 3.1165e-05 9.7162e-01 9.9673e+04 3.1063e+00 2.4291e+00
3.3922e+01 9.9634e+04 3.4558e-05 9.6892e-01 9.9634e+04 3.4432e+00 2.4224e+00
3.4314e+01 9.9590e+04 3.8241e-05 9.6605e-01 9.9590e+04 3.8085e+00 2.4152e+00
3.4706e+01 9.9543e+04 4.2230e-05 9.6298e-01 9.9543e+04 4.2037e+00 2.4076e+00
3.5098e+01 9.9490e+04 4.6539e-05 9.5973e-01 9.9490e+04 4.6302e+00 2.3994e+00
3.5490e+01 9.9433e+04 5.1184e-05 9.5629e-01 9.9433e+04 5.0894e+00 2.3909e+00
3.5882e+01 9.9371e+04 5.6179e-05 9.5265e-01 9.9371e+04 5.5826e+00 2.3818e+00
3.6275e+01 9.9303e+04 6.1540e-05 9.4881e-01 9.9303e+04 6.1111e+00 2.3722e+00
3.6667e+01 9.9230e+04 6.7279e-05 9.4478e-01 9.9230e+04 6.6761e+00 2.3622e+00
3.7059e+01 9.9150e+04 7.3410e-05 9.4055e-01 9.9150e+04 7.2786e+00 2.3516e+00
3.7451e+01 9.9064e+04 7.9945e-05 9.3612e-01 9.9064e+04 7.9197e+00 2.3406e+00
3.7843e+01 9.8972e+04 8.6897e-05 9.3150e-01 9.8972e+04 8.6003e+00 2.3291e+00
3.8235e+01 9.8872e+04 9.4274e-05 9.2669e-01 9.8872e+04 9.3211e+00 2.3172e+00
3.8627e+01 9.8765e+04 1.0209e-04 9.2169e-01 9.8765e+04 1.0083e+01 2.3047e+00
3.9020e+01 9.8650e+04 1.1035e-04 9.1652e-01 9.8650e+04 1.0886e+01 2.2919e+00
3.9412e+01 9.8527e+04 1.1905e-04 9.1116e-01 9.8527e+04 1.1730e+01 2.2786e+00
3.9804e+01 9.8396e+04 1.2822e-04 9.0565e-01 9.8396e+04 1.2616e+01 2.2649e+00
4.0196e+01 9.8256e+04 1.3785e-04 8.9997e-01 9.8256e+04 1.3544e+01 2.2508e+00
4.0588e+01 9.8107e+04 1.4794e-04 8.9414e-01 9.8107e+04 1.4514e+01 2.2364e+00
4.0980e+01 9.7949e+04 1.5848e-04 8.8816e-01 9.7949e+04 1.5523e+01 2.2216e+00
4.1373e+01 9.7784e+04 1.6955e-04 8.8208e-01 9.7784e+04 1.6579e+01 2.2066e+00
4.1765e+01 9.7604e+04 1.8088e-04 8.7580e-01 9.7604e+04 1.7654e+01 2.1911e+00
4.2157e+01 9.7429e+04 1.9323e-04 8.6962e-01 9.7429e+04 1.8826e+01 2.1759e+00
4.2549e+01 9.7204e+04 2.0454e-04 8.6282e-01 9.7204e+04 1.9883e+01 2.1591e+00
4.2941e+01 9.7069e+04 2.1996e-04 8.5720e-01 9.7069e+04 2.1352e+01 2.1453e+00
4.3333e+01 9.6695e+04 2.2746e-04 8.4866e-01 9.6695e+04 2.1995e+01 2.1241e+00
4.3725e+01 9.6796e+04 2.5298e-04 8.4603e-01 9.6796e+04 2.4487e+01 2.1182e+00
4.4118e+01 9.5946e+04 2.4484e-04 8.3186e-01 9.5946e+04 2.3491e+01 2.0825e+00
4.4510e+01 9.6739e+04 2.9674e-04 8.3771e-01 9.6739e+04 2.8707e+01 2.0985e+00
4.4902e+01 9.4925e+04 2.5518e-04 8.1219e-01 9.4925e+04 2.4223e+01 2.0336e+00
4.5294e+01 9.6688e+04 3.4332e-04 8.2965e-01 9.6688e+04 3.3195e+01 2.0798e+00
4.5686e+01 9.4204e+04 2.7970e-04 7.9682e-01 9.4204e+04 2.6348e+01 1.9957e+00
4.6078e+01 9.5801e+04 3.6313e-04 8.1219e-01 9.5801e+04 3.4789e+01 2.0368e+00
4.6471e+01 9.4407e+04 3.4123e-04 7.9310e-01 9.4407e+04 3.2215e+01 1.9882e+00
4.6863e+01 9.4357e+04 3.6557e-04 7.8899e-01 9.4357e+04 3.4494e+01 1.9788e+00
4.7255e+01 9.4111e+04 3.8651e-04 7.8380e-01 9.4111e+04 3.6375e+01 1.9665e+00
4.7647e+01 9.4072e+04 4.1227e-04 7.8015e-01 9.4072e+04 3.8783e+01 1.9584e+00
4.8039e+01 9.2993e+04 4.0181e-04 7.6495e-01 9.2993e+04 3.7365e+01 1.9199e+00
4.8431e+01 9.2805e+04 4.4738e-04 7.6757e-01 9.2805e+04 4.1519e+01 1.9282e+00
4.8824e+01 9.6496e+04 4.5306e-04 7.5751e-01 9.6496e+04 4.3719e+01 1.9037e+00
4.9216e+01 7.6496e+04 4.7326e-04 7.5294e-01 7.6496e+04 3.6202e+01 1.8909e+00
4.9608e+01 1.2902e+05 4.8935e-04 7.4468e-01 1.2902e+05 6.3138e+01 1.8771e+00
5.0000e+01 7.3966e+04 4.9983e-04 7.3887e-01 7.3966e+04 3.6970e+01 1.8564e+00
5.0392e+01 2.9106e+04 5.2220e-04 7.3753e-01 2.9106e+04 1.5199e+01 1.8478e+00
5.0784e+01 1.2644e+04 5.3307e-04 7.3459e-01 1.2644e+04 6.7400e+00 1.8383e+00
5.1176e+01 8.6655e+03 5.8974e-04 7.3377e-01 8.6655e+03 5.1105e+00 1.8359e+00
5.1569e+01 8.1750e+03 7.2384e-04 7.3747e-01 8.1750e+03 5.9174e+00 1.8458e+00
5.1961e+01 8.6866e+03 7.9581e-04 7.3548e-01 8.6866e+03 6.9129e+00 1.8415e+00
5.2353e+01 9.2337e+03 8.1842e-04 7.3038e-01 9.2337e+03 7.5570e+00 1.8290e+00
5.2745e+01 9.8483e+03 9.0602e-04 7.3291e-01 9.8483e+03 8.9228e+00 1.8363e+00
5.3137e+01 1.0329e+04 1.0005e-03 7.3748e-01 1.0329e+04 1.0334e+01 1.8489e+00
5.3529e+01 1.0674e+04 1.0209e-03 7.3530e-01 1.0674e+04 1.0896e+01 1.8438e+00
5.3922e+01 1.0884e+04 1.0068e-03 7.3012e-01 1.0884e+04 1.0958e+01 1.8308e+00
5.4314e+01 1.1103e+04 1.0349e-03 7.2984e-01 1.1103e+04 1.1490e+01 1.8305e+00
5.4706e+01 1.1314e+04 1.0972e-03 7.3364e-01 1.1314e+04 1.2414e+01 1.8409e+00
5.5098e+01 1.1480e+04 1.1378e-03 7.3546e-01 1.1480e+04 1.3062e+01 1.8461e+00
5.5490e+01 1.1571e+04 1.1370e-03 7.3302e-01 1.1571e+04 1.3156e+01 1.8400e+00
5.5882e+01 1.1638e+04 1.1254e-03 7.2926e-01 1.1638e+04 1.3097e+01 1.8305e+00
5.6275e+01 1.1724e+04 1.1397e-03 7.2854e-01 1.1724e+04 1.3362e+01 1.8290e+00
5.6667e+01 1.1838e+04 1.1831e-03 7.3121e-01 1.1838e+04 1.4006e+01 1.8363e+00
5.7059e+01 1.1944e+04 1.2267e-03 7.3410e-01 1.1944e+04 1.4652e+01 1.8442e+00
5.7451e+01 1.2013e+04 1.2458e-03 7.3444e-01 1.2013e+04 1.4966e+01 1.8454e+00
5.7843e+01 1.2045e+04 1.2409e-03 7.3223e-01 1.2045e+04 1.4947e+01 1.8398e+00
5.8235e+01 1.2069e+04 1.2324e-03 7.2937e-01 1.2069e+04 1.4874e+01 1.8326e+00
5.8627e+01 1.2116e+04 1.2436e-03 7.2886e-01 1.2116e+04 1.5068e+01 1.8315e+00
5.9020e+01 1.2193e+04 1.2811e-03 7.3140e-01 1.2193e+04 1.5620e+01 1.8385e+00
5.9412e+01 1.2281e+04 1.3294e-03 7.3528e-01 1.2281e+04 1.6327e+01 1.8491e+00
5.9804e+01 1.2354e+04 1.3676e-03 7.3813e-01 1.2354e+04 1.6895e+01 1.8569e+00
6.0196e+01 1.2395e+04 1.3840e-03 7.3861e-01 1.2395e+04 1.7155e+01 1.8584e+00
6.0588e+01 1.2408e+04 1.3813e-03 7.3698e-01 1.2408e+04 1.7140e+01 1.8543e+00
6.0980e+01 1.2413e+04 1.3725e-03 7.3443e-01 1.2413e+04 1.7038e+01 1.8478e+00
6.1373e+01 1.2435e+04 1.3759e-03 7.3332e-01 1.2435e+04 1.7110e+01 1.8451e+00
6.1765e+01 1.2490e+04 1.4053e-03 7.3526e-01 1.2490e+04 1.7552e+01 1.8505e+00
6.2157e+01 1.2578e+04 1.4600e-03 7.4016e-01 1.2578e+04 1.8364e+01 1.8638e+00
6.2549e+01 1.2686e+04 1.5295e-03 7.4689e-01 1.2686e+04 1.9405e+01 1.8821e+00
6.2941e+01 1.2797e+04 1.6011e-03 7.5398e-01 1.2797e+04 2.0490e+01 1.9014e+00
6.3333e+01 1.2896e+04 1.6640e-03 7.6017e-01 1.2896e+04 2.1460e+01 1.9183e+00
6.3725e+01 1.2975e+04 1.7124e-03 7.6473e-01 1.2975e+04 2.2218e+01 1.9309e+00
6.4118e+01 1.3030e+04 1.7451e-03 7.6748e-01 1.3030e+04 2.2739e+01 1.9386e+00
6.4510e+01 1.3066e+04 1.7642e-03 7.6866e-01 1.3066e+04 2.3050e+01 1.9420e+00
6.4902e+01 1.3087e+04 1.7735e-03 7.6870e-01 1.3087e+04 2.3209e+01 1.9423e+00
6.5294e+01 1.3099e+04 1.7767e-03 7.6803e-01 1.3099e+04 2.3274e+01 1.9408e+00
6.5686e+01 1.3107e+04 1.7769e-03 7.6701e-01 1.3107e+04 2.3290e+01 1.9382e+00
6.6078e+01 1.3112e+04 1.7757e-03 7.6585e-01 1.3112e+04 2.3284e+01 1.9353e+00
6.6471e+01 1.3117e+04 1.7740e-03 7.6462e-01 1.3117e+04 2.3270e+01 1.9322e+00
6.6863e+01 1.3121e+04 1.7719e-03 7.6333e-01 1.3121e+04 2.3250e+01 1.9289e+00
6.7255e+01 1.3125e+04 1.7696e-03 7.6201e-01 1.3125e+04 2.3226e+01 1.9256e+00
6.7647e+01 1.3128e+04 1.7671e-03 7.6064e-01 1.3128e+04 2.3198e+01 1.9221e+00
6.8039e+01 1.3131e+04 1.7643e-03 7.5924e-01 1.3131e+04 2.3167e+01 1.9185e+00
6.8431e+01 1.3134e+04 1.7613e-03 7.5779e-01 1.3134e+04 2.3132e+01 1.9149e+00
6.8824e+01 1.3136e+04 1.7581e-03 7.5631e-01 1.3136e+04 2.3094e+01 1.9111e+00
6.9216e+01 1.3138e+04 1.7546e-03 7.5479e-01 1.3138e+04 2.3053e+01 1.9072e+00
6.9608e+01 1.3140e+04 1.7510e-03 7.5323e-01 1.3140e+04 2.3009e+01 1.9032e+00
7.0000e+01 1.3142e+04 1.7472e-03 7.5162e-01 1.3142e+04 2.2962e+01 1.8991e+00
7.0392e+01 1.3144e+04 1.7432e-03 7.4998e-01 1.3144e+04 2.2912e+01 1.8949e+00
7.0784e+01 1.3145e+04 1.7390e-03 7.4830e-01 1.3145e+04 2.2859e+01 1.8906e+00
7.1176e+01 1.3146e+04 1.7346e-03 7.4657e-01 1.3146e+04 2.2804e+01 1.8862e+00
7.1569e+01 1.3147e+04 1.7301e-03 7.4481e-01 1.3147e+04 2.2745e+01 1.8817e+00
7.1961e+01 1.3148e+04 1.7253e-03 7.4300e-01 1.3148e+04 2.2684e+01 1.8771e+00
7.2353e+01 1.3148e+04 1.7204e-03 7.4115e-01 1.3148e+04 2.2620e+01 1.8723e+00
7.2745e+01 1.3149e+04 1.7153e-03 7.3925e-01 1.3149e+04 2.2553e+01 1.8675e+00
7.3137e+01 1.3149e+04 1.7099e-03 7.3731e-01 1.3149e+04 2.2483e+01 1.8625e+00
7.3529e+01 1.3149e+04 1.7044e-03 7.3533e-01 1.3149e+04 2.2411e+01 1.8574e+00
7.3922e+01 1.3148e+04 1.6988e-03 7.3329e-01 1.3148e+04 2.2336e+01 1.8522e+00
7.4314e+01 1.3148e+04 1.6929e-03 7.3122e-01 1.3148e+04 2.2258e+01 1.8469e+00
7.4706e+01 1.3148e+04 1.6869e-03 7.2909e-01 1.3148e+04 2.2178e+01 1.8414e+00
7.5098e+01 1.3147e+04 1.6806e-03 7.2691e-01 1.3147e+04 2.2095e+01 1.8358e+00
7.5490e+01 1.3146e+04 1.6742e-03 7.2469e-01 1.3146e+04 2.2009e+01 1.8301e+00
7.5882e+01 1.3145e+04 1.6676e-03 7.2241e-01 1.3145e+04 2.1920e+01 1.8243e+00
7.6275e+01 1.3144e+04 1.6608e-03 7.2008e-01 1.3144e+04 2.1829e+01 1.8183e+00
7.6667e+01 1.3142e+04 1.6538e-03 7.1769e-01 1.3142e+04 2.1735e+01 1.8122e+00
7.7059e+01 1.3141e+04 1.6466e-03 7.1525e-01 1.3141e+04 2.1638e+01 1.8059e+00
7.7451e+01 1.3139e+04 1.6393e-03 7.1275e-01 1.3139e+04 2.1539e+01 1.7995e+00
7.7843e+01 1.3137e+04 1.6317e-03 7.1020e-01 1.3137e+04 2.1437e+01 1.7930e+00
7.8235e+01 1.3136e+04 1.6240e-03 7.0758e-01 1.3136e+04 2.1332e+01 1.7863e+00
7.8627e+01 1.3133e+04 1.6160e-03 7.0490e-01 1.3133e+04 2.1224e+01 1.7794e+00
7.9020e+01 1.3131e+04 1.6079e-03 7.0214e-01 1.3131e+04 2.1114e+01 1.7723e+00
7.9412e+01 1.3129e+04 1.5996e-03 6.9932e-01 1.3129e+04 2.1001e+01 1.7651e+00
7.9804e+01 1.3126e+04 1.5912e-03 6.9642e-01 1.3126e+04 2.0886e+01 1.7577e+00
8.0196e+01 1.3124e+04 1.5826e-03 6.9343e-01 1.3124e+04 2.0769e+01 1.7500e+00
8.0588e+01 1.3121e+04 1.5738e-03 6.9035e-01 1.3121e+04 2.0649e+01 1.7421e+00
8.0980e+01 1.3118e+04 1.5649e-03 6.8717e-01 1.3118e+04 2.0528e+01 1.7340e+00
8.1373e+01 1.3114e+04 1.5559e-03 6.8387e-01 1.3114e+04 2.0404e+01 1.7255e+00
8.1765e+01 1.3111e+04 1.5468e-03 6.8045e-01 1.3111e+04 2.0280e+01 1.7168e+00
8.2157e+01 1.3108e+04 1.5376e-03 6.7688e-01 1.3108e+04 2.0154e+01 1.7077e+00
8.2549e+01 1.3104e+04 1.5284e-03 6.7316e-01 1.3104e+04 2.0027e+01 1.6982e+00
8.2941e+01 1.3100e+04 1.5191e-03 6.6926e-01 1.3100e+04 1.9901e+01 1.6883e+00
8.3333e+01 1.3096e+04 1.5100e-03 6.6517e-01 1.3096e+04 1.9774e+01 1.6779e+00
8.3725e+01 1.3091e+04 1.5009e-03 6.6086e-01 1.3091e+04 1.9649e+01 1.6669e+00
8.4118e+01 1.3086e+04 1.4920e-03 6.5631e-01 1.3086e+04 1.9524e+01 1.6553e+00
8.4510e+01 1.3082e+04 1.4832e-03 6.5150e-01 1.3082e+04 1.9402e+01 1.6431e+00
8.4902e+01 1.3076e+04 1.4747e-03 6.4641e-01 1.3076e+04 1.9283e+01 1.6302e+00
8.5294e+01 1.3071e+04 1.4664e-03 6.4102e-01 1.3071e+04 1.9167e+01 1.6166e+00
8.5686e+01 1.3065e+04 1.4586e-03 6.3531e-01 1.3065e+04 1.9056e+01 1.6022e+00
8.6078e+01 1.3058e+04 1.4511e-03 6.2925e-01 1.3058e+04 1.8949e+01 1.5869e+00
8.6471e+01 1.3052e+04 1.4440e-03 6.2285e-01 1.3052e+04 1.8847e+01 1.5707e+00
8.6863e+01 1.3045e+04 1.4374e-03 6.1607e-01 1.3045e+04 1.8751e+01 1.5537e+00
8.7255e+01 1.3037e+04 1.4314e-03 6.0891e-01 1.3037e+04 1.8661e+01 1.5356e+00
8.7647e+01 1.3029e+04 1.4259e-03 6.0136e-01 1.3029e+04 1.8579e+01 1.5167e+00
8.8039e+01 1.3021e+04 1.4211e-03 5.9342e-01 1.3021e+04 1.8503e+01 1.4967e+00
8.8431e+01 1.3012e+04 1.4168e-03 5.8507e-01 1.3012e+04 1.8435e+01 1.4757e+00
8.8824e+01 1.3003e+04 1.4132e-03 5.7632e-01 1.3003e+04 1.8375e+01 1.4538e+00
8.9216e+01 1.2993e+04 1.4103e-03 5.6716e-01 1.2993e+04 1.8323e+01 1.4308e+00
8.9608e+01 1.2982e+04 1.4080e-03 5.5759e-01 1.2982e+04 1.8280e+01 1.4068e+00
9.0000e+01 1.2972e+04 1.4065e-03 5.4762e-01 1.2972e+04 1.8244e+01 1.3819e+00
9.0392e+01 1.2960e+04 1.4056e-03 5.3726e-01 1.2960e+04 1.8217e+01 1.3559e+00
9.0784e+01 1.2949e+04 1.4054e-03 5.2650e-01 1.2949e+04 1.8198e+01 1.3290e+00
9.1176e+01 1.2936e+04 1.4059e-03 5.1535e-01 1.2936e+04 1.8187e+01 1.3012e+00
9.1569e+01 1.2924e+04 1.4071e-03 5.0382e-01 1.2924e+04 1.8184e+01 1.2723e+00
9.1961e+01 1.2910e+04 1.4088e-03 4.9193e-01 1.2910e+04 1.8188e+01 1.2426e+00
9.2353e+01 1.2897e+04 1.4110e-03 4.7969e-01 1.2897e+04 1.8198e+01 1.2121e+00
9.2745e+01 1.2883e+04 1.4137e-03 4.6716e-01 1.2883e+04 1.8213e+01 1.1808e+00
9.3137e+01 1.2869e+04 1.4165e-03 4.5439e-01 1.2869e+04 1.8229e+01 1.1489e+00
9.3529e+01 1.2855e+04 1.4192e-03 4.4144e-01 1.2855e+04 1.8245e+01 1.1165e+00
9.3922e+01 1.2842e+04 1.4215e-03 4.2842e-01 1.2842e+04 1.8255e+01 1.0840e+00
9.4314e+01 1.2829e+04 1.4229e-03 4.1549e-01 1.2829e+04 1.8253e+01 1.0517e+00
9.4706e+01 1.2816e+04 1.4225e-03 4.0283e-01 1.2816e+04 1.8232e+01 1.0200e+00
9.5098e+01 1.2806e+04 1.4197e-03 3.9070e-01 1.2806e+04 1.8181e+01 9.8966e-01
9.5490e+01 1.2796e+04 1.4135e-03 3.7935e-01 1.2796e+04 1.8087e+01 9.6115e-01
9.5882e+01 1.2789e+04 1.4042e-03 3.6905e-01 1.2789e+04 1.7959e+01 9.3525e-01
9.6275e+01 1.2781e+04 1.3891e-03 3.5958e-01 1.2781e+04 1.7754e+01 9.1128e-01
9.6667e+01 1.2782e+04 1.3761e-03 3.5186e-01 1.2782e+04 1.7590e+01 8.9175e-01
9.7059e+01 1.2762e+04 1.3468e-03 3.4328e-01 1.2762e+04 1.7188e+01 8.6979e-01
9.7451e+01 1.2795e+04 1.3457e-03 3.3966e-01 1.2795e+04 1.7218e+01 8.6073e-01
9.7843e+01 1.2700e+04 1.2806e-03 3.2797e-01 1.2700e+04 1.6264e+01 8.3034e-01
9.8235e+01 1.2871e+04 1.3562e-03 3.3296e-01 1.2871e+04 1.7456e+01 8.4423e-01
9.8627e+01 1.2323e+04 1.1741e-03 3.0279e-01 1.2323e+04 1.4468e+01 7.6546e-01
9.9020e+01 1.3197e+04 1.6265e-03 3.2664e-01 1.3197e+04 2.1465e+01 8.3405e-01
9.9412e+01 1.0146e+04 1.0197e-03 2.3504e-01 1.0146e+04 1.0346e+01 5.9288e-01
9.9804e+01 1.6105e+04 2.4427e-03 2.8944e-01 1.6105e+04 3.9341e+01 7.7164e-01
