# # x Density Velocity Pressure q0 q1 q2
1.9608e-01 1.0000e+05 2.3084e-12 1.0000e+00 1.0000e+05 2.3084e-07 2.5000e+00
5.8824e-01 1.0000e+05 3.0901e-12 1.0000e+00 1.0000e+05 3.0901e-07 2.5000e+00
9.8039e-01 1.0000e+05 3.6679e-12 1.0000e+00 1.0000e+05 3.6679e-07 2.5000e+00
1.3725e+00 1.0000e+05 4.4598e-12 1.0000e+00 1.0000e+05 4.4598e-07 2.5000e+00
1.7647e+00 1.0000e+05 5.6231e-12 1.0000e+00 1.0000e+05 5.6231e-07 2.5000e+00
2.1569e+00 1.0000e+05 7.2659e-12 1.0000e+00 1.0000e+05 7.2659e-07 2.5000e+00
2.5490e+00 1.0000e+05 9.5124e-12 1.0000e+00 1.0000e+05 9.5124e-07 2.5000e+00
2.9412e+00 1.0000e+05 1.2527e-11 1.0000e+00 1.0000e+05 1.2527e-06 2.5000e+00
3.3333e+00 1.0000e+05 1.6529e-11 1.0000e+00 1.0000e+05 1.6529e-06 2.5000e+00
3.7255e+00 1.0000e+05 2.1804e-11 1.0000e+00 1.0000e+05 2.1804e-06 2.5000e+00
4.1176e+00 1.0000e+05 2.8724e-11 1.0000e+00 1.0000e+05 2.8724e-06 2.5000e+00
4.5098e+00 1.0000e+05 3.7772e-11 1.0000e+00 1.0000e+05 3.7772e-06 2.5000e+00
4.9020e+00 1.0000e+05 4.9564e-11 1.0000e+00 1.0000e+05 4.9564e-06 2.5000e+00
5.2941e+00 1.0000e+05 6.4889e-11 1.0000e+00 1.0000e+05 6.4889e-06 2.5000e+00
5.6863e+00 1.0000e+05 8.4753e-11 1.0000e+00 1.0000e+05 8.4753e-06 2.5000e+00
6.0784e+00 1.0000e+05 1.1043e-10 1.0000e+00 1.0000e+05 1.1043e-05 2.5000e+00
6.4706e+00 1.0000e+05 1.4355e-10 1.0000e+00 1.0000e+05 1.4355e-05 2.5000e+00
6.8627e+00 1.0000e+05 1.8615e-10 1.0000e+00 1.0000e+05 1.8615e-05 2.5000e+00
7.2549e+00 1.0000e+05 2.4081e-10 1.0000e+00 1.0000e+05 2.4081e-05 2.5000e+00
7.6471e+00 1.0000e+05 3.1077e-10 1.0000e+00 1.0000e+05 3.1077e-05 2.5000e+00
8.0392e+00 1.0000e+05 4.0008e-10 1.0000e+00 1.0000e+05 4.0008e-05 2.5000e+00
8.4314e+00 1.0000e+05 5.1382e-10 1.0000e+00 1.0000e+05 5.1382e-05 2.5000e+00
8.8235e+00 1.0000e+05 6.5829e-10 1.0000e+00 1.0000e+05 6.5829e-05 2.5000e+00
9.2157e+00 1.0000e+05 8.4135e-10 1.0000e+00 1.0000e+05 8.4135e-05 2.5000e+00
9.6078e+00 1.0000e+05 1.0727e-09 1.0000e+00 1.0000e+05 1.0727e-04 2.5000e+00
1.0000e+01 1.0000e+05 1.3644e-09 1.0000e+00 1.0000e+05 1.3644e-04 2.5000e+00
1.0392e+01 1.0000e+05 1.7313e-09 1.0000e+00 1.0000e+05 1.7313e-04 2.5000e+00
1.0784e+01 1.0000e+05 2.1915e-09 1.0000e+00 1.0000e+05 2.1915e-04 2.5000e+00
1.1176e+01 1.0000e+05 2.7673e-09 1.0000e+00 1.0000e+05 2.7673e-04 2.5000e+00
1.1569e+01 1.0000e+05 3.4860e-09 9.9999e-01 1.0000e+05 3.4860e-04 2.5000e+00
1.1961e+01 1.0000e+05 4.3808e-09 9.9999e-01 1.0000e+05 4.3808e-04 2.5000e+00
1.2353e+01 1.0000e+05 5.4920e-09 9.9999e-01 1.0000e+05 5.4920e-04 2.5000e+00
1.2745e+01 1.0000e+05 6.8685e-09 9.9999e-01 1.0000e+05 6.8685e-04 2.5000e+00
1.3137e+01 1.0000e+05 8.5695e-09 9.9999e-01 1.0000e+05 8.5695e-04 2.5000e+00
1.3529e+01 1.0000e+05 1.0666e-08 9.9998e-01 1.0000e+05 1.0666e-03 2.5000e+00
1.3922e+01 1.0000e+05 1.3244e-08 9.9998e-01 1.0000e+05 1.3244e-03 2.5000e+00
1.4314e+01 1.0000e+05 1.6405e-08 9.9998e-01 1.0000e+05 1.6405e-03 2.4999e+00
1.4706e+01 1.0000e+05 2.0272e-08 9.9997e-01 1.0000e+05 2.0272e-03 2.4999e+00
1.5098e+01 1.0000e+05 2.4990e-08 9.9996e-01 1.0000e+05 2.4990e-03 2.4999e+00
1.5490e+01 1.0000e+05 3.0734e-08 9.9996e-01 1.0000e+05 3.0734e-03 2.4999e+00
1.5882e+01 1.0000e+05 3.7707e-08 9.9995e-01 1.0000e+05 3.7707e-03 2.4999e+00
1.6275e+01 1.0000e+05 4.6152e-08 9.9993e-01 1.0000e+05 4.6152e-03 2.4998e+00
1.6667e+01 1.0000e+05 5.6353e-08 9.9992e-01 1.0000e+05 5.6353e-03 2.4998e+00
1.7059e+01 1.0000e+05 6.8646e-08 9.9990e-01 1.0000e+05 6.8646e-03 2.4998e+00
1.7451e+01 9.9999e+04 8.3422e-08 9.9988e-01 9.9999e+04 8.3422e-03 2.4997e+00
1.7843e+01 9.9999e+04 1.0114e-07 9.9986e-01 9.9999e+04 1.0114e-02 2.4997e+00
1.8235e+01 9.9999e+04 1.2232e-07 9.9983e-01 9.9999e+04 1.2232e-02 2.4996e+00
1.8627e+01 9.9999e+04 1.4760e-07 9.9980e-01 9.9999e+04 1.4760e-02 2.4995e+00
1.9020e+01 9.9999e+04 1.7768e-07 9.9976e-01 9.9999e+04 1.7767e-02 2.4994e+00
1.9412e+01 9.9998e+04 2.1338e-07 9.9972e-01 9.9998e+04 2.1337e-02 2.4993e+00
1.9804e+01 9.9998e+04 2.5565e-07 9.9966e-01 9.9998e+04 2.5564e-02 2.4992e+00
2.0196e+01 9.9998e+04 3.0557e-07 9.9960e-01 9.9998e+04 3.0556e-02 2.4990e+00
2.0588e+01 9.9997e+04 3.6438e-07 9.9953e-01 9.9997e+04 3.6437e-02 2.4988e+00
2.0980e+01 9.9997e+04 4.3350e-07 9.9945e-01 9.9997e+04 4.3348e-02 2.4986e+00
2.1373e+01 9.9996e+04 5.1452e-07 9.9935e-01 9.9996e+04 5.1450e-02 2.4984e+00
2.1765e+01 9.9995e+04 6.0925e-07 9.9924e-01 9.9995e+04 6.0922e-02 2.4981e+00
2.2157e+01 9.9994e+04 7.1974e-07 9.9911e-01 9.9994e+04 7.1970e-02 2.4978e+00
2.2549e+01 9.9993e+04 8.4830e-07 9.9896e-01 9.9993e+04 8.4824e-02 2.4974e+00
2.2941e+01 9.9992e+04 9.9750e-07 9.9879e-01 9.9992e+04 9.9742e-02 2.4970e+00
2.3333e+01 9.9990e+04 1.1702e-06 9.9859e-01 9.9990e+04 1.1701e-01 2.4965e+00
2.3725e+01 9.9989e+04 1.3697e-06 9.9837e-01 9.9989e+04 1.3695e-01 2.4959e+00
2.4118e+01 9.9987e+04 1.5994e-06 9.9812e-01 9.9987e+04 1.5992e-01 2.4953e+00
2.4510e+01 9.9984e+04 1.8635e-06 9.9783e-01 9.9984e+04 1.8632e-01 2.4946e+00
2.4902e+01 9.9982e+04 2.1661e-06 9.9750e-01 9.9982e+04 2.1657e-01 2.4938e+00
2.5294e+01 9.9978e+04 2.5121e-06 9.9713e-01 9.9978e+04 2.5116e-01 2.4928e+00
2.5686e+01 9.9975e+04 2.9068e-06 9.9672e-01 9.9975e+04 2.9060e-01 2.4918e+00
2.6078e+01 9.9971e+04 3.3558e-06 9.9625e-01 9.9971e+04 3.3548e-01 2.4906e+00
2.6471e+01 9.9966e+04 3.8655e-06 9.9573e-01 9.9966e+04 3.8641e-01 2.4893e+00
2.6863e+01 9.9960e+04 4.4425e-06 9.9515e-01 9.9960e+04 4.4407e-01 2.4879e+00
2.7255e+01 9.9954e+04 5.0942e-06 9.9450e-01 9.9954e+04 5.0918e-01 2.4862e+00
2.7647e+01 9.9947e+04 5.8284e-06 9.9377e-01 9.9947e+04 5.8253e-01 2.4844e+00
2.8039e+01 9.9939e+04 6.6536e-06 9.9297e-01 9.9939e+04 6.6495e-01 2.4824e+00
2.8431e+01 9.9929e+04 7.5788e-06 9.9208e-01 9.9929e+04 7.5735e-01 2.4802e+00
2.8824e+01 9.9919e+04 8.6137e-06 9.9110e-01 9.9919e+04 8.6067e-01 2.4778e+00
2.9216e+01 9.9907e+04 9.7683e-06 9.9003e-01 9.9907e+04 9.7592e-01 2.4751e+00
2.9608e+01 9.9894e+04 1.1054e-05 9.8884e-01 9.9894e+04 1.1042e+00 2.4721e+00
3.0000e+01 9.9879e+04 1.2481e-05 9.8755e-01 9.9879e+04 1.2466e+00 2.4689e+00
3.0392e+01 9.9862e+04 1.4062e-05 9.8613e-01 9.9862e+04 1.4042e+00 2.4653e+00
3.0784e+01 9.9844e+04 1.5809e-05 9.8460e-01 9.9844e+04 1.5784e+00 2.4615e+00
3.1176e+01 9.9823e+04 1.7735e-05 9.8292e-01 9.9823e+04 1.7704e+00 2.4573e+00
3.1569e+01 9.9799e+04 1.9854e-05 9.8111e-01 9.9799e+04 1.9814e+00 2.4528e+00
3.1961e+01 9.9773e+04 2.2179e-05 9.7915e-01 9.9773e+04 2.2129e+00 2.4479e+00
3.2353e+01 9.9745e+04 2.4725e-05 9.7704e-01 9.9745e+04 2.4661e+00 2.4426e+00
3.2745e+01 9.9713e+04 2.7505e-05 9.7477e-01 9.9713e+04 2.7426e+00 2.4370e+00
3.3137e+01 9.9678e+04 3.0535e-05 9.7233e-01 9.9678e+04 3.0437e+00 2.4309e+00
3.3529e+01 9.9639e+04 3.3829e-05 9.6973e-01 9.9639e+04 3.3708e+00 2.4244e+00
3.3922e+01 9.9597e+04 3.7403e-05 9.6695e-01 9.9597e+04 3.7253e+00 2.4174e+00
3.4314e+01 9.9551e+04 4.1271e-05 9.6398e-01 9.9551e+04 4.1086e+00 2.4100e+00
3.4706e+01 9.9500e+04 4.5448e-05 9.6084e-01 9.9500e+04 4.5221e+00 2.4022e+00
3.5098e+01 9.9444e+04 4.9949e-05 9.5751e-01 9.9444e+04 4.9672e+00 2.3939e+00
3.5490e+01 9.9384e+04 5.4788e-05 9.5399e-01 9.9384e+04 5.4451e+00 2.3851e+00
3.5882e+01 9.9318e+04 5.9980e-05 9.5028e-01 9.9318e+04 5.9570e+00 2.3759e+00
3.6275e+01 9.9247e+04 6.5536e-05 9.4637e-01 9.9247e+04 6.5043e+00 2.3661e+00
3.6667e+01 9.9169e+04 7.1472e-05 9.4228e-01 9.9169e+04 7.0878e+00 2.3559e+00
3.7059e+01 9.9086e+04 7.7798e-05 9.3799e-01 9.9086e+04 7.7087e+00 2.3453e+00
3.7451e+01 9.8996e+04 8.4527e-05 9.3351e-01 9.8996e+04 8.3678e+00 2.3341e+00
3.7843e+01 9.8899e+04 9.1668e-05 9.2885e-01 9.8899e+04 9.0659e+00 2.3225e+00
3.8235e+01 9.8795e+04 9.9232e-05 9.2401e-01 9.8795e+04 9.8036e+00 2.3105e+00
3.8627e+01 9.8684e+04 1.0723e-04 9.1898e-01 9.8684e+04 1.0581e+01 2.2980e+00
3.9020e+01 9.8565e+04 1.1566e-04 9.1379e-01 9.8565e+04 1.1400e+01 2.2851e+00
3.9412e+01 9.8438e+04 1.2453e-04 9.0842e-01 9.8438e+04 1.2259e+01 2.2718e+00
3.9804e+01 9.8302e+04 1.3386e-04 9.0290e-01 9.8302e+04 1.3159e+01 2.2581e+00
4.0196e+01 9.8158e+04 1.4363e-04 8.9723e-01 9.8158e+04 1.4099e+01 2.2441e+00
4.0588e+01 9.8006e+04 1.5387e-04 8.9141e-01 9.8006e+04 1.5081e+01 2.2297e+00
4.0980e+01 9.7844e+04 1.6453e-04 8.8545e-01 9.7844e+04 1.6098e+01 2.2150e+00
4.1373e+01 9.7675e+04 1.7575e-04 8.7941e-01 9.7675e+04 1.7167e+01 2.2000e+00
4.1765e+01 9.7488e+04 1.8710e-04 8.7314e-01 9.7488e+04 1.8240e+01 2.1846e+00
4.2157e+01 9.7316e+04 1.9976e-04 8.6707e-01 9.7316e+04 1.9440e+01 2.1696e+00
4.2549e+01 9.7073e+04 2.1067e-04 8.6016e-01 9.7073e+04 2.0450e+01 2.1526e+00
4.2941e+01 9.6964e+04 2.2719e-04 8.5494e-01 9.6964e+04 2.2029e+01 2.1399e+00
4.3333e+01 9.6531e+04 2.3274e-04 8.4579e-01 9.6531e+04 2.2467e+01 2.1171e+00
4.3725e+01 9.6724e+04 2.6174e-04 8.4439e-01 9.6724e+04 2.5317e+01 2.1143e+00
4.4118e+01 9.5727e+04 2.4836e-04 8.2854e-01 9.5727e+04 2.3775e+01 2.0743e+00
4.4510e+01 9.6703e+04 3.0694e-04 8.3668e-01 9.6703e+04 2.9682e+01 2.0962e+00
4.4902e+01 9.4704e+04 2.5878e-04 8.0909e-01 9.4704e+04 2.4508e+01 2.0259e+00
4.5294e+01 9.6565e+04 3.5059e-04 8.2779e-01 9.6565e+04 3.3854e+01 2.0754e+00
4.5686e+01 9.4140e+04 2.8931e-04 7.9587e-01 9.4140e+04 2.7236e+01 1.9936e+00
4.6078e+01 9.5495e+04 3.6398e-04 8.0843e-01 9.5495e+04 3.4758e+01 2.0274e+00
4.6471e+01 9.4412e+04 3.5327e-04 7.9313e-01 9.4412e+04 3.3353e+01 1.9887e+00
4.6863e+01 9.4168e+04 3.7052e-04 7.8687e-01 9.4168e+04 3.4892e+01 1.9736e+00
4.7255e+01 9.3879e+04 3.8981e-04 7.8126e-01 9.3879e+04 3.6595e+01 1.9603e+00
4.7647e+01 9.4014e+04 4.2183e-04 7.7975e-01 9.4014e+04 3.9658e+01 1.9577e+00
4.8039e+01 9.2873e+04 4.0850e-04 7.6379e-01 9.2873e+04 3.7938e+01 1.9172e+00
4.8431e+01 9.2475e+04 4.5024e-04 7.6533e-01 9.2475e+04 4.1636e+01 1.9227e+00
4.8824e+01 9.6769e+04 4.5996e-04 7.5668e-01 9.6769e+04 4.4510e+01 1.9019e+00
4.9216e+01 7.5509e+04 4.8022e-04 7.5233e-01 7.5509e+04 3.6261e+01 1.8895e+00
4.9608e+01 1.2895e+05 4.9505e-04 7.4373e-01 1.2895e+05 6.3835e+01 1.8751e+00
5.0000e+01 7.6404e+04 5.0451e-04 7.3761e-01 7.6404e+04 3.8546e+01 1.8538e+00
5.0392e+01 3.0676e+04 5.2740e-04 7.3641e-01 3.0676e+04 1.6179e+01 1.8453e+00
5.0784e+01 1.3187e+04 5.4791e-04 7.3495e-01 1.3187e+04 7.2251e+00 1.8394e+00
5.1176e+01 8.7273e+03 5.7547e-04 7.3142e-01 8.7273e+03 5.0223e+00 1.8300e+00
5.1569e+01 8.0746e+03 6.8961e-04 7.3342e-01 8.0746e+03 5.5683e+00 1.8355e+00
5.1961e+01 8.5911e+03 8.2063e-04 7.3686e-01 8.5911e+03 7.0502e+00 1.8450e+00
5.2353e+01 9.1480e+03 8.4899e-04 7.3229e-01 9.1480e+03 7.7665e+00 1.8340e+00
5.2745e+01 9.7210e+03 8.7688e-04 7.2893e-01 9.7210e+03 8.5241e+00 1.8261e+00
5.3137e+01 1.0211e+04 9.6741e-04 7.3303e-01 1.0211e+04 9.8782e+00 1.8374e+00
5.3529e+01 1.0623e+04 1.0398e-03 7.3625e-01 1.0623e+04 1.1046e+01 1.8464e+00
5.3922e+01 1.0864e+04 1.0415e-03 7.3281e-01 1.0864e+04 1.1315e+01 1.8379e+00
5.4314e+01 1.1048e+04 1.0318e-03 7.2847e-01 1.1048e+04 1.1400e+01 1.8270e+00
5.4706e+01 1.1233e+04 1.0667e-03 7.2926e-01 1.1233e+04 1.1982e+01 1.8295e+00
5.5098e+01 1.1424e+04 1.1246e-03 7.3288e-01 1.1424e+04 1.2848e+01 1.8394e+00
5.5490e+01 1.1558e+04 1.1556e-03 7.3390e-01 1.1558e+04 1.3356e+01 1.8425e+00
5.5882e+01 1.1636e+04 1.1507e-03 7.3122e-01 1.1636e+04 1.3389e+01 1.8358e+00
5.6275e+01 1.1694e+04 1.1415e-03 7.2789e-01 1.1694e+04 1.3349e+01 1.8273e+00
5.6667e+01 1.1779e+04 1.1594e-03 7.2772e-01 1.1779e+04 1.3657e+01 1.8272e+00
5.7059e+01 1.1886e+04 1.2024e-03 7.3049e-01 1.1886e+04 1.4292e+01 1.8348e+00
5.7451e+01 1.1984e+04 1.2422e-03 7.3307e-01 1.1984e+04 1.4886e+01 1.8419e+00
5.7843e+01 1.2043e+04 1.2578e-03 7.3311e-01 1.2043e+04 1.5148e+01 1.8423e+00
5.8235e+01 1.2071e+04 1.2517e-03 7.3086e-01 1.2071e+04 1.5109e+01 1.8366e+00
5.8627e+01 1.2093e+04 1.2443e-03 7.2823e-01 1.2093e+04 1.5048e+01 1.8299e+00
5.9020e+01 1.2140e+04 1.2572e-03 7.2798e-01 1.2140e+04 1.5262e+01 1.8295e+00
5.9412e+01 1.2215e+04 1.2949e-03 7.3062e-01 1.2215e+04 1.5817e+01 1.8368e+00
5.9804e+01 1.2300e+04 1.3417e-03 7.3440e-01 1.2300e+04 1.6503e+01 1.8471e+00
6.0196e+01 1.2369e+04 1.3780e-03 7.3710e-01 1.2369e+04 1.7044e+01 1.8545e+00
6.0588e+01 1.2407e+04 1.3932e-03 7.3749e-01 1.2407e+04 1.7286e+01 1.8558e+00
6.0980e+01 1.2419e+04 1.3902e-03 7.3588e-01 1.2419e+04 1.7266e+01 1.8517e+00
6.1373e+01 1.2424e+04 1.3818e-03 7.3342e-01 1.2424e+04 1.7168e+01 1.8454e+00
6.1765e+01 1.2445e+04 1.3855e-03 7.3240e-01 1.2445e+04 1.7243e+01 1.8429e+00
6.2157e+01 1.2499e+04 1.4143e-03 7.3432e-01 1.2499e+04 1.7677e+01 1.8483e+00
6.2549e+01 1.2585e+04 1.4676e-03 7.3911e-01 1.2585e+04 1.8469e+01 1.8613e+00
6.2941e+01 1.2690e+04 1.5355e-03 7.4569e-01 1.2690e+04 1.9487e+01 1.8792e+00
6.3333e+01 1.2799e+04 1.6059e-03 7.5267e-01 1.2799e+04 2.0555e+01 1.8982e+00
6.3725e+01 1.2898e+04 1.6684e-03 7.5883e-01 1.2898e+04 2.1518e+01 1.9150e+00
6.4118e+01 1.2976e+04 1.7170e-03 7.6344e-01 1.2976e+04 2.2280e+01 1.9277e+00
6.4510e+01 1.3032e+04 1.7504e-03 7.6630e-01 1.3032e+04 2.2812e+01 1.9357e+00
6.4902e+01 1.3069e+04 1.7703e-03 7.6761e-01 1.3069e+04 2.3137e+01 1.9395e+00
6.5294e+01 1.3092e+04 1.7804e-03 7.6776e-01 1.3092e+04 2.3308e+01 1.9401e+00
6.5686e+01 1.3105e+04 1.7842e-03 7.6718e-01 1.3105e+04 2.3381e+01 1.9388e+00
6.6078e+01 1.3113e+04 1.7847e-03 7.6623e-01 1.3113e+04 2.3402e+01 1.9365e+00
6.6471e+01 1.3118e+04 1.7837e-03 7.6511e-01 1.3118e+04 2.3399e+01 1.9336e+00
6.6863e+01 1.3123e+04 1.7821e-03 7.6391e-01 1.3123e+04 2.3386e+01 1.9306e+00
6.7255e+01 1.3127e+04 1.7802e-03 7.6267e-01 1.3127e+04 2.3368e+01 1.9275e+00
6.7647e+01 1.3131e+04 1.7779e-03 7.6139e-01 1.3131e+04 2.3346e+01 1.9242e+00
6.8039e+01 1.3134e+04 1.7755e-03 7.6006e-01 1.3134e+04 2.3319e+01 1.9209e+00
6.8431e+01 1.3137e+04 1.7728e-03 7.5870e-01 1.3137e+04 2.3290e+01 1.9174e+00
6.8824e+01 1.3140e+04 1.7699e-03 7.5730e-01 1.3140e+04 2.3257e+01 1.9138e+00
6.9216e+01 1.3142e+04 1.7669e-03 7.5586e-01 1.3142e+04 2.3221e+01 1.9102e+00
6.9608e+01 1.3145e+04 1.7636e-03 7.5439e-01 1.3145e+04 2.3182e+01 1.9064e+00
7.0000e+01 1.3147e+04 1.7601e-03 7.5288e-01 1.3147e+04 2.3140e+01 1.9026e+00
7.0392e+01 1.3149e+04 1.7564e-03 7.5132e-01 1.3149e+04 2.3095e+01 1.8986e+00
7.0784e+01 1.3150e+04 1.7526e-03 7.4973e-01 1.3150e+04 2.3047e+01 1.8945e+00
7.1176e+01 1.3152e+04 1.7485e-03 7.4811e-01 1.3152e+04 2.2996e+01 1.8904e+00
7.1569e+01 1.3153e+04 1.7443e-03 7.4644e-01 1.3153e+04 2.2943e+01 1.8861e+00
7.1961e+01 1.3154e+04 1.7399e-03 7.4473e-01 1.3154e+04 2.2886e+01 1.8817e+00
7.2353e+01 1.3155e+04 1.7353e-03 7.4298e-01 1.3155e+04 2.2828e+01 1.8773e+00
7.2745e+01 1.3155e+04 1.7306e-03 7.4119e-01 1.3155e+04 2.2766e+01 1.8727e+00
7.3137e+01 1.3156e+04 1.7256e-03 7.3936e-01 1.3156e+04 2.2702e+01 1.8680e+00
7.3529e+01 1.3156e+04 1.7205e-03 7.3748e-01 1.3156e+04 2.2635e+01 1.8632e+00
7.3922e+01 1.3156e+04 1.7152e-03 7.3556e-01 1.3156e+04 2.2565e+01 1.8583e+00
7.4314e+01 1.3156e+04 1.7097e-03 7.3360e-01 1.3156e+04 2.2493e+01 1.8532e+00
7.4706e+01 1.3156e+04 1.7041e-03 7.3159e-01 1.3156e+04 2.2418e+01 1.8481e+00
7.5098e+01 1.3155e+04 1.6982e-03 7.2954e-01 1.3155e+04 2.2340e+01 1.8428e+00
7.5490e+01 1.3155e+04 1.6922e-03 7.2744e-01 1.3155e+04 2.2260e+01 1.8374e+00
7.5882e+01 1.3154e+04 1.6860e-03 7.2529e-01 1.3154e+04 2.2178e+01 1.8319e+00
7.6275e+01 1.3153e+04 1.6797e-03 7.2308e-01 1.3153e+04 2.2092e+01 1.8263e+00
7.6667e+01 1.3152e+04 1.6731e-03 7.2083e-01 1.3152e+04 2.2005e+01 1.8205e+00
7.7059e+01 1.3151e+04 1.6664e-03 7.1852e-01 1.3151e+04 2.1914e+01 1.8146e+00
7.7451e+01 1.3149e+04 1.6595e-03 7.1615e-01 1.3149e+04 2.1821e+01 1.8085e+00
7.7843e+01 1.3148e+04 1.6525e-03 7.1372e-01 1.3148e+04 2.1726e+01 1.8022e+00
7.8235e+01 1.3146e+04 1.6453e-03 7.1122e-01 1.3146e+04 2.1629e+01 1.7958e+00
7.8627e+01 1.3144e+04 1.6379e-03 7.0865e-01 1.3144e+04 2.1529e+01 1.7892e+00
7.9020e+01 1.3142e+04 1.6304e-03 7.0600e-01 1.3142e+04 2.1427e+01 1.7825e+00
7.9412e+01 1.3140e+04 1.6228e-03 7.0326e-01 1.3140e+04 2.1323e+01 1.7755e+00
7.9804e+01 1.3138e+04 1.6150e-03 7.0043e-01 1.3138e+04 2.1217e+01 1.7682e+00
8.0196e+01 1.3135e+04 1.6072e-03 6.9750e-01 1.3135e+04 2.1110e+01 1.7607e+00
8.0588e+01 1.3132e+04 1.5993e-03 6.9444e-01 1.3132e+04 2.1002e+01 1.7529e+00
8.0980e+01 1.3129e+04 1.5913e-03 6.9126e-01 1.3129e+04 2.0893e+01 1.7448e+00
8.1373e+01 1.3126e+04 1.5833e-03 6.8792e-01 1.3126e+04 2.0784e+01 1.7363e+00
8.1765e+01 1.3123e+04 1.5754e-03 6.8443e-01 1.3123e+04 2.0674e+01 1.7274e+00
8.2157e+01 1.3120e+04 1.5675e-03 6.8075e-01 1.3120e+04 2.0565e+01 1.7180e+00
8.2549e+01 1.3116e+04 1.5597e-03 6.7688e-01 1.3116e+04 2.0457e+01 1.7082e+00
8.2941e+01 1.3112e+04 1.5521e-03 6.7279e-01 1.3112e+04 2.0350e+01 1.6978e+00
8.3333e+01 1.3107e+04 1.5446e-03 6.6846e-01 1.3107e+04 2.0246e+01 1.6868e+00
8.3725e+01 1.3103e+04 1.5374e-03 6.6388e-01 1.3103e+04 2.0144e+01 1.6752e+00
8.4118e+01 1.3098e+04 1.5305e-03 6.5904e-01 1.3098e+04 2.0046e+01 1.6629e+00
8.4510e+01 1.3092e+04 1.5239e-03 6.5390e-01 1.3092e+04 1.9951e+01 1.6500e+00
8.4902e+01 1.3087e+04 1.5177e-03 6.4847e-01 1.3087e+04 1.9861e+01 1.6362e+00
8.5294e+01 1.3081e+04 1.5119e-03 6.4272e-01 1.3081e+04 1.9776e+01 1.6217e+00
8.5686e+01 1.3074e+04 1.5065e-03 6.3664e-01 1.3074e+04 1.9696e+01 1.6064e+00
8.6078e+01 1.3067e+04 1.5016e-03 6.3023e-01 1.3067e+04 1.9622e+01 1.5903e+00
8.6471e+01 1.3060e+04 1.4973e-03 6.2348e-01 1.3060e+04 1.9555e+01 1.5733e+00
8.6863e+01 1.3052e+04 1.4935e-03 6.1637e-01 1.3052e+04 1.9494e+01 1.5555e+00
8.7255e+01 1.3044e+04 1.4903e-03 6.0892e-01 1.3044e+04 1.9440e+01 1.5368e+00
8.7647e+01 1.3035e+04 1.4877e-03 6.0110e-01 1.3035e+04 1.9393e+01 1.5172e+00
8.8039e+01 1.3026e+04 1.4858e-03 5.9293e-01 1.3026e+04 1.9354e+01 1.4967e+00
8.8431e+01 1.3017e+04 1.4845e-03 5.8439e-01 1.3017e+04 1.9323e+01 1.4753e+00
8.8824e+01 1.3006e+04 1.4838e-03 5.7549e-01 1.3006e+04 1.9299e+01 1.4531e+00
8.9216e+01 1.2996e+04 1.4838e-03 5.6624e-01 1.2996e+04 1.9284e+01 1.4299e+00
8.9608e+01 1.2985e+04 1.4845e-03 5.5662e-01 1.2985e+04 1.9276e+01 1.4059e+00
9.0000e+01 1.2973e+04 1.4859e-03 5.4664e-01 1.2973e+04 1.9277e+01 1.3809e+00
9.0392e+01 1.2961e+04 1.4880e-03 5.3630e-01 1.2961e+04 1.9286e+01 1.3551e+00
9.0784e+01 1.2948e+04 1.4907e-03 5.2560e-01 1.2948e+04 1.9302e+01 1.3284e+00
9.1176e+01 1.2935e+04 1.4940e-03 5.1458e-01 1.2935e+04 1.9325e+01 1.3009e+00
9.1569e+01 1.2922e+04 1.4978e-03 5.0325e-01 1.2922e+04 1.9355e+01 1.2726e+00
9.1961e+01 1.2908e+04 1.5020e-03 4.9166e-01 1.2908e+04 1.9388e+01 1.2437e+00
9.2353e+01 1.2894e+04 1.5064e-03 4.7986e-01 1.2894e+04 1.9424e+01 1.2143e+00
9.2745e+01 1.2881e+04 1.5107e-03 4.6793e-01 1.2881e+04 1.9459e+01 1.1845e+00
9.3137e+01 1.2867e+04 1.5145e-03 4.5598e-01 1.2867e+04 1.9487e+01 1.1547e+00
9.3529e+01 1.2854e+04 1.5173e-03 4.4418e-01 1.2854e+04 1.9504e+01 1.1252e+00
9.3922e+01 1.2842e+04 1.5184e-03 4.3275e-01 1.2842e+04 1.9500e+01 1.0967e+00
9.4314e+01 1.2832e+04 1.5168e-03 4.2199e-01 1.2832e+04 1.9463e+01 1.0697e+00
9.4706e+01 1.2823e+04 1.5113e-03 4.1225e-01 1.2823e+04 1.9380e+01 1.0453e+00
9.5098e+01 1.2817e+04 1.5015e-03 4.0385e-01 1.2817e+04 1.9245e+01 1.0241e+00
9.5490e+01 1.2812e+04 1.4862e-03 3.9674e-01 1.2812e+04 1.9042e+01 1.0060e+00
9.5882e+01 1.2812e+04 1.4692e-03 3.9130e-01 1.2812e+04 1.8823e+01 9.9208e-01
9.6275e+01 1.2804e+04 1.4428e-03 3.8619e-01 1.2804e+04 1.8473e+01 9.7881e-01
9.6667e+01 1.2818e+04 1.4273e-03 3.8420e-01 1.2818e+04 1.8295e+01 9.7356e-01
9.7059e+01 1.2782e+04 1.3807e-03 3.7876e-01 1.2782e+04 1.7649e+01 9.5907e-01
9.7451e+01 1.2851e+04 1.3919e-03 3.8299e-01 1.2851e+04 1.7887e+01 9.6992e-01
9.7843e+01 1.2675e+04 1.2908e-03 3.7058e-01 1.2675e+04 1.6360e+01 9.3701e-01
9.8235e+01 1.2978e+04 1.4410e-03 3.8775e-01 1.2978e+04 1.8701e+01 9.8286e-01
9.8627e+01 1.2064e+04 1.1562e-03 3.4349e-01 1.2064e+04 1.3948e+01 8.6679e-01
9.9020e+01 1.3431e+04 1.8601e-03 3.8831e-01 1.3431e+04 2.4982e+01 9.9402e-01
9.9412e+01 9.1207e+03 9.7699e-04 2.5908e-01 9.1207e+03 8.9108e+00 6.5205e-01
9.9804e+01 1.6599e+04 2.8557e-03 3.3677e-01 1.6599e+04 4.7403e+01 9.0961e-01
