# # x Density Velocity Pressure q0 q1 q2
1.9608e-01 1.0000e+05 3.4941e-12 1.0000e+00 1.0000e+05 3.4941e-07 2.5000e+00
5.8824e-01 1.0000e+05 4.6931e-12 1.0000e+00 1.0000e+05 4.6931e-07 2.5000e+00
9.8039e-01 1.0000e+05 5.5485e-12 1.0000e+00 1.0000e+05 5.5485e-07 2.5000e+00
1.3725e+00 1.0000e+05 6.6957e-12 1.0000e+00 1.0000e+05 6.6957e-07 2.5000e+00
1.7647e+00 1.0000e+05 8.3724e-12 1.0000e+00 1.0000e+05 8.3724e-07 2.5000e+00
2.1569e+00 1.0000e+05 1.0733e-11 1.0000e+00 1.0000e+05 1.0733e-06 2.5000e+00
2.5490e+00 1.0000e+05 1.3951e-11 1.0000e+00 1.0000e+05 1.3951e-06 2.5000e+00
2.9412e+00 1.0000e+05 1.8249e-11 1.0000e+00 1.0000e+05 1.8249e-06 2.5000e+00
3.3333e+00 1.0000e+05 2.3925e-11 1.0000e+00 1.0000e+05 2.3925e-06 2.5000e+00
3.7255e+00 1.0000e+05 3.1367e-11 1.0000e+00 1.0000e+05 3.1367e-06 2.5000e+00
4.1176e+00 1.0000e+05 4.1077e-11 1.0000e+00 1.0000e+05 4.1077e-06 2.5000e+00
4.5098e+00 1.0000e+05 5.3700e-11 1.0000e+00 1.0000e+05 5.3700e-06 2.5000e+00
4.9020e+00 1.0000e+05 7.0059e-11 1.0000e+00 1.0000e+05 7.0059e-06 2.5000e+00
5.2941e+00 1.0000e+05 9.1198e-11 1.0000e+00 1.0000e+05 9.1198e-06 2.5000e+00
5.6863e+00 1.0000e+05 1.1845e-10 1.0000e+00 1.0000e+05 1.1845e-05 2.5000e+00
6.0784e+00 1.0000e+05 1.5347e-10 1.0000e+00 1.0000e+05 1.5347e-05 2.5000e+00
6.4706e+00 1.0000e+05 1.9840e-10 1.0000e+00 1.0000e+05 1.9840e-05 2.5000e+00
6.8627e+00 1.0000e+05 2.5586e-10 1.0000e+00 1.0000e+05 2.5586e-05 2.5000e+00
7.2549e+00 1.0000e+05 3.2919e-10 1.0000e+00 1.0000e+05 3.2919e-05 2.5000e+00
7.6471e+00 1.0000e+05 4.2253e-10 1.0000e+00 1.0000e+05 4.2253e-05 2.5000e+00
8.0392e+00 1.0000e+05 5.4106e-10 1.0000e+00 1.0000e+05 5.4106e-05 2.5000e+00
8.4314e+00 1.0000e+05 6.9120e-10 1.0000e+00 1.0000e+05 6.9120e-05 2.5000e+00
8.8235e+00 1.0000e+05 8.8091e-10 1.0000e+00 1.0000e+05 8.8091e-05 2.5000e+00
9.2157e+00 1.0000e+05 1.1200e-09 1.0000e+00 1.0000e+05 1.1200e-04 2.5000e+00
9.6078e+00 1.0000e+05 1.4207e-09 1.0000e+00 1.0000e+05 1.4207e-04 2.5000e+00
1.0000e+01 1.0000e+05 1.7978e-09 1.0000e+00 1.0000e+05 1.7978e-04 2.5000e+00
1.0392e+01 1.0000e+05 2.2696e-09 1.0000e+00 1.0000e+05 2.2696e-04 2.5000e+00
1.0784e+01 1.0000e+05 2.8585e-09 1.0000e+00 1.0000e+05 2.8585e-04 2.5000e+00
1.1176e+01 1.0000e+05 3.5917e-09 9.9999e-01 1.0000e+05 3.5917e-04 2.5000e+00
1.1569e+01 1.0000e+05 4.5023e-09 9.9999e-01 1.0000e+05 4.5023e-04 2.5000e+00
1.1961e+01 1.0000e+05 5.6305e-09 9.9999e-01 1.0000e+05 5.6305e-04 2.5000e+00
1.2353e+01 1.0000e+05 7.0248e-09 9.9999e-01 1.0000e+05 7.0248e-04 2.5000e+00
1.2745e+01 1.0000e+05 8.7437e-09 9.9999e-01 1.0000e+05 8.7436e-04 2.5000e+00
1.3137e+01 1.0000e+05 1.0858e-08 9.9998e-01 1.0000e+05 1.0858e-03 2.5000e+00
1.3529e+01 1.0000e+05 1.3451e-08 9.9998e-01 1.0000e+05 1.3451e-03 2.4999e+00
1.3922e+01 1.0000e+05 1.6624e-08 9.9998e-01 1.0000e+05 1.6624e-03 2.4999e+00
1.4314e+01 1.0000e+05 2.0498e-08 9.9997e-01 1.0000e+05 2.0498e-03 2.4999e+00
1.4706e+01 1.0000e+05 2.5216e-08 9.9996e-01 1.0000e+05 2.5216e-03 2.4999e+00
1.5098e+01 1.0000e+05 3.0946e-08 9.9996e-01 1.0000e+05 3.0946e-03 2.4999e+00
1.5490e+01 1.0000e+05 3.7890e-08 9.9995e-01 1.0000e+05 3.7890e-03 2.4999e+00
1.5882e+01 1.0000e+05 4.6283e-08 9.9993e-01 1.0000e+05 4.6283e-03 2.4998e+00
1.6275e+01 1.0000e+05 5.6404e-08 9.9992e-01 1.0000e+05 5.6404e-03 2.4998e+00
1.6667e+01 1.0000e+05 6.8577e-08 9.9990e-01 1.0000e+05 6.8577e-03 2.4998e+00
1.7059e+01 9.9999e+04 8.3184e-08 9.9989e-01 9.9999e+04 8.3183e-03 2.4997e+00
1.7451e+01 9.9999e+04 1.0067e-07 9.9986e-01 9.9999e+04 1.0067e-02 2.4997e+00
1.7843e+01 9.9999e+04 1.2154e-07 9.9984e-01 9.9999e+04 1.2154e-02 2.4996e+00
1.8235e+01 9.9999e+04 1.4640e-07 9.9980e-01 9.9999e+04 1.4640e-02 2.4995e+00
1.8627e+01 9.9999e+04 1.7594e-07 9.9977e-01 9.9999e+04 1.7594e-02 2.4994e+00
1.9020e+01 9.9998e+04 2.1095e-07 9.9972e-01 9.9998e+04 2.1094e-02 2.4993e+00
1.9412e+01 9.9998e+04 2.5234e-07 9.9967e-01 9.9998e+04 2.5233e-02 2.4992e+00
1.9804e+01 9.9998e+04 3.0115e-07 9.9961e-01 9.9998e+04 3.0114e-02 2.4990e+00
2.0196e+01 9.9997e+04 3.5858e-07 9.9954e-01 9.9997e+04 3.5857e-02 2.4989e+00
2.0588e+01 9.9997e+04 4.2598e-07 9.9946e-01 9.9997e+04 4.2596e-02 2.4986e+00
2.0980e+01 9.9996e+04 5.0488e-07 9.9937e-01 9.9996e+04 5.0486e-02 2.4984e+00
2.1373e+01 9.9995e+04 5.9703e-07 9.9926e-01 9.9995e+04 5.9701e-02 2.4981e+00
2.1765e+01 9.9994e+04 7.0439e-07 9.9913e-01 9.9994e+04 7.0435e-02 2.4978e+00
2.2157e+01 9.9993e+04 8.2915e-07 9.9899e-01 9.9993e+04 8.2910e-02 2.4975e+00
2.2549e+01 9.9992e+04 9.7380e-07 9.9882e-01 9.9992e+04 9.7372e-02 2.4971e+00
2.2941e+01 9.9991e+04 1.1411e-06 9.9864e-01 9.9991e+04 1.1410e-01 2.4966e+00
2.3333e+01 9.9989e+04 1.3341e-06 9.9842e-01 9.9989e+04 1.3339e-01 2.4961e+00
2.3725e+01 9.9987e+04 1.5562e-06 9.9818e-01 9.9987e+04 1.5559e-01 2.4954e+00
2.4118e+01 9.9985e+04 1.8111e-06 9.9790e-01 9.9985e+04 1.8109e-01 2.4947e+00
2.4510e+01 9.9982e+04 2.1032e-06 9.9759e-01 9.9982e+04 2.1028e-01 2.4940e+00
2.4902e+01 9.9979e+04 2.4368e-06 9.9723e-01 9.9979e+04 2.4363e-01 2.4931e+00
2.5294e+01 9.9975e+04 2.8170e-06 9.9683e-01 9.9975e+04 2.8163e-01 2.4921e+00
2.5686e+01 9.9971e+04 3.2494e-06 9.9639e-01 9.9971e+04 3.2484e-01 2.4910e+00
2.6078e+01 9.9967e+04 3.7398e-06 9.9589e-01 9.9967e+04 3.7385e-01 2.4897e+00
2.6471e+01 9.9961e+04 4.2946e-06 9.9533e-01 9.9961e+04 4.2930e-01 2.4883e+00
2.6863e+01 9.9955e+04 4.9209e-06 9.9470e-01 9.9955e+04 4.9187e-01 2.4868e+00
2.7255e+01 9.9948e+04 5.6262e-06 9.9401e-01 9.9948e+04 5.6233e-01 2.4850e+00
2.7647e+01 9.9941e+04 6.4185e-06 9.9324e-01 9.9941e+04 6.4147e-01 2.4831e+00
2.8039e+01 9.9932e+04 7.3065e-06 9.9239e-01 9.9932e+04 7.3015e-01 2.4810e+00
2.8431e+01 9.9922e+04 8.2993e-06 9.9145e-01 9.9922e+04 8.2928e-01 2.4786e+00
2.8824e+01 9.9910e+04 9.4066e-06 9.9042e-01 9.9910e+04 9.3982e-01 2.4761e+00
2.9216e+01 9.9898e+04 1.0639e-05 9.8929e-01 9.9898e+04 1.0628e+00 2.4732e+00
2.9608e+01 9.9883e+04 1.2007e-05 9.8805e-01 9.9883e+04 1.1993e+00 2.4701e+00
3.0000e+01 9.9867e+04 1.3522e-05 9.8669e-01 9.9867e+04 1.3504e+00 2.4667e+00
3.0392e+01 9.9849e+04 1.5196e-05 9.8522e-01 9.9849e+04 1.5173e+00 2.4631e+00
3.0784e+01 9.9829e+04 1.7042e-05 9.8362e-01 9.9829e+04 1.7012e+00 2.4591e+00
3.1176e+01 9.9807e+04 1.9071e-05 9.8188e-01 9.9807e+04 1.9035e+00 2.4547e+00
3.1569e+01 9.9782e+04 2.1299e-05 9.8000e-01 9.9782e+04 2.1252e+00 2.4500e+00
3.1961e+01 9.9754e+04 2.3737e-05 9.7798e-01 9.9754e+04 2.3679e+00 2.4450e+00
3.2353e+01 9.9724e+04 2.6401e-05 9.7580e-01 9.9724e+04 2.6328e+00 2.4395e+00
3.2745e+01 9.9690e+04 2.9304e-05 9.7347e-01 9.9690e+04 2.9214e+00 2.4337e+00
3.3137e+01 9.9654e+04 3.2461e-05 9.7097e-01 9.9654e+04 3.2349e+00 2.4275e+00
3.3529e+01 9.9613e+04 3.5886e-05 9.6830e-01 9.9613e+04 3.5747e+00 2.4208e+00
3.3922e+01 9.9568e+04 3.9594e-05 9.6545e-01 9.9568e+04 3.9423e+00 2.4137e+00
3.4314e+01 9.9520e+04 4.3599e-05 9.6243e-01 9.9520e+04 4.3389e+00 2.4062e+00
3.4706e+01 9.9466e+04 4.7916e-05 9.5922e-01 9.9466e+04 4.7660e+00 2.3982e+00
3.5098e+01 9.9408e+04 5.2558e-05 9.5584e-01 9.9408e+04 5.2247e+00 2.3897e+00
3.5490e+01 9.9345e+04 5.7540e-05 9.5226e-01 9.9345e+04 5.7163e+00 2.3808e+00
3.5882e+01 9.9277e+04 6.2875e-05 9.4850e-01 9.9277e+04 6.2420e+00 2.3714e+00
3.6275e+01 9.9203e+04 6.8576e-05 9.4455e-01 9.9203e+04 6.8029e+00 2.3616e+00
3.6667e+01 9.9123e+04 7.4654e-05 9.4041e-01 9.9123e+04 7.4000e+00 2.3513e+00
3.7059e+01 9.9036e+04 8.1123e-05 9.3608e-01 9.9036e+04 8.0341e+00 2.3405e+00
3.7451e+01 9.8944e+04 8.7992e-05 9.3158e-01 9.8944e+04 8.7062e+00 2.3293e+00
3.7843e+01 9.8844e+04 9.5271e-05 9.2688e-01 9.8844e+04 9.4169e+00 2.3177e+00
3.8235e+01 9.8737e+04 1.0297e-04 9.2202e-01 9.8737e+04 1.0167e+01 2.3056e+00
3.8627e+01 9.8622e+04 1.1109e-04 9.1697e-01 9.8622e+04 1.0956e+01 2.2930e+00
3.9020e+01 9.8500e+04 1.1965e-04 9.1177e-01 9.8500e+04 1.1786e+01 2.2801e+00
3.9412e+01 9.8370e+04 1.2865e-04 9.0640e-01 9.8370e+04 1.2655e+01 2.2668e+00
3.9804e+01 9.8232e+04 1.3809e-04 9.0087e-01 9.8232e+04 1.3565e+01 2.2531e+00
4.0196e+01 9.8085e+04 1.4797e-04 8.9520e-01 9.8085e+04 1.4513e+01 2.2391e+00
4.0588e+01 9.7929e+04 1.5831e-04 8.8940e-01 9.7929e+04 1.5504e+01 2.2247e+00
4.0980e+01 9.7763e+04 1.6905e-04 8.8345e-01 9.7763e+04 1.6527e+01 2.2100e+00
4.1373e+01 9.7593e+04 1.8039e-04 8.7744e-01 9.7593e+04 1.7605e+01 2.1952e+00
4.1765e+01 9.7401e+04 1.9172e-04 8.7117e-01 9.7401e+04 1.8674e+01 2.1797e+00
4.2157e+01 9.7232e+04 2.0467e-04 8.6521e-01 9.7232e+04 1.9900e+01 2.1651e+00
4.2549e+01 9.6973e+04 2.1515e-04 8.5817e-01 9.6973e+04 2.0864e+01 2.1477e+00
4.2941e+01 9.6888e+04 2.3269e-04 8.5333e-01 9.6888e+04 2.2545e+01 2.1359e+00
4.3333e+01 9.6403e+04 2.3646e-04 8.4361e-01 9.6403e+04 2.2796e+01 2.1117e+00
4.3725e+01 9.6677e+04 2.6849e-04 8.4327e-01 9.6677e+04 2.5957e+01 2.1117e+00
4.4118e+01 9.5559e+04 2.5078e-04 8.2603e-01 9.5559e+04 2.3965e+01 2.0681e+00
4.4510e+01 9.6673e+04 3.1447e-04 8.3591e-01 9.6673e+04 3.0401e+01 2.0946e+00
4.4902e+01 9.4550e+04 2.6186e-04 8.0694e-01 9.4550e+04 2.4759e+01 2.0206e+00
4.5294e+01 9.6451e+04 3.5523e-04 8.2618e-01 9.6451e+04 3.4262e+01 2.0715e+00
4.5686e+01 9.4115e+04 2.9726e-04 7.9545e-01 9.4115e+04 2.7976e+01 1.9928e+00
4.6078e+01 9.5260e+04 3.6431e-04 8.0558e-01 9.5260e+04 3.4704e+01 2.0203e+00
4.6471e+01 9.4398e+04 3.6156e-04 7.9297e-01 9.4398e+04 3.4130e+01 1.9886e+00
4.6863e+01 9.4057e+04 3.7525e-04 7.8565e-01 9.4057e+04 3.5295e+01 1.9708e+00
4.7255e+01 9.3693e+04 3.9173e-04 7.7923e-01 9.3693e+04 3.6702e+01 1.9553e+00
4.7647e+01 9.3955e+04 4.2836e-04 7.7929e-01 9.3955e+04 4.0247e+01 1.9568e+00
4.8039e+01 9.2807e+04 4.1424e-04 7.6319e-01 9.2807e+04 3.8445e+01 1.9159e+00
4.8431e+01 9.2222e+04 4.5237e-04 7.6368e-01 9.2222e+04 4.1718e+01 1.9186e+00
4.8824e+01 9.6975e+04 4.6450e-04 7.5588e-01 9.6975e+04 4.5045e+01 1.9002e+00
4.9216e+01 7.4770e+04 4.8549e-04 7.5189e-01 7.4770e+04 3.6300e+01 1.8885e+00
4.9608e+01 1.2884e+05 4.9951e-04 7.4309e-01 1.2884e+05 6.4355e+01 1.8738e+00
5.0000e+01 7.8223e+04 5.0815e-04 7.3672e-01 7.8223e+04 3.9749e+01 1.8519e+00
5.0392e+01 3.1890e+04 5.2940e-04 7.3515e-01 3.1890e+04 1.6882e+01 1.8424e+00
5.0784e+01 1.3625e+04 5.5777e-04 7.3495e-01 1.3625e+04 7.5995e+00 1.8395e+00
5.1176e+01 8.8037e+03 5.8468e-04 7.3160e-01 8.8037e+03 5.1473e+00 1.8305e+00
5.1569e+01 8.0015e+03 6.5955e-04 7.3007e-01 8.0015e+03 5.2774e+00 1.8269e+00
5.1961e+01 8.4966e+03 8.0896e-04 7.3513e-01 8.4966e+03 6.8734e+00 1.8406e+00
5.2353e+01 9.0897e+03 8.7994e-04 7.3456e-01 9.0897e+03 7.9984e+00 1.8399e+00
5.2745e+01 9.6527e+03 8.8440e-04 7.2888e-01 9.6527e+03 8.5369e+00 1.8260e+00
5.3137e+01 1.0117e+04 9.3717e-04 7.2914e-01 1.0117e+04 9.4813e+00 1.8273e+00
5.3529e+01 1.0555e+04 1.0271e-03 7.3409e-01 1.0555e+04 1.0842e+01 1.8408e+00
5.3922e+01 1.0844e+04 1.0643e-03 7.3432e-01 1.0844e+04 1.1541e+01 1.8419e+00
5.4314e+01 1.1032e+04 1.0510e-03 7.2971e-01 1.1032e+04 1.1594e+01 1.8304e+00
5.4706e+01 1.1187e+04 1.0556e-03 7.2729e-01 1.1187e+04 1.1809e+01 1.8245e+00
5.5098e+01 1.1369e+04 1.1029e-03 7.2974e-01 1.1369e+04 1.2539e+01 1.8313e+00
5.5490e+01 1.1528e+04 1.1525e-03 7.3270e-01 1.1528e+04 1.3285e+01 1.8394e+00
5.5882e+01 1.1632e+04 1.1678e-03 7.3216e-01 1.1632e+04 1.3584e+01 1.8383e+00
5.6275e+01 1.1690e+04 1.1572e-03 7.2895e-01 1.1690e+04 1.3528e+01 1.8302e+00
5.6667e+01 1.1752e+04 1.1552e-03 7.2660e-01 1.1752e+04 1.3576e+01 1.8243e+00
5.7059e+01 1.1841e+04 1.1830e-03 7.2769e-01 1.1841e+04 1.4008e+01 1.8275e+00
5.7451e+01 1.1945e+04 1.2267e-03 7.3070e-01 1.1945e+04 1.4653e+01 1.8357e+00
5.7843e+01 1.2027e+04 1.2587e-03 7.3253e-01 1.2027e+04 1.5139e+01 1.8408e+00
5.8235e+01 1.2072e+04 1.2658e-03 7.3168e-01 1.2072e+04 1.5281e+01 1.8389e+00
5.8627e+01 1.2093e+04 1.2570e-03 7.2913e-01 1.2093e+04 1.5201e+01 1.8324e+00
5.9020e+01 1.2119e+04 1.2540e-03 7.2709e-01 1.2119e+04 1.5198e+01 1.8272e+00
5.9412e+01 1.2173e+04 1.2746e-03 7.2780e-01 1.2173e+04 1.5516e+01 1.8294e+00
5.9804e+01 1.2251e+04 1.3162e-03 7.3096e-01 1.2251e+04 1.6126e+01 1.8380e+00
6.0196e+01 1.2332e+04 1.3609e-03 7.3457e-01 1.2332e+04 1.6783e+01 1.8478e+00
6.0588e+01 1.2391e+04 1.3911e-03 7.3663e-01 1.2391e+04 1.7238e+01 1.8536e+00
6.0980e+01 1.2420e+04 1.4004e-03 7.3639e-01 1.2420e+04 1.7393e+01 1.8532e+00
6.1373e+01 1.2428e+04 1.3945e-03 7.3449e-01 1.2428e+04 1.7331e+01 1.8483e+00
6.1765e+01 1.2434e+04 1.3877e-03 7.3224e-01 1.2434e+04 1.7255e+01 1.8426e+00
6.2157e+01 1.2462e+04 1.3970e-03 7.3191e-01 1.2462e+04 1.7410e+01 1.8419e+00
6.2549e+01 1.2523e+04 1.4319e-03 7.3456e-01 1.2523e+04 1.7932e+01 1.8492e+00
6.2941e+01 1.2614e+04 1.4888e-03 7.3983e-01 1.2614e+04 1.8780e+01 1.8636e+00
6.3333e+01 1.2720e+04 1.5574e-03 7.4654e-01 1.2720e+04 1.9811e+01 1.8818e+00
6.3725e+01 1.2827e+04 1.6259e-03 7.5334e-01 1.2827e+04 2.0855e+01 1.9003e+00
6.4118e+01 1.2920e+04 1.6851e-03 7.5915e-01 1.2920e+04 2.1771e+01 1.9162e+00
6.4510e+01 1.2993e+04 1.7301e-03 7.6338e-01 1.2993e+04 2.2480e+01 1.9279e+00
6.4902e+01 1.3045e+04 1.7605e-03 7.6591e-01 1.3045e+04 2.2965e+01 1.9350e+00
6.5294e+01 1.3079e+04 1.7782e-03 7.6698e-01 1.3079e+04 2.3257e+01 1.9381e+00
6.5686e+01 1.3099e+04 1.7869e-03 7.6699e-01 1.3099e+04 2.3407e+01 1.9384e+00
6.6078e+01 1.3111e+04 1.7900e-03 7.6635e-01 1.3111e+04 2.3469e+01 1.9369e+00
6.6471e+01 1.3118e+04 1.7903e-03 7.6538e-01 1.3118e+04 2.3486e+01 1.9345e+00
6.6863e+01 1.3124e+04 1.7892e-03 7.6427e-01 1.3124e+04 2.3481e+01 1.9317e+00
6.7255e+01 1.3128e+04 1.7876e-03 7.6309e-01 1.3128e+04 2.3468e+01 1.9287e+00
6.7647e+01 1.3132e+04 1.7857e-03 7.6187e-01 1.3132e+04 2.3450e+01 1.9256e+00
6.8039e+01 1.3136e+04 1.7835e-03 7.6060e-01 1.3136e+04 2.3428e+01 1.9224e+00
6.8431e+01 1.3139e+04 1.7810e-03 7.5930e-01 1.3139e+04 2.3402e+01 1.9191e+00
6.8824e+01 1.3142e+04 1.7784e-03 7.5796e-01 1.3142e+04 2.3373e+01 1.9157e+00
6.9216e+01 1.3145e+04 1.7756e-03 7.5658e-01 1.3145e+04 2.3340e+01 1.9122e+00
6.9608e+01 1.3148e+04 1.7725e-03 7.5517e-01 1.3148e+04 2.3305e+01 1.9086e+00
7.0000e+01 1.3150e+04 1.7693e-03 7.5372e-01 1.3150e+04 2.3266e+01 1.9049e+00
7.0392e+01 1.3152e+04 1.7659e-03 7.5223e-01 1.3152e+04 2.3225e+01 1.9011e+00
7.0784e+01 1.3154e+04 1.7623e-03 7.5070e-01 1.3154e+04 2.3180e+01 1.8972e+00
7.1176e+01 1.3155e+04 1.7585e-03 7.4914e-01 1.3155e+04 2.3133e+01 1.8932e+00
7.1569e+01 1.3157e+04 1.7545e-03 7.4754e-01 1.3157e+04 2.3083e+01 1.8891e+00
7.1961e+01 1.3158e+04 1.7503e-03 7.4590e-01 1.3158e+04 2.3031e+01 1.8849e+00
7.2353e+01 1.3159e+04 1.7460e-03 7.4423e-01 1.3159e+04 2.2976e+01 1.8806e+00
7.2745e+01 1.3160e+04 1.7415e-03 7.4251e-01 1.3160e+04 2.2918e+01 1.8762e+00
7.3137e+01 1.3160e+04 1.7368e-03 7.4075e-01 1.3160e+04 2.2857e+01 1.8717e+00
7.3529e+01 1.3161e+04 1.7320e-03 7.3895e-01 1.3161e+04 2.2794e+01 1.8671e+00
7.3922e+01 1.3161e+04 1.7269e-03 7.3711e-01 1.3161e+04 2.2728e+01 1.8624e+00
7.4314e+01 1.3161e+04 1.7217e-03 7.3523e-01 1.3161e+04 2.2660e+01 1.8576e+00
7.4706e+01 1.3161e+04 1.7163e-03 7.3330e-01 1.3161e+04 2.2589e+01 1.8526e+00
7.5098e+01 1.3161e+04 1.7108e-03 7.3133e-01 1.3161e+04 2.2516e+01 1.8476e+00
7.5490e+01 1.3161e+04 1.7051e-03 7.2931e-01 1.3161e+04 2.2440e+01 1.8424e+00
7.5882e+01 1.3160e+04 1.6992e-03 7.2724e-01 1.3160e+04 2.2362e+01 1.8371e+00
7.6275e+01 1.3159e+04 1.6932e-03 7.2512e-01 1.3159e+04 2.2281e+01 1.8317e+00
7.6667e+01 1.3158e+04 1.6870e-03 7.2294e-01 1.3158e+04 2.2198e+01 1.8261e+00
7.7059e+01 1.3157e+04 1.6806e-03 7.2070e-01 1.3157e+04 2.2112e+01 1.8203e+00
7.7451e+01 1.3156e+04 1.6741e-03 7.1840e-01 1.3156e+04 2.2025e+01 1.8144e+00
7.7843e+01 1.3155e+04 1.6675e-03 7.1603e-01 1.3155e+04 2.1935e+01 1.8084e+00
7.8235e+01 1.3153e+04 1.6607e-03 7.1359e-01 1.3153e+04 2.1844e+01 1.8021e+00
7.8627e+01 1.3152e+04 1.6538e-03 7.1106e-01 1.3152e+04 2.1750e+01 1.7956e+00
7.9020e+01 1.3150e+04 1.6468e-03 7.0844e-01 1.3150e+04 2.1655e+01 1.7889e+00
7.9412e+01 1.3148e+04 1.6398e-03 7.0572e-01 1.3148e+04 2.1559e+01 1.7820e+00
7.9804e+01 1.3145e+04 1.6327e-03 7.0288e-01 1.3145e+04 2.1462e+01 1.7747e+00
8.0196e+01 1.3143e+04 1.6255e-03 6.9992e-01 1.3143e+04 2.1364e+01 1.7672e+00
8.0588e+01 1.3140e+04 1.6184e-03 6.9682e-01 1.3140e+04 2.1266e+01 1.7593e+00
8.0980e+01 1.3137e+04 1.6113e-03 6.9356e-01 1.3137e+04 2.1168e+01 1.7509e+00
8.1373e+01 1.3134e+04 1.6043e-03 6.9013e-01 1.3134e+04 2.1071e+01 1.7422e+00
8.1765e+01 1.3131e+04 1.5974e-03 6.8651e-01 1.3131e+04 2.0975e+01 1.7330e+00
8.2157e+01 1.3127e+04 1.5907e-03 6.8269e-01 1.3127e+04 2.0881e+01 1.7233e+00
8.2549e+01 1.3123e+04 1.5841e-03 6.7864e-01 1.3123e+04 2.0789e+01 1.7131e+00
8.2941e+01 1.3119e+04 1.5778e-03 6.7437e-01 1.3119e+04 2.0699e+01 1.7022e+00
8.3333e+01 1.3114e+04 1.5718e-03 6.6984e-01 1.3114e+04 2.0613e+01 1.6908e+00
8.3725e+01 1.3110e+04 1.5661e-03 6.6504e-01 1.3110e+04 2.0531e+01 1.6787e+00
8.4118e+01 1.3104e+04 1.5608e-03 6.5997e-01 1.3104e+04 2.0453e+01 1.6659e+00
8.4510e+01 1.3099e+04 1.5558e-03 6.5462e-01 1.3099e+04 2.0379e+01 1.6524e+00
8.4902e+01 1.3093e+04 1.5513e-03 6.4896e-01 1.3093e+04 2.0311e+01 1.6382e+00
8.5294e+01 1.3086e+04 1.5473e-03 6.4300e-01 1.3086e+04 2.0248e+01 1.6232e+00
8.5686e+01 1.3079e+04 1.5438e-03 6.3672e-01 1.3079e+04 2.0192e+01 1.6074e+00
8.6078e+01 1.3072e+04 1.5408e-03 6.3012e-01 1.3072e+04 2.0141e+01 1.5908e+00
8.6471e+01 1.3064e+04 1.5384e-03 6.2320e-01 1.3064e+04 2.0098e+01 1.5735e+00
8.6863e+01 1.3056e+04 1.5366e-03 6.1596e-01 1.3056e+04 2.0061e+01 1.5553e+00
8.7255e+01 1.3047e+04 1.5353e-03 6.0839e-01 1.3047e+04 2.0032e+01 1.5363e+00
8.7647e+01 1.3038e+04 1.5347e-03 6.0048e-01 1.3038e+04 2.0009e+01 1.5166e+00
8.8039e+01 1.3028e+04 1.5348e-03 5.9224e-01 1.3028e+04 1.9995e+01 1.4960e+00
8.8431e+01 1.3018e+04 1.5355e-03 5.8367e-01 1.3018e+04 1.9988e+01 1.4745e+00
8.8824e+01 1.3007e+04 1.5368e-03 5.7475e-01 1.3007e+04 1.9989e+01 1.4522e+00
8.9216e+01 1.2996e+04 1.5389e-03 5.6549e-01 1.2996e+04 1.9999e+01 1.4291e+00
8.9608e+01 1.2984e+04 1.5416e-03 5.5589e-01 1.2984e+04 2.0016e+01 1.4051e+00
9.0000e+01 1.2972e+04 1.5450e-03 5.4595e-01 1.2972e+04 2.0042e+01 1.3804e+00
9.0392e+01 1.2959e+04 1.5491e-03 5.3570e-01 1.2959e+04 2.0074e+01 1.3548e+00
9.0784e+01 1.2946e+04 1.5536e-03 5.2515e-01 1.2946e+04 2.0113e+01 1.3285e+00
9.1176e+01 1.2932e+04 1.5586e-03 5.1434e-01 1.2932e+04 2.0157e+01 1.3016e+00
9.1569e+01 1.2919e+04 1.5639e-03 5.0332e-01 1.2919e+04 2.0204e+01 1.2741e+00
9.1961e+01 1.2905e+04 1.5693e-03 4.9217e-01 1.2905e+04 2.0251e+01 1.2463e+00
9.2353e+01 1.2891e+04 1.5743e-03 4.8099e-01 1.2891e+04 2.0295e+01 1.2185e+00
9.2745e+01 1.2878e+04 1.5785e-03 4.6993e-01 1.2878e+04 2.0329e+01 1.1909e+00
9.3137e+01 1.2866e+04 1.5813e-03 4.5921e-01 1.2866e+04 2.0345e+01 1.1641e+00
9.3529e+01 1.2855e+04 1.5817e-03 4.4912e-01 1.2855e+04 2.0333e+01 1.1389e+00
9.3922e+01 1.2846e+04 1.5784e-03 4.4008e-01 1.2846e+04 2.0276e+01 1.1162e+00
9.4314e+01 1.2839e+04 1.5704e-03 4.3253e-01 1.2839e+04 2.0163e+01 1.0972e+00
9.4706e+01 1.2835e+04 1.5568e-03 4.2666e-01 1.2835e+04 1.9981e+01 1.0822e+00
9.5098e+01 1.2834e+04 1.5388e-03 4.2260e-01 1.2834e+04 1.9749e+01 1.0717e+00
9.5490e+01 1.2832e+04 1.5145e-03 4.1971e-01 1.2832e+04 1.9433e+01 1.0640e+00
9.5882e+01 1.2838e+04 1.4920e-03 4.1896e-01 1.2838e+04 1.9154e+01 1.0617e+00
9.6275e+01 1.2826e+04 1.4553e-03 4.1749e-01 1.2826e+04 1.8666e+01 1.0573e+00
9.6667e+01 1.2853e+04 1.4406e-03 4.2108e-01 1.2853e+04 1.8517e+01 1.0660e+00
9.7059e+01 1.2798e+04 1.3764e-03 4.1773e-01 1.2798e+04 1.7615e+01 1.0565e+00
9.7451e+01 1.2906e+04 1.4044e-03 4.3023e-01 1.2906e+04 1.8126e+01 1.0883e+00
9.7843e+01 1.2631e+04 1.2646e-03 4.1516e-01 1.2631e+04 1.5973e+01 1.0480e+00
9.8235e+01 1.3080e+04 1.5043e-03 4.4559e-01 1.3080e+04 1.9677e+01 1.1288e+00
9.8627e+01 1.1783e+04 1.1061e-03 3.8386e-01 1.1783e+04 1.3034e+01 9.6687e-01
9.9020e+01 1.3634e+04 2.0635e-03 4.5112e-01 1.3634e+04 2.8134e+01 1.1568e+00
9.9412e+01 8.1926e+03 9.0560e-04 2.8266e-01 8.1926e+03 7.4192e+00 7.1002e-01
9.9804e+01 1.6913e+04 3.2117e-03 3.8172e-01 1.6913e+04 5.4318e+01 1.0415e+00
