# # x Density Velocity Pressure q0 q1 q2
1.9608e-01 1.0000e+05 3.9974e-12 1.0000e+00 1.0000e+05 3.9974e-07 2.5000e+00
5.8824e-01 1.0000e+05 5.3754e-12 1.0000e+00 1.0000e+05 5.3754e-07 2.5000e+00
9.8039e-01 1.0000e+05 6.3475e-12 1.0000e+00 1.0000e+05 6.3475e-07 2.5000e+00
1.3725e+00 1.0000e+05 7.6412e-12 1.0000e+00 1.0000e+05 7.6412e-07 2.5000e+00
1.7647e+00 1.0000e+05 9.5289e-12 1.0000e+00 1.0000e+05 9.5289e-07 2.5000e+00
2.1569e+00 1.0000e+05 1.2185e-11 1.0000e+00 1.0000e+05 1.2185e-06 2.5000e+00
2.5490e+00 1.0000e+05 1.5799e-11 1.0000e+00 1.0000e+05 1.5799e-06 2.5000e+00
2.9412e+00 1.0000e+05 2.0621e-11 1.0000e+00 1.0000e+05 2.0621e-06 2.5000e+00
3.3333e+00 1.0000e+05 2.6979e-11 1.0000e+00 1.0000e+05 2.6979e-06 2.5000e+00
3.7255e+00 1.0000e+05 3.5301e-11 1.0000e+00 1.0000e+05 3.5301e-06 2.5000e+00
4.1176e+00 1.0000e+05 4.6140e-11 1.0000e+00 1.0000e+05 4.6140e-06 2.5000e+00
4.5098e+00 1.0000e+05 6.0203e-11 1.0000e+00 1.0000e+05 6.0203e-06 2.5000e+00
4.9020e+00 1.0000e+05 7.8395e-11 1.0000e+00 1.0000e+05 7.8395e-06 2.5000e+00
5.2941e+00 1.0000e+05 1.0186e-10 1.0000e+00 1.0000e+05 1.0186e-05 2.5000e+00
5.6863e+00 1.0000e+05 1.3205e-10 1.0000e+00 1.0000e+05 1.3205e-05 2.5000e+00
6.0784e+00 1.0000e+05 1.7079e-10 1.0000e+00 1.0000e+05 1.7079e-05 2.5000e+00
6.4706e+00 1.0000e+05 2.2039e-10 1.0000e+00 1.0000e+05 2.2039e-05 2.5000e+00
6.8627e+00 1.0000e+05 2.8371e-10 1.0000e+00 1.0000e+05 2.8371e-05 2.5000e+00
7.2549e+00 1.0000e+05 3.6438e-10 1.0000e+00 1.0000e+05 3.6438e-05 2.5000e+00
7.6471e+00 1.0000e+05 4.6688e-10 1.0000e+00 1.0000e+05 4.6688e-05 2.5000e+00
8.0392e+00 1.0000e+05 5.9681e-10 1.0000e+00 1.0000e+05 5.9681e-05 2.5000e+00
8.4314e+00 1.0000e+05 7.6111e-10 1.0000e+00 1.0000e+05 7.6111e-05 2.5000e+00
8.8235e+00 1.0000e+05 9.6835e-10 1.0000e+00 1.0000e+05 9.6835e-05 2.5000e+00
9.2157e+00 1.0000e+05 1.2291e-09 1.0000e+00 1.0000e+05 1.2291e-04 2.5000e+00
9.6078e+00 1.0000e+05 1.5565e-09 1.0000e+00 1.0000e+05 1.5565e-04 2.5000e+00
1.0000e+01 1.0000e+05 1.9663e-09 1.0000e+00 1.0000e+05 1.9663e-04 2.5000e+00
1.0392e+01 1.0000e+05 2.4783e-09 1.0000e+00 1.0000e+05 2.4783e-04 2.5000e+00
1.0784e+01 1.0000e+05 3.1163e-09 1.0000e+00 1.0000e+05 3.1163e-04 2.5000e+00
1.1176e+01 1.0000e+05 3.9093e-09 9.9999e-01 1.0000e+05 3.9093e-04 2.5000e+00
1.1569e+01 1.0000e+05 4.8926e-09 9.9999e-01 1.0000e+05 4.8926e-04 2.5000e+00
1.1961e+01 1.0000e+05 6.1089e-09 9.9999e-01 1.0000e+05 6.1088e-04 2.5000e+00
1.2353e+01 1.0000e+05 7.6096e-09 9.9999e-01 1.0000e+05 7.6096e-04 2.5000e+00
1.2745e+01 1.0000e+05 9.4570e-09 9.9999e-01 1.0000e+05 9.4570e-04 2.5000e+00
1.3137e+01 1.0000e+05 1.1725e-08 9.9998e-01 1.0000e+05 1.1725e-03 2.5000e+00
1.3529e+01 1.0000e+05 1.4504e-08 9.9998e-01 1.0000e+05 1.4504e-03 2.4999e+00
1.3922e+01 1.0000e+05 1.7899e-08 9.9997e-01 1.0000e+05 1.7899e-03 2.4999e+00
1.4314e+01 1.0000e+05 2.2037e-08 9.9997e-01 1.0000e+05 2.2037e-03 2.4999e+00
1.4706e+01 1.0000e+05 2.7069e-08 9.9996e-01 1.0000e+05 2.7069e-03 2.4999e+00
1.5098e+01 1.0000e+05 3.3172e-08 9.9995e-01 1.0000e+05 3.3172e-03 2.4999e+00
1.5490e+01 1.0000e+05 4.0557e-08 9.9994e-01 1.0000e+05 4.0556e-03 2.4999e+00
1.5882e+01 1.0000e+05 4.9470e-08 9.9993e-01 1.0000e+05 4.9470e-03 2.4998e+00
1.6275e+01 1.0000e+05 6.0203e-08 9.9992e-01 1.0000e+05 6.0203e-03 2.4998e+00
1.6667e+01 9.9999e+04 7.3095e-08 9.9990e-01 9.9999e+04 7.3094e-03 2.4997e+00
1.7059e+01 9.9999e+04 8.8541e-08 9.9988e-01 9.9999e+04 8.8541e-03 2.4997e+00
1.7451e+01 9.9999e+04 1.0700e-07 9.9985e-01 9.9999e+04 1.0700e-02 2.4996e+00
1.7843e+01 9.9999e+04 1.2902e-07 9.9983e-01 9.9999e+04 1.2902e-02 2.4996e+00
1.8235e+01 9.9999e+04 1.5520e-07 9.9979e-01 9.9999e+04 1.5520e-02 2.4995e+00
1.8627e+01 9.9999e+04 1.8627e-07 9.9975e-01 9.9999e+04 1.8627e-02 2.4994e+00
1.9020e+01 9.9998e+04 2.2305e-07 9.9971e-01 9.9998e+04 2.2304e-02 2.4993e+00
1.9412e+01 9.9998e+04 2.6647e-07 9.9965e-01 9.9998e+04 2.6647e-02 2.4991e+00
1.9804e+01 9.9998e+04 3.1762e-07 9.9959e-01 9.9998e+04 3.1761e-02 2.4990e+00
2.0196e+01 9.9997e+04 3.7772e-07 9.9952e-01 9.9997e+04 3.7770e-02 2.4988e+00
2.0588e+01 9.9996e+04 4.4816e-07 9.9943e-01 9.9996e+04 4.4814e-02 2.4986e+00
2.0980e+01 9.9996e+04 5.3053e-07 9.9934e-01 9.9996e+04 5.3051e-02 2.4983e+00
2.1373e+01 9.9995e+04 6.2661e-07 9.9922e-01 9.9995e+04 6.2658e-02 2.4981e+00
2.1765e+01 9.9994e+04 7.3841e-07 9.9909e-01 9.9994e+04 7.3836e-02 2.4977e+00
2.2157e+01 9.9993e+04 8.6819e-07 9.9895e-01 9.9993e+04 8.6812e-02 2.4974e+00
2.2549e+01 9.9992e+04 1.0185e-06 9.9878e-01 9.9992e+04 1.0184e-01 2.4969e+00
2.2941e+01 9.9990e+04 1.1921e-06 9.9858e-01 9.9990e+04 1.1919e-01 2.4965e+00
2.3333e+01 9.9988e+04 1.3921e-06 9.9836e-01 9.9988e+04 1.3919e-01 2.4959e+00
2.3725e+01 9.9986e+04 1.6221e-06 9.9811e-01 9.9986e+04 1.6219e-01 2.4953e+00
2.4118e+01 9.9984e+04 1.8858e-06 9.9782e-01 9.9984e+04 1.8855e-01 2.4946e+00
2.4510e+01 9.9981e+04 2.1875e-06 9.9750e-01 9.9981e+04 2.1871e-01 2.4938e+00
2.4902e+01 9.9978e+04 2.5319e-06 9.9714e-01 9.9978e+04 2.5313e-01 2.4928e+00
2.5294e+01 9.9974e+04 2.9240e-06 9.9673e-01 9.9974e+04 2.9232e-01 2.4918e+00
2.5686e+01 9.9970e+04 3.3693e-06 9.9627e-01 9.9970e+04 3.3683e-01 2.4907e+00
2.6078e+01 9.9965e+04 3.8738e-06 9.9576e-01 9.9965e+04 3.8725e-01 2.4894e+00
2.6471e+01 9.9960e+04 4.4442e-06 9.9519e-01 9.9960e+04 4.4424e-01 2.4880e+00
2.6863e+01 9.9954e+04 5.0874e-06 9.9455e-01 9.9954e+04 5.0850e-01 2.4864e+00
2.7255e+01 9.9947e+04 5.8110e-06 9.9384e-01 9.9947e+04 5.8079e-01 2.4846e+00
2.7647e+01 9.9938e+04 6.6231e-06 9.9306e-01 9.9938e+04 6.6190e-01 2.4826e+00
2.8039e+01 9.9929e+04 7.5324e-06 9.9219e-01 9.9929e+04 7.5270e-01 2.4805e+00
2.8431e+01 9.9919e+04 8.5481e-06 9.9124e-01 9.9919e+04 8.5411e-01 2.4781e+00
2.8824e+01 9.9907e+04 9.6800e-06 9.9019e-01 9.9907e+04 9.6710e-01 2.4755e+00
2.9216e+01 9.9894e+04 1.0938e-05 9.8904e-01 9.9894e+04 1.0927e+00 2.4726e+00
2.9608e+01 9.9880e+04 1.2334e-05 9.8778e-01 9.9880e+04 1.2319e+00 2.4695e+00
3.0000e+01 9.9863e+04 1.3879e-05 9.8640e-01 9.9863e+04 1.3860e+00 2.4660e+00
3.0392e+01 9.9845e+04 1.5585e-05 9.8491e-01 9.9845e+04 1.5560e+00 2.4623e+00
3.0784e+01 9.9824e+04 1.7463e-05 9.8329e-01 9.9824e+04 1.7432e+00 2.4582e+00
3.1176e+01 9.9801e+04 1.9528e-05 9.8153e-01 9.9801e+04 1.9489e+00 2.4538e+00
3.1569e+01 9.9776e+04 2.1791e-05 9.7963e-01 9.9776e+04 2.1743e+00 2.4491e+00
3.1961e+01 9.9748e+04 2.4268e-05 9.7759e-01 9.9748e+04 2.4207e+00 2.4440e+00
3.2353e+01 9.9717e+04 2.6971e-05 9.7539e-01 9.9717e+04 2.6895e+00 2.4385e+00
3.2745e+01 9.9683e+04 2.9915e-05 9.7303e-01 9.9683e+04 2.9820e+00 2.4326e+00
3.3137e+01 9.9645e+04 3.3114e-05 9.7051e-01 9.9645e+04 3.2996e+00 2.4263e+00
3.3529e+01 9.9604e+04 3.6582e-05 9.6782e-01 9.9604e+04 3.6437e+00 2.4196e+00
3.3922e+01 9.9559e+04 4.0335e-05 9.6495e-01 9.9559e+04 4.0156e+00 2.4125e+00
3.4314e+01 9.9509e+04 4.4385e-05 9.6191e-01 9.9509e+04 4.4167e+00 2.4049e+00
3.4706e+01 9.9455e+04 4.8748e-05 9.5868e-01 9.9455e+04 4.8482e+00 2.3968e+00
3.5098e+01 9.9396e+04 5.3437e-05 9.5528e-01 9.9396e+04 5.3114e+00 2.3883e+00
3.5490e+01 9.9332e+04 5.8466e-05 9.5169e-01 9.9332e+04 5.8076e+00 2.3794e+00
3.5882e+01 9.9263e+04 6.3848e-05 9.4791e-01 9.9263e+04 6.3378e+00 2.3700e+00
3.6275e+01 9.9188e+04 6.9596e-05 9.4394e-01 9.9188e+04 6.9031e+00 2.3601e+00
3.6667e+01 9.9107e+04 7.5722e-05 9.3979e-01 9.9107e+04 7.5046e+00 2.3498e+00
3.7059e+01 9.9020e+04 8.2237e-05 9.3545e-01 9.9020e+04 8.1431e+00 2.3390e+00
3.7451e+01 9.8926e+04 8.9152e-05 9.3093e-01 9.8926e+04 8.8194e+00 2.3277e+00
3.7843e+01 9.8825e+04 9.6476e-05 9.2623e-01 9.8825e+04 9.5343e+00 2.3160e+00
3.8235e+01 9.8717e+04 1.0422e-04 9.2136e-01 9.8717e+04 1.0288e+01 2.3039e+00
3.8627e+01 9.8602e+04 1.1239e-04 9.1631e-01 9.8602e+04 1.1081e+01 2.2914e+00
3.9020e+01 9.8479e+04 1.2098e-04 9.1110e-01 9.8479e+04 1.1914e+01 2.2785e+00
3.9412e+01 9.8347e+04 1.3002e-04 9.0573e-01 9.8347e+04 1.2787e+01 2.2651e+00
3.9804e+01 9.8208e+04 1.3950e-04 9.0020e-01 9.8208e+04 1.3700e+01 2.2515e+00
4.0196e+01 9.8060e+04 1.4941e-04 8.9453e-01 9.8060e+04 1.4651e+01 2.2374e+00
4.0588e+01 9.7904e+04 1.5979e-04 8.8874e-01 9.7904e+04 1.5644e+01 2.2231e+00
4.0980e+01 9.7737e+04 1.7055e-04 8.8279e-01 9.7737e+04 1.6669e+01 2.2084e+00
4.1373e+01 9.7566e+04 1.8193e-04 8.7680e-01 9.7566e+04 1.7750e+01 2.1936e+00
4.1765e+01 9.7372e+04 1.9325e-04 8.7052e-01 9.7372e+04 1.8817e+01 2.1781e+00
4.2157e+01 9.7204e+04 2.0631e-04 8.6460e-01 9.7204e+04 2.0054e+01 2.1636e+00
4.2549e+01 9.6939e+04 2.1662e-04 8.5751e-01 9.6939e+04 2.0999e+01 2.1460e+00
4.2941e+01 9.6864e+04 2.3455e-04 8.5281e-01 9.6864e+04 2.2719e+01 2.1347e+00
4.3333e+01 9.6359e+04 2.3765e-04 8.4288e-01 9.6359e+04 2.2900e+01 2.1099e+00
4.3725e+01 9.6662e+04 2.7077e-04 8.4291e-01 9.6662e+04 2.6173e+01 2.1108e+00
4.4118e+01 9.5502e+04 2.5156e-04 8.2519e-01 9.5502e+04 2.4024e+01 2.0660e+00
4.4510e+01 9.6663e+04 3.1695e-04 8.3565e-01 9.6663e+04 3.0637e+01 2.0940e+00
4.4902e+01 9.4501e+04 2.6298e-04 8.0626e-01 9.4501e+04 2.4852e+01 2.0189e+00
4.5294e+01 9.6409e+04 3.5661e-04 8.2560e-01 9.6409e+04 3.4381e+01 2.0701e+00
4.5686e+01 9.4110e+04 3.0003e-04 7.9536e-01 9.4110e+04 2.8236e+01 1.9926e+00
4.6078e+01 9.5181e+04 3.6440e-04 8.0463e-01 9.5181e+04 3.4684e+01 2.0179e+00
4.6471e+01 9.4390e+04 3.6415e-04 7.9287e-01 9.4390e+04 3.4372e+01 1.9884e+00
4.6863e+01 9.4026e+04 3.7701e-04 7.8532e-01 9.4026e+04 3.5449e+01 1.9700e+00
4.7255e+01 9.3629e+04 3.9231e-04 7.7854e-01 9.3629e+04 3.6732e+01 1.9536e+00
4.7647e+01 9.3932e+04 4.3039e-04 7.7909e-01 9.3932e+04 4.0428e+01 1.9564e+00
4.8039e+01 9.2789e+04 4.1628e-04 7.6303e-01 9.2789e+04 3.8626e+01 1.9156e+00
4.8431e+01 9.2138e+04 4.5311e-04 7.6314e-01 9.2138e+04 4.1748e+01 1.9173e+00
4.8824e+01 9.7045e+04 4.6590e-04 7.5558e-01 9.7045e+04 4.5213e+01 1.8995e+00
4.9216e+01 7.4524e+04 4.8723e-04 7.5175e-01 7.4524e+04 3.6310e+01 1.8882e+00
4.9608e+01 1.2879e+05 5.0102e-04 7.4289e-01 1.2879e+05 6.4527e+01 1.8734e+00
5.0000e+01 7.8828e+04 5.0943e-04 7.3645e-01 7.8828e+04 4.0157e+01 1.8513e+00
5.0392e+01 3.2301e+04 5.2988e-04 7.3470e-01 3.2301e+04 1.7116e+01 1.8413e+00
5.0784e+01 1.3776e+04 5.5975e-04 7.3476e-01 1.3776e+04 7.7109e+00 1.8391e+00
5.1176e+01 8.8344e+03 5.9060e-04 7.3193e-01 8.8344e+03 5.2176e+00 1.8314e+00
5.1569e+01 7.9806e+03 6.5276e-04 7.2926e-01 7.9806e+03 5.2094e+00 1.8249e+00
5.1961e+01 8.4611e+03 7.9960e-04 7.3405e-01 8.4611e+03 6.7655e+00 1.8378e+00
5.2353e+01 9.0675e+03 8.8727e-04 7.3503e-01 9.0675e+03 8.0453e+00 1.8411e+00
5.2745e+01 9.6348e+03 8.9232e-04 7.2940e-01 9.6348e+03 8.5973e+00 1.8273e+00
5.3137e+01 1.0089e+04 9.3012e-04 7.2815e-01 1.0089e+04 9.3837e+00 1.8247e+00
5.3529e+01 1.0528e+04 1.0187e-03 7.3296e-01 1.0528e+04 1.0725e+01 1.8379e+00
5.3922e+01 1.0833e+04 1.0681e-03 7.3450e-01 1.0833e+04 1.1571e+01 1.8424e+00
5.4314e+01 1.1029e+04 1.0596e-03 7.3045e-01 1.1029e+04 1.1686e+01 1.8323e+00
5.4706e+01 1.1176e+04 1.0560e-03 7.2710e-01 1.1176e+04 1.1802e+01 1.8240e+00
5.5098e+01 1.1350e+04 1.0958e-03 7.2871e-01 1.1350e+04 1.2438e+01 1.8286e+00
5.5490e+01 1.1513e+04 1.1482e-03 7.3198e-01 1.1513e+04 1.3219e+01 1.8375e+00
5.5882e+01 1.1628e+04 1.1711e-03 7.3231e-01 1.1628e+04 1.3618e+01 1.8387e+00
5.6275e+01 1.1691e+04 1.1635e-03 7.2949e-01 1.1691e+04 1.3602e+01 1.8316e+00
5.6667e+01 1.1747e+04 1.1570e-03 7.2661e-01 1.1747e+04 1.3591e+01 1.8244e+00
5.7059e+01 1.1828e+04 1.1780e-03 7.2693e-01 1.1828e+04 1.3934e+01 1.8255e+00
5.7451e+01 1.1930e+04 1.2202e-03 7.2975e-01 1.1930e+04 1.4558e+01 1.8332e+00
5.7843e+01 1.2018e+04 1.2564e-03 7.3204e-01 1.2018e+04 1.5100e+01 1.8396e+00
5.8235e+01 1.2071e+04 1.2689e-03 7.3182e-01 1.2071e+04 1.5317e+01 1.8393e+00
5.8627e+01 1.2094e+04 1.2621e-03 7.2955e-01 1.2094e+04 1.5264e+01 1.8335e+00
5.9020e+01 1.2116e+04 1.2558e-03 7.2712e-01 1.2116e+04 1.5216e+01 1.8274e+00
5.9412e+01 1.2162e+04 1.2703e-03 7.2713e-01 1.2162e+04 1.5449e+01 1.8276e+00
5.9804e+01 1.2236e+04 1.3079e-03 7.2984e-01 1.2236e+04 1.6004e+01 1.8351e+00
6.0196e+01 1.2317e+04 1.3534e-03 7.3353e-01 1.2317e+04 1.6671e+01 1.8451e+00
6.0588e+01 1.2383e+04 1.3879e-03 7.3608e-01 1.2383e+04 1.7186e+01 1.8521e+00
6.0980e+01 1.2419e+04 1.4020e-03 7.3640e-01 1.2419e+04 1.7411e+01 1.8532e+00
6.1373e+01 1.2430e+04 1.3989e-03 7.3481e-01 1.2430e+04 1.7387e+01 1.8492e+00
6.1765e+01 1.2434e+04 1.3908e-03 7.3244e-01 1.2434e+04 1.7293e+01 1.8431e+00
6.2157e+01 1.2455e+04 1.3947e-03 7.3150e-01 1.2455e+04 1.7370e+01 1.8409e+00
6.2549e+01 1.2507e+04 1.4229e-03 7.3339e-01 1.2507e+04 1.7796e+01 1.8461e+00
6.2941e+01 1.2591e+04 1.4748e-03 7.3807e-01 1.2591e+04 1.8569e+01 1.8589e+00
6.3333e+01 1.2694e+04 1.5413e-03 7.4451e-01 1.2694e+04 1.9565e+01 1.8763e+00
6.3725e+01 1.2801e+04 1.6105e-03 7.5137e-01 1.2801e+04 2.0616e+01 1.8950e+00
6.4118e+01 1.2899e+04 1.6725e-03 7.5750e-01 1.2899e+04 2.1573e+01 1.9118e+00
6.4510e+01 1.2977e+04 1.7214e-03 7.6217e-01 1.2977e+04 2.2339e+01 1.9246e+00
6.4902e+01 1.3035e+04 1.7554e-03 7.6514e-01 1.3035e+04 2.2881e+01 1.9329e+00
6.5294e+01 1.3073e+04 1.7762e-03 7.6657e-01 1.3073e+04 2.3220e+01 1.9370e+00
6.5686e+01 1.3096e+04 1.7870e-03 7.6683e-01 1.3096e+04 2.3403e+01 1.9380e+00
6.6078e+01 1.3110e+04 1.7914e-03 7.6634e-01 1.3110e+04 2.3485e+01 1.9369e+00
6.6471e+01 1.3118e+04 1.7923e-03 7.6545e-01 1.3118e+04 2.3511e+01 1.9347e+00
6.6863e+01 1.3124e+04 1.7915e-03 7.6437e-01 1.3124e+04 2.3511e+01 1.9320e+00
6.7255e+01 1.3129e+04 1.7900e-03 7.6322e-01 1.3129e+04 2.3500e+01 1.9291e+00
6.7647e+01 1.3133e+04 1.7881e-03 7.6201e-01 1.3133e+04 2.3483e+01 1.9260e+00
6.8039e+01 1.3137e+04 1.7860e-03 7.6077e-01 1.3137e+04 2.3462e+01 1.9229e+00
6.8431e+01 1.3140e+04 1.7837e-03 7.5948e-01 1.3140e+04 2.3438e+01 1.9196e+00
6.8824e+01 1.3143e+04 1.7811e-03 7.5816e-01 1.3143e+04 2.3410e+01 1.9163e+00
6.9216e+01 1.3146e+04 1.7784e-03 7.5680e-01 1.3146e+04 2.3379e+01 1.9128e+00
6.9608e+01 1.3149e+04 1.7754e-03 7.5541e-01 1.3149e+04 2.3344e+01 1.9092e+00
7.0000e+01 1.3151e+04 1.7723e-03 7.5398e-01 1.3151e+04 2.3307e+01 1.9056e+00
7.0392e+01 1.3153e+04 1.7689e-03 7.5251e-01 1.3153e+04 2.3267e+01 1.9019e+00
7.0784e+01 1.3155e+04 1.7654e-03 7.5101e-01 1.3155e+04 2.3224e+01 1.8980e+00
7.1176e+01 1.3157e+04 1.7617e-03 7.4947e-01 1.3157e+04 2.3178e+01 1.8941e+00
7.1569e+01 1.3158e+04 1.7578e-03 7.4789e-01 1.3158e+04 2.3129e+01 1.8901e+00
7.1961e+01 1.3159e+04 1.7537e-03 7.4627e-01 1.3159e+04 2.3078e+01 1.8859e+00
7.2353e+01 1.3160e+04 1.7495e-03 7.4462e-01 1.3160e+04 2.3024e+01 1.8817e+00
7.2745e+01 1.3161e+04 1.7450e-03 7.4293e-01 1.3161e+04 2.2967e+01 1.8774e+00
7.3137e+01 1.3162e+04 1.7404e-03 7.4119e-01 1.3162e+04 2.2908e+01 1.8729e+00
7.3529e+01 1.3163e+04 1.7357e-03 7.3942e-01 1.3163e+04 2.2846e+01 1.8684e+00
7.3922e+01 1.3163e+04 1.7307e-03 7.3760e-01 1.3163e+04 2.2781e+01 1.8637e+00
7.4314e+01 1.3163e+04 1.7256e-03 7.3574e-01 1.3163e+04 2.2714e+01 1.8590e+00
7.4706e+01 1.3163e+04 1.7203e-03 7.3384e-01 1.3163e+04 2.2645e+01 1.8541e+00
7.5098e+01 1.3163e+04 1.7149e-03 7.3189e-01 1.3163e+04 2.2573e+01 1.8491e+00
7.5490e+01 1.3163e+04 1.7093e-03 7.2989e-01 1.3163e+04 2.2498e+01 1.8440e+00
7.5882e+01 1.3162e+04 1.7035e-03 7.2785e-01 1.3162e+04 2.2422e+01 1.8387e+00
7.6275e+01 1.3161e+04 1.6976e-03 7.2575e-01 1.3161e+04 2.2342e+01 1.8333e+00
7.6667e+01 1.3161e+04 1.6915e-03 7.2359e-01 1.3161e+04 2.2261e+01 1.8278e+00
7.7059e+01 1.3160e+04 1.6852e-03 7.2138e-01 1.3160e+04 2.2177e+01 1.8221e+00
7.7451e+01 1.3158e+04 1.6789e-03 7.1909e-01 1.3158e+04 2.2091e+01 1.8163e+00
7.7843e+01 1.3157e+04 1.6724e-03 7.1674e-01 1.3157e+04 2.2004e+01 1.8102e+00
7.8235e+01 1.3156e+04 1.6658e-03 7.1430e-01 1.3156e+04 2.1914e+01 1.8040e+00
7.8627e+01 1.3154e+04 1.6591e-03 7.1178e-01 1.3154e+04 2.1823e+01 1.7976e+00
7.9020e+01 1.3152e+04 1.6523e-03 7.0916e-01 1.3152e+04 2.1731e+01 1.7909e+00
7.9412e+01 1.3150e+04 1.6454e-03 7.0643e-01 1.3150e+04 2.1638e+01 1.7839e+00
7.9804e+01 1.3148e+04 1.6386e-03 7.0358e-01 1.3148e+04 2.1544e+01 1.7766e+00
8.0196e+01 1.3145e+04 1.6317e-03 7.0060e-01 1.3145e+04 2.1449e+01 1.7690e+00
8.0588e+01 1.3143e+04 1.6248e-03 6.9747e-01 1.3143e+04 2.1355e+01 1.7610e+00
8.0980e+01 1.3140e+04 1.6181e-03 6.9418e-01 1.3140e+04 2.1261e+01 1.7526e+00
8.1373e+01 1.3137e+04 1.6114e-03 6.9070e-01 1.3137e+04 2.1169e+01 1.7438e+00
8.1765e+01 1.3133e+04 1.6049e-03 6.8703e-01 1.3133e+04 2.1077e+01 1.7345e+00
8.2157e+01 1.3130e+04 1.5985e-03 6.8316e-01 1.3130e+04 2.0988e+01 1.7247e+00
8.2549e+01 1.3126e+04 1.5924e-03 6.7906e-01 1.3126e+04 2.0902e+01 1.7143e+00
8.2941e+01 1.3121e+04 1.5866e-03 6.7471e-01 1.3121e+04 2.0818e+01 1.7033e+00
8.3333e+01 1.3117e+04 1.5811e-03 6.7012e-01 1.3117e+04 2.0738e+01 1.6917e+00
8.3725e+01 1.3112e+04 1.5759e-03 6.6526e-01 1.3112e+04 2.0662e+01 1.6794e+00
8.4118e+01 1.3106e+04 1.5711e-03 6.6012e-01 1.3106e+04 2.0591e+01 1.6665e+00
8.4510e+01 1.3100e+04 1.5667e-03 6.5470e-01 1.3100e+04 2.0524e+01 1.6528e+00
8.4902e+01 1.3094e+04 1.5628e-03 6.4898e-01 1.3094e+04 2.0463e+01 1.6384e+00
8.5294e+01 1.3087e+04 1.5593e-03 6.4296e-01 1.3087e+04 2.0408e+01 1.6233e+00
8.5686e+01 1.3080e+04 1.5564e-03 6.3663e-01 1.3080e+04 2.0359e+01 1.6074e+00
8.6078e+01 1.3073e+04 1.5540e-03 6.2999e-01 1.3073e+04 2.0316e+01 1.5908e+00
8.6471e+01 1.3065e+04 1.5522e-03 6.2304e-01 1.3065e+04 2.0280e+01 1.5733e+00
8.6863e+01 1.3056e+04 1.5510e-03 6.1576e-01 1.3056e+04 2.0251e+01 1.5551e+00
8.7255e+01 1.3048e+04 1.5504e-03 6.0817e-01 1.3048e+04 2.0229e+01 1.5361e+00
8.7647e+01 1.3038e+04 1.5504e-03 6.0025e-01 1.3038e+04 2.0215e+01 1.5163e+00
8.8039e+01 1.3028e+04 1.5511e-03 5.9200e-01 1.3028e+04 2.0208e+01 1.4957e+00
8.8431e+01 1.3018e+04 1.5524e-03 5.8342e-01 1.3018e+04 2.0209e+01 1.4742e+00
8.8824e+01 1.3007e+04 1.5545e-03 5.7450e-01 1.3007e+04 2.0218e+01 1.4520e+00
8.9216e+01 1.2995e+04 1.5572e-03 5.6524e-01 1.2995e+04 2.0236e+01 1.4289e+00
8.9608e+01 1.2983e+04 1.5605e-03 5.5566e-01 1.2983e+04 2.0261e+01 1.4049e+00
9.0000e+01 1.2971e+04 1.5646e-03 5.4575e-01 1.2971e+04 2.0294e+01 1.3803e+00
9.0392e+01 1.2958e+04 1.5692e-03 5.3555e-01 1.2958e+04 2.0334e+01 1.3548e+00
9.0784e+01 1.2945e+04 1.5743e-03 5.2507e-01 1.2945e+04 2.0379e+01 1.3287e+00
9.1176e+01 1.2931e+04 1.5798e-03 5.1437e-01 1.2931e+04 2.0428e+01 1.3021e+00
9.1569e+01 1.2918e+04 1.5854e-03 5.0351e-01 1.2918e+04 2.0479e+01 1.2750e+00
9.1961e+01 1.2904e+04 1.5909e-03 4.9258e-01 1.2904e+04 2.0529e+01 1.2478e+00
9.2353e+01 1.2891e+04 1.5958e-03 4.8171e-01 1.2891e+04 2.0571e+01 1.2207e+00
9.2745e+01 1.2878e+04 1.5996e-03 4.7109e-01 1.2878e+04 2.0599e+01 1.1942e+00
9.3137e+01 1.2866e+04 1.6015e-03 4.6098e-01 1.2866e+04 2.0604e+01 1.1690e+00
9.3529e+01 1.2856e+04 1.6002e-03 4.5178e-01 1.2856e+04 2.0572e+01 1.1459e+00
9.3922e+01 1.2848e+04 1.5944e-03 4.4396e-01 1.2848e+04 2.0486e+01 1.1262e+00
9.4314e+01 1.2844e+04 1.5833e-03 4.3790e-01 1.2844e+04 2.0336e+01 1.1109e+00
9.4706e+01 1.2841e+04 1.5663e-03 4.3365e-01 1.2841e+04 2.0112e+01 1.0999e+00
9.5098e+01 1.2842e+04 1.5454e-03 4.3128e-01 1.2842e+04 1.9846e+01 1.0935e+00
9.5490e+01 1.2840e+04 1.5179e-03 4.2992e-01 1.2840e+04 1.9490e+01 1.0896e+00
9.5882e+01 1.2848e+04 1.4940e-03 4.3093e-01 1.2848e+04 1.9194e+01 1.0917e+00
9.6275e+01 1.2834e+04 1.4534e-03 4.3074e-01 1.2834e+04 1.8653e+01 1.0904e+00
9.6667e+01 1.2867e+04 1.4396e-03 4.3656e-01 1.2867e+04 1.8524e+01 1.1047e+00
9.7059e+01 1.2803e+04 1.3682e-03 4.3383e-01 1.2803e+04 1.7517e+01 1.0966e+00
9.7451e+01 1.2928e+04 1.4038e-03 4.4977e-01 1.2928e+04 1.8149e+01 1.1372e+00
9.7843e+01 1.2609e+04 1.2480e-03 4.3319e-01 1.2609e+04 1.5736e+01 1.0928e+00
9.8235e+01 1.3118e+04 1.5263e-03 4.6923e-01 1.3118e+04 2.0023e+01 1.1883e+00
9.8627e+01 1.1670e+04 1.0808e-03 3.9983e-01 1.1670e+04 1.2614e+01 1.0064e+00
9.9020e+01 1.3706e+04 2.1379e-03 4.7637e-01 1.3706e+04 2.9303e+01 1.2222e+00
9.9412e+01 7.8503e+03 8.7231e-04 2.9206e-01 7.8503e+03 6.8479e+00 7.3314e-01
9.9804e+01 1.7004e+04 3.3421e-03 3.9911e-01 1.7004e+04 5.6829e+01 1.0927e+00
