# # x Density Velocity Pressure q0 q1 q2
1.9608e-01 1.0000e+05 4.5652e-12 1.0000e+00 1.0000e+05 4.5652e-07 2.5000e+00
5.8824e-01 1.0000e+05 6.1463e-12 1.0000e+00 1.0000e+05 6.1463e-07 2.5000e+00
9.8039e-01 1.0000e+05 7.2494e-12 1.0000e+00 1.0000e+05 7.2494e-07 2.5000e+00
1.3725e+00 1.0000e+05 8.7061e-12 1.0000e+00 1.0000e+05 8.7061e-07 2.5000e+00
1.7647e+00 1.0000e+05 1.0828e-11 1.0000e+00 1.0000e+05 1.0828e-06 2.5000e+00
2.1569e+00 1.0000e+05 1.3810e-11 1.0000e+00 1.0000e+05 1.3810e-06 2.5000e+00
2.5490e+00 1.0000e+05 1.7865e-11 1.0000e+00 1.0000e+05 1.7865e-06 2.5000e+00
2.9412e+00 1.0000e+05 2.3267e-11 1.0000e+00 1.0000e+05 2.3267e-06 2.5000e+00
3.3333e+00 1.0000e+05 3.0378e-11 1.0000e+00 1.0000e+05 3.0378e-06 2.5000e+00
3.7255e+00 1.0000e+05 3.9670e-11 1.0000e+00 1.0000e+05 3.9670e-06 2.5000e+00
4.1176e+00 1.0000e+05 5.1750e-11 1.0000e+00 1.0000e+05 5.1750e-06 2.5000e+00
4.5098e+00 1.0000e+05 6.7397e-11 1.0000e+00 1.0000e+05 6.7397e-06 2.5000e+00
4.9020e+00 1.0000e+05 8.7599e-11 1.0000e+00 1.0000e+05 8.7599e-06 2.5000e+00
5.2941e+00 1.0000e+05 1.1361e-10 1.0000e+00 1.0000e+05 1.1361e-05 2.5000e+00
5.6863e+00 1.0000e+05 1.4702e-10 1.0000e+00 1.0000e+05 1.4702e-05 2.5000e+00
6.0784e+00 1.0000e+05 1.8981e-10 1.0000e+00 1.0000e+05 1.8981e-05 2.5000e+00
6.4706e+00 1.0000e+05 2.4449e-10 1.0000e+00 1.0000e+05 2.4449e-05 2.5000e+00
6.8627e+00 1.0000e+05 3.1419e-10 1.0000e+00 1.0000e+05 3.1419e-05 2.5000e+00
7.2549e+00 1.0000e+05 4.0282e-10 1.0000e+00 1.0000e+05 4.0282e-05 2.5000e+00
7.6471e+00 1.0000e+05 5.1524e-10 1.0000e+00 1.0000e+05 5.1524e-05 2.5000e+00
8.0392e+00 1.0000e+05 6.5749e-10 1.0000e+00 1.0000e+05 6.5749e-05 2.5000e+00
8.4314e+00 1.0000e+05 8.3707e-10 1.0000e+00 1.0000e+05 8.3707e-05 2.5000e+00
8.8235e+00 1.0000e+05 1.0632e-09 1.0000e+00 1.0000e+05 1.0632e-04 2.5000e+00
9.2157e+00 1.0000e+05 1.3473e-09 1.0000e+00 1.0000e+05 1.3473e-04 2.5000e+00
9.6078e+00 1.0000e+05 1.7032e-09 1.0000e+00 1.0000e+05 1.7032e-04 2.5000e+00
1.0000e+01 1.0000e+05 2.1482e-09 1.0000e+00 1.0000e+05 2.1482e-04 2.5000e+00
1.0392e+01 1.0000e+05 2.7032e-09 1.0000e+00 1.0000e+05 2.7032e-04 2.5000e+00
1.0784e+01 1.0000e+05 3.3936e-09 9.9999e-01 1.0000e+05 3.3936e-04 2.5000e+00
1.1176e+01 1.0000e+05 4.2504e-09 9.9999e-01 1.0000e+05 4.2504e-04 2.5000e+00
1.1569e+01 1.0000e+05 5.3111e-09 9.9999e-01 1.0000e+05 5.3111e-04 2.5000e+00
1.1961e+01 1.0000e+05 6.6211e-09 9.9999e-01 1.0000e+05 6.6211e-04 2.5000e+00
1.2353e+01 1.0000e+05 8.2350e-09 9.9999e-01 1.0000e+05 8.2350e-04 2.5000e+00
1.2745e+01 1.0000e+05 1.0218e-08 9.9998e-01 1.0000e+05 1.0218e-03 2.5000e+00
1.3137e+01 1.0000e+05 1.2650e-08 9.9998e-01 1.0000e+05 1.2650e-03 2.5000e+00
1.3529e+01 1.0000e+05 1.5624e-08 9.9998e-01 1.0000e+05 1.5624e-03 2.4999e+00
1.3922e+01 1.0000e+05 1.9253e-08 9.9997e-01 1.0000e+05 1.9253e-03 2.4999e+00
1.4314e+01 1.0000e+05 2.3670e-08 9.9997e-01 1.0000e+05 2.3670e-03 2.4999e+00
1.4706e+01 1.0000e+05 2.9032e-08 9.9996e-01 1.0000e+05 2.9032e-03 2.4999e+00
1.5098e+01 1.0000e+05 3.5527e-08 9.9995e-01 1.0000e+05 3.5527e-03 2.4999e+00
1.5490e+01 1.0000e+05 4.3374e-08 9.9994e-01 1.0000e+05 4.3374e-03 2.4998e+00
1.5882e+01 1.0000e+05 5.2833e-08 9.9993e-01 1.0000e+05 5.2833e-03 2.4998e+00
1.6275e+01 1.0000e+05 6.4206e-08 9.9991e-01 1.0000e+05 6.4206e-03 2.4998e+00
1.6667e+01 9.9999e+04 7.7847e-08 9.9989e-01 9.9999e+04 7.7847e-03 2.4997e+00
1.7059e+01 9.9999e+04 9.4171e-08 9.9987e-01 9.9999e+04 9.4170e-03 2.4997e+00
1.7451e+01 9.9999e+04 1.1365e-07 9.9985e-01 9.9999e+04 1.1365e-02 2.4996e+00
1.7843e+01 9.9999e+04 1.3686e-07 9.9982e-01 9.9999e+04 1.3685e-02 2.4995e+00
1.8235e+01 9.9999e+04 1.6442e-07 9.9978e-01 9.9999e+04 1.6441e-02 2.4995e+00
1.8627e+01 9.9999e+04 1.9707e-07 9.9974e-01 9.9999e+04 1.9707e-02 2.4994e+00
1.9020e+01 9.9998e+04 2.3568e-07 9.9969e-01 9.9998e+04 2.3568e-02 2.4992e+00
1.9412e+01 9.9998e+04 2.8121e-07 9.9964e-01 9.9998e+04 2.8120e-02 2.4991e+00
1.9804e+01 9.9997e+04 3.3476e-07 9.9957e-01 9.9997e+04 3.3476e-02 2.4989e+00
2.0196e+01 9.9997e+04 3.9762e-07 9.9950e-01 9.9997e+04 3.9760e-02 2.4987e+00
2.0588e+01 9.9996e+04 4.7120e-07 9.9941e-01 9.9996e+04 4.7118e-02 2.4985e+00
2.0980e+01 9.9996e+04 5.5713e-07 9.9931e-01 9.9996e+04 5.5711e-02 2.4983e+00
2.1373e+01 9.9995e+04 6.5725e-07 9.9919e-01 9.9995e+04 6.5722e-02 2.4980e+00
2.1765e+01 9.9994e+04 7.7362e-07 9.9906e-01 9.9994e+04 7.7357e-02 2.4976e+00
2.2157e+01 9.9993e+04 9.0854e-07 9.9890e-01 9.9993e+04 9.0847e-02 2.4973e+00
2.2549e+01 9.9991e+04 1.0646e-06 9.9873e-01 9.9991e+04 1.0645e-01 2.4968e+00
2.2941e+01 9.9990e+04 1.2447e-06 9.9853e-01 9.9990e+04 1.2445e-01 2.4963e+00
2.3333e+01 9.9988e+04 1.4519e-06 9.9830e-01 9.9988e+04 1.4518e-01 2.4957e+00
2.3725e+01 9.9986e+04 1.6899e-06 9.9804e-01 9.9986e+04 1.6897e-01 2.4951e+00
2.4118e+01 9.9983e+04 1.9626e-06 9.9775e-01 9.9983e+04 1.9623e-01 2.4944e+00
2.4510e+01 9.9980e+04 2.2742e-06 9.9742e-01 9.9980e+04 2.2738e-01 2.4935e+00
2.4902e+01 9.9977e+04 2.6295e-06 9.9704e-01 9.9977e+04 2.6289e-01 2.4926e+00
2.5294e+01 9.9973e+04 3.0335e-06 9.9662e-01 9.9973e+04 3.0327e-01 2.4916e+00
2.5686e+01 9.9969e+04 3.4920e-06 9.9615e-01 9.9969e+04 3.4909e-01 2.4904e+00
2.6078e+01 9.9964e+04 4.0110e-06 9.9563e-01 9.9964e+04 4.0095e-01 2.4891e+00
2.6471e+01 9.9958e+04 4.5971e-06 9.9504e-01 9.9958e+04 4.5951e-01 2.4876e+00
2.6863e+01 9.9952e+04 5.2573e-06 9.9439e-01 9.9952e+04 5.2548e-01 2.4860e+00
2.7255e+01 9.9945e+04 5.9994e-06 9.9367e-01 9.9945e+04 5.9961e-01 2.4842e+00
2.7647e+01 9.9936e+04 6.8315e-06 9.9287e-01 9.9936e+04 6.8272e-01 2.4822e+00
2.8039e+01 9.9927e+04 7.7624e-06 9.9199e-01 9.9927e+04 7.7567e-01 2.4800e+00
2.8431e+01 9.9916e+04 8.8012e-06 9.9102e-01 9.9916e+04 8.7938e-01 2.4776e+00
2.8824e+01 9.9904e+04 9.9579e-06 9.8995e-01 9.9904e+04 9.9483e-01 2.4749e+00
2.9216e+01 9.9891e+04 1.1243e-05 9.8878e-01 9.9891e+04 1.1230e+00 2.4720e+00
2.9608e+01 9.9876e+04 1.2667e-05 9.8751e-01 9.9876e+04 1.2651e+00 2.4688e+00
3.0000e+01 9.9859e+04 1.4241e-05 9.8611e-01 9.9859e+04 1.4221e+00 2.4653e+00
3.0392e+01 9.9840e+04 1.5978e-05 9.8460e-01 9.9840e+04 1.5953e+00 2.4615e+00
3.0784e+01 9.9819e+04 1.7890e-05 9.8295e-01 9.9819e+04 1.7858e+00 2.4574e+00
3.1176e+01 9.9796e+04 1.9989e-05 9.8118e-01 9.9796e+04 1.9948e+00 2.4530e+00
3.1569e+01 9.9770e+04 2.2289e-05 9.7926e-01 9.9770e+04 2.2238e+00 2.4482e+00
3.1961e+01 9.9741e+04 2.4804e-05 9.7719e-01 9.9741e+04 2.4740e+00 2.4430e+00
3.2353e+01 9.9710e+04 2.7546e-05 9.7497e-01 9.9710e+04 2.7466e+00 2.4375e+00
3.2745e+01 9.9675e+04 3.0531e-05 9.7259e-01 9.9675e+04 3.0432e+00 2.4315e+00
3.3137e+01 9.9637e+04 3.3772e-05 9.7005e-01 9.9637e+04 3.3649e+00 2.4252e+00
3.3529e+01 9.9595e+04 3.7284e-05 9.6733e-01 9.9595e+04 3.7133e+00 2.4184e+00
3.3922e+01 9.9549e+04 4.1080e-05 9.6445e-01 9.9549e+04 4.0895e+00 2.4112e+00
3.4314e+01 9.9498e+04 4.5176e-05 9.6139e-01 9.9498e+04 4.4949e+00 2.4036e+00
3.4706e+01 9.9444e+04 4.9585e-05 9.5814e-01 9.9444e+04 4.9309e+00 2.3955e+00
3.5098e+01 9.9384e+04 5.4320e-05 9.5472e-01 9.9384e+04 5.3986e+00 2.3869e+00
3.5490e+01 9.9319e+04 5.9396e-05 9.5111e-01 9.9319e+04 5.8992e+00 2.3779e+00
3.5882e+01 9.9249e+04 6.4825e-05 9.4732e-01 9.9249e+04 6.4339e+00 2.3685e+00
3.6275e+01 9.9173e+04 7.0620e-05 9.4333e-01 9.9173e+04 7.0036e+00 2.3586e+00
3.6667e+01 9.9091e+04 7.6793e-05 9.3917e-01 9.9091e+04 7.6095e+00 2.3482e+00
3.7059e+01 9.9003e+04 8.3354e-05 9.3482e-01 9.9003e+04 8.2523e+00 2.3374e+00
3.7451e+01 9.8908e+04 9.0315e-05 9.3029e-01 9.8908e+04 8.9329e+00 2.3261e+00
3.7843e+01 9.8806e+04 9.7683e-05 9.2558e-01 9.8806e+04 9.6517e+00 2.3144e+00
3.8235e+01 9.8697e+04 1.0547e-04 9.2070e-01 9.8697e+04 1.0409e+01 2.3023e+00
3.8627e+01 9.8581e+04 1.1368e-04 9.1565e-01 9.8581e+04 1.1207e+01 2.2898e+00
3.9020e+01 9.8457e+04 1.2232e-04 9.1043e-01 9.8457e+04 1.2043e+01 2.2768e+00
3.9412e+01 9.8325e+04 1.3139e-04 9.0506e-01 9.8325e+04 1.2919e+01 2.2635e+00
3.9804e+01 9.8184e+04 1.4091e-04 8.9954e-01 9.8184e+04 1.3835e+01 2.2498e+00
4.0196e+01 9.8035e+04 1.5085e-04 8.9387e-01 9.8035e+04 1.4789e+01 2.2358e+00
4.0588e+01 9.7878e+04 1.6127e-04 8.8808e-01 9.7878e+04 1.5784e+01 2.2215e+00
4.0980e+01 9.7710e+04 1.7205e-04 8.8214e-01 9.7710e+04 1.6811e+01 2.2068e+00
4.1373e+01 9.7538e+04 1.8348e-04 8.7615e-01 9.7538e+04 1.7896e+01 2.1920e+00
4.1765e+01 9.7342e+04 1.9478e-04 8.6987e-01 9.7342e+04 1.8960e+01 2.1765e+00
4.2157e+01 9.7176e+04 2.0794e-04 8.6399e-01 9.7176e+04 2.0207e+01 2.1621e+00
4.2549e+01 9.6905e+04 2.1807e-04 8.5685e-01 9.6905e+04 2.1133e+01 2.1444e+00
4.2941e+01 9.6840e+04 2.3642e-04 8.5230e-01 9.6840e+04 2.2895e+01 2.1334e+00
4.3333e+01 9.6315e+04 2.3882e-04 8.4214e-01 9.6315e+04 2.3002e+01 2.1081e+00
4.3725e+01 9.6648e+04 2.7307e-04 8.4257e-01 9.6648e+04 2.6391e+01 2.1100e+00
4.4118e+01 9.5445e+04 2.5231e-04 8.2436e-01 9.5445e+04 2.4082e+01 2.0639e+00
4.4510e+01 9.6652e+04 3.1940e-04 8.3539e-01 9.6652e+04 3.0871e+01 2.0934e+00
4.4902e+01 9.4454e+04 2.6415e-04 8.0561e-01 9.4454e+04 2.4950e+01 2.0173e+00
4.5294e+01 9.6365e+04 3.5791e-04 8.2499e-01 9.6365e+04 3.4490e+01 2.0687e+00
4.5686e+01 9.4107e+04 3.0285e-04 7.9529e-01 9.4107e+04 2.8501e+01 1.9925e+00
4.6078e+01 9.5103e+04 3.6450e-04 8.0369e-01 9.5103e+04 3.4665e+01 2.0155e+00
4.6471e+01 9.4379e+04 3.6665e-04 7.9274e-01 9.4379e+04 3.4604e+01 1.9882e+00
4.6863e+01 9.3997e+04 3.7886e-04 7.8501e-01 9.3997e+04 3.5612e+01 1.9693e+00
4.7255e+01 9.3566e+04 3.9286e-04 7.7785e-01 9.3566e+04 3.6759e+01 1.9519e+00
4.7647e+01 9.3907e+04 4.3234e-04 7.7888e-01 9.3907e+04 4.0600e+01 1.9560e+00
4.8039e+01 9.2773e+04 4.1836e-04 7.6290e-01 9.2773e+04 3.8813e+01 1.9154e+00
4.8431e+01 9.2054e+04 4.5387e-04 7.6262e-01 9.2054e+04 4.1780e+01 1.9160e+00
4.8824e+01 9.7114e+04 4.6724e-04 7.5527e-01 9.7114e+04 4.5375e+01 1.8988e+00
4.9216e+01 7.4277e+04 4.8895e-04 7.5160e-01 7.4277e+04 3.6318e+01 1.8879e+00
4.9608e+01 1.2874e+05 5.0255e-04 7.4269e-01 1.2874e+05 6.4699e+01 1.8730e+00
5.0000e+01 7.9432e+04 5.1073e-04 7.3619e-01 7.9432e+04 4.0569e+01 1.8508e+00
5.0392e+01 3.2717e+04 5.3035e-04 7.3426e-01 3.2717e+04 1.7352e+01 1.8402e+00
5.0784e+01 1.3928e+04 5.6093e-04 7.3446e-01 1.3928e+04 7.8128e+00 1.8383e+00
5.1176e+01 8.8673e+03 5.9717e-04 7.3231e-01 8.8673e+03 5.2953e+00 1.8324e+00
5.1569e+01 7.9621e+03 6.4854e-04 7.2869e-01 7.9621e+03 5.1638e+00 1.8234e+00
5.1961e+01 8.4245e+03 7.8846e-04 7.3281e-01 8.4245e+03 6.6424e+00 1.8346e+00
5.2353e+01 9.0429e+03 8.9194e-04 7.3525e-01 9.0429e+03 8.0657e+00 1.8417e+00
5.2745e+01 9.6184e+03 9.0201e-04 7.3011e-01 9.6184e+03 8.6759e+00 1.8292e+00
5.3137e+01 1.0063e+04 9.2556e-04 7.2744e-01 1.0063e+04 9.3138e+00 1.8229e+00
5.3529e+01 1.0500e+04 1.0090e-03 7.3172e-01 1.0500e+04 1.0594e+01 1.8346e+00
5.3922e+01 1.0820e+04 1.0694e-03 7.3442e-01 1.0820e+04 1.1571e+01 1.8422e+00
5.4314e+01 1.1026e+04 1.0683e-03 7.3117e-01 1.1026e+04 1.1779e+01 1.8342e+00
5.4706e+01 1.1168e+04 1.0586e-03 7.2715e-01 1.1168e+04 1.1822e+01 1.8241e+00
5.5098e+01 1.1333e+04 1.0896e-03 7.2781e-01 1.1333e+04 1.2348e+01 1.8263e+00
5.5490e+01 1.1498e+04 1.1426e-03 7.3115e-01 1.1498e+04 1.3137e+01 1.8354e+00
5.5882e+01 1.1622e+04 1.1729e-03 7.3229e-01 1.1622e+04 1.3632e+01 1.8387e+00
5.6275e+01 1.1691e+04 1.1698e-03 7.2996e-01 1.1691e+04 1.3676e+01 1.8329e+00
5.6667e+01 1.1743e+04 1.1603e-03 7.2677e-01 1.1743e+04 1.3626e+01 1.8248e+00
5.7059e+01 1.1817e+04 1.1744e-03 7.2632e-01 1.1817e+04 1.3878e+01 1.8240e+00
5.7451e+01 1.1915e+04 1.2136e-03 7.2880e-01 1.1915e+04 1.4460e+01 1.8308e+00
5.7843e+01 1.2008e+04 1.2529e-03 7.3144e-01 1.2008e+04 1.5045e+01 1.8380e+00
5.8235e+01 1.2068e+04 1.2709e-03 7.3185e-01 1.2068e+04 1.5338e+01 1.8394e+00
5.8627e+01 1.2095e+04 1.2671e-03 7.2992e-01 1.2095e+04 1.5326e+01 1.8345e+00
5.9020e+01 1.2114e+04 1.2588e-03 7.2729e-01 1.2114e+04 1.5250e+01 1.8278e+00
5.9412e+01 1.2153e+04 1.2673e-03 7.2662e-01 1.2153e+04 1.5401e+01 1.8263e+00
5.9804e+01 1.2220e+04 1.3002e-03 7.2879e-01 1.2220e+04 1.5889e+01 1.8323e+00
6.0196e+01 1.2302e+04 1.3454e-03 7.3244e-01 1.2302e+04 1.6551e+01 1.8422e+00
6.0588e+01 1.2372e+04 1.3836e-03 7.3540e-01 1.2372e+04 1.7118e+01 1.8503e+00
6.0980e+01 1.2415e+04 1.4026e-03 7.3627e-01 1.2415e+04 1.7414e+01 1.8529e+00
6.1373e+01 1.2431e+04 1.4028e-03 7.3504e-01 1.2431e+04 1.7439e+01 1.8498e+00
6.1765e+01 1.2435e+04 1.3946e-03 7.3274e-01 1.2435e+04 1.7341e+01 1.8440e+00
6.2157e+01 1.2449e+04 1.3939e-03 7.3127e-01 1.2449e+04 1.7353e+01 1.8403e+00
6.2549e+01 1.2493e+04 1.4155e-03 7.3240e-01 1.2493e+04 1.7684e+01 1.8435e+00
6.2941e+01 1.2569e+04 1.4619e-03 7.3643e-01 1.2569e+04 1.8374e+01 1.8545e+00
6.3333e+01 1.2668e+04 1.5254e-03 7.4252e-01 1.2668e+04 1.9325e+01 1.8710e+00
6.3725e+01 1.2776e+04 1.5947e-03 7.4937e-01 1.2776e+04 2.0373e+01 1.8897e+00
6.4118e+01 1.2876e+04 1.6591e-03 7.5576e-01 1.2876e+04 2.1363e+01 1.9071e+00
6.4510e+01 1.2960e+04 1.7116e-03 7.6084e-01 1.2960e+04 2.2182e+01 1.9211e+00
6.4902e+01 1.3023e+04 1.7494e-03 7.6425e-01 1.3023e+04 2.2782e+01 1.9306e+00
6.5294e+01 1.3065e+04 1.7735e-03 7.6607e-01 1.3065e+04 2.3171e+01 1.9357e+00
6.5686e+01 1.3092e+04 1.7867e-03 7.6661e-01 1.3092e+04 2.3391e+01 1.9374e+00
6.6078e+01 1.3108e+04 1.7925e-03 7.6630e-01 1.3108e+04 2.3496e+01 1.9368e+00
6.6471e+01 1.3118e+04 1.7941e-03 7.6550e-01 1.3118e+04 2.3534e+01 1.9349e+00
6.6863e+01 1.3124e+04 1.7936e-03 7.6447e-01 1.3124e+04 2.3540e+01 1.9323e+00
6.7255e+01 1.3129e+04 1.7923e-03 7.6334e-01 1.3129e+04 2.3532e+01 1.9294e+00
6.7647e+01 1.3133e+04 1.7906e-03 7.6215e-01 1.3133e+04 2.3516e+01 1.9264e+00
6.8039e+01 1.3137e+04 1.7886e-03 7.6093e-01 1.3137e+04 2.3497e+01 1.9233e+00
6.8431e+01 1.3141e+04 1.7863e-03 7.5966e-01 1.3141e+04 2.3473e+01 1.9201e+00
6.8824e+01 1.3144e+04 1.7838e-03 7.5836e-01 1.3144e+04 2.3447e+01 1.9168e+00
6.9216e+01 1.3147e+04 1.7812e-03 7.5702e-01 1.3147e+04 2.3417e+01 1.9134e+00
6.9608e+01 1.3150e+04 1.7783e-03 7.5564e-01 1.3150e+04 2.3383e+01 1.9099e+00
7.0000e+01 1.3152e+04 1.7752e-03 7.5423e-01 1.3152e+04 2.3347e+01 1.9063e+00
7.0392e+01 1.3154e+04 1.7719e-03 7.5279e-01 1.3154e+04 2.3308e+01 1.9026e+00
7.0784e+01 1.3156e+04 1.7685e-03 7.5130e-01 1.3156e+04 2.3266e+01 1.8988e+00
7.1176e+01 1.3158e+04 1.7648e-03 7.4978e-01 1.3158e+04 2.3221e+01 1.8950e+00
7.1569e+01 1.3159e+04 1.7610e-03 7.4823e-01 1.3159e+04 2.3174e+01 1.8910e+00
7.1961e+01 1.3161e+04 1.7570e-03 7.4663e-01 1.3161e+04 2.3124e+01 1.8869e+00
7.2353e+01 1.3162e+04 1.7529e-03 7.4500e-01 1.3162e+04 2.3071e+01 1.8827e+00
7.2745e+01 1.3163e+04 1.7485e-03 7.4333e-01 1.3163e+04 2.3015e+01 1.8784e+00
7.3137e+01 1.3164e+04 1.7440e-03 7.4162e-01 1.3164e+04 2.2957e+01 1.8741e+00
7.3529e+01 1.3164e+04 1.7393e-03 7.3987e-01 1.3164e+04 2.2897e+01 1.8696e+00
7.3922e+01 1.3165e+04 1.7345e-03 7.3808e-01 1.3165e+04 2.2834e+01 1.8650e+00
7.4314e+01 1.3165e+04 1.7295e-03 7.3624e-01 1.3165e+04 2.2768e+01 1.8603e+00
7.4706e+01 1.3165e+04 1.7243e-03 7.3436e-01 1.3165e+04 2.2700e+01 1.8555e+00
7.5098e+01 1.3165e+04 1.7189e-03 7.3244e-01 1.3165e+04 2.2629e+01 1.8505e+00
7.5490e+01 1.3164e+04 1.7134e-03 7.3046e-01 1.3164e+04 2.2556e+01 1.8455e+00
7.5882e+01 1.3164e+04 1.7077e-03 7.2844e-01 1.3164e+04 2.2481e+01 1.8403e+00
7.6275e+01 1.3163e+04 1.7019e-03 7.2636e-01 1.3163e+04 2.2403e+01 1.8350e+00
7.6667e+01 1.3163e+04 1.6959e-03 7.2422e-01 1.3163e+04 2.2323e+01 1.8295e+00
7.7059e+01 1.3162e+04 1.6898e-03 7.2202e-01 1.3162e+04 2.2241e+01 1.8238e+00
7.7451e+01 1.3161e+04 1.6836e-03 7.1975e-01 1.3161e+04 2.2157e+01 1.8180e+00
7.7843e+01 1.3159e+04 1.6773e-03 7.1741e-01 1.3159e+04 2.2072e+01 1.8120e+00
7.8235e+01 1.3158e+04 1.6708e-03 7.1498e-01 1.3158e+04 2.1985e+01 1.8058e+00
7.8627e+01 1.3156e+04 1.6643e-03 7.1246e-01 1.3156e+04 2.1896e+01 1.7994e+00
7.9020e+01 1.3154e+04 1.6577e-03 7.0983e-01 1.3154e+04 2.1806e+01 1.7927e+00
7.9412e+01 1.3152e+04 1.6511e-03 7.0709e-01 1.3152e+04 2.1716e+01 1.7857e+00
7.9804e+01 1.3150e+04 1.6445e-03 7.0422e-01 1.3150e+04 2.1625e+01 1.7783e+00
8.0196e+01 1.3148e+04 1.6379e-03 7.0122e-01 1.3148e+04 2.1535e+01 1.7707e+00
8.0588e+01 1.3145e+04 1.6313e-03 6.9805e-01 1.3145e+04 2.1444e+01 1.7626e+00
8.0980e+01 1.3142e+04 1.6249e-03 6.9472e-01 1.3142e+04 2.1355e+01 1.7541e+00
8.1373e+01 1.3139e+04 1.6186e-03 6.9120e-01 1.3139e+04 2.1267e+01 1.7452e+00
8.1765e+01 1.3135e+04 1.6125e-03 6.8748e-01 1.3135e+04 2.1180e+01 1.7358e+00
8.2157e+01 1.3132e+04 1.6065e-03 6.8355e-01 1.3132e+04 2.1097e+01 1.7258e+00
8.2549e+01 1.3128e+04 1.6009e-03 6.7939e-01 1.3128e+04 2.1015e+01 1.7153e+00
8.2941e+01 1.3123e+04 1.5955e-03 6.7498e-01 1.3123e+04 2.0938e+01 1.7042e+00
8.3333e+01 1.3118e+04 1.5904e-03 6.7033e-01 1.3118e+04 2.0864e+01 1.6924e+00
8.3725e+01 1.3113e+04 1.5858e-03 6.6540e-01 1.3113e+04 2.0795e+01 1.6800e+00
8.4118e+01 1.3108e+04 1.5815e-03 6.6020e-01 1.3108e+04 2.0730e+01 1.6669e+00
8.4510e+01 1.3102e+04 1.5777e-03 6.5472e-01 1.3102e+04 2.0670e+01 1.6531e+00
8.4902e+01 1.3096e+04 1.5743e-03 6.4895e-01 1.3096e+04 2.0616e+01 1.6386e+00
8.5294e+01 1.3089e+04 1.5714e-03 6.4288e-01 1.3089e+04 2.0568e+01 1.6234e+00
8.5686e+01 1.3082e+04 1.5691e-03 6.3651e-01 1.3082e+04 2.0526e+01 1.6074e+00
8.6078e+01 1.3074e+04 1.5673e-03 6.2983e-01 1.3074e+04 2.0491e+01 1.5906e+00
8.6471e+01 1.3066e+04 1.5661e-03 6.2284e-01 1.3066e+04 2.0462e+01 1.5731e+00
8.6863e+01 1.3057e+04 1.5655e-03 6.1555e-01 1.3057e+04 2.0441e+01 1.5549e+00
8.7255e+01 1.3048e+04 1.5655e-03 6.0794e-01 1.3048e+04 2.0426e+01 1.5358e+00
8.7647e+01 1.3038e+04 1.5661e-03 6.0001e-01 1.3038e+04 2.0419e+01 1.5160e+00
8.8039e+01 1.3028e+04 1.5674e-03 5.9175e-01 1.3028e+04 2.0420e+01 1.4954e+00
8.8431e+01 1.3017e+04 1.5694e-03 5.8316e-01 1.3017e+04 2.0429e+01 1.4739e+00
8.8824e+01 1.3006e+04 1.5721e-03 5.7425e-01 1.3006e+04 2.0447e+01 1.4517e+00
8.9216e+01 1.2995e+04 1.5754e-03 5.6500e-01 1.2995e+04 2.0472e+01 1.4286e+00
8.9608e+01 1.2982e+04 1.5794e-03 5.5544e-01 1.2982e+04 2.0504e+01 1.4048e+00
9.0000e+01 1.2970e+04 1.5840e-03 5.4558e-01 1.2970e+04 2.0544e+01 1.3802e+00
9.0392e+01 1.2957e+04 1.5892e-03 5.3543e-01 1.2957e+04 2.0591e+01 1.3549e+00
9.0784e+01 1.2943e+04 1.5948e-03 5.2505e-01 1.2943e+04 2.0642e+01 1.3291e+00
9.1176e+01 1.2930e+04 1.6006e-03 5.1449e-01 1.2930e+04 2.0696e+01 1.3028e+00
9.1569e+01 1.2916e+04 1.6065e-03 5.0382e-01 1.2916e+04 2.0749e+01 1.2762e+00
9.1961e+01 1.2903e+04 1.6119e-03 4.9316e-01 1.2903e+04 2.0799e+01 1.2497e+00
9.2353e+01 1.2890e+04 1.6166e-03 4.8267e-01 1.2890e+04 2.0837e+01 1.2235e+00
9.2745e+01 1.2877e+04 1.6196e-03 4.7260e-01 1.2877e+04 2.0857e+01 1.1984e+00
9.3137e+01 1.2867e+04 1.6201e-03 4.6329e-01 1.2867e+04 2.0845e+01 1.1751e+00
9.3529e+01 1.2858e+04 1.6166e-03 4.5522e-01 1.2858e+04 2.0786e+01 1.1548e+00
9.3922e+01 1.2852e+04 1.6077e-03 4.4886e-01 1.2852e+04 2.0662e+01 1.1388e+00
9.4314e+01 1.2849e+04 1.5932e-03 4.4452e-01 1.2849e+04 2.0470e+01 1.1276e+00
9.4706e+01 1.2848e+04 1.5725e-03 4.4201e-01 1.2848e+04 2.0203e+01 1.1209e+00
9.5098e+01 1.2850e+04 1.5489e-03 4.4142e-01 1.2850e+04 1.9903e+01 1.1190e+00
9.5490e+01 1.2848e+04 1.5182e-03 4.4165e-01 1.2848e+04 1.9506e+01 1.1189e+00
9.5882e+01 1.2859e+04 1.4929e-03 4.4456e-01 1.2859e+04 1.9197e+01 1.1257e+00
9.6275e+01 1.2843e+04 1.4480e-03 4.4569e-01 1.2843e+04 1.8597e+01 1.1277e+00
9.6667e+01 1.2882e+04 1.4355e-03 4.5398e-01 1.2882e+04 1.8493e+01 1.1482e+00
9.7059e+01 1.2807e+04 1.3562e-03 4.5182e-01 1.2807e+04 1.7369e+01 1.1413e+00
9.7451e+01 1.2952e+04 1.4006e-03 4.7167e-01 1.2952e+04 1.8140e+01 1.1919e+00
9.7843e+01 1.2583e+04 1.2269e-03 4.5316e-01 1.2583e+04 1.5438e+01 1.1424e+00
9.8235e+01 1.3159e+04 1.5491e-03 4.9558e-01 1.3159e+04 2.0384e+01 1.2547e+00
9.8627e+01 1.1547e+04 1.0505e-03 4.1735e-01 1.1547e+04 1.2129e+01 1.0497e+00
9.9020e+01 1.3780e+04 2.2159e-03 5.0432e-01 1.3780e+04 3.0536e+01 1.2946e+00
9.9412e+01 7.4906e+03 8.3336e-04 3.0247e-01 7.4906e+03 6.2424e+00 7.5878e-01
9.9804e+01 1.7087e+04 3.4799e-03 4.1798e-01 1.7087e+04 5.9462e+01 1.1484e+00
