# # x Density Velocity Pressure q0 q1 q2
1.9608e-01 1.0000e+05 5.2047e-12 1.0000e+00 1.0000e+05 5.2047e-07 2.5000e+00
5.8824e-01 1.0000e+05 7.0159e-12 1.0000e+00 1.0000e+05 7.0159e-07 2.5000e+00
9.8039e-01 1.0000e+05 8.2658e-12 1.0000e+00 1.0000e+05 8.2658e-07 2.5000e+00
1.3725e+00 1.0000e+05 9.9037e-12 1.0000e+00 1.0000e+05 9.9037e-07 2.5000e+00
1.7647e+00 1.0000e+05 1.2285e-11 1.0000e+00 1.0000e+05 1.2285e-06 2.5000e+00
2.1569e+00 1.0000e+05 1.5629e-11 1.0000e+00 1.0000e+05 1.5629e-06 2.5000e+00
2.5490e+00 1.0000e+05 2.0171e-11 1.0000e+00 1.0000e+05 2.0171e-06 2.5000e+00
2.9412e+00 1.0000e+05 2.6213e-11 1.0000e+00 1.0000e+05 2.6213e-06 2.5000e+00
3.3333e+00 1.0000e+05 3.4154e-11 1.0000e+00 1.0000e+05 3.4154e-06 2.5000e+00
3.7255e+00 1.0000e+05 4.4514e-11 1.0000e+00 1.0000e+05 4.4514e-06 2.5000e+00
4.1176e+00 1.0000e+05 5.7959e-11 1.0000e+00 1.0000e+05 5.7959e-06 2.5000e+00
4.5098e+00 1.0000e+05 7.5343e-11 1.0000e+00 1.0000e+05 7.5343e-06 2.5000e+00
4.9020e+00 1.0000e+05 9.7748e-11 1.0000e+00 1.0000e+05 9.7748e-06 2.5000e+00
5.2941e+00 1.0000e+05 1.2655e-10 1.0000e+00 1.0000e+05 1.2655e-05 2.5000e+00
5.6863e+00 1.0000e+05 1.6346e-10 1.0000e+00 1.0000e+05 1.6346e-05 2.5000e+00
6.0784e+00 1.0000e+05 2.1067e-10 1.0000e+00 1.0000e+05 2.1067e-05 2.5000e+00
6.4706e+00 1.0000e+05 2.7088e-10 1.0000e+00 1.0000e+05 2.7088e-05 2.5000e+00
6.8627e+00 1.0000e+05 3.4749e-10 1.0000e+00 1.0000e+05 3.4749e-05 2.5000e+00
7.2549e+00 1.0000e+05 4.4475e-10 1.0000e+00 1.0000e+05 4.4475e-05 2.5000e+00
7.6471e+00 1.0000e+05 5.6790e-10 1.0000e+00 1.0000e+05 5.6790e-05 2.5000e+00
8.0392e+00 1.0000e+05 7.2347e-10 1.0000e+00 1.0000e+05 7.2347e-05 2.5000e+00
8.4314e+00 1.0000e+05 9.1952e-10 1.0000e+00 1.0000e+05 9.1952e-05 2.5000e+00
8.8235e+00 1.0000e+05 1.1660e-09 1.0000e+00 1.0000e+05 1.1660e-04 2.5000e+00
9.2157e+00 1.0000e+05 1.4751e-09 1.0000e+00 1.0000e+05 1.4751e-04 2.5000e+00
9.6078e+00 1.0000e+05 1.8618e-09 1.0000e+00 1.0000e+05 1.8618e-04 2.5000e+00
1.0000e+01 1.0000e+05 2.3444e-09 1.0000e+00 1.0000e+05 2.3444e-04 2.5000e+00
1.0392e+01 1.0000e+05 2.9453e-09 1.0000e+00 1.0000e+05 2.9453e-04 2.5000e+00
1.0784e+01 1.0000e+05 3.6916e-09 9.9999e-01 1.0000e+05 3.6916e-04 2.5000e+00
1.1176e+01 1.0000e+05 4.6164e-09 9.9999e-01 1.0000e+05 4.6164e-04 2.5000e+00
1.1569e+01 1.0000e+05 5.7595e-09 9.9999e-01 1.0000e+05 5.7595e-04 2.5000e+00
1.1961e+01 1.0000e+05 7.1690e-09 9.9999e-01 1.0000e+05 7.1690e-04 2.5000e+00
1.2353e+01 1.0000e+05 8.9029e-09 9.9999e-01 1.0000e+05 8.9029e-04 2.5000e+00
1.2745e+01 1.0000e+05 1.1031e-08 9.9998e-01 1.0000e+05 1.1031e-03 2.5000e+00
1.3137e+01 1.0000e+05 1.3635e-08 9.9998e-01 1.0000e+05 1.3635e-03 2.4999e+00
1.3529e+01 1.0000e+05 1.6816e-08 9.9998e-01 1.0000e+05 1.6816e-03 2.4999e+00
1.3922e+01 1.0000e+05 2.0691e-08 9.9997e-01 1.0000e+05 2.0691e-03 2.4999e+00
1.4314e+01 1.0000e+05 2.5401e-08 9.9996e-01 1.0000e+05 2.5401e-03 2.4999e+00
1.4706e+01 1.0000e+05 3.1111e-08 9.9996e-01 1.0000e+05 3.1110e-03 2.4999e+00
1.5098e+01 1.0000e+05 3.8016e-08 9.9995e-01 1.0000e+05 3.8016e-03 2.4999e+00
1.5490e+01 1.0000e+05 4.6349e-08 9.9993e-01 1.0000e+05 4.6349e-03 2.4998e+00
1.5882e+01 1.0000e+05 5.6378e-08 9.9992e-01 1.0000e+05 5.6378e-03 2.4998e+00
1.6275e+01 1.0000e+05 6.8420e-08 9.9991e-01 1.0000e+05 6.8420e-03 2.4998e+00
1.6667e+01 9.9999e+04 8.2845e-08 9.9989e-01 9.9999e+04 8.2844e-03 2.4997e+00
1.7059e+01 9.9999e+04 1.0008e-07 9.9986e-01 9.9999e+04 1.0008e-02 2.4997e+00
1.7451e+01 9.9999e+04 1.2063e-07 9.9984e-01 9.9999e+04 1.2063e-02 2.4996e+00
1.7843e+01 9.9999e+04 1.4506e-07 9.9981e-01 9.9999e+04 1.4506e-02 2.4995e+00
1.8235e+01 9.9999e+04 1.7405e-07 9.9977e-01 9.9999e+04 1.7405e-02 2.4994e+00
1.8627e+01 9.9998e+04 2.0836e-07 9.9973e-01 9.9998e+04 2.0835e-02 2.4993e+00
1.9020e+01 9.9998e+04 2.4886e-07 9.9968e-01 9.9998e+04 2.4885e-02 2.4992e+00
1.9412e+01 9.9998e+04 2.9656e-07 9.9962e-01 9.9998e+04 2.9655e-02 2.4990e+00
1.9804e+01 9.9997e+04 3.5261e-07 9.9955e-01 9.9997e+04 3.5260e-02 2.4989e+00
2.0196e+01 9.9997e+04 4.1830e-07 9.9947e-01 9.9997e+04 4.1829e-02 2.4987e+00
2.0588e+01 9.9996e+04 4.9512e-07 9.9938e-01 9.9996e+04 4.9510e-02 2.4985e+00
2.0980e+01 9.9995e+04 5.8472e-07 9.9928e-01 9.9995e+04 5.8470e-02 2.4982e+00
2.1373e+01 9.9994e+04 6.8900e-07 9.9916e-01 9.9994e+04 6.8896e-02 2.4979e+00
2.1765e+01 9.9993e+04 8.1005e-07 9.9902e-01 9.9993e+04 8.0999e-02 2.4975e+00
2.2157e+01 9.9992e+04 9.5024e-07 9.9886e-01 9.9992e+04 9.5016e-02 2.4971e+00
2.2549e+01 9.9991e+04 1.1122e-06 9.9868e-01 9.9991e+04 1.1121e-01 2.4967e+00
2.2941e+01 9.9989e+04 1.2989e-06 9.9847e-01 9.9989e+04 1.2987e-01 2.4962e+00
2.3333e+01 9.9987e+04 1.5135e-06 9.9823e-01 9.9987e+04 1.5133e-01 2.4956e+00
2.3725e+01 9.9985e+04 1.7598e-06 9.9797e-01 9.9985e+04 1.7595e-01 2.4949e+00
2.4118e+01 9.9982e+04 2.0415e-06 9.9767e-01 9.9982e+04 2.0412e-01 2.4942e+00
2.4510e+01 9.9979e+04 2.3632e-06 9.9733e-01 9.9979e+04 2.3627e-01 2.4933e+00
2.4902e+01 9.9976e+04 2.7296e-06 9.9694e-01 9.9976e+04 2.7289e-01 2.4924e+00
2.5294e+01 9.9972e+04 3.1458e-06 9.9652e-01 9.9972e+04 3.1450e-01 2.4913e+00
2.5686e+01 9.9968e+04 3.6177e-06 9.9603e-01 9.9968e+04 3.6165e-01 2.4901e+00
2.6078e+01 9.9963e+04 4.1513e-06 9.9550e-01 9.9963e+04 4.1497e-01 2.4887e+00
2.6471e+01 9.9957e+04 4.7533e-06 9.9490e-01 9.9957e+04 4.7512e-01 2.4873e+00
2.6863e+01 9.9950e+04 5.4308e-06 9.9424e-01 9.9950e+04 5.4281e-01 2.4856e+00
2.7255e+01 9.9943e+04 6.1916e-06 9.9350e-01 9.9943e+04 6.1881e-01 2.4837e+00
2.7647e+01 9.9934e+04 7.0439e-06 9.9268e-01 9.9934e+04 7.0393e-01 2.4817e+00
2.8039e+01 9.9924e+04 7.9965e-06 9.9179e-01 9.9924e+04 7.9904e-01 2.4795e+00
2.8431e+01 9.9913e+04 9.0587e-06 9.9080e-01 9.9913e+04 9.0508e-01 2.4770e+00
2.8824e+01 9.9901e+04 1.0240e-05 9.8971e-01 9.9901e+04 1.0230e+00 2.4743e+00
2.9216e+01 9.9887e+04 1.1552e-05 9.8853e-01 9.9887e+04 1.1539e+00 2.4713e+00
2.9608e+01 9.9872e+04 1.3004e-05 9.8723e-01 9.9872e+04 1.2987e+00 2.4681e+00
3.0000e+01 9.9855e+04 1.4608e-05 9.8582e-01 9.9855e+04 1.4587e+00 2.4646e+00
3.0392e+01 9.9835e+04 1.6377e-05 9.8428e-01 9.9835e+04 1.6350e+00 2.4607e+00
3.0784e+01 9.9814e+04 1.8322e-05 9.8262e-01 9.9814e+04 1.8288e+00 2.4566e+00
3.1176e+01 9.9790e+04 2.0456e-05 9.8082e-01 9.9790e+04 2.0413e+00 2.4521e+00
3.1569e+01 9.9764e+04 2.2793e-05 9.7888e-01 9.9764e+04 2.2739e+00 2.4472e+00
3.1961e+01 9.9735e+04 2.5345e-05 9.7679e-01 9.9735e+04 2.5278e+00 2.4420e+00
3.2353e+01 9.9702e+04 2.8127e-05 9.7455e-01 9.9702e+04 2.8043e+00 2.4364e+00
3.2745e+01 9.9667e+04 3.1153e-05 9.7215e-01 9.9667e+04 3.1049e+00 2.4304e+00
3.3137e+01 9.9628e+04 3.4436e-05 9.6959e-01 9.9628e+04 3.4308e+00 2.4240e+00
3.3529e+01 9.9585e+04 3.7991e-05 9.6685e-01 9.9585e+04 3.7833e+00 2.4172e+00
3.3922e+01 9.9539e+04 4.1831e-05 9.6395e-01 9.9539e+04 4.1638e+00 2.4100e+00
3.4314e+01 9.9488e+04 4.5972e-05 9.6087e-01 9.9488e+04 4.5736e+00 2.4023e+00
3.4706e+01 9.9432e+04 5.0426e-05 9.5760e-01 9.9432e+04 5.0140e+00 2.3941e+00
3.5098e+01 9.9372e+04 5.5208e-05 9.5416e-01 9.9372e+04 5.4861e+00 2.3856e+00
3.5490e+01 9.9306e+04 6.0331e-05 9.5053e-01 9.9306e+04 5.9912e+00 2.3765e+00
3.5882e+01 9.9235e+04 6.5806e-05 9.4672e-01 9.9235e+04 6.5303e+00 2.3670e+00
3.6275e+01 9.9158e+04 7.1648e-05 9.4273e-01 9.9158e+04 7.1045e+00 2.3571e+00
3.6667e+01 9.9075e+04 7.7867e-05 9.3855e-01 9.9075e+04 7.7147e+00 2.3467e+00
3.7059e+01 9.8986e+04 8.4474e-05 9.3419e-01 9.8986e+04 8.3618e+00 2.3358e+00
3.7451e+01 9.8890e+04 9.1480e-05 9.2965e-01 9.8890e+04 9.0465e+00 2.3245e+00
3.7843e+01 9.8787e+04 9.8893e-05 9.2493e-01 9.8787e+04 9.7694e+00 2.3128e+00
3.8235e+01 9.8678e+04 1.0672e-04 9.2004e-01 9.8678e+04 1.0531e+01 2.3007e+00
3.8627e+01 9.8560e+04 1.1497e-04 9.1499e-01 9.8560e+04 1.1332e+01 2.2881e+00
3.9020e+01 9.8435e+04 1.2365e-04 9.0977e-01 9.8435e+04 1.2172e+01 2.2752e+00
3.9412e+01 9.8302e+04 1.3276e-04 9.0439e-01 9.8302e+04 1.3051e+01 2.2618e+00
3.9804e+01 9.8160e+04 1.4231e-04 8.9887e-01 9.8160e+04 1.3970e+01 2.2482e+00
4.0196e+01 9.8010e+04 1.5230e-04 8.9321e-01 9.8010e+04 1.4927e+01 2.2342e+00
4.0588e+01 9.7852e+04 1.6274e-04 8.8742e-01 9.7852e+04 1.5925e+01 2.2198e+00
4.0980e+01 9.7683e+04 1.7355e-04 8.8148e-01 9.7683e+04 1.6953e+01 2.2052e+00
4.1373e+01 9.7511e+04 1.8502e-04 8.7551e-01 9.7511e+04 1.8041e+01 2.1904e+00
4.1765e+01 9.7313e+04 1.9630e-04 8.6923e-01 9.7313e+04 1.9103e+01 2.1749e+00
4.2157e+01 9.7148e+04 2.0959e-04 8.6339e-01 9.7148e+04 2.0361e+01 2.1606e+00
4.2549e+01 9.6871e+04 2.1952e-04 8.5619e-01 9.6871e+04 2.1265e+01 2.1428e+00
4.2941e+01 9.6816e+04 2.3829e-04 8.5179e-01 9.6816e+04 2.3071e+01 2.1322e+00
4.3333e+01 9.6270e+04 2.3996e-04 8.4140e-01 9.6270e+04 2.3101e+01 2.1063e+00
4.3725e+01 9.6635e+04 2.7538e-04 8.4223e-01 9.6635e+04 2.6611e+01 2.1092e+00
4.4118e+01 9.5388e+04 2.5306e-04 8.2352e-01 9.5388e+04 2.4139e+01 2.0619e+00
4.4510e+01 9.6641e+04 3.2182e-04 8.3513e-01 9.6641e+04 3.1101e+01 2.0928e+00
4.4902e+01 9.4409e+04 2.6537e-04 8.0498e-01 9.4409e+04 2.5053e+01 2.0158e+00
4.5294e+01 9.6319e+04 3.5913e-04 8.2437e-01 9.6319e+04 3.4591e+01 2.0671e+00
4.5686e+01 9.4106e+04 3.0573e-04 7.9524e-01 9.4106e+04 2.8771e+01 1.9925e+00
4.6078e+01 9.5026e+04 3.6460e-04 8.0276e-01 9.5026e+04 3.4646e+01 2.0132e+00
4.6471e+01 9.4366e+04 3.6906e-04 7.9259e-01 9.4366e+04 3.4827e+01 1.9879e+00
4.6863e+01 9.3971e+04 3.8080e-04 7.8474e-01 9.3971e+04 3.5784e+01 1.9687e+00
4.7255e+01 9.3502e+04 3.9341e-04 7.7716e-01 9.3502e+04 3.6785e+01 1.9501e+00
4.7647e+01 9.3879e+04 4.3421e-04 7.7864e-01 9.3879e+04 4.0763e+01 1.9554e+00
4.8039e+01 9.2759e+04 4.2050e-04 7.6278e-01 9.2759e+04 3.9005e+01 1.9151e+00
4.8431e+01 9.1971e+04 4.5466e-04 7.6211e-01 9.1971e+04 4.1815e+01 1.9148e+00
4.8824e+01 9.7184e+04 4.6853e-04 7.5494e-01 9.7184e+04 4.5533e+01 1.8980e+00
4.9216e+01 7.4031e+04 4.9065e-04 7.5145e-01 7.4031e+04 3.6323e+01 1.8875e+00
4.9608e+01 1.2868e+05 5.0410e-04 7.4250e-01 1.2868e+05 6.4869e+01 1.8726e+00
5.0000e+01 8.0035e+04 5.1208e-04 7.3594e-01 8.0035e+04 4.0984e+01 1.8503e+00
5.0392e+01 3.3137e+04 5.3087e-04 7.3383e-01 3.3137e+04 1.7591e+01 1.8392e+00
5.0784e+01 1.4083e+04 5.6133e-04 7.3405e-01 1.4083e+04 7.9052e+00 1.8373e+00
5.1176e+01 8.9018e+03 6.0383e-04 7.3269e-01 8.9018e+03 5.3752e+00 1.8333e+00
5.1569e+01 7.9463e+03 6.4717e-04 7.2837e-01 7.9463e+03 5.1426e+00 1.8226e+00
5.1961e+01 8.3874e+03 7.7635e-04 7.3149e-01 8.3874e+03 6.5115e+00 1.8312e+00
5.2353e+01 9.0156e+03 8.9351e-04 7.3518e-01 9.0156e+03 8.0555e+00 1.8416e+00
5.2745e+01 9.6027e+03 9.1268e-04 7.3092e-01 9.6027e+03 8.7642e+00 1.8313e+00
5.3137e+01 1.0040e+04 9.2383e-04 7.2701e-01 1.0040e+04 9.2751e+00 1.8218e+00
5.3529e+01 1.0471e+04 9.9879e-04 7.3042e-01 1.0471e+04 1.0458e+01 1.8313e+00
5.3922e+01 1.0803e+04 1.0683e-03 7.3404e-01 1.0803e+04 1.1540e+01 1.8413e+00
5.4314e+01 1.1022e+04 1.0766e-03 7.3174e-01 1.1022e+04 1.1866e+01 1.8357e+00
5.4706e+01 1.1161e+04 1.0631e-03 7.2738e-01 1.1161e+04 1.1866e+01 1.8248e+00
5.5098e+01 1.1317e+04 1.0847e-03 7.2705e-01 1.1317e+04 1.2275e+01 1.8243e+00
5.5490e+01 1.1481e+04 1.1362e-03 7.3022e-01 1.1481e+04 1.3044e+01 1.8330e+00
5.5882e+01 1.1614e+04 1.1731e-03 7.3205e-01 1.1614e+04 1.3625e+01 1.8381e+00
5.6275e+01 1.1691e+04 1.1757e-03 7.3031e-01 1.1691e+04 1.3745e+01 1.8338e+00
5.6667e+01 1.1741e+04 1.1648e-03 7.2702e-01 1.1741e+04 1.3676e+01 1.8255e+00
5.7059e+01 1.1807e+04 1.1721e-03 7.2586e-01 1.1807e+04 1.3839e+01 1.8228e+00
5.7451e+01 1.1901e+04 1.2070e-03 7.2787e-01 1.1901e+04 1.4365e+01 1.8283e+00
5.7843e+01 1.1996e+04 1.2483e-03 7.3072e-01 1.1996e+04 1.4975e+01 1.8362e+00
5.8235e+01 1.2064e+04 1.2717e-03 7.3172e-01 1.2064e+04 1.5342e+01 1.8391e+00
5.8627e+01 1.2096e+04 1.2719e-03 7.3021e-01 1.2096e+04 1.5385e+01 1.8353e+00
5.9020e+01 1.2114e+04 1.2628e-03 7.2754e-01 1.2114e+04 1.5297e+01 1.8285e+00
5.9412e+01 1.2146e+04 1.2658e-03 7.2627e-01 1.2146e+04 1.5373e+01 1.8254e+00
5.9804e+01 1.2206e+04 1.2933e-03 7.2784e-01 1.2206e+04 1.5787e+01 1.8298e+00
6.0196e+01 1.2286e+04 1.3370e-03 7.3131e-01 1.2286e+04 1.6427e+01 1.8393e+00
6.0588e+01 1.2361e+04 1.3781e-03 7.3459e-01 1.2361e+04 1.7035e+01 1.8482e+00
6.0980e+01 1.2410e+04 1.4021e-03 7.3600e-01 1.2410e+04 1.7400e+01 1.8522e+00
6.1373e+01 1.2431e+04 1.4062e-03 7.3521e-01 1.2431e+04 1.7481e+01 1.8503e+00
6.1765e+01 1.2436e+04 1.3987e-03 7.3310e-01 1.2436e+04 1.7395e+01 1.8449e+00
6.2157e+01 1.2446e+04 1.3946e-03 7.3121e-01 1.2446e+04 1.7357e+01 1.8401e+00
6.2549e+01 1.2481e+04 1.4099e-03 7.3161e-01 1.2481e+04 1.7597e+01 1.8414e+00
6.2941e+01 1.2549e+04 1.4502e-03 7.3494e-01 1.2549e+04 1.8198e+01 1.8506e+00
6.3333e+01 1.2643e+04 1.5101e-03 7.4060e-01 1.2643e+04 1.9093e+01 1.8659e+00
6.3725e+01 1.2750e+04 1.5787e-03 7.4735e-01 1.2750e+04 2.0128e+01 1.8843e+00
6.4118e+01 1.2853e+04 1.6449e-03 7.5394e-01 1.2853e+04 2.1142e+01 1.9022e+00
6.4510e+01 1.2941e+04 1.7008e-03 7.5940e-01 1.2941e+04 2.2010e+01 1.9172e+00
6.4902e+01 1.3009e+04 1.7425e-03 7.6326e-01 1.3009e+04 2.2668e+01 1.9279e+00
6.5294e+01 1.3057e+04 1.7699e-03 7.6547e-01 1.3057e+04 2.3110e+01 1.9341e+00
6.5686e+01 1.3088e+04 1.7857e-03 7.6633e-01 1.3088e+04 2.3371e+01 1.9367e+00
6.6078e+01 1.3106e+04 1.7932e-03 7.6622e-01 1.3106e+04 2.3502e+01 1.9366e+00
6.6471e+01 1.3117e+04 1.7958e-03 7.6553e-01 1.3117e+04 2.3555e+01 1.9350e+00
6.6863e+01 1.3124e+04 1.7957e-03 7.6455e-01 1.3124e+04 2.3568e+01 1.9325e+00
6.7255e+01 1.3129e+04 1.7946e-03 7.6345e-01 1.3129e+04 2.3562e+01 1.9298e+00
6.7647e+01 1.3134e+04 1.7930e-03 7.6229e-01 1.3134e+04 2.3549e+01 1.9268e+00
6.8039e+01 1.3138e+04 1.7911e-03 7.6108e-01 1.3138e+04 2.3531e+01 1.9238e+00
6.8431e+01 1.3141e+04 1.7889e-03 7.5983e-01 1.3141e+04 2.3508e+01 1.9206e+00
6.8824e+01 1.3145e+04 1.7865e-03 7.5855e-01 1.3145e+04 2.3483e+01 1.9173e+00
6.9216e+01 1.3148e+04 1.7839e-03 7.5723e-01 1.3148e+04 2.3454e+01 1.9140e+00
6.9608e+01 1.3150e+04 1.7811e-03 7.5587e-01 1.3150e+04 2.3422e+01 1.9105e+00
7.0000e+01 1.3153e+04 1.7781e-03 7.5448e-01 1.3153e+04 2.3387e+01 1.9070e+00
7.0392e+01 1.3155e+04 1.7749e-03 7.5305e-01 1.3155e+04 2.3349e+01 1.9034e+00
7.0784e+01 1.3157e+04 1.7715e-03 7.5159e-01 1.3157e+04 2.3308e+01 1.8996e+00
7.1176e+01 1.3159e+04 1.7680e-03 7.5009e-01 1.3159e+04 2.3265e+01 1.8958e+00
7.1569e+01 1.3161e+04 1.7642e-03 7.4855e-01 1.3161e+04 2.3218e+01 1.8919e+00
7.1961e+01 1.3162e+04 1.7603e-03 7.4698e-01 1.3162e+04 2.3169e+01 1.8878e+00
7.2353e+01 1.3163e+04 1.7562e-03 7.4537e-01 1.3163e+04 2.3118e+01 1.8837e+00
7.2745e+01 1.3164e+04 1.7520e-03 7.4372e-01 1.3164e+04 2.3063e+01 1.8795e+00
7.3137e+01 1.3165e+04 1.7475e-03 7.4203e-01 1.3165e+04 2.3006e+01 1.8752e+00
7.3529e+01 1.3166e+04 1.7429e-03 7.4031e-01 1.3166e+04 2.2947e+01 1.8708e+00
7.3922e+01 1.3166e+04 1.7382e-03 7.3854e-01 1.3166e+04 2.2885e+01 1.8662e+00
7.4314e+01 1.3166e+04 1.7332e-03 7.3672e-01 1.3166e+04 2.2821e+01 1.8616e+00
7.4706e+01 1.3167e+04 1.7281e-03 7.3487e-01 1.3167e+04 2.2754e+01 1.8568e+00
7.5098e+01 1.3167e+04 1.7229e-03 7.3296e-01 1.3167e+04 2.2685e+01 1.8519e+00
7.5490e+01 1.3166e+04 1.7175e-03 7.3101e-01 1.3166e+04 2.2613e+01 1.8469e+00
7.5882e+01 1.3166e+04 1.7119e-03 7.2901e-01 1.3166e+04 2.2539e+01 1.8418e+00
7.6275e+01 1.3165e+04 1.7062e-03 7.2695e-01 1.3165e+04 2.2463e+01 1.8365e+00
7.6667e+01 1.3165e+04 1.7004e-03 7.2482e-01 1.3165e+04 2.2385e+01 1.8311e+00
7.7059e+01 1.3164e+04 1.6944e-03 7.2264e-01 1.3164e+04 2.2305e+01 1.8255e+00
7.7451e+01 1.3163e+04 1.6883e-03 7.2038e-01 1.3163e+04 2.2223e+01 1.8197e+00
7.7843e+01 1.3162e+04 1.6821e-03 7.1804e-01 1.3162e+04 2.2140e+01 1.8137e+00
7.8235e+01 1.3160e+04 1.6759e-03 7.1561e-01 1.3160e+04 2.2055e+01 1.8075e+00
7.8627e+01 1.3159e+04 1.6695e-03 7.1309e-01 1.3159e+04 2.1969e+01 1.8011e+00
7.9020e+01 1.3157e+04 1.6632e-03 7.1045e-01 1.3157e+04 2.1882e+01 1.7943e+00
7.9412e+01 1.3155e+04 1.6568e-03 7.0769e-01 1.3155e+04 2.1795e+01 1.7873e+00
7.9804e+01 1.3152e+04 1.6504e-03 7.0480e-01 1.3152e+04 2.1707e+01 1.7799e+00
8.0196e+01 1.3150e+04 1.6441e-03 7.0177e-01 1.3150e+04 2.1620e+01 1.7722e+00
8.0588e+01 1.3147e+04 1.6379e-03 6.9857e-01 1.3147e+04 2.1534e+01 1.7641e+00
8.0980e+01 1.3144e+04 1.6318e-03 6.9519e-01 1.3144e+04 2.1449e+01 1.7555e+00
8.1373e+01 1.3141e+04 1.6259e-03 6.9163e-01 1.3141e+04 2.1366e+01 1.7464e+00
8.1765e+01 1.3138e+04 1.6201e-03 6.8786e-01 1.3138e+04 2.1284e+01 1.7369e+00
8.2157e+01 1.3134e+04 1.6146e-03 6.8387e-01 1.3134e+04 2.1206e+01 1.7268e+00
8.2549e+01 1.3130e+04 1.6094e-03 6.7965e-01 1.3130e+04 2.1130e+01 1.7161e+00
8.2941e+01 1.3125e+04 1.6045e-03 6.7518e-01 1.3125e+04 2.1059e+01 1.7048e+00
8.3333e+01 1.3120e+04 1.5999e-03 6.7046e-01 1.3120e+04 2.0991e+01 1.6930e+00
8.3725e+01 1.3115e+04 1.5957e-03 6.6548e-01 1.3115e+04 2.0928e+01 1.6804e+00
8.4118e+01 1.3109e+04 1.5920e-03 6.6023e-01 1.3109e+04 2.0870e+01 1.6672e+00
8.4510e+01 1.3103e+04 1.5887e-03 6.5469e-01 1.3103e+04 2.0817e+01 1.6533e+00
8.4902e+01 1.3097e+04 1.5859e-03 6.4887e-01 1.3097e+04 2.0770e+01 1.6386e+00
8.5294e+01 1.3090e+04 1.5836e-03 6.4276e-01 1.3090e+04 2.0729e+01 1.6233e+00
8.5686e+01 1.3082e+04 1.5818e-03 6.3635e-01 1.3082e+04 2.0694e+01 1.6072e+00
8.6078e+01 1.3075e+04 1.5806e-03 6.2965e-01 1.3075e+04 2.0666e+01 1.5904e+00
8.6471e+01 1.3066e+04 1.5800e-03 6.2264e-01 1.3066e+04 2.0644e+01 1.5729e+00
8.6863e+01 1.3057e+04 1.5800e-03 6.1533e-01 1.3057e+04 2.0630e+01 1.5546e+00
8.7255e+01 1.3048e+04 1.5805e-03 6.0770e-01 1.3048e+04 2.0623e+01 1.5356e+00
8.7647e+01 1.3038e+04 1.5818e-03 5.9976e-01 1.3038e+04 2.0624e+01 1.5157e+00
8.8039e+01 1.3028e+04 1.5837e-03 5.9150e-01 1.3028e+04 2.0633e+01 1.4951e+00
8.8431e+01 1.3017e+04 1.5863e-03 5.8291e-01 1.3017e+04 2.0649e+01 1.4736e+00
8.8824e+01 1.3006e+04 1.5896e-03 5.7400e-01 1.3006e+04 2.0674e+01 1.4514e+00
8.9216e+01 1.2994e+04 1.5936e-03 5.6477e-01 1.2994e+04 2.0706e+01 1.4284e+00
8.9608e+01 1.2981e+04 1.5982e-03 5.5524e-01 1.2981e+04 2.0746e+01 1.4047e+00
9.0000e+01 1.2969e+04 1.6033e-03 5.4543e-01 1.2969e+04 2.0793e+01 1.3803e+00
9.0392e+01 1.2956e+04 1.6090e-03 5.3537e-01 1.2956e+04 2.0845e+01 1.3552e+00
9.0784e+01 1.2942e+04 1.6150e-03 5.2510e-01 1.2942e+04 2.0901e+01 1.3296e+00
9.1176e+01 1.2929e+04 1.6211e-03 5.1471e-01 1.2929e+04 2.0958e+01 1.3038e+00
9.1569e+01 1.2915e+04 1.6270e-03 5.0427e-01 1.2915e+04 2.1013e+01 1.2778e+00
9.1961e+01 1.2902e+04 1.6323e-03 4.9396e-01 1.2902e+04 2.1060e+01 1.2521e+00
9.2353e+01 1.2889e+04 1.6364e-03 4.8396e-01 1.2889e+04 2.1092e+01 1.2272e+00
9.2745e+01 1.2878e+04 1.6383e-03 4.7460e-01 1.2878e+04 2.1097e+01 1.2038e+00
9.3137e+01 1.2868e+04 1.6368e-03 4.6631e-01 1.2868e+04 2.1062e+01 1.1830e+00
9.3529e+01 1.2861e+04 1.6303e-03 4.5966e-01 1.2861e+04 2.0967e+01 1.1662e+00
9.3922e+01 1.2856e+04 1.6178e-03 4.5504e-01 1.2856e+04 2.0799e+01 1.1544e+00
9.4314e+01 1.2855e+04 1.5995e-03 4.5258e-01 1.2855e+04 2.0562e+01 1.1479e+00
9.4706e+01 1.2855e+04 1.5753e-03 4.5192e-01 1.2855e+04 2.0250e+01 1.1457e+00
9.5098e+01 1.2859e+04 1.5490e-03 4.5321e-01 1.2859e+04 1.9919e+01 1.1484e+00
9.5490e+01 1.2858e+04 1.5150e-03 4.5508e-01 1.2858e+04 1.9479e+01 1.1524e+00
9.5882e+01 1.2871e+04 1.4885e-03 4.6005e-01 1.2871e+04 1.9158e+01 1.1644e+00
9.6275e+01 1.2852e+04 1.4389e-03 4.6257e-01 1.2852e+04 1.8494e+01 1.1697e+00
9.6667e+01 1.2899e+04 1.4281e-03 4.7364e-01 1.2899e+04 1.8421e+01 1.1973e+00
9.7059e+01 1.2812e+04 1.3399e-03 4.7198e-01 1.2812e+04 1.7166e+01 1.1915e+00
9.7451e+01 1.2977e+04 1.3947e-03 4.9629e-01 1.2977e+04 1.8099e+01 1.2534e+00
9.7843e+01 1.2552e+04 1.2008e-03 4.7535e-01 1.2552e+04 1.5072e+01 1.1974e+00
9.8235e+01 1.3202e+04 1.5727e-03 5.2508e-01 1.3202e+04 2.0764e+01 1.3290e+00
9.8627e+01 1.1412e+04 1.0146e-03 4.3668e-01 1.1412e+04 1.1578e+01 1.0976e+00
9.9020e+01 1.3856e+04 2.2979e-03 5.3543e-01 1.3856e+04 3.1839e+01 1.3751e+00
9.9412e+01 7.1127e+03 7.8806e-04 3.1410e-01 7.1127e+03 5.6052e+00 7.8746e-01
9.9804e+01 1.7163e+04 3.6259e-03 4.3857e-01 1.7163e+04 6.2231e+01 1.2092e+00
