# # x Density Velocity Pressure q0 q1 q2
1.9608e-01 1.0000e+05 0.0000e+00 1.0000e+00 1.0000e+05 0.0000e+00 2.5000e+00
5.8824e-01 1.0000e+05 0.0000e+00 1.0000e+00 1.0000e+05 0.0000e+00 2.5000e+00
9.8039e-01 1.0000e+05 0.0000e+00 1.0000e+00 1.0000e+05 0.0000e+00 2.5000e+00
1.3725e+00 1.0000e+05 0.0000e+00 1.0000e+00 1.0000e+05 0.0000e+00 2.5000e+00
1.7647e+00 1.0000e+05 0.0000e+00 1.0000e+00 1.0000e+05 0.0000e+00 2.5000e+00
2.1569e+00 1.0000e+05 0.0000e+00 1.0000e+00 1.0000e+05 0.0000e+00 2.5000e+00
2.5490e+00 1.0000e+05 0.0000e+00 1.0000e+00 1.0000e+05 0.0000e+00 2.5000e+00
2.9412e+00 1.0000e+05 0.0000e+00 1.0000e+00 1.0000e+05 0.0000e+00 2.5000e+00
3.3333e+00 1.0000e+05 0.0000e+00 1.0000e+00 1.0000e+05 0.0000e+00 2.5000e+00
3.7255e+00 1.0000e+05 0.0000e+00 1.0000e+00 1.0000e+05 0.0000e+00 2.5000e+00
4.1176e+00 1.0000e+05 0.0000e+00 1.0000e+00 1.0000e+05 0.0000e+00 2.5000e+00
4.5098e+00 1.0000e+05 0.0000e+00 1.0000e+00 1.0000e+05 0.0000e+00 2.5000e+00
4.9020e+00 1.0000e+05 0.0000e+00 1.0000e+00 1.0000e+05 0.0000e+00 2.5000e+00
5.2941e+00 1.0000e+05 0.0000e+00 1.0000e+00 1.0000e+05 0.0000e+00 2.5000e+00
5.6863e+00 1.0000e+05 0.0000e+00 1.0000e+00 1.0000e+05 0.0000e+00 2.5000e+00
6.0784e+00 1.0000e+05 0.0000e+00 1.0000e+00 1.0000e+05 0.0000e+00 2.5000e+00
6.4706e+00 1.0000e+05 0.0000e+00 1.0000e+00 1.0000e+05 0.0000e+00 2.5000e+00
6.8627e+00 1.0000e+05 0.0000e+00 1.0000e+00 1.0000e+05 0.0000e+00 2.5000e+00
7.2549e+00 1.0000e+05 0.0000e+00 1.0000e+00 1.0000e+05 0.0000e+00 2.5000e+00
7.6471e+00 1.0000e+05 0.0000e+00 1.0000e+00 1.0000e+05 0.0000e+00 2.5000e+00
8.0392e+00 1.0000e+05 0.0000e+00 1.0000e+00 1.0000e+05 0.0000e+00 2.5000e+00
8.4314e+00 1.0000e+05 0.0000e+00 1.0000e+00 1.0000e+05 0.0000e+00 2.5000e+00
8.8235e+00 1.0000e+05 0.0000e+00 1.0000e+00 1.0000e+05 0.0000e+00 2.5000e+00
9.2157e+00 1.0000e+05 0.0000e+00 1.0000e+00 1.0000e+05 0.0000e+00 2.5000e+00
9.6078e+00 1.0000e+05 0.0000e+00 1.0000e+00 1.0000e+05 0.0000e+00 2.5000e+00
1.0000e+01 1.0000e+05 0.0000e+00 1.0000e+00 1.0000e+05 0.0000e+00 2.5000e+00
1.0392e+01 1.0000e+05 0.0000e+00 1.0000e+00 1.0000e+05 0.0000e+00 2.5000e+00
1.0784e+01 1.0000e+05 0.0000e+00 1.0000e+00 1.0000e+05 0.0000e+00 2.5000e+00
1.1176e+01 1.0000e+05 0.0000e+00 1.0000e+00 1.0000e+05 0.0000e+00 2.5000e+00
1.1569e+01 1.0000e+05 0.0000e+00 1.0000e+00 1.0000e+05 0.0000e+00 2.5000e+00
1.1961e+01 1.0000e+05 0.0000e+00 1.0000e+00 1.0000e+05 0.0000e+00 2.5000e+00
1.2353e+01 1.0000e+05 0.0000e+00 1.0000e+00 1.0000e+05 0.0000e+00 2.5000e+00
1.2745e+01 1.0000e+05 0.0000e+00 1.0000e+00 1.0000e+05 0.0000e+00 2.5000e+00
1.3137e+01 1.0000e+05 0.0000e+00 1.0000e+00 1.0000e+05 0.0000e+00 2.5000e+00
1.3529e+01 1.0000e+05 0.0000e+00 1.0000e+00 1.0000e+05 0.0000e+00 2.5000e+00
1.3922e+01 1.0000e+05 0.0000e+00 1.0000e+00 1.0000e+05 0.0000e+00 2.5000e+00
1.4314e+01 1.0000e+05 0.0000e+00 1.0000e+00 1.0000e+05 0.0000e+00 2.5000e+00
1.4706e+01 1.0000e+05 0.0000e+00 1.0000e+00 1.0000e+05 0.0000e+00 2.5000e+00
1.5098e+01 1.0000e+05 0.0000e+00 1.0000e+00 1.0000e+05 0.0000e+00 2.5000e+00
1.5490e+01 1.0000e+05 0.0000e+00 1.0000e+00 1.0000e+05 0.0000e+00 2.5000e+00
1.5882e+01 1.0000e+05 0.0000e+00 1.0000e+00 1.0000e+05 0.0000e+00 2.5000e+00
1.6275e+01 1.0000e+05 0.0000e+00 1.0000e+00 1.0000e+05 0.0000e+00 2.5000e+00
1.6667e+01 1.0000e+05 0.0000e+00 1.0000e+00 1.0000e+05 0.0000e+00 2.5000e+00
1.7059e+01 1.0000e+05 0.0000e+00 1.0000e+00 1.0000e+05 0.0000e+00 2.5000e+00
1.7451e+01 1.0000e+05 0.0000e+00 1.0000e+00 1.0000e+05 0.0000e+00 2.5000e+00
1.7843e+01 1.0000e+05 0.0000e+00 1.0000e+00 1.0000e+05 0.0000e+00 2.5000e+00
1.8235e+01 1.0000e+05 0.0000e+00 1.0000e+00 1.0000e+05 0.0000e+00 2.5000e+00
1.8627e+01 1.0000e+05 0.0000e+00 1.0000e+00 1.0000e+05 0.0000e+00 2.5000e+00
1.9020e+01 1.0000e+05 0.0000e+00 1.0000e+00 1.0000e+05 0.0000e+00 2.5000e+00
1.9412e+01 1.0000e+05 0.0000e+00 1.0000e+00 1.0000e+05 0.0000e+00 2.5000e+00
1.9804e+01 1.0000e+05 0.0000e+00 1.0000e+00 1.0000e+05 0.0000e+00 2.5000e+00
2.0196e+01 1.0000e+05 0.0000e+00 1.0000e+00 1.0000e+05 0.0000e+00 2.5000e+00
2.0588e+01 1.0000e+05 0.0000e+00 1.0000e+00 1.0000e+05 0.0000e+00 2.5000e+00
2.0980e+01 1.0000e+05 0.0000e+00 1.0000e+00 1.0000e+05 0.0000e+00 2.5000e+00
2.1373e+01 1.0000e+05 0.0000e+00 1.0000e+00 1.0000e+05 0.0000e+00 2.5000e+00
2.1765e+01 1.0000e+05 0.0000e+00 1.0000e+00 1.0000e+05 0.0000e+00 2.5000e+00
2.2157e+01 1.0000e+05 0.0000e+00 1.0000e+00 1.0000e+05 0.0000e+00 2.5000e+00
2.2549e+01 1.0000e+05 0.0000e+00 1.0000e+00 1.0000e+05 0.0000e+00 2.5000e+00
2.2941e+01 1.0000e+05 0.0000e+00 1.0000e+00 1.0000e+05 0.0000e+00 2.5000e+00
2.3333e+01 1.0000e+05 0.0000e+00 1.0000e+00 1.0000e+05 0.0000e+00 2.5000e+00
2.3725e+01 1.0000e+05 0.0000e+00 1.0000e+00 1.0000e+05 0.0000e+00 2.5000e+00
2.4118e+01 1.0000e+05 0.0000e+00 1.0000e+00 1.0000e+05 0.0000e+00 2.5000e+00
2.4510e+01 1.0000e+05 0.0000e+00 1.0000e+00 1.0000e+05 0.0000e+00 2.5000e+00
2.4902e+01 1.0000e+05 0.0000e+00 1.0000e+00 1.0000e+05 0.0000e+00 2.5000e+00
2.5294e+01 1.0000e+05 0.0000e+00 1.0000e+00 1.0000e+05 0.0000e+00 2.5000e+00
2.5686e+01 1.0000e+05 0.0000e+00 1.0000e+00 1.0000e+05 0.0000e+00 2.5000e+00
2.6078e+01 1.0000e+05 0.0000e+00 1.0000e+00 1.0000e+05 0.0000e+00 2.5000e+00
2.6471e+01 1.0000e+05 0.0000e+00 1.0000e+00 1.0000e+05 0.0000e+00 2.5000e+00
2.6863e+01 1.0000e+05 0.0000e+00 1.0000e+00 1.0000e+05 0.0000e+00 2.5000e+00
2.7255e+01 1.0000e+05 0.0000e+00 1.0000e+00 1.0000e+05 0.0000e+00 2.5000e+00
2.7647e+01 1.0000e+05 0.0000e+00 1.0000e+00 1.0000e+05 0.0000e+00 2.5000e+00
2.8039e+01 1.0000e+05 0.0000e+00 1.0000e+00 1.0000e+05 0.0000e+00 2.5000e+00
2.8431e+01 1.0000e+05 7.3608e-21 1.0000e+00 1.0000e+05 7.3608e-16 2.5000e+00
2.8824e+01 1.0000e+05 2.8169e-19 1.0000e+00 1.0000e+05 2.8169e-14 2.5000e+00
2.9216e+01 1.0000e+05 1.3586e-18 1.0000e+00 1.0000e+05 1.3586e-13 2.5000e+00
2.9608e+01 1.0000e+05 3.8016e-18 1.0000e+00 1.0000e+05 3.8016e-13 2.5000e+00
3.0000e+01 1.0000e+05 9.6749e-18 1.0000e+00 1.0000e+05 9.6749e-13 2.5000e+00
3.0392e+01 1.0000e+05 2.5744e-17 1.0000e+00 1.0000e+05 2.5744e-12 2.5000e+00
3.0784e+01 1.0000e+05 7.0689e-17 1.0000e+00 1.0000e+05 7.0689e-12 2.5000e+00
3.1176e+01 1.0000e+05 1.9495e-16 1.0000e+00 1.0000e+05 1.9495e-11 2.5000e+00
3.1569e+01 1.0000e+05 5.3418e-16 1.0000e+00 1.0000e+05 5.3418e-11 2.5000e+00
3.1961e+01 1.0000e+05 1.4456e-15 1.0000e+00 1.0000e+05 1.4456e-10 2.5000e+00
3.2353e+01 1.0000e+05 3.8536e-15 1.0000e+00 1.0000e+05 3.8536e-10 2.5000e+00
3.2745e+01 1.0000e+05 1.0109e-14 1.0000e+00 1.0000e+05 1.0109e-09 2.5000e+00
3.3137e+01 1.0000e+05 2.6086e-14 1.0000e+00 1.0000e+05 2.6086e-09 2.5000e+00
3.3529e+01 1.0000e+05 6.6195e-14 1.0000e+00 1.0000e+05 6.6195e-09 2.5000e+00
3.3922e+01 1.0000e+05 1.6515e-13 1.0000e+00 1.0000e+05 1.6515e-08 2.5000e+00
3.4314e+01 1.0000e+05 4.0505e-13 1.0000e+00 1.0000e+05 4.0505e-08 2.5000e+00
3.4706e+01 1.0000e+05 9.7633e-13 1.0000e+00 1.0000e+05 9.7633e-08 2.5000e+00
3.5098e+01 1.0000e+05 2.3125e-12 1.0000e+00 1.0000e+05 2.3125e-07 2.5000e+00
3.5490e+01 1.0000e+05 5.3815e-12 1.0000e+00 1.0000e+05 5.3815e-07 2.5000e+00
3.5882e+01 1.0000e+05 1.2301e-11 1.0000e+00 1.0000e+05 1.2301e-06 2.5000e+00
3.6275e+01 1.0000e+05 2.7617e-11 1.0000e+00 1.0000e+05 2.7617e-06 2.5000e+00
3.6667e+01 1.0000e+05 6.0879e-11 1.0000e+00 1.0000e+05 6.0879e-06 2.5000e+00
3.7059e+01 1.0000e+05 1.3176e-10 1.0000e+00 1.0000e+05 1.3176e-05 2.5000e+00
3.7451e+01 1.0000e+05 2.7991e-10 1.0000e+00 1.0000e+05 2.7991e-05 2.5000e+00
3.7843e+01 1.0000e+05 5.8360e-10 1.0000e+00 1.0000e+05 5.8360e-05 2.5000e+00
3.8235e+01 1.0000e+05 1.1940e-09 9.9999e-01 1.0000e+05 1.1940e-04 2.5000e+00
3.8627e+01 1.0000e+05 2.3965e-09 9.9999e-01 1.0000e+05 2.3965e-04 2.5000e+00
3.9020e+01 1.0000e+05 4.7185e-09 9.9998e-01 1.0000e+05 4.7185e-04 2.5000e+00
3.9412e+01 1.0000e+05 9.1116e-09 9.9996e-01 1.0000e+05 9.1116e-04 2.4999e+00
3.9804e+01 1.0000e+05 1.7254e-08 9.9994e-01 1.0000e+05 1.7254e-03 2.4998e+00
4.0196e+01 1.0000e+05 3.2035e-08 9.9988e-01 1.0000e+05 3.2035e-03 2.4997e+00
4.0588e+01 1.0000e+05 5.8309e-08 9.9979e-01 1.0000e+05 5.8309e-03 2.4995e+00
4.0980e+01 1.0000e+05 1.0403e-07 9.9964e-01 1.0000e+05 1.0403e-02 2.4991e+00
4.1373e+01 9.9999e+04 1.8192e-07 9.9940e-01 9.9999e+04 1.8192e-02 2.4985e+00
4.1765e+01 9.9999e+04 3.1174e-07 9.9900e-01 9.9999e+04 3.1174e-02 2.4975e+00
4.2157e+01 9.9998e+04 5.2348e-07 9.9838e-01 9.9998e+04 5.2347e-02 2.4959e+00
4.2549e+01 9.9997e+04 8.6127e-07 9.9743e-01 9.9997e+04 8.6125e-02 2.4936e+00
4.2941e+01 9.9995e+04 1.3883e-06 9.9601e-01 9.9995e+04 1.3883e-01 2.4900e+00
4.3333e+01 9.9992e+04 2.1925e-06 9.9395e-01 9.9992e+04 2.1923e-01 2.4849e+00
4.3725e+01 9.9987e+04 3.3920e-06 9.9103e-01 9.9987e+04 3.3916e-01 2.4776e+00
4.4118e+01 9.9980e+04 5.1411e-06 9.8698e-01 9.9980e+04 5.1401e-01 2.4675e+00
4.4510e+01 9.9969e+04 7.6336e-06 9.8154e-01 9.9969e+04 7.6313e-01 2.4539e+00
4.4902e+01 9.9953e+04 1.1105e-05 9.7441e-01 9.9953e+04 1.1100e+00 2.4360e+00
4.5294e+01 9.9931e+04 1.5828e-05 9.6533e-01 9.9931e+04 1.5817e+00 2.4133e+00
4.5686e+01 9.9899e+04 2.2106e-05 9.5407e-01 9.9899e+04 2.2084e+00 2.3852e+00
4.6078e+01 9.9856e+04 3.0260e-05 9.4053e-01 9.9856e+04 3.0216e+00 2.3514e+00
4.6471e+01 9.9798e+04 4.0602e-05 9.2473e-01 9.9798e+04 4.0520e+00 2.3119e+00
4.6863e+01 9.9722e+04 5.3412e-05 9.0689e-01 9.9722e+04 5.3264e+00 2.2674e+00
4.7255e+01 9.9624e+04 6.8899e-05 8.8746e-01 9.9624e+04 6.8640e+00 2.2189e+00
4.7647e+01 9.9500e+04 8.7208e-05 8.6719e-01 9.9500e+04 8.6772e+00 2.1684e+00
4.8039e+01 9.9337e+04 1.0787e-04 8.4707e-01 9.9337e+04 1.0716e+01 2.1183e+00
4.8431e+01 9.9219e+04 1.3369e-04 8.2974e-01 9.9219e+04 1.3265e+01 2.0752e+00
4.8824e+01 9.8587e+04 1.4491e-04 8.1062e-01 9.8587e+04 1.4286e+01 2.0276e+00
4.9216e+01 9.9834e+04 2.2660e-04 8.2036e-01 9.9834e+04 2.2622e+01 2.0535e+00
4.9608e+01 1.0166e+05 1.4521e-04 7.7972e-01 1.0166e+05 1.4761e+01 1.9504e+00
5.0000e+01 1.2791e+04 1.8112e-04 7.5446e-01 1.2791e+04 2.3167e+00 1.8864e+00
5.0392e+01 1.1559e+04 5.5100e-04 7.6187e-01 1.1559e+04 6.3691e+00 1.9064e+00
5.0784e+01 1.2285e+04 1.0348e-03 7.9210e-01 1.2285e+04 1.2713e+01 1.9868e+00
5.1176e+01 1.2707e+04 1.1169e-03 7.8489e-01 1.2707e+04 1.4192e+01 1.9701e+00
5.1569e+01 1.2717e+04 1.1555e-03 7.7817e-01 1.2717e+04 1.4694e+01 1.9539e+00
5.1961e+01 1.2773e+04 1.0962e-03 7.6250e-01 1.2773e+04 1.4002e+01 1.9139e+00
5.2353e+01 1.2729e+04 1.1053e-03 7.5325e-01 1.2729e+04 1.4070e+01 1.8909e+00
5.2745e+01 1.2761e+04 1.0561e-03 7.3783e-01 1.2761e+04 1.3476e+01 1.8517e+00
5.3137e+01 1.2732e+04 1.0488e-03 7.2529e-01 1.2732e+04 1.3353e+01 1.8202e+00
5.3529e+01 1.2745e+04 1.0050e-03 7.0877e-01 1.2745e+04 1.2809e+01 1.7784e+00
5.3922e+01 1.2726e+04 9.8435e-04 6.9282e-01 1.2726e+04 1.2527e+01 1.7382e+00
5.4314e+01 1.2728e+04 9.4224e-04 6.7416e-01 1.2728e+04 1.1993e+01 1.6910e+00
5.4706e+01 1.2714e+04 9.1108e-04 6.5473e-01 1.2714e+04 1.1583e+01 1.6421e+00
5.5098e+01 1.2709e+04 8.6755e-04 6.3314e-01 1.2709e+04 1.1025e+01 1.5876e+00
5.5490e+01 1.2696e+04 8.2787e-04 6.1000e-01 1.2696e+04 1.0511e+01 1.5294e+00
5.5882e+01 1.2687e+04 7.8071e-04 5.8478e-01 1.2687e+04 9.9047e+00 1.4658e+00
5.6275e+01 1.2674e+04 7.3348e-04 5.5750e-01 1.2674e+04 9.2961e+00 1.3972e+00
5.6667e+01 1.2662e+04 6.8107e-04 5.2792e-01 1.2662e+04 8.6237e+00 1.3227e+00
5.7059e+01 1.2648e+04 6.2647e-04 4.9583e-01 1.2648e+04 7.9237e+00 1.2421e+00
5.7451e+01 1.2634e+04 5.6748e-04 4.6102e-01 1.2634e+04 7.1695e+00 1.1546e+00
5.7843e+01 1.2618e+04 5.0503e-04 4.2315e-01 1.2618e+04 6.3727e+00 1.0595e+00
5.8235e+01 1.2602e+04 4.3810e-04 3.8192e-01 1.2602e+04 5.5211e+00 9.5600e-01
5.8627e+01 1.2585e+04 3.6683e-04 3.3693e-01 1.2585e+04 4.6166e+00 8.4317e-01
5.9020e+01 1.2567e+04 2.9143e-04 2.8828e-01 1.2567e+04 3.6625e+00 7.2124e-01
5.9412e+01 1.2549e+04 2.1439e-04 2.3747e-01 1.2549e+04 2.6904e+00 5.9397e-01
5.9804e+01 1.2533e+04 1.4155e-04 1.8893e-01 1.2533e+04 1.7740e+00 4.7244e-01
6.0196e+01 1.2519e+04 8.1397e-05 1.4931e-01 1.2519e+04 1.0190e+00 3.7333e-01
6.0588e+01 1.2510e+04 4.0096e-05 1.2319e-01 1.2510e+04 5.0159e-01 3.0799e-01
6.0980e+01 1.2504e+04 1.7058e-05 1.0945e-01 1.2504e+04 2.1329e-01 2.7363e-01
6.1373e+01 1.2502e+04 6.4749e-06 1.0349e-01 1.2502e+04 8.0947e-02 2.5872e-01
6.1765e+01 1.2501e+04 2.2871e-06 1.0122e-01 1.2501e+04 2.8590e-02 2.5304e-01
6.2157e+01 1.2500e+04 7.7715e-07 1.0041e-01 1.2500e+04 9.7146e-03 2.5103e-01
6.2549e+01 1.2500e+04 2.5880e-07 1.0014e-01 1.2500e+04 3.2351e-03 2.5034e-01
6.2941e+01 1.2500e+04 8.5147e-08 1.0005e-01 1.2500e+04 1.0643e-03 2.5011e-01
6.3333e+01 1.2500e+04 2.7758e-08 1.0001e-01 1.2500e+04 3.4697e-04 2.5004e-01
6.3725e+01 1.2500e+04 8.9749e-09 1.0000e-01 1.2500e+04 1.1219e-04 2.5001e-01
6.4118e+01 1.2500e+04 2.8788e-09 1.0000e-01 1.2500e+04 3.5984e-05 2.5000e-01
6.4510e+01 1.2500e+04 9.1604e-10 1.0000e-01 1.2500e+04 1.1450e-05 2.5000e-01
6.4902e+01 1.2500e+04 2.8915e-10 1.0000e-01 1.2500e+04 3.6143e-06 2.5000e-01
6.5294e+01 1.2500e+04 9.0525e-11 1.0000e-01 1.2500e+04 1.1316e-06 2.5000e-01
6.5686e+01 1.2500e+04 2.8107e-11 1.0000e-01 1.2500e+04 3.5133e-07 2.5000e-01
6.6078e+01 1.2500e+04 8.6535e-12 1.0000e-01 1.2500e+04 1.0817e-07 2.5000e-01
6.6471e+01 1.2500e+04 2.6416e-12 1.0000e-01 1.2500e+04 3.3020e-08 2.5000e-01
6.6863e+01 1.2500e+04 7.9939e-13 1.0000e-01 1.2500e+04 9.9924e-09 2.5000e-01
6.7255e+01 1.2500e+04 2.3979e-13 1.0000e-01 1.2500e+04 2.9974e-09 2.5000e-01
6.7647e+01 1.2500e+04 7.1290e-14 1.0000e-01 1.2500e+04 8.9112e-10 2.5000e-01
6.8039e+01 1.2500e+04 2.1003e-14 1.0000e-01 1.2500e+04 2.6254e-10 2.5000e-01
6.8431e+01 1.2500e+04 6.1307e-15 1.0000e-01 1.2500e+04 7.6634e-11 2.5000e-01
6.8824e+01 1.2500e+04 1.7724e-15 1.0000e-01 1.2500e+04 2.2155e-11 2.5000e-01
6.9216e+01 1.2500e+04 5.0697e-16 1.0000e-01 1.2500e+04 6.3372e-12 2.5000e-01
6.9608e+01 1.2500e+04 1.4297e-16 1.0000e-01 1.2500e+04 1.7871e-12 2.5000e-01
7.0000e+01 1.2500e+04 3.9301e-17 1.0000e-01 1.2500e+04 4.9126e-13 2.5000e-01
7.0392e+01 1.2500e+04 1.0216e-17 1.0000e-01 1.2500e+04 1.2770e-13 2.5000e-01
7.0784e+01 1.2500e+04 2.1762e-18 1.0000e-01 1.2500e+04 2.7203e-14 2.5000e-01
7.1176e+01 1.2500e+04 1.9053e-19 1.0000e-01 1.2500e+04 2.3816e-15 2.5000e-01
7.1569e+01 1.2500e+04 1.1324e-21 1.0000e-01 1.2500e+04 1.4155e-17 2.5000e-01
7.1961e+01 1.2500e+04 0.0000e+00 1.0000e-01 1.2500e+04 0.0000e+00 2.5000e-01
7.2353e+01 1.2500e+04 0.0000e+00 1.0000e-01 1.2500e+04 0.0000e+00 2.5000e-01
7.2745e+01 1.2500e+04 0.0000e+00 1.0000e-01 1.2500e+04 0.0000e+00 2.5000e-01
7.3137e+01 1.2500e+04 0.0000e+00 1.0000e-01 1.2500e+04 0.0000e+00 2.5000e-01
7.3529e+01 1.2500e+04 0.0000e+00 1.0000e-01 1.2500e+04 0.0000e+00 2.5000e-01
7.3922e+01 1.2500e+04 0.0000e+00 1.0000e-01 1.2500e+04 0.0000e+00 2.5000e-01
7.4314e+01 1.2500e+04 0.0000e+00 1.0000e-01 1.2500e+04 0.0000e+00 2.5000e-01
7.4706e+01 1.2500e+04 0.0000e+00 1.0000e-01 1.2500e+04 0.0000e+00 2.5000e-01
7.5098e+01 1.2500e+04 0.0000e+00 1.0000e-01 1.2500e+04 0.0000e+00 2.5000e-01
7.5490e+01 1.2500e+04 0.0000e+00 1.0000e-01 1.2500e+04 0.0000e+00 2.5000e-01
7.5882e+01 1.2500e+04 0.0000e+00 1.0000e-01 1.2500e+04 0.0000e+00 2.5000e-01
7.6275e+01 1.2500e+04 0.0000e+00 1.0000e-01 1.2500e+04 0.0000e+00 2.5000e-01
7.6667e+01 1.2500e+04 0.0000e+00 1.0000e-01 1.2500e+04 0.0000e+00 2.5000e-01
7.7059e+01 1.2500e+04 0.0000e+00 1.0000e-01 1.2500e+04 0.0000e+00 2.5000e-01
7.7451e+01 1.2500e+04 0.0000e+00 1.0000e-01 1.2500e+04 0.0000e+00 2.5000e-01
7.7843e+01 1.2500e+04 0.0000e+00 1.0000e-01 1.2500e+04 0.0000e+00 2.5000e-01
7.8235e+01 1.2500e+04 0.0000e+00 1.0000e-01 1.2500e+04 0.0000e+00 2.5000e-01
7.8627e+01 1.2500e+04 0.0000e+00 1.0000e-01 1.2500e+04 0.0000e+00 2.5000e-01
7.9020e+01 1.2500e+04 0.0000e+00 1.0000e-01 1.2500e+04 0.0000e+00 2.5000e-01
7.9412e+01 1.2500e+04 0.0000e+00 1.0000e-01 1.2500e+04 0.0000e+00 2.5000e-01
7.9804e+01 1.2500e+04 0.0000e+00 1.0000e-01 1.2500e+04 0.0000e+00 2.5000e-01
8.0196e+01 1.2500e+04 0.0000e+00 1.0000e-01 1.2500e+04 0.0000e+00 2.5000e-01
8.0588e+01 1.2500e+04 0.0000e+00 1.0000e-01 1.2500e+04 0.0000e+00 2.5000e-01
8.0980e+01 1.2500e+04 0.0000e+00 1.0000e-01 1.2500e+04 0.0000e+00 2.5000e-01
8.1373e+01 1.2500e+04 0.0000e+00 1.0000e-01 1.2500e+04 0.0000e+00 2.5000e-01
8.1765e+01 1.2500e+04 0.0000e+00 1.0000e-01 1.2500e+04 0.0000e+00 2.5000e-01
8.2157e+01 1.2500e+04 0.0000e+00 1.0000e-01 1.2500e+04 0.0000e+00 2.5000e-01
8.2549e+01 1.2500e+04 0.0000e+00 1.0000e-01 1.2500e+04 0.0000e+00 2.5000e-01
8.2941e+01 1.2500e+04 0.0000e+00 1.0000e-01 1.2500e+04 0.0000e+00 2.5000e-01
8.3333e+01 1.2500e+04 0.0000e+00 1.0000e-01 1.2500e+04 0.0000e+00 2.5000e-01
8.3725e+01 1.2500e+04 0.0000e+00 1.0000e-01 1.2500e+04 0.0000e+00 2.5000e-01
8.4118e+01 1.2500e+04 0.0000e+00 1.0000e-01 1.2500e+04 0.0000e+00 2.5000e-01
8.4510e+01 1.2500e+04 0.0000e+00 1.0000e-01 1.2500e+04 0.0000e+00 2.5000e-01
8.4902e+01 1.2500e+04 0.0000e+00 1.0000e-01 1.2500e+04 0.0000e+00 2.5000e-01
8.5294e+01 1.2500e+04 0.0000e+00 1.0000e-01 1.2500e+04 0.0000e+00 2.5000e-01
8.5686e+01 1.2500e+04 0.0000e+00 1.0000e-01 1.2500e+04 0.0000e+00 2.5000e-01
8.6078e+01 1.2500e+04 0.0000e+00 1.0000e-01 1.2500e+04 0.0000e+00 2.5000e-01
8.6471e+01 1.2500e+04 0.0000e+00 1.0000e-01 1.2500e+04 0.0000e+00 2.5000e-01
8.6863e+01 1.2500e+04 0.0000e+00 1.0000e-01 1.2500e+04 0.0000e+00 2.5000e-01
8.7255e+01 1.2500e+04 0.0000e+00 1.0000e-01 1.2500e+04 0.0000e+00 2.5000e-01
8.7647e+01 1.2500e+04 0.0000e+00 1.0000e-01 1.2500e+04 0.0000e+00 2.5000e-01
8.8039e+01 1.2500e+04 0.0000e+00 1.0000e-01 1.2500e+04 0.0000e+00 2.5000e-01
8.8431e+01 1.2500e+04 0.0000e+00 1.0000e-01 1.2500e+04 0.0000e+00 2.5000e-01
8.8824e+01 1.2500e+04 0.0000e+00 1.0000e-01 1.2500e+04 0.0000e+00 2.5000e-01
8.9216e+01 1.2500e+04 0.0000e+00 1.0000e-01 1.2500e+04 0.0000e+00 2.5000e-01
8.9608e+01 1.2500e+04 0.0000e+00 1.0000e-01 1.2500e+04 0.0000e+00 2.5000e-01
9.0000e+01 1.2500e+04 0.0000e+00 1.0000e-01 1.2500e+04 0.0000e+00 2.5000e-01
9.0392e+01 1.2500e+04 0.0000e+00 1.0000e-01 1.2500e+04 0.0000e+00 2.5000e-01
9.0784e+01 1.2500e+04 0.0000e+00 1.0000e-01 1.2500e+04 0.0000e+00 2.5000e-01
9.1176e+01 1.2500e+04 0.0000e+00 1.0000e-01 1.2500e+04 0.0000e+00 2.5000e-01
9.1569e+01 1.2500e+04 0.0000e+00 1.0000e-01 1.2500e+04 0.0000e+00 2.5000e-01
9.1961e+01 1.2500e+04 0.0000e+00 1.0000e-01 1.2500e+04 0.0000e+00 2.5000e-01
9.2353e+01 1.2500e+04 0.0000e+00 1.0000e-01 1.2500e+04 0.0000e+00 2.5000e-01
9.2745e+01 1.2500e+04 0.0000e+00 1.0000e-01 1.2500e+04 0.0000e+00 2.5000e-01
9.3137e+01 1.2500e+04 0.0000e+00 1.0000e-01 1.2500e+04 0.0000e+00 2.5000e-01
9.3529e+01 1.2500e+04 0.0000e+00 1.0000e-01 1.2500e+04 0.0000e+00 2.5000e-01
9.3922e+01 1.2500e+04 0.0000e+00 1.0000e-01 1.2500e+04 0.0000e+00 2.5000e-01
9.4314e+01 1.2500e+04 0.0000e+00 1.0000e-01 1.2500e+04 0.0000e+00 2.5000e-01
9.4706e+01 1.2500e+04 0.0000e+00 1.0000e-01 1.2500e+04 0.0000e+00 2.5000e-01
9.5098e+01 1.2500e+04 0.0000e+00 1.0000e-01 1.2500e+04 0.0000e+00 2.5000e-01
9.5490e+01 1.2500e+04 0.0000e+00 1.0000e-01 1.2500e+04 0.0000e+00 2.5000e-01
9.5882e+01 1.2500e+04 0.0000e+00 1.0000e-01 1.2500e+04 0.0000e+00 2.5000e-01
9.6275e+01 1.2500e+04 0.0000e+00 1.0000e-01 1.2500e+04 0.0000e+00 2.5000e-01
9.6667e+01 1.2500e+04 0.0000e+00 1.0000e-01 1.2500e+04 0.0000e+00 2.5000e-01
9.7059e+01 1.2500e+04 0.0000e+00 1.0000e-01 1.2500e+04 0.0000e+00 2.5000e-01
9.7451e+01 1.2500e+04 0.0000e+00 1.0000e-01 1.2500e+04 0.0000e+00 2.5000e-01
9.7843e+01 1.2500e+04 0.0000e+00 1.0000e-01 1.2500e+04 0.0000e+00 2.5000e-01
9.8235e+01 1.2500e+04 0.0000e+00 1.0000e-01 1.2500e+04 0.0000e+00 2.5000e-01
9.8627e+01 1.2500e+04 0.0000e+00 1.0000e-01 1.2500e+04 0.0000e+00 2.5000e-01
9.9020e+01 1.2500e+04 0.0000e+00 1.0000e-01 1.2500e+04 0.0000e+00 2.5000e-01
9.9412e+01 1.2500e+04 0.0000e+00 1.0000e-01 1.2500e+04 0.0000e+00 2.5000e-01
9.9804e+01 1.2500e+04 0.0000e+00 1.0000e-01 1.2500e+04 0.0000e+00 2.5000e-01
