# # x Density Velocity Pressure q0 q1 q2
1.9608e-01 1.0000e+05 5.9237e-12 1.0000e+00 1.0000e+05 5.9237e-07 2.5000e+00
5.8824e-01 1.0000e+05 7.9952e-12 1.0000e+00 1.0000e+05 7.9952e-07 2.5000e+00
9.8039e-01 1.0000e+05 9.4096e-12 1.0000e+00 1.0000e+05 9.4096e-07 2.5000e+00
1.3725e+00 1.0000e+05 1.1248e-11 1.0000e+00 1.0000e+05 1.1248e-06 2.5000e+00
1.7647e+00 1.0000e+05 1.3916e-11 1.0000e+00 1.0000e+05 1.3916e-06 2.5000e+00
2.1569e+00 1.0000e+05 1.7660e-11 1.0000e+00 1.0000e+05 1.7660e-06 2.5000e+00
2.5490e+00 1.0000e+05 2.2739e-11 1.0000e+00 1.0000e+05 2.2739e-06 2.5000e+00
2.9412e+00 1.0000e+05 2.9488e-11 1.0000e+00 1.0000e+05 2.9488e-06 2.5000e+00
3.3333e+00 1.0000e+05 3.8345e-11 1.0000e+00 1.0000e+05 3.8345e-06 2.5000e+00
3.7255e+00 1.0000e+05 4.9879e-11 1.0000e+00 1.0000e+05 4.9879e-06 2.5000e+00
4.1176e+00 1.0000e+05 6.4822e-11 1.0000e+00 1.0000e+05 6.4822e-06 2.5000e+00
4.5098e+00 1.0000e+05 8.4109e-11 1.0000e+00 1.0000e+05 8.4109e-06 2.5000e+00
4.9020e+00 1.0000e+05 1.0892e-10 1.0000e+00 1.0000e+05 1.0892e-05 2.5000e+00
5.2941e+00 1.0000e+05 1.4076e-10 1.0000e+00 1.0000e+05 1.4076e-05 2.5000e+00
5.6863e+00 1.0000e+05 1.8150e-10 1.0000e+00 1.0000e+05 1.8150e-05 2.5000e+00
6.0784e+00 1.0000e+05 2.3351e-10 1.0000e+00 1.0000e+05 2.3351e-05 2.5000e+00
6.4706e+00 1.0000e+05 2.9973e-10 1.0000e+00 1.0000e+05 2.9973e-05 2.5000e+00
6.8627e+00 1.0000e+05 3.8385e-10 1.0000e+00 1.0000e+05 3.8385e-05 2.5000e+00
7.2549e+00 1.0000e+05 4.9044e-10 1.0000e+00 1.0000e+05 4.9044e-05 2.5000e+00
7.6471e+00 1.0000e+05 6.2518e-10 1.0000e+00 1.0000e+05 6.2518e-05 2.5000e+00
8.0392e+00 1.0000e+05 7.9512e-10 1.0000e+00 1.0000e+05 7.9512e-05 2.5000e+00
8.4314e+00 1.0000e+05 1.0089e-09 1.0000e+00 1.0000e+05 1.0089e-04 2.5000e+00
8.8235e+00 1.0000e+05 1.2772e-09 1.0000e+00 1.0000e+05 1.2772e-04 2.5000e+00
9.2157e+00 1.0000e+05 1.6132e-09 1.0000e+00 1.0000e+05 1.6132e-04 2.5000e+00
9.6078e+00 1.0000e+05 2.0328e-09 1.0000e+00 1.0000e+05 2.0328e-04 2.5000e+00
1.0000e+01 1.0000e+05 2.5557e-09 1.0000e+00 1.0000e+05 2.5557e-04 2.5000e+00
1.0392e+01 1.0000e+05 3.2056e-09 1.0000e+00 1.0000e+05 3.2056e-04 2.5000e+00
1.0784e+01 1.0000e+05 4.0117e-09 9.9999e-01 1.0000e+05 4.0117e-04 2.5000e+00
1.1176e+01 1.0000e+05 5.0088e-09 9.9999e-01 1.0000e+05 5.0088e-04 2.5000e+00
1.1569e+01 1.0000e+05 6.2395e-09 9.9999e-01 1.0000e+05 6.2395e-04 2.5000e+00
1.1961e+01 1.0000e+05 7.7547e-09 9.9999e-01 1.0000e+05 7.7547e-04 2.5000e+00
1.2353e+01 1.0000e+05 9.6157e-09 9.9999e-01 1.0000e+05 9.6156e-04 2.5000e+00
1.2745e+01 1.0000e+05 1.1896e-08 9.9998e-01 1.0000e+05 1.1896e-03 2.5000e+00
1.3137e+01 1.0000e+05 1.4683e-08 9.9998e-01 1.0000e+05 1.4683e-03 2.4999e+00
1.3529e+01 1.0000e+05 1.8082e-08 9.9997e-01 1.0000e+05 1.8082e-03 2.4999e+00
1.3922e+01 1.0000e+05 2.2217e-08 9.9997e-01 1.0000e+05 2.2217e-03 2.4999e+00
1.4314e+01 1.0000e+05 2.7235e-08 9.9996e-01 1.0000e+05 2.7235e-03 2.4999e+00
1.4706e+01 1.0000e+05 3.3310e-08 9.9995e-01 1.0000e+05 3.3309e-03 2.4999e+00
1.5098e+01 1.0000e+05 4.0647e-08 9.9994e-01 1.0000e+05 4.0646e-03 2.4999e+00
1.5490e+01 1.0000e+05 4.9487e-08 9.9993e-01 1.0000e+05 4.9487e-03 2.4998e+00
1.5882e+01 1.0000e+05 6.0112e-08 9.9992e-01 1.0000e+05 6.0112e-03 2.4998e+00
1.6275e+01 9.9999e+04 7.2854e-08 9.9990e-01 9.9999e+04 7.2853e-03 2.4997e+00
1.6667e+01 9.9999e+04 8.8095e-08 9.9988e-01 9.9999e+04 8.8094e-03 2.4997e+00
1.7059e+01 9.9999e+04 1.0628e-07 9.9986e-01 9.9999e+04 1.0628e-02 2.4996e+00
1.7451e+01 9.9999e+04 1.2794e-07 9.9983e-01 9.9999e+04 1.2794e-02 2.4996e+00
1.7843e+01 9.9999e+04 1.5365e-07 9.9980e-01 9.9999e+04 1.5365e-02 2.4995e+00
1.8235e+01 9.9999e+04 1.8412e-07 9.9976e-01 9.9999e+04 1.8412e-02 2.4994e+00
1.8627e+01 9.9998e+04 2.2013e-07 9.9971e-01 9.9998e+04 2.2013e-02 2.4993e+00
1.9020e+01 9.9998e+04 2.6260e-07 9.9966e-01 9.9998e+04 2.6259e-02 2.4992e+00
1.9412e+01 9.9998e+04 3.1255e-07 9.9960e-01 9.9998e+04 3.1254e-02 2.4990e+00
1.9804e+01 9.9997e+04 3.7117e-07 9.9953e-01 9.9997e+04 3.7116e-02 2.4988e+00
2.0196e+01 9.9997e+04 4.3979e-07 9.9945e-01 9.9997e+04 4.3977e-02 2.4986e+00
2.0588e+01 9.9996e+04 5.1994e-07 9.9935e-01 9.9996e+04 5.1991e-02 2.4984e+00
2.0980e+01 9.9995e+04 6.1332e-07 9.9924e-01 9.9995e+04 6.1329e-02 2.4981e+00
2.1373e+01 9.9994e+04 7.2185e-07 9.9912e-01 9.9994e+04 7.2181e-02 2.4978e+00
2.1765e+01 9.9993e+04 8.4771e-07 9.9898e-01 9.9993e+04 8.4765e-02 2.4974e+00
2.2157e+01 9.9992e+04 9.9331e-07 9.9881e-01 9.9992e+04 9.9323e-02 2.4970e+00
2.2549e+01 9.9990e+04 1.1613e-06 9.9862e-01 9.9990e+04 1.1612e-01 2.4966e+00
2.2941e+01 9.9989e+04 1.3548e-06 9.9841e-01 9.9989e+04 1.3546e-01 2.4960e+00
2.3333e+01 9.9987e+04 1.5770e-06 9.9817e-01 9.9987e+04 1.5768e-01 2.4954e+00
2.3725e+01 9.9984e+04 1.8316e-06 9.9790e-01 9.9984e+04 1.8313e-01 2.4947e+00
2.4118e+01 9.9982e+04 2.1226e-06 9.9759e-01 9.9982e+04 2.1222e-01 2.4940e+00
2.4510e+01 9.9979e+04 2.4545e-06 9.9724e-01 9.9979e+04 2.4540e-01 2.4931e+00
2.4902e+01 9.9975e+04 2.8322e-06 9.9684e-01 9.9975e+04 2.8315e-01 2.4921e+00
2.5294e+01 9.9971e+04 3.2609e-06 9.9641e-01 9.9971e+04 3.2599e-01 2.4910e+00
2.5686e+01 9.9966e+04 3.7463e-06 9.9591e-01 9.9966e+04 3.7450e-01 2.4898e+00
2.6078e+01 9.9961e+04 4.2947e-06 9.9536e-01 9.9961e+04 4.2930e-01 2.4884e+00
2.6471e+01 9.9955e+04 4.9128e-06 9.9475e-01 9.9955e+04 4.9106e-01 2.4869e+00
2.6863e+01 9.9948e+04 5.6078e-06 9.9408e-01 9.9948e+04 5.6049e-01 2.4852e+00
2.7255e+01 9.9940e+04 6.3876e-06 9.9332e-01 9.9940e+04 6.3838e-01 2.4833e+00
2.7647e+01 9.9932e+04 7.2603e-06 9.9249e-01 9.9932e+04 7.2553e-01 2.4812e+00
2.8039e+01 9.9922e+04 8.2348e-06 9.9158e-01 9.9922e+04 8.2283e-01 2.4790e+00
2.8431e+01 9.9911e+04 9.3205e-06 9.9058e-01 9.9911e+04 9.3121e-01 2.4764e+00
2.8824e+01 9.9898e+04 1.0527e-05 9.8947e-01 9.9898e+04 1.0516e+00 2.4737e+00
2.9216e+01 9.9884e+04 1.1865e-05 9.8827e-01 9.9884e+04 1.1852e+00 2.4707e+00
2.9608e+01 9.9868e+04 1.3346e-05 9.8695e-01 9.9868e+04 1.3328e+00 2.4674e+00
3.0000e+01 9.9850e+04 1.4981e-05 9.8552e-01 9.9850e+04 1.4958e+00 2.4638e+00
3.0392e+01 9.9831e+04 1.6781e-05 9.8397e-01 9.9831e+04 1.6752e+00 2.4599e+00
3.0784e+01 9.9809e+04 1.8759e-05 9.8228e-01 9.9809e+04 1.8723e+00 2.4557e+00
3.1176e+01 9.9784e+04 2.0928e-05 9.8046e-01 9.9784e+04 2.0883e+00 2.4512e+00
3.1569e+01 9.9758e+04 2.3301e-05 9.7850e-01 9.9758e+04 2.3245e+00 2.4463e+00
3.1961e+01 9.9728e+04 2.5892e-05 9.7639e-01 9.9728e+04 2.5821e+00 2.4410e+00
3.2353e+01 9.9695e+04 2.8713e-05 9.7413e-01 9.9695e+04 2.8626e+00 2.4354e+00
3.2745e+01 9.9659e+04 3.1779e-05 9.7171e-01 9.9659e+04 3.1671e+00 2.4293e+00
3.3137e+01 9.9619e+04 3.5104e-05 9.6912e-01 9.9619e+04 3.4971e+00 2.4229e+00
3.3529e+01 9.9576e+04 3.8702e-05 9.6637e-01 9.9576e+04 3.8538e+00 2.4160e+00
3.3922e+01 9.9528e+04 4.2587e-05 9.6344e-01 9.9528e+04 4.2386e+00 2.4087e+00
3.4314e+01 9.9477e+04 4.6773e-05 9.6034e-01 9.9477e+04 4.6528e+00 2.4010e+00
3.4706e+01 9.9420e+04 5.1272e-05 9.5706e-01 9.9420e+04 5.0975e+00 2.3928e+00
3.5098e+01 9.9359e+04 5.6100e-05 9.5360e-01 9.9359e+04 5.5741e+00 2.3842e+00
3.5490e+01 9.9293e+04 6.1269e-05 9.4996e-01 9.9293e+04 6.0836e+00 2.3751e+00
3.5882e+01 9.9221e+04 6.6791e-05 9.4613e-01 9.9221e+04 6.6271e+00 2.3656e+00
3.6275e+01 9.9143e+04 7.2679e-05 9.4212e-01 9.9143e+04 7.2056e+00 2.3556e+00
3.6667e+01 9.9059e+04 7.8944e-05 9.3793e-01 9.9059e+04 7.8202e+00 2.3451e+00
3.7059e+01 9.8969e+04 8.5597e-05 9.3356e-01 9.8969e+04 8.4714e+00 2.3343e+00
3.7451e+01 9.8872e+04 9.2647e-05 9.2901e-01 9.8872e+04 9.1602e+00 2.3230e+00
3.7843e+01 9.8768e+04 1.0010e-04 9.2429e-01 9.8768e+04 9.8871e+00 2.3112e+00
3.8235e+01 9.8658e+04 1.0797e-04 9.1939e-01 9.8658e+04 1.0653e+01 2.2991e+00
3.8627e+01 9.8539e+04 1.1627e-04 9.1433e-01 9.8539e+04 1.1457e+01 2.2865e+00
3.9020e+01 9.8413e+04 1.2499e-04 9.0911e-01 9.8413e+04 1.2300e+01 2.2735e+00
3.9412e+01 9.8279e+04 1.3414e-04 9.0373e-01 9.8279e+04 1.3183e+01 2.2602e+00
3.9804e+01 9.8136e+04 1.4372e-04 8.9821e-01 9.8136e+04 1.4104e+01 2.2465e+00
4.0196e+01 9.7985e+04 1.5374e-04 8.9255e-01 9.7985e+04 1.5064e+01 2.2325e+00
4.0588e+01 9.7826e+04 1.6422e-04 8.8676e-01 9.7826e+04 1.6065e+01 2.2182e+00
4.0980e+01 9.7656e+04 1.7504e-04 8.8083e-01 9.7656e+04 1.7094e+01 2.2036e+00
4.1373e+01 9.7483e+04 1.8656e-04 8.7488e-01 9.7483e+04 1.8186e+01 2.1889e+00
4.1765e+01 9.7283e+04 1.9782e-04 8.6858e-01 9.7283e+04 1.9244e+01 2.1734e+00
4.2157e+01 9.7121e+04 2.1123e-04 8.6280e-01 9.7121e+04 2.0515e+01 2.1592e+00
4.2549e+01 9.6836e+04 2.2095e-04 8.5553e-01 9.6836e+04 2.1396e+01 2.1412e+00
4.2941e+01 9.6793e+04 2.4018e-04 8.5130e-01 9.6793e+04 2.3248e+01 2.1310e+00
4.3333e+01 9.6224e+04 2.4108e-04 8.4066e-01 9.6224e+04 2.3198e+01 2.1044e+00
4.3725e+01 9.6622e+04 2.7770e-04 8.4191e-01 9.6622e+04 2.6832e+01 2.1085e+00
4.4118e+01 9.5331e+04 2.5379e-04 8.2269e-01 9.5331e+04 2.4194e+01 2.0598e+00
4.4510e+01 9.6629e+04 3.2422e-04 8.3486e-01 9.6629e+04 3.1329e+01 2.0922e+00
4.4902e+01 9.4365e+04 2.6665e-04 8.0437e-01 9.4365e+04 2.5162e+01 2.0143e+00
4.5294e+01 9.6270e+04 3.6027e-04 8.2372e-01 9.6270e+04 3.4683e+01 2.0655e+00
4.5686e+01 9.4106e+04 3.0865e-04 7.9521e-01 9.4106e+04 2.9046e+01 1.9925e+00
4.6078e+01 9.4949e+04 3.6471e-04 8.0184e-01 9.4949e+04 3.4629e+01 2.0109e+00
4.6471e+01 9.4350e+04 3.7137e-04 7.9241e-01 9.4350e+04 3.5038e+01 1.9875e+00
4.6863e+01 9.3947e+04 3.8281e-04 7.8449e-01 9.3947e+04 3.5964e+01 1.9681e+00
4.7255e+01 9.3439e+04 3.9396e-04 7.7648e-01 9.3439e+04 3.6811e+01 1.9485e+00
4.7647e+01 9.3850e+04 4.3599e-04 7.7837e-01 9.3850e+04 4.0918e+01 1.9548e+00
4.8039e+01 9.2746e+04 4.2267e-04 7.6267e-01 9.2746e+04 3.9201e+01 1.9150e+00
4.8431e+01 9.1888e+04 4.5548e-04 7.6161e-01 9.1888e+04 4.1853e+01 1.9136e+00
4.8824e+01 9.7254e+04 4.6976e-04 7.5460e-01 9.7254e+04 4.5686e+01 1.8972e+00
4.9216e+01 7.3784e+04 4.9233e-04 7.5129e-01 7.3784e+04 3.6326e+01 1.8872e+00
4.9608e+01 1.2862e+05 5.0565e-04 7.4232e-01 1.2862e+05 6.5037e+01 1.8723e+00
5.0000e+01 8.0638e+04 5.1345e-04 7.3571e-01 8.0638e+04 4.1403e+01 1.8499e+00
5.0392e+01 3.3561e+04 5.3148e-04 7.3342e-01 3.3561e+04 1.7837e+01 1.8383e+00
5.0784e+01 1.4240e+04 5.6102e-04 7.3355e-01 1.4240e+04 7.9888e+00 1.8361e+00
5.1176e+01 8.9375e+03 6.1004e-04 7.3301e-01 8.9375e+03 5.4523e+00 1.8342e+00
5.1569e+01 7.9331e+03 6.4869e-04 7.2831e-01 7.9331e+03 5.1461e+00 1.8224e+00
5.1961e+01 8.3505e+03 7.6418e-04 7.3017e-01 8.3505e+03 6.3812e+00 1.8279e+00
5.2353e+01 8.9855e+03 8.9181e-04 7.3481e-01 8.9855e+03 8.0134e+00 1.8406e+00
5.2745e+01 9.5870e+03 9.2347e-04 7.3175e-01 9.5870e+03 8.8533e+00 1.8335e+00
5.3137e+01 1.0020e+04 9.2508e-04 7.2688e-01 1.0020e+04 9.2689e+00 1.8215e+00
5.3529e+01 1.0442e+04 9.8887e-04 7.2912e-01 1.0442e+04 1.0326e+01 1.8279e+00
5.3922e+01 1.0784e+04 1.0647e-03 7.3337e-01 1.0784e+04 1.1482e+01 1.8395e+00
5.4314e+01 1.1017e+04 1.0839e-03 7.3217e-01 1.1017e+04 1.1941e+01 1.8369e+00
5.4706e+01 1.1157e+04 1.0691e-03 7.2773e-01 1.1157e+04 1.1928e+01 1.8257e+00
5.5098e+01 1.1303e+04 1.0814e-03 7.2643e-01 1.1303e+04 1.2222e+01 1.8227e+00
5.5490e+01 1.1463e+04 1.1293e-03 7.2920e-01 1.1463e+04 1.2945e+01 1.8303e+00
5.5882e+01 1.1604e+04 1.1717e-03 7.3161e-01 1.1604e+04 1.3597e+01 1.8370e+00
5.6275e+01 1.1689e+04 1.1809e-03 7.3054e-01 1.1689e+04 1.3804e+01 1.8345e+00
5.6667e+01 1.1741e+04 1.1700e-03 7.2738e-01 1.1741e+04 1.3737e+01 1.8265e+00
5.7059e+01 1.1799e+04 1.1714e-03 7.2556e-01 1.1799e+04 1.3821e+01 1.8220e+00
5.7451e+01 1.1887e+04 1.2010e-03 7.2698e-01 1.1887e+04 1.4275e+01 1.8260e+00
5.7843e+01 1.1983e+04 1.2428e-03 7.2989e-01 1.1983e+04 1.4893e+01 1.8340e+00
5.8235e+01 1.2058e+04 1.2713e-03 7.3143e-01 1.2058e+04 1.5329e+01 1.8383e+00
5.8627e+01 1.2096e+04 1.2761e-03 7.3041e-01 1.2096e+04 1.5436e+01 1.8359e+00
5.9020e+01 1.2114e+04 1.2673e-03 7.2789e-01 1.2114e+04 1.5352e+01 1.8294e+00
5.9412e+01 1.2140e+04 1.2657e-03 7.2609e-01 1.2140e+04 1.5366e+01 1.8249e+00
5.9804e+01 1.2194e+04 1.2874e-03 7.2700e-01 1.2194e+04 1.5698e+01 1.8276e+00
6.0196e+01 1.2270e+04 1.3286e-03 7.3017e-01 1.2270e+04 1.6302e+01 1.8363e+00
6.0588e+01 1.2348e+04 1.3717e-03 7.3367e-01 1.2348e+04 1.6938e+01 1.8458e+00
6.0980e+01 1.2404e+04 1.4004e-03 7.3560e-01 1.2404e+04 1.7370e+01 1.8512e+00
6.1373e+01 1.2431e+04 1.4088e-03 7.3531e-01 1.2431e+04 1.7513e+01 1.8506e+00
6.1765e+01 1.2438e+04 1.4030e-03 7.3346e-01 1.2438e+04 1.7450e+01 1.8459e+00
6.2157e+01 1.2444e+04 1.3965e-03 7.3130e-01 1.2444e+04 1.7379e+01 1.8404e+00
6.2549e+01 1.2471e+04 1.4059e-03 7.3102e-01 1.2471e+04 1.7533e+01 1.8399e+00
6.2941e+01 1.2531e+04 1.4399e-03 7.3362e-01 1.2531e+04 1.8043e+01 1.8470e+00
6.3333e+01 1.2619e+04 1.4955e-03 7.3876e-01 1.2619e+04 1.8872e+01 1.8610e+00
6.3725e+01 1.2723e+04 1.5627e-03 7.4533e-01 1.2723e+04 1.9883e+01 1.8789e+00
6.4118e+01 1.2828e+04 1.6302e-03 7.5205e-01 1.2828e+04 2.0912e+01 1.8972e+00
6.4510e+01 1.2921e+04 1.6891e-03 7.5785e-01 1.2921e+04 2.1824e+01 1.9131e+00
6.4902e+01 1.2995e+04 1.7345e-03 7.6214e-01 1.2995e+04 2.2539e+01 1.9249e+00
6.5294e+01 1.3047e+04 1.7655e-03 7.6478e-01 1.3047e+04 2.3036e+01 1.9323e+00
6.5686e+01 1.3082e+04 1.7841e-03 7.6597e-01 1.3082e+04 2.3340e+01 1.9357e+00
6.6078e+01 1.3103e+04 1.7936e-03 7.6609e-01 1.3103e+04 2.3502e+01 1.9363e+00
6.6471e+01 1.3116e+04 1.7972e-03 7.6554e-01 1.3116e+04 2.3572e+01 1.9350e+00
6.6863e+01 1.3124e+04 1.7977e-03 7.6462e-01 1.3124e+04 2.3593e+01 1.9328e+00
6.7255e+01 1.3130e+04 1.7969e-03 7.6355e-01 1.3130e+04 2.3592e+01 1.9301e+00
6.7647e+01 1.3134e+04 1.7954e-03 7.6241e-01 1.3134e+04 2.3580e+01 1.9272e+00
6.8039e+01 1.3138e+04 1.7935e-03 7.6122e-01 1.3138e+04 2.3564e+01 1.9242e+00
6.8431e+01 1.3142e+04 1.7914e-03 7.5999e-01 1.3142e+04 2.3543e+01 1.9211e+00
6.8824e+01 1.3145e+04 1.7891e-03 7.5873e-01 1.3145e+04 2.3518e+01 1.9179e+00
6.9216e+01 1.3148e+04 1.7866e-03 7.5743e-01 1.3148e+04 2.3491e+01 1.9146e+00
6.9608e+01 1.3151e+04 1.7839e-03 7.5609e-01 1.3151e+04 2.3460e+01 1.9112e+00
7.0000e+01 1.3154e+04 1.7809e-03 7.5472e-01 1.3154e+04 2.3426e+01 1.9077e+00
7.0392e+01 1.3156e+04 1.7778e-03 7.5331e-01 1.3156e+04 2.3389e+01 1.9041e+00
7.0784e+01 1.3158e+04 1.7745e-03 7.5187e-01 1.3158e+04 2.3350e+01 1.9004e+00
7.1176e+01 1.3160e+04 1.7710e-03 7.5039e-01 1.3160e+04 2.3307e+01 1.8966e+00
7.1569e+01 1.3162e+04 1.7674e-03 7.4887e-01 1.3162e+04 2.3262e+01 1.8927e+00
7.1961e+01 1.3163e+04 1.7635e-03 7.4732e-01 1.3163e+04 2.3214e+01 1.8888e+00
7.2353e+01 1.3165e+04 1.7595e-03 7.4573e-01 1.3165e+04 2.3164e+01 1.8847e+00
7.2745e+01 1.3166e+04 1.7554e-03 7.4410e-01 1.3166e+04 2.3111e+01 1.8805e+00
7.3137e+01 1.3167e+04 1.7510e-03 7.4244e-01 1.3167e+04 2.3055e+01 1.8763e+00
7.3529e+01 1.3167e+04 1.7465e-03 7.4073e-01 1.3167e+04 2.2997e+01 1.8719e+00
7.3922e+01 1.3168e+04 1.7418e-03 7.3898e-01 1.3168e+04 2.2936e+01 1.8674e+00
7.4314e+01 1.3168e+04 1.7370e-03 7.3719e-01 1.3168e+04 2.2873e+01 1.8628e+00
7.4706e+01 1.3168e+04 1.7320e-03 7.3536e-01 1.3168e+04 2.2807e+01 1.8581e+00
7.5098e+01 1.3168e+04 1.7268e-03 7.3347e-01 1.3168e+04 2.2740e+01 1.8533e+00
7.5490e+01 1.3168e+04 1.7215e-03 7.3154e-01 1.3168e+04 2.2669e+01 1.8484e+00
7.5882e+01 1.3168e+04 1.7161e-03 7.2955e-01 1.3168e+04 2.2597e+01 1.8433e+00
7.6275e+01 1.3167e+04 1.7105e-03 7.2751e-01 1.3167e+04 2.2523e+01 1.8380e+00
7.6667e+01 1.3167e+04 1.7048e-03 7.2540e-01 1.3167e+04 2.2446e+01 1.8326e+00
7.7059e+01 1.3166e+04 1.6989e-03 7.2322e-01 1.3166e+04 2.2368e+01 1.8271e+00
7.7451e+01 1.3165e+04 1.6930e-03 7.2097e-01 1.3165e+04 2.2288e+01 1.8213e+00
7.7843e+01 1.3164e+04 1.6870e-03 7.1863e-01 1.3164e+04 2.2207e+01 1.8153e+00
7.8235e+01 1.3162e+04 1.6809e-03 7.1620e-01 1.3162e+04 2.2125e+01 1.8091e+00
7.8627e+01 1.3161e+04 1.6748e-03 7.1367e-01 1.3161e+04 2.2041e+01 1.8026e+00
7.9020e+01 1.3159e+04 1.6687e-03 7.1102e-01 1.3159e+04 2.1958e+01 1.7959e+00
7.9412e+01 1.3157e+04 1.6625e-03 7.0824e-01 1.3157e+04 2.1874e+01 1.7888e+00
7.9804e+01 1.3155e+04 1.6564e-03 7.0532e-01 1.3155e+04 2.1790e+01 1.7814e+00
8.0196e+01 1.3152e+04 1.6504e-03 7.0225e-01 1.3152e+04 2.1707e+01 1.7735e+00
8.0588e+01 1.3149e+04 1.6445e-03 6.9902e-01 1.3149e+04 2.1624e+01 1.7653e+00
8.0980e+01 1.3146e+04 1.6388e-03 6.9560e-01 1.3146e+04 2.1544e+01 1.7566e+00
8.1373e+01 1.3143e+04 1.6332e-03 6.9198e-01 1.3143e+04 2.1465e+01 1.7475e+00
8.1765e+01 1.3140e+04 1.6279e-03 6.8816e-01 1.3140e+04 2.1389e+01 1.7378e+00
8.2157e+01 1.3136e+04 1.6228e-03 6.8411e-01 1.3136e+04 2.1316e+01 1.7276e+00
8.2549e+01 1.3131e+04 1.6180e-03 6.7984e-01 1.3131e+04 2.1247e+01 1.7168e+00
8.2941e+01 1.3127e+04 1.6136e-03 6.7532e-01 1.3127e+04 2.1181e+01 1.7054e+00
8.3333e+01 1.3122e+04 1.6095e-03 6.7054e-01 1.3122e+04 2.1119e+01 1.6934e+00
8.3725e+01 1.3116e+04 1.6058e-03 6.6551e-01 1.3116e+04 2.1063e+01 1.6807e+00
8.4118e+01 1.3111e+04 1.6026e-03 6.6020e-01 1.3111e+04 2.1011e+01 1.6673e+00
8.4510e+01 1.3104e+04 1.5998e-03 6.5462e-01 1.3104e+04 2.0965e+01 1.6533e+00
8.4902e+01 1.3098e+04 1.5976e-03 6.4876e-01 1.3098e+04 2.0924e+01 1.6386e+00
8.5294e+01 1.3091e+04 1.5958e-03 6.4261e-01 1.3091e+04 2.0890e+01 1.6232e+00
8.5686e+01 1.3083e+04 1.5946e-03 6.3617e-01 1.3083e+04 2.0862e+01 1.6071e+00
8.6078e+01 1.3075e+04 1.5939e-03 6.2945e-01 1.3075e+04 2.0841e+01 1.5902e+00
8.6471e+01 1.3067e+04 1.5939e-03 6.2242e-01 1.3067e+04 2.0827e+01 1.5727e+00
8.6863e+01 1.3058e+04 1.5944e-03 6.1509e-01 1.3058e+04 2.0819e+01 1.5543e+00
8.7255e+01 1.3048e+04 1.5956e-03 6.0746e-01 1.3048e+04 2.0820e+01 1.5353e+00
8.7647e+01 1.3038e+04 1.5975e-03 5.9951e-01 1.3038e+04 2.0828e+01 1.5154e+00
8.8039e+01 1.3027e+04 1.6000e-03 5.9124e-01 1.3027e+04 2.0844e+01 1.4948e+00
8.8431e+01 1.3016e+04 1.6032e-03 5.8266e-01 1.3016e+04 2.0868e+01 1.4734e+00
8.8824e+01 1.3005e+04 1.6071e-03 5.7376e-01 1.3005e+04 2.0900e+01 1.4512e+00
8.9216e+01 1.2993e+04 1.6116e-03 5.6456e-01 1.2993e+04 2.0940e+01 1.4283e+00
8.9608e+01 1.2980e+04 1.6168e-03 5.5508e-01 1.2980e+04 2.0986e+01 1.4047e+00
9.0000e+01 1.2967e+04 1.6225e-03 5.4533e-01 1.2967e+04 2.1039e+01 1.3804e+00
9.0392e+01 1.2954e+04 1.6286e-03 5.3537e-01 1.2954e+04 2.1097e+01 1.3556e+00
9.0784e+01 1.2941e+04 1.6349e-03 5.2525e-01 1.2941e+04 2.1156e+01 1.3304e+00
9.1176e+01 1.2927e+04 1.6412e-03 5.1506e-01 1.2927e+04 2.1215e+01 1.3051e+00
9.1569e+01 1.2914e+04 1.6470e-03 5.0493e-01 1.2914e+04 2.1269e+01 1.2798e+00
9.1961e+01 1.2901e+04 1.6519e-03 4.9505e-01 1.2901e+04 2.1310e+01 1.2552e+00
9.2353e+01 1.2889e+04 1.6550e-03 4.8569e-01 1.2889e+04 2.1331e+01 1.2319e+00
9.2745e+01 1.2878e+04 1.6552e-03 4.7724e-01 1.2878e+04 2.1316e+01 1.2107e+00
9.3137e+01 1.2870e+04 1.6510e-03 4.7028e-01 1.2870e+04 2.1248e+01 1.1932e+00
9.3529e+01 1.2865e+04 1.6409e-03 4.6536e-01 1.2865e+04 2.1110e+01 1.1807e+00
9.3922e+01 1.2862e+04 1.6243e-03 4.6272e-01 1.2862e+04 2.0892e+01 1.1738e+00
9.4314e+01 1.2863e+04 1.6022e-03 4.6231e-01 1.2863e+04 2.0609e+01 1.1723e+00
9.4706e+01 1.2864e+04 1.5743e-03 4.6356e-01 1.2864e+04 2.0252e+01 1.1748e+00
9.5098e+01 1.2870e+04 1.5456e-03 4.6683e-01 1.2870e+04 1.9891e+01 1.1824e+00
9.5490e+01 1.2868e+04 1.5081e-03 4.7044e-01 1.2868e+04 1.9406e+01 1.1907e+00
9.5882e+01 1.2884e+04 1.4805e-03 4.7770e-01 1.2884e+04 1.9075e+01 1.2084e+00
9.6275e+01 1.2862e+04 1.4258e-03 4.8166e-01 1.2862e+04 1.8339e+01 1.2172e+00
9.6667e+01 1.2916e+04 1.4171e-03 4.9589e-01 1.2916e+04 1.8304e+01 1.2527e+00
9.7059e+01 1.2816e+04 1.3189e-03 4.9465e-01 1.2816e+04 1.6902e+01 1.2478e+00
9.7451e+01 1.3005e+04 1.3858e-03 5.2409e-01 1.3005e+04 1.8022e+01 1.3227e+00
9.7843e+01 1.2515e+04 1.1690e-03 5.0010e-01 1.2515e+04 1.4630e+01 1.2588e+00
9.8235e+01 1.3248e+04 1.5975e-03 5.5826e-01 1.3248e+04 2.1164e+01 1.4126e+00
9.8627e+01 1.1264e+04 9.7239e-04 4.5814e-01 1.1264e+04 1.0953e+01 1.1507e+00
9.9020e+01 1.3932e+04 2.3840e-03 5.7025e-01 1.3932e+04 3.3213e+01 1.4652e+00
9.9412e+01 6.7155e+03 7.3555e-04 3.2722e-01 6.7155e+03 4.9396e+00 8.1987e-01
9.9804e+01 1.7230e+04 3.7814e-03 4.6114e-01 1.7230e+04 6.5154e+01 1.2760e+00
