# # x Density Velocity Pressure q0 q1 q2
1.9608e-01 1.0000e+05 0.0000e+00 1.0000e+00 1.0000e+05 0.0000e+00 2.5000e+00
5.8824e-01 1.0000e+05 0.0000e+00 1.0000e+00 1.0000e+05 0.0000e+00 2.5000e+00
9.8039e-01 1.0000e+05 0.0000e+00 1.0000e+00 1.0000e+05 0.0000e+00 2.5000e+00
1.3725e+00 1.0000e+05 0.0000e+00 1.0000e+00 1.0000e+05 0.0000e+00 2.5000e+00
1.7647e+00 1.0000e+05 0.0000e+00 1.0000e+00 1.0000e+05 0.0000e+00 2.5000e+00
2.1569e+00 1.0000e+05 0.0000e+00 1.0000e+00 1.0000e+05 0.0000e+00 2.5000e+00
2.5490e+00 1.0000e+05 0.0000e+00 1.0000e+00 1.0000e+05 0.0000e+00 2.5000e+00
2.9412e+00 1.0000e+05 0.0000e+00 1.0000e+00 1.0000e+05 0.0000e+00 2.5000e+00
3.3333e+00 1.0000e+05 0.0000e+00 1.0000e+00 1.0000e+05 0.0000e+00 2.5000e+00
3.7255e+00 1.0000e+05 0.0000e+00 1.0000e+00 1.0000e+05 0.0000e+00 2.5000e+00
4.1176e+00 1.0000e+05 0.0000e+00 1.0000e+00 1.0000e+05 0.0000e+00 2.5000e+00
4.5098e+00 1.0000e+05 0.0000e+00 1.0000e+00 1.0000e+05 0.0000e+00 2.5000e+00
4.9020e+00 1.0000e+05 0.0000e+00 1.0000e+00 1.0000e+05 0.0000e+00 2.5000e+00
5.2941e+00 1.0000e+05 0.0000e+00 1.0000e+00 1.0000e+05 0.0000e+00 2.5000e+00
5.6863e+00 1.0000e+05 0.0000e+00 1.0000e+00 1.0000e+05 0.0000e+00 2.5000e+00
6.0784e+00 1.0000e+05 0.0000e+00 1.0000e+00 1.0000e+05 0.0000e+00 2.5000e+00
6.4706e+00 1.0000e+05 0.0000e+00 1.0000e+00 1.0000e+05 0.0000e+00 2.5000e+00
6.8627e+00 1.0000e+05 0.0000e+00 1.0000e+00 1.0000e+05 0.0000e+00 2.5000e+00
7.2549e+00 1.0000e+05 0.0000e+00 1.0000e+00 1.0000e+05 0.0000e+00 2.5000e+00
7.6471e+00 1.0000e+05 0.0000e+00 1.0000e+00 1.0000e+05 0.0000e+00 2.5000e+00
8.0392e+00 1.0000e+05 0.0000e+00 1.0000e+00 1.0000e+05 0.0000e+00 2.5000e+00
8.4314e+00 1.0000e+05 0.0000e+00 1.0000e+00 1.0000e+05 0.0000e+00 2.5000e+00
8.8235e+00 1.0000e+05 0.0000e+00 1.0000e+00 1.0000e+05 0.0000e+00 2.5000e+00
9.2157e+00 1.0000e+05 0.0000e+00 1.0000e+00 1.0000e+05 0.0000e+00 2.5000e+00
9.6078e+00 1.0000e+05 0.0000e+00 1.0000e+00 1.0000e+05 0.0000e+00 2.5000e+00
1.0000e+01 1.0000e+05 0.0000e+00 1.0000e+00 1.0000e+05 0.0000e+00 2.5000e+00
1.0392e+01 1.0000e+05 0.0000e+00 1.0000e+00 1.0000e+05 0.0000e+00 2.5000e+00
1.0784e+01 1.0000e+05 0.0000e+00 1.0000e+00 1.0000e+05 0.0000e+00 2.5000e+00
1.1176e+01 1.0000e+05 0.0000e+00 1.0000e+00 1.0000e+05 0.0000e+00 2.5000e+00
1.1569e+01 1.0000e+05 0.0000e+00 1.0000e+00 1.0000e+05 0.0000e+00 2.5000e+00
1.1961e+01 1.0000e+05 0.0000e+00 1.0000e+00 1.0000e+05 0.0000e+00 2.5000e+00
1.2353e+01 1.0000e+05 0.0000e+00 1.0000e+00 1.0000e+05 0.0000e+00 2.5000e+00
1.2745e+01 1.0000e+05 0.0000e+00 1.0000e+00 1.0000e+05 0.0000e+00 2.5000e+00
1.3137e+01 1.0000e+05 0.0000e+00 1.0000e+00 1.0000e+05 0.0000e+00 2.5000e+00
1.3529e+01 1.0000e+05 0.0000e+00 1.0000e+00 1.0000e+05 0.0000e+00 2.5000e+00
1.3922e+01 1.0000e+05 0.0000e+00 1.0000e+00 1.0000e+05 0.0000e+00 2.5000e+00
1.4314e+01 1.0000e+05 0.0000e+00 1.0000e+00 1.0000e+05 0.0000e+00 2.5000e+00
1.4706e+01 1.0000e+05 0.0000e+00 1.0000e+00 1.0000e+05 0.0000e+00 2.5000e+00
1.5098e+01 1.0000e+05 0.0000e+00 1.0000e+00 1.0000e+05 0.0000e+00 2.5000e+00
1.5490e+01 1.0000e+05 0.0000e+00 1.0000e+00 1.0000e+05 0.0000e+00 2.5000e+00
1.5882e+01 1.0000e+05 0.0000e+00 1.0000e+00 1.0000e+05 0.0000e+00 2.5000e+00
1.6275e+01 1.0000e+05 0.0000e+00 1.0000e+00 1.0000e+05 0.0000e+00 2.5000e+00
1.6667e+01 1.0000e+05 0.0000e+00 1.0000e+00 1.0000e+05 0.0000e+00 2.5000e+00
1.7059e+01 1.0000e+05 0.0000e+00 1.0000e+00 1.0000e+05 0.0000e+00 2.5000e+00
1.7451e+01 1.0000e+05 0.0000e+00 1.0000e+00 1.0000e+05 0.0000e+00 2.5000e+00
1.7843e+01 1.0000e+05 0.0000e+00 1.0000e+00 1.0000e+05 0.0000e+00 2.5000e+00
1.8235e+01 1.0000e+05 0.0000e+00 1.0000e+00 1.0000e+05 0.0000e+00 2.5000e+00
1.8627e+01 1.0000e+05 0.0000e+00 1.0000e+00 1.0000e+05 0.0000e+00 2.5000e+00
1.9020e+01 1.0000e+05 0.0000e+00 1.0000e+00 1.0000e+05 0.0000e+00 2.5000e+00
1.9412e+01 1.0000e+05 0.0000e+00 1.0000e+00 1.0000e+05 0.0000e+00 2.5000e+00
1.9804e+01 1.0000e+05 0.0000e+00 1.0000e+00 1.0000e+05 0.0000e+00 2.5000e+00
2.0196e+01 1.0000e+05 0.0000e+00 1.0000e+00 1.0000e+05 0.0000e+00 2.5000e+00
2.0588e+01 1.0000e+05 0.0000e+00 1.0000e+00 1.0000e+05 0.0000e+00 2.5000e+00
2.0980e+01 1.0000e+05 0.0000e+00 1.0000e+00 1.0000e+05 0.0000e+00 2.5000e+00
2.1373e+01 1.0000e+05 0.0000e+00 1.0000e+00 1.0000e+05 0.0000e+00 2.5000e+00
2.1765e+01 1.0000e+05 0.0000e+00 1.0000e+00 1.0000e+05 0.0000e+00 2.5000e+00
2.2157e+01 1.0000e+05 0.0000e+00 1.0000e+00 1.0000e+05 0.0000e+00 2.5000e+00
2.2549e+01 1.0000e+05 0.0000e+00 1.0000e+00 1.0000e+05 0.0000e+00 2.5000e+00
2.2941e+01 1.0000e+05 0.0000e+00 1.0000e+00 1.0000e+05 0.0000e+00 2.5000e+00
2.3333e+01 1.0000e+05 0.0000e+00 1.0000e+00 1.0000e+05 0.0000e+00 2.5000e+00
2.3725e+01 1.0000e+05 0.0000e+00 1.0000e+00 1.0000e+05 0.0000e+00 2.5000e+00
2.4118e+01 1.0000e+05 0.0000e+00 1.0000e+00 1.0000e+05 0.0000e+00 2.5000e+00
2.4510e+01 1.0000e+05 0.0000e+00 1.0000e+00 1.0000e+05 0.0000e+00 2.5000e+00
2.4902e+01 1.0000e+05 0.0000e+00 1.0000e+00 1.0000e+05 0.0000e+00 2.5000e+00
2.5294e+01 1.0000e+05 0.0000e+00 1.0000e+00 1.0000e+05 0.0000e+00 2.5000e+00
2.5686e+01 1.0000e+05 0.0000e+00 1.0000e+00 1.0000e+05 0.0000e+00 2.5000e+00
2.6078e+01 1.0000e+05 0.0000e+00 1.0000e+00 1.0000e+05 0.0000e+00 2.5000e+00
2.6471e+01 1.0000e+05 0.0000e+00 1.0000e+00 1.0000e+05 0.0000e+00 2.5000e+00
2.6863e+01 1.0000e+05 0.0000e+00 1.0000e+00 1.0000e+05 0.0000e+00 2.5000e+00
2.7255e+01 1.0000e+05 0.0000e+00 1.0000e+00 1.0000e+05 0.0000e+00 2.5000e+00
2.7647e+01 1.0000e+05 0.0000e+00 1.0000e+00 1.0000e+05 0.0000e+00 2.5000e+00
2.8039e+01 1.0000e+05 0.0000e+00 1.0000e+00 1.0000e+05 0.0000e+00 2.5000e+00
2.8431e+01 1.0000e+05 5.0676e-20 1.0000e+00 1.0000e+05 5.0676e-15 2.5000e+00
2.8824e+01 1.0000e+05 5.1978e-19 1.0000e+00 1.0000e+05 5.1978e-14 2.5000e+00
2.9216e+01 1.0000e+05 1.9563e-18 1.0000e+00 1.0000e+05 1.9563e-13 2.5000e+00
2.9608e+01 1.0000e+05 5.1140e-18 1.0000e+00 1.0000e+05 5.1140e-13 2.5000e+00
3.0000e+01 1.0000e+05 1.3097e-17 1.0000e+00 1.0000e+05 1.3097e-12 2.5000e+00
3.0392e+01 1.0000e+05 3.5091e-17 1.0000e+00 1.0000e+05 3.5091e-12 2.5000e+00
3.0784e+01 1.0000e+05 9.6118e-17 1.0000e+00 1.0000e+05 9.6118e-12 2.5000e+00
3.1176e+01 1.0000e+05 2.6342e-16 1.0000e+00 1.0000e+05 2.6342e-11 2.5000e+00
3.1569e+01 1.0000e+05 7.1556e-16 1.0000e+00 1.0000e+05 7.1556e-11 2.5000e+00
3.1961e+01 1.0000e+05 1.9181e-15 1.0000e+00 1.0000e+05 1.9181e-10 2.5000e+00
3.2353e+01 1.0000e+05 5.0640e-15 1.0000e+00 1.0000e+05 5.0640e-10 2.5000e+00
3.2745e+01 1.0000e+05 1.3156e-14 1.0000e+00 1.0000e+05 1.3156e-09 2.5000e+00
3.3137e+01 1.0000e+05 3.3623e-14 1.0000e+00 1.0000e+05 3.3623e-09 2.5000e+00
3.3529e+01 1.0000e+05 8.4513e-14 1.0000e+00 1.0000e+05 8.4513e-09 2.5000e+00
3.3922e+01 1.0000e+05 2.0888e-13 1.0000e+00 1.0000e+05 2.0888e-08 2.5000e+00
3.4314e+01 1.0000e+05 5.0753e-13 1.0000e+00 1.0000e+05 5.0753e-08 2.5000e+00
3.4706e+01 1.0000e+05 1.2122e-12 1.0000e+00 1.0000e+05 1.2122e-07 2.5000e+00
3.5098e+01 1.0000e+05 2.8453e-12 1.0000e+00 1.0000e+05 2.8453e-07 2.5000e+00
3.5490e+01 1.0000e+05 6.5623e-12 1.0000e+00 1.0000e+05 6.5623e-07 2.5000e+00
3.5882e+01 1.0000e+05 1.4869e-11 1.0000e+00 1.0000e+05 1.4869e-06 2.5000e+00
3.6275e+01 1.0000e+05 3.3093e-11 1.0000e+00 1.0000e+05 3.3093e-06 2.5000e+00
3.6667e+01 1.0000e+05 7.2334e-11 1.0000e+00 1.0000e+05 7.2334e-06 2.5000e+00
3.7059e+01 1.0000e+05 1.5524e-10 1.0000e+00 1.0000e+05 1.5524e-05 2.5000e+00
3.7451e+01 1.0000e+05 3.2710e-10 1.0000e+00 1.0000e+05 3.2710e-05 2.5000e+00
3.7843e+01 1.0000e+05 6.7652e-10 1.0000e+00 1.0000e+05 6.7652e-05 2.5000e+00
3.8235e+01 1.0000e+05 1.3732e-09 9.9999e-01 1.0000e+05 1.3732e-04 2.5000e+00
3.8627e+01 1.0000e+05 2.7350e-09 9.9999e-01 1.0000e+05 2.7350e-04 2.5000e+00
3.9020e+01 1.0000e+05 5.3444e-09 9.9998e-01 1.0000e+05 5.3444e-04 2.4999e+00
3.9412e+01 1.0000e+05 1.0244e-08 9.9996e-01 1.0000e+05 1.0244e-03 2.4999e+00
3.9804e+01 1.0000e+05 1.9260e-08 9.9993e-01 1.0000e+05 1.9260e-03 2.4998e+00
4.0196e+01 1.0000e+05 3.5509e-08 9.9987e-01 1.0000e+05 3.5509e-03 2.4997e+00
4.0588e+01 1.0000e+05 6.4194e-08 9.9977e-01 1.0000e+05 6.4194e-03 2.4994e+00
4.0980e+01 1.0000e+05 1.1378e-07 9.9961e-01 1.0000e+05 1.1378e-02 2.4990e+00
4.1373e+01 9.9999e+04 1.9769e-07 9.9935e-01 9.9999e+04 1.9768e-02 2.4984e+00
4.1765e+01 9.9999e+04 3.3667e-07 9.9893e-01 9.9999e+04 3.3667e-02 2.4973e+00
4.2157e+01 9.9998e+04 5.6196e-07 9.9828e-01 9.9998e+04 5.6195e-02 2.4957e+00
4.2549e+01 9.9997e+04 9.1927e-07 9.9728e-01 9.9997e+04 9.1924e-02 2.4932e+00
4.2941e+01 9.9995e+04 1.4736e-06 9.9581e-01 9.9995e+04 1.4736e-01 2.4895e+00
4.3333e+01 9.9992e+04 2.3149e-06 9.9368e-01 9.9992e+04 2.3147e-01 2.4842e+00
4.3725e+01 9.9986e+04 3.5632e-06 9.9067e-01 9.9986e+04 3.5627e-01 2.4767e+00
4.4118e+01 9.9979e+04 5.3743e-06 9.8653e-01 9.9979e+04 5.3732e-01 2.4663e+00
4.4510e+01 9.9968e+04 7.9433e-06 9.8099e-01 9.9968e+04 7.9407e-01 2.4525e+00
4.4902e+01 9.9951e+04 1.1505e-05 9.7376e-01 9.9951e+04 1.1499e+00 2.4344e+00
4.5294e+01 9.9928e+04 1.6331e-05 9.6458e-01 9.9928e+04 1.6319e+00 2.4115e+00
4.5686e+01 9.9896e+04 2.2721e-05 9.5326e-01 9.9896e+04 2.2697e+00 2.3832e+00
4.6078e+01 9.9851e+04 3.0988e-05 9.3969e-01 9.9851e+04 3.0942e+00 2.3493e+00
4.6471e+01 9.9792e+04 4.1439e-05 9.2392e-01 9.9792e+04 4.1353e+00 2.3099e+00
4.6863e+01 9.9715e+04 5.4342e-05 9.0617e-01 9.9715e+04 5.4187e+00 2.2656e+00
4.7255e+01 9.9615e+04 6.9893e-05 8.8692e-01 9.9615e+04 6.9623e+00 2.2175e+00
4.7647e+01 9.9491e+04 8.8222e-05 8.6694e-01 9.9491e+04 8.7773e+00 2.1677e+00
4.8039e+01 9.9325e+04 1.0882e-04 8.4724e-01 9.9325e+04 1.0808e+01 2.1187e+00
4.8431e+01 9.9210e+04 1.3463e-04 8.3048e-01 9.9210e+04 1.3356e+01 2.0771e+00
4.8824e+01 9.8563e+04 1.4512e-04 8.1162e-01 9.8563e+04 1.4304e+01 2.0301e+00
4.9216e+01 9.9832e+04 2.2742e-04 8.2157e-01 9.9832e+04 2.2703e+01 2.0565e+00
4.9608e+01 1.0171e+05 1.4677e-04 7.8016e-01 1.0171e+05 1.4928e+01 1.9515e+00
5.0000e+01 1.2813e+04 1.8410e-04 7.5625e-01 1.2813e+04 2.3588e+00 1.8908e+00
5.0392e+01 1.1533e+04 5.4181e-04 7.6230e-01 1.1533e+04 6.2487e+00 1.9074e+00
5.0784e+01 1.2265e+04 1.0295e-03 7.9256e-01 1.2265e+04 1.2627e+01 1.9879e+00
5.1176e+01 1.2701e+04 1.1196e-03 7.8596e-01 1.2701e+04 1.4221e+01 1.9729e+00
5.1569e+01 1.2717e+04 1.1602e-03 7.7926e-01 1.2717e+04 1.4754e+01 1.9567e+00
5.1961e+01 1.2775e+04 1.1012e-03 7.6367e-01 1.2775e+04 1.4068e+01 1.9169e+00
5.2353e+01 1.2731e+04 1.1104e-03 7.5454e-01 1.2731e+04 1.4136e+01 1.8942e+00
5.2745e+01 1.2762e+04 1.0617e-03 7.3932e-01 1.2762e+04 1.3549e+01 1.8555e+00
5.3137e+01 1.2734e+04 1.0547e-03 7.2704e-01 1.2734e+04 1.3430e+01 1.8247e+00
5.3529e+01 1.2747e+04 1.0115e-03 7.1080e-01 1.2747e+04 1.2894e+01 1.7835e+00
5.3922e+01 1.2728e+04 9.9134e-04 6.9520e-01 1.2728e+04 1.2618e+01 1.7443e+00
5.4314e+01 1.2730e+04 9.4985e-04 6.7691e-01 1.2730e+04 1.2092e+01 1.6980e+00
5.4706e+01 1.2716e+04 9.1934e-04 6.5792e-01 1.2716e+04 1.1691e+01 1.6502e+00
5.5098e+01 1.2711e+04 8.7650e-04 6.3679e-01 1.2711e+04 1.1141e+01 1.5969e+00
5.5490e+01 1.2699e+04 8.3757e-04 6.1418e-01 1.2699e+04 1.0636e+01 1.5399e+00
5.5882e+01 1.2690e+04 7.9120e-04 5.8953e-01 1.2690e+04 1.0040e+01 1.4778e+00
5.6275e+01 1.2677e+04 7.4486e-04 5.6289e-01 1.2677e+04 9.4428e+00 1.4107e+00
5.6667e+01 1.2665e+04 6.9339e-04 5.3402e-01 1.2665e+04 8.7820e+00 1.3381e+00
5.7059e+01 1.2652e+04 6.3983e-04 5.0272e-01 1.2652e+04 8.0950e+00 1.2594e+00
5.7451e+01 1.2638e+04 5.8197e-04 4.6881e-01 1.2638e+04 7.3548e+00 1.1742e+00
5.7843e+01 1.2623e+04 5.2078e-04 4.3196e-01 1.2623e+04 6.5737e+00 1.0816e+00
5.8235e+01 1.2607e+04 4.5525e-04 3.9188e-01 1.2607e+04 5.7392e+00 9.8101e-01
5.8627e+01 1.2590e+04 3.8547e-04 3.4819e-01 1.2590e+04 4.8531e+00 8.7142e-01
5.9020e+01 1.2572e+04 3.1139e-04 3.0080e-01 1.2572e+04 3.9149e+00 7.5261e-01
5.9412e+01 1.2554e+04 2.3476e-04 2.5065e-01 1.2554e+04 2.9472e+00 6.2696e-01
5.9804e+01 1.2537e+04 1.6033e-04 2.0122e-01 1.2537e+04 2.0101e+00 5.0322e-01
6.0196e+01 1.2523e+04 9.6148e-05 1.5880e-01 1.2523e+04 1.2040e+00 3.9705e-01
6.0588e+01 1.2512e+04 4.9544e-05 1.2898e-01 1.2512e+04 6.1989e-01 3.2246e-01
6.0980e+01 1.2505e+04 2.1949e-05 1.1227e-01 1.2505e+04 2.7448e-01 2.8068e-01
6.1373e+01 1.2502e+04 8.5856e-06 1.0465e-01 1.2502e+04 1.0734e-01 2.6162e-01
6.1765e+01 1.2501e+04 3.0900e-06 1.0165e-01 1.2501e+04 3.8628e-02 2.5411e-01
6.2157e+01 1.2500e+04 1.0616e-06 1.0056e-01 1.2500e+04 1.3271e-02 2.5141e-01
6.2549e+01 1.2500e+04 3.5610e-07 1.0019e-01 1.2500e+04 4.4513e-03 2.5047e-01
6.2941e+01 1.2500e+04 1.1783e-07 1.0006e-01 1.2500e+04 1.4729e-03 2.5016e-01
6.3333e+01 1.2500e+04 3.8615e-08 1.0002e-01 1.2500e+04 4.8269e-04 2.5005e-01
6.3725e+01 1.2500e+04 1.2550e-08 1.0001e-01 1.2500e+04 1.5688e-04 2.5002e-01
6.4118e+01 1.2500e+04 4.0467e-09 1.0000e-01 1.2500e+04 5.0583e-05 2.5001e-01
6.4510e+01 1.2500e+04 1.2946e-09 1.0000e-01 1.2500e+04 1.6182e-05 2.5000e-01
6.4902e+01 1.2500e+04 4.1087e-10 1.0000e-01 1.2500e+04 5.1359e-06 2.5000e-01
6.5294e+01 1.2500e+04 1.2936e-10 1.0000e-01 1.2500e+04 1.6170e-06 2.5000e-01
6.5686e+01 1.2500e+04 4.0396e-11 1.0000e-01 1.2500e+04 5.0495e-07 2.5000e-01
6.6078e+01 1.2500e+04 1.2511e-11 1.0000e-01 1.2500e+04 1.5638e-07 2.5000e-01
6.6471e+01 1.2500e+04 3.8422e-12 1.0000e-01 1.2500e+04 4.8027e-08 2.5000e-01
6.6863e+01 1.2500e+04 1.1699e-12 1.0000e-01 1.2500e+04 1.4624e-08 2.5000e-01
6.7255e+01 1.2500e+04 3.5318e-13 1.0000e-01 1.2500e+04 4.4148e-09 2.5000e-01
6.7647e+01 1.2500e+04 1.0569e-13 1.0000e-01 1.2500e+04 1.3211e-09 2.5000e-01
6.8039e+01 1.2500e+04 3.1346e-14 1.0000e-01 1.2500e+04 3.9182e-10 2.5000e-01
6.8431e+01 1.2500e+04 9.2127e-15 1.0000e-01 1.2500e+04 1.1516e-10 2.5000e-01
6.8824e+01 1.2500e+04 2.6825e-15 1.0000e-01 1.2500e+04 3.3531e-11 2.5000e-01
6.9216e+01 1.2500e+04 7.7327e-16 1.0000e-01 1.2500e+04 9.6659e-12 2.5000e-01
6.9608e+01 1.2500e+04 2.2015e-16 1.0000e-01 1.2500e+04 2.7519e-12 2.5000e-01
7.0000e+01 1.2500e+04 6.1425e-17 1.0000e-01 1.2500e+04 7.6781e-13 2.5000e-01
7.0392e+01 1.2500e+04 1.6458e-17 1.0000e-01 1.2500e+04 2.0572e-13 2.5000e-01
7.0784e+01 1.2500e+04 3.8788e-18 1.0000e-01 1.2500e+04 4.8486e-14 2.5000e-01
7.1176e+01 1.2500e+04 5.5942e-19 1.0000e-01 1.2500e+04 6.9927e-15 2.5000e-01
7.1569e+01 1.2500e+04 1.2457e-20 1.0000e-01 1.2500e+04 1.5571e-16 2.5000e-01
7.1961e+01 1.2500e+04 0.0000e+00 1.0000e-01 1.2500e+04 0.0000e+00 2.5000e-01
7.2353e+01 1.2500e+04 0.0000e+00 1.0000e-01 1.2500e+04 0.0000e+00 2.5000e-01
7.2745e+01 1.2500e+04 0.0000e+00 1.0000e-01 1.2500e+04 0.0000e+00 2.5000e-01
7.3137e+01 1.2500e+04 0.0000e+00 1.0000e-01 1.2500e+04 0.0000e+00 2.5000e-01
7.3529e+01 1.2500e+04 0.0000e+00 1.0000e-01 1.2500e+04 0.0000e+00 2.5000e-01
7.3922e+01 1.2500e+04 0.0000e+00 1.0000e-01 1.2500e+04 0.0000e+00 2.5000e-01
7.4314e+01 1.2500e+04 0.0000e+00 1.0000e-01 1.2500e+04 0.0000e+00 2.5000e-01
7.4706e+01 1.2500e+04 0.0000e+00 1.0000e-01 1.2500e+04 0.0000e+00 2.5000e-01
7.5098e+01 1.2500e+04 0.0000e+00 1.0000e-01 1.2500e+04 0.0000e+00 2.5000e-01
7.5490e+01 1.2500e+04 0.0000e+00 1.0000e-01 1.2500e+04 0.0000e+00 2.5000e-01
7.5882e+01 1.2500e+04 0.0000e+00 1.0000e-01 1.2500e+04 0.0000e+00 2.5000e-01
7.6275e+01 1.2500e+04 0.0000e+00 1.0000e-01 1.2500e+04 0.0000e+00 2.5000e-01
7.6667e+01 1.2500e+04 0.0000e+00 1.0000e-01 1.2500e+04 0.0000e+00 2.5000e-01
7.7059e+01 1.2500e+04 0.0000e+00 1.0000e-01 1.2500e+04 0.0000e+00 2.5000e-01
7.7451e+01 1.2500e+04 0.0000e+00 1.0000e-01 1.2500e+04 0.0000e+00 2.5000e-01
7.7843e+01 1.2500e+04 0.0000e+00 1.0000e-01 1.2500e+04 0.0000e+00 2.5000e-01
7.8235e+01 1.2500e+04 0.0000e+00 1.0000e-01 1.2500e+04 0.0000e+00 2.5000e-01
7.8627e+01 1.2500e+04 0.0000e+00 1.0000e-01 1.2500e+04 0.0000e+00 2.5000e-01
7.9020e+01 1.2500e+04 0.0000e+00 1.0000e-01 1.2500e+04 0.0000e+00 2.5000e-01
7.9412e+01 1.2500e+04 0.0000e+00 1.0000e-01 1.2500e+04 0.0000e+00 2.5000e-01
7.9804e+01 1.2500e+04 0.0000e+00 1.0000e-01 1.2500e+04 0.0000e+00 2.5000e-01
8.0196e+01 1.2500e+04 0.0000e+00 1.0000e-01 1.2500e+04 0.0000e+00 2.5000e-01
8.0588e+01 1.2500e+04 0.0000e+00 1.0000e-01 1.2500e+04 0.0000e+00 2.5000e-01
8.0980e+01 1.2500e+04 0.0000e+00 1.0000e-01 1.2500e+04 0.0000e+00 2.5000e-01
8.1373e+01 1.2500e+04 0.0000e+00 1.0000e-01 1.2500e+04 0.0000e+00 2.5000e-01
8.1765e+01 1.2500e+04 0.0000e+00 1.0000e-01 1.2500e+04 0.0000e+00 2.5000e-01
8.2157e+01 1.2500e+04 0.0000e+00 1.0000e-01 1.2500e+04 0.0000e+00 2.5000e-01
8.2549e+01 1.2500e+04 0.0000e+00 1.0000e-01 1.2500e+04 0.0000e+00 2.5000e-01
8.2941e+01 1.2500e+04 0.0000e+00 1.0000e-01 1.2500e+04 0.0000e+00 2.5000e-01
8.3333e+01 1.2500e+04 0.0000e+00 1.0000e-01 1.2500e+04 0.0000e+00 2.5000e-01
8.3725e+01 1.2500e+04 0.0000e+00 1.0000e-01 1.2500e+04 0.0000e+00 2.5000e-01
8.4118e+01 1.2500e+04 0.0000e+00 1.0000e-01 1.2500e+04 0.0000e+00 2.5000e-01
8.4510e+01 1.2500e+04 0.0000e+00 1.0000e-01 1.2500e+04 0.0000e+00 2.5000e-01
8.4902e+01 1.2500e+04 0.0000e+00 1.0000e-01 1.2500e+04 0.0000e+00 2.5000e-01
8.5294e+01 1.2500e+04 0.0000e+00 1.0000e-01 1.2500e+04 0.0000e+00 2.5000e-01
8.5686e+01 1.2500e+04 0.0000e+00 1.0000e-01 1.2500e+04 0.0000e+00 2.5000e-01
8.6078e+01 1.2500e+04 0.0000e+00 1.0000e-01 1.2500e+04 0.0000e+00 2.5000e-01
8.6471e+01 1.2500e+04 0.0000e+00 1.0000e-01 1.2500e+04 0.0000e+00 2.5000e-01
8.6863e+01 1.2500e+04 0.0000e+00 1.0000e-01 1.2500e+04 0.0000e+00 2.5000e-01
8.7255e+01 1.2500e+04 0.0000e+00 1.0000e-01 1.2500e+04 0.0000e+00 2.5000e-01
8.7647e+01 1.2500e+04 0.0000e+00 1.0000e-01 1.2500e+04 0.0000e+00 2.5000e-01
8.8039e+01 1.2500e+04 0.0000e+00 1.0000e-01 1.2500e+04 0.0000e+00 2.5000e-01
8.8431e+01 1.2500e+04 0.0000e+00 1.0000e-01 1.2500e+04 0.0000e+00 2.5000e-01
8.8824e+01 1.2500e+04 0.0000e+00 1.0000e-01 1.2500e+04 0.0000e+00 2.5000e-01
8.9216e+01 1.2500e+04 0.0000e+00 1.0000e-01 1.2500e+04 0.0000e+00 2.5000e-01
8.9608e+01 1.2500e+04 0.0000e+00 1.0000e-01 1.2500e+04 0.0000e+00 2.5000e-01
9.0000e+01 1.2500e+04 0.0000e+00 1.0000e-01 1.2500e+04 0.0000e+00 2.5000e-01
9.0392e+01 1.2500e+04 0.0000e+00 1.0000e-01 1.2500e+04 0.0000e+00 2.5000e-01
9.0784e+01 1.2500e+04 0.0000e+00 1.0000e-01 1.2500e+04 0.0000e+00 2.5000e-01
9.1176e+01 1.2500e+04 0.0000e+00 1.0000e-01 1.2500e+04 0.0000e+00 2.5000e-01
9.1569e+01 1.2500e+04 0.0000e+00 1.0000e-01 1.2500e+04 0.0000e+00 2.5000e-01
9.1961e+01 1.2500e+04 0.0000e+00 1.0000e-01 1.2500e+04 0.0000e+00 2.5000e-01
9.2353e+01 1.2500e+04 0.0000e+00 1.0000e-01 1.2500e+04 0.0000e+00 2.5000e-01
9.2745e+01 1.2500e+04 0.0000e+00 1.0000e-01 1.2500e+04 0.0000e+00 2.5000e-01
9.3137e+01 1.2500e+04 0.0000e+00 1.0000e-01 1.2500e+04 0.0000e+00 2.5000e-01
9.3529e+01 1.2500e+04 0.0000e+00 1.0000e-01 1.2500e+04 0.0000e+00 2.5000e-01
9.3922e+01 1.2500e+04 0.0000e+00 1.0000e-01 1.2500e+04 0.0000e+00 2.5000e-01
9.4314e+01 1.2500e+04 0.0000e+00 1.0000e-01 1.2500e+04 0.0000e+00 2.5000e-01
9.4706e+01 1.2500e+04 0.0000e+00 1.0000e-01 1.2500e+04 0.0000e+00 2.5000e-01
9.5098e+01 1.2500e+04 0.0000e+00 1.0000e-01 1.2500e+04 0.0000e+00 2.5000e-01
9.5490e+01 1.2500e+04 0.0000e+00 1.0000e-01 1.2500e+04 0.0000e+00 2.5000e-01
9.5882e+01 1.2500e+04 0.0000e+00 1.0000e-01 1.2500e+04 0.0000e+00 2.5000e-01
9.6275e+01 1.2500e+04 0.0000e+00 1.0000e-01 1.2500e+04 0.0000e+00 2.5000e-01
9.6667e+01 1.2500e+04 0.0000e+00 1.0000e-01 1.2500e+04 0.0000e+00 2.5000e-01
9.7059e+01 1.2500e+04 0.0000e+00 1.0000e-01 1.2500e+04 0.0000e+00 2.5000e-01
9.7451e+01 1.2500e+04 0.0000e+00 1.0000e-01 1.2500e+04 0.0000e+00 2.5000e-01
9.7843e+01 1.2500e+04 0.0000e+00 1.0000e-01 1.2500e+04 0.0000e+00 2.5000e-01
9.8235e+01 1.2500e+04 0.0000e+00 1.0000e-01 1.2500e+04 0.0000e+00 2.5000e-01
9.8627e+01 1.2500e+04 0.0000e+00 1.0000e-01 1.2500e+04 0.0000e+00 2.5000e-01
9.9020e+01 1.2500e+04 0.0000e+00 1.0000e-01 1.2500e+04 0.0000e+00 2.5000e-01
9.9412e+01 1.2500e+04 0.0000e+00 1.0000e-01 1.2500e+04 0.0000e+00 2.5000e-01
9.9804e+01 1.2500e+04 0.0000e+00 1.0000e-01 1.2500e+04 0.0000e+00 2.5000e-01
