# # x Density Velocity Pressure q0 q1 q2
1.9608e-01 1.0000e+05 7.6358e-12 1.0000e+00 1.0000e+05 7.6358e-07 2.5000e+00
5.8824e-01 1.0000e+05 1.0333e-11 1.0000e+00 1.0000e+05 1.0333e-06 2.5000e+00
9.8039e-01 1.0000e+05 1.2137e-11 1.0000e+00 1.0000e+05 1.2137e-06 2.5000e+00
1.3725e+00 1.0000e+05 1.4444e-11 1.0000e+00 1.0000e+05 1.4444e-06 2.5000e+00
1.7647e+00 1.0000e+05 1.7778e-11 1.0000e+00 1.0000e+05 1.7778e-06 2.5000e+00
2.1569e+00 1.0000e+05 2.2450e-11 1.0000e+00 1.0000e+05 2.2450e-06 2.5000e+00
2.5490e+00 1.0000e+05 2.8775e-11 1.0000e+00 1.0000e+05 2.8775e-06 2.5000e+00
2.9412e+00 1.0000e+05 3.7158e-11 1.0000e+00 1.0000e+05 3.7158e-06 2.5000e+00
3.3333e+00 1.0000e+05 4.8126e-11 1.0000e+00 1.0000e+05 4.8126e-06 2.5000e+00
3.7255e+00 1.0000e+05 6.2364e-11 1.0000e+00 1.0000e+05 6.2364e-06 2.5000e+00
4.1176e+00 1.0000e+05 8.0749e-11 1.0000e+00 1.0000e+05 8.0749e-06 2.5000e+00
4.5098e+00 1.0000e+05 1.0440e-10 1.0000e+00 1.0000e+05 1.0440e-05 2.5000e+00
4.9020e+00 1.0000e+05 1.3472e-10 1.0000e+00 1.0000e+05 1.3472e-05 2.5000e+00
5.2941e+00 1.0000e+05 1.7348e-10 1.0000e+00 1.0000e+05 1.7348e-05 2.5000e+00
5.6863e+00 1.0000e+05 2.2292e-10 1.0000e+00 1.0000e+05 2.2292e-05 2.5000e+00
6.0784e+00 1.0000e+05 2.8581e-10 1.0000e+00 1.0000e+05 2.8581e-05 2.5000e+00
6.4706e+00 1.0000e+05 3.6561e-10 1.0000e+00 1.0000e+05 3.6561e-05 2.5000e+00
6.8627e+00 1.0000e+05 4.6664e-10 1.0000e+00 1.0000e+05 4.6664e-05 2.5000e+00
7.2549e+00 1.0000e+05 5.9424e-10 1.0000e+00 1.0000e+05 5.9424e-05 2.5000e+00
7.6471e+00 1.0000e+05 7.5500e-10 1.0000e+00 1.0000e+05 7.5500e-05 2.5000e+00
8.0392e+00 1.0000e+05 9.5706e-10 1.0000e+00 1.0000e+05 9.5706e-05 2.5000e+00
8.4314e+00 1.0000e+05 1.2104e-09 1.0000e+00 1.0000e+05 1.2104e-04 2.5000e+00
8.8235e+00 1.0000e+05 1.5274e-09 1.0000e+00 1.0000e+05 1.5274e-04 2.5000e+00
9.2157e+00 1.0000e+05 1.9230e-09 1.0000e+00 1.0000e+05 1.9230e-04 2.5000e+00
9.6078e+00 1.0000e+05 2.4156e-09 1.0000e+00 1.0000e+05 2.4156e-04 2.5000e+00
1.0000e+01 1.0000e+05 3.0274e-09 1.0000e+00 1.0000e+05 3.0274e-04 2.5000e+00
1.0392e+01 1.0000e+05 3.7856e-09 9.9999e-01 1.0000e+05 3.7856e-04 2.5000e+00
1.0784e+01 1.0000e+05 4.7229e-09 9.9999e-01 1.0000e+05 4.7229e-04 2.5000e+00
1.1176e+01 1.0000e+05 5.8789e-09 9.9999e-01 1.0000e+05 5.8789e-04 2.5000e+00
1.1569e+01 1.0000e+05 7.3013e-09 9.9999e-01 1.0000e+05 7.3013e-04 2.5000e+00
1.1961e+01 1.0000e+05 9.0472e-09 9.9999e-01 1.0000e+05 9.0472e-04 2.5000e+00
1.2353e+01 1.0000e+05 1.1185e-08 9.9998e-01 1.0000e+05 1.1185e-03 2.5000e+00
1.2745e+01 1.0000e+05 1.3797e-08 9.9998e-01 1.0000e+05 1.3797e-03 2.4999e+00
1.3137e+01 1.0000e+05 1.6981e-08 9.9998e-01 1.0000e+05 1.6981e-03 2.4999e+00
1.3529e+01 1.0000e+05 2.0852e-08 9.9997e-01 1.0000e+05 2.0852e-03 2.4999e+00
1.3922e+01 1.0000e+05 2.5547e-08 9.9996e-01 1.0000e+05 2.5547e-03 2.4999e+00
1.4314e+01 1.0000e+05 3.1229e-08 9.9996e-01 1.0000e+05 3.1229e-03 2.4999e+00
1.4706e+01 1.0000e+05 3.8089e-08 9.9995e-01 1.0000e+05 3.8089e-03 2.4999e+00
1.5098e+01 1.0000e+05 4.6352e-08 9.9994e-01 1.0000e+05 4.6352e-03 2.4998e+00
1.5490e+01 1.0000e+05 5.6279e-08 9.9992e-01 1.0000e+05 5.6279e-03 2.4998e+00
1.5882e+01 1.0000e+05 6.8180e-08 9.9991e-01 1.0000e+05 6.8180e-03 2.4998e+00
1.6275e+01 9.9999e+04 8.2412e-08 9.9989e-01 9.9999e+04 8.2412e-03 2.4997e+00
1.6667e+01 9.9999e+04 9.9392e-08 9.9987e-01 9.9999e+04 9.9391e-03 2.4997e+00
1.7059e+01 9.9999e+04 1.1960e-07 9.9984e-01 9.9999e+04 1.1960e-02 2.4996e+00
1.7451e+01 9.9999e+04 1.4360e-07 9.9981e-01 9.9999e+04 1.4360e-02 2.4995e+00
1.7843e+01 9.9999e+04 1.7203e-07 9.9977e-01 9.9999e+04 1.7202e-02 2.4994e+00
1.8235e+01 9.9998e+04 2.0562e-07 9.9973e-01 9.9998e+04 2.0562e-02 2.4993e+00
1.8627e+01 9.9998e+04 2.4523e-07 9.9968e-01 9.9998e+04 2.4523e-02 2.4992e+00
1.9020e+01 9.9998e+04 2.9182e-07 9.9963e-01 9.9998e+04 2.9182e-02 2.4991e+00
1.9412e+01 9.9997e+04 3.4650e-07 9.9956e-01 9.9997e+04 3.4649e-02 2.4989e+00
1.9804e+01 9.9997e+04 4.1050e-07 9.9949e-01 9.9997e+04 4.1049e-02 2.4987e+00
2.0196e+01 9.9996e+04 4.8525e-07 9.9940e-01 9.9996e+04 4.8523e-02 2.4985e+00
2.0588e+01 9.9995e+04 5.7235e-07 9.9930e-01 9.9995e+04 5.7233e-02 2.4982e+00
2.0980e+01 9.9995e+04 6.7360e-07 9.9918e-01 9.9995e+04 6.7356e-02 2.4979e+00
2.1373e+01 9.9994e+04 7.9101e-07 9.9904e-01 9.9994e+04 7.9096e-02 2.4976e+00
2.1765e+01 9.9992e+04 9.2686e-07 9.9889e-01 9.9992e+04 9.2679e-02 2.4972e+00
2.2157e+01 9.9991e+04 1.0837e-06 9.9872e-01 9.9991e+04 1.0836e-01 2.4968e+00
2.2549e+01 9.9989e+04 1.2642e-06 9.9852e-01 9.9989e+04 1.2641e-01 2.4963e+00
2.2941e+01 9.9988e+04 1.4717e-06 9.9829e-01 9.9988e+04 1.4715e-01 2.4957e+00
2.3333e+01 9.9985e+04 1.7094e-06 9.9804e-01 9.9985e+04 1.7091e-01 2.4951e+00
2.3725e+01 9.9983e+04 1.9813e-06 9.9775e-01 9.9983e+04 1.9809e-01 2.4944e+00
2.4118e+01 9.9980e+04 2.2914e-06 9.9742e-01 9.9980e+04 2.2909e-01 2.4935e+00
2.4510e+01 9.9977e+04 2.6444e-06 9.9705e-01 9.9977e+04 2.6437e-01 2.4926e+00
2.4902e+01 9.9973e+04 3.0452e-06 9.9664e-01 9.9973e+04 3.0443e-01 2.4916e+00
2.5294e+01 9.9969e+04 3.4992e-06 9.9618e-01 9.9969e+04 3.4981e-01 2.4904e+00
2.5686e+01 9.9964e+04 4.0123e-06 9.9566e-01 9.9964e+04 4.0109e-01 2.4892e+00
2.6078e+01 9.9958e+04 4.5910e-06 9.9509e-01 9.9958e+04 4.5891e-01 2.4877e+00
2.6471e+01 9.9952e+04 5.2419e-06 9.9445e-01 9.9952e+04 5.2394e-01 2.4861e+00
2.6863e+01 9.9944e+04 5.9726e-06 9.9375e-01 9.9944e+04 5.9693e-01 2.4844e+00
2.7255e+01 9.9936e+04 6.7908e-06 9.9297e-01 9.9936e+04 6.7864e-01 2.4824e+00
2.7647e+01 9.9927e+04 7.7049e-06 9.9211e-01 9.9927e+04 7.6993e-01 2.4803e+00
2.8039e+01 9.9916e+04 8.7239e-06 9.9116e-01 9.9916e+04 8.7166e-01 2.4779e+00
2.8431e+01 9.9905e+04 9.8571e-06 9.9012e-01 9.9905e+04 9.8477e-01 2.4753e+00
2.8824e+01 9.9891e+04 1.1115e-05 9.8898e-01 9.9891e+04 1.1103e+00 2.4725e+00
2.9216e+01 9.9876e+04 1.2507e-05 9.8774e-01 9.9876e+04 1.2491e+00 2.4694e+00
2.9608e+01 9.9860e+04 1.4045e-05 9.8639e-01 9.9860e+04 1.4025e+00 2.4660e+00
3.0000e+01 9.9841e+04 1.5740e-05 9.8492e-01 9.9841e+04 1.5715e+00 2.4623e+00
3.0392e+01 9.9821e+04 1.7604e-05 9.8332e-01 9.9821e+04 1.7572e+00 2.4583e+00
3.0784e+01 9.9798e+04 1.9649e-05 9.8160e-01 9.9798e+04 1.9610e+00 2.4540e+00
3.1176e+01 9.9773e+04 2.1888e-05 9.7974e-01 9.9773e+04 2.1839e+00 2.4494e+00
3.1569e+01 9.9745e+04 2.4335e-05 9.7774e-01 9.9745e+04 2.4273e+00 2.4444e+00
3.1961e+01 9.9714e+04 2.7001e-05 9.7559e-01 9.9714e+04 2.6924e+00 2.4390e+00
3.2353e+01 9.9680e+04 2.9901e-05 9.7328e-01 9.9680e+04 2.9806e+00 2.4332e+00
3.2745e+01 9.9643e+04 3.3049e-05 9.7082e-01 9.9643e+04 3.2931e+00 2.4271e+00
3.3137e+01 9.9602e+04 3.6458e-05 9.6819e-01 9.9602e+04 3.6312e+00 2.4205e+00
3.3529e+01 9.9557e+04 4.0141e-05 9.6540e-01 9.9557e+04 3.9963e+00 2.4136e+00
3.3922e+01 9.9508e+04 4.4114e-05 9.6244e-01 9.9508e+04 4.3896e+00 2.4062e+00
3.4314e+01 9.9455e+04 4.8388e-05 9.5930e-01 9.9455e+04 4.8124e+00 2.3984e+00
3.4706e+01 9.9397e+04 5.2979e-05 9.5598e-01 9.9397e+04 5.2659e+00 2.3901e+00
3.5098e+01 9.9334e+04 5.7898e-05 9.5249e-01 9.9334e+04 5.7512e+00 2.3814e+00
3.5490e+01 9.9265e+04 6.3158e-05 9.4881e-01 9.9265e+04 6.2694e+00 2.3722e+00
3.5882e+01 9.9192e+04 6.8772e-05 9.4495e-01 9.9192e+04 6.8217e+00 2.3626e+00
3.6275e+01 9.9112e+04 7.4752e-05 9.4092e-01 9.9112e+04 7.4088e+00 2.3526e+00
3.6667e+01 9.9027e+04 8.1108e-05 9.3670e-01 9.9027e+04 8.0318e+00 2.3421e+00
3.7059e+01 9.8935e+04 8.7850e-05 9.3231e-01 9.8935e+04 8.6914e+00 2.3312e+00
3.7451e+01 9.8836e+04 9.4989e-05 9.2774e-01 9.8836e+04 9.3883e+00 2.3198e+00
3.7843e+01 9.8730e+04 1.0253e-04 9.2300e-01 9.8730e+04 1.0123e+01 2.3080e+00
3.8235e+01 9.8617e+04 1.1049e-04 9.1809e-01 9.8617e+04 1.0896e+01 2.2958e+00
3.8627e+01 9.8497e+04 1.1886e-04 9.1302e-01 9.8497e+04 1.1707e+01 2.2832e+00
3.9020e+01 9.8369e+04 1.2766e-04 9.0779e-01 9.8369e+04 1.2557e+01 2.2703e+00
3.9412e+01 9.8233e+04 1.3688e-04 9.0241e-01 9.8233e+04 1.3446e+01 2.2570e+00
3.9804e+01 9.8088e+04 1.4654e-04 8.9689e-01 9.8088e+04 1.4374e+01 2.2433e+00
4.0196e+01 9.7935e+04 1.5661e-04 8.9124e-01 9.7935e+04 1.5338e+01 2.2293e+00
4.0588e+01 9.7774e+04 1.6716e-04 8.8546e-01 9.7774e+04 1.6344e+01 2.2150e+00
4.0980e+01 9.7602e+04 1.7803e-04 8.7954e-01 9.7602e+04 1.7376e+01 2.2004e+00
4.1373e+01 9.7429e+04 1.8964e-04 8.7361e-01 9.7429e+04 1.8476e+01 2.1858e+00
4.1765e+01 9.7223e+04 2.0083e-04 8.6730e-01 9.7223e+04 1.9525e+01 2.1702e+00
4.2157e+01 9.7066e+04 2.1453e-04 8.6162e-01 9.7066e+04 2.0824e+01 2.1563e+00
4.2549e+01 9.6766e+04 2.2376e-04 8.5420e-01 9.6766e+04 2.1653e+01 2.1379e+00
4.2941e+01 9.6748e+04 2.4400e-04 8.5033e-01 9.6748e+04 2.3607e+01 2.1287e+00
4.3333e+01 9.6132e+04 2.4324e-04 8.3916e-01 9.6132e+04 2.3384e+01 2.1007e+00
4.3725e+01 9.6597e+04 2.8239e-04 8.4128e-01 9.6597e+04 2.7278e+01 2.1071e+00
4.4118e+01 9.5216e+04 2.5524e-04 8.2103e-01 9.5216e+04 2.4303e+01 2.0557e+00
4.4510e+01 9.6603e+04 3.2891e-04 8.3430e-01 9.6603e+04 3.1774e+01 2.0910e+00
4.4902e+01 9.4284e+04 2.6938e-04 8.0322e-01 9.4284e+04 2.5398e+01 2.0115e+00
4.5294e+01 9.6167e+04 3.6230e-04 8.2235e-01 9.6167e+04 3.4842e+01 2.0622e+00
4.5686e+01 9.4109e+04 3.1461e-04 7.9520e-01 9.4109e+04 2.9607e+01 1.9927e+00
4.6078e+01 9.4798e+04 3.6502e-04 8.0003e-01 9.4798e+04 3.4603e+01 2.0064e+00
4.6471e+01 9.4311e+04 3.7567e-04 7.9196e-01 9.4311e+04 3.5430e+01 1.9865e+00
4.6863e+01 9.3906e+04 3.8705e-04 7.8409e-01 9.3906e+04 3.6347e+01 1.9672e+00
4.7255e+01 9.3314e+04 3.9507e-04 7.7513e-01 9.3314e+04 3.6866e+01 1.9451e+00
4.7647e+01 9.3785e+04 4.3929e-04 7.7777e-01 9.3785e+04 4.1199e+01 1.9535e+00
4.8039e+01 9.2725e+04 4.2712e-04 7.6251e-01 9.2725e+04 3.9605e+01 1.9147e+00
4.8431e+01 9.1724e+04 4.5725e-04 7.6067e-01 9.1724e+04 4.1941e+01 1.9113e+00
4.8824e+01 9.7396e+04 4.7210e-04 7.5390e-01 9.7396e+04 4.5981e+01 1.8956e+00
4.9216e+01 7.3290e+04 4.9561e-04 7.5096e-01 7.3290e+04 3.6323e+01 1.8864e+00
4.9608e+01 1.2848e+05 5.0877e-04 7.4198e-01 1.2848e+05 6.5367e+01 1.8716e+00
5.0000e+01 8.1839e+04 5.1625e-04 7.3528e-01 8.1839e+04 4.2250e+01 1.8491e+00
5.0392e+01 3.4422e+04 5.3309e-04 7.3273e-01 3.4422e+04 1.8350e+01 1.8367e+00
5.0784e+01 1.4560e+04 5.5882e-04 7.3234e-01 1.4560e+04 8.1366e+00 1.8331e+00
5.1176e+01 9.0112e+03 6.1917e-04 7.3328e-01 9.0112e+03 5.5794e+00 1.8349e+00
5.1569e+01 7.9141e+03 6.5933e-04 7.2887e-01 7.9141e+03 5.2180e+00 1.8239e+00
5.1961e+01 8.2801e+03 7.4329e-04 7.2785e-01 8.2801e+03 6.1545e+00 1.8219e+00
5.2353e+01 8.9175e+03 8.7914e-04 7.3317e-01 8.9175e+03 7.8397e+00 1.8364e+00
5.2745e+01 9.5523e+03 9.4202e-04 7.3310e-01 9.5523e+03 8.9984e+00 1.8370e+00
5.3137e+01 9.9869e+03 9.3585e-04 7.2743e-01 9.9869e+03 9.3462e+00 1.8230e+00
5.3529e+01 1.0389e+04 9.7273e-04 7.2690e-01 1.0389e+04 1.0106e+01 1.8222e+00
5.3922e+01 1.0738e+04 1.0515e-03 7.3143e-01 1.0738e+04 1.1292e+01 1.8345e+00
5.4314e+01 1.1002e+04 1.0933e-03 7.3267e-01 1.1002e+04 1.2028e+01 1.8383e+00
5.4706e+01 1.1152e+04 1.0841e-03 7.2894e-01 1.1152e+04 1.2090e+01 1.8289e+00
5.5098e+01 1.1281e+04 1.0804e-03 7.2583e-01 1.1281e+04 1.2188e+01 1.8212e+00
5.5490e+01 1.1429e+04 1.1158e-03 7.2722e-01 1.1429e+04 1.2753e+01 1.8252e+00
5.5882e+01 1.1579e+04 1.1644e-03 7.3030e-01 1.1579e+04 1.3483e+01 1.8336e+00
5.6275e+01 1.1683e+04 1.1876e-03 7.3081e-01 1.1683e+04 1.3874e+01 1.8353e+00
5.6667e+01 1.1741e+04 1.1817e-03 7.2833e-01 1.1741e+04 1.3875e+01 1.8290e+00
5.7059e+01 1.1789e+04 1.1744e-03 7.2550e-01 1.1789e+04 1.3845e+01 1.8219e+00
5.7451e+01 1.1862e+04 1.1915e-03 7.2551e-01 1.1862e+04 1.4133e+01 1.8222e+00
5.7843e+01 1.1955e+04 1.2304e-03 7.2807e-01 1.1955e+04 1.4710e+01 1.8292e+00
5.8235e+01 1.2041e+04 1.2667e-03 7.3047e-01 1.2041e+04 1.5252e+01 1.8358e+00
5.8627e+01 1.2093e+04 1.2818e-03 7.3062e-01 1.2093e+04 1.5501e+01 1.8365e+00
5.9020e+01 1.2117e+04 1.2769e-03 7.2865e-01 1.2117e+04 1.5472e+01 1.8315e+00
5.9412e+01 1.2135e+04 1.2695e-03 7.2618e-01 1.2135e+04 1.5405e+01 1.8252e+00
5.9804e+01 1.2173e+04 1.2794e-03 7.2575e-01 1.2173e+04 1.5575e+01 1.8243e+00
6.0196e+01 1.2240e+04 1.3127e-03 7.2803e-01 1.2240e+04 1.6067e+01 1.8306e+00
6.0588e+01 1.2319e+04 1.3568e-03 7.3161e-01 1.2319e+04 1.6714e+01 1.8404e+00
6.0980e+01 1.2386e+04 1.3933e-03 7.3444e-01 1.2386e+04 1.7258e+01 1.8481e+00
6.1373e+01 1.2426e+04 1.4112e-03 7.3522e-01 1.2426e+04 1.7536e+01 1.8504e+00
6.1765e+01 1.2441e+04 1.4111e-03 7.3399e-01 1.2441e+04 1.7555e+01 1.8474e+00
6.2157e+01 1.2444e+04 1.4031e-03 7.3177e-01 1.2444e+04 1.7460e+01 1.8417e+00
6.2549e+01 1.2459e+04 1.4027e-03 7.3037e-01 1.2459e+04 1.7476e+01 1.8382e+00
6.2941e+01 1.2501e+04 1.4240e-03 7.3150e-01 1.2501e+04 1.7801e+01 1.8414e+00
6.3333e+01 1.2575e+04 1.4692e-03 7.3544e-01 1.2575e+04 1.8475e+01 1.8522e+00
6.3725e+01 1.2672e+04 1.5313e-03 7.4139e-01 1.2672e+04 1.9404e+01 1.8683e+00
6.4118e+01 1.2778e+04 1.5993e-03 7.4813e-01 1.2778e+04 2.0435e+01 1.8867e+00
6.4510e+01 1.2877e+04 1.6630e-03 7.5447e-01 1.2877e+04 2.1415e+01 1.9040e+00
6.4902e+01 1.2961e+04 1.7156e-03 7.5957e-01 1.2961e+04 2.2236e+01 1.9180e+00
6.5294e+01 1.3024e+04 1.7540e-03 7.6307e-01 1.3024e+04 2.2845e+01 1.9277e+00
6.5686e+01 1.3068e+04 1.7789e-03 7.6500e-01 1.3068e+04 2.3247e+01 1.9332e+00
6.6078e+01 1.3096e+04 1.7928e-03 7.6567e-01 1.3096e+04 2.3479e+01 1.9352e+00
6.6471e+01 1.3113e+04 1.7993e-03 7.6545e-01 1.3113e+04 2.3594e+01 1.9349e+00
6.6863e+01 1.3123e+04 1.8013e-03 7.6472e-01 1.3123e+04 2.3639e+01 1.9331e+00
6.7255e+01 1.3130e+04 1.8011e-03 7.6373e-01 1.3130e+04 2.3648e+01 1.9306e+00
6.7647e+01 1.3135e+04 1.7999e-03 7.6264e-01 1.3135e+04 2.3642e+01 1.9279e+00
6.8039e+01 1.3139e+04 1.7983e-03 7.6149e-01 1.3139e+04 2.3628e+01 1.9250e+00
6.8431e+01 1.3143e+04 1.7964e-03 7.6030e-01 1.3143e+04 2.3610e+01 1.9220e+00
6.8824e+01 1.3147e+04 1.7942e-03 7.5907e-01 1.3147e+04 2.3588e+01 1.9188e+00
6.9216e+01 1.3150e+04 1.7919e-03 7.5781e-01 1.3150e+04 2.3563e+01 1.9156e+00
6.9608e+01 1.3153e+04 1.7893e-03 7.5651e-01 1.3153e+04 2.3534e+01 1.9123e+00
7.0000e+01 1.3156e+04 1.7865e-03 7.5517e-01 1.3156e+04 2.3502e+01 1.9089e+00
7.0392e+01 1.3158e+04 1.7835e-03 7.5380e-01 1.3158e+04 2.3468e+01 1.9054e+00
7.0784e+01 1.3160e+04 1.7804e-03 7.5240e-01 1.3160e+04 2.3431e+01 1.9018e+00
7.1176e+01 1.3162e+04 1.7771e-03 7.5096e-01 1.3162e+04 2.3390e+01 1.8982e+00
7.1569e+01 1.3164e+04 1.7736e-03 7.4948e-01 1.3164e+04 2.3348e+01 1.8944e+00
7.1961e+01 1.3166e+04 1.7699e-03 7.4797e-01 1.3166e+04 2.3302e+01 1.8905e+00
7.2353e+01 1.3167e+04 1.7660e-03 7.4642e-01 1.3167e+04 2.3254e+01 1.8866e+00
7.2745e+01 1.3168e+04 1.7620e-03 7.4483e-01 1.3168e+04 2.3203e+01 1.8825e+00
7.3137e+01 1.3169e+04 1.7578e-03 7.4321e-01 1.3169e+04 2.3150e+01 1.8784e+00
7.3529e+01 1.3170e+04 1.7535e-03 7.4154e-01 1.3170e+04 2.3094e+01 1.8741e+00
7.3922e+01 1.3171e+04 1.7490e-03 7.3983e-01 1.3171e+04 2.3036e+01 1.8697e+00
7.4314e+01 1.3171e+04 1.7443e-03 7.3808e-01 1.3171e+04 2.2975e+01 1.8652e+00
7.4706e+01 1.3172e+04 1.7395e-03 7.3628e-01 1.3172e+04 2.2913e+01 1.8606e+00
7.5098e+01 1.3172e+04 1.7346e-03 7.3443e-01 1.3172e+04 2.2848e+01 1.8559e+00
7.5490e+01 1.3172e+04 1.7295e-03 7.3253e-01 1.3172e+04 2.2781e+01 1.8510e+00
7.5882e+01 1.3172e+04 1.7243e-03 7.3058e-01 1.3172e+04 2.2711e+01 1.8460e+00
7.6275e+01 1.3171e+04 1.7189e-03 7.2855e-01 1.3171e+04 2.2640e+01 1.8408e+00
7.6667e+01 1.3171e+04 1.7135e-03 7.2646e-01 1.3171e+04 2.2568e+01 1.8355e+00
7.7059e+01 1.3170e+04 1.7080e-03 7.2430e-01 1.3170e+04 2.2494e+01 1.8299e+00
7.7451e+01 1.3169e+04 1.7024e-03 7.2204e-01 1.3169e+04 2.2418e+01 1.8242e+00
7.7843e+01 1.3168e+04 1.6967e-03 7.1970e-01 1.3168e+04 2.2342e+01 1.8182e+00
7.8235e+01 1.3166e+04 1.6910e-03 7.1725e-01 1.3166e+04 2.2265e+01 1.8120e+00
7.8627e+01 1.3165e+04 1.6853e-03 7.1469e-01 1.3165e+04 2.2187e+01 1.8054e+00
7.9020e+01 1.3163e+04 1.6797e-03 7.1200e-01 1.3163e+04 2.2110e+01 1.7986e+00
7.9412e+01 1.3161e+04 1.6741e-03 7.0917e-01 1.3161e+04 2.2032e+01 1.7914e+00
7.9804e+01 1.3159e+04 1.6686e-03 7.0619e-01 1.3159e+04 2.1956e+01 1.7838e+00
8.0196e+01 1.3156e+04 1.6632e-03 7.0305e-01 1.3156e+04 2.1881e+01 1.7758e+00
8.0588e+01 1.3153e+04 1.6579e-03 6.9972e-01 1.3153e+04 2.1808e+01 1.7674e+00
8.0980e+01 1.3150e+04 1.6529e-03 6.9621e-01 1.3150e+04 2.1736e+01 1.7585e+00
8.1373e+01 1.3147e+04 1.6481e-03 6.9250e-01 1.3147e+04 2.1668e+01 1.7491e+00
8.1765e+01 1.3143e+04 1.6436e-03 6.8858e-01 1.3143e+04 2.1602e+01 1.7392e+00
8.2157e+01 1.3139e+04 1.6394e-03 6.8443e-01 1.3139e+04 2.1540e+01 1.7287e+00
8.2549e+01 1.3135e+04 1.6355e-03 6.8004e-01 1.3135e+04 2.1481e+01 1.7177e+00
8.2941e+01 1.3130e+04 1.6320e-03 6.7542e-01 1.3130e+04 2.1427e+01 1.7060e+00
8.3333e+01 1.3124e+04 1.6289e-03 6.7055e-01 1.3124e+04 2.1378e+01 1.6938e+00
8.3725e+01 1.3119e+04 1.6262e-03 6.6542e-01 1.3119e+04 2.1334e+01 1.6809e+00
8.4118e+01 1.3113e+04 1.6240e-03 6.6003e-01 1.3113e+04 2.1295e+01 1.6674e+00
8.4510e+01 1.3106e+04 1.6222e-03 6.5437e-01 1.3106e+04 2.1261e+01 1.6532e+00
8.4902e+01 1.3099e+04 1.6210e-03 6.4845e-01 1.3099e+04 2.1234e+01 1.6383e+00
8.5294e+01 1.3092e+04 1.6203e-03 6.4225e-01 1.3092e+04 2.1213e+01 1.6228e+00
8.5686e+01 1.3084e+04 1.6202e-03 6.3578e-01 1.3084e+04 2.1198e+01 1.6066e+00
8.6078e+01 1.3076e+04 1.6206e-03 6.2901e-01 1.3076e+04 2.1191e+01 1.5897e+00
8.6471e+01 1.3067e+04 1.6217e-03 6.2196e-01 1.3067e+04 2.1190e+01 1.5721e+00
8.6863e+01 1.3057e+04 1.6234e-03 6.1461e-01 1.3057e+04 2.1197e+01 1.5537e+00
8.7255e+01 1.3047e+04 1.6257e-03 6.0695e-01 1.3047e+04 2.1212e+01 1.5346e+00
8.7647e+01 1.3037e+04 1.6288e-03 5.9900e-01 1.3037e+04 2.1234e+01 1.5148e+00
8.8039e+01 1.3026e+04 1.6325e-03 5.9073e-01 1.3026e+04 2.1265e+01 1.4942e+00
8.8431e+01 1.3015e+04 1.6369e-03 5.8217e-01 1.3015e+04 2.1303e+01 1.4729e+00
8.8824e+01 1.3003e+04 1.6419e-03 5.7333e-01 1.3003e+04 2.1349e+01 1.4508e+00
8.9216e+01 1.2990e+04 1.6475e-03 5.6421e-01 1.2990e+04 2.1402e+01 1.4282e+00
8.9608e+01 1.2977e+04 1.6536e-03 5.5485e-01 1.2977e+04 2.1460e+01 1.4049e+00
9.0000e+01 1.2964e+04 1.6602e-03 5.4531e-01 1.2964e+04 2.1523e+01 1.3811e+00
9.0392e+01 1.2951e+04 1.6669e-03 5.3563e-01 1.2951e+04 2.1587e+01 1.3571e+00
9.0784e+01 1.2938e+04 1.6735e-03 5.2593e-01 1.2938e+04 2.1650e+01 1.3329e+00
9.1176e+01 1.2924e+04 1.6795e-03 5.1636e-01 1.2924e+04 2.1707e+01 1.3091e+00
9.1569e+01 1.2912e+04 1.6845e-03 5.0712e-01 1.2912e+04 2.1749e+01 1.2861e+00
9.1961e+01 1.2900e+04 1.6873e-03 4.9854e-01 1.2900e+04 2.1767e+01 1.2647e+00
9.2353e+01 1.2890e+04 1.6869e-03 4.9111e-01 1.2890e+04 2.1744e+01 1.2461e+00
9.2745e+01 1.2882e+04 1.6814e-03 4.8550e-01 1.2882e+04 2.1661e+01 1.2320e+00
9.3137e+01 1.2878e+04 1.6694e-03 4.8231e-01 1.2878e+04 2.1498e+01 1.2237e+00
9.3529e+01 1.2876e+04 1.6504e-03 4.8178e-01 1.2876e+04 2.1252e+01 1.2220e+00
9.3922e+01 1.2877e+04 1.6250e-03 4.8362e-01 1.2877e+04 2.0926e+01 1.2260e+00
9.4314e+01 1.2881e+04 1.5956e-03 4.8761e-01 1.2881e+04 2.0554e+01 1.2354e+00
9.4706e+01 1.2884e+04 1.5607e-03 4.9295e-01 1.2884e+04 2.0109e+01 1.2481e+00
9.5098e+01 1.2893e+04 1.5272e-03 5.0068e-01 1.2893e+04 1.9691e+01 1.2667e+00
9.5490e+01 1.2890e+04 1.4820e-03 5.0817e-01 1.2890e+04 1.9103e+01 1.2846e+00
9.5882e+01 1.2914e+04 1.4526e-03 5.2086e-01 1.2914e+04 1.8759e+01 1.3158e+00
9.6275e+01 1.2883e+04 1.3856e-03 5.2803e-01 1.2883e+04 1.7850e+01 1.3324e+00
9.6667e+01 1.2956e+04 1.3827e-03 5.5002e-01 1.2956e+04 1.7915e+01 1.3874e+00
9.7059e+01 1.2822e+04 1.2604e-03 5.4932e-01 1.2822e+04 1.6160e+01 1.3835e+00
9.7451e+01 1.3067e+04 1.3579e-03 5.9160e-01 1.3067e+04 1.7744e+01 1.4911e+00
9.7843e+01 1.2421e+04 1.0859e-03 5.5917e-01 1.2421e+04 1.3488e+01 1.4052e+00
9.8235e+01 1.3346e+04 1.6513e-03 6.3855e-01 1.3346e+04 2.2037e+01 1.6146e+00
9.8627e+01 1.0931e+04 8.6586e-04 5.0921e-01 1.0931e+04 9.4646e+00 1.2771e+00
9.9020e+01 1.4084e+04 2.5698e-03 6.5410e-01 1.4084e+04 3.6192e+01 1.6818e+00
9.9412e+01 5.8586e+03 6.0442e-04 3.5948e-01 5.8586e+03 3.5411e+00 8.9977e-01
9.9804e+01 1.7339e+04 4.1273e-03 5.1372e-01 1.7339e+04 7.1563e+01 1.4320e+00
