# # x Density Velocity Pressure q0 q1 q2
1.9608e-01 1.0000e+05 0.0000e+00 1.0000e+00 1.0000e+05 0.0000e+00 2.5000e+00
5.8824e-01 1.0000e+05 0.0000e+00 1.0000e+00 1.0000e+05 0.0000e+00 2.5000e+00
9.8039e-01 1.0000e+05 0.0000e+00 1.0000e+00 1.0000e+05 0.0000e+00 2.5000e+00
1.3725e+00 1.0000e+05 0.0000e+00 1.0000e+00 1.0000e+05 0.0000e+00 2.5000e+00
1.7647e+00 1.0000e+05 0.0000e+00 1.0000e+00 1.0000e+05 0.0000e+00 2.5000e+00
2.1569e+00 1.0000e+05 0.0000e+00 1.0000e+00 1.0000e+05 0.0000e+00 2.5000e+00
2.5490e+00 1.0000e+05 0.0000e+00 1.0000e+00 1.0000e+05 0.0000e+00 2.5000e+00
2.9412e+00 1.0000e+05 0.0000e+00 1.0000e+00 1.0000e+05 0.0000e+00 2.5000e+00
3.3333e+00 1.0000e+05 0.0000e+00 1.0000e+00 1.0000e+05 0.0000e+00 2.5000e+00
3.7255e+00 1.0000e+05 0.0000e+00 1.0000e+00 1.0000e+05 0.0000e+00 2.5000e+00
4.1176e+00 1.0000e+05 0.0000e+00 1.0000e+00 1.0000e+05 0.0000e+00 2.5000e+00
4.5098e+00 1.0000e+05 0.0000e+00 1.0000e+00 1.0000e+05 0.0000e+00 2.5000e+00
4.9020e+00 1.0000e+05 0.0000e+00 1.0000e+00 1.0000e+05 0.0000e+00 2.5000e+00
5.2941e+00 1.0000e+05 0.0000e+00 1.0000e+00 1.0000e+05 0.0000e+00 2.5000e+00
5.6863e+00 1.0000e+05 0.0000e+00 1.0000e+00 1.0000e+05 0.0000e+00 2.5000e+00
6.0784e+00 1.0000e+05 0.0000e+00 1.0000e+00 1.0000e+05 0.0000e+00 2.5000e+00
6.4706e+00 1.0000e+05 0.0000e+00 1.0000e+00 1.0000e+05 0.0000e+00 2.5000e+00
6.8627e+00 1.0000e+05 0.0000e+00 1.0000e+00 1.0000e+05 0.0000e+00 2.5000e+00
7.2549e+00 1.0000e+05 0.0000e+00 1.0000e+00 1.0000e+05 0.0000e+00 2.5000e+00
7.6471e+00 1.0000e+05 0.0000e+00 1.0000e+00 1.0000e+05 0.0000e+00 2.5000e+00
8.0392e+00 1.0000e+05 0.0000e+00 1.0000e+00 1.0000e+05 0.0000e+00 2.5000e+00
8.4314e+00 1.0000e+05 0.0000e+00 1.0000e+00 1.0000e+05 0.0000e+00 2.5000e+00
8.8235e+00 1.0000e+05 0.0000e+00 1.0000e+00 1.0000e+05 0.0000e+00 2.5000e+00
9.2157e+00 1.0000e+05 0.0000e+00 1.0000e+00 1.0000e+05 0.0000e+00 2.5000e+00
9.6078e+00 1.0000e+05 0.0000e+00 1.0000e+00 1.0000e+05 0.0000e+00 2.5000e+00
1.0000e+01 1.0000e+05 0.0000e+00 1.0000e+00 1.0000e+05 0.0000e+00 2.5000e+00
1.0392e+01 1.0000e+05 0.0000e+00 1.0000e+00 1.0000e+05 0.0000e+00 2.5000e+00
1.0784e+01 1.0000e+05 0.0000e+00 1.0000e+00 1.0000e+05 0.0000e+00 2.5000e+00
1.1176e+01 1.0000e+05 0.0000e+00 1.0000e+00 1.0000e+05 0.0000e+00 2.5000e+00
1.1569e+01 1.0000e+05 0.0000e+00 1.0000e+00 1.0000e+05 0.0000e+00 2.5000e+00
1.1961e+01 1.0000e+05 0.0000e+00 1.0000e+00 1.0000e+05 0.0000e+00 2.5000e+00
1.2353e+01 1.0000e+05 0.0000e+00 1.0000e+00 1.0000e+05 0.0000e+00 2.5000e+00
1.2745e+01 1.0000e+05 0.0000e+00 1.0000e+00 1.0000e+05 0.0000e+00 2.5000e+00
1.3137e+01 1.0000e+05 0.0000e+00 1.0000e+00 1.0000e+05 0.0000e+00 2.5000e+00
1.3529e+01 1.0000e+05 0.0000e+00 1.0000e+00 1.0000e+05 0.0000e+00 2.5000e+00
1.3922e+01 1.0000e+05 0.0000e+00 1.0000e+00 1.0000e+05 0.0000e+00 2.5000e+00
1.4314e+01 1.0000e+05 0.0000e+00 1.0000e+00 1.0000e+05 0.0000e+00 2.5000e+00
1.4706e+01 1.0000e+05 0.0000e+00 1.0000e+00 1.0000e+05 0.0000e+00 2.5000e+00
1.5098e+01 1.0000e+05 0.0000e+00 1.0000e+00 1.0000e+05 0.0000e+00 2.5000e+00
1.5490e+01 1.0000e+05 0.0000e+00 1.0000e+00 1.0000e+05 0.0000e+00 2.5000e+00
1.5882e+01 1.0000e+05 0.0000e+00 1.0000e+00 1.0000e+05 0.0000e+00 2.5000e+00
1.6275e+01 1.0000e+05 0.0000e+00 1.0000e+00 1.0000e+05 0.0000e+00 2.5000e+00
1.6667e+01 1.0000e+05 0.0000e+00 1.0000e+00 1.0000e+05 0.0000e+00 2.5000e+00
1.7059e+01 1.0000e+05 0.0000e+00 1.0000e+00 1.0000e+05 0.0000e+00 2.5000e+00
1.7451e+01 1.0000e+05 0.0000e+00 1.0000e+00 1.0000e+05 0.0000e+00 2.5000e+00
1.7843e+01 1.0000e+05 0.0000e+00 1.0000e+00 1.0000e+05 0.0000e+00 2.5000e+00
1.8235e+01 1.0000e+05 0.0000e+00 1.0000e+00 1.0000e+05 0.0000e+00 2.5000e+00
1.8627e+01 1.0000e+05 0.0000e+00 1.0000e+00 1.0000e+05 0.0000e+00 2.5000e+00
1.9020e+01 1.0000e+05 0.0000e+00 1.0000e+00 1.0000e+05 0.0000e+00 2.5000e+00
1.9412e+01 1.0000e+05 0.0000e+00 1.0000e+00 1.0000e+05 0.0000e+00 2.5000e+00
1.9804e+01 1.0000e+05 0.0000e+00 1.0000e+00 1.0000e+05 0.0000e+00 2.5000e+00
2.0196e+01 1.0000e+05 0.0000e+00 1.0000e+00 1.0000e+05 0.0000e+00 2.5000e+00
2.0588e+01 1.0000e+05 0.0000e+00 1.0000e+00 1.0000e+05 0.0000e+00 2.5000e+00
2.0980e+01 1.0000e+05 0.0000e+00 1.0000e+00 1.0000e+05 0.0000e+00 2.5000e+00
2.1373e+01 1.0000e+05 0.0000e+00 1.0000e+00 1.0000e+05 0.0000e+00 2.5000e+00
2.1765e+01 1.0000e+05 0.0000e+00 1.0000e+00 1.0000e+05 0.0000e+00 2.5000e+00
2.2157e+01 1.0000e+05 0.0000e+00 1.0000e+00 1.0000e+05 0.0000e+00 2.5000e+00
2.2549e+01 1.0000e+05 0.0000e+00 1.0000e+00 1.0000e+05 0.0000e+00 2.5000e+00
2.2941e+01 1.0000e+05 0.0000e+00 1.0000e+00 1.0000e+05 0.0000e+00 2.5000e+00
2.3333e+01 1.0000e+05 0.0000e+00 1.0000e+00 1.0000e+05 0.0000e+00 2.5000e+00
2.3725e+01 1.0000e+05 0.0000e+00 1.0000e+00 1.0000e+05 0.0000e+00 2.5000e+00
2.4118e+01 1.0000e+05 0.0000e+00 1.0000e+00 1.0000e+05 0.0000e+00 2.5000e+00
2.4510e+01 1.0000e+05 0.0000e+00 1.0000e+00 1.0000e+05 0.0000e+00 2.5000e+00
2.4902e+01 1.0000e+05 0.0000e+00 1.0000e+00 1.0000e+05 0.0000e+00 2.5000e+00
2.5294e+01 1.0000e+05 0.0000e+00 1.0000e+00 1.0000e+05 0.0000e+00 2.5000e+00
2.5686e+01 1.0000e+05 0.0000e+00 1.0000e+00 1.0000e+05 0.0000e+00 2.5000e+00
2.6078e+01 1.0000e+05 0.0000e+00 1.0000e+00 1.0000e+05 0.0000e+00 2.5000e+00
2.6471e+01 1.0000e+05 0.0000e+00 1.0000e+00 1.0000e+05 0.0000e+00 2.5000e+00
2.6863e+01 1.0000e+05 0.0000e+00 1.0000e+00 1.0000e+05 0.0000e+00 2.5000e+00
2.7255e+01 1.0000e+05 0.0000e+00 1.0000e+00 1.0000e+05 0.0000e+00 2.5000e+00
2.7647e+01 1.0000e+05 0.0000e+00 1.0000e+00 1.0000e+05 0.0000e+00 2.5000e+00
2.8039e+01 1.0000e+05 0.0000e+00 1.0000e+00 1.0000e+05 0.0000e+00 2.5000e+00
2.8431e+01 1.0000e+05 1.3249e-19 1.0000e+00 1.0000e+05 1.3249e-14 2.5000e+00
2.8824e+01 1.0000e+05 8.6234e-19 1.0000e+00 1.0000e+05 8.6234e-14 2.5000e+00
2.9216e+01 1.0000e+05 2.7164e-18 1.0000e+00 1.0000e+05 2.7164e-13 2.5000e+00
2.9608e+01 1.0000e+05 6.8546e-18 1.0000e+00 1.0000e+05 6.8546e-13 2.5000e+00
3.0000e+01 1.0000e+05 1.7713e-17 1.0000e+00 1.0000e+05 1.7713e-12 2.5000e+00
3.0392e+01 1.0000e+05 4.7664e-17 1.0000e+00 1.0000e+05 4.7664e-12 2.5000e+00
3.0784e+01 1.0000e+05 1.3006e-16 1.0000e+00 1.0000e+05 1.3006e-11 2.5000e+00
3.1176e+01 1.0000e+05 3.5391e-16 1.0000e+00 1.0000e+05 3.5391e-11 2.5000e+00
3.1569e+01 1.0000e+05 9.5291e-16 1.0000e+00 1.0000e+05 9.5291e-11 2.5000e+00
3.1961e+01 1.0000e+05 2.5304e-15 1.0000e+00 1.0000e+05 2.5304e-10 2.5000e+00
3.2353e+01 1.0000e+05 6.6169e-15 1.0000e+00 1.0000e+05 6.6169e-10 2.5000e+00
3.2745e+01 1.0000e+05 1.7028e-14 1.0000e+00 1.0000e+05 1.7028e-09 2.5000e+00
3.3137e+01 1.0000e+05 4.3108e-14 1.0000e+00 1.0000e+05 4.3108e-09 2.5000e+00
3.3529e+01 1.0000e+05 1.0734e-13 1.0000e+00 1.0000e+05 1.0734e-08 2.5000e+00
3.3922e+01 1.0000e+05 2.6286e-13 1.0000e+00 1.0000e+05 2.6286e-08 2.5000e+00
3.4314e+01 1.0000e+05 6.3291e-13 1.0000e+00 1.0000e+05 6.3291e-08 2.5000e+00
3.4706e+01 1.0000e+05 1.4981e-12 1.0000e+00 1.0000e+05 1.4981e-07 2.5000e+00
3.5098e+01 1.0000e+05 3.4852e-12 1.0000e+00 1.0000e+05 3.4852e-07 2.5000e+00
3.5490e+01 1.0000e+05 7.9682e-12 1.0000e+00 1.0000e+05 7.9682e-07 2.5000e+00
3.5882e+01 1.0000e+05 1.7900e-11 1.0000e+00 1.0000e+05 1.7900e-06 2.5000e+00
3.6275e+01 1.0000e+05 3.9501e-11 1.0000e+00 1.0000e+05 3.9501e-06 2.5000e+00
3.6667e+01 1.0000e+05 8.5622e-11 1.0000e+00 1.0000e+05 8.5622e-06 2.5000e+00
3.7059e+01 1.0000e+05 1.8226e-10 1.0000e+00 1.0000e+05 1.8226e-05 2.5000e+00
3.7451e+01 1.0000e+05 3.8095e-10 1.0000e+00 1.0000e+05 3.8095e-05 2.5000e+00
3.7843e+01 1.0000e+05 7.8169e-10 1.0000e+00 1.0000e+05 7.8169e-05 2.5000e+00
3.8235e+01 1.0000e+05 1.5744e-09 9.9999e-01 1.0000e+05 1.5744e-04 2.5000e+00
3.8627e+01 1.0000e+05 3.1122e-09 9.9999e-01 1.0000e+05 3.1122e-04 2.5000e+00
3.9020e+01 1.0000e+05 6.0365e-09 9.9998e-01 1.0000e+05 6.0365e-04 2.4999e+00
3.9412e+01 1.0000e+05 1.1488e-08 9.9996e-01 1.0000e+05 1.1488e-03 2.4999e+00
3.9804e+01 1.0000e+05 2.1446e-08 9.9992e-01 1.0000e+05 2.1446e-03 2.4998e+00
4.0196e+01 1.0000e+05 3.9270e-08 9.9986e-01 1.0000e+05 3.9270e-03 2.4996e+00
4.0588e+01 1.0000e+05 7.0521e-08 9.9976e-01 1.0000e+05 7.0521e-03 2.4994e+00
4.0980e+01 1.0000e+05 1.2419e-07 9.9958e-01 1.0000e+05 1.2418e-02 2.4990e+00
4.1373e+01 9.9999e+04 2.1442e-07 9.9930e-01 9.9999e+04 2.1442e-02 2.4983e+00
4.1765e+01 9.9999e+04 3.6296e-07 9.9886e-01 9.9999e+04 3.6296e-02 2.4971e+00
4.2157e+01 9.9998e+04 6.0231e-07 9.9817e-01 9.9998e+04 6.0230e-02 2.4954e+00
4.2549e+01 9.9997e+04 9.7973e-07 9.9713e-01 9.9997e+04 9.7970e-02 2.4928e+00
4.2941e+01 9.9994e+04 1.5621e-06 9.9561e-01 9.9994e+04 1.5620e-01 2.4890e+00
4.3333e+01 9.9991e+04 2.4410e-06 9.9340e-01 9.9991e+04 2.4408e-01 2.4835e+00
4.3725e+01 9.9986e+04 3.7388e-06 9.9031e-01 9.9986e+04 3.7382e-01 2.4758e+00
4.4118e+01 9.9978e+04 5.6125e-06 9.8608e-01 9.9978e+04 5.6113e-01 2.4652e+00
4.4510e+01 9.9966e+04 8.2580e-06 9.8044e-01 9.9966e+04 8.2552e-01 2.4511e+00
4.4902e+01 9.9949e+04 1.1910e-05 9.7311e-01 9.9949e+04 1.1904e+00 2.4328e+00
4.5294e+01 9.9925e+04 1.6838e-05 9.6385e-01 9.9925e+04 1.6825e+00 2.4096e+00
4.5686e+01 9.9892e+04 2.3337e-05 9.5246e-01 9.9892e+04 2.3312e+00 2.3812e+00
4.6078e+01 9.9847e+04 3.1717e-05 9.3887e-01 9.9847e+04 3.1668e+00 2.3472e+00
4.6471e+01 9.9786e+04 4.2273e-05 9.2312e-01 9.9786e+04 4.2183e+00 2.3079e+00
4.6863e+01 9.9708e+04 5.5265e-05 9.0547e-01 9.9708e+04 5.5104e+00 2.2638e+00
4.7255e+01 9.9607e+04 7.0874e-05 8.8641e-01 9.9607e+04 7.0595e+00 2.2163e+00
4.7647e+01 9.9481e+04 8.9219e-05 8.6673e-01 9.9481e+04 8.8756e+00 2.1672e+00
4.8039e+01 9.9313e+04 1.0974e-04 8.4744e-01 9.9313e+04 1.0898e+01 2.1192e+00
4.8431e+01 9.9201e+04 1.3555e-04 8.3119e-01 9.9201e+04 1.3446e+01 2.0789e+00
4.8824e+01 9.8539e+04 1.4533e-04 8.1248e-01 9.8539e+04 1.4320e+01 2.0322e+00
4.9216e+01 9.9830e+04 2.2824e-04 8.2252e-01 9.9830e+04 2.2785e+01 2.0589e+00
4.9608e+01 1.0176e+05 1.4834e-04 7.8031e-01 1.0176e+05 1.5095e+01 1.9519e+00
5.0000e+01 1.2835e+04 1.8701e-04 7.5779e-01 1.2835e+04 2.4003e+00 1.8947e+00
5.0392e+01 1.1507e+04 5.3286e-04 7.6266e-01 1.1507e+04 6.1315e+00 1.9083e+00
5.0784e+01 1.2245e+04 1.0240e-03 7.9299e-01 1.2245e+04 1.2539e+01 1.9889e+00
5.1176e+01 1.2696e+04 1.1222e-03 7.8703e-01 1.2696e+04 1.4247e+01 1.9756e+00
5.1569e+01 1.2718e+04 1.1648e-03 7.8037e-01 1.2718e+04 1.4814e+01 1.9595e+00
5.1961e+01 1.2776e+04 1.1062e-03 7.6484e-01 1.2776e+04 1.4133e+01 1.9199e+00
5.2353e+01 1.2732e+04 1.1154e-03 7.5581e-01 1.2732e+04 1.4201e+01 1.8975e+00
5.2745e+01 1.2764e+04 1.0672e-03 7.4078e-01 1.2764e+04 1.3622e+01 1.8592e+00
5.3137e+01 1.2735e+04 1.0605e-03 7.2873e-01 1.2735e+04 1.3505e+01 1.8290e+00
5.3529e+01 1.2749e+04 1.0179e-03 7.1277e-01 1.2749e+04 1.2977e+01 1.7885e+00
5.3922e+01 1.2730e+04 9.9819e-04 6.9751e-01 1.2730e+04 1.2707e+01 1.7501e+00
5.4314e+01 1.2733e+04 9.5731e-04 6.7958e-01 1.2733e+04 1.2189e+01 1.7048e+00
5.4706e+01 1.2719e+04 9.2742e-04 6.6100e-01 1.2719e+04 1.1796e+01 1.6580e+00
5.5098e+01 1.2714e+04 8.8525e-04 6.4032e-01 1.2714e+04 1.1255e+01 1.6058e+00
5.5490e+01 1.2702e+04 8.4706e-04 6.1821e-01 1.2702e+04 1.0759e+01 1.5501e+00
5.5882e+01 1.2693e+04 8.0147e-04 5.9411e-01 1.2693e+04 1.0173e+01 1.4894e+00
5.6275e+01 1.2680e+04 7.5598e-04 5.6809e-01 1.2680e+04 9.5862e+00 1.4238e+00
5.6667e+01 1.2669e+04 7.0541e-04 5.3990e-01 1.2669e+04 8.9367e+00 1.3529e+00
5.7059e+01 1.2655e+04 6.5286e-04 5.0937e-01 1.2655e+04 8.2622e+00 1.2761e+00
5.7451e+01 1.2642e+04 5.9609e-04 4.7631e-01 1.2642e+04 7.5355e+00 1.1930e+00
5.7843e+01 1.2627e+04 5.3611e-04 4.4042e-01 1.2627e+04 6.7693e+00 1.1029e+00
5.8235e+01 1.2611e+04 4.7191e-04 4.0145e-01 1.2611e+04 5.9513e+00 1.0050e+00
5.8627e+01 1.2594e+04 4.0360e-04 3.5901e-01 1.2594e+04 5.0831e+00 8.9855e-01
5.9020e+01 1.2577e+04 3.3091e-04 3.1290e-01 1.2577e+04 4.1619e+00 7.8293e-01
5.9412e+01 1.2559e+04 2.5502e-04 2.6363e-01 1.2559e+04 3.2029e+00 6.5948e-01
5.9804e+01 1.2542e+04 1.7966e-04 2.1384e-01 1.2542e+04 2.2533e+00 5.3480e-01
6.0196e+01 1.2526e+04 1.1211e-04 1.6912e-01 1.2526e+04 1.4043e+00 4.2288e-01
6.0588e+01 1.2514e+04 6.0402e-05 1.3572e-01 1.2514e+04 7.5590e-01 3.3932e-01
6.0980e+01 1.2507e+04 2.7915e-05 1.1576e-01 1.2507e+04 3.4913e-01 2.8941e-01
6.1373e+01 1.2503e+04 1.1287e-05 1.0614e-01 1.2503e+04 1.4112e-01 2.6536e-01
6.1765e+01 1.2501e+04 4.1507e-06 1.0221e-01 1.2501e+04 5.1888e-02 2.5553e-01
6.2157e+01 1.2500e+04 1.4442e-06 1.0076e-01 1.2500e+04 1.8053e-02 2.5191e-01
6.2549e+01 1.2500e+04 4.8828e-07 1.0026e-01 1.2500e+04 6.1035e-03 2.5065e-01
6.2941e+01 1.2500e+04 1.6252e-07 1.0009e-01 1.2500e+04 2.0316e-03 2.5022e-01
6.3333e+01 1.2500e+04 5.3542e-08 1.0003e-01 1.2500e+04 6.6928e-04 2.5007e-01
6.3725e+01 1.2500e+04 1.7491e-08 1.0001e-01 1.2500e+04 2.1863e-04 2.5002e-01
6.4118e+01 1.2500e+04 5.6687e-09 1.0000e-01 1.2500e+04 7.0859e-05 2.5001e-01
6.4510e+01 1.2500e+04 1.8230e-09 1.0000e-01 1.2500e+04 2.2787e-05 2.5000e-01
6.4902e+01 1.2500e+04 5.8169e-10 1.0000e-01 1.2500e+04 7.2711e-06 2.5000e-01
6.5294e+01 1.2500e+04 1.8414e-10 1.0000e-01 1.2500e+04 2.3018e-06 2.5000e-01
6.5686e+01 1.2500e+04 5.7828e-11 1.0000e-01 1.2500e+04 7.2285e-07 2.5000e-01
6.6078e+01 1.2500e+04 1.8013e-11 1.0000e-01 1.2500e+04 2.2516e-07 2.5000e-01
6.6471e+01 1.2500e+04 5.5647e-12 1.0000e-01 1.2500e+04 6.9559e-08 2.5000e-01
6.6863e+01 1.2500e+04 1.7047e-12 1.0000e-01 1.2500e+04 2.1309e-08 2.5000e-01
6.7255e+01 1.2500e+04 5.1782e-13 1.0000e-01 1.2500e+04 6.4728e-09 2.5000e-01
6.7647e+01 1.2500e+04 1.5594e-13 1.0000e-01 1.2500e+04 1.9493e-09 2.5000e-01
6.8039e+01 1.2500e+04 4.6552e-14 1.0000e-01 1.2500e+04 5.8190e-10 2.5000e-01
6.8431e+01 1.2500e+04 1.3774e-14 1.0000e-01 1.2500e+04 1.7217e-10 2.5000e-01
6.8824e+01 1.2500e+04 4.0384e-15 1.0000e-01 1.2500e+04 5.0480e-11 2.5000e-01
6.9216e+01 1.2500e+04 1.1727e-15 1.0000e-01 1.2500e+04 1.4659e-11 2.5000e-01
6.9608e+01 1.2500e+04 3.3675e-16 1.0000e-01 1.2500e+04 4.2094e-12 2.5000e-01
7.0000e+01 1.2500e+04 9.5133e-17 1.0000e-01 1.2500e+04 1.1892e-12 2.5000e-01
7.0392e+01 1.2500e+04 2.6058e-17 1.0000e-01 1.2500e+04 3.2572e-13 2.5000e-01
7.0784e+01 1.2500e+04 6.5752e-18 1.0000e-01 1.2500e+04 8.2189e-14 2.5000e-01
7.1176e+01 1.2500e+04 1.2383e-18 1.0000e-01 1.2500e+04 1.5479e-14 2.5000e-01
7.1569e+01 1.2500e+04 3.9918e-20 1.0000e-01 1.2500e+04 4.9898e-16 2.5000e-01
7.1961e+01 1.2500e+04 0.0000e+00 1.0000e-01 1.2500e+04 0.0000e+00 2.5000e-01
7.2353e+01 1.2500e+04 0.0000e+00 1.0000e-01 1.2500e+04 0.0000e+00 2.5000e-01
7.2745e+01 1.2500e+04 0.0000e+00 1.0000e-01 1.2500e+04 0.0000e+00 2.5000e-01
7.3137e+01 1.2500e+04 0.0000e+00 1.0000e-01 1.2500e+04 0.0000e+00 2.5000e-01
7.3529e+01 1.2500e+04 0.0000e+00 1.0000e-01 1.2500e+04 0.0000e+00 2.5000e-01
7.3922e+01 1.2500e+04 0.0000e+00 1.0000e-01 1.2500e+04 0.0000e+00 2.5000e-01
7.4314e+01 1.2500e+04 0.0000e+00 1.0000e-01 1.2500e+04 0.0000e+00 2.5000e-01
7.4706e+01 1.2500e+04 0.0000e+00 1.0000e-01 1.2500e+04 0.0000e+00 2.5000e-01
7.5098e+01 1.2500e+04 0.0000e+00 1.0000e-01 1.2500e+04 0.0000e+00 2.5000e-01
7.5490e+01 1.2500e+04 0.0000e+00 1.0000e-01 1.2500e+04 0.0000e+00 2.5000e-01
7.5882e+01 1.2500e+04 0.0000e+00 1.0000e-01 1.2500e+04 0.0000e+00 2.5000e-01
7.6275e+01 1.2500e+04 0.0000e+00 1.0000e-01 1.2500e+04 0.0000e+00 2.5000e-01
7.6667e+01 1.2500e+04 0.0000e+00 1.0000e-01 1.2500e+04 0.0000e+00 2.5000e-01
7.7059e+01 1.2500e+04 0.0000e+00 1.0000e-01 1.2500e+04 0.0000e+00 2.5000e-01
7.7451e+01 1.2500e+04 0.0000e+00 1.0000e-01 1.2500e+04 0.0000e+00 2.5000e-01
7.7843e+01 1.2500e+04 0.0000e+00 1.0000e-01 1.2500e+04 0.0000e+00 2.5000e-01
7.8235e+01 1.2500e+04 0.0000e+00 1.0000e-01 1.2500e+04 0.0000e+00 2.5000e-01
7.8627e+01 1.2500e+04 0.0000e+00 1.0000e-01 1.2500e+04 0.0000e+00 2.5000e-01
7.9020e+01 1.2500e+04 0.0000e+00 1.0000e-01 1.2500e+04 0.0000e+00 2.5000e-01
7.9412e+01 1.2500e+04 0.0000e+00 1.0000e-01 1.2500e+04 0.0000e+00 2.5000e-01
7.9804e+01 1.2500e+04 0.0000e+00 1.0000e-01 1.2500e+04 0.0000e+00 2.5000e-01
8.0196e+01 1.2500e+04 0.0000e+00 1.0000e-01 1.2500e+04 0.0000e+00 2.5000e-01
8.0588e+01 1.2500e+04 0.0000e+00 1.0000e-01 1.2500e+04 0.0000e+00 2.5000e-01
8.0980e+01 1.2500e+04 0.0000e+00 1.0000e-01 1.2500e+04 0.0000e+00 2.5000e-01
8.1373e+01 1.2500e+04 0.0000e+00 1.0000e-01 1.2500e+04 0.0000e+00 2.5000e-01
8.1765e+01 1.2500e+04 0.0000e+00 1.0000e-01 1.2500e+04 0.0000e+00 2.5000e-01
8.2157e+01 1.2500e+04 0.0000e+00 1.0000e-01 1.2500e+04 0.0000e+00 2.5000e-01
8.2549e+01 1.2500e+04 0.0000e+00 1.0000e-01 1.2500e+04 0.0000e+00 2.5000e-01
8.2941e+01 1.2500e+04 0.0000e+00 1.0000e-01 1.2500e+04 0.0000e+00 2.5000e-01
8.3333e+01 1.2500e+04 0.0000e+00 1.0000e-01 1.2500e+04 0.0000e+00 2.5000e-01
8.3725e+01 1.2500e+04 0.0000e+00 1.0000e-01 1.2500e+04 0.0000e+00 2.5000e-01
8.4118e+01 1.2500e+04 0.0000e+00 1.0000e-01 1.2500e+04 0.0000e+00 2.5000e-01
8.4510e+01 1.2500e+04 0.0000e+00 1.0000e-01 1.2500e+04 0.0000e+00 2.5000e-01
8.4902e+01 1.2500e+04 0.0000e+00 1.0000e-01 1.2500e+04 0.0000e+00 2.5000e-01
8.5294e+01 1.2500e+04 0.0000e+00 1.0000e-01 1.2500e+04 0.0000e+00 2.5000e-01
8.5686e+01 1.2500e+04 0.0000e+00 1.0000e-01 1.2500e+04 0.0000e+00 2.5000e-01
8.6078e+01 1.2500e+04 0.0000e+00 1.0000e-01 1.2500e+04 0.0000e+00 2.5000e-01
8.6471e+01 1.2500e+04 0.0000e+00 1.0000e-01 1.2500e+04 0.0000e+00 2.5000e-01
8.6863e+01 1.2500e+04 0.0000e+00 1.0000e-01 1.2500e+04 0.0000e+00 2.5000e-01
8.7255e+01 1.2500e+04 0.0000e+00 1.0000e-01 1.2500e+04 0.0000e+00 2.5000e-01
8.7647e+01 1.2500e+04 0.0000e+00 1.0000e-01 1.2500e+04 0.0000e+00 2.5000e-01
8.8039e+01 1.2500e+04 0.0000e+00 1.0000e-01 1.2500e+04 0.0000e+00 2.5000e-01
8.8431e+01 1.2500e+04 0.0000e+00 1.0000e-01 1.2500e+04 0.0000e+00 2.5000e-01
8.8824e+01 1.2500e+04 0.0000e+00 1.0000e-01 1.2500e+04 0.0000e+00 2.5000e-01
8.9216e+01 1.2500e+04 0.0000e+00 1.0000e-01 1.2500e+04 0.0000e+00 2.5000e-01
8.9608e+01 1.2500e+04 0.0000e+00 1.0000e-01 1.2500e+04 0.0000e+00 2.5000e-01
9.0000e+01 1.2500e+04 0.0000e+00 1.0000e-01 1.2500e+04 0.0000e+00 2.5000e-01
9.0392e+01 1.2500e+04 0.0000e+00 1.0000e-01 1.2500e+04 0.0000e+00 2.5000e-01
9.0784e+01 1.2500e+04 0.0000e+00 1.0000e-01 1.2500e+04 0.0000e+00 2.5000e-01
9.1176e+01 1.2500e+04 0.0000e+00 1.0000e-01 1.2500e+04 0.0000e+00 2.5000e-01
9.1569e+01 1.2500e+04 0.0000e+00 1.0000e-01 1.2500e+04 0.0000e+00 2.5000e-01
9.1961e+01 1.2500e+04 0.0000e+00 1.0000e-01 1.2500e+04 0.0000e+00 2.5000e-01
9.2353e+01 1.2500e+04 0.0000e+00 1.0000e-01 1.2500e+04 0.0000e+00 2.5000e-01
9.2745e+01 1.2500e+04 0.0000e+00 1.0000e-01 1.2500e+04 0.0000e+00 2.5000e-01
9.3137e+01 1.2500e+04 0.0000e+00 1.0000e-01 1.2500e+04 0.0000e+00 2.5000e-01
9.3529e+01 1.2500e+04 0.0000e+00 1.0000e-01 1.2500e+04 0.0000e+00 2.5000e-01
9.3922e+01 1.2500e+04 0.0000e+00 1.0000e-01 1.2500e+04 0.0000e+00 2.5000e-01
9.4314e+01 1.2500e+04 0.0000e+00 1.0000e-01 1.2500e+04 0.0000e+00 2.5000e-01
9.4706e+01 1.2500e+04 0.0000e+00 1.0000e-01 1.2500e+04 0.0000e+00 2.5000e-01
9.5098e+01 1.2500e+04 0.0000e+00 1.0000e-01 1.2500e+04 0.0000e+00 2.5000e-01
9.5490e+01 1.2500e+04 0.0000e+00 1.0000e-01 1.2500e+04 0.0000e+00 2.5000e-01
9.5882e+01 1.2500e+04 0.0000e+00 1.0000e-01 1.2500e+04 0.0000e+00 2.5000e-01
9.6275e+01 1.2500e+04 0.0000e+00 1.0000e-01 1.2500e+04 0.0000e+00 2.5000e-01
9.6667e+01 1.2500e+04 0.0000e+00 1.0000e-01 1.2500e+04 0.0000e+00 2.5000e-01
9.7059e+01 1.2500e+04 0.0000e+00 1.0000e-01 1.2500e+04 0.0000e+00 2.5000e-01
9.7451e+01 1.2500e+04 0.0000e+00 1.0000e-01 1.2500e+04 0.0000e+00 2.5000e-01
9.7843e+01 1.2500e+04 0.0000e+00 1.0000e-01 1.2500e+04 0.0000e+00 2.5000e-01
9.8235e+01 1.2500e+04 0.0000e+00 1.0000e-01 1.2500e+04 0.0000e+00 2.5000e-01
9.8627e+01 1.2500e+04 0.0000e+00 1.0000e-01 1.2500e+04 0.0000e+00 2.5000e-01
9.9020e+01 1.2500e+04 0.0000e+00 1.0000e-01 1.2500e+04 0.0000e+00 2.5000e-01
9.9412e+01 1.2500e+04 0.0000e+00 1.0000e-01 1.2500e+04 0.0000e+00 2.5000e-01
9.9804e+01 1.2500e+04 0.0000e+00 1.0000e-01 1.2500e+04 0.0000e+00 2.5000e-01
