# # x Density Velocity Pressure q0 q1 q2
1.9608e-01 1.0000e+05 9.7800e-12 1.0000e+00 1.0000e+05 9.7800e-07 2.5000e+00
5.8824e-01 1.0000e+05 1.3270e-11 1.0000e+00 1.0000e+05 1.3270e-06 2.5000e+00
9.8039e-01 1.0000e+05 1.5559e-11 1.0000e+00 1.0000e+05 1.5559e-06 2.5000e+00
1.3725e+00 1.0000e+05 1.8437e-11 1.0000e+00 1.0000e+05 1.8437e-06 2.5000e+00
1.7647e+00 1.0000e+05 2.2580e-11 1.0000e+00 1.0000e+05 2.2580e-06 2.5000e+00
2.1569e+00 1.0000e+05 2.8376e-11 1.0000e+00 1.0000e+05 2.8376e-06 2.5000e+00
2.5490e+00 1.0000e+05 3.6208e-11 1.0000e+00 1.0000e+05 3.6208e-06 2.5000e+00
2.9412e+00 1.0000e+05 4.6562e-11 1.0000e+00 1.0000e+05 4.6562e-06 2.5000e+00
3.3333e+00 1.0000e+05 6.0071e-11 1.0000e+00 1.0000e+05 6.0071e-06 2.5000e+00
3.7255e+00 1.0000e+05 7.7554e-11 1.0000e+00 1.0000e+05 7.7554e-06 2.5000e+00
4.1176e+00 1.0000e+05 1.0005e-10 1.0000e+00 1.0000e+05 1.0005e-05 2.5000e+00
4.5098e+00 1.0000e+05 1.2890e-10 1.0000e+00 1.0000e+05 1.2890e-05 2.5000e+00
4.9020e+00 1.0000e+05 1.6576e-10 1.0000e+00 1.0000e+05 1.6576e-05 2.5000e+00
5.2941e+00 1.0000e+05 2.1273e-10 1.0000e+00 1.0000e+05 2.1273e-05 2.5000e+00
5.6863e+00 1.0000e+05 2.7243e-10 1.0000e+00 1.0000e+05 2.7243e-05 2.5000e+00
6.0784e+00 1.0000e+05 3.4811e-10 1.0000e+00 1.0000e+05 3.4811e-05 2.5000e+00
6.4706e+00 1.0000e+05 4.4384e-10 1.0000e+00 1.0000e+05 4.4383e-05 2.5000e+00
6.8627e+00 1.0000e+05 5.6462e-10 1.0000e+00 1.0000e+05 5.6462e-05 2.5000e+00
7.2549e+00 1.0000e+05 7.1666e-10 1.0000e+00 1.0000e+05 7.1666e-05 2.5000e+00
7.6471e+00 1.0000e+05 9.0760e-10 1.0000e+00 1.0000e+05 9.0760e-05 2.5000e+00
8.0392e+00 1.0000e+05 1.1468e-09 1.0000e+00 1.0000e+05 1.1468e-04 2.5000e+00
8.4314e+00 1.0000e+05 1.4459e-09 1.0000e+00 1.0000e+05 1.4459e-04 2.5000e+00
8.8235e+00 1.0000e+05 1.8188e-09 1.0000e+00 1.0000e+05 1.8188e-04 2.5000e+00
9.2157e+00 1.0000e+05 2.2827e-09 1.0000e+00 1.0000e+05 2.2827e-04 2.5000e+00
9.6078e+00 1.0000e+05 2.8585e-09 1.0000e+00 1.0000e+05 2.8585e-04 2.5000e+00
1.0000e+01 1.0000e+05 3.5716e-09 9.9999e-01 1.0000e+05 3.5716e-04 2.5000e+00
1.0392e+01 1.0000e+05 4.4526e-09 9.9999e-01 1.0000e+05 4.4526e-04 2.5000e+00
1.0784e+01 1.0000e+05 5.5383e-09 9.9999e-01 1.0000e+05 5.5383e-04 2.5000e+00
1.1176e+01 1.0000e+05 6.8735e-09 9.9999e-01 1.0000e+05 6.8735e-04 2.5000e+00
1.1569e+01 1.0000e+05 8.5114e-09 9.9999e-01 1.0000e+05 8.5114e-04 2.5000e+00
1.1961e+01 1.0000e+05 1.0516e-08 9.9998e-01 1.0000e+05 1.0516e-03 2.5000e+00
1.2353e+01 1.0000e+05 1.2964e-08 9.9998e-01 1.0000e+05 1.2964e-03 2.5000e+00
1.2745e+01 1.0000e+05 1.5945e-08 9.9998e-01 1.0000e+05 1.5945e-03 2.4999e+00
1.3137e+01 1.0000e+05 1.9569e-08 9.9997e-01 1.0000e+05 1.9569e-03 2.4999e+00
1.3529e+01 1.0000e+05 2.3963e-08 9.9997e-01 1.0000e+05 2.3963e-03 2.4999e+00
1.3922e+01 1.0000e+05 2.9278e-08 9.9996e-01 1.0000e+05 2.9278e-03 2.4999e+00
1.4314e+01 1.0000e+05 3.5692e-08 9.9995e-01 1.0000e+05 3.5692e-03 2.4999e+00
1.4706e+01 1.0000e+05 4.3414e-08 9.9994e-01 1.0000e+05 4.3414e-03 2.4998e+00
1.5098e+01 1.0000e+05 5.2691e-08 9.9993e-01 1.0000e+05 5.2690e-03 2.4998e+00
1.5490e+01 1.0000e+05 6.3807e-08 9.9991e-01 1.0000e+05 6.3806e-03 2.4998e+00
1.5882e+01 9.9999e+04 7.7097e-08 9.9990e-01 9.9999e+04 7.7096e-03 2.4997e+00
1.6275e+01 9.9999e+04 9.2949e-08 9.9987e-01 9.9999e+04 9.2948e-03 2.4997e+00
1.6667e+01 9.9999e+04 1.1181e-07 9.9985e-01 9.9999e+04 1.1181e-02 2.4996e+00
1.7059e+01 9.9999e+04 1.3421e-07 9.9982e-01 9.9999e+04 1.3421e-02 2.4996e+00
1.7451e+01 9.9999e+04 1.6073e-07 9.9979e-01 9.9999e+04 1.6073e-02 2.4995e+00
1.7843e+01 9.9999e+04 1.9208e-07 9.9975e-01 9.9999e+04 1.9207e-02 2.4994e+00
1.8235e+01 9.9998e+04 2.2903e-07 9.9970e-01 9.9998e+04 2.2902e-02 2.4993e+00
1.8627e+01 9.9998e+04 2.7249e-07 9.9965e-01 9.9998e+04 2.7248e-02 2.4991e+00
1.9020e+01 9.9997e+04 3.2348e-07 9.9959e-01 9.9997e+04 3.2348e-02 2.4990e+00
1.9412e+01 9.9997e+04 3.8319e-07 9.9952e-01 9.9997e+04 3.8317e-02 2.4988e+00
1.9804e+01 9.9996e+04 4.5291e-07 9.9944e-01 9.9996e+04 4.5290e-02 2.4986e+00
2.0196e+01 9.9996e+04 5.3416e-07 9.9934e-01 9.9996e+04 5.3414e-02 2.4984e+00
2.0588e+01 9.9995e+04 6.2861e-07 9.9923e-01 9.9995e+04 6.2858e-02 2.4981e+00
2.0980e+01 9.9994e+04 7.3816e-07 9.9911e-01 9.9994e+04 7.3811e-02 2.4978e+00
2.1373e+01 9.9993e+04 8.6492e-07 9.9897e-01 9.9993e+04 8.6485e-02 2.4974e+00
2.1765e+01 9.9992e+04 1.0112e-06 9.9880e-01 9.9992e+04 1.0112e-01 2.4970e+00
2.2157e+01 9.9990e+04 1.1798e-06 9.9862e-01 9.9990e+04 1.1797e-01 2.4965e+00
2.2549e+01 9.9988e+04 1.3735e-06 9.9840e-01 9.9988e+04 1.3733e-01 2.4960e+00
2.2941e+01 9.9986e+04 1.5955e-06 9.9817e-01 9.9986e+04 1.5953e-01 2.4954e+00
2.3333e+01 9.9984e+04 1.8494e-06 9.9789e-01 9.9984e+04 1.8491e-01 2.4947e+00
2.3725e+01 9.9981e+04 2.1392e-06 9.9759e-01 9.9981e+04 2.1388e-01 2.4940e+00
2.4118e+01 9.9978e+04 2.4691e-06 9.9724e-01 9.9978e+04 2.4686e-01 2.4931e+00
2.4510e+01 9.9975e+04 2.8439e-06 9.9686e-01 9.9975e+04 2.8431e-01 2.4921e+00
2.4902e+01 9.9971e+04 3.2685e-06 9.9643e-01 9.9971e+04 3.2676e-01 2.4911e+00
2.5294e+01 9.9966e+04 3.7487e-06 9.9594e-01 9.9966e+04 3.7475e-01 2.4899e+00
2.5686e+01 9.9961e+04 4.2904e-06 9.9541e-01 9.9961e+04 4.2887e-01 2.4885e+00
2.6078e+01 9.9955e+04 4.9001e-06 9.9481e-01 9.9955e+04 4.8979e-01 2.4870e+00
2.6471e+01 9.9948e+04 5.5847e-06 9.9414e-01 9.9948e+04 5.5818e-01 2.4854e+00
2.6863e+01 9.9940e+04 6.3517e-06 9.9341e-01 9.9940e+04 6.3479e-01 2.4835e+00
2.7255e+01 9.9932e+04 7.2092e-06 9.9260e-01 9.9932e+04 7.2042e-01 2.4815e+00
2.7647e+01 9.9922e+04 8.1655e-06 9.9171e-01 9.9922e+04 8.1591e-01 2.4793e+00
2.8039e+01 9.9911e+04 9.2297e-06 9.9073e-01 9.9911e+04 9.2214e-01 2.4768e+00
2.8431e+01 9.9898e+04 1.0411e-05 9.8966e-01 9.9898e+04 1.0401e+00 2.4741e+00
2.8824e+01 9.9884e+04 1.1720e-05 9.8849e-01 9.9884e+04 1.1707e+00 2.4712e+00
2.9216e+01 9.9869e+04 1.3167e-05 9.8721e-01 9.9869e+04 1.3150e+00 2.4680e+00
2.9608e+01 9.9852e+04 1.4763e-05 9.8582e-01 9.9852e+04 1.4741e+00 2.4646e+00
3.0000e+01 9.9832e+04 1.6519e-05 9.8431e-01 9.9832e+04 1.6491e+00 2.4608e+00
3.0392e+01 9.9811e+04 1.8447e-05 9.8267e-01 9.9811e+04 1.8412e+00 2.4567e+00
3.0784e+01 9.9787e+04 2.0560e-05 9.8091e-01 9.9787e+04 2.0516e+00 2.4523e+00
3.1176e+01 9.9761e+04 2.2869e-05 9.7901e-01 9.9761e+04 2.2815e+00 2.4475e+00
3.1569e+01 9.9732e+04 2.5389e-05 9.7696e-01 9.9732e+04 2.5321e+00 2.4424e+00
3.1961e+01 9.9700e+04 2.8131e-05 9.7477e-01 9.9700e+04 2.8047e+00 2.4370e+00
3.2353e+01 9.9664e+04 3.1110e-05 9.7243e-01 9.9664e+04 3.1006e+00 2.4311e+00
3.2745e+01 9.9626e+04 3.4339e-05 9.6992e-01 9.9626e+04 3.4210e+00 2.4249e+00
3.3137e+01 9.9583e+04 3.7831e-05 9.6726e-01 9.9583e+04 3.7673e+00 2.4182e+00
3.3529e+01 9.9537e+04 4.1600e-05 9.6443e-01 9.9537e+04 4.1407e+00 2.4112e+00
3.3922e+01 9.9487e+04 4.5659e-05 9.6142e-01 9.9487e+04 4.5425e+00 2.4037e+00
3.4314e+01 9.9432e+04 5.0022e-05 9.5825e-01 9.9432e+04 4.9738e+00 2.3957e+00
3.4706e+01 9.9372e+04 5.4702e-05 9.5490e-01 9.9372e+04 5.4359e+00 2.3874e+00
3.5098e+01 9.9308e+04 5.9712e-05 9.5137e-01 9.9308e+04 5.9298e+00 2.3786e+00
3.5490e+01 9.9238e+04 6.5063e-05 9.4766e-01 9.9238e+04 6.4567e+00 2.3694e+00
3.5882e+01 9.9162e+04 7.0768e-05 9.4378e-01 9.9162e+04 7.0175e+00 2.3597e+00
3.6275e+01 9.9081e+04 7.6838e-05 9.3971e-01 9.9081e+04 7.6132e+00 2.3496e+00
3.6667e+01 9.8994e+04 8.3283e-05 9.3547e-01 9.8994e+04 8.2445e+00 2.3390e+00
3.7059e+01 9.8900e+04 9.0114e-05 9.3106e-01 9.8900e+04 8.9122e+00 2.3281e+00
3.7451e+01 9.8799e+04 9.7339e-05 9.2647e-01 9.8799e+04 9.6170e+00 2.3166e+00
3.7843e+01 9.8692e+04 1.0497e-04 9.2172e-01 9.8692e+04 1.0359e+01 2.3048e+00
3.8235e+01 9.8577e+04 1.1300e-04 9.1680e-01 9.8577e+04 1.1139e+01 2.2926e+00
3.8627e+01 9.8454e+04 1.2146e-04 9.1172e-01 9.8454e+04 1.1958e+01 2.2800e+00
3.9020e+01 9.8324e+04 1.3033e-04 9.0649e-01 9.8324e+04 1.2814e+01 2.2671e+00
3.9412e+01 9.8186e+04 1.3962e-04 9.0111e-01 9.8186e+04 1.3709e+01 2.2537e+00
3.9804e+01 9.8040e+04 1.4935e-04 8.9559e-01 9.8040e+04 1.4642e+01 2.2401e+00
4.0196e+01 9.7885e+04 1.5949e-04 8.8994e-01 9.7885e+04 1.5611e+01 2.2261e+00
4.0588e+01 9.7722e+04 1.7010e-04 8.8418e-01 9.7722e+04 1.6623e+01 2.2119e+00
4.0980e+01 9.7547e+04 1.8100e-04 8.7826e-01 9.7547e+04 1.7656e+01 2.1972e+00
4.1373e+01 9.7374e+04 1.9271e-04 8.7237e-01 9.7374e+04 1.8765e+01 2.1827e+00
4.1765e+01 9.7163e+04 2.0382e-04 8.6603e-01 9.7163e+04 1.9804e+01 2.1671e+00
4.2157e+01 9.7012e+04 2.1784e-04 8.6047e-01 9.7012e+04 2.1133e+01 2.1535e+00
4.2549e+01 9.6694e+04 2.2652e-04 8.5288e-01 9.6694e+04 2.1903e+01 2.1347e+00
4.2941e+01 9.6705e+04 2.4787e-04 8.4940e-01 9.6705e+04 2.3970e+01 2.1265e+00
4.3333e+01 9.6037e+04 2.4530e-04 8.3765e-01 9.6037e+04 2.3558e+01 2.0970e+00
4.3725e+01 9.6575e+04 2.8712e-04 8.4069e-01 9.6575e+04 2.7728e+01 2.1057e+00
4.4118e+01 9.5101e+04 2.5667e-04 8.1938e-01 9.5101e+04 2.4410e+01 2.0516e+00
4.4510e+01 9.6573e+04 3.3345e-04 8.3370e-01 9.6573e+04 3.2202e+01 2.0896e+00
4.4902e+01 9.4209e+04 2.7237e-04 8.0218e-01 9.4209e+04 2.5660e+01 2.0089e+00
4.5294e+01 9.6056e+04 3.6402e-04 8.2090e-01 9.6056e+04 3.4966e+01 2.0586e+00
4.5686e+01 9.4117e+04 3.2068e-04 7.9525e-01 9.4117e+04 3.0181e+01 1.9930e+00
4.6078e+01 9.4652e+04 3.6547e-04 7.9829e-01 9.4652e+04 3.4592e+01 2.0021e+00
4.6471e+01 9.4261e+04 3.7956e-04 7.9139e-01 9.4261e+04 3.5778e+01 1.9853e+00
4.6863e+01 9.3873e+04 3.9155e-04 7.8377e-01 9.3873e+04 3.6756e+01 1.9666e+00
4.7255e+01 9.3192e+04 3.9627e-04 7.7383e-01 9.3192e+04 3.6930e+01 1.9419e+00
4.7647e+01 9.3710e+04 4.4224e-04 7.7707e-01 9.3710e+04 4.1443e+01 1.9519e+00
4.8039e+01 9.2708e+04 4.3166e-04 7.6238e-01 9.2708e+04 4.0018e+01 1.9146e+00
4.8431e+01 9.1563e+04 4.5921e-04 7.5980e-01 9.1563e+04 4.2047e+01 1.9092e+00
4.8824e+01 9.7541e+04 4.7427e-04 7.5315e-01 9.7541e+04 4.6261e+01 1.8938e+00
4.9216e+01 7.2795e+04 4.9875e-04 7.5060e-01 7.2795e+04 3.6306e+01 1.8856e+00
4.9608e+01 1.2832e+05 5.1191e-04 7.4166e-01 1.2832e+05 6.5688e+01 1.8710e+00
5.0000e+01 8.3035e+04 5.1911e-04 7.3489e-01 8.3035e+04 4.3105e+01 1.8484e+00
5.0392e+01 3.5301e+04 5.3534e-04 7.3221e-01 3.5301e+04 1.8898e+01 1.8356e+00
5.0784e+01 1.4892e+04 5.5582e-04 7.3107e-01 1.4892e+04 8.2772e+00 1.8300e+00
5.1176e+01 9.0858e+03 6.2180e-04 7.3288e-01 9.0858e+03 5.6495e+00 1.8340e+00
5.1569e+01 7.9024e+03 6.7643e-04 7.2998e-01 7.9024e+03 5.3454e+00 1.8268e+00
5.1961e+01 8.2179e+03 7.3204e-04 7.2641e-01 8.2179e+03 6.0159e+00 1.8182e+00
5.2353e+01 8.8421e+03 8.5734e-04 7.3066e-01 8.8421e+03 7.5807e+00 1.8299e+00
5.2745e+01 9.5088e+03 9.5169e-04 7.3358e-01 9.5088e+03 9.0494e+00 1.8383e+00
5.3137e+01 9.9614e+03 9.5437e-04 7.2879e-01 9.9614e+03 9.5069e+00 1.8265e+00
5.3529e+01 1.0344e+04 9.6509e-04 7.2562e-01 1.0344e+04 9.9832e+00 1.8189e+00
5.3922e+01 1.0688e+04 1.0333e-03 7.2906e-01 1.0688e+04 1.1044e+01 1.8284e+00
5.4314e+01 1.0976e+04 1.0939e-03 7.3228e-01 1.0976e+04 1.2007e+01 1.8373e+00
5.4706e+01 1.1147e+04 1.0997e-03 7.3010e-01 1.1147e+04 1.2258e+01 1.8320e+00
5.5098e+01 1.1268e+04 1.0872e-03 7.2611e-01 1.1268e+04 1.2251e+01 1.8219e+00
5.5490e+01 1.1399e+04 1.1058e-03 7.2570e-01 1.1399e+04 1.2605e+01 1.8212e+00
5.5882e+01 1.1548e+04 1.1529e-03 7.2858e-01 1.1548e+04 1.3314e+01 1.8291e+00
5.6275e+01 1.1669e+04 1.1885e-03 7.3044e-01 1.1669e+04 1.3869e+01 1.8343e+00
5.6667e+01 1.1741e+04 1.1928e-03 7.2900e-01 1.1741e+04 1.4005e+01 1.8309e+00
5.7059e+01 1.1785e+04 1.1824e-03 7.2594e-01 1.1785e+04 1.3935e+01 1.8231e+00
5.7451e+01 1.1843e+04 1.1869e-03 7.2460e-01 1.1843e+04 1.4057e+01 1.8198e+00
5.7843e+01 1.1927e+04 1.2179e-03 7.2628e-01 1.1927e+04 1.4526e+01 1.8245e+00
5.8235e+01 1.2018e+04 1.2578e-03 7.2907e-01 1.2018e+04 1.5116e+01 1.8322e+00
5.8627e+01 1.2085e+04 1.2830e-03 7.3033e-01 1.2085e+04 1.5505e+01 1.8358e+00
5.9020e+01 1.2118e+04 1.2858e-03 7.2917e-01 1.2118e+04 1.5582e+01 1.8329e+00
5.9412e+01 1.2134e+04 1.2771e-03 7.2669e-01 1.2134e+04 1.5497e+01 1.8266e+00
5.9804e+01 1.2160e+04 1.2769e-03 7.2513e-01 1.2160e+04 1.5528e+01 1.8227e+00
6.0196e+01 1.2213e+04 1.2997e-03 7.2621e-01 1.2213e+04 1.5873e+01 1.8258e+00
6.0588e+01 1.2288e+04 1.3404e-03 7.2940e-01 1.2288e+04 1.6470e+01 1.8345e+00
6.0980e+01 1.2362e+04 1.3821e-03 7.3278e-01 1.2362e+04 1.7085e+01 1.8437e+00
6.1373e+01 1.2416e+04 1.4093e-03 7.3460e-01 1.2416e+04 1.7497e+01 1.8488e+00
6.1765e+01 1.2441e+04 1.4170e-03 7.3427e-01 1.2441e+04 1.7629e+01 1.8482e+00
6.2157e+01 1.2447e+04 1.4112e-03 7.3245e-01 1.2447e+04 1.7566e+01 1.8435e+00
6.2549e+01 1.2453e+04 1.4051e-03 7.3037e-01 1.2453e+04 1.7498e+01 1.8382e+00
6.2941e+01 1.2480e+04 1.4144e-03 7.3014e-01 1.2480e+04 1.7652e+01 1.8378e+00
6.3333e+01 1.2538e+04 1.4477e-03 7.3269e-01 1.2538e+04 1.8151e+01 1.8449e+00
6.3725e+01 1.2624e+04 1.5019e-03 7.3771e-01 1.2624e+04 1.8961e+01 1.8585e+00
6.4118e+01 1.2726e+04 1.5677e-03 7.4415e-01 1.2726e+04 1.9951e+01 1.8760e+00
6.4510e+01 1.2830e+04 1.6343e-03 7.5078e-01 1.2830e+04 2.0967e+01 1.8941e+00
6.4902e+01 1.2922e+04 1.6929e-03 7.5657e-01 1.2922e+04 2.1875e+01 1.9099e+00
6.5294e+01 1.2996e+04 1.7386e-03 7.6092e-01 1.2996e+04 2.2595e+01 1.9219e+00
6.5686e+01 1.3050e+04 1.7704e-03 7.6366e-01 1.3050e+04 2.3103e+01 1.9296e+00
6.6078e+01 1.3086e+04 1.7898e-03 7.6497e-01 1.3086e+04 2.3421e+01 1.9334e+00
6.6471e+01 1.3108e+04 1.8000e-03 7.6520e-01 1.3108e+04 2.3594e+01 1.9342e+00
6.6863e+01 1.3121e+04 1.8042e-03 7.6473e-01 1.3121e+04 2.3673e+01 1.9332e+00
6.7255e+01 1.3129e+04 1.8050e-03 7.6387e-01 1.3129e+04 2.3699e+01 1.9311e+00
6.7647e+01 1.3135e+04 1.8043e-03 7.6284e-01 1.3135e+04 2.3700e+01 1.9285e+00
6.8039e+01 1.3140e+04 1.8029e-03 7.6174e-01 1.3140e+04 2.3690e+01 1.9257e+00
6.8431e+01 1.3144e+04 1.8012e-03 7.6058e-01 1.3144e+04 2.3675e+01 1.9228e+00
6.8824e+01 1.3148e+04 1.7992e-03 7.5939e-01 1.3148e+04 2.3655e+01 1.9197e+00
6.9216e+01 1.3151e+04 1.7970e-03 7.5816e-01 1.3151e+04 2.3632e+01 1.9166e+00
6.9608e+01 1.3154e+04 1.7946e-03 7.5689e-01 1.3154e+04 2.3606e+01 1.9134e+00
7.0000e+01 1.3157e+04 1.7919e-03 7.5559e-01 1.3157e+04 2.3577e+01 1.9101e+00
7.0392e+01 1.3160e+04 1.7891e-03 7.5426e-01 1.3160e+04 2.3544e+01 1.9067e+00
7.0784e+01 1.3162e+04 1.7861e-03 7.5289e-01 1.3162e+04 2.3509e+01 1.9032e+00
7.1176e+01 1.3164e+04 1.7829e-03 7.5149e-01 1.3164e+04 2.3471e+01 1.8996e+00
7.1569e+01 1.3166e+04 1.7796e-03 7.5005e-01 1.3166e+04 2.3431e+01 1.8960e+00
7.1961e+01 1.3168e+04 1.7761e-03 7.4858e-01 1.3168e+04 2.3387e+01 1.8922e+00
7.2353e+01 1.3170e+04 1.7724e-03 7.4707e-01 1.3170e+04 2.3342e+01 1.8883e+00
7.2745e+01 1.3171e+04 1.7685e-03 7.4552e-01 1.3171e+04 2.3293e+01 1.8844e+00
7.3137e+01 1.3172e+04 1.7645e-03 7.4393e-01 1.3172e+04 2.3242e+01 1.8803e+00
7.3529e+01 1.3173e+04 1.7603e-03 7.4230e-01 1.3173e+04 2.3189e+01 1.8762e+00
7.3922e+01 1.3174e+04 1.7560e-03 7.4063e-01 1.3174e+04 2.3134e+01 1.8719e+00
7.4314e+01 1.3174e+04 1.7516e-03 7.3891e-01 1.3174e+04 2.3076e+01 1.8675e+00
7.4706e+01 1.3175e+04 1.7469e-03 7.3714e-01 1.3175e+04 2.3016e+01 1.8630e+00
7.5098e+01 1.3175e+04 1.7422e-03 7.3532e-01 1.3175e+04 2.2954e+01 1.8583e+00
7.5490e+01 1.3175e+04 1.7373e-03 7.3344e-01 1.3175e+04 2.2890e+01 1.8535e+00
7.5882e+01 1.3175e+04 1.7324e-03 7.3150e-01 1.3175e+04 2.2824e+01 1.8485e+00
7.6275e+01 1.3175e+04 1.7273e-03 7.2949e-01 1.3175e+04 2.2757e+01 1.8434e+00
7.6667e+01 1.3174e+04 1.7222e-03 7.2740e-01 1.3174e+04 2.2688e+01 1.8380e+00
7.7059e+01 1.3173e+04 1.7170e-03 7.2523e-01 1.3173e+04 2.2618e+01 1.8325e+00
7.7451e+01 1.3173e+04 1.7117e-03 7.2297e-01 1.3173e+04 2.2548e+01 1.8267e+00
7.7843e+01 1.3171e+04 1.7065e-03 7.2060e-01 1.3171e+04 2.2477e+01 1.8207e+00
7.8235e+01 1.3170e+04 1.7012e-03 7.1812e-01 1.3170e+04 2.2405e+01 1.8144e+00
7.8627e+01 1.3169e+04 1.6960e-03 7.1552e-01 1.3169e+04 2.2334e+01 1.8077e+00
7.9020e+01 1.3167e+04 1.6909e-03 7.1277e-01 1.3167e+04 2.2263e+01 1.8008e+00
7.9412e+01 1.3165e+04 1.6858e-03 7.0988e-01 1.3165e+04 2.2193e+01 1.7934e+00
7.9804e+01 1.3162e+04 1.6809e-03 7.0683e-01 1.3162e+04 2.2125e+01 1.7857e+00
8.0196e+01 1.3160e+04 1.6762e-03 7.0361e-01 1.3160e+04 2.2058e+01 1.7775e+00
8.0588e+01 1.3157e+04 1.6717e-03 7.0020e-01 1.3157e+04 2.1994e+01 1.7689e+00
8.0980e+01 1.3154e+04 1.6674e-03 6.9660e-01 1.3154e+04 2.1932e+01 1.7598e+00
8.1373e+01 1.3150e+04 1.6633e-03 6.9280e-01 1.3150e+04 2.1873e+01 1.7502e+00
8.1765e+01 1.3146e+04 1.6596e-03 6.8878e-01 1.3146e+04 2.1818e+01 1.7400e+00
8.2157e+01 1.3142e+04 1.6563e-03 6.8453e-01 1.3142e+04 2.1766e+01 1.7294e+00
8.2549e+01 1.3137e+04 1.6533e-03 6.8006e-01 1.3137e+04 2.1719e+01 1.7181e+00
8.2941e+01 1.3132e+04 1.6507e-03 6.7535e-01 1.3132e+04 2.1677e+01 1.7063e+00
8.3333e+01 1.3127e+04 1.6485e-03 6.7040e-01 1.3127e+04 2.1639e+01 1.6938e+00
8.3725e+01 1.3121e+04 1.6468e-03 6.6520e-01 1.3121e+04 2.1607e+01 1.6808e+00
8.4118e+01 1.3114e+04 1.6455e-03 6.5975e-01 1.3114e+04 2.1580e+01 1.6671e+00
8.4510e+01 1.3108e+04 1.6448e-03 6.5405e-01 1.3108e+04 2.1559e+01 1.6528e+00
8.4902e+01 1.3100e+04 1.6445e-03 6.4808e-01 1.3100e+04 2.1544e+01 1.6379e+00
8.5294e+01 1.3093e+04 1.6449e-03 6.4185e-01 1.3093e+04 2.1535e+01 1.6223e+00
8.5686e+01 1.3084e+04 1.6458e-03 6.3534e-01 1.3084e+04 2.1534e+01 1.6061e+00
8.6078e+01 1.3076e+04 1.6473e-03 6.2855e-01 1.3076e+04 2.1539e+01 1.5891e+00
8.6471e+01 1.3066e+04 1.6495e-03 6.2147e-01 1.3066e+04 2.1552e+01 1.5714e+00
8.6863e+01 1.3056e+04 1.6523e-03 6.1410e-01 1.3056e+04 2.1573e+01 1.5531e+00
8.7255e+01 1.3046e+04 1.6558e-03 6.0644e-01 1.3046e+04 2.1602e+01 1.5340e+00
8.7647e+01 1.3035e+04 1.6599e-03 5.9849e-01 1.3035e+04 2.1638e+01 1.5142e+00
8.8039e+01 1.3024e+04 1.6648e-03 5.9026e-01 1.3024e+04 2.1682e+01 1.4937e+00
8.8431e+01 1.3012e+04 1.6702e-03 5.8175e-01 1.3012e+04 2.1733e+01 1.4725e+00
8.8824e+01 1.3000e+04 1.6763e-03 5.7299e-01 1.3000e+04 2.1791e+01 1.4507e+00
8.9216e+01 1.2987e+04 1.6828e-03 5.6402e-01 1.2987e+04 2.1854e+01 1.4284e+00
8.9608e+01 1.2974e+04 1.6896e-03 5.5489e-01 1.2974e+04 2.1922e+01 1.4057e+00
9.0000e+01 1.2961e+04 1.6966e-03 5.4566e-01 1.2961e+04 2.1990e+01 1.3828e+00
9.0392e+01 1.2948e+04 1.7034e-03 5.3647e-01 1.2948e+04 2.2056e+01 1.3600e+00
9.0784e+01 1.2935e+04 1.7096e-03 5.2748e-01 1.2935e+04 2.2113e+01 1.3376e+00
9.1176e+01 1.2922e+04 1.7143e-03 5.1896e-01 1.2922e+04 2.2153e+01 1.3164e+00
9.1569e+01 1.2911e+04 1.7166e-03 5.1130e-01 1.2911e+04 2.2164e+01 1.2973e+00
9.1961e+01 1.2902e+04 1.7150e-03 5.0511e-01 1.2902e+04 2.2127e+01 1.2818e+00
9.2353e+01 1.2895e+04 1.7075e-03 5.0120e-01 1.2895e+04 2.2018e+01 1.2718e+00
9.2745e+01 1.2892e+04 1.6927e-03 5.0019e-01 1.2892e+04 2.1821e+01 1.2690e+00
9.3137e+01 1.2891e+04 1.6702e-03 5.0220e-01 1.2891e+04 2.1531e+01 1.2735e+00
9.3529e+01 1.2894e+04 1.6416e-03 5.0692e-01 1.2894e+04 2.1167e+01 1.2847e+00
9.3922e+01 1.2898e+04 1.6077e-03 5.1370e-01 1.2898e+04 2.0735e+01 1.3009e+00
9.4314e+01 1.2905e+04 1.5716e-03 5.2263e-01 1.2905e+04 2.0281e+01 1.3225e+00
9.4706e+01 1.2908e+04 1.5293e-03 5.3268e-01 1.2908e+04 1.9741e+01 1.3468e+00
9.5098e+01 1.2921e+04 1.4911e-03 5.4596e-01 1.2921e+04 1.9266e+01 1.3793e+00
9.5490e+01 1.2915e+04 1.4362e-03 5.5815e-01 1.2915e+04 1.8549e+01 1.4087e+00
9.5882e+01 1.2948e+04 1.4054e-03 5.7798e-01 1.2948e+04 1.8198e+01 1.4577e+00
9.6275e+01 1.2905e+04 1.3224e-03 5.8892e-01 1.2905e+04 1.7066e+01 1.4836e+00
9.6667e+01 1.3003e+04 1.3280e-03 6.2153e-01 1.3003e+04 1.7267e+01 1.5653e+00
9.7059e+01 1.2824e+04 1.1745e-03 6.2079e-01 1.2824e+04 1.5062e+01 1.5608e+00
9.7451e+01 1.3141e+04 1.3141e-03 6.8086e-01 1.3141e+04 1.7269e+01 1.7135e+00
9.7843e+01 1.2294e+04 9.7005e-04 6.3554e-01 1.2294e+04 1.1926e+01 1.5946e+00
9.8235e+01 1.3452e+04 1.7115e-03 7.4449e-01 1.3452e+04 2.3022e+01 1.8809e+00
9.8627e+01 1.0541e+04 7.2169e-04 5.7563e-01 1.0541e+04 7.6076e+00 1.4418e+00
9.9020e+01 1.4230e+04 2.7753e-03 7.6466e-01 1.4230e+04 3.9491e+01 1.9664e+00
9.9412e+01 4.9066e+03 4.2783e-04 4.0393e-01 4.9066e+03 2.0992e+00 1.0103e+00
9.9804e+01 1.7411e+04 4.5346e-03 5.7978e-01 1.7411e+04 7.8953e+01 1.6285e+00
