# # x Density Velocity Pressure q0 q1 q2
1.9608e-01 1.0000e+05 0.0000e+00 1.0000e+00 1.0000e+05 0.0000e+00 2.5000e+00
5.8824e-01 1.0000e+05 0.0000e+00 1.0000e+00 1.0000e+05 0.0000e+00 2.5000e+00
9.8039e-01 1.0000e+05 0.0000e+00 1.0000e+00 1.0000e+05 0.0000e+00 2.5000e+00
1.3725e+00 1.0000e+05 0.0000e+00 1.0000e+00 1.0000e+05 0.0000e+00 2.5000e+00
1.7647e+00 1.0000e+05 0.0000e+00 1.0000e+00 1.0000e+05 0.0000e+00 2.5000e+00
2.1569e+00 1.0000e+05 0.0000e+00 1.0000e+00 1.0000e+05 0.0000e+00 2.5000e+00
2.5490e+00 1.0000e+05 0.0000e+00 1.0000e+00 1.0000e+05 0.0000e+00 2.5000e+00
2.9412e+00 1.0000e+05 0.0000e+00 1.0000e+00 1.0000e+05 0.0000e+00 2.5000e+00
3.3333e+00 1.0000e+05 0.0000e+00 1.0000e+00 1.0000e+05 0.0000e+00 2.5000e+00
3.7255e+00 1.0000e+05 0.0000e+00 1.0000e+00 1.0000e+05 0.0000e+00 2.5000e+00
4.1176e+00 1.0000e+05 0.0000e+00 1.0000e+00 1.0000e+05 0.0000e+00 2.5000e+00
4.5098e+00 1.0000e+05 0.0000e+00 1.0000e+00 1.0000e+05 0.0000e+00 2.5000e+00
4.9020e+00 1.0000e+05 0.0000e+00 1.0000e+00 1.0000e+05 0.0000e+00 2.5000e+00
5.2941e+00 1.0000e+05 0.0000e+00 1.0000e+00 1.0000e+05 0.0000e+00 2.5000e+00
5.6863e+00 1.0000e+05 0.0000e+00 1.0000e+00 1.0000e+05 0.0000e+00 2.5000e+00
6.0784e+00 1.0000e+05 0.0000e+00 1.0000e+00 1.0000e+05 0.0000e+00 2.5000e+00
6.4706e+00 1.0000e+05 0.0000e+00 1.0000e+00 1.0000e+05 0.0000e+00 2.5000e+00
6.8627e+00 1.0000e+05 0.0000e+00 1.0000e+00 1.0000e+05 0.0000e+00 2.5000e+00
7.2549e+00 1.0000e+05 0.0000e+00 1.0000e+00 1.0000e+05 0.0000e+00 2.5000e+00
7.6471e+00 1.0000e+05 0.0000e+00 1.0000e+00 1.0000e+05 0.0000e+00 2.5000e+00
8.0392e+00 1.0000e+05 0.0000e+00 1.0000e+00 1.0000e+05 0.0000e+00 2.5000e+00
8.4314e+00 1.0000e+05 0.0000e+00 1.0000e+00 1.0000e+05 0.0000e+00 2.5000e+00
8.8235e+00 1.0000e+05 0.0000e+00 1.0000e+00 1.0000e+05 0.0000e+00 2.5000e+00
9.2157e+00 1.0000e+05 0.0000e+00 1.0000e+00 1.0000e+05 0.0000e+00 2.5000e+00
9.6078e+00 1.0000e+05 0.0000e+00 1.0000e+00 1.0000e+05 0.0000e+00 2.5000e+00
1.0000e+01 1.0000e+05 0.0000e+00 1.0000e+00 1.0000e+05 0.0000e+00 2.5000e+00
1.0392e+01 1.0000e+05 0.0000e+00 1.0000e+00 1.0000e+05 0.0000e+00 2.5000e+00
1.0784e+01 1.0000e+05 0.0000e+00 1.0000e+00 1.0000e+05 0.0000e+00 2.5000e+00
1.1176e+01 1.0000e+05 0.0000e+00 1.0000e+00 1.0000e+05 0.0000e+00 2.5000e+00
1.1569e+01 1.0000e+05 0.0000e+00 1.0000e+00 1.0000e+05 0.0000e+00 2.5000e+00
1.1961e+01 1.0000e+05 0.0000e+00 1.0000e+00 1.0000e+05 0.0000e+00 2.5000e+00
1.2353e+01 1.0000e+05 0.0000e+00 1.0000e+00 1.0000e+05 0.0000e+00 2.5000e+00
1.2745e+01 1.0000e+05 0.0000e+00 1.0000e+00 1.0000e+05 0.0000e+00 2.5000e+00
1.3137e+01 1.0000e+05 0.0000e+00 1.0000e+00 1.0000e+05 0.0000e+00 2.5000e+00
1.3529e+01 1.0000e+05 0.0000e+00 1.0000e+00 1.0000e+05 0.0000e+00 2.5000e+00
1.3922e+01 1.0000e+05 0.0000e+00 1.0000e+00 1.0000e+05 0.0000e+00 2.5000e+00
1.4314e+01 1.0000e+05 0.0000e+00 1.0000e+00 1.0000e+05 0.0000e+00 2.5000e+00
1.4706e+01 1.0000e+05 0.0000e+00 1.0000e+00 1.0000e+05 0.0000e+00 2.5000e+00
1.5098e+01 1.0000e+05 0.0000e+00 1.0000e+00 1.0000e+05 0.0000e+00 2.5000e+00
1.5490e+01 1.0000e+05 0.0000e+00 1.0000e+00 1.0000e+05 0.0000e+00 2.5000e+00
1.5882e+01 1.0000e+05 0.0000e+00 1.0000e+00 1.0000e+05 0.0000e+00 2.5000e+00
1.6275e+01 1.0000e+05 0.0000e+00 1.0000e+00 1.0000e+05 0.0000e+00 2.5000e+00
1.6667e+01 1.0000e+05 0.0000e+00 1.0000e+00 1.0000e+05 0.0000e+00 2.5000e+00
1.7059e+01 1.0000e+05 0.0000e+00 1.0000e+00 1.0000e+05 0.0000e+00 2.5000e+00
1.7451e+01 1.0000e+05 0.0000e+00 1.0000e+00 1.0000e+05 0.0000e+00 2.5000e+00
1.7843e+01 1.0000e+05 0.0000e+00 1.0000e+00 1.0000e+05 0.0000e+00 2.5000e+00
1.8235e+01 1.0000e+05 0.0000e+00 1.0000e+00 1.0000e+05 0.0000e+00 2.5000e+00
1.8627e+01 1.0000e+05 0.0000e+00 1.0000e+00 1.0000e+05 0.0000e+00 2.5000e+00
1.9020e+01 1.0000e+05 0.0000e+00 1.0000e+00 1.0000e+05 0.0000e+00 2.5000e+00
1.9412e+01 1.0000e+05 0.0000e+00 1.0000e+00 1.0000e+05 0.0000e+00 2.5000e+00
1.9804e+01 1.0000e+05 0.0000e+00 1.0000e+00 1.0000e+05 0.0000e+00 2.5000e+00
2.0196e+01 1.0000e+05 0.0000e+00 1.0000e+00 1.0000e+05 0.0000e+00 2.5000e+00
2.0588e+01 1.0000e+05 0.0000e+00 1.0000e+00 1.0000e+05 0.0000e+00 2.5000e+00
2.0980e+01 1.0000e+05 0.0000e+00 1.0000e+00 1.0000e+05 0.0000e+00 2.5000e+00
2.1373e+01 1.0000e+05 0.0000e+00 1.0000e+00 1.0000e+05 0.0000e+00 2.5000e+00
2.1765e+01 1.0000e+05 0.0000e+00 1.0000e+00 1.0000e+05 0.0000e+00 2.5000e+00
2.2157e+01 1.0000e+05 0.0000e+00 1.0000e+00 1.0000e+05 0.0000e+00 2.5000e+00
2.2549e+01 1.0000e+05 0.0000e+00 1.0000e+00 1.0000e+05 0.0000e+00 2.5000e+00
2.2941e+01 1.0000e+05 0.0000e+00 1.0000e+00 1.0000e+05 0.0000e+00 2.5000e+00
2.3333e+01 1.0000e+05 0.0000e+00 1.0000e+00 1.0000e+05 0.0000e+00 2.5000e+00
2.3725e+01 1.0000e+05 0.0000e+00 1.0000e+00 1.0000e+05 0.0000e+00 2.5000e+00
2.4118e+01 1.0000e+05 0.0000e+00 1.0000e+00 1.0000e+05 0.0000e+00 2.5000e+00
2.4510e+01 1.0000e+05 0.0000e+00 1.0000e+00 1.0000e+05 0.0000e+00 2.5000e+00
2.4902e+01 1.0000e+05 0.0000e+00 1.0000e+00 1.0000e+05 0.0000e+00 2.5000e+00
2.5294e+01 1.0000e+05 0.0000e+00 1.0000e+00 1.0000e+05 0.0000e+00 2.5000e+00
2.5686e+01 1.0000e+05 0.0000e+00 1.0000e+00 1.0000e+05 0.0000e+00 2.5000e+00
2.6078e+01 1.0000e+05 0.0000e+00 1.0000e+00 1.0000e+05 0.0000e+00 2.5000e+00
2.6471e+01 1.0000e+05 0.0000e+00 1.0000e+00 1.0000e+05 0.0000e+00 2.5000e+00
2.6863e+01 1.0000e+05 0.0000e+00 1.0000e+00 1.0000e+05 0.0000e+00 2.5000e+00
2.7255e+01 1.0000e+05 0.0000e+00 1.0000e+00 1.0000e+05 0.0000e+00 2.5000e+00
2.7647e+01 1.0000e+05 0.0000e+00 1.0000e+00 1.0000e+05 0.0000e+00 2.5000e+00
2.8039e+01 1.0000e+05 4.5297e-21 1.0000e+00 1.0000e+05 4.5297e-16 2.5000e+00
2.8431e+01 1.0000e+05 2.6386e-19 1.0000e+00 1.0000e+05 2.6386e-14 2.5000e+00
2.8824e+01 1.0000e+05 1.3119e-18 1.0000e+00 1.0000e+05 1.3119e-13 2.5000e+00
2.9216e+01 1.0000e+05 3.6824e-18 1.0000e+00 1.0000e+05 3.6824e-13 2.5000e+00
2.9608e+01 1.0000e+05 9.2021e-18 1.0000e+00 1.0000e+05 9.2021e-13 2.5000e+00
3.0000e+01 1.0000e+05 2.3934e-17 1.0000e+00 1.0000e+05 2.3934e-12 2.5000e+00
3.0392e+01 1.0000e+05 6.4496e-17 1.0000e+00 1.0000e+05 6.4496e-12 2.5000e+00
3.0784e+01 1.0000e+05 1.7509e-16 1.0000e+00 1.0000e+05 1.7509e-11 2.5000e+00
3.1176e+01 1.0000e+05 4.7279e-16 1.0000e+00 1.0000e+05 4.7279e-11 2.5000e+00
3.1569e+01 1.0000e+05 1.2617e-15 1.0000e+00 1.0000e+05 1.2617e-10 2.5000e+00
3.1961e+01 1.0000e+05 3.3193e-15 1.0000e+00 1.0000e+05 3.3193e-10 2.5000e+00
3.2353e+01 1.0000e+05 8.5986e-15 1.0000e+00 1.0000e+05 8.5986e-10 2.5000e+00
3.2745e+01 1.0000e+05 2.1921e-14 1.0000e+00 1.0000e+05 2.1921e-09 2.5000e+00
3.3137e+01 1.0000e+05 5.4983e-14 1.0000e+00 1.0000e+05 5.4983e-09 2.5000e+00
3.3529e+01 1.0000e+05 1.3566e-13 1.0000e+00 1.0000e+05 1.3566e-08 2.5000e+00
3.3922e+01 1.0000e+05 3.2921e-13 1.0000e+00 1.0000e+05 3.2921e-08 2.5000e+00
3.4314e+01 1.0000e+05 7.8560e-13 1.0000e+00 1.0000e+05 7.8560e-08 2.5000e+00
3.4706e+01 1.0000e+05 1.8431e-12 1.0000e+00 1.0000e+05 1.8431e-07 2.5000e+00
3.5098e+01 1.0000e+05 4.2507e-12 1.0000e+00 1.0000e+05 4.2507e-07 2.5000e+00
3.5490e+01 1.0000e+05 9.6353e-12 1.0000e+00 1.0000e+05 9.6353e-07 2.5000e+00
3.5882e+01 1.0000e+05 2.1462e-11 1.0000e+00 1.0000e+05 2.1462e-06 2.5000e+00
3.6275e+01 1.0000e+05 4.6971e-11 1.0000e+00 1.0000e+05 4.6971e-06 2.5000e+00
3.6667e+01 1.0000e+05 1.0098e-10 1.0000e+00 1.0000e+05 1.0098e-05 2.5000e+00
3.7059e+01 1.0000e+05 2.1324e-10 1.0000e+00 1.0000e+05 2.1324e-05 2.5000e+00
3.7451e+01 1.0000e+05 4.4220e-10 1.0000e+00 1.0000e+05 4.4220e-05 2.5000e+00
3.7843e+01 1.0000e+05 9.0037e-10 1.0000e+00 1.0000e+05 9.0037e-05 2.5000e+00
3.8235e+01 1.0000e+05 1.7998e-09 9.9999e-01 1.0000e+05 1.7998e-04 2.5000e+00
3.8627e+01 1.0000e+05 3.5313e-09 9.9999e-01 1.0000e+05 3.5313e-04 2.5000e+00
3.9020e+01 1.0000e+05 6.8002e-09 9.9997e-01 1.0000e+05 6.8002e-04 2.4999e+00
3.9412e+01 1.0000e+05 1.2850e-08 9.9995e-01 1.0000e+05 1.2850e-03 2.4999e+00
3.9804e+01 1.0000e+05 2.3824e-08 9.9991e-01 1.0000e+05 2.3824e-03 2.4998e+00
4.0196e+01 1.0000e+05 4.3332e-08 9.9985e-01 1.0000e+05 4.3332e-03 2.4996e+00
4.0588e+01 1.0000e+05 7.7310e-08 9.9973e-01 1.0000e+05 7.7310e-03 2.4993e+00
4.0980e+01 1.0000e+05 1.3528e-07 9.9955e-01 1.0000e+05 1.3528e-02 2.4989e+00
4.1373e+01 9.9999e+04 2.3215e-07 9.9925e-01 9.9999e+04 2.3215e-02 2.4981e+00
4.1765e+01 9.9999e+04 3.9065e-07 9.9878e-01 9.9999e+04 3.9064e-02 2.4970e+00
4.2157e+01 9.9998e+04 6.4455e-07 9.9806e-01 9.9998e+04 6.4454e-02 2.4952e+00
4.2549e+01 9.9996e+04 1.0427e-06 9.9698e-01 9.9996e+04 1.0426e-01 2.4925e+00
4.2941e+01 9.9994e+04 1.6536e-06 9.9539e-01 9.9994e+04 1.6535e-01 2.4885e+00
4.3333e+01 9.9990e+04 2.5710e-06 9.9312e-01 9.9990e+04 2.5708e-01 2.4828e+00
4.3725e+01 9.9985e+04 3.9188e-06 9.8995e-01 9.9985e+04 3.9182e-01 2.4749e+00
4.4118e+01 9.9977e+04 5.8556e-06 9.8562e-01 9.9977e+04 5.8542e-01 2.4641e+00
4.4510e+01 9.9964e+04 8.5777e-06 9.7988e-01 9.9964e+04 8.5747e-01 2.4497e+00
4.4902e+01 9.9947e+04 1.2319e-05 9.7246e-01 9.9947e+04 1.2313e+00 2.4312e+00
4.5294e+01 9.9922e+04 1.7348e-05 9.6311e-01 9.9922e+04 1.7335e+00 2.4078e+00
4.5686e+01 9.9888e+04 2.3956e-05 9.5167e-01 9.9888e+04 2.3930e+00 2.3792e+00
4.6078e+01 9.9842e+04 3.2445e-05 9.3806e-01 9.9842e+04 3.2394e+00 2.3452e+00
4.6471e+01 9.9780e+04 4.3104e-05 9.2235e-01 9.9780e+04 4.3010e+00 2.3060e+00
4.6863e+01 9.9700e+04 5.6182e-05 9.0480e-01 9.9700e+04 5.6013e+00 2.2622e+00
4.7255e+01 9.9598e+04 7.1844e-05 8.8593e-01 9.9598e+04 7.1555e+00 2.2151e+00
4.7647e+01 9.9471e+04 9.0199e-05 8.6656e-01 9.9471e+04 8.9722e+00 2.1668e+00
4.8039e+01 9.9302e+04 1.1063e-04 8.4765e-01 9.9302e+04 1.0986e+01 2.1197e+00
4.8431e+01 9.9193e+04 1.3645e-04 8.3186e-01 9.9193e+04 1.3534e+01 2.0806e+00
4.8824e+01 9.8515e+04 1.4552e-04 8.1320e-01 9.8515e+04 1.4336e+01 2.0341e+00
4.9216e+01 9.9828e+04 2.2908e-04 8.2324e-01 9.9828e+04 2.2868e+01 2.0607e+00
4.9608e+01 1.0181e+05 1.4990e-04 7.8027e-01 1.0181e+05 1.5261e+01 1.9518e+00
5.0000e+01 1.2858e+04 1.8983e-04 7.5911e-01 1.2858e+04 2.4409e+00 1.8980e+00
5.0392e+01 1.1481e+04 5.2409e-04 7.6294e-01 1.1481e+04 6.0172e+00 1.9089e+00
5.0784e+01 1.2224e+04 1.0184e-03 7.9337e-01 1.2224e+04 1.2449e+01 1.9898e+00
5.1176e+01 1.2690e+04 1.1245e-03 7.8808e-01 1.2690e+04 1.4270e+01 1.9782e+00
5.1569e+01 1.2718e+04 1.1694e-03 7.8148e-01 1.2718e+04 1.4873e+01 1.9624e+00
5.1961e+01 1.2778e+04 1.1112e-03 7.6600e-01 1.2778e+04 1.4198e+01 1.9229e+00
5.2353e+01 1.2733e+04 1.1203e-03 7.5707e-01 1.2733e+04 1.4265e+01 1.9007e+00
5.2745e+01 1.2766e+04 1.0726e-03 7.4220e-01 1.2766e+04 1.3693e+01 1.8628e+00
5.3137e+01 1.2737e+04 1.0662e-03 7.3038e-01 1.2737e+04 1.3580e+01 1.8332e+00
5.3529e+01 1.2751e+04 1.0241e-03 7.1468e-01 1.2751e+04 1.3059e+01 1.7934e+00
5.3922e+01 1.2732e+04 1.0049e-03 6.9974e-01 1.2732e+04 1.2795e+01 1.7558e+00
5.4314e+01 1.2735e+04 9.6462e-04 6.8216e-01 1.2735e+04 1.2284e+01 1.7113e+00
5.4706e+01 1.2721e+04 9.3533e-04 6.6399e-01 1.2721e+04 1.1898e+01 1.6655e+00
5.5098e+01 1.2717e+04 8.9382e-04 6.4373e-01 1.2717e+04 1.1366e+01 1.6144e+00
5.5490e+01 1.2705e+04 8.5635e-04 6.2212e-01 1.2705e+04 1.0879e+01 1.5600e+00
5.5882e+01 1.2696e+04 8.1150e-04 5.9854e-01 1.2696e+04 1.0303e+01 1.5005e+00
5.6275e+01 1.2684e+04 7.6684e-04 5.7312e-01 1.2684e+04 9.7263e+00 1.4365e+00
5.6667e+01 1.2672e+04 7.1715e-04 5.4558e-01 1.2672e+04 9.0878e+00 1.3672e+00
5.7059e+01 1.2659e+04 6.6557e-04 5.1578e-01 1.2659e+04 8.4254e+00 1.2923e+00
5.7451e+01 1.2645e+04 6.0984e-04 4.8353e-01 1.2645e+04 7.7117e+00 1.2112e+00
5.7843e+01 1.2631e+04 5.5104e-04 4.4858e-01 1.2631e+04 6.9600e+00 1.1234e+00
5.8235e+01 1.2615e+04 4.8812e-04 4.1065e-01 1.2615e+04 6.1578e+00 1.0281e+00
5.8627e+01 1.2599e+04 4.2122e-04 3.6940e-01 1.2599e+04 5.3070e+00 9.2462e-01
5.9020e+01 1.2582e+04 3.4996e-04 3.2456e-01 1.2582e+04 4.4031e+00 8.1217e-01
5.9412e+01 1.2564e+04 2.7506e-04 2.7633e-01 1.2564e+04 3.4559e+00 6.9131e-01
5.9804e+01 1.2546e+04 1.9934e-04 2.2661e-01 1.2546e+04 2.5010e+00 5.6678e-01
6.0196e+01 1.2530e+04 1.2912e-04 1.8016e-01 1.2530e+04 1.6179e+00 4.5050e-01
6.0588e+01 1.2517e+04 7.2663e-05 1.4342e-01 1.2517e+04 9.0954e-01 3.5859e-01
6.0980e+01 1.2509e+04 3.5071e-05 1.2001e-01 1.2509e+04 4.3870e-01 3.0004e-01
6.1373e+01 1.2504e+04 1.4699e-05 1.0805e-01 1.2504e+04 1.8379e-01 2.7014e-01
6.1765e+01 1.2501e+04 5.5395e-06 1.0296e-01 1.2501e+04 6.9252e-02 2.5740e-01
6.2157e+01 1.2501e+04 1.9559e-06 1.0103e-01 1.2501e+04 2.4450e-02 2.5259e-01
6.2549e+01 1.2500e+04 6.6712e-07 1.0035e-01 1.2500e+04 8.3391e-03 2.5088e-01
6.2941e+01 1.2500e+04 2.2344e-07 1.0012e-01 1.2500e+04 2.7930e-03 2.5030e-01
6.3333e+01 1.2500e+04 7.4001e-08 1.0004e-01 1.2500e+04 9.2502e-04 2.5010e-01
6.3725e+01 1.2500e+04 2.4296e-08 1.0001e-01 1.2500e+04 3.0370e-04 2.5003e-01
6.4118e+01 1.2500e+04 7.9142e-09 1.0000e-01 1.2500e+04 9.8928e-05 2.5001e-01
6.4510e+01 1.2500e+04 2.5582e-09 1.0000e-01 1.2500e+04 3.1977e-05 2.5000e-01
6.4902e+01 1.2500e+04 8.2056e-10 1.0000e-01 1.2500e+04 1.0257e-05 2.5000e-01
6.5294e+01 1.2500e+04 2.6116e-10 1.0000e-01 1.2500e+04 3.2645e-06 2.5000e-01
6.5686e+01 1.2500e+04 8.2465e-11 1.0000e-01 1.2500e+04 1.0308e-06 2.5000e-01
6.6078e+01 1.2500e+04 2.5832e-11 1.0000e-01 1.2500e+04 3.2290e-07 2.5000e-01
6.6471e+01 1.2500e+04 8.0262e-12 1.0000e-01 1.2500e+04 1.0033e-07 2.5000e-01
6.6863e+01 1.2500e+04 2.4734e-12 1.0000e-01 1.2500e+04 3.0917e-08 2.5000e-01
6.7255e+01 1.2500e+04 7.5586e-13 1.0000e-01 1.2500e+04 9.4482e-09 2.5000e-01
6.7647e+01 1.2500e+04 2.2904e-13 1.0000e-01 1.2500e+04 2.8630e-09 2.5000e-01
6.8039e+01 1.2500e+04 6.8809e-14 1.0000e-01 1.2500e+04 8.6011e-10 2.5000e-01
6.8431e+01 1.2500e+04 2.0492e-14 1.0000e-01 1.2500e+04 2.5615e-10 2.5000e-01
6.8824e+01 1.2500e+04 6.0487e-15 1.0000e-01 1.2500e+04 7.5608e-11 2.5000e-01
6.9216e+01 1.2500e+04 1.7689e-15 1.0000e-01 1.2500e+04 2.2111e-11 2.5000e-01
6.9608e+01 1.2500e+04 5.1199e-16 1.0000e-01 1.2500e+04 6.3998e-12 2.5000e-01
7.0000e+01 1.2500e+04 1.4616e-16 1.0000e-01 1.2500e+04 1.8270e-12 2.5000e-01
7.0392e+01 1.2500e+04 4.0737e-17 1.0000e-01 1.2500e+04 5.0921e-13 2.5000e-01
7.0784e+01 1.2500e+04 1.0722e-17 1.0000e-01 1.2500e+04 1.3403e-13 2.5000e-01
7.1176e+01 1.2500e+04 2.3266e-18 1.0000e-01 1.2500e+04 2.9082e-14 2.5000e-01
7.1569e+01 1.2500e+04 2.3215e-19 1.0000e-01 1.2500e+04 2.9018e-15 2.5000e-01
7.1961e+01 1.2500e+04 2.8311e-21 1.0000e-01 1.2500e+04 3.5388e-17 2.5000e-01
7.2353e+01 1.2500e+04 0.0000e+00 1.0000e-01 1.2500e+04 0.0000e+00 2.5000e-01
7.2745e+01 1.2500e+04 0.0000e+00 1.0000e-01 1.2500e+04 0.0000e+00 2.5000e-01
7.3137e+01 1.2500e+04 0.0000e+00 1.0000e-01 1.2500e+04 0.0000e+00 2.5000e-01
7.3529e+01 1.2500e+04 0.0000e+00 1.0000e-01 1.2500e+04 0.0000e+00 2.5000e-01
7.3922e+01 1.2500e+04 0.0000e+00 1.0000e-01 1.2500e+04 0.0000e+00 2.5000e-01
7.4314e+01 1.2500e+04 0.0000e+00 1.0000e-01 1.2500e+04 0.0000e+00 2.5000e-01
7.4706e+01 1.2500e+04 0.0000e+00 1.0000e-01 1.2500e+04 0.0000e+00 2.5000e-01
7.5098e+01 1.2500e+04 0.0000e+00 1.0000e-01 1.2500e+04 0.0000e+00 2.5000e-01
7.5490e+01 1.2500e+04 0.0000e+00 1.0000e-01 1.2500e+04 0.0000e+00 2.5000e-01
7.5882e+01 1.2500e+04 0.0000e+00 1.0000e-01 1.2500e+04 0.0000e+00 2.5000e-01
7.6275e+01 1.2500e+04 0.0000e+00 1.0000e-01 1.2500e+04 0.0000e+00 2.5000e-01
7.6667e+01 1.2500e+04 0.0000e+00 1.0000e-01 1.2500e+04 0.0000e+00 2.5000e-01
7.7059e+01 1.2500e+04 0.0000e+00 1.0000e-01 1.2500e+04 0.0000e+00 2.5000e-01
7.7451e+01 1.2500e+04 0.0000e+00 1.0000e-01 1.2500e+04 0.0000e+00 2.5000e-01
7.7843e+01 1.2500e+04 0.0000e+00 1.0000e-01 1.2500e+04 0.0000e+00 2.5000e-01
7.8235e+01 1.2500e+04 0.0000e+00 1.0000e-01 1.2500e+04 0.0000e+00 2.5000e-01
7.8627e+01 1.2500e+04 0.0000e+00 1.0000e-01 1.2500e+04 0.0000e+00 2.5000e-01
7.9020e+01 1.2500e+04 0.0000e+00 1.0000e-01 1.2500e+04 0.0000e+00 2.5000e-01
7.9412e+01 1.2500e+04 0.0000e+00 1.0000e-01 1.2500e+04 0.0000e+00 2.5000e-01
7.9804e+01 1.2500e+04 0.0000e+00 1.0000e-01 1.2500e+04 0.0000e+00 2.5000e-01
8.0196e+01 1.2500e+04 0.0000e+00 1.0000e-01 1.2500e+04 0.0000e+00 2.5000e-01
8.0588e+01 1.2500e+04 0.0000e+00 1.0000e-01 1.2500e+04 0.0000e+00 2.5000e-01
8.0980e+01 1.2500e+04 0.0000e+00 1.0000e-01 1.2500e+04 0.0000e+00 2.5000e-01
8.1373e+01 1.2500e+04 0.0000e+00 1.0000e-01 1.2500e+04 0.0000e+00 2.5000e-01
8.1765e+01 1.2500e+04 0.0000e+00 1.0000e-01 1.2500e+04 0.0000e+00 2.5000e-01
8.2157e+01 1.2500e+04 0.0000e+00 1.0000e-01 1.2500e+04 0.0000e+00 2.5000e-01
8.2549e+01 1.2500e+04 0.0000e+00 1.0000e-01 1.2500e+04 0.0000e+00 2.5000e-01
8.2941e+01 1.2500e+04 0.0000e+00 1.0000e-01 1.2500e+04 0.0000e+00 2.5000e-01
8.3333e+01 1.2500e+04 0.0000e+00 1.0000e-01 1.2500e+04 0.0000e+00 2.5000e-01
8.3725e+01 1.2500e+04 0.0000e+00 1.0000e-01 1.2500e+04 0.0000e+00 2.5000e-01
8.4118e+01 1.2500e+04 0.0000e+00 1.0000e-01 1.2500e+04 0.0000e+00 2.5000e-01
8.4510e+01 1.2500e+04 0.0000e+00 1.0000e-01 1.2500e+04 0.0000e+00 2.5000e-01
8.4902e+01 1.2500e+04 0.0000e+00 1.0000e-01 1.2500e+04 0.0000e+00 2.5000e-01
8.5294e+01 1.2500e+04 0.0000e+00 1.0000e-01 1.2500e+04 0.0000e+00 2.5000e-01
8.5686e+01 1.2500e+04 0.0000e+00 1.0000e-01 1.2500e+04 0.0000e+00 2.5000e-01
8.6078e+01 1.2500e+04 0.0000e+00 1.0000e-01 1.2500e+04 0.0000e+00 2.5000e-01
8.6471e+01 1.2500e+04 0.0000e+00 1.0000e-01 1.2500e+04 0.0000e+00 2.5000e-01
8.6863e+01 1.2500e+04 0.0000e+00 1.0000e-01 1.2500e+04 0.0000e+00 2.5000e-01
8.7255e+01 1.2500e+04 0.0000e+00 1.0000e-01 1.2500e+04 0.0000e+00 2.5000e-01
8.7647e+01 1.2500e+04 0.0000e+00 1.0000e-01 1.2500e+04 0.0000e+00 2.5000e-01
8.8039e+01 1.2500e+04 0.0000e+00 1.0000e-01 1.2500e+04 0.0000e+00 2.5000e-01
8.8431e+01 1.2500e+04 0.0000e+00 1.0000e-01 1.2500e+04 0.0000e+00 2.5000e-01
8.8824e+01 1.2500e+04 0.0000e+00 1.0000e-01 1.2500e+04 0.0000e+00 2.5000e-01
8.9216e+01 1.2500e+04 0.0000e+00 1.0000e-01 1.2500e+04 0.0000e+00 2.5000e-01
8.9608e+01 1.2500e+04 0.0000e+00 1.0000e-01 1.2500e+04 0.0000e+00 2.5000e-01
9.0000e+01 1.2500e+04 0.0000e+00 1.0000e-01 1.2500e+04 0.0000e+00 2.5000e-01
9.0392e+01 1.2500e+04 0.0000e+00 1.0000e-01 1.2500e+04 0.0000e+00 2.5000e-01
9.0784e+01 1.2500e+04 0.0000e+00 1.0000e-01 1.2500e+04 0.0000e+00 2.5000e-01
9.1176e+01 1.2500e+04 0.0000e+00 1.0000e-01 1.2500e+04 0.0000e+00 2.5000e-01
9.1569e+01 1.2500e+04 0.0000e+00 1.0000e-01 1.2500e+04 0.0000e+00 2.5000e-01
9.1961e+01 1.2500e+04 0.0000e+00 1.0000e-01 1.2500e+04 0.0000e+00 2.5000e-01
9.2353e+01 1.2500e+04 0.0000e+00 1.0000e-01 1.2500e+04 0.0000e+00 2.5000e-01
9.2745e+01 1.2500e+04 0.0000e+00 1.0000e-01 1.2500e+04 0.0000e+00 2.5000e-01
9.3137e+01 1.2500e+04 0.0000e+00 1.0000e-01 1.2500e+04 0.0000e+00 2.5000e-01
9.3529e+01 1.2500e+04 0.0000e+00 1.0000e-01 1.2500e+04 0.0000e+00 2.5000e-01
9.3922e+01 1.2500e+04 0.0000e+00 1.0000e-01 1.2500e+04 0.0000e+00 2.5000e-01
9.4314e+01 1.2500e+04 0.0000e+00 1.0000e-01 1.2500e+04 0.0000e+00 2.5000e-01
9.4706e+01 1.2500e+04 0.0000e+00 1.0000e-01 1.2500e+04 0.0000e+00 2.5000e-01
9.5098e+01 1.2500e+04 0.0000e+00 1.0000e-01 1.2500e+04 0.0000e+00 2.5000e-01
9.5490e+01 1.2500e+04 0.0000e+00 1.0000e-01 1.2500e+04 0.0000e+00 2.5000e-01
9.5882e+01 1.2500e+04 0.0000e+00 1.0000e-01 1.2500e+04 0.0000e+00 2.5000e-01
9.6275e+01 1.2500e+04 0.0000e+00 1.0000e-01 1.2500e+04 0.0000e+00 2.5000e-01
9.6667e+01 1.2500e+04 0.0000e+00 1.0000e-01 1.2500e+04 0.0000e+00 2.5000e-01
9.7059e+01 1.2500e+04 0.0000e+00 1.0000e-01 1.2500e+04 0.0000e+00 2.5000e-01
9.7451e+01 1.2500e+04 0.0000e+00 1.0000e-01 1.2500e+04 0.0000e+00 2.5000e-01
9.7843e+01 1.2500e+04 0.0000e+00 1.0000e-01 1.2500e+04 0.0000e+00 2.5000e-01
9.8235e+01 1.2500e+04 0.0000e+00 1.0000e-01 1.2500e+04 0.0000e+00 2.5000e-01
9.8627e+01 1.2500e+04 0.0000e+00 1.0000e-01 1.2500e+04 0.0000e+00 2.5000e-01
9.9020e+01 1.2500e+04 0.0000e+00 1.0000e-01 1.2500e+04 0.0000e+00 2.5000e-01
9.9412e+01 1.2500e+04 0.0000e+00 1.0000e-01 1.2500e+04 0.0000e+00 2.5000e-01
9.9804e+01 1.2500e+04 0.0000e+00 1.0000e-01 1.2500e+04 0.0000e+00 2.5000e-01
