# # x Density Velocity Pressure q0 q1 q2
1.9608e-01 1.0000e+05 1.1043e-11 1.0000e+00 1.0000e+05 1.1043e-06 2.5000e+00
5.8824e-01 1.0000e+05 1.5003e-11 1.0000e+00 1.0000e+05 1.5003e-06 2.5000e+00
9.8039e-01 1.0000e+05 1.7577e-11 1.0000e+00 1.0000e+05 1.7577e-06 2.5000e+00
1.3725e+00 1.0000e+05 2.0786e-11 1.0000e+00 1.0000e+05 2.0786e-06 2.5000e+00
1.7647e+00 1.0000e+05 2.5395e-11 1.0000e+00 1.0000e+05 2.5395e-06 2.5000e+00
2.1569e+00 1.0000e+05 3.1835e-11 1.0000e+00 1.0000e+05 3.1835e-06 2.5000e+00
2.5490e+00 1.0000e+05 4.0533e-11 1.0000e+00 1.0000e+05 4.0533e-06 2.5000e+00
2.9412e+00 1.0000e+05 5.2017e-11 1.0000e+00 1.0000e+05 5.2017e-06 2.5000e+00
3.3333e+00 1.0000e+05 6.6980e-11 1.0000e+00 1.0000e+05 6.6980e-06 2.5000e+00
3.7255e+00 1.0000e+05 8.6315e-11 1.0000e+00 1.0000e+05 8.6315e-06 2.5000e+00
4.1176e+00 1.0000e+05 1.1116e-10 1.0000e+00 1.0000e+05 1.1116e-05 2.5000e+00
4.5098e+00 1.0000e+05 1.4296e-10 1.0000e+00 1.0000e+05 1.4296e-05 2.5000e+00
4.9020e+00 1.0000e+05 1.8352e-10 1.0000e+00 1.0000e+05 1.8352e-05 2.5000e+00
5.2941e+00 1.0000e+05 2.3513e-10 1.0000e+00 1.0000e+05 2.3513e-05 2.5000e+00
5.6863e+00 1.0000e+05 3.0061e-10 1.0000e+00 1.0000e+05 3.0061e-05 2.5000e+00
6.0784e+00 1.0000e+05 3.8350e-10 1.0000e+00 1.0000e+05 3.8350e-05 2.5000e+00
6.4706e+00 1.0000e+05 4.8816e-10 1.0000e+00 1.0000e+05 4.8816e-05 2.5000e+00
6.8627e+00 1.0000e+05 6.2000e-10 1.0000e+00 1.0000e+05 6.2000e-05 2.5000e+00
7.2549e+00 1.0000e+05 7.8569e-10 1.0000e+00 1.0000e+05 7.8569e-05 2.5000e+00
7.6471e+00 1.0000e+05 9.9344e-10 1.0000e+00 1.0000e+05 9.9344e-05 2.5000e+00
8.0392e+00 1.0000e+05 1.2533e-09 1.0000e+00 1.0000e+05 1.2533e-04 2.5000e+00
8.4314e+00 1.0000e+05 1.5777e-09 1.0000e+00 1.0000e+05 1.5777e-04 2.5000e+00
8.8235e+00 1.0000e+05 1.9815e-09 1.0000e+00 1.0000e+05 1.9815e-04 2.5000e+00
9.2157e+00 1.0000e+05 2.4831e-09 1.0000e+00 1.0000e+05 2.4831e-04 2.5000e+00
9.6078e+00 1.0000e+05 3.1049e-09 1.0000e+00 1.0000e+05 3.1048e-04 2.5000e+00
1.0000e+01 1.0000e+05 3.8736e-09 9.9999e-01 1.0000e+05 3.8736e-04 2.5000e+00
1.0392e+01 1.0000e+05 4.8218e-09 9.9999e-01 1.0000e+05 4.8218e-04 2.5000e+00
1.0784e+01 1.0000e+05 5.9888e-09 9.9999e-01 1.0000e+05 5.9888e-04 2.5000e+00
1.1176e+01 1.0000e+05 7.4217e-09 9.9999e-01 1.0000e+05 7.4217e-04 2.5000e+00
1.1569e+01 1.0000e+05 9.1770e-09 9.9999e-01 1.0000e+05 9.1770e-04 2.5000e+00
1.1961e+01 1.0000e+05 1.1322e-08 9.9998e-01 1.0000e+05 1.1322e-03 2.5000e+00
1.2353e+01 1.0000e+05 1.3938e-08 9.9998e-01 1.0000e+05 1.3938e-03 2.4999e+00
1.2745e+01 1.0000e+05 1.7119e-08 9.9998e-01 1.0000e+05 1.7119e-03 2.4999e+00
1.3137e+01 1.0000e+05 2.0981e-08 9.9997e-01 1.0000e+05 2.0981e-03 2.4999e+00
1.3529e+01 1.0000e+05 2.5656e-08 9.9996e-01 1.0000e+05 2.5656e-03 2.4999e+00
1.3922e+01 1.0000e+05 3.1304e-08 9.9996e-01 1.0000e+05 3.1304e-03 2.4999e+00
1.4314e+01 1.0000e+05 3.8111e-08 9.9995e-01 1.0000e+05 3.8111e-03 2.4999e+00
1.4706e+01 1.0000e+05 4.6296e-08 9.9994e-01 1.0000e+05 4.6295e-03 2.4998e+00
1.5098e+01 1.0000e+05 5.6113e-08 9.9992e-01 1.0000e+05 5.6113e-03 2.4998e+00
1.5490e+01 1.0000e+05 6.7863e-08 9.9991e-01 1.0000e+05 6.7863e-03 2.4998e+00
1.5882e+01 9.9999e+04 8.1893e-08 9.9989e-01 9.9999e+04 8.1892e-03 2.4997e+00
1.6275e+01 9.9999e+04 9.8606e-08 9.9987e-01 9.9999e+04 9.8605e-03 2.4997e+00
1.6667e+01 9.9999e+04 1.1847e-07 9.9984e-01 9.9999e+04 1.1847e-02 2.4996e+00
1.7059e+01 9.9999e+04 1.4202e-07 9.9981e-01 9.9999e+04 1.4202e-02 2.4995e+00
1.7451e+01 9.9999e+04 1.6988e-07 9.9978e-01 9.9999e+04 1.6988e-02 2.4994e+00
1.7843e+01 9.9998e+04 2.0276e-07 9.9974e-01 9.9998e+04 2.0276e-02 2.4993e+00
1.8235e+01 9.9998e+04 2.4148e-07 9.9969e-01 9.9998e+04 2.4147e-02 2.4992e+00
1.8627e+01 9.9998e+04 2.8696e-07 9.9964e-01 9.9998e+04 2.8695e-02 2.4991e+00
1.9020e+01 9.9997e+04 3.4027e-07 9.9957e-01 9.9997e+04 3.4026e-02 2.4989e+00
1.9412e+01 9.9997e+04 4.0260e-07 9.9950e-01 9.9997e+04 4.0259e-02 2.4987e+00
1.9804e+01 9.9996e+04 4.7532e-07 9.9941e-01 9.9996e+04 4.7530e-02 2.4985e+00
2.0196e+01 9.9995e+04 5.5995e-07 9.9931e-01 9.9995e+04 5.5993e-02 2.4983e+00
2.0588e+01 9.9995e+04 6.5823e-07 9.9920e-01 9.9995e+04 6.5820e-02 2.4980e+00
2.0980e+01 9.9994e+04 7.7209e-07 9.9907e-01 9.9994e+04 7.7205e-02 2.4977e+00
2.1373e+01 9.9992e+04 9.0370e-07 9.9892e-01 9.9992e+04 9.0363e-02 2.4973e+00
2.1765e+01 9.9991e+04 1.0555e-06 9.9876e-01 9.9991e+04 1.0554e-01 2.4969e+00
2.2157e+01 9.9990e+04 1.2301e-06 9.9856e-01 9.9990e+04 1.2299e-01 2.4964e+00
2.2549e+01 9.9988e+04 1.4305e-06 9.9835e-01 9.9988e+04 1.4303e-01 2.4959e+00
2.2941e+01 9.9986e+04 1.6601e-06 9.9810e-01 9.9986e+04 1.6598e-01 2.4952e+00
2.3333e+01 9.9983e+04 1.9223e-06 9.9782e-01 9.9983e+04 1.9220e-01 2.4946e+00
2.3725e+01 9.9981e+04 2.2213e-06 9.9751e-01 9.9981e+04 2.2209e-01 2.4938e+00
2.4118e+01 9.9977e+04 2.5614e-06 9.9715e-01 9.9977e+04 2.5608e-01 2.4929e+00
2.4510e+01 9.9974e+04 2.9473e-06 9.9676e-01 9.9974e+04 2.9465e-01 2.4919e+00
2.4902e+01 9.9970e+04 3.3842e-06 9.9632e-01 9.9970e+04 3.3832e-01 2.4908e+00
2.5294e+01 9.9965e+04 3.8778e-06 9.9582e-01 9.9965e+04 3.8764e-01 2.4896e+00
2.5686e+01 9.9959e+04 4.4340e-06 9.9527e-01 9.9959e+04 4.4322e-01 2.4882e+00
2.6078e+01 9.9953e+04 5.0595e-06 9.9466e-01 9.9953e+04 5.0571e-01 2.4867e+00
2.6471e+01 9.9946e+04 5.7612e-06 9.9399e-01 9.9946e+04 5.7581e-01 2.4850e+00
2.6863e+01 9.9938e+04 6.5467e-06 9.9324e-01 9.9938e+04 6.5427e-01 2.4831e+00
2.7255e+01 9.9929e+04 7.4241e-06 9.9241e-01 9.9929e+04 7.4188e-01 2.4810e+00
2.7647e+01 9.9919e+04 8.4018e-06 9.9151e-01 9.9919e+04 8.3950e-01 2.4788e+00
2.8039e+01 9.9908e+04 9.4888e-06 9.9051e-01 9.9908e+04 9.4801e-01 2.4763e+00
2.8431e+01 9.9895e+04 1.0695e-05 9.8942e-01 9.9895e+04 1.0684e+00 2.4736e+00
2.8824e+01 9.9881e+04 1.2030e-05 9.8823e-01 9.9881e+04 1.2015e+00 2.4706e+00
2.9216e+01 9.9865e+04 1.3504e-05 9.8694e-01 9.9865e+04 1.3486e+00 2.4673e+00
2.9608e+01 9.9847e+04 1.5129e-05 9.8553e-01 9.9847e+04 1.5106e+00 2.4638e+00
3.0000e+01 9.9828e+04 1.6916e-05 9.8400e-01 9.9828e+04 1.6887e+00 2.4600e+00
3.0392e+01 9.9806e+04 1.8876e-05 9.8234e-01 9.9806e+04 1.8840e+00 2.4559e+00
3.0784e+01 9.9781e+04 2.1023e-05 9.8056e-01 9.9781e+04 2.0977e+00 2.4514e+00
3.1176e+01 9.9754e+04 2.3367e-05 9.7864e-01 9.9754e+04 2.3310e+00 2.4466e+00
3.1569e+01 9.9725e+04 2.5924e-05 9.7658e-01 9.9725e+04 2.5852e+00 2.4415e+00
3.1961e+01 9.9692e+04 2.8704e-05 9.7436e-01 9.9692e+04 2.8616e+00 2.4359e+00
3.2353e+01 9.9656e+04 3.1722e-05 9.7200e-01 9.9656e+04 3.1613e+00 2.4300e+00
3.2745e+01 9.9617e+04 3.4991e-05 9.6947e-01 9.9617e+04 3.4858e+00 2.4237e+00
3.3137e+01 9.9574e+04 3.8525e-05 9.6679e-01 9.9574e+04 3.8361e+00 2.4170e+00
3.3529e+01 9.9527e+04 4.2337e-05 9.6394e-01 9.9527e+04 4.2136e+00 2.4099e+00
3.3922e+01 9.9476e+04 4.6439e-05 9.6092e-01 9.9476e+04 4.6196e+00 2.4024e+00
3.4314e+01 9.9421e+04 5.0846e-05 9.5772e-01 9.9421e+04 5.0552e+00 2.3944e+00
3.4706e+01 9.9360e+04 5.5571e-05 9.5435e-01 9.9360e+04 5.5215e+00 2.3860e+00
3.5098e+01 9.9295e+04 6.0625e-05 9.5081e-01 9.9295e+04 6.0197e+00 2.3772e+00
3.5490e+01 9.9224e+04 6.6021e-05 9.4709e-01 9.9224e+04 6.5509e+00 2.3679e+00
3.5882e+01 9.9148e+04 7.1771e-05 9.4319e-01 9.9148e+04 7.1159e+00 2.3582e+00
3.6275e+01 9.9065e+04 7.7885e-05 9.3911e-01 9.9065e+04 7.7157e+00 2.3481e+00
3.6667e+01 9.8977e+04 8.4375e-05 9.3486e-01 9.8977e+04 8.3512e+00 2.3375e+00
3.7059e+01 9.8882e+04 9.1249e-05 9.3044e-01 9.8882e+04 9.0229e+00 2.3265e+00
3.7451e+01 9.8781e+04 9.8517e-05 9.2584e-01 9.8781e+04 9.7316e+00 2.3151e+00
3.7843e+01 9.8672e+04 1.0619e-04 9.2108e-01 9.8672e+04 1.0478e+01 2.3033e+00
3.8235e+01 9.8556e+04 1.1426e-04 9.1615e-01 9.8556e+04 1.1261e+01 2.2910e+00
3.8627e+01 9.8433e+04 1.2275e-04 9.1107e-01 9.8433e+04 1.2083e+01 2.2784e+00
3.9020e+01 9.8302e+04 1.3166e-04 9.0584e-01 9.8302e+04 1.2943e+01 2.2654e+00
3.9412e+01 9.8163e+04 1.4099e-04 9.0046e-01 9.8163e+04 1.3840e+01 2.2521e+00
3.9804e+01 9.8016e+04 1.5076e-04 8.9494e-01 9.8016e+04 1.4776e+01 2.2385e+00
4.0196e+01 9.7859e+04 1.6092e-04 8.8929e-01 9.7859e+04 1.5748e+01 2.2245e+00
4.0588e+01 9.7696e+04 1.7157e-04 8.8354e-01 9.7696e+04 1.6762e+01 2.2103e+00
4.0980e+01 9.7520e+04 1.8248e-04 8.7762e-01 9.7520e+04 1.7795e+01 2.1957e+00
4.1373e+01 9.7346e+04 1.9425e-04 8.7175e-01 9.7346e+04 1.8909e+01 2.1812e+00
4.1765e+01 9.7133e+04 2.0530e-04 8.6540e-01 9.7133e+04 1.9941e+01 2.1655e+00
4.2157e+01 9.6986e+04 2.1950e-04 8.5991e-01 9.6986e+04 2.1289e+01 2.1521e+00
4.2549e+01 9.6658e+04 2.2787e-04 8.5221e-01 9.6658e+04 2.2026e+01 2.1330e+00
4.2941e+01 9.6684e+04 2.4983e-04 8.4895e-01 9.6684e+04 2.4154e+01 2.1254e+00
4.3333e+01 9.5989e+04 2.4630e-04 8.3689e-01 9.5989e+04 2.3642e+01 2.0951e+00
4.3725e+01 9.6564e+04 2.8950e-04 8.4041e-01 9.6564e+04 2.7955e+01 2.1051e+00
4.4118e+01 9.5045e+04 2.5738e-04 8.1857e-01 9.5045e+04 2.4463e+01 2.0496e+00
4.4510e+01 9.6556e+04 3.3566e-04 8.3339e-01 9.6556e+04 3.2410e+01 2.0889e+00
4.4902e+01 9.4175e+04 2.7397e-04 8.0170e-01 9.4175e+04 2.5801e+01 2.0078e+00
4.5294e+01 9.5997e+04 3.6476e-04 8.2015e-01 9.5997e+04 3.5016e+01 2.0568e+00
4.5686e+01 9.4122e+04 3.2374e-04 7.9528e-01 9.4122e+04 3.0471e+01 1.9931e+00
4.6078e+01 9.4582e+04 3.6576e-04 7.9746e-01 9.4582e+04 3.4594e+01 2.0000e+00
4.6471e+01 9.4232e+04 3.8135e-04 7.9106e-01 9.4232e+04 3.5935e+01 1.9845e+00
4.6863e+01 9.3859e+04 3.9388e-04 7.8365e-01 9.3859e+04 3.6969e+01 1.9664e+00
4.7255e+01 9.3133e+04 3.9693e-04 7.7320e-01 9.3133e+04 3.6967e+01 1.9403e+00
4.7647e+01 9.3670e+04 4.4358e-04 7.7669e-01 9.3670e+04 4.1550e+01 1.9509e+00
4.8039e+01 9.2701e+04 4.3394e-04 7.6233e-01 9.2701e+04 4.0226e+01 1.9146e+00
4.8431e+01 9.1484e+04 4.6026e-04 7.5940e-01 9.1484e+04 4.2107e+01 1.9082e+00
4.8824e+01 9.7615e+04 4.7531e-04 7.5277e-01 9.7615e+04 4.6397e+01 1.8930e+00
4.9216e+01 7.2547e+04 5.0025e-04 7.5041e-01 7.2547e+04 3.6292e+01 1.8851e+00
4.9608e+01 1.2823e+05 5.1349e-04 7.4150e-01 1.2823e+05 6.5844e+01 1.8707e+00
5.0000e+01 8.3631e+04 5.2054e-04 7.3470e-01 8.3631e+04 4.3534e+01 1.8481e+00
5.0392e+01 3.5747e+04 5.3669e-04 7.3200e-01 3.5747e+04 1.9185e+01 1.8352e+00
5.0784e+01 1.5062e+04 5.5453e-04 7.3048e-01 1.5062e+04 8.3526e+00 1.8285e+00
5.1176e+01 9.1232e+03 6.2040e-04 7.3240e-01 9.1232e+03 5.6600e+00 1.8328e+00
5.1569e+01 7.8980e+03 6.8553e-04 7.3058e-01 7.8980e+03 5.4143e+00 1.8283e+00
5.1961e+01 8.1908e+03 7.3117e-04 7.2612e-01 8.1908e+03 5.9889e+00 1.8175e+00
5.2353e+01 8.8033e+03 8.4492e-04 7.2926e-01 8.8033e+03 7.4381e+00 1.8263e+00
5.2745e+01 9.4828e+03 9.5202e-04 7.3339e-01 9.4828e+03 9.0278e+00 1.8378e+00
5.3137e+01 9.9495e+03 9.6476e-04 7.2960e-01 9.9495e+03 9.5989e+00 1.8286e+00
5.3529e+01 1.0326e+04 9.6528e-04 7.2539e-01 1.0326e+04 9.9676e+00 1.8183e+00
5.3922e+01 1.0662e+04 1.0240e-03 7.2782e-01 1.0662e+04 1.0918e+01 1.8251e+00
5.4314e+01 1.0959e+04 1.0909e-03 7.3166e-01 1.0959e+04 1.1955e+01 1.8357e+00
5.4706e+01 1.1143e+04 1.1063e-03 7.3046e-01 1.1143e+04 1.2328e+01 1.8330e+00
5.5098e+01 1.1265e+04 1.0927e-03 7.2642e-01 1.1265e+04 1.2309e+01 1.8228e+00
5.5490e+01 1.1386e+04 1.1029e-03 7.2513e-01 1.1386e+04 1.2558e+01 1.8197e+00
5.5882e+01 1.1532e+04 1.1464e-03 7.2762e-01 1.1532e+04 1.3220e+01 1.8266e+00
5.6275e+01 1.1659e+04 1.1868e-03 7.2997e-01 1.1659e+04 1.3837e+01 1.8331e+00
5.6667e+01 1.1740e+04 1.1973e-03 7.2920e-01 1.1740e+04 1.4056e+01 1.8314e+00
5.7059e+01 1.1785e+04 1.1876e-03 7.2632e-01 1.1785e+04 1.3996e+01 1.8241e+00
5.7451e+01 1.1836e+04 1.1868e-03 7.2437e-01 1.1836e+04 1.4047e+01 1.8193e+00
5.7843e+01 1.1914e+04 1.2124e-03 7.2545e-01 1.1914e+04 1.4445e+01 1.8224e+00
5.8235e+01 1.2005e+04 1.2522e-03 7.2822e-01 1.2005e+04 1.5032e+01 1.8300e+00
5.8627e+01 1.2078e+04 1.2819e-03 7.2997e-01 1.2078e+04 1.5482e+01 1.8349e+00
5.9020e+01 1.2118e+04 1.2893e-03 7.2933e-01 1.2118e+04 1.5624e+01 1.8334e+00
5.9412e+01 1.2135e+04 1.2816e-03 7.2705e-01 1.2135e+04 1.5553e+01 1.8276e+00
5.9804e+01 1.2156e+04 1.2778e-03 7.2506e-01 1.2156e+04 1.5532e+01 1.8226e+00
6.0196e+01 1.2202e+04 1.2947e-03 7.2549e-01 1.2202e+04 1.5798e+01 1.8239e+00
6.0588e+01 1.2273e+04 1.3323e-03 7.2831e-01 1.2273e+04 1.6351e+01 1.8317e+00
6.0980e+01 1.2349e+04 1.3751e-03 7.3181e-01 1.2349e+04 1.6981e+01 1.8412e+00
6.1373e+01 1.2408e+04 1.4066e-03 7.3411e-01 1.2408e+04 1.7452e+01 1.8475e+00
6.1765e+01 1.2439e+04 1.4188e-03 7.3429e-01 1.2439e+04 1.7649e+01 1.8482e+00
6.2157e+01 1.2449e+04 1.4153e-03 7.3274e-01 1.2449e+04 1.7619e+01 1.8443e+00
6.2549e+01 1.2453e+04 1.4079e-03 7.3054e-01 1.2453e+04 1.7532e+01 1.8387e+00
6.2941e+01 1.2473e+04 1.4121e-03 7.2973e-01 1.2473e+04 1.7612e+01 1.8368e+00
6.3333e+01 1.2522e+04 1.4391e-03 7.3156e-01 1.2522e+04 1.8021e+01 1.8419e+00
6.3725e+01 1.2602e+04 1.4885e-03 7.3602e-01 1.2602e+04 1.8758e+01 1.8540e+00
6.4118e+01 1.2701e+04 1.5521e-03 7.4219e-01 1.2701e+04 1.9713e+01 1.8708e+00
6.4510e+01 1.2805e+04 1.6191e-03 7.4885e-01 1.2805e+04 2.0733e+01 1.8889e+00
6.4902e+01 1.2901e+04 1.6802e-03 7.5492e-01 1.2901e+04 2.1676e+01 1.9055e+00
6.5294e+01 1.2980e+04 1.7295e-03 7.5967e-01 1.2980e+04 2.2448e+01 1.9186e+00
6.5686e+01 1.3039e+04 1.7649e-03 7.6284e-01 1.3039e+04 2.3011e+01 1.9274e+00
6.6078e+01 1.3079e+04 1.7873e-03 7.6450e-01 1.3079e+04 2.3376e+01 1.9321e+00
6.6471e+01 1.3104e+04 1.7997e-03 7.6499e-01 1.3104e+04 2.3583e+01 1.9337e+00
6.6863e+01 1.3120e+04 1.8052e-03 7.6468e-01 1.3120e+04 2.3683e+01 1.9331e+00
6.7255e+01 1.3129e+04 1.8068e-03 7.6392e-01 1.3129e+04 2.3721e+01 1.9312e+00
6.7647e+01 1.3135e+04 1.8064e-03 7.6293e-01 1.3135e+04 2.3727e+01 1.9288e+00
6.8039e+01 1.3140e+04 1.8052e-03 7.6185e-01 1.3140e+04 2.3720e+01 1.9260e+00
6.8431e+01 1.3144e+04 1.8035e-03 7.6071e-01 1.3144e+04 2.3706e+01 1.9232e+00
6.8824e+01 1.3148e+04 1.8016e-03 7.5954e-01 1.3148e+04 2.3688e+01 1.9202e+00
6.9216e+01 1.3152e+04 1.7995e-03 7.5832e-01 1.3152e+04 2.3666e+01 1.9171e+00
6.9608e+01 1.3155e+04 1.7971e-03 7.5708e-01 1.3155e+04 2.3641e+01 1.9139e+00
7.0000e+01 1.3158e+04 1.7946e-03 7.5580e-01 1.3158e+04 2.3613e+01 1.9107e+00
7.0392e+01 1.3161e+04 1.7918e-03 7.5448e-01 1.3161e+04 2.3582e+01 1.9073e+00
7.0784e+01 1.3163e+04 1.7889e-03 7.5313e-01 1.3163e+04 2.3548e+01 1.9039e+00
7.1176e+01 1.3165e+04 1.7858e-03 7.5174e-01 1.3165e+04 2.3511e+01 1.9004e+00
7.1569e+01 1.3167e+04 1.7825e-03 7.5032e-01 1.3167e+04 2.3471e+01 1.8967e+00
7.1961e+01 1.3169e+04 1.7791e-03 7.4887e-01 1.3169e+04 2.3429e+01 1.8930e+00
7.2353e+01 1.3171e+04 1.7755e-03 7.4737e-01 1.3171e+04 2.3385e+01 1.8892e+00
7.2745e+01 1.3172e+04 1.7717e-03 7.4584e-01 1.3172e+04 2.3337e+01 1.8853e+00
7.3137e+01 1.3173e+04 1.7678e-03 7.4427e-01 1.3173e+04 2.3288e+01 1.8813e+00
7.3529e+01 1.3174e+04 1.7637e-03 7.4266e-01 1.3174e+04 2.3236e+01 1.8771e+00
7.3922e+01 1.3175e+04 1.7595e-03 7.4100e-01 1.3175e+04 2.3182e+01 1.8729e+00
7.4314e+01 1.3176e+04 1.7551e-03 7.3929e-01 1.3176e+04 2.3125e+01 1.8685e+00
7.4706e+01 1.3176e+04 1.7506e-03 7.3754e-01 1.3176e+04 2.3067e+01 1.8640e+00
7.5098e+01 1.3177e+04 1.7460e-03 7.3573e-01 1.3177e+04 2.3006e+01 1.8594e+00
7.5490e+01 1.3177e+04 1.7412e-03 7.3386e-01 1.3177e+04 2.2944e+01 1.8546e+00
7.5882e+01 1.3177e+04 1.7364e-03 7.3192e-01 1.3177e+04 2.2880e+01 1.8497e+00
7.6275e+01 1.3176e+04 1.7315e-03 7.2992e-01 1.3176e+04 2.2815e+01 1.8445e+00
7.6667e+01 1.3176e+04 1.7265e-03 7.2783e-01 1.3176e+04 2.2748e+01 1.8392e+00
7.7059e+01 1.3175e+04 1.7215e-03 7.2565e-01 1.3175e+04 2.2681e+01 1.8336e+00
7.7451e+01 1.3174e+04 1.7164e-03 7.2338e-01 1.3174e+04 2.2613e+01 1.8278e+00
7.7843e+01 1.3173e+04 1.7114e-03 7.2099e-01 1.3173e+04 2.2544e+01 1.8218e+00
7.8235e+01 1.3172e+04 1.7063e-03 7.1849e-01 1.3172e+04 2.2476e+01 1.8154e+00
7.8627e+01 1.3170e+04 1.7014e-03 7.1586e-01 1.3170e+04 2.2408e+01 1.8087e+00
7.9020e+01 1.3169e+04 1.6965e-03 7.1309e-01 1.3169e+04 2.2341e+01 1.8017e+00
7.9412e+01 1.3166e+04 1.6918e-03 7.1017e-01 1.3166e+04 2.2275e+01 1.7943e+00
7.9804e+01 1.3164e+04 1.6872e-03 7.0708e-01 1.3164e+04 2.2210e+01 1.7864e+00
8.0196e+01 1.3161e+04 1.6828e-03 7.0381e-01 1.3161e+04 2.2148e+01 1.7782e+00
8.0588e+01 1.3158e+04 1.6786e-03 7.0037e-01 1.3158e+04 2.2088e+01 1.7695e+00
8.0980e+01 1.3155e+04 1.6747e-03 6.9672e-01 1.3155e+04 2.2031e+01 1.7602e+00
8.1373e+01 1.3151e+04 1.6711e-03 6.9287e-01 1.3151e+04 2.1977e+01 1.7505e+00
8.1765e+01 1.3147e+04 1.6678e-03 6.8881e-01 1.3147e+04 2.1927e+01 1.7403e+00
8.2157e+01 1.3143e+04 1.6648e-03 6.8453e-01 1.3143e+04 2.1881e+01 1.7295e+00
8.2549e+01 1.3138e+04 1.6622e-03 6.8001e-01 1.3138e+04 2.1839e+01 1.7182e+00
8.2941e+01 1.3133e+04 1.6601e-03 6.7527e-01 1.3133e+04 2.1802e+01 1.7063e+00
8.3333e+01 1.3127e+04 1.6584e-03 6.7029e-01 1.3127e+04 2.1770e+01 1.6938e+00
8.3725e+01 1.3121e+04 1.6571e-03 6.6506e-01 1.3121e+04 2.1743e+01 1.6807e+00
8.4118e+01 1.3115e+04 1.6563e-03 6.5959e-01 1.3115e+04 2.1722e+01 1.6670e+00
8.4510e+01 1.3108e+04 1.6561e-03 6.5386e-01 1.3108e+04 2.1707e+01 1.6526e+00
8.4902e+01 1.3100e+04 1.6563e-03 6.4788e-01 1.3100e+04 2.1699e+01 1.6377e+00
8.5294e+01 1.3093e+04 1.6572e-03 6.4163e-01 1.3093e+04 2.1697e+01 1.6220e+00
8.5686e+01 1.3084e+04 1.6586e-03 6.3510e-01 1.3084e+04 2.1701e+01 1.6058e+00
8.6078e+01 1.3075e+04 1.6607e-03 6.2830e-01 1.3075e+04 2.1713e+01 1.5888e+00
8.6471e+01 1.3066e+04 1.6634e-03 6.2122e-01 1.3066e+04 2.1733e+01 1.5711e+00
8.6863e+01 1.3056e+04 1.6667e-03 6.1384e-01 1.3056e+04 2.1760e+01 1.5527e+00
8.7255e+01 1.3045e+04 1.6708e-03 6.0619e-01 1.3045e+04 2.1795e+01 1.5337e+00
8.7647e+01 1.3034e+04 1.6755e-03 5.9825e-01 1.3034e+04 2.1838e+01 1.5139e+00
8.8039e+01 1.3023e+04 1.6808e-03 5.9004e-01 1.3023e+04 2.1889e+01 1.4935e+00
8.8431e+01 1.3011e+04 1.6867e-03 5.8158e-01 1.3011e+04 2.1946e+01 1.4725e+00
8.8824e+01 1.2998e+04 1.6932e-03 5.7289e-01 1.2998e+04 2.2009e+01 1.4509e+00
8.9216e+01 1.2985e+04 1.7001e-03 5.6403e-01 1.2985e+04 2.2076e+01 1.4288e+00
8.9608e+01 1.2972e+04 1.7072e-03 5.5505e-01 1.2972e+04 2.2146e+01 1.4065e+00
9.0000e+01 1.2959e+04 1.7142e-03 5.4607e-01 1.2959e+04 2.2215e+01 1.3842e+00
9.0392e+01 1.2946e+04 1.7207e-03 5.3725e-01 1.2946e+04 2.2277e+01 1.3623e+00
9.0784e+01 1.2934e+04 1.7262e-03 5.2880e-01 1.2934e+04 2.2326e+01 1.3413e+00
9.1176e+01 1.2922e+04 1.7296e-03 5.2111e-01 1.2922e+04 2.2349e+01 1.3221e+00
9.1569e+01 1.2912e+04 1.7295e-03 5.1472e-01 1.2912e+04 2.2331e+01 1.3061e+00
9.1961e+01 1.2904e+04 1.7240e-03 5.1046e-01 1.2904e+04 2.2247e+01 1.2953e+00
9.2353e+01 1.2900e+04 1.7113e-03 5.0912e-01 1.2900e+04 2.2076e+01 1.2917e+00
9.2745e+01 1.2899e+04 1.6907e-03 5.1108e-01 1.2899e+04 2.1807e+01 1.2961e+00
9.3137e+01 1.2900e+04 1.6627e-03 5.1605e-01 1.2900e+04 2.1450e+01 1.3080e+00
9.3529e+01 1.2905e+04 1.6296e-03 5.2359e-01 1.2905e+04 2.1029e+01 1.3261e+00
9.3922e+01 1.2910e+04 1.5916e-03 5.3305e-01 1.2910e+04 2.0547e+01 1.3490e+00
9.4314e+01 1.2918e+04 1.5522e-03 5.4483e-01 1.2918e+04 2.0051e+01 1.3776e+00
9.4706e+01 1.2921e+04 1.5057e-03 5.5766e-01 1.2921e+04 1.9456e+01 1.4088e+00
9.5098e+01 1.2937e+04 1.4648e-03 5.7434e-01 1.2937e+04 1.8951e+01 1.4497e+00
9.5490e+01 1.2930e+04 1.4042e-03 5.8934e-01 1.2930e+04 1.8156e+01 1.4861e+00
9.5882e+01 1.2968e+04 1.3728e-03 6.1370e-01 1.2968e+04 1.7803e+01 1.5465e+00
9.6275e+01 1.2918e+04 1.2800e-03 6.2682e-01 1.2918e+04 1.6535e+01 1.5776e+00
9.6667e+01 1.3029e+04 1.2909e-03 6.6633e-01 1.3029e+04 1.6820e+01 1.6767e+00
9.7059e+01 1.2823e+04 1.1186e-03 6.6530e-01 1.2823e+04 1.4344e+01 1.6713e+00
9.7451e+01 1.3182e+04 1.2851e-03 7.3693e-01 1.3182e+04 1.6940e+01 1.8532e+00
9.7843e+01 1.2215e+04 8.9632e-04 6.8279e-01 1.2215e+04 1.0949e+01 1.7119e+00
9.8235e+01 1.3507e+04 1.7440e-03 8.1111e-01 1.3507e+04 2.3557e+01 2.0483e+00
9.8627e+01 1.0324e+04 6.3116e-04 6.1722e-01 1.0324e+04 6.5159e+00 1.5451e+00
9.9020e+01 1.4297e+04 2.8858e-03 8.3450e-01 1.4297e+04 4.1259e+01 2.1458e+00
9.9412e+01 4.3885e+03 3.1665e-04 4.3333e-01 4.3885e+03 1.3896e+00 1.0836e+00
9.9804e+01 1.7434e+04 4.7693e-03 6.1984e-01 1.7434e+04 8.3147e+01 1.7479e+00
