# # x Density Velocity Pressure q0 q1 q2
1.9608e-01 1.0000e+05 1.2449e-11 1.0000e+00 1.0000e+05 1.2449e-06 2.5000e+00
5.8824e-01 1.0000e+05 1.6938e-11 1.0000e+00 1.0000e+05 1.6938e-06 2.5000e+00
9.8039e-01 1.0000e+05 1.9828e-11 1.0000e+00 1.0000e+05 1.9828e-06 2.5000e+00
1.3725e+00 1.0000e+05 2.3401e-11 1.0000e+00 1.0000e+05 2.3401e-06 2.5000e+00
1.7647e+00 1.0000e+05 2.8520e-11 1.0000e+00 1.0000e+05 2.8520e-06 2.5000e+00
2.1569e+00 1.0000e+05 3.5669e-11 1.0000e+00 1.0000e+05 3.5669e-06 2.5000e+00
2.5490e+00 1.0000e+05 4.5314e-11 1.0000e+00 1.0000e+05 4.5314e-06 2.5000e+00
2.9412e+00 1.0000e+05 5.8035e-11 1.0000e+00 1.0000e+05 5.8035e-06 2.5000e+00
3.3333e+00 1.0000e+05 7.4587e-11 1.0000e+00 1.0000e+05 7.4587e-06 2.5000e+00
3.7255e+00 1.0000e+05 9.5942e-11 1.0000e+00 1.0000e+05 9.5942e-06 2.5000e+00
4.1176e+00 1.0000e+05 1.2334e-10 1.0000e+00 1.0000e+05 1.2334e-05 2.5000e+00
4.5098e+00 1.0000e+05 1.5835e-10 1.0000e+00 1.0000e+05 1.5835e-05 2.5000e+00
4.9020e+00 1.0000e+05 2.0295e-10 1.0000e+00 1.0000e+05 2.0295e-05 2.5000e+00
5.2941e+00 1.0000e+05 2.5958e-10 1.0000e+00 1.0000e+05 2.5958e-05 2.5000e+00
5.6863e+00 1.0000e+05 3.3133e-10 1.0000e+00 1.0000e+05 3.3133e-05 2.5000e+00
6.0784e+00 1.0000e+05 4.2199e-10 1.0000e+00 1.0000e+05 4.2199e-05 2.5000e+00
6.4706e+00 1.0000e+05 5.3629e-10 1.0000e+00 1.0000e+05 5.3629e-05 2.5000e+00
6.8627e+00 1.0000e+05 6.8005e-10 1.0000e+00 1.0000e+05 6.8005e-05 2.5000e+00
7.2549e+00 1.0000e+05 8.6042e-10 1.0000e+00 1.0000e+05 8.6042e-05 2.5000e+00
7.6471e+00 1.0000e+05 1.0862e-09 1.0000e+00 1.0000e+05 1.0862e-04 2.5000e+00
8.0392e+00 1.0000e+05 1.3683e-09 1.0000e+00 1.0000e+05 1.3683e-04 2.5000e+00
8.4314e+00 1.0000e+05 1.7197e-09 1.0000e+00 1.0000e+05 1.7197e-04 2.5000e+00
8.8235e+00 1.0000e+05 2.1566e-09 1.0000e+00 1.0000e+05 2.1566e-04 2.5000e+00
9.2157e+00 1.0000e+05 2.6985e-09 1.0000e+00 1.0000e+05 2.6985e-04 2.5000e+00
9.6078e+00 1.0000e+05 3.3691e-09 9.9999e-01 1.0000e+05 3.3691e-04 2.5000e+00
1.0000e+01 1.0000e+05 4.1969e-09 9.9999e-01 1.0000e+05 4.1969e-04 2.5000e+00
1.0392e+01 1.0000e+05 5.2167e-09 9.9999e-01 1.0000e+05 5.2167e-04 2.5000e+00
1.0784e+01 1.0000e+05 6.4698e-09 9.9999e-01 1.0000e+05 6.4698e-04 2.5000e+00
1.1176e+01 1.0000e+05 8.0063e-09 9.9999e-01 1.0000e+05 8.0063e-04 2.5000e+00
1.1569e+01 1.0000e+05 9.8857e-09 9.9999e-01 1.0000e+05 9.8857e-04 2.5000e+00
1.1961e+01 1.0000e+05 1.2179e-08 9.9998e-01 1.0000e+05 1.2179e-03 2.5000e+00
1.2353e+01 1.0000e+05 1.4972e-08 9.9998e-01 1.0000e+05 1.4972e-03 2.4999e+00
1.2745e+01 1.0000e+05 1.8364e-08 9.9997e-01 1.0000e+05 1.8364e-03 2.4999e+00
1.3137e+01 1.0000e+05 2.2476e-08 9.9997e-01 1.0000e+05 2.2476e-03 2.4999e+00
1.3529e+01 1.0000e+05 2.7447e-08 9.9996e-01 1.0000e+05 2.7447e-03 2.4999e+00
1.3922e+01 1.0000e+05 3.3444e-08 9.9995e-01 1.0000e+05 3.3444e-03 2.4999e+00
1.4314e+01 1.0000e+05 4.0663e-08 9.9994e-01 1.0000e+05 4.0663e-03 2.4999e+00
1.4706e+01 1.0000e+05 4.9330e-08 9.9993e-01 1.0000e+05 4.9330e-03 2.4998e+00
1.5098e+01 1.0000e+05 5.9714e-08 9.9992e-01 1.0000e+05 5.9714e-03 2.4998e+00
1.5490e+01 9.9999e+04 7.2125e-08 9.9990e-01 9.9999e+04 7.2125e-03 2.4998e+00
1.5882e+01 9.9999e+04 8.6925e-08 9.9988e-01 9.9999e+04 8.6925e-03 2.4997e+00
1.6275e+01 9.9999e+04 1.0453e-07 9.9986e-01 9.9999e+04 1.0453e-02 2.4997e+00
1.6667e+01 9.9999e+04 1.2543e-07 9.9983e-01 9.9999e+04 1.2543e-02 2.4996e+00
1.7059e+01 9.9999e+04 1.5019e-07 9.9980e-01 9.9999e+04 1.5018e-02 2.4995e+00
1.7451e+01 9.9999e+04 1.7943e-07 9.9977e-01 9.9999e+04 1.7943e-02 2.4994e+00
1.7843e+01 9.9998e+04 2.1390e-07 9.9972e-01 9.9998e+04 2.1390e-02 2.4993e+00
1.8235e+01 9.9998e+04 2.5445e-07 9.9968e-01 9.9998e+04 2.5444e-02 2.4992e+00
1.8627e+01 9.9998e+04 3.0202e-07 9.9962e-01 9.9998e+04 3.0201e-02 2.4990e+00
1.9020e+01 9.9997e+04 3.5771e-07 9.9955e-01 9.9997e+04 3.5770e-02 2.4989e+00
1.9412e+01 9.9997e+04 4.2275e-07 9.9948e-01 9.9997e+04 4.2274e-02 2.4987e+00
1.9804e+01 9.9996e+04 4.9855e-07 9.9939e-01 9.9996e+04 4.9853e-02 2.4985e+00
2.0196e+01 9.9995e+04 5.8667e-07 9.9928e-01 9.9995e+04 5.8664e-02 2.4982e+00
2.0588e+01 9.9994e+04 6.8888e-07 9.9917e-01 9.9994e+04 6.8884e-02 2.4979e+00
2.0980e+01 9.9993e+04 8.0716e-07 9.9903e-01 9.9993e+04 8.0711e-02 2.4976e+00
2.1373e+01 9.9992e+04 9.4374e-07 9.9888e-01 9.9992e+04 9.4366e-02 2.4972e+00
2.1765e+01 9.9991e+04 1.1011e-06 9.9871e-01 9.9991e+04 1.1010e-01 2.4968e+00
2.2157e+01 9.9989e+04 1.2819e-06 9.9851e-01 9.9989e+04 1.2817e-01 2.4963e+00
2.2549e+01 9.9987e+04 1.4892e-06 9.9829e-01 9.9987e+04 1.4890e-01 2.4957e+00
2.2941e+01 9.9985e+04 1.7264e-06 9.9803e-01 9.9985e+04 1.7262e-01 2.4951e+00
2.3333e+01 9.9983e+04 1.9972e-06 9.9775e-01 9.9983e+04 1.9969e-01 2.4944e+00
2.3725e+01 9.9980e+04 2.3056e-06 9.9743e-01 9.9980e+04 2.3051e-01 2.4936e+00
2.4118e+01 9.9976e+04 2.6560e-06 9.9706e-01 9.9976e+04 2.6554e-01 2.4927e+00
2.4510e+01 9.9973e+04 3.0532e-06 9.9666e-01 9.9973e+04 3.0524e-01 2.4916e+00
2.4902e+01 9.9968e+04 3.5026e-06 9.9621e-01 9.9968e+04 3.5014e-01 2.4905e+00
2.5294e+01 9.9963e+04 4.0096e-06 9.9570e-01 9.9963e+04 4.0082e-01 2.4893e+00
2.5686e+01 9.9958e+04 4.5806e-06 9.9514e-01 9.9958e+04 4.5787e-01 2.4878e+00
2.6078e+01 9.9951e+04 5.2221e-06 9.9452e-01 9.9951e+04 5.2196e-01 2.4863e+00
2.6471e+01 9.9944e+04 5.9412e-06 9.9383e-01 9.9944e+04 5.9378e-01 2.4846e+00
2.6863e+01 9.9936e+04 6.7454e-06 9.9306e-01 9.9936e+04 6.7411e-01 2.4827e+00
2.7255e+01 9.9927e+04 7.6428e-06 9.9222e-01 9.9927e+04 7.6372e-01 2.4806e+00
2.7647e+01 9.9917e+04 8.6421e-06 9.9130e-01 9.9917e+04 8.6349e-01 2.4783e+00
2.8039e+01 9.9905e+04 9.7522e-06 9.9029e-01 9.9905e+04 9.7429e-01 2.4757e+00
2.8431e+01 9.9892e+04 1.0983e-05 9.8918e-01 9.9892e+04 1.0971e+00 2.4730e+00
2.8824e+01 9.9877e+04 1.2344e-05 9.8798e-01 9.9877e+04 1.2329e+00 2.4699e+00
2.9216e+01 9.9861e+04 1.3846e-05 9.8666e-01 9.9861e+04 1.3827e+00 2.4667e+00
2.9608e+01 9.9843e+04 1.5500e-05 9.8523e-01 9.9843e+04 1.5476e+00 2.4631e+00
3.0000e+01 9.9823e+04 1.7318e-05 9.8369e-01 9.9823e+04 1.7287e+00 2.4592e+00
3.0392e+01 9.9800e+04 1.9310e-05 9.8201e-01 9.9800e+04 1.9272e+00 2.4551e+00
3.0784e+01 9.9776e+04 2.1491e-05 9.8021e-01 9.9776e+04 2.1442e+00 2.4505e+00
3.1176e+01 9.9748e+04 2.3871e-05 9.7827e-01 9.9748e+04 2.3811e+00 2.4457e+00
3.1569e+01 9.9718e+04 2.6464e-05 9.7618e-01 9.9718e+04 2.6389e+00 2.4405e+00
3.1961e+01 9.9685e+04 2.9282e-05 9.7395e-01 9.9685e+04 2.9190e+00 2.4349e+00
3.2353e+01 9.9648e+04 3.2340e-05 9.7157e-01 9.9648e+04 3.2226e+00 2.4290e+00
3.2745e+01 9.9609e+04 3.5649e-05 9.6902e-01 9.9609e+04 3.5510e+00 2.4226e+00
3.3137e+01 9.9565e+04 3.9224e-05 9.6632e-01 9.9565e+04 3.9054e+00 2.4159e+00
3.3529e+01 9.9517e+04 4.3078e-05 9.6345e-01 9.9517e+04 4.2870e+00 2.4087e+00
3.3922e+01 9.9465e+04 4.7224e-05 9.6041e-01 9.9465e+04 4.6971e+00 2.4011e+00
3.4314e+01 9.9409e+04 5.1675e-05 9.5720e-01 9.9409e+04 5.1369e+00 2.3931e+00
3.4706e+01 9.9348e+04 5.6443e-05 9.5381e-01 9.9348e+04 5.6075e+00 2.3847e+00
3.5098e+01 9.9282e+04 6.1542e-05 9.5025e-01 9.9282e+04 6.1100e+00 2.3758e+00
3.5490e+01 9.9210e+04 6.6983e-05 9.4652e-01 9.9210e+04 6.6454e+00 2.3665e+00
3.5882e+01 9.9133e+04 7.2777e-05 9.4260e-01 9.9133e+04 7.2146e+00 2.3568e+00
3.6275e+01 9.9050e+04 7.8936e-05 9.3851e-01 9.9050e+04 7.8186e+00 2.3466e+00
3.6667e+01 9.8960e+04 8.5469e-05 9.3425e-01 9.8960e+04 8.4581e+00 2.3360e+00
3.7059e+01 9.8865e+04 9.2387e-05 9.2982e-01 9.8865e+04 9.1338e+00 2.3250e+00
3.7451e+01 9.8762e+04 9.9697e-05 9.2521e-01 9.8762e+04 9.8463e+00 2.3135e+00
3.7843e+01 9.8653e+04 1.0741e-04 9.2044e-01 9.8653e+04 1.0596e+01 2.3017e+00
3.8235e+01 9.8536e+04 1.1552e-04 9.1551e-01 9.8536e+04 1.1383e+01 2.2894e+00
3.8627e+01 9.8411e+04 1.2405e-04 9.1043e-01 9.8411e+04 1.2208e+01 2.2768e+00
3.9020e+01 9.8279e+04 1.3300e-04 9.0519e-01 9.8279e+04 1.3071e+01 2.2638e+00
3.9412e+01 9.8139e+04 1.4237e-04 8.9981e-01 9.8139e+04 1.3972e+01 2.2505e+00
3.9804e+01 9.7991e+04 1.5216e-04 8.9430e-01 9.7991e+04 1.4910e+01 2.2369e+00
4.0196e+01 9.7834e+04 1.6236e-04 8.8865e-01 9.7834e+04 1.5884e+01 2.2229e+00
4.0588e+01 9.7670e+04 1.7304e-04 8.8290e-01 9.7670e+04 1.6901e+01 2.2087e+00
4.0980e+01 9.7492e+04 1.8396e-04 8.7699e-01 9.7492e+04 1.7935e+01 2.1941e+00
4.1373e+01 9.7319e+04 1.9578e-04 8.7114e-01 9.7319e+04 1.9054e+01 2.1797e+00
4.1765e+01 9.7103e+04 2.0678e-04 8.6477e-01 9.7103e+04 2.0079e+01 2.1640e+00
4.2157e+01 9.6959e+04 2.2117e-04 8.5934e-01 9.6959e+04 2.1445e+01 2.1507e+00
4.2549e+01 9.6621e+04 2.2921e-04 8.5155e-01 9.6621e+04 2.2147e+01 2.1314e+00
4.2941e+01 9.6664e+04 2.5180e-04 8.4851e-01 9.6664e+04 2.4339e+01 2.1243e+00
4.3333e+01 9.5940e+04 2.4727e-04 8.3613e-01 9.5940e+04 2.3723e+01 2.0932e+00
4.3725e+01 9.6554e+04 2.9188e-04 8.4013e-01 9.6554e+04 2.8183e+01 2.1044e+00
4.4118e+01 9.4988e+04 2.5810e-04 8.1776e-01 9.4988e+04 2.4517e+01 2.0476e+00
4.4510e+01 9.6539e+04 3.3782e-04 8.3307e-01 9.6539e+04 3.2612e+01 2.0882e+00
4.4902e+01 9.4143e+04 2.7563e-04 8.0124e-01 9.4143e+04 2.5949e+01 2.0067e+00
4.5294e+01 9.5937e+04 3.6543e-04 8.1937e-01 9.5937e+04 3.5058e+01 2.0548e+00
4.5686e+01 9.4128e+04 3.2681e-04 7.9533e-01 9.4128e+04 3.0762e+01 1.9933e+00
4.6078e+01 9.4513e+04 3.6611e-04 7.9664e-01 9.4513e+04 3.4602e+01 1.9979e+00
4.6471e+01 9.4200e+04 3.8303e-04 7.9070e-01 9.4200e+04 3.6081e+01 1.9837e+00
4.6863e+01 9.3847e+04 3.9625e-04 7.8354e-01 9.3847e+04 3.7187e+01 1.9662e+00
4.7255e+01 9.3075e+04 3.9762e-04 7.7259e-01 9.3075e+04 3.7009e+01 1.9388e+00
4.7647e+01 9.3627e+04 4.4484e-04 7.7628e-01 9.3627e+04 4.1649e+01 1.9500e+00
4.8039e+01 9.2694e+04 4.3622e-04 7.6228e-01 9.2694e+04 4.0435e+01 1.9145e+00
4.8431e+01 9.1406e+04 4.6137e-04 7.5902e-01 9.1406e+04 4.2172e+01 1.9073e+00
4.8824e+01 9.7689e+04 4.7632e-04 7.5238e-01 9.7689e+04 4.6531e+01 1.8920e+00
4.9216e+01 7.2299e+04 5.0172e-04 7.5021e-01 7.2299e+04 3.6274e+01 1.8846e+00
4.9608e+01 1.2813e+05 5.1506e-04 7.4135e-01 1.2813e+05 6.5997e+01 1.8704e+00
5.0000e+01 8.4225e+04 5.2197e-04 7.3451e-01 8.4225e+04 4.3963e+01 1.8477e+00
5.0392e+01 3.6198e+04 5.3815e-04 7.3183e-01 3.6198e+04 1.9480e+01 1.8348e+00
5.0784e+01 1.5237e+04 5.5364e-04 7.2995e-01 1.5237e+04 8.4357e+00 1.8272e+00
5.1176e+01 9.1607e+03 6.1737e-04 7.3176e-01 9.1607e+03 5.6555e+00 1.8311e+00
5.1569e+01 7.8938e+03 6.9390e-04 7.3110e-01 7.8938e+03 5.4776e+00 1.8296e+00
5.1961e+01 8.1663e+03 7.3358e-04 7.2613e-01 8.1663e+03 5.9906e+00 1.8175e+00
5.2353e+01 8.7648e+03 8.3272e-04 7.2789e-01 8.7648e+03 7.2986e+00 1.8228e+00
5.2745e+01 9.4538e+03 9.4917e-04 7.3288e-01 9.4538e+03 8.9732e+00 1.8365e+00
5.3137e+01 9.9372e+03 9.7483e-04 7.3036e-01 9.9372e+03 9.6870e+00 1.8306e+00
5.3529e+01 1.0311e+04 9.6820e-04 7.2542e-01 1.0311e+04 9.9827e+00 1.8184e+00
5.3922e+01 1.0637e+04 1.0155e-03 7.2665e-01 1.0637e+04 1.0802e+01 1.8221e+00
5.4314e+01 1.0940e+04 1.0859e-03 7.3083e-01 1.0940e+04 1.1880e+01 1.8335e+00
5.4706e+01 1.1138e+04 1.1116e-03 7.3074e-01 1.1138e+04 1.2381e+01 1.8337e+00
5.5098e+01 1.1262e+04 1.0993e-03 7.2690e-01 1.1262e+04 1.2381e+01 1.8240e+00
5.5490e+01 1.1375e+04 1.1017e-03 7.2474e-01 1.1375e+04 1.2533e+01 1.8187e+00
5.5882e+01 1.1516e+04 1.1399e-03 7.2665e-01 1.1516e+04 1.3127e+01 1.8241e+00
5.6275e+01 1.1648e+04 1.1837e-03 7.2937e-01 1.1648e+04 1.3787e+01 1.8316e+00
5.6667e+01 1.1737e+04 1.2007e-03 7.2935e-01 1.1737e+04 1.4093e+01 1.8318e+00
5.7059e+01 1.1786e+04 1.1931e-03 7.2676e-01 1.1786e+04 1.4061e+01 1.8253e+00
5.7451e+01 1.1832e+04 1.1881e-03 7.2432e-01 1.1832e+04 1.4057e+01 1.8192e+00
5.7843e+01 1.1902e+04 1.2078e-03 7.2473e-01 1.1902e+04 1.4375e+01 1.8205e+00
5.8235e+01 1.1991e+04 1.2461e-03 7.2733e-01 1.1991e+04 1.4943e+01 1.8276e+00
5.8627e+01 1.2070e+04 1.2795e-03 7.2950e-01 1.2070e+04 1.5444e+01 1.8336e+00
5.9020e+01 1.2116e+04 1.2919e-03 7.2942e-01 1.2116e+04 1.5654e+01 1.8337e+00
5.9412e+01 1.2136e+04 1.2863e-03 7.2742e-01 1.2136e+04 1.5611e+01 1.8286e+00
5.9804e+01 1.2154e+04 1.2798e-03 7.2512e-01 1.2154e+04 1.5554e+01 1.8228e+00
6.0196e+01 1.2192e+04 1.2911e-03 7.2491e-01 1.2192e+04 1.5741e+01 1.8224e+00
6.0588e+01 1.2258e+04 1.3246e-03 7.2727e-01 1.2258e+04 1.6237e+01 1.8289e+00
6.0980e+01 1.2334e+04 1.3676e-03 7.3078e-01 1.2334e+04 1.6869e+01 1.8385e+00
6.1373e+01 1.2399e+04 1.4027e-03 7.3349e-01 1.2399e+04 1.7392e+01 1.8459e+00
6.1765e+01 1.2437e+04 1.4195e-03 7.3419e-01 1.2437e+04 1.7654e+01 1.8480e+00
6.2157e+01 1.2450e+04 1.4191e-03 7.3297e-01 1.2450e+04 1.7668e+01 1.8450e+00
6.2549e+01 1.2453e+04 1.4113e-03 7.3081e-01 1.2453e+04 1.7576e+01 1.8394e+00
6.2941e+01 1.2467e+04 1.4112e-03 7.2949e-01 1.2467e+04 1.7594e+01 1.8361e+00
6.3333e+01 1.2509e+04 1.4321e-03 7.3061e-01 1.2509e+04 1.7913e+01 1.8394e+00
6.3725e+01 1.2581e+04 1.4762e-03 7.3446e-01 1.2581e+04 1.8572e+01 1.8498e+00
6.4118e+01 1.2676e+04 1.5368e-03 7.4028e-01 1.2676e+04 1.9481e+01 1.8657e+00
6.4510e+01 1.2780e+04 1.6037e-03 7.4690e-01 1.2780e+04 2.0495e+01 1.8837e+00
6.4902e+01 1.2878e+04 1.6669e-03 7.5319e-01 1.2878e+04 2.1466e+01 1.9009e+00
6.5294e+01 1.2962e+04 1.7194e-03 7.5832e-01 1.2962e+04 2.2287e+01 1.9150e+00
6.5686e+01 1.3026e+04 1.7584e-03 7.6190e-01 1.3026e+04 2.2905e+01 1.9249e+00
6.6078e+01 1.3071e+04 1.7840e-03 7.6395e-01 1.3071e+04 2.3319e+01 1.9307e+00
6.6471e+01 1.3100e+04 1.7988e-03 7.6473e-01 1.3100e+04 2.3564e+01 1.9330e+00
6.6863e+01 1.3118e+04 1.8059e-03 7.6461e-01 1.3118e+04 2.3689e+01 1.9329e+00
6.7255e+01 1.3128e+04 1.8084e-03 7.6395e-01 1.3128e+04 2.3741e+01 1.9313e+00
6.7647e+01 1.3135e+04 1.8084e-03 7.6301e-01 1.3135e+04 2.3754e+01 1.9290e+00
6.8039e+01 1.3140e+04 1.8074e-03 7.6195e-01 1.3140e+04 2.3749e+01 1.9263e+00
6.8431e+01 1.3145e+04 1.8058e-03 7.6084e-01 1.3145e+04 2.3737e+01 1.9235e+00
6.8824e+01 1.3149e+04 1.8040e-03 7.5968e-01 1.3149e+04 2.3720e+01 1.9206e+00
6.9216e+01 1.3152e+04 1.8019e-03 7.5848e-01 1.3152e+04 2.3700e+01 1.9176e+00
6.9608e+01 1.3156e+04 1.7997e-03 7.5725e-01 1.3156e+04 2.3676e+01 1.9144e+00
7.0000e+01 1.3159e+04 1.7972e-03 7.5599e-01 1.3159e+04 2.3649e+01 1.9112e+00
7.0392e+01 1.3161e+04 1.7945e-03 7.5469e-01 1.3161e+04 2.3619e+01 1.9079e+00
7.0784e+01 1.3164e+04 1.7917e-03 7.5336e-01 1.3164e+04 2.3586e+01 1.9045e+00
7.1176e+01 1.3166e+04 1.7887e-03 7.5199e-01 1.3166e+04 2.3550e+01 1.9010e+00
7.1569e+01 1.3168e+04 1.7855e-03 7.5059e-01 1.3168e+04 2.3512e+01 1.8975e+00
7.1961e+01 1.3170e+04 1.7821e-03 7.4915e-01 1.3170e+04 2.3471e+01 1.8938e+00
7.2353e+01 1.3172e+04 1.7786e-03 7.4767e-01 1.3172e+04 2.3427e+01 1.8900e+00
7.2745e+01 1.3173e+04 1.7749e-03 7.4615e-01 1.3173e+04 2.3381e+01 1.8861e+00
7.3137e+01 1.3175e+04 1.7710e-03 7.4460e-01 1.3175e+04 2.3333e+01 1.8822e+00
7.3529e+01 1.3176e+04 1.7670e-03 7.4300e-01 1.3176e+04 2.3282e+01 1.8781e+00
7.3922e+01 1.3177e+04 1.7629e-03 7.4136e-01 1.3177e+04 2.3229e+01 1.8739e+00
7.4314e+01 1.3177e+04 1.7586e-03 7.3967e-01 1.3177e+04 2.3174e+01 1.8695e+00
7.4706e+01 1.3178e+04 1.7542e-03 7.3792e-01 1.3178e+04 2.3117e+01 1.8651e+00
7.5098e+01 1.3178e+04 1.7497e-03 7.3612e-01 1.3178e+04 2.3058e+01 1.8605e+00
7.5490e+01 1.3178e+04 1.7451e-03 7.3425e-01 1.3178e+04 2.2998e+01 1.8557e+00
7.5882e+01 1.3178e+04 1.7404e-03 7.3232e-01 1.3178e+04 2.2936e+01 1.8508e+00
7.6275e+01 1.3178e+04 1.7356e-03 7.3031e-01 1.3178e+04 2.2872e+01 1.8456e+00
7.6667e+01 1.3178e+04 1.7308e-03 7.2822e-01 1.3178e+04 2.2808e+01 1.8403e+00
7.7059e+01 1.3177e+04 1.7260e-03 7.2603e-01 1.3177e+04 2.2743e+01 1.8347e+00
7.7451e+01 1.3176e+04 1.7211e-03 7.2374e-01 1.3176e+04 2.2678e+01 1.8289e+00
7.7843e+01 1.3175e+04 1.7163e-03 7.2134e-01 1.3175e+04 2.2612e+01 1.8228e+00
7.8235e+01 1.3174e+04 1.7115e-03 7.1882e-01 1.3174e+04 2.2547e+01 1.8163e+00
7.8627e+01 1.3172e+04 1.7068e-03 7.1616e-01 1.3172e+04 2.2482e+01 1.8096e+00
7.9020e+01 1.3170e+04 1.7022e-03 7.1336e-01 1.3170e+04 2.2418e+01 1.8025e+00
7.9412e+01 1.3168e+04 1.6978e-03 7.1040e-01 1.3168e+04 2.2356e+01 1.7950e+00
7.9804e+01 1.3166e+04 1.6935e-03 7.0727e-01 1.3166e+04 2.2296e+01 1.7871e+00
8.0196e+01 1.3163e+04 1.6894e-03 7.0397e-01 1.3163e+04 2.2238e+01 1.7787e+00
8.0588e+01 1.3160e+04 1.6856e-03 7.0048e-01 1.3160e+04 2.2183e+01 1.7699e+00
8.0980e+01 1.3156e+04 1.6821e-03 6.9680e-01 1.3156e+04 2.2130e+01 1.7606e+00
8.1373e+01 1.3153e+04 1.6788e-03 6.9291e-01 1.3153e+04 2.2081e+01 1.7508e+00
8.1765e+01 1.3149e+04 1.6760e-03 6.8880e-01 1.3149e+04 2.2036e+01 1.7405e+00
8.2157e+01 1.3144e+04 1.6734e-03 6.8448e-01 1.3144e+04 2.1995e+01 1.7296e+00
8.2549e+01 1.3139e+04 1.6713e-03 6.7994e-01 1.3139e+04 2.1959e+01 1.7182e+00
8.2941e+01 1.3134e+04 1.6696e-03 6.7516e-01 1.3134e+04 2.1928e+01 1.7062e+00
8.3333e+01 1.3128e+04 1.6683e-03 6.7015e-01 1.3128e+04 2.1901e+01 1.6936e+00
8.3725e+01 1.3122e+04 1.6675e-03 6.6490e-01 1.3122e+04 2.1880e+01 1.6805e+00
8.4118e+01 1.3115e+04 1.6672e-03 6.5941e-01 1.3115e+04 2.1865e+01 1.6667e+00
8.4510e+01 1.3108e+04 1.6674e-03 6.5367e-01 1.3108e+04 2.1856e+01 1.6524e+00
8.4902e+01 1.3101e+04 1.6681e-03 6.4767e-01 1.3101e+04 2.1853e+01 1.6374e+00
8.5294e+01 1.3092e+04 1.6695e-03 6.4140e-01 1.3092e+04 2.1857e+01 1.6217e+00
8.5686e+01 1.3084e+04 1.6714e-03 6.3486e-01 1.3084e+04 2.1869e+01 1.6054e+00
8.6078e+01 1.3075e+04 1.6740e-03 6.2805e-01 1.3075e+04 2.1887e+01 1.5884e+00
8.6471e+01 1.3065e+04 1.6772e-03 6.2096e-01 1.3065e+04 2.1913e+01 1.5708e+00
8.6863e+01 1.3055e+04 1.6811e-03 6.1359e-01 1.3055e+04 2.1947e+01 1.5524e+00
8.7255e+01 1.3044e+04 1.6857e-03 6.0594e-01 1.3044e+04 2.1989e+01 1.5334e+00
8.7647e+01 1.3033e+04 1.6909e-03 5.9802e-01 1.3033e+04 2.2038e+01 1.5137e+00
8.8039e+01 1.3021e+04 1.6967e-03 5.8985e-01 1.3021e+04 2.2094e+01 1.4934e+00
8.8431e+01 1.3009e+04 1.7031e-03 5.8145e-01 1.3009e+04 2.2156e+01 1.4725e+00
8.8824e+01 1.2997e+04 1.7100e-03 5.7286e-01 1.2997e+04 2.2224e+01 1.4511e+00
8.9216e+01 1.2984e+04 1.7171e-03 5.6414e-01 1.2984e+04 2.2294e+01 1.4295e+00
8.9608e+01 1.2971e+04 1.7243e-03 5.5538e-01 1.2971e+04 2.2365e+01 1.4077e+00
9.0000e+01 1.2958e+04 1.7311e-03 5.4673e-01 1.2958e+04 2.2431e+01 1.3862e+00
9.0392e+01 1.2945e+04 1.7371e-03 5.3839e-01 1.2945e+04 2.2487e+01 1.3655e+00
9.0784e+01 1.2933e+04 1.7413e-03 5.3070e-01 1.2933e+04 2.2521e+01 1.3464e+00
9.1176e+01 1.2922e+04 1.7426e-03 5.2418e-01 1.2922e+04 2.2518e+01 1.3301e+00
9.1569e+01 1.2914e+04 1.7390e-03 5.1961e-01 1.2914e+04 2.2457e+01 1.3185e+00
9.1961e+01 1.2908e+04 1.7284e-03 5.1792e-01 1.2908e+04 2.2311e+01 1.3141e+00
9.2353e+01 1.2906e+04 1.7096e-03 5.1973e-01 1.2906e+04 2.2064e+01 1.3182e+00
9.2745e+01 1.2908e+04 1.6828e-03 5.2496e-01 1.2908e+04 2.1721e+01 1.3307e+00
9.3137e+01 1.2911e+04 1.6495e-03 5.3305e-01 1.2911e+04 2.1297e+01 1.3502e+00
9.3529e+01 1.2917e+04 1.6120e-03 5.4359e-01 1.2917e+04 2.0823e+01 1.3757e+00
9.3922e+01 1.2923e+04 1.5699e-03 5.5599e-01 1.2923e+04 2.0287e+01 1.4059e+00
9.4314e+01 1.2932e+04 1.5270e-03 5.7101e-01 1.2932e+04 1.9748e+01 1.4426e+00
9.4706e+01 1.2936e+04 1.4758e-03 5.8701e-01 1.2936e+04 1.9092e+01 1.4816e+00
9.5098e+01 1.2954e+04 1.4321e-03 6.0769e-01 1.2954e+04 1.8552e+01 1.5325e+00
9.5490e+01 1.2945e+04 1.3648e-03 6.2592e-01 1.2945e+04 1.7667e+01 1.5769e+00
9.5882e+01 1.2990e+04 1.3329e-03 6.5570e-01 1.2990e+04 1.7314e+01 1.6508e+00
9.6275e+01 1.2930e+04 1.2287e-03 6.7131e-01 1.2930e+04 1.5888e+01 1.6880e+00
9.6667e+01 1.3059e+04 1.2459e-03 7.1922e-01 1.3059e+04 1.6269e+01 1.8082e+00
9.7059e+01 1.2821e+04 1.0517e-03 7.1766e-01 1.2821e+04 1.3484e+01 1.8012e+00
9.7451e+01 1.3227e+04 1.2502e-03 8.0333e-01 1.3227e+04 1.6536e+01 2.0187e+00
9.7843e+01 1.2125e+04 8.0936e-04 7.3822e-01 1.2125e+04 9.8136e+00 1.8495e+00
9.8235e+01 1.3564e+04 1.7780e-03 8.9021e-01 1.3564e+04 2.4116e+01 2.2470e+00
9.8627e+01 1.0090e+04 5.2488e-04 6.6668e-01 1.0090e+04 5.2961e+00 1.6681e+00
9.9020e+01 1.4359e+04 3.0015e-03 9.1797e-01 1.4359e+04 4.3097e+01 2.3596e+00
9.9412e+01 3.8373e+03 1.8547e-04 4.6999e-01 3.8373e+03 7.1171e-01 1.1750e+00
9.9804e+01 1.7447e+04 5.0313e-03 6.6615e-01 1.7447e+04 8.7782e+01 1.8862e+00
