# # x Density Velocity Pressure q0 q1 q2
1.9608e-01 1.0000e+05 1.9821e-11 1.0000e+00 1.0000e+05 1.9821e-06 2.5000e+00
5.8824e-01 1.0000e+05 2.7124e-11 1.0000e+00 1.0000e+05 2.7124e-06 2.5000e+00
9.8039e-01 1.0000e+05 3.1667e-11 1.0000e+00 1.0000e+05 3.1667e-06 2.5000e+00
1.3725e+00 1.0000e+05 3.7085e-11 1.0000e+00 1.0000e+05 3.7085e-06 2.5000e+00
1.7647e+00 1.0000e+05 4.4776e-11 1.0000e+00 1.0000e+05 4.4776e-06 2.5000e+00
2.1569e+00 1.0000e+05 5.5482e-11 1.0000e+00 1.0000e+05 5.5482e-06 2.5000e+00
2.5490e+00 1.0000e+05 6.9880e-11 1.0000e+00 1.0000e+05 6.9880e-06 2.5000e+00
2.9412e+00 1.0000e+05 8.8789e-11 1.0000e+00 1.0000e+05 8.8789e-06 2.5000e+00
3.3333e+00 1.0000e+05 1.1327e-10 1.0000e+00 1.0000e+05 1.1327e-05 2.5000e+00
3.7255e+00 1.0000e+05 1.4467e-10 1.0000e+00 1.0000e+05 1.4467e-05 2.5000e+00
4.1176e+00 1.0000e+05 1.8471e-10 1.0000e+00 1.0000e+05 1.8471e-05 2.5000e+00
4.5098e+00 1.0000e+05 2.3556e-10 1.0000e+00 1.0000e+05 2.3556e-05 2.5000e+00
4.9020e+00 1.0000e+05 2.9992e-10 1.0000e+00 1.0000e+05 2.9992e-05 2.5000e+00
5.2941e+00 1.0000e+05 3.8115e-10 1.0000e+00 1.0000e+05 3.8115e-05 2.5000e+00
5.6863e+00 1.0000e+05 4.8340e-10 1.0000e+00 1.0000e+05 4.8340e-05 2.5000e+00
6.0784e+00 1.0000e+05 6.1180e-10 1.0000e+00 1.0000e+05 6.1180e-05 2.5000e+00
6.4706e+00 1.0000e+05 7.7266e-10 1.0000e+00 1.0000e+05 7.7266e-05 2.5000e+00
6.8627e+00 1.0000e+05 9.7371e-10 1.0000e+00 1.0000e+05 9.7371e-05 2.5000e+00
7.2549e+00 1.0000e+05 1.2244e-09 1.0000e+00 1.0000e+05 1.2244e-04 2.5000e+00
7.6471e+00 1.0000e+05 1.5364e-09 1.0000e+00 1.0000e+05 1.5364e-04 2.5000e+00
8.0392e+00 1.0000e+05 1.9237e-09 1.0000e+00 1.0000e+05 1.9237e-04 2.5000e+00
8.4314e+00 1.0000e+05 2.4034e-09 1.0000e+00 1.0000e+05 2.4034e-04 2.5000e+00
8.8235e+00 1.0000e+05 2.9962e-09 1.0000e+00 1.0000e+05 2.9962e-04 2.5000e+00
9.2157e+00 1.0000e+05 3.7271e-09 9.9999e-01 1.0000e+05 3.7271e-04 2.5000e+00
9.6078e+00 1.0000e+05 4.6263e-09 9.9999e-01 1.0000e+05 4.6263e-04 2.5000e+00
1.0000e+01 1.0000e+05 5.7301e-09 9.9999e-01 1.0000e+05 5.7301e-04 2.5000e+00
1.0392e+01 1.0000e+05 7.0818e-09 9.9999e-01 1.0000e+05 7.0818e-04 2.5000e+00
1.0784e+01 1.0000e+05 8.7336e-09 9.9999e-01 1.0000e+05 8.7336e-04 2.5000e+00
1.1176e+01 1.0000e+05 1.0747e-08 9.9998e-01 1.0000e+05 1.0747e-03 2.5000e+00
1.1569e+01 1.0000e+05 1.3197e-08 9.9998e-01 1.0000e+05 1.3197e-03 2.5000e+00
1.1961e+01 1.0000e+05 1.6170e-08 9.9998e-01 1.0000e+05 1.6170e-03 2.4999e+00
1.2353e+01 1.0000e+05 1.9770e-08 9.9997e-01 1.0000e+05 1.9770e-03 2.4999e+00
1.2745e+01 1.0000e+05 2.4120e-08 9.9997e-01 1.0000e+05 2.4120e-03 2.4999e+00
1.3137e+01 1.0000e+05 2.9363e-08 9.9996e-01 1.0000e+05 2.9363e-03 2.4999e+00
1.3529e+01 1.0000e+05 3.5670e-08 9.9995e-01 1.0000e+05 3.5669e-03 2.4999e+00
1.3922e+01 1.0000e+05 4.3238e-08 9.9994e-01 1.0000e+05 4.3238e-03 2.4999e+00
1.4314e+01 1.0000e+05 5.2299e-08 9.9993e-01 1.0000e+05 5.2299e-03 2.4998e+00
1.4706e+01 1.0000e+05 6.3125e-08 9.9991e-01 1.0000e+05 6.3124e-03 2.4998e+00
1.5098e+01 9.9999e+04 7.6028e-08 9.9990e-01 9.9999e+04 7.6027e-03 2.4997e+00
1.5490e+01 9.9999e+04 9.1373e-08 9.9988e-01 9.9999e+04 9.1372e-03 2.4997e+00
1.5882e+01 9.9999e+04 1.0958e-07 9.9986e-01 9.9999e+04 1.0958e-02 2.4996e+00
1.6275e+01 9.9999e+04 1.3114e-07 9.9983e-01 9.9999e+04 1.3114e-02 2.4996e+00
1.6667e+01 9.9999e+04 1.5660e-07 9.9980e-01 9.9999e+04 1.5660e-02 2.4995e+00
1.7059e+01 9.9999e+04 1.8661e-07 9.9976e-01 9.9999e+04 1.8661e-02 2.4994e+00
1.7451e+01 9.9998e+04 2.2190e-07 9.9972e-01 9.9998e+04 2.2190e-02 2.4993e+00
1.7843e+01 9.9998e+04 2.6331e-07 9.9967e-01 9.9998e+04 2.6330e-02 2.4992e+00
1.8235e+01 9.9998e+04 3.1178e-07 9.9961e-01 9.9998e+04 3.1177e-02 2.4990e+00
1.8627e+01 9.9997e+04 3.6839e-07 9.9954e-01 9.9997e+04 3.6838e-02 2.4989e+00
1.9020e+01 9.9996e+04 4.3437e-07 9.9947e-01 9.9996e+04 4.3435e-02 2.4987e+00
1.9412e+01 9.9996e+04 5.1108e-07 9.9938e-01 9.9996e+04 5.1106e-02 2.4984e+00
1.9804e+01 9.9995e+04 6.0009e-07 9.9928e-01 9.9995e+04 6.0006e-02 2.4982e+00
2.0196e+01 9.9994e+04 7.0311e-07 9.9916e-01 9.9994e+04 7.0307e-02 2.4979e+00
2.0588e+01 9.9993e+04 8.2210e-07 9.9903e-01 9.9993e+04 8.2204e-02 2.4976e+00
2.0980e+01 9.9992e+04 9.5921e-07 9.9887e-01 9.9992e+04 9.5913e-02 2.4972e+00
2.1373e+01 9.9991e+04 1.1169e-06 9.9870e-01 9.9991e+04 1.1168e-01 2.4968e+00
2.1765e+01 9.9989e+04 1.2977e-06 9.9851e-01 9.9989e+04 1.2976e-01 2.4963e+00
2.2157e+01 9.9987e+04 1.5048e-06 9.9828e-01 9.9987e+04 1.5046e-01 2.4957e+00
2.2549e+01 9.9985e+04 1.7412e-06 9.9803e-01 9.9985e+04 1.7409e-01 2.4951e+00
2.2941e+01 9.9982e+04 2.0106e-06 9.9775e-01 9.9982e+04 2.0103e-01 2.4944e+00
2.3333e+01 9.9979e+04 2.3170e-06 9.9743e-01 9.9979e+04 2.3165e-01 2.4936e+00
2.3725e+01 9.9976e+04 2.6646e-06 9.9708e-01 9.9976e+04 2.6639e-01 2.4927e+00
2.4118e+01 9.9972e+04 3.0580e-06 9.9668e-01 9.9972e+04 3.0572e-01 2.4917e+00
2.4510e+01 9.9968e+04 3.5024e-06 9.9623e-01 9.9968e+04 3.5013e-01 2.4906e+00
2.4902e+01 9.9963e+04 4.0032e-06 9.9574e-01 9.9963e+04 4.0017e-01 2.4894e+00
2.5294e+01 9.9958e+04 4.5663e-06 9.9519e-01 9.9958e+04 4.5644e-01 2.4880e+00
2.5686e+01 9.9951e+04 5.1982e-06 9.9458e-01 9.9951e+04 5.1956e-01 2.4865e+00
2.6078e+01 9.9944e+04 5.9055e-06 9.9391e-01 9.9944e+04 5.9022e-01 2.4848e+00
2.6471e+01 9.9936e+04 6.6958e-06 9.9316e-01 9.9936e+04 6.6915e-01 2.4829e+00
2.6863e+01 9.9927e+04 7.5766e-06 9.9234e-01 9.9927e+04 7.5711e-01 2.4809e+00
2.7255e+01 9.9917e+04 8.5563e-06 9.9144e-01 9.9917e+04 8.5491e-01 2.4786e+00
2.7647e+01 9.9905e+04 9.6435e-06 9.9046e-01 9.9905e+04 9.6344e-01 2.4762e+00
2.8039e+01 9.9893e+04 1.0848e-05 9.8938e-01 9.9893e+04 1.0836e+00 2.4735e+00
2.8431e+01 9.9878e+04 1.2178e-05 9.8821e-01 9.9878e+04 1.2163e+00 2.4705e+00
2.8824e+01 9.9862e+04 1.3645e-05 9.8693e-01 9.9862e+04 1.3626e+00 2.4673e+00
2.9216e+01 9.9844e+04 1.5259e-05 9.8554e-01 9.9844e+04 1.5236e+00 2.4639e+00
2.9608e+01 9.9825e+04 1.7032e-05 9.8404e-01 9.9825e+04 1.7002e+00 2.4601e+00
3.0000e+01 9.9803e+04 1.8973e-05 9.8242e-01 9.9803e+04 1.8936e+00 2.4561e+00
3.0392e+01 9.9778e+04 2.1096e-05 9.8067e-01 9.9778e+04 2.1050e+00 2.4517e+00
3.0784e+01 9.9752e+04 2.3412e-05 9.7879e-01 9.9752e+04 2.3354e+00 2.4470e+00
3.1176e+01 9.9722e+04 2.5934e-05 9.7677e-01 9.9722e+04 2.5862e+00 2.4420e+00
3.1569e+01 9.9690e+04 2.8674e-05 9.7460e-01 9.9690e+04 2.8585e+00 2.4366e+00
3.1961e+01 9.9654e+04 3.1644e-05 9.7229e-01 9.9654e+04 3.1535e+00 2.4308e+00
3.2353e+01 9.9615e+04 3.4858e-05 9.6983e-01 9.9615e+04 3.4724e+00 2.4246e+00
3.2745e+01 9.9573e+04 3.8329e-05 9.6721e-01 9.9573e+04 3.8165e+00 2.4181e+00
3.3137e+01 9.9527e+04 4.2069e-05 9.6443e-01 9.9527e+04 4.1870e+00 2.4112e+00
3.3529e+01 9.9476e+04 4.6091e-05 9.6148e-01 9.9476e+04 4.5849e+00 2.4038e+00
3.3922e+01 9.9421e+04 5.0407e-05 9.5837e-01 9.9421e+04 5.0116e+00 2.3961e+00
3.4314e+01 9.9362e+04 5.5031e-05 9.5509e-01 9.9362e+04 5.4680e+00 2.3879e+00
3.4706e+01 9.9297e+04 5.9975e-05 9.5164e-01 9.9297e+04 5.9553e+00 2.3793e+00
3.5098e+01 9.9228e+04 6.5249e-05 9.4802e-01 9.9228e+04 6.4745e+00 2.3703e+00
3.5490e+01 9.9153e+04 7.0866e-05 9.4423e-01 9.9153e+04 7.0265e+00 2.3608e+00
3.5882e+01 9.9072e+04 7.6835e-05 9.4026e-01 9.9072e+04 7.6122e+00 2.3509e+00
3.6275e+01 9.8985e+04 8.3168e-05 9.3612e-01 9.8985e+04 8.2324e+00 2.3407e+00
3.6667e+01 9.8892e+04 8.9873e-05 9.3182e-01 9.8892e+04 8.8878e+00 2.3299e+00
3.7059e+01 9.8793e+04 9.6960e-05 9.2735e-01 9.8793e+04 9.5789e+00 2.3188e+00
3.7451e+01 9.8687e+04 1.0444e-04 9.2271e-01 9.8687e+04 1.0306e+01 2.3073e+00
3.7843e+01 9.8573e+04 1.1231e-04 9.1792e-01 9.8573e+04 1.1070e+01 2.2954e+00
3.8235e+01 9.8453e+04 1.2058e-04 9.1297e-01 9.8453e+04 1.1871e+01 2.2831e+00
3.8627e+01 9.8325e+04 1.2926e-04 9.0787e-01 9.8325e+04 1.2709e+01 2.2705e+00
3.9020e+01 9.8189e+04 1.3835e-04 9.0263e-01 9.8189e+04 1.3584e+01 2.2575e+00
3.9412e+01 9.8045e+04 1.4785e-04 8.9725e-01 9.8045e+04 1.4496e+01 2.2442e+00
3.9804e+01 9.7893e+04 1.5777e-04 8.9175e-01 9.7893e+04 1.5445e+01 2.2306e+00
4.0196e+01 9.7732e+04 1.6808e-04 8.8611e-01 9.7732e+04 1.6427e+01 2.2166e+00
4.0588e+01 9.7565e+04 1.7890e-04 8.8039e-01 9.7565e+04 1.7454e+01 2.2025e+00
4.0980e+01 9.7382e+04 1.8984e-04 8.7448e-01 9.7382e+04 1.8487e+01 2.1879e+00
4.1373e+01 9.7210e+04 2.0193e-04 8.6872e-01 9.7210e+04 1.9630e+01 2.1738e+00
4.1765e+01 9.6979e+04 2.1261e-04 8.6225e-01 9.6979e+04 2.0619e+01 2.1578e+00
4.2157e+01 9.6856e+04 2.2790e-04 8.5716e-01 9.6856e+04 2.2073e+01 2.1454e+00
4.2549e+01 9.6470e+04 2.3438e-04 8.4887e-01 9.6470e+04 2.2611e+01 2.1248e+00
4.2941e+01 9.6587e+04 2.5982e-04 8.4683e-01 9.6587e+04 2.5096e+01 2.1203e+00
4.3333e+01 9.5740e+04 2.5090e-04 8.3304e-01 9.5740e+04 2.4021e+01 2.0856e+00
4.3725e+01 9.6515e+04 3.0148e-04 8.3908e-01 9.6515e+04 2.9097e+01 2.1021e+00
4.4118e+01 9.4766e+04 2.6108e-04 8.1461e-01 9.4766e+04 2.4742e+01 2.0398e+00
4.4510e+01 9.6455e+04 3.4592e-04 8.3165e-01 9.6455e+04 3.3366e+01 2.0849e+00
4.4902e+01 9.4035e+04 2.8301e-04 7.9970e-01 9.4035e+04 2.6613e+01 2.0030e+00
4.5294e+01 9.5678e+04 3.6743e-04 8.1609e-01 9.5678e+04 3.5155e+01 2.0467e+00
4.5686e+01 9.4152e+04 3.3908e-04 7.9554e-01 9.4152e+04 3.1925e+01 1.9943e+00
4.6078e+01 9.4258e+04 3.6816e-04 7.9364e-01 9.4258e+04 3.4702e+01 1.9905e+00
4.6471e+01 9.4048e+04 3.8872e-04 7.8897e-01 9.4048e+04 3.6558e+01 1.9795e+00
4.6863e+01 9.3807e+04 4.0600e-04 7.8324e-01 9.3807e+04 3.8086e+01 1.9658e+00
4.7255e+01 9.2862e+04 4.0095e-04 7.7037e-01 9.2862e+04 3.7233e+01 1.9334e+00
4.7647e+01 9.3437e+04 4.4907e-04 7.7444e-01 9.3437e+04 4.1960e+01 1.9455e+00
4.8039e+01 9.2668e+04 4.4523e-04 7.6209e-01 9.2668e+04 4.1259e+01 1.9144e+00
4.8431e+01 9.1102e+04 4.6635e-04 7.5770e-01 9.1102e+04 4.2486e+01 1.9042e+00
4.8824e+01 9.8000e+04 4.8017e-04 7.5082e-01 9.8000e+04 4.7057e+01 1.8883e+00
4.9216e+01 7.1305e+04 5.0713e-04 7.4929e-01 7.1305e+04 3.6161e+01 1.8824e+00
4.9608e+01 1.2770e+05 5.2133e-04 7.4077e-01 1.2770e+05 6.6572e+01 1.8693e+00
5.0000e+01 8.6581e+04 5.2757e-04 7.3374e-01 8.6581e+04 4.5678e+01 1.8464e+00
5.0392e+01 3.8043e+04 5.4451e-04 7.3127e-01 3.8043e+04 2.0715e+01 1.8338e+00
5.0784e+01 1.5975e+04 5.5607e-04 7.2879e-01 1.5975e+04 8.8834e+00 1.8245e+00
5.1176e+01 9.3184e+03 5.9598e-04 7.2833e-01 9.3184e+03 5.5535e+00 1.8225e+00
5.1569e+01 7.8699e+03 7.0744e-04 7.3133e-01 7.8699e+03 5.5675e+00 1.8303e+00
5.1961e+01 8.0882e+03 7.6727e-04 7.2829e-01 8.0882e+03 6.2058e+00 1.8231e+00
5.2353e+01 8.6279e+03 8.0323e-04 7.2419e-01 8.6279e+03 6.9302e+00 1.8133e+00
5.2745e+01 9.3151e+03 9.1277e-04 7.2838e-01 9.3151e+03 8.5026e+00 1.8248e+00
5.3137e+01 9.8690e+03 9.9741e-04 7.3164e-01 9.8690e+03 9.8434e+00 1.8340e+00
5.3529e+01 1.0268e+04 9.9952e-04 7.2758e-01 1.0268e+04 1.0263e+01 1.8241e+00
5.3922e+01 1.0557e+04 9.9946e-04 7.2395e-01 1.0557e+04 1.0551e+01 1.8151e+00
5.4314e+01 1.0851e+04 1.0540e-03 7.2646e-01 1.0851e+04 1.1436e+01 1.8222e+00
5.4706e+01 1.1094e+04 1.1131e-03 7.2992e-01 1.1094e+04 1.2349e+01 1.8317e+00
5.5098e+01 1.1254e+04 1.1267e-03 7.2882e-01 1.1254e+04 1.2680e+01 1.8292e+00
5.5490e+01 1.1353e+04 1.1140e-03 7.2512e-01 1.1353e+04 1.2648e+01 1.8199e+00
5.5882e+01 1.1461e+04 1.1225e-03 7.2384e-01 1.1461e+04 1.2865e+01 1.8168e+00
5.6275e+01 1.1590e+04 1.1620e-03 7.2607e-01 1.1590e+04 1.3468e+01 1.8230e+00
5.6667e+01 1.1709e+04 1.2007e-03 7.2839e-01 1.1709e+04 1.4059e+01 1.8294e+00
5.7059e+01 1.1784e+04 1.2126e-03 7.2790e-01 1.1784e+04 1.4289e+01 1.8284e+00
5.7451e+01 1.1826e+04 1.2040e-03 7.2528e-01 1.1826e+04 1.4238e+01 1.8218e+00
5.7843e+01 1.1870e+04 1.2014e-03 7.2323e-01 1.1870e+04 1.4261e+01 1.8167e+00
5.8235e+01 1.1939e+04 1.2233e-03 7.2399e-01 1.1939e+04 1.4605e+01 1.8189e+00
5.8627e+01 1.2024e+04 1.2608e-03 7.2659e-01 1.2024e+04 1.5160e+01 1.8260e+00
5.9020e+01 1.2096e+04 1.2915e-03 7.2852e-01 1.2096e+04 1.5622e+01 1.8314e+00
5.9412e+01 1.2137e+04 1.3016e-03 7.2825e-01 1.2137e+04 1.5798e+01 1.8309e+00
5.9804e+01 1.2155e+04 1.2954e-03 7.2623e-01 1.2155e+04 1.5744e+01 1.8258e+00
6.0196e+01 1.2171e+04 1.2898e-03 7.2410e-01 1.2171e+04 1.5699e+01 1.8204e+00
6.0588e+01 1.2210e+04 1.3024e-03 7.2409e-01 1.2210e+04 1.5902e+01 1.8206e+00
6.0980e+01 1.2275e+04 1.3360e-03 7.2652e-01 1.2275e+04 1.6399e+01 1.8273e+00
6.1373e+01 1.2349e+04 1.3780e-03 7.2996e-01 1.2349e+04 1.7017e+01 1.8366e+00
6.1765e+01 1.2410e+04 1.4117e-03 7.3255e-01 1.2410e+04 1.7520e+01 1.8438e+00
6.2157e+01 1.2447e+04 1.4275e-03 7.3318e-01 1.2447e+04 1.7768e+01 1.8456e+00
6.2549e+01 1.2459e+04 1.4269e-03 7.3197e-01 1.2459e+04 1.7777e+01 1.8426e+00
6.2941e+01 1.2462e+04 1.4193e-03 7.2987e-01 1.2462e+04 1.7688e+01 1.8372e+00
6.3333e+01 1.2476e+04 1.4194e-03 7.2862e-01 1.2476e+04 1.7708e+01 1.8341e+00
6.3725e+01 1.2516e+04 1.4399e-03 7.2974e-01 1.2516e+04 1.8021e+01 1.8373e+00
6.4118e+01 1.2587e+04 1.4829e-03 7.3349e-01 1.2587e+04 1.8665e+01 1.8476e+00
6.4510e+01 1.2680e+04 1.5422e-03 7.3918e-01 1.2680e+04 1.9555e+01 1.8630e+00
6.4902e+01 1.2782e+04 1.6080e-03 7.4570e-01 1.2782e+04 2.0552e+01 1.8808e+00
6.5294e+01 1.2879e+04 1.6705e-03 7.5193e-01 1.2879e+04 2.1515e+01 1.8978e+00
6.5686e+01 1.2963e+04 1.7231e-03 7.5708e-01 1.2963e+04 2.2336e+01 1.9120e+00
6.6078e+01 1.3028e+04 1.7626e-03 7.6075e-01 1.3028e+04 2.2962e+01 1.9221e+00
6.6471e+01 1.3073e+04 1.7890e-03 7.6290e-01 1.3073e+04 2.3389e+01 1.9282e+00
6.6863e+01 1.3103e+04 1.8046e-03 7.6379e-01 1.3103e+04 2.3646e+01 1.9308e+00
6.7255e+01 1.3122e+04 1.8123e-03 7.6377e-01 1.3122e+04 2.3781e+01 1.9310e+00
6.7647e+01 1.3133e+04 1.8152e-03 7.6318e-01 1.3133e+04 2.3839e+01 1.9296e+00
6.8039e+01 1.3141e+04 1.8155e-03 7.6229e-01 1.3141e+04 2.3857e+01 1.9274e+00
6.8431e+01 1.3146e+04 1.8146e-03 7.6127e-01 1.3146e+04 2.3855e+01 1.9248e+00
6.8824e+01 1.3150e+04 1.8132e-03 7.6018e-01 1.3150e+04 2.3844e+01 1.9221e+00
6.9216e+01 1.3154e+04 1.8114e-03 7.5906e-01 1.3154e+04 2.3828e+01 1.9192e+00
6.9608e+01 1.3158e+04 1.8095e-03 7.5789e-01 1.3158e+04 2.3809e+01 1.9163e+00
7.0000e+01 1.3161e+04 1.8073e-03 7.5669e-01 1.3161e+04 2.3787e+01 1.9132e+00
7.0392e+01 1.3164e+04 1.8049e-03 7.5546e-01 1.3164e+04 2.3761e+01 1.9101e+00
7.0784e+01 1.3167e+04 1.8024e-03 7.5419e-01 1.3167e+04 2.3733e+01 1.9069e+00
7.1176e+01 1.3170e+04 1.7997e-03 7.5288e-01 1.3170e+04 2.3701e+01 1.9035e+00
7.1569e+01 1.3172e+04 1.7968e-03 7.5154e-01 1.3172e+04 2.3668e+01 1.9001e+00
7.1961e+01 1.3174e+04 1.7937e-03 7.5017e-01 1.3174e+04 2.3631e+01 1.8966e+00
7.2353e+01 1.3176e+04 1.7905e-03 7.4875e-01 1.3176e+04 2.3592e+01 1.8930e+00
7.2745e+01 1.3178e+04 1.7872e-03 7.4729e-01 1.3178e+04 2.3551e+01 1.8893e+00
7.3137e+01 1.3179e+04 1.7837e-03 7.4578e-01 1.3179e+04 2.3508e+01 1.8854e+00
7.3529e+01 1.3181e+04 1.7801e-03 7.4423e-01 1.3181e+04 2.3463e+01 1.8815e+00
7.3922e+01 1.3182e+04 1.7763e-03 7.4263e-01 1.3182e+04 2.3415e+01 1.8774e+00
7.4314e+01 1.3183e+04 1.7725e-03 7.4097e-01 1.3183e+04 2.3366e+01 1.8731e+00
7.4706e+01 1.3183e+04 1.7686e-03 7.3924e-01 1.3183e+04 2.3316e+01 1.8687e+00
7.5098e+01 1.3184e+04 1.7646e-03 7.3745e-01 1.3184e+04 2.3264e+01 1.8642e+00
7.5490e+01 1.3184e+04 1.7605e-03 7.3558e-01 1.3184e+04 2.3211e+01 1.8594e+00
7.5882e+01 1.3184e+04 1.7564e-03 7.3364e-01 1.3184e+04 2.3157e+01 1.8544e+00
7.6275e+01 1.3184e+04 1.7523e-03 7.3160e-01 1.3184e+04 2.3103e+01 1.8492e+00
7.6667e+01 1.3184e+04 1.7483e-03 7.2946e-01 1.3184e+04 2.3048e+01 1.8438e+00
7.7059e+01 1.3183e+04 1.7442e-03 7.2721e-01 1.3183e+04 2.2994e+01 1.8381e+00
7.7451e+01 1.3182e+04 1.7402e-03 7.2484e-01 1.3182e+04 2.2940e+01 1.8321e+00
7.7843e+01 1.3181e+04 1.7363e-03 7.2235e-01 1.3181e+04 2.2887e+01 1.8257e+00
7.8235e+01 1.3180e+04 1.7326e-03 7.1972e-01 1.3180e+04 2.2835e+01 1.8191e+00
7.8627e+01 1.3178e+04 1.7290e-03 7.1695e-01 1.3178e+04 2.2784e+01 1.8121e+00
7.9020e+01 1.3176e+04 1.7255e-03 7.1401e-01 1.3176e+04 2.2735e+01 1.8047e+00
7.9412e+01 1.3173e+04 1.7223e-03 7.1092e-01 1.3173e+04 2.2689e+01 1.7968e+00
7.9804e+01 1.3171e+04 1.7194e-03 7.0765e-01 1.3171e+04 2.2645e+01 1.7886e+00
8.0196e+01 1.3168e+04 1.7167e-03 7.0421e-01 1.3168e+04 2.2605e+01 1.7799e+00
8.0588e+01 1.3164e+04 1.7143e-03 7.0058e-01 1.3164e+04 2.2567e+01 1.7708e+00
8.0980e+01 1.3161e+04 1.7122e-03 6.9675e-01 1.3161e+04 2.2534e+01 1.7612e+00
8.1373e+01 1.3156e+04 1.7105e-03 6.9273e-01 1.3156e+04 2.2504e+01 1.7511e+00
8.1765e+01 1.3152e+04 1.7092e-03 6.8850e-01 1.3152e+04 2.2479e+01 1.7405e+00
8.2157e+01 1.3147e+04 1.7082e-03 6.8407e-01 1.3147e+04 2.2458e+01 1.7294e+00
8.2549e+01 1.3142e+04 1.7078e-03 6.7943e-01 1.3142e+04 2.2442e+01 1.7177e+00
8.2941e+01 1.3136e+04 1.7077e-03 6.7456e-01 1.3136e+04 2.2432e+01 1.7056e+00
8.3333e+01 1.3129e+04 1.7082e-03 6.6948e-01 1.3129e+04 2.2427e+01 1.6928e+00
8.3725e+01 1.3123e+04 1.7091e-03 6.6416e-01 1.3123e+04 2.2428e+01 1.6796e+00
8.4118e+01 1.3115e+04 1.7106e-03 6.5860e-01 1.3115e+04 2.2435e+01 1.6657e+00
8.4510e+01 1.3108e+04 1.7127e-03 6.5279e-01 1.3108e+04 2.2449e+01 1.6512e+00
8.4902e+01 1.3099e+04 1.7154e-03 6.4674e-01 1.3099e+04 2.2470e+01 1.6361e+00
8.5294e+01 1.3090e+04 1.7187e-03 6.4043e-01 1.3090e+04 2.2499e+01 1.6204e+00
8.5686e+01 1.3081e+04 1.7226e-03 6.3386e-01 1.3081e+04 2.2534e+01 1.6041e+00
8.6078e+01 1.3071e+04 1.7272e-03 6.2704e-01 1.3071e+04 2.2577e+01 1.5871e+00
8.6471e+01 1.3061e+04 1.7325e-03 6.1997e-01 1.3061e+04 2.2627e+01 1.5695e+00
8.6863e+01 1.3050e+04 1.7383e-03 6.1266e-01 1.3050e+04 2.2685e+01 1.5514e+00
8.7255e+01 1.3038e+04 1.7447e-03 6.0514e-01 1.3038e+04 2.2748e+01 1.5327e+00
8.7647e+01 1.3027e+04 1.7516e-03 5.9744e-01 1.3027e+04 2.2817e+01 1.5136e+00
8.8039e+01 1.3014e+04 1.7588e-03 5.8963e-01 1.3014e+04 2.2890e+01 1.4942e+00
8.8431e+01 1.3002e+04 1.7662e-03 5.8179e-01 1.3002e+04 2.2964e+01 1.4748e+00
8.8824e+01 1.2989e+04 1.7733e-03 5.7409e-01 1.2989e+04 2.3034e+01 1.4556e+00
8.9216e+01 1.2977e+04 1.7796e-03 5.6674e-01 1.2977e+04 2.3094e+01 1.4374e+00
8.9608e+01 1.2965e+04 1.7842e-03 5.6015e-01 1.2965e+04 2.3132e+01 1.4210e+00
9.0000e+01 1.2955e+04 1.7857e-03 5.5493e-01 1.2955e+04 2.3133e+01 1.4080e+00
9.0392e+01 1.2946e+04 1.7819e-03 5.5213e-01 1.2946e+04 2.3069e+01 1.4009e+00
9.0784e+01 1.2941e+04 1.7702e-03 5.5306e-01 1.2941e+04 2.2908e+01 1.4029e+00
9.1176e+01 1.2939e+04 1.7486e-03 5.5873e-01 1.2939e+04 2.2625e+01 1.4166e+00
9.1569e+01 1.2941e+04 1.7170e-03 5.6921e-01 1.2941e+04 2.2220e+01 1.4421e+00
9.1961e+01 1.2946e+04 1.6776e-03 5.8381e-01 1.2946e+04 2.1717e+01 1.4777e+00
9.2353e+01 1.2952e+04 1.6322e-03 6.0171e-01 1.2952e+04 2.1141e+01 1.5215e+00
9.2745e+01 1.2961e+04 1.5827e-03 6.2270e-01 1.2961e+04 2.0513e+01 1.5730e+00
9.3137e+01 1.2969e+04 1.5285e-03 6.4659e-01 1.2969e+04 1.9823e+01 1.6316e+00
9.3529e+01 1.2981e+04 1.4717e-03 6.7419e-01 1.2981e+04 1.9104e+01 1.6995e+00
9.3922e+01 1.2990e+04 1.4073e-03 7.0442e-01 1.2990e+04 1.8281e+01 1.7739e+00
9.4314e+01 1.3007e+04 1.3454e-03 7.4033e-01 1.3007e+04 1.7500e+01 1.8626e+00
9.4706e+01 1.3010e+04 1.2658e-03 7.7655e-01 1.3010e+04 1.6468e+01 1.9518e+00
9.5098e+01 1.3044e+04 1.2063e-03 8.2440e-01 1.3044e+04 1.5736e+01 2.0705e+00
9.5490e+01 1.3021e+04 1.0974e-03 8.6352e-01 1.3021e+04 1.4288e+01 2.1666e+00
9.5882e+01 1.3102e+04 1.0630e-03 9.3195e-01 1.3102e+04 1.3927e+01 2.3373e+00
9.6275e+01 1.2994e+04 8.8849e-04 9.6299e-01 1.2994e+04 1.1545e+01 2.4126e+00
9.6667e+01 1.3209e+04 9.4207e-04 1.0730e+00 1.3209e+04 1.2444e+01 2.6883e+00
9.7059e+01 1.2787e+04 6.1454e-04 1.0639e+00 1.2787e+04 7.8578e+00 2.6621e+00
9.7451e+01 1.3444e+04 1.0168e-03 1.2577e+00 1.3444e+04 1.3670e+01 3.1511e+00
9.7843e+01 1.1621e+04 2.4853e-04 1.1116e+00 1.1621e+04 2.8882e+00 2.7794e+00
9.8235e+01 1.3792e+04 1.9023e-03 1.4459e+00 1.3792e+04 2.6236e+01 3.6397e+00
9.8627e+01 8.9899e+03 -1.6392e-04 1.0253e+00 8.9899e+03 -1.4736e+00 2.5634e+00
9.9020e+01 1.4484e+04 3.4721e-03 1.5318e+00 1.4484e+04 5.0291e+01 3.9167e+00
9.9412e+01 1.1454e+03 -6.9697e-04 8.1371e-01 1.1454e+03 -7.9833e-01 2.0345e+00
9.9804e+01 1.7434e+04 6.5662e-03 9.5504e-01 1.7434e+04 1.1447e+02 2.7634e+00
