# # x Density Velocity Pressure q0 q1 q2
1.9608e-01 1.0000e+05 2.2187e-11 1.0000e+00 1.0000e+05 2.2187e-06 2.5000e+00
5.8824e-01 1.0000e+05 3.0406e-11 1.0000e+00 1.0000e+05 3.0406e-06 2.5000e+00
9.8039e-01 1.0000e+05 3.5479e-11 1.0000e+00 1.0000e+05 3.5479e-06 2.5000e+00
1.3725e+00 1.0000e+05 4.1474e-11 1.0000e+00 1.0000e+05 4.1474e-06 2.5000e+00
1.7647e+00 1.0000e+05 4.9961e-11 1.0000e+00 1.0000e+05 4.9961e-06 2.5000e+00
2.1569e+00 1.0000e+05 6.1767e-11 1.0000e+00 1.0000e+05 6.1767e-06 2.5000e+00
2.5490e+00 1.0000e+05 7.7632e-11 1.0000e+00 1.0000e+05 7.7632e-06 2.5000e+00
2.9412e+00 1.0000e+05 9.8447e-11 1.0000e+00 1.0000e+05 9.8447e-06 2.5000e+00
3.3333e+00 1.0000e+05 1.2536e-10 1.0000e+00 1.0000e+05 1.2536e-05 2.5000e+00
3.7255e+00 1.0000e+05 1.5983e-10 1.0000e+00 1.0000e+05 1.5983e-05 2.5000e+00
4.1176e+00 1.0000e+05 2.0373e-10 1.0000e+00 1.0000e+05 2.0373e-05 2.5000e+00
4.5098e+00 1.0000e+05 2.5940e-10 1.0000e+00 1.0000e+05 2.5940e-05 2.5000e+00
4.9020e+00 1.0000e+05 3.2975e-10 1.0000e+00 1.0000e+05 3.2975e-05 2.5000e+00
5.2941e+00 1.0000e+05 4.1839e-10 1.0000e+00 1.0000e+05 4.1839e-05 2.5000e+00
5.6863e+00 1.0000e+05 5.2981e-10 1.0000e+00 1.0000e+05 5.2981e-05 2.5000e+00
6.0784e+00 1.0000e+05 6.6951e-10 1.0000e+00 1.0000e+05 6.6951e-05 2.5000e+00
6.4706e+00 1.0000e+05 8.4427e-10 1.0000e+00 1.0000e+05 8.4427e-05 2.5000e+00
6.8627e+00 1.0000e+05 1.0624e-09 1.0000e+00 1.0000e+05 1.0624e-04 2.5000e+00
7.2549e+00 1.0000e+05 1.3339e-09 1.0000e+00 1.0000e+05 1.3339e-04 2.5000e+00
7.6471e+00 1.0000e+05 1.6713e-09 1.0000e+00 1.0000e+05 1.6713e-04 2.5000e+00
8.0392e+00 1.0000e+05 2.0895e-09 1.0000e+00 1.0000e+05 2.0895e-04 2.5000e+00
8.4314e+00 1.0000e+05 2.6068e-09 1.0000e+00 1.0000e+05 2.6068e-04 2.5000e+00
8.8235e+00 1.0000e+05 3.2451e-09 1.0000e+00 1.0000e+05 3.2451e-04 2.5000e+00
9.2157e+00 1.0000e+05 4.0310e-09 9.9999e-01 1.0000e+05 4.0310e-04 2.5000e+00
9.6078e+00 1.0000e+05 4.9965e-09 9.9999e-01 1.0000e+05 4.9965e-04 2.5000e+00
1.0000e+01 1.0000e+05 6.1800e-09 9.9999e-01 1.0000e+05 6.1800e-04 2.5000e+00
1.0392e+01 1.0000e+05 7.6273e-09 9.9999e-01 1.0000e+05 7.6273e-04 2.5000e+00
1.0784e+01 1.0000e+05 9.3934e-09 9.9999e-01 1.0000e+05 9.3934e-04 2.5000e+00
1.1176e+01 1.0000e+05 1.1544e-08 9.9998e-01 1.0000e+05 1.1544e-03 2.5000e+00
1.1569e+01 1.0000e+05 1.4156e-08 9.9998e-01 1.0000e+05 1.4156e-03 2.4999e+00
1.1961e+01 1.0000e+05 1.7322e-08 9.9998e-01 1.0000e+05 1.7322e-03 2.4999e+00
1.2353e+01 1.0000e+05 2.1150e-08 9.9997e-01 1.0000e+05 2.1150e-03 2.4999e+00
1.2745e+01 1.0000e+05 2.5770e-08 9.9996e-01 1.0000e+05 2.5770e-03 2.4999e+00
1.3137e+01 1.0000e+05 3.1332e-08 9.9996e-01 1.0000e+05 3.1332e-03 2.4999e+00
1.3529e+01 1.0000e+05 3.8012e-08 9.9995e-01 1.0000e+05 3.8012e-03 2.4999e+00
1.3922e+01 1.0000e+05 4.6019e-08 9.9994e-01 1.0000e+05 4.6019e-03 2.4998e+00
1.4314e+01 1.0000e+05 5.5594e-08 9.9992e-01 1.0000e+05 5.5594e-03 2.4998e+00
1.4706e+01 1.0000e+05 6.7019e-08 9.9991e-01 1.0000e+05 6.7019e-03 2.4998e+00
1.5098e+01 9.9999e+04 8.0620e-08 9.9989e-01 9.9999e+04 8.0619e-03 2.4997e+00
1.5490e+01 9.9999e+04 9.6774e-08 9.9987e-01 9.9999e+04 9.6774e-03 2.4997e+00
1.5882e+01 9.9999e+04 1.1592e-07 9.9985e-01 9.9999e+04 1.1592e-02 2.4996e+00
1.6275e+01 9.9999e+04 1.3856e-07 9.9982e-01 9.9999e+04 1.3856e-02 2.4995e+00
1.6667e+01 9.9999e+04 1.6527e-07 9.9979e-01 9.9999e+04 1.6527e-02 2.4995e+00
1.7059e+01 9.9998e+04 1.9672e-07 9.9975e-01 9.9998e+04 1.9671e-02 2.4994e+00
1.7451e+01 9.9998e+04 2.3365e-07 9.9970e-01 9.9998e+04 2.3365e-02 2.4993e+00
1.7843e+01 9.9998e+04 2.7694e-07 9.9965e-01 9.9998e+04 2.7693e-02 2.4991e+00
1.8235e+01 9.9997e+04 3.2755e-07 9.9959e-01 9.9997e+04 3.2754e-02 2.4990e+00
1.8627e+01 9.9997e+04 3.8660e-07 9.9952e-01 9.9997e+04 3.8659e-02 2.4988e+00
1.9020e+01 9.9996e+04 4.5534e-07 9.9944e-01 9.9996e+04 4.5533e-02 2.4986e+00
1.9412e+01 9.9996e+04 5.3519e-07 9.9935e-01 9.9996e+04 5.3516e-02 2.4984e+00
1.9804e+01 9.9995e+04 6.2772e-07 9.9925e-01 9.9995e+04 6.2768e-02 2.4981e+00
2.0196e+01 9.9994e+04 7.3471e-07 9.9913e-01 9.9994e+04 7.3467e-02 2.4978e+00
2.0588e+01 9.9993e+04 8.5816e-07 9.9899e-01 9.9993e+04 8.5810e-02 2.4975e+00
2.0980e+01 9.9992e+04 1.0003e-06 9.9883e-01 9.9992e+04 1.0002e-01 2.4971e+00
2.1373e+01 9.9990e+04 1.1635e-06 9.9865e-01 9.9990e+04 1.1634e-01 2.4966e+00
2.1765e+01 9.9988e+04 1.3506e-06 9.9845e-01 9.9988e+04 1.3504e-01 2.4961e+00
2.2157e+01 9.9986e+04 1.5645e-06 9.9822e-01 9.9986e+04 1.5643e-01 2.4956e+00
2.2549e+01 9.9984e+04 1.8086e-06 9.9797e-01 9.9984e+04 1.8083e-01 2.4949e+00
2.2941e+01 9.9982e+04 2.0865e-06 9.9768e-01 9.9982e+04 2.0861e-01 2.4942e+00
2.3333e+01 9.9979e+04 2.4021e-06 9.9735e-01 9.9979e+04 2.4016e-01 2.4934e+00
2.3725e+01 9.9975e+04 2.7599e-06 9.9699e-01 9.9975e+04 2.7592e-01 2.4925e+00
2.4118e+01 9.9971e+04 3.1645e-06 9.9658e-01 9.9971e+04 3.1636e-01 2.4914e+00
2.4510e+01 9.9967e+04 3.6211e-06 9.9612e-01 9.9967e+04 3.6199e-01 2.4903e+00
2.4902e+01 9.9962e+04 4.1352e-06 9.9562e-01 9.9962e+04 4.1337e-01 2.4890e+00
2.5294e+01 9.9956e+04 4.7129e-06 9.9506e-01 9.9956e+04 4.7108e-01 2.4876e+00
2.5686e+01 9.9950e+04 5.3604e-06 9.9444e-01 9.9950e+04 5.3577e-01 2.4861e+00
2.6078e+01 9.9942e+04 6.0847e-06 9.9375e-01 9.9942e+04 6.0812e-01 2.4844e+00
2.6471e+01 9.9934e+04 6.8932e-06 9.9299e-01 9.9934e+04 6.8886e-01 2.4825e+00
2.6863e+01 9.9925e+04 7.7936e-06 9.9216e-01 9.9925e+04 7.7877e-01 2.4804e+00
2.7255e+01 9.9914e+04 8.7943e-06 9.9124e-01 9.9914e+04 8.7867e-01 2.4781e+00
2.7647e+01 9.9902e+04 9.9040e-06 9.9024e-01 9.9902e+04 9.8943e-01 2.4756e+00
2.8039e+01 9.9889e+04 1.1132e-05 9.8915e-01 9.9889e+04 1.1120e+00 2.4729e+00
2.8431e+01 9.9875e+04 1.2488e-05 9.8796e-01 9.9875e+04 1.2472e+00 2.4699e+00
2.8824e+01 9.9858e+04 1.3982e-05 9.8666e-01 9.9858e+04 1.3962e+00 2.4667e+00
2.9216e+01 9.9840e+04 1.5624e-05 9.8526e-01 9.9840e+04 1.5599e+00 2.4632e+00
2.9608e+01 9.9820e+04 1.7426e-05 9.8374e-01 9.9820e+04 1.7395e+00 2.4594e+00
3.0000e+01 9.9798e+04 1.9399e-05 9.8210e-01 9.9798e+04 1.9360e+00 2.4553e+00
3.0392e+01 9.9773e+04 2.1555e-05 9.8033e-01 9.9773e+04 2.1506e+00 2.4508e+00
3.0784e+01 9.9746e+04 2.3905e-05 9.7843e-01 9.9746e+04 2.3844e+00 2.4461e+00
3.1176e+01 9.9716e+04 2.6462e-05 9.7639e-01 9.9716e+04 2.6387e+00 2.4410e+00
3.1569e+01 9.9683e+04 2.9239e-05 9.7420e-01 9.9683e+04 2.9146e+00 2.4356e+00
3.1961e+01 9.9646e+04 3.2247e-05 9.7187e-01 9.9646e+04 3.2133e+00 2.4297e+00
3.2353e+01 9.9607e+04 3.5500e-05 9.6939e-01 9.9607e+04 3.5361e+00 2.4235e+00
3.2745e+01 9.9564e+04 3.9011e-05 9.6675e-01 9.9564e+04 3.8841e+00 2.4170e+00
3.3137e+01 9.9517e+04 4.2792e-05 9.6395e-01 9.9517e+04 4.2585e+00 2.4100e+00
3.3529e+01 9.9465e+04 4.6855e-05 9.6099e-01 9.9465e+04 4.6605e+00 2.4026e+00
3.3922e+01 9.9410e+04 5.1214e-05 9.5786e-01 9.9410e+04 5.0912e+00 2.3948e+00
3.4314e+01 9.9350e+04 5.5881e-05 9.5457e-01 9.9350e+04 5.5518e+00 2.3866e+00
3.4706e+01 9.9284e+04 6.0867e-05 9.5110e-01 9.9284e+04 6.0432e+00 2.3779e+00
3.5098e+01 9.9214e+04 6.6185e-05 9.4746e-01 9.9214e+04 6.5665e+00 2.3689e+00
3.5490e+01 9.9138e+04 7.1845e-05 9.4365e-01 9.9138e+04 7.1226e+00 2.3594e+00
3.5882e+01 9.9057e+04 7.7858e-05 9.3968e-01 9.9057e+04 7.7123e+00 2.3495e+00
3.6275e+01 9.8969e+04 8.4233e-05 9.3553e-01 9.8969e+04 8.3365e+00 2.3392e+00
3.6667e+01 9.8875e+04 9.0980e-05 9.3121e-01 9.8875e+04 8.9957e+00 2.3284e+00
3.7059e+01 9.8775e+04 9.8108e-05 9.2673e-01 9.8775e+04 9.6906e+00 2.3173e+00
3.7451e+01 9.8668e+04 1.0562e-04 9.2209e-01 9.8668e+04 1.0422e+01 2.3058e+00
3.7843e+01 9.8553e+04 1.1353e-04 9.1729e-01 9.8553e+04 1.1189e+01 2.2939e+00
3.8235e+01 9.8432e+04 1.2185e-04 9.1234e-01 9.8432e+04 1.1993e+01 2.2816e+00
3.8627e+01 9.8303e+04 1.3056e-04 9.0724e-01 9.8303e+04 1.2834e+01 2.2689e+00
3.9020e+01 9.8166e+04 1.3969e-04 9.0199e-01 9.8166e+04 1.3712e+01 2.2559e+00
3.9412e+01 9.8021e+04 1.4922e-04 8.9662e-01 9.8021e+04 1.4627e+01 2.2426e+00
3.9804e+01 9.7869e+04 1.5917e-04 8.9111e-01 9.7869e+04 1.5578e+01 2.2290e+00
4.0196e+01 9.7706e+04 1.6950e-04 8.8548e-01 9.7706e+04 1.6562e+01 2.2151e+00
4.0588e+01 9.7539e+04 1.8036e-04 8.7977e-01 9.7539e+04 1.7592e+01 2.2010e+00
4.0980e+01 9.7354e+04 1.9131e-04 8.7386e-01 9.7354e+04 1.8625e+01 2.1864e+00
4.1373e+01 9.7183e+04 2.0347e-04 8.6813e-01 9.7183e+04 1.9774e+01 2.1723e+00
4.1765e+01 9.6948e+04 2.1405e-04 8.6163e-01 9.6948e+04 2.0751e+01 2.1563e+00
4.2157e+01 9.6830e+04 2.2960e-04 8.5663e-01 9.6830e+04 2.2232e+01 2.1441e+00
4.2549e+01 9.6432e+04 2.3563e-04 8.4820e-01 9.6432e+04 2.2722e+01 2.1232e+00
4.2941e+01 9.6570e+04 2.6187e-04 8.4644e-01 9.6570e+04 2.5289e+01 2.1194e+00
4.3333e+01 9.5689e+04 2.5175e-04 8.3226e-01 9.5689e+04 2.4089e+01 2.0837e+00
4.3725e+01 9.6506e+04 3.0388e-04 8.3883e-01 9.6506e+04 2.9326e+01 2.1015e+00
4.4118e+01 9.4712e+04 2.6187e-04 8.1385e-01 9.4712e+04 2.4802e+01 2.0379e+00
4.4510e+01 9.6430e+04 3.4780e-04 8.3125e-01 9.6430e+04 3.3539e+01 2.0840e+00
4.4902e+01 9.4013e+04 2.8503e-04 7.9939e-01 9.4013e+04 2.6797e+01 2.0023e+00
4.5294e+01 9.5610e+04 3.6777e-04 8.1524e-01 9.5610e+04 3.5163e+01 2.0446e+00
4.5686e+01 9.4158e+04 3.4211e-04 7.9559e-01 9.4158e+04 3.2212e+01 1.9945e+00
4.6078e+01 9.4201e+04 3.6886e-04 7.9296e-01 9.4201e+04 3.4747e+01 1.9888e+00
4.6471e+01 9.4003e+04 3.8989e-04 7.8847e-01 9.4003e+04 3.6651e+01 1.9783e+00
4.6863e+01 9.3799e+04 4.0847e-04 7.8319e-01 9.3799e+04 3.8314e+01 1.9658e+00
4.7255e+01 9.2814e+04 4.0194e-04 7.6988e-01 9.2814e+04 3.7306e+01 1.9322e+00
4.7647e+01 9.3385e+04 4.4994e-04 7.7393e-01 9.3385e+04 4.2018e+01 1.9443e+00
4.8039e+01 9.2661e+04 4.4742e-04 7.6203e-01 9.2661e+04 4.1459e+01 1.9144e+00
4.8431e+01 9.1029e+04 4.6773e-04 7.5742e-01 9.1029e+04 4.2577e+01 1.9035e+00
4.8824e+01 9.8082e+04 4.8112e-04 7.5043e-01 9.8082e+04 4.7189e+01 1.8874e+00
4.9216e+01 7.1056e+04 5.0836e-04 7.4903e-01 7.1056e+04 3.6122e+01 1.8818e+00
4.9608e+01 1.2757e+05 5.2289e-04 7.4062e-01 1.2757e+05 6.6706e+01 1.8690e+00
5.0000e+01 8.7165e+04 5.2895e-04 7.3354e-01 8.7165e+04 4.6106e+01 1.8460e+00
5.0392e+01 3.8514e+04 5.4604e-04 7.3111e-01 3.8514e+04 2.1030e+01 1.8335e+00
5.0784e+01 1.6171e+04 5.5824e-04 7.2874e-01 1.6171e+04 9.0271e+00 1.8244e+00
5.1176e+01 9.3617e+03 5.9071e-04 7.2751e-01 9.3617e+03 5.5300e+00 1.8204e+00
5.1569e+01 7.8610e+03 7.0417e-04 7.3079e-01 7.8610e+03 5.5355e+00 1.8289e+00
5.1961e+01 8.0708e+03 7.7786e-04 7.2902e-01 8.0708e+03 6.2779e+00 1.8250e+00
5.2353e+01 8.6000e+03 8.0353e-04 7.2398e-01 8.6000e+03 6.9103e+00 1.8127e+00
5.2745e+01 9.2780e+03 9.0078e-04 7.2697e-01 9.2780e+03 8.3574e+00 1.8212e+00
5.3137e+01 9.8451e+03 9.9627e-04 7.3128e-01 9.8451e+03 9.8083e+00 1.8331e+00
5.3529e+01 1.0258e+04 1.0091e-03 7.2830e-01 1.0258e+04 1.0352e+01 1.8260e+00
5.3922e+01 1.0543e+04 1.0014e-03 7.2388e-01 1.0543e+04 1.0559e+01 1.8150e+00
5.4314e+01 1.0828e+04 1.0459e-03 7.2533e-01 1.0828e+04 1.1325e+01 1.8193e+00
5.4706e+01 1.1077e+04 1.1086e-03 7.2915e-01 1.1077e+04 1.2280e+01 1.8297e+00
5.5098e+01 1.1249e+04 1.1315e-03 7.2905e-01 1.1249e+04 1.2728e+01 1.8298e+00
5.5490e+01 1.1351e+04 1.1201e-03 7.2556e-01 1.1351e+04 1.2715e+01 1.8210e+00
5.5882e+01 1.1452e+04 1.1216e-03 7.2349e-01 1.1452e+04 1.2844e+01 1.8159e+00
5.6275e+01 1.1575e+04 1.1560e-03 7.2517e-01 1.1575e+04 1.3381e+01 1.8207e+00
5.6667e+01 1.1698e+04 1.1974e-03 7.2779e-01 1.1698e+04 1.4007e+01 1.8279e+00
5.7059e+01 1.1781e+04 1.2153e-03 7.2799e-01 1.1781e+04 1.4318e+01 1.8287e+00
5.7451e+01 1.1826e+04 1.2092e-03 7.2569e-01 1.1826e+04 1.4300e+01 1.8229e+00
5.7843e+01 1.1866e+04 1.2032e-03 7.2324e-01 1.1866e+04 1.4277e+01 1.8167e+00
5.8235e+01 1.1929e+04 1.2193e-03 7.2335e-01 1.1929e+04 1.4544e+01 1.8172e+00
5.8627e+01 1.2011e+04 1.2549e-03 7.2572e-01 1.2011e+04 1.5072e+01 1.8238e+00
5.9020e+01 1.2087e+04 1.2886e-03 7.2800e-01 1.2087e+04 1.5575e+01 1.8300e+00
5.9412e+01 1.2135e+04 1.3035e-03 7.2827e-01 1.2135e+04 1.5818e+01 1.8310e+00
5.9804e+01 1.2156e+04 1.2998e-03 7.2655e-01 1.2156e+04 1.5800e+01 1.8266e+00
6.0196e+01 1.2170e+04 1.2924e-03 7.2423e-01 1.2170e+04 1.5729e+01 1.8207e+00
6.0588e+01 1.2202e+04 1.2997e-03 7.2363e-01 1.2202e+04 1.5859e+01 1.8194e+00
6.0980e+01 1.2261e+04 1.3290e-03 7.2556e-01 1.2261e+04 1.6294e+01 1.8247e+00
6.1373e+01 1.2334e+04 1.3703e-03 7.2892e-01 1.2334e+04 1.6902e+01 1.8339e+00
6.1765e+01 1.2400e+04 1.4070e-03 7.3184e-01 1.2400e+04 1.7447e+01 1.8419e+00
6.2157e+01 1.2443e+04 1.4274e-03 7.3297e-01 1.2443e+04 1.7760e+01 1.8451e+00
6.2549e+01 1.2460e+04 1.4301e-03 7.3214e-01 1.2460e+04 1.7818e+01 1.8431e+00
6.2941e+01 1.2463e+04 1.4231e-03 7.3018e-01 1.2463e+04 1.7736e+01 1.8381e+00
6.3333e+01 1.2472e+04 1.4199e-03 7.2853e-01 1.2472e+04 1.7709e+01 1.8339e+00
6.3725e+01 1.2505e+04 1.4345e-03 7.2899e-01 1.2505e+04 1.7938e+01 1.8353e+00
6.4118e+01 1.2568e+04 1.4720e-03 7.3210e-01 1.2568e+04 1.8500e+01 1.8439e+00
6.4510e+01 1.2656e+04 1.5278e-03 7.3737e-01 1.2656e+04 1.9336e+01 1.8582e+00
6.4902e+01 1.2757e+04 1.5926e-03 7.4376e-01 1.2757e+04 2.0316e+01 1.8756e+00
6.5294e+01 1.2856e+04 1.6565e-03 7.5014e-01 1.2856e+04 2.1296e+01 1.8930e+00
6.5686e+01 1.2944e+04 1.7120e-03 7.5562e-01 1.2944e+04 2.2160e+01 1.9080e+00
6.6078e+01 1.3013e+04 1.7550e-03 7.5969e-01 1.3013e+04 2.2838e+01 1.9193e+00
6.6471e+01 1.3064e+04 1.7847e-03 7.6223e-01 1.3064e+04 2.3316e+01 1.9264e+00
6.6863e+01 1.3098e+04 1.8029e-03 7.6343e-01 1.3098e+04 2.3614e+01 1.9299e+00
6.7255e+01 1.3119e+04 1.8125e-03 7.6363e-01 1.3119e+04 2.3778e+01 1.9306e+00
6.7647e+01 1.3132e+04 1.8165e-03 7.6317e-01 1.3132e+04 2.3854e+01 1.9296e+00
6.8039e+01 1.3140e+04 1.8173e-03 7.6235e-01 1.3140e+04 2.3880e+01 1.9276e+00
6.8431e+01 1.3146e+04 1.8167e-03 7.6136e-01 1.3146e+04 2.3882e+01 1.9251e+00
6.8824e+01 1.3151e+04 1.8154e-03 7.6030e-01 1.3151e+04 2.3873e+01 1.9224e+00
6.9216e+01 1.3155e+04 1.8137e-03 7.5918e-01 1.3155e+04 2.3859e+01 1.9196e+00
6.9608e+01 1.3159e+04 1.8119e-03 7.5804e-01 1.3159e+04 2.3841e+01 1.9167e+00
7.0000e+01 1.3162e+04 1.8098e-03 7.5685e-01 1.3162e+04 2.3820e+01 1.9137e+00
7.0392e+01 1.3165e+04 1.8075e-03 7.5563e-01 1.3165e+04 2.3795e+01 1.9106e+00
7.0784e+01 1.3168e+04 1.8050e-03 7.5438e-01 1.3168e+04 2.3768e+01 1.9074e+00
7.1176e+01 1.3171e+04 1.8023e-03 7.5309e-01 1.3171e+04 2.3738e+01 1.9041e+00
7.1569e+01 1.3173e+04 1.7995e-03 7.5176e-01 1.3173e+04 2.3705e+01 1.9007e+00
7.1961e+01 1.3175e+04 1.7966e-03 7.5039e-01 1.3175e+04 2.3670e+01 1.8972e+00
7.2353e+01 1.3177e+04 1.7934e-03 7.4899e-01 1.3177e+04 2.3633e+01 1.8937e+00
7.2745e+01 1.3179e+04 1.7902e-03 7.4754e-01 1.3179e+04 2.3593e+01 1.8900e+00
7.3137e+01 1.3181e+04 1.7868e-03 7.4604e-01 1.3181e+04 2.3551e+01 1.8862e+00
7.3529e+01 1.3182e+04 1.7833e-03 7.4450e-01 1.3182e+04 2.3507e+01 1.8822e+00
7.3922e+01 1.3183e+04 1.7796e-03 7.4290e-01 1.3183e+04 2.3461e+01 1.8781e+00
7.4314e+01 1.3184e+04 1.7759e-03 7.4124e-01 1.3184e+04 2.3414e+01 1.8739e+00
7.4706e+01 1.3185e+04 1.7721e-03 7.3952e-01 1.3185e+04 2.3365e+01 1.8695e+00
7.5098e+01 1.3185e+04 1.7683e-03 7.3773e-01 1.3185e+04 2.3315e+01 1.8649e+00
7.5490e+01 1.3186e+04 1.7644e-03 7.3585e-01 1.3186e+04 2.3264e+01 1.8602e+00
7.5882e+01 1.3186e+04 1.7605e-03 7.3389e-01 1.3186e+04 2.3213e+01 1.8552e+00
7.6275e+01 1.3185e+04 1.7565e-03 7.3184e-01 1.3185e+04 2.3161e+01 1.8499e+00
7.6667e+01 1.3185e+04 1.7527e-03 7.2969e-01 1.3185e+04 2.3109e+01 1.8445e+00
7.7059e+01 1.3184e+04 1.7488e-03 7.2742e-01 1.3184e+04 2.3057e+01 1.8387e+00
7.7451e+01 1.3183e+04 1.7451e-03 7.2503e-01 1.3183e+04 2.3006e+01 1.8327e+00
7.7843e+01 1.3182e+04 1.7414e-03 7.2251e-01 1.3182e+04 2.2956e+01 1.8263e+00
7.8235e+01 1.3181e+04 1.7379e-03 7.1986e-01 1.3181e+04 2.2907e+01 1.8195e+00
7.8627e+01 1.3179e+04 1.7346e-03 7.1705e-01 1.3179e+04 2.2861e+01 1.8125e+00
7.9020e+01 1.3177e+04 1.7315e-03 7.1409e-01 1.3177e+04 2.2816e+01 1.8050e+00
7.9412e+01 1.3175e+04 1.7286e-03 7.1096e-01 1.3175e+04 2.2773e+01 1.7971e+00
7.9804e+01 1.3172e+04 1.7259e-03 7.0766e-01 1.3172e+04 2.2734e+01 1.7888e+00
8.0196e+01 1.3169e+04 1.7236e-03 7.0419e-01 1.3169e+04 2.2697e+01 1.7800e+00
8.0588e+01 1.3165e+04 1.7215e-03 7.0053e-01 1.3165e+04 2.2665e+01 1.7708e+00
8.0980e+01 1.3161e+04 1.7198e-03 6.9667e-01 1.3161e+04 2.2636e+01 1.7611e+00
8.1373e+01 1.3157e+04 1.7185e-03 6.9263e-01 1.3157e+04 2.2611e+01 1.7510e+00
8.1765e+01 1.3152e+04 1.7176e-03 6.8838e-01 1.3152e+04 2.2590e+01 1.7403e+00
8.2157e+01 1.3147e+04 1.7170e-03 6.8393e-01 1.3147e+04 2.2574e+01 1.7292e+00
8.2549e+01 1.3142e+04 1.7169e-03 6.7927e-01 1.3142e+04 2.2563e+01 1.7175e+00
8.2941e+01 1.3136e+04 1.7173e-03 6.7439e-01 1.3136e+04 2.2558e+01 1.7053e+00
8.3333e+01 1.3129e+04 1.7182e-03 6.6928e-01 1.3129e+04 2.2558e+01 1.6926e+00
8.3725e+01 1.3122e+04 1.7196e-03 6.6395e-01 1.3122e+04 2.2565e+01 1.6793e+00
8.4118e+01 1.3115e+04 1.7215e-03 6.5837e-01 1.3115e+04 2.2578e+01 1.6654e+00
8.4510e+01 1.3107e+04 1.7241e-03 6.5255e-01 1.3107e+04 2.2597e+01 1.6509e+00
8.4902e+01 1.3099e+04 1.7272e-03 6.4649e-01 1.3099e+04 2.2624e+01 1.6358e+00
8.5294e+01 1.3090e+04 1.7310e-03 6.4017e-01 1.3090e+04 2.2658e+01 1.6200e+00
8.5686e+01 1.3080e+04 1.7354e-03 6.3361e-01 1.3080e+04 2.2699e+01 1.6037e+00
8.6078e+01 1.3070e+04 1.7405e-03 6.2680e-01 1.3070e+04 2.2748e+01 1.5868e+00
8.6471e+01 1.3059e+04 1.7461e-03 6.1975e-01 1.3059e+04 2.2803e+01 1.5693e+00
8.6863e+01 1.3048e+04 1.7524e-03 6.1249e-01 1.3048e+04 2.2866e+01 1.5513e+00
8.7255e+01 1.3037e+04 1.7591e-03 6.0505e-01 1.3037e+04 2.2933e+01 1.5328e+00
8.7647e+01 1.3025e+04 1.7663e-03 5.9747e-01 1.3025e+04 2.3006e+01 1.5140e+00
8.8039e+01 1.3012e+04 1.7736e-03 5.8986e-01 1.3012e+04 2.3079e+01 1.4951e+00
8.8431e+01 1.3000e+04 1.7808e-03 5.8234e-01 1.3000e+04 2.3151e+01 1.4765e+00
8.8824e+01 1.2988e+04 1.7873e-03 5.7514e-01 1.2988e+04 2.3214e+01 1.4586e+00
8.9216e+01 1.2976e+04 1.7924e-03 5.6862e-01 1.2976e+04 2.3258e+01 1.4424e+00
8.9608e+01 1.2965e+04 1.7947e-03 5.6339e-01 1.2965e+04 2.3268e+01 1.4293e+00
9.0000e+01 1.2956e+04 1.7921e-03 5.6044e-01 1.2956e+04 2.3219e+01 1.4219e+00
9.0392e+01 1.2950e+04 1.7818e-03 5.6123e-01 1.2950e+04 2.3074e+01 1.4236e+00
9.0784e+01 1.2948e+04 1.7613e-03 5.6700e-01 1.2948e+04 2.2806e+01 1.4376e+00
9.1176e+01 1.2949e+04 1.7303e-03 5.7813e-01 1.2949e+04 2.2406e+01 1.4647e+00
9.1569e+01 1.2954e+04 1.6902e-03 5.9397e-01 1.2954e+04 2.1894e+01 1.5034e+00
9.1961e+01 1.2960e+04 1.6436e-03 6.1365e-01 1.2960e+04 2.1301e+01 1.5516e+00
9.2353e+01 1.2969e+04 1.5919e-03 6.3667e-01 1.2969e+04 2.0644e+01 1.6081e+00
9.2745e+01 1.2978e+04 1.5362e-03 6.6324e-01 1.2978e+04 1.9937e+01 1.6734e+00
9.3137e+01 1.2988e+04 1.4751e-03 6.9323e-01 1.2988e+04 1.9158e+01 1.7472e+00
9.3529e+01 1.3002e+04 1.4114e-03 7.2783e-01 1.3002e+04 1.8351e+01 1.8325e+00
9.3922e+01 1.3011e+04 1.3386e-03 7.6546e-01 1.3011e+04 1.7417e+01 1.9253e+00
9.4314e+01 1.3032e+04 1.2695e-03 8.1039e-01 1.3032e+04 1.6545e+01 2.0365e+00
9.4706e+01 1.3034e+04 1.1787e-03 8.5526e-01 1.3034e+04 1.5363e+01 2.1472e+00
9.5098e+01 1.3074e+04 1.1131e-03 9.1538e-01 1.3074e+04 1.4553e+01 2.2965e+00
9.5490e+01 1.3045e+04 9.8732e-04 9.6366e-01 1.3045e+04 1.2880e+01 2.4155e+00
9.5882e+01 1.3139e+04 9.5150e-04 1.0504e+00 1.3139e+04 1.2502e+01 2.6320e+00
9.6275e+01 1.3014e+04 7.4853e-04 1.0883e+00 1.3014e+04 9.7413e+00 2.7244e+00
9.6667e+01 1.3259e+04 8.1506e-04 1.2293e+00 1.3259e+04 1.0807e+01 3.0777e+00
9.7059e+01 1.2769e+04 4.3330e-04 1.2159e+00 1.2769e+04 5.5330e+00 3.0408e+00
9.7451e+01 1.3509e+04 9.1279e-04 1.4665e+00 1.3509e+04 1.2331e+01 3.6718e+00
9.7843e+01 1.1452e+04 1.3248e-05 1.2830e+00 1.1452e+04 1.5171e-01 3.2076e+00
9.8235e+01 1.3846e+04 1.9084e-03 1.7129e+00 1.3846e+04 2.6422e+01 4.3075e+00
9.8627e+01 8.6800e+03 -4.5880e-04 1.2090e+00 8.6800e+03 -3.9823e+00 3.0234e+00
9.9020e+01 1.4457e+04 3.5129e-03 1.8465e+00 1.4457e+04 5.0786e+01 4.7055e+00
9.9412e+01 2.6316e+02 -1.1380e-03 1.1616e+00 2.6316e+02 -2.9948e-01 2.9041e+00
9.9804e+01 1.7427e+04 7.2342e-03 1.0252e+00 1.7427e+04 1.2607e+02 3.0190e+00
