# # x Density Velocity Pressure q0 q1 q2
1.9608e-01 1.0000e+05 2.4801e-11 1.0000e+00 1.0000e+05 2.4801e-06 2.5000e+00
5.8824e-01 1.0000e+05 3.4040e-11 1.0000e+00 1.0000e+05 3.4040e-06 2.5000e+00
9.8039e-01 1.0000e+05 3.9698e-11 1.0000e+00 1.0000e+05 3.9698e-06 2.5000e+00
1.3725e+00 1.0000e+05 4.6323e-11 1.0000e+00 1.0000e+05 4.6323e-06 2.5000e+00
1.7647e+00 1.0000e+05 5.5678e-11 1.0000e+00 1.0000e+05 5.5678e-06 2.5000e+00
2.1569e+00 1.0000e+05 6.8680e-11 1.0000e+00 1.0000e+05 6.8680e-06 2.5000e+00
2.5490e+00 1.0000e+05 8.6141e-11 1.0000e+00 1.0000e+05 8.6141e-06 2.5000e+00
2.9412e+00 1.0000e+05 1.0903e-10 1.0000e+00 1.0000e+05 1.0903e-05 2.5000e+00
3.3333e+00 1.0000e+05 1.3858e-10 1.0000e+00 1.0000e+05 1.3858e-05 2.5000e+00
3.7255e+00 1.0000e+05 1.7638e-10 1.0000e+00 1.0000e+05 1.7638e-05 2.5000e+00
4.1176e+00 1.0000e+05 2.2446e-10 1.0000e+00 1.0000e+05 2.2446e-05 2.5000e+00
4.5098e+00 1.0000e+05 2.8533e-10 1.0000e+00 1.0000e+05 2.8533e-05 2.5000e+00
4.9020e+00 1.0000e+05 3.6214e-10 1.0000e+00 1.0000e+05 3.6214e-05 2.5000e+00
5.2941e+00 1.0000e+05 4.5879e-10 1.0000e+00 1.0000e+05 4.5879e-05 2.5000e+00
5.6863e+00 1.0000e+05 5.8007e-10 1.0000e+00 1.0000e+05 5.8007e-05 2.5000e+00
6.0784e+00 1.0000e+05 7.3191e-10 1.0000e+00 1.0000e+05 7.3191e-05 2.5000e+00
6.4706e+00 1.0000e+05 9.2157e-10 1.0000e+00 1.0000e+05 9.2157e-05 2.5000e+00
6.8627e+00 1.0000e+05 1.1579e-09 1.0000e+00 1.0000e+05 1.1579e-04 2.5000e+00
7.2549e+00 1.0000e+05 1.4518e-09 1.0000e+00 1.0000e+05 1.4518e-04 2.5000e+00
7.6471e+00 1.0000e+05 1.8163e-09 1.0000e+00 1.0000e+05 1.8163e-04 2.5000e+00
8.0392e+00 1.0000e+05 2.2675e-09 1.0000e+00 1.0000e+05 2.2675e-04 2.5000e+00
8.4314e+00 1.0000e+05 2.8248e-09 1.0000e+00 1.0000e+05 2.8248e-04 2.5000e+00
8.8235e+00 1.0000e+05 3.5115e-09 9.9999e-01 1.0000e+05 3.5115e-04 2.5000e+00
9.2157e+00 1.0000e+05 4.3558e-09 9.9999e-01 1.0000e+05 4.3558e-04 2.5000e+00
9.6078e+00 1.0000e+05 5.3916e-09 9.9999e-01 1.0000e+05 5.3916e-04 2.5000e+00
1.0000e+01 1.0000e+05 6.6594e-09 9.9999e-01 1.0000e+05 6.6594e-04 2.5000e+00
1.0392e+01 1.0000e+05 8.2078e-09 9.9999e-01 1.0000e+05 8.2078e-04 2.5000e+00
1.0784e+01 1.0000e+05 1.0095e-08 9.9999e-01 1.0000e+05 1.0095e-03 2.5000e+00
1.1176e+01 1.0000e+05 1.2389e-08 9.9998e-01 1.0000e+05 1.2389e-03 2.5000e+00
1.1569e+01 1.0000e+05 1.5172e-08 9.9998e-01 1.0000e+05 1.5172e-03 2.4999e+00
1.1961e+01 1.0000e+05 1.8541e-08 9.9997e-01 1.0000e+05 1.8541e-03 2.4999e+00
1.2353e+01 1.0000e+05 2.2609e-08 9.9997e-01 1.0000e+05 2.2609e-03 2.4999e+00
1.2745e+01 1.0000e+05 2.7512e-08 9.9996e-01 1.0000e+05 2.7512e-03 2.4999e+00
1.3137e+01 1.0000e+05 3.3407e-08 9.9995e-01 1.0000e+05 3.3407e-03 2.4999e+00
1.3529e+01 1.0000e+05 4.0479e-08 9.9994e-01 1.0000e+05 4.0479e-03 2.4999e+00
1.3922e+01 1.0000e+05 4.8945e-08 9.9993e-01 1.0000e+05 4.8945e-03 2.4998e+00
1.4314e+01 1.0000e+05 5.9056e-08 9.9992e-01 1.0000e+05 5.9056e-03 2.4998e+00
1.4706e+01 9.9999e+04 7.1105e-08 9.9990e-01 9.9999e+04 7.1104e-03 2.4998e+00
1.5098e+01 9.9999e+04 8.5431e-08 9.9989e-01 9.9999e+04 8.5431e-03 2.4997e+00
1.5490e+01 9.9999e+04 1.0243e-07 9.9986e-01 9.9999e+04 1.0243e-02 2.4997e+00
1.5882e+01 9.9999e+04 1.2255e-07 9.9984e-01 9.9999e+04 1.2255e-02 2.4996e+00
1.6275e+01 9.9999e+04 1.4631e-07 9.9981e-01 9.9999e+04 1.4631e-02 2.4995e+00
1.6667e+01 9.9999e+04 1.7431e-07 9.9978e-01 9.9999e+04 1.7431e-02 2.4994e+00
1.7059e+01 9.9998e+04 2.0724e-07 9.9974e-01 9.9998e+04 2.0724e-02 2.4993e+00
1.7451e+01 9.9998e+04 2.4588e-07 9.9969e-01 9.9998e+04 2.4587e-02 2.4992e+00
1.7843e+01 9.9998e+04 2.9110e-07 9.9964e-01 9.9998e+04 2.9109e-02 2.4991e+00
1.8235e+01 9.9997e+04 3.4392e-07 9.9957e-01 9.9997e+04 3.4391e-02 2.4989e+00
1.8627e+01 9.9997e+04 4.0548e-07 9.9950e-01 9.9997e+04 4.0547e-02 2.4988e+00
1.9020e+01 9.9996e+04 4.7707e-07 9.9942e-01 9.9996e+04 4.7705e-02 2.4985e+00
1.9412e+01 9.9995e+04 5.6013e-07 9.9932e-01 9.9995e+04 5.6010e-02 2.4983e+00
1.9804e+01 9.9995e+04 6.5629e-07 9.9922e-01 9.9995e+04 6.5625e-02 2.4980e+00
2.0196e+01 9.9994e+04 7.6736e-07 9.9909e-01 9.9994e+04 7.6731e-02 2.4977e+00
2.0588e+01 9.9992e+04 8.9537e-07 9.9895e-01 9.9992e+04 8.9531e-02 2.4974e+00
2.0980e+01 9.9991e+04 1.0426e-06 9.9879e-01 9.9991e+04 1.0425e-01 2.4970e+00
2.1373e+01 9.9990e+04 1.2115e-06 9.9860e-01 9.9990e+04 1.2114e-01 2.4965e+00
2.1765e+01 9.9988e+04 1.4049e-06 9.9840e-01 9.9988e+04 1.4048e-01 2.4960e+00
2.2157e+01 9.9986e+04 1.6259e-06 9.9816e-01 9.9986e+04 1.6257e-01 2.4954e+00
2.2549e+01 9.9983e+04 1.8778e-06 9.9790e-01 9.9983e+04 1.8775e-01 2.4947e+00
2.2941e+01 9.9981e+04 2.1642e-06 9.9760e-01 9.9981e+04 2.1638e-01 2.4940e+00
2.3333e+01 9.9978e+04 2.4894e-06 9.9727e-01 9.9978e+04 2.4888e-01 2.4932e+00
2.3725e+01 9.9974e+04 2.8575e-06 9.9689e-01 9.9974e+04 2.8568e-01 2.4922e+00
2.4118e+01 9.9970e+04 3.2735e-06 9.9648e-01 9.9970e+04 3.2725e-01 2.4912e+00
2.4510e+01 9.9966e+04 3.7425e-06 9.9601e-01 9.9966e+04 3.7412e-01 2.4900e+00
2.4902e+01 9.9960e+04 4.2701e-06 9.9550e-01 9.9960e+04 4.2684e-01 2.4887e+00
2.5294e+01 9.9954e+04 4.8624e-06 9.9492e-01 9.9954e+04 4.8602e-01 2.4873e+00
2.5686e+01 9.9948e+04 5.5258e-06 9.9429e-01 9.9948e+04 5.5229e-01 2.4857e+00
2.6078e+01 9.9940e+04 6.2672e-06 9.9359e-01 9.9940e+04 6.2635e-01 2.4840e+00
2.6471e+01 9.9932e+04 7.0941e-06 9.9282e-01 9.9932e+04 7.0893e-01 2.4820e+00
2.6863e+01 9.9922e+04 8.0143e-06 9.9197e-01 9.9922e+04 8.0081e-01 2.4799e+00
2.7255e+01 9.9911e+04 9.0362e-06 9.9104e-01 9.9911e+04 9.0282e-01 2.4776e+00
2.7647e+01 9.9899e+04 1.0168e-05 9.9002e-01 9.9899e+04 1.0158e+00 2.4751e+00
2.8039e+01 9.9886e+04 1.1420e-05 9.8892e-01 9.9886e+04 1.1407e+00 2.4723e+00
2.8431e+01 9.9871e+04 1.2802e-05 9.8771e-01 9.9871e+04 1.2785e+00 2.4693e+00
2.8824e+01 9.9854e+04 1.4323e-05 9.8639e-01 9.9854e+04 1.4302e+00 2.4660e+00
2.9216e+01 9.9836e+04 1.5994e-05 9.8497e-01 9.9836e+04 1.5967e+00 2.4624e+00
2.9608e+01 9.9815e+04 1.7826e-05 9.8343e-01 9.9815e+04 1.7793e+00 2.4586e+00
3.0000e+01 9.9792e+04 1.9830e-05 9.8177e-01 9.9792e+04 1.9789e+00 2.4545e+00
3.0392e+01 9.9767e+04 2.2019e-05 9.7998e-01 9.9767e+04 2.1967e+00 2.4500e+00
3.0784e+01 9.9739e+04 2.4403e-05 9.7806e-01 9.9739e+04 2.4339e+00 2.4452e+00
3.1176e+01 9.9709e+04 2.6996e-05 9.7601e-01 9.9709e+04 2.6917e+00 2.4400e+00
3.1569e+01 9.9675e+04 2.9809e-05 9.7380e-01 9.9675e+04 2.9712e+00 2.4346e+00
3.1961e+01 9.9639e+04 3.2855e-05 9.7145e-01 9.9639e+04 3.2736e+00 2.4287e+00
3.2353e+01 9.9598e+04 3.6147e-05 9.6895e-01 9.9598e+04 3.6002e+00 2.4224e+00
3.2745e+01 9.9555e+04 3.9698e-05 9.6630e-01 9.9555e+04 3.9521e+00 2.4158e+00
3.3137e+01 9.9507e+04 4.3519e-05 9.6348e-01 9.9507e+04 4.3304e+00 2.4088e+00
3.3529e+01 9.9455e+04 4.7624e-05 9.6050e-01 9.9455e+04 4.7365e+00 2.4014e+00
3.3922e+01 9.9398e+04 5.2026e-05 9.5735e-01 9.9398e+04 5.1713e+00 2.3935e+00
3.4314e+01 9.9337e+04 5.6735e-05 9.5404e-01 9.9337e+04 5.6359e+00 2.3853e+00
3.4706e+01 9.9271e+04 6.1764e-05 9.5056e-01 9.9271e+04 6.1314e+00 2.3766e+00
3.5098e+01 9.9200e+04 6.7125e-05 9.4691e-01 9.9200e+04 6.6588e+00 2.3675e+00
3.5490e+01 9.9124e+04 7.2827e-05 9.4308e-01 9.9124e+04 7.2189e+00 2.3580e+00
3.5882e+01 9.9041e+04 7.8883e-05 9.3909e-01 9.9041e+04 7.8127e+00 2.3480e+00
3.6275e+01 9.8953e+04 8.5301e-05 9.3493e-01 9.8953e+04 8.4407e+00 2.3377e+00
3.6667e+01 9.8858e+04 9.2090e-05 9.3061e-01 9.8858e+04 9.1038e+00 2.3269e+00
3.7059e+01 9.8757e+04 9.9259e-05 9.2612e-01 9.8757e+04 9.8024e+00 2.3158e+00
3.7451e+01 9.8649e+04 1.0681e-04 9.2147e-01 9.8649e+04 1.0537e+01 2.3042e+00
3.7843e+01 9.8533e+04 1.1476e-04 9.1667e-01 9.8533e+04 1.1308e+01 2.2923e+00
3.8235e+01 9.8411e+04 1.2311e-04 9.1171e-01 9.8411e+04 1.2116e+01 2.2800e+00
3.8627e+01 9.8281e+04 1.3186e-04 9.0660e-01 9.8281e+04 1.2960e+01 2.2674e+00
3.9020e+01 9.8143e+04 1.4102e-04 9.0136e-01 9.8143e+04 1.3840e+01 2.2544e+00
3.9412e+01 9.7997e+04 1.5059e-04 8.9598e-01 9.7997e+04 1.4757e+01 2.2411e+00
3.9804e+01 9.7844e+04 1.6058e-04 8.9048e-01 9.7844e+04 1.5711e+01 2.2275e+00
4.0196e+01 9.7681e+04 1.7093e-04 8.8485e-01 9.7681e+04 1.6697e+01 2.2136e+00
4.0588e+01 9.7513e+04 1.8182e-04 8.7915e-01 9.7513e+04 1.7730e+01 2.1995e+00
4.0980e+01 9.7326e+04 1.9277e-04 8.7324e-01 9.7326e+04 1.8761e+01 2.1849e+00
4.1373e+01 9.7156e+04 2.0501e-04 8.6754e-01 9.7156e+04 1.9918e+01 2.1709e+00
4.1765e+01 9.6917e+04 2.1547e-04 8.6101e-01 9.6917e+04 2.0883e+01 2.1548e+00
4.2157e+01 9.6805e+04 2.3130e-04 8.5611e-01 9.6805e+04 2.2391e+01 2.1429e+00
4.2549e+01 9.6392e+04 2.3686e-04 8.4752e-01 9.6392e+04 2.2831e+01 2.1215e+00
4.2941e+01 9.6552e+04 2.6393e-04 8.4605e-01 9.6552e+04 2.5483e+01 2.1185e+00
4.3333e+01 9.5637e+04 2.5258e-04 8.3147e-01 9.5637e+04 2.4156e+01 2.0817e+00
4.3725e+01 9.6497e+04 3.0628e-04 8.3858e-01 9.6497e+04 2.9555e+01 2.1010e+00
4.4118e+01 9.4658e+04 2.6267e-04 8.1309e-01 9.4658e+04 2.4864e+01 2.0360e+00
4.4510e+01 9.6404e+04 3.4962e-04 8.3084e-01 9.6404e+04 3.3705e+01 2.0830e+00
4.4902e+01 9.3993e+04 2.8713e-04 7.9910e-01 9.3993e+04 2.6988e+01 2.0016e+00
4.5294e+01 9.5540e+04 3.6807e-04 8.1437e-01 9.5540e+04 3.5165e+01 2.0424e+00
4.5686e+01 9.4163e+04 3.4510e-04 7.9563e-01 9.4163e+04 3.2496e+01 1.9947e+00
4.6078e+01 9.4145e+04 3.6964e-04 7.9231e-01 9.4145e+04 3.4800e+01 1.9872e+00
4.6471e+01 9.3957e+04 3.9098e-04 7.8795e-01 9.3957e+04 3.6735e+01 1.9770e+00
4.6863e+01 9.3790e+04 4.1094e-04 7.8313e-01 9.3790e+04 3.8542e+01 1.9658e+00
4.7255e+01 9.2768e+04 4.0301e-04 7.6941e-01 9.2768e+04 3.7386e+01 1.9311e+00
4.7647e+01 9.3331e+04 4.5076e-04 7.7340e-01 9.3331e+04 4.2070e+01 1.9430e+00
4.8039e+01 9.2654e+04 4.4958e-04 7.6196e-01 9.2654e+04 4.1655e+01 1.9143e+00
4.8431e+01 9.0956e+04 4.6917e-04 7.5716e-01 9.0956e+04 4.2674e+01 1.9029e+00
4.8824e+01 9.8165e+04 4.8206e-04 7.5004e-01 9.8165e+04 4.7321e+01 1.8865e+00
4.9216e+01 7.0807e+04 5.0954e-04 7.4875e-01 7.0807e+04 3.6079e+01 1.8811e+00
4.9608e+01 1.2744e+05 5.2445e-04 7.4048e-01 1.2744e+05 6.6836e+01 1.8687e+00
5.0000e+01 8.7746e+04 5.3032e-04 7.3333e-01 8.7746e+04 4.6533e+01 1.8457e+00
5.0392e+01 3.8988e+04 5.4748e-04 7.3093e-01 3.8988e+04 2.1345e+01 1.8332e+00
5.0784e+01 1.6370e+04 5.6088e-04 7.2875e-01 1.6370e+04 9.1818e+00 1.8244e+00
5.1176e+01 9.4075e+03 5.8643e-04 7.2680e-01 9.4075e+03 5.5168e+00 1.8186e+00
5.1569e+01 7.8509e+03 6.9835e-04 7.3002e-01 7.8509e+03 5.4827e+00 1.8270e+00
5.1961e+01 8.0529e+03 7.8748e-04 7.2967e-01 8.0529e+03 6.3415e+00 1.8267e+00
5.2353e+01 8.5748e+03 8.0718e-04 7.2408e-01 8.5748e+03 6.9214e+00 1.8130e+00
5.2745e+01 9.2415e+03 8.8937e-04 7.2562e-01 9.2415e+03 8.2191e+00 1.8177e+00
5.3137e+01 9.8182e+03 9.9219e-04 7.3062e-01 9.8182e+03 9.7416e+00 1.8314e+00
5.3529e+01 1.0248e+04 1.0180e-03 7.2894e-01 1.0248e+04 1.0432e+01 1.8277e+00
5.3922e+01 1.0532e+04 1.0058e-03 7.2405e-01 1.0532e+04 1.0593e+01 1.8155e+00
5.4314e+01 1.0807e+04 1.0390e-03 7.2434e-01 1.0807e+04 1.1228e+01 1.8167e+00
5.4706e+01 1.1058e+04 1.1025e-03 7.2824e-01 1.1058e+04 1.2192e+01 1.8273e+00
5.5098e+01 1.1243e+04 1.1346e-03 7.2916e-01 1.1243e+04 1.2756e+01 1.8301e+00
5.5490e+01 1.1350e+04 1.1267e-03 7.2609e-01 1.1350e+04 1.2788e+01 1.8224e+00
5.5882e+01 1.1444e+04 1.1224e-03 7.2337e-01 1.1444e+04 1.2845e+01 1.8156e+00
5.6275e+01 1.1561e+04 1.1505e-03 7.2435e-01 1.1561e+04 1.3300e+01 1.8185e+00
5.6667e+01 1.1685e+04 1.1930e-03 7.2709e-01 1.1685e+04 1.3940e+01 1.8260e+00
5.7059e+01 1.1776e+04 1.2168e-03 7.2795e-01 1.1776e+04 1.4330e+01 1.8286e+00
5.7451e+01 1.1827e+04 1.2144e-03 7.2605e-01 1.1827e+04 1.4362e+01 1.8238e+00
5.7843e+01 1.1864e+04 1.2061e-03 7.2337e-01 1.1864e+04 1.4309e+01 1.8171e+00
5.8235e+01 1.1919e+04 1.2164e-03 7.2284e-01 1.1919e+04 1.4499e+01 1.8159e+00
5.8627e+01 1.1998e+04 1.2489e-03 7.2487e-01 1.1998e+04 1.4984e+01 1.8215e+00
5.9020e+01 1.2077e+04 1.2847e-03 7.2737e-01 1.2077e+04 1.5515e+01 1.8284e+00
5.9412e+01 1.2132e+04 1.3043e-03 7.2816e-01 1.2132e+04 1.5823e+01 1.8307e+00
5.9804e+01 1.2157e+04 1.3040e-03 7.2680e-01 1.2157e+04 1.5853e+01 1.8273e+00
6.0196e+01 1.2170e+04 1.2959e-03 7.2445e-01 1.2170e+04 1.5771e+01 1.8213e+00
6.0588e+01 1.2196e+04 1.2984e-03 7.2331e-01 1.2196e+04 1.5835e+01 1.8186e+00
6.0980e+01 1.2248e+04 1.3227e-03 7.2468e-01 1.2248e+04 1.6201e+01 1.8224e+00
6.1373e+01 1.2320e+04 1.3624e-03 7.2785e-01 1.2320e+04 1.6784e+01 1.8311e+00
6.1765e+01 1.2389e+04 1.4014e-03 7.3102e-01 1.2389e+04 1.7362e+01 1.8397e+00
6.2157e+01 1.2437e+04 1.4261e-03 7.3264e-01 1.2437e+04 1.7737e+01 1.8442e+00
6.2549e+01 1.2459e+04 1.4327e-03 7.3224e-01 1.2459e+04 1.7850e+01 1.8434e+00
6.2941e+01 1.2465e+04 1.4269e-03 7.3050e-01 1.2465e+04 1.7786e+01 1.8389e+00
6.3333e+01 1.2470e+04 1.4214e-03 7.2858e-01 1.2470e+04 1.7726e+01 1.8341e+00
6.3725e+01 1.2496e+04 1.4307e-03 7.2841e-01 1.2496e+04 1.7877e+01 1.8338e+00
6.4118e+01 1.2551e+04 1.4624e-03 7.3086e-01 1.2551e+04 1.8354e+01 1.8406e+00
6.4510e+01 1.2633e+04 1.5141e-03 7.3565e-01 1.2633e+04 1.9128e+01 1.8536e+00
6.4902e+01 1.2732e+04 1.5773e-03 7.4184e-01 1.2732e+04 2.0081e+01 1.8704e+00
6.5294e+01 1.2832e+04 1.6420e-03 7.4830e-01 1.2832e+04 2.1071e+01 1.8880e+00
6.5686e+01 1.2923e+04 1.7001e-03 7.5406e-01 1.2923e+04 2.1971e+01 1.9038e+00
6.6078e+01 1.2998e+04 1.7464e-03 7.5852e-01 1.2998e+04 2.2700e+01 1.9161e+00
6.6471e+01 1.3054e+04 1.7795e-03 7.6146e-01 1.3054e+04 2.3229e+01 1.9243e+00
6.6863e+01 1.3092e+04 1.8006e-03 7.6299e-01 1.3092e+04 2.3572e+01 1.9287e+00
6.7255e+01 1.3116e+04 1.8122e-03 7.6343e-01 1.3116e+04 2.3768e+01 1.9301e+00
6.7647e+01 1.3131e+04 1.8174e-03 7.6313e-01 1.3131e+04 2.3864e+01 1.9295e+00
6.8039e+01 1.3140e+04 1.8190e-03 7.6239e-01 1.3140e+04 2.3901e+01 1.9277e+00
6.8431e+01 1.3146e+04 1.8187e-03 7.6144e-01 1.3146e+04 2.3908e+01 1.9253e+00
6.8824e+01 1.3151e+04 1.8175e-03 7.6040e-01 1.3151e+04 2.3902e+01 1.9227e+00
6.9216e+01 1.3155e+04 1.8160e-03 7.5931e-01 1.3155e+04 2.3890e+01 1.9200e+00
6.9608e+01 1.3159e+04 1.8142e-03 7.5817e-01 1.3159e+04 2.3873e+01 1.9171e+00
7.0000e+01 1.3163e+04 1.8122e-03 7.5700e-01 1.3163e+04 2.3853e+01 1.9141e+00
7.0392e+01 1.3166e+04 1.8099e-03 7.5580e-01 1.3166e+04 2.3829e+01 1.9111e+00
7.0784e+01 nan nan nan nan nan nan
7.1176e+01 nan nan nan nan nan nan
7.1569e+01 nan nan nan nan nan nan
7.1961e+01 nan nan nan nan nan nan
7.2353e+01 nan nan nan nan nan nan
7.2745e+01 nan nan nan nan nan nan
7.3137e+01 nan nan nan nan nan nan
7.3529e+01 nan nan nan nan nan nan
7.3922e+01 nan nan nan nan nan nan
7.4314e+01 nan nan nan nan nan nan
7.4706e+01 nan nan nan nan nan nan
7.5098e+01 nan nan nan nan nan nan
7.5490e+01 nan nan nan nan nan nan
7.5882e+01 nan nan nan nan nan nan
7.6275e+01 nan nan nan nan nan nan
7.6667e+01 nan nan nan nan nan nan
7.7059e+01 nan nan nan nan nan nan
7.7451e+01 nan nan nan nan nan nan
7.7843e+01 nan nan nan nan nan nan
7.8235e+01 nan nan nan nan nan nan
7.8627e+01 nan nan nan nan nan nan
7.9020e+01 nan nan nan nan nan nan
7.9412e+01 nan nan nan nan nan nan
7.9804e+01 nan nan nan nan nan nan
8.0196e+01 nan nan nan nan nan nan
8.0588e+01 nan nan nan nan nan nan
8.0980e+01 nan nan nan nan nan nan
8.1373e+01 nan nan nan nan nan nan
8.1765e+01 nan nan nan nan nan nan
8.2157e+01 nan nan nan nan nan nan
8.2549e+01 nan nan nan nan nan nan
8.2941e+01 nan nan nan nan nan nan
8.3333e+01 nan nan nan nan nan nan
8.3725e+01 nan nan nan nan nan nan
8.4118e+01 nan nan nan nan nan nan
8.4510e+01 nan nan nan nan nan nan
8.4902e+01 nan nan nan nan nan nan
8.5294e+01 nan nan nan nan nan nan
8.5686e+01 nan nan nan nan nan nan
8.6078e+01 nan nan nan nan nan nan
8.6471e+01 nan nan nan nan nan nan
8.6863e+01 nan nan nan nan nan nan
8.7255e+01 nan nan nan nan nan nan
8.7647e+01 nan nan nan nan nan nan
8.8039e+01 nan nan nan nan nan nan
8.8431e+01 nan nan nan nan nan nan
8.8824e+01 nan nan nan nan nan nan
8.9216e+01 nan nan nan nan nan nan
8.9608e+01 nan nan nan nan nan nan
9.0000e+01 nan nan nan nan nan nan
9.0392e+01 nan nan nan nan nan nan
9.0784e+01 nan nan nan nan nan nan
9.1176e+01 nan nan nan nan nan nan
9.1569e+01 nan nan nan nan nan nan
9.1961e+01 nan nan nan nan nan nan
9.2353e+01 nan nan nan nan nan nan
9.2745e+01 nan nan nan nan nan nan
9.3137e+01 nan nan nan nan nan nan
9.3529e+01 nan nan nan nan nan nan
9.3922e+01 nan nan nan nan nan nan
9.4314e+01 nan nan nan nan nan nan
9.4706e+01 nan nan nan nan nan nan
9.5098e+01 nan nan nan nan nan nan
9.5490e+01 nan nan nan nan nan nan
9.5882e+01 nan nan nan nan nan nan
9.6275e+01 nan nan nan nan nan nan
9.6667e+01 nan nan nan nan nan nan
9.7059e+01 nan nan nan nan nan nan
9.7451e+01 nan nan nan nan nan nan
9.7843e+01 nan nan nan nan nan nan
9.8235e+01 nan nan nan nan nan nan
9.8627e+01 nan nan nan nan nan nan
9.9020e+01 nan nan nan nan nan nan
9.9412e+01 nan nan nan nan nan nan
9.9804e+01 nan nan nan nan nan nan
