# # x Density Velocity Pressure q0 q1 q2
1.9608e-01 1.0000e+05 0.0000e+00 1.0000e+00 1.0000e+05 0.0000e+00 2.5000e+00
5.8824e-01 1.0000e+05 0.0000e+00 1.0000e+00 1.0000e+05 0.0000e+00 2.5000e+00
9.8039e-01 1.0000e+05 0.0000e+00 1.0000e+00 1.0000e+05 0.0000e+00 2.5000e+00
1.3725e+00 1.0000e+05 0.0000e+00 1.0000e+00 1.0000e+05 0.0000e+00 2.5000e+00
1.7647e+00 1.0000e+05 0.0000e+00 1.0000e+00 1.0000e+05 0.0000e+00 2.5000e+00
2.1569e+00 1.0000e+05 0.0000e+00 1.0000e+00 1.0000e+05 0.0000e+00 2.5000e+00
2.5490e+00 1.0000e+05 0.0000e+00 1.0000e+00 1.0000e+05 0.0000e+00 2.5000e+00
2.9412e+00 1.0000e+05 0.0000e+00 1.0000e+00 1.0000e+05 0.0000e+00 2.5000e+00
3.3333e+00 1.0000e+05 0.0000e+00 1.0000e+00 1.0000e+05 0.0000e+00 2.5000e+00
3.7255e+00 1.0000e+05 0.0000e+00 1.0000e+00 1.0000e+05 0.0000e+00 2.5000e+00
4.1176e+00 1.0000e+05 0.0000e+00 1.0000e+00 1.0000e+05 0.0000e+00 2.5000e+00
4.5098e+00 1.0000e+05 0.0000e+00 1.0000e+00 1.0000e+05 0.0000e+00 2.5000e+00
4.9020e+00 1.0000e+05 0.0000e+00 1.0000e+00 1.0000e+05 0.0000e+00 2.5000e+00
5.2941e+00 1.0000e+05 0.0000e+00 1.0000e+00 1.0000e+05 0.0000e+00 2.5000e+00
5.6863e+00 1.0000e+05 0.0000e+00 1.0000e+00 1.0000e+05 0.0000e+00 2.5000e+00
6.0784e+00 1.0000e+05 0.0000e+00 1.0000e+00 1.0000e+05 0.0000e+00 2.5000e+00
6.4706e+00 1.0000e+05 0.0000e+00 1.0000e+00 1.0000e+05 0.0000e+00 2.5000e+00
6.8627e+00 1.0000e+05 0.0000e+00 1.0000e+00 1.0000e+05 0.0000e+00 2.5000e+00
7.2549e+00 1.0000e+05 0.0000e+00 1.0000e+00 1.0000e+05 0.0000e+00 2.5000e+00
7.6471e+00 1.0000e+05 0.0000e+00 1.0000e+00 1.0000e+05 0.0000e+00 2.5000e+00
8.0392e+00 1.0000e+05 0.0000e+00 1.0000e+00 1.0000e+05 0.0000e+00 2.5000e+00
8.4314e+00 1.0000e+05 0.0000e+00 1.0000e+00 1.0000e+05 0.0000e+00 2.5000e+00
8.8235e+00 1.0000e+05 0.0000e+00 1.0000e+00 1.0000e+05 0.0000e+00 2.5000e+00
9.2157e+00 1.0000e+05 0.0000e+00 1.0000e+00 1.0000e+05 0.0000e+00 2.5000e+00
9.6078e+00 1.0000e+05 0.0000e+00 1.0000e+00 1.0000e+05 0.0000e+00 2.5000e+00
1.0000e+01 1.0000e+05 0.0000e+00 1.0000e+00 1.0000e+05 0.0000e+00 2.5000e+00
1.0392e+01 1.0000e+05 0.0000e+00 1.0000e+00 1.0000e+05 0.0000e+00 2.5000e+00
1.0784e+01 1.0000e+05 0.0000e+00 1.0000e+00 1.0000e+05 0.0000e+00 2.5000e+00
1.1176e+01 1.0000e+05 0.0000e+00 1.0000e+00 1.0000e+05 0.0000e+00 2.5000e+00
1.1569e+01 1.0000e+05 0.0000e+00 1.0000e+00 1.0000e+05 0.0000e+00 2.5000e+00
1.1961e+01 1.0000e+05 0.0000e+00 1.0000e+00 1.0000e+05 0.0000e+00 2.5000e+00
1.2353e+01 1.0000e+05 0.0000e+00 1.0000e+00 1.0000e+05 0.0000e+00 2.5000e+00
1.2745e+01 1.0000e+05 0.0000e+00 1.0000e+00 1.0000e+05 0.0000e+00 2.5000e+00
1.3137e+01 1.0000e+05 0.0000e+00 1.0000e+00 1.0000e+05 0.0000e+00 2.5000e+00
1.3529e+01 1.0000e+05 0.0000e+00 1.0000e+00 1.0000e+05 0.0000e+00 2.5000e+00
1.3922e+01 1.0000e+05 0.0000e+00 1.0000e+00 1.0000e+05 0.0000e+00 2.5000e+00
1.4314e+01 1.0000e+05 0.0000e+00 1.0000e+00 1.0000e+05 0.0000e+00 2.5000e+00
1.4706e+01 1.0000e+05 0.0000e+00 1.0000e+00 1.0000e+05 0.0000e+00 2.5000e+00
1.5098e+01 1.0000e+05 0.0000e+00 1.0000e+00 1.0000e+05 0.0000e+00 2.5000e+00
1.5490e+01 1.0000e+05 0.0000e+00 1.0000e+00 1.0000e+05 0.0000e+00 2.5000e+00
1.5882e+01 1.0000e+05 0.0000e+00 1.0000e+00 1.0000e+05 0.0000e+00 2.5000e+00
1.6275e+01 1.0000e+05 0.0000e+00 1.0000e+00 1.0000e+05 0.0000e+00 2.5000e+00
1.6667e+01 1.0000e+05 0.0000e+00 1.0000e+00 1.0000e+05 0.0000e+00 2.5000e+00
1.7059e+01 1.0000e+05 0.0000e+00 1.0000e+00 1.0000e+05 0.0000e+00 2.5000e+00
1.7451e+01 1.0000e+05 0.0000e+00 1.0000e+00 1.0000e+05 0.0000e+00 2.5000e+00
1.7843e+01 1.0000e+05 0.0000e+00 1.0000e+00 1.0000e+05 0.0000e+00 2.5000e+00
1.8235e+01 1.0000e+05 0.0000e+00 1.0000e+00 1.0000e+05 0.0000e+00 2.5000e+00
1.8627e+01 1.0000e+05 0.0000e+00 1.0000e+00 1.0000e+05 0.0000e+00 2.5000e+00
1.9020e+01 1.0000e+05 0.0000e+00 1.0000e+00 1.0000e+05 0.0000e+00 2.5000e+00
1.9412e+01 1.0000e+05 0.0000e+00 1.0000e+00 1.0000e+05 0.0000e+00 2.5000e+00
1.9804e+01 1.0000e+05 0.0000e+00 1.0000e+00 1.0000e+05 0.0000e+00 2.5000e+00
2.0196e+01 1.0000e+05 0.0000e+00 1.0000e+00 1.0000e+05 0.0000e+00 2.5000e+00
2.0588e+01 1.0000e+05 0.0000e+00 1.0000e+00 1.0000e+05 0.0000e+00 2.5000e+00
2.0980e+01 1.0000e+05 0.0000e+00 1.0000e+00 1.0000e+05 0.0000e+00 2.5000e+00
2.1373e+01 1.0000e+05 0.0000e+00 1.0000e+00 1.0000e+05 0.0000e+00 2.5000e+00
2.1765e+01 1.0000e+05 0.0000e+00 1.0000e+00 1.0000e+05 0.0000e+00 2.5000e+00
2.2157e+01 1.0000e+05 0.0000e+00 1.0000e+00 1.0000e+05 0.0000e+00 2.5000e+00
2.2549e+01 1.0000e+05 0.0000e+00 1.0000e+00 1.0000e+05 0.0000e+00 2.5000e+00
2.2941e+01 1.0000e+05 0.0000e+00 1.0000e+00 1.0000e+05 0.0000e+00 2.5000e+00
2.3333e+01 1.0000e+05 0.0000e+00 1.0000e+00 1.0000e+05 0.0000e+00 2.5000e+00
2.3725e+01 1.0000e+05 0.0000e+00 1.0000e+00 1.0000e+05 0.0000e+00 2.5000e+00
2.4118e+01 1.0000e+05 0.0000e+00 1.0000e+00 1.0000e+05 0.0000e+00 2.5000e+00
2.4510e+01 1.0000e+05 0.0000e+00 1.0000e+00 1.0000e+05 0.0000e+00 2.5000e+00
2.4902e+01 1.0000e+05 0.0000e+00 1.0000e+00 1.0000e+05 0.0000e+00 2.5000e+00
2.5294e+01 1.0000e+05 0.0000e+00 1.0000e+00 1.0000e+05 0.0000e+00 2.5000e+00
2.5686e+01 1.0000e+05 0.0000e+00 1.0000e+00 1.0000e+05 0.0000e+00 2.5000e+00
2.6078e+01 1.0000e+05 0.0000e+00 1.0000e+00 1.0000e+05 0.0000e+00 2.5000e+00
2.6471e+01 1.0000e+05 0.0000e+00 1.0000e+00 1.0000e+05 0.0000e+00 2.5000e+00
2.6863e+01 1.0000e+05 0.0000e+00 1.0000e+00 1.0000e+05 0.0000e+00 2.5000e+00
2.7255e+01 1.0000e+05 0.0000e+00 1.0000e+00 1.0000e+05 0.0000e+00 2.5000e+00
2.7647e+01 1.0000e+05 3.1142e-20 1.0000e+00 1.0000e+05 3.1142e-15 2.5000e+00
2.8039e+01 1.0000e+05 4.3768e-19 1.0000e+00 1.0000e+05 4.3768e-14 2.5000e+00
2.8431e+01 1.0000e+05 1.7810e-18 1.0000e+00 1.0000e+05 1.7810e-13 2.5000e+00
2.8824e+01 1.0000e+05 4.6449e-18 1.0000e+00 1.0000e+05 4.6449e-13 2.5000e+00
2.9216e+01 1.0000e+05 1.1475e-17 1.0000e+00 1.0000e+05 1.1475e-12 2.5000e+00
2.9608e+01 1.0000e+05 2.9441e-17 1.0000e+00 1.0000e+05 2.9441e-12 2.5000e+00
3.0000e+01 1.0000e+05 7.7682e-17 1.0000e+00 1.0000e+05 7.7682e-12 2.5000e+00
3.0392e+01 1.0000e+05 2.0658e-16 1.0000e+00 1.0000e+05 2.0658e-11 2.5000e+00
3.0784e+01 1.0000e+05 5.4583e-16 1.0000e+00 1.0000e+05 5.4583e-11 2.5000e+00
3.1176e+01 1.0000e+05 1.4257e-15 1.0000e+00 1.0000e+05 1.4257e-10 2.5000e+00
3.1569e+01 1.0000e+05 3.6721e-15 1.0000e+00 1.0000e+05 3.6721e-10 2.5000e+00
3.1961e+01 1.0000e+05 9.3172e-15 1.0000e+00 1.0000e+05 9.3172e-10 2.5000e+00
3.2353e+01 1.0000e+05 2.3279e-14 1.0000e+00 1.0000e+05 2.3279e-09 2.5000e+00
3.2745e+01 1.0000e+05 5.7257e-14 1.0000e+00 1.0000e+05 5.7257e-09 2.5000e+00
3.3137e+01 1.0000e+05 1.3861e-13 1.0000e+00 1.0000e+05 1.3861e-08 2.5000e+00
3.3529e+01 1.0000e+05 3.3022e-13 1.0000e+00 1.0000e+05 3.3022e-08 2.5000e+00
3.3922e+01 1.0000e+05 7.7406e-13 1.0000e+00 1.0000e+05 7.7406e-08 2.5000e+00
3.4314e+01 1.0000e+05 1.7851e-12 1.0000e+00 1.0000e+05 1.7851e-07 2.5000e+00
3.4706e+01 1.0000e+05 4.0491e-12 1.0000e+00 1.0000e+05 4.0491e-07 2.5000e+00
3.5098e+01 1.0000e+05 9.0332e-12 1.0000e+00 1.0000e+05 9.0332e-07 2.5000e+00
3.5490e+01 1.0000e+05 1.9816e-11 1.0000e+00 1.0000e+05 1.9816e-06 2.5000e+00
3.5882e+01 1.0000e+05 4.2740e-11 1.0000e+00 1.0000e+05 4.2740e-06 2.5000e+00
3.6275e+01 1.0000e+05 9.0619e-11 1.0000e+00 1.0000e+05 9.0619e-06 2.5000e+00
3.6667e+01 1.0000e+05 1.8885e-10 1.0000e+00 1.0000e+05 1.8885e-05 2.5000e+00
3.7059e+01 1.0000e+05 3.8676e-10 1.0000e+00 1.0000e+05 3.8676e-05 2.5000e+00
3.7451e+01 1.0000e+05 7.7830e-10 1.0000e+00 1.0000e+05 7.7830e-05 2.5000e+00
3.7843e+01 1.0000e+05 1.5388e-09 9.9999e-01 1.0000e+05 1.5388e-04 2.5000e+00
3.8235e+01 1.0000e+05 2.9885e-09 9.9999e-01 1.0000e+05 2.9885e-04 2.5000e+00
3.8627e+01 1.0000e+05 5.7008e-09 9.9998e-01 1.0000e+05 5.7008e-04 2.4999e+00
3.9020e+01 1.0000e+05 1.0680e-08 9.9996e-01 1.0000e+05 1.0680e-03 2.4999e+00
3.9412e+01 1.0000e+05 1.9646e-08 9.9993e-01 1.0000e+05 1.9646e-03 2.4998e+00
3.9804e+01 1.0000e+05 3.5483e-08 9.9988e-01 1.0000e+05 3.5482e-03 2.4997e+00
4.0196e+01 1.0000e+05 6.2914e-08 9.9979e-01 1.0000e+05 6.2914e-03 2.4995e+00
4.0588e+01 1.0000e+05 1.0950e-07 9.9964e-01 1.0000e+05 1.0950e-02 2.4991e+00
4.0980e+01 9.9999e+04 1.8706e-07 9.9940e-01 9.9999e+04 1.8706e-02 2.4985e+00
4.1373e+01 9.9999e+04 3.1363e-07 9.9903e-01 9.9999e+04 3.1362e-02 2.4976e+00
4.1765e+01 9.9998e+04 5.1602e-07 9.9846e-01 9.9998e+04 5.1601e-02 2.4961e+00
4.2157e+01 9.9997e+04 8.3312e-07 9.9760e-01 9.9997e+04 8.3310e-02 2.4940e+00
4.2549e+01 9.9995e+04 1.3198e-06 9.9633e-01 9.9995e+04 1.3198e-01 2.4908e+00
4.2941e+01 9.9992e+04 2.0516e-06 9.9451e-01 9.9992e+04 2.0514e-01 2.4863e+00
4.3333e+01 9.9988e+04 3.1290e-06 9.9195e-01 9.9988e+04 3.1286e-01 2.4799e+00
4.3725e+01 9.9981e+04 4.6822e-06 9.8845e-01 9.9981e+04 4.6813e-01 2.4711e+00
4.4118e+01 9.9972e+04 6.8746e-06 9.8377e-01 9.9972e+04 6.8727e-01 2.4594e+00
4.4510e+01 9.9957e+04 9.9041e-06 9.7765e-01 9.9957e+04 9.8999e-01 2.4441e+00
4.4902e+01 9.9938e+04 1.4001e-05 9.6988e-01 9.9938e+04 1.3993e+00 2.4247e+00
4.5294e+01 9.9910e+04 1.9425e-05 9.6024e-01 9.9910e+04 1.9408e+00 2.4006e+00
4.5686e+01 9.9872e+04 2.6451e-05 9.4860e-01 9.9872e+04 2.6418e+00 2.3715e+00
4.6078e+01 9.9822e+04 3.5356e-05 9.3496e-01 9.9822e+04 3.5293e+00 2.3375e+00
4.6471e+01 9.9756e+04 4.6395e-05 9.1944e-01 9.9756e+04 4.6282e+00 2.2987e+00
4.6863e+01 9.9671e+04 5.9774e-05 9.0237e-01 9.9671e+04 5.9577e+00 2.2561e+00
4.7255e+01 9.9563e+04 7.5604e-05 8.8430e-01 9.9563e+04 7.5274e+00 2.2110e+00
4.7647e+01 9.9432e+04 9.3958e-05 8.6608e-01 9.9432e+04 9.3424e+00 2.1656e+00
4.8039e+01 9.9255e+04 1.1403e-04 8.4848e-01 9.9255e+04 1.1318e+01 2.1219e+00
4.8431e+01 9.9160e+04 1.3996e-04 8.3404e-01 9.9160e+04 1.3878e+01 2.0861e+00
4.8824e+01 9.8420e+04 1.4631e-04 8.1486e-01 9.8420e+04 1.4400e+01 2.0382e+00
4.9216e+01 9.9816e+04 2.3259e-04 8.2446e-01 9.9816e+04 2.3216e+01 2.0638e+00
4.9608e+01 1.0202e+05 1.5612e-04 7.7907e-01 1.0202e+05 1.5927e+01 1.9489e+00
5.0000e+01 1.2958e+04 2.0004e-04 7.6272e-01 1.2958e+04 2.5922e+00 1.9071e+00
5.0392e+01 1.1382e+04 4.9034e-04 7.6319e-01 1.1382e+04 5.5809e+00 1.9093e+00
5.0784e+01 1.2137e+04 9.9359e-04 7.9427e-01 1.2137e+04 1.2059e+01 1.9917e+00
5.1176e+01 1.2662e+04 1.1322e-03 7.9203e-01 1.2662e+04 1.4335e+01 1.9882e+00
5.1569e+01 1.2718e+04 1.1877e-03 7.8603e-01 1.2718e+04 1.5105e+01 1.9740e+00
5.1961e+01 1.2784e+04 1.1308e-03 7.7068e-01 1.2784e+04 1.4455e+01 1.9349e+00
5.2353e+01 1.2738e+04 1.1396e-03 7.6197e-01 1.2738e+04 1.4517e+01 1.9132e+00
5.2745e+01 1.2773e+04 1.0936e-03 7.4764e-01 1.2773e+04 1.3969e+01 1.8767e+00
5.3137e+01 1.2743e+04 1.0880e-03 7.3657e-01 1.2743e+04 1.3865e+01 1.8490e+00
5.3529e+01 1.2759e+04 1.0480e-03 7.2180e-01 1.2759e+04 1.3372e+01 1.8115e+00
5.3922e+01 1.2740e+04 1.0305e-03 7.0801e-01 1.2740e+04 1.3128e+01 1.7768e+00
5.4314e+01 1.2744e+04 9.9242e-04 6.9168e-01 1.2744e+04 1.2647e+01 1.7355e+00
5.4706e+01 1.2730e+04 9.6536e-04 6.7499e-01 1.2730e+04 1.2289e+01 1.6934e+00
5.5098e+01 1.2727e+04 9.2632e-04 6.5632e-01 1.2727e+04 1.1789e+01 1.6463e+00
5.5490e+01 1.2715e+04 8.9152e-04 6.3650e-01 1.2715e+04 1.1336e+01 1.5963e+00
5.5882e+01 1.2707e+04 8.4948e-04 6.1487e-01 1.2707e+04 1.0795e+01 1.5418e+00
5.6275e+01 1.2696e+04 8.0792e-04 5.9162e-01 1.2696e+04 1.0257e+01 1.4832e+00
5.6667e+01 1.2685e+04 7.6148e-04 5.6646e-01 1.2685e+04 9.6594e+00 1.4198e+00
5.7059e+01 1.2672e+04 7.1350e-04 5.3932e-01 1.2672e+04 9.0418e+00 1.3515e+00
5.7451e+01 1.2660e+04 6.6161e-04 5.1002e-01 1.2660e+04 8.3759e+00 1.2778e+00
5.7843e+01 1.2646e+04 6.0705e-04 4.7837e-01 1.2646e+04 7.6767e+00 1.1982e+00
5.8235e+01 1.2632e+04 5.4877e-04 4.4417e-01 1.2632e+04 6.9319e+00 1.1123e+00
5.8627e+01 1.2616e+04 4.8704e-04 4.0714e-01 1.2616e+04 6.1446e+00 1.0194e+00
5.9020e+01 1.2600e+04 4.2129e-04 3.6701e-01 1.2600e+04 5.3082e+00 9.1865e-01
5.9412e+01 1.2583e+04 3.5151e-04 3.2349e-01 1.2583e+04 4.4230e+00 8.0951e-01
5.9804e+01 1.2565e+04 2.7814e-04 2.7675e-01 1.2565e+04 3.4950e+00 6.9236e-01
6.0196e+01 1.2548e+04 2.0371e-04 2.2839e-01 1.2548e+04 2.5561e+00 5.7123e-01
6.0588e+01 1.2532e+04 1.3397e-04 1.8268e-01 1.2532e+04 1.6789e+00 4.5681e-01
6.0980e+01 1.2518e+04 7.6885e-05 1.4577e-01 1.2518e+04 9.6248e-01 3.6445e-01
6.1373e+01 1.2509e+04 3.7937e-05 1.2159e-01 1.2509e+04 4.7457e-01 3.0398e-01
6.1765e+01 1.2504e+04 1.6246e-05 1.0887e-01 1.2504e+04 2.0314e-01 2.7218e-01
6.2157e+01 1.2502e+04 6.2371e-06 1.0332e-01 1.2502e+04 7.7974e-02 2.5829e-01
6.2549e+01 1.2501e+04 2.2356e-06 1.0117e-01 1.2501e+04 2.7947e-02 2.5294e-01
6.2941e+01 1.2500e+04 7.7230e-07 1.0041e-01 1.2500e+04 9.6539e-03 2.5101e-01
6.3333e+01 1.2500e+04 2.6172e-07 1.0014e-01 1.2500e+04 3.2715e-03 2.5034e-01
6.3725e+01 1.2500e+04 8.7677e-08 1.0005e-01 1.2500e+04 1.0960e-03 2.5012e-01
6.4118e+01 1.2500e+04 2.9121e-08 1.0002e-01 1.2500e+04 3.6401e-04 2.5004e-01
6.4510e+01 1.2500e+04 9.5985e-09 1.0001e-01 1.2500e+04 1.1998e-04 2.5001e-01
6.4902e+01 1.2500e+04 3.1405e-09 1.0000e-01 1.2500e+04 3.9257e-05 2.5000e-01
6.5294e+01 1.2500e+04 1.0200e-09 1.0000e-01 1.2500e+04 1.2750e-05 2.5000e-01
6.5686e+01 1.2500e+04 3.2884e-10 1.0000e-01 1.2500e+04 4.1105e-06 2.5000e-01
6.6078e+01 1.2500e+04 1.0522e-10 1.0000e-01 1.2500e+04 1.3152e-06 2.5000e-01
6.6471e+01 1.2500e+04 3.3412e-11 1.0000e-01 1.2500e+04 4.1765e-07 2.5000e-01
6.6863e+01 1.2500e+04 1.0528e-11 1.0000e-01 1.2500e+04 1.3160e-07 2.5000e-01
6.7255e+01 1.2500e+04 3.2916e-12 1.0000e-01 1.2500e+04 4.1146e-08 2.5000e-01
6.7647e+01 1.2500e+04 1.0210e-12 1.0000e-01 1.2500e+04 1.2762e-08 2.5000e-01
6.8039e+01 1.2500e+04 3.1415e-13 1.0000e-01 1.2500e+04 3.9269e-09 2.5000e-01
6.8431e+01 1.2500e+04 9.5878e-14 1.0000e-01 1.2500e+04 1.1985e-09 2.5000e-01
6.8824e+01 1.2500e+04 2.9020e-14 1.0000e-01 1.2500e+04 3.6276e-10 2.5000e-01
6.9216e+01 1.2500e+04 8.7104e-15 1.0000e-01 1.2500e+04 1.0888e-10 2.5000e-01
6.9608e+01 1.2500e+04 2.5917e-15 1.0000e-01 1.2500e+04 3.2397e-11 2.5000e-01
7.0000e+01 1.2500e+04 7.6389e-16 1.0000e-01 1.2500e+04 9.5487e-12 2.5000e-01
7.0392e+01 1.2500e+04 2.2248e-16 1.0000e-01 1.2500e+04 2.7810e-12 2.5000e-01
7.0784e+01 1.2500e+04 6.3573e-17 1.0000e-01 1.2500e+04 7.9466e-13 2.5000e-01
7.1176e+01 1.2500e+04 1.7476e-17 1.0000e-01 1.2500e+04 2.1846e-13 2.5000e-01
7.1569e+01 1.2500e+04 4.2693e-18 1.0000e-01 1.2500e+04 5.3366e-14 2.5000e-01
7.1961e+01 1.2500e+04 6.5539e-19 1.0000e-01 1.2500e+04 8.1924e-15 2.5000e-01
7.2353e+01 1.2500e+04 1.4722e-20 1.0000e-01 1.2500e+04 1.8402e-16 2.5000e-01
7.2745e+01 1.2500e+04 0.0000e+00 1.0000e-01 1.2500e+04 0.0000e+00 2.5000e-01
7.3137e+01 1.2500e+04 0.0000e+00 1.0000e-01 1.2500e+04 0.0000e+00 2.5000e-01
7.3529e+01 1.2500e+04 0.0000e+00 1.0000e-01 1.2500e+04 0.0000e+00 2.5000e-01
7.3922e+01 1.2500e+04 0.0000e+00 1.0000e-01 1.2500e+04 0.0000e+00 2.5000e-01
7.4314e+01 1.2500e+04 0.0000e+00 1.0000e-01 1.2500e+04 0.0000e+00 2.5000e-01
7.4706e+01 1.2500e+04 0.0000e+00 1.0000e-01 1.2500e+04 0.0000e+00 2.5000e-01
7.5098e+01 1.2500e+04 0.0000e+00 1.0000e-01 1.2500e+04 0.0000e+00 2.5000e-01
7.5490e+01 1.2500e+04 0.0000e+00 1.0000e-01 1.2500e+04 0.0000e+00 2.5000e-01
7.5882e+01 1.2500e+04 0.0000e+00 1.0000e-01 1.2500e+04 0.0000e+00 2.5000e-01
7.6275e+01 1.2500e+04 0.0000e+00 1.0000e-01 1.2500e+04 0.0000e+00 2.5000e-01
7.6667e+01 1.2500e+04 0.0000e+00 1.0000e-01 1.2500e+04 0.0000e+00 2.5000e-01
7.7059e+01 1.2500e+04 0.0000e+00 1.0000e-01 1.2500e+04 0.0000e+00 2.5000e-01
7.7451e+01 1.2500e+04 0.0000e+00 1.0000e-01 1.2500e+04 0.0000e+00 2.5000e-01
7.7843e+01 1.2500e+04 0.0000e+00 1.0000e-01 1.2500e+04 0.0000e+00 2.5000e-01
7.8235e+01 1.2500e+04 0.0000e+00 1.0000e-01 1.2500e+04 0.0000e+00 2.5000e-01
7.8627e+01 1.2500e+04 0.0000e+00 1.0000e-01 1.2500e+04 0.0000e+00 2.5000e-01
7.9020e+01 1.2500e+04 0.0000e+00 1.0000e-01 1.2500e+04 0.0000e+00 2.5000e-01
7.9412e+01 1.2500e+04 0.0000e+00 1.0000e-01 1.2500e+04 0.0000e+00 2.5000e-01
7.9804e+01 1.2500e+04 0.0000e+00 1.0000e-01 1.2500e+04 0.0000e+00 2.5000e-01
8.0196e+01 1.2500e+04 0.0000e+00 1.0000e-01 1.2500e+04 0.0000e+00 2.5000e-01
8.0588e+01 1.2500e+04 0.0000e+00 1.0000e-01 1.2500e+04 0.0000e+00 2.5000e-01
8.0980e+01 1.2500e+04 0.0000e+00 1.0000e-01 1.2500e+04 0.0000e+00 2.5000e-01
8.1373e+01 1.2500e+04 0.0000e+00 1.0000e-01 1.2500e+04 0.0000e+00 2.5000e-01
8.1765e+01 1.2500e+04 0.0000e+00 1.0000e-01 1.2500e+04 0.0000e+00 2.5000e-01
8.2157e+01 1.2500e+04 0.0000e+00 1.0000e-01 1.2500e+04 0.0000e+00 2.5000e-01
8.2549e+01 1.2500e+04 0.0000e+00 1.0000e-01 1.2500e+04 0.0000e+00 2.5000e-01
8.2941e+01 1.2500e+04 0.0000e+00 1.0000e-01 1.2500e+04 0.0000e+00 2.5000e-01
8.3333e+01 1.2500e+04 0.0000e+00 1.0000e-01 1.2500e+04 0.0000e+00 2.5000e-01
8.3725e+01 1.2500e+04 0.0000e+00 1.0000e-01 1.2500e+04 0.0000e+00 2.5000e-01
8.4118e+01 1.2500e+04 0.0000e+00 1.0000e-01 1.2500e+04 0.0000e+00 2.5000e-01
8.4510e+01 1.2500e+04 0.0000e+00 1.0000e-01 1.2500e+04 0.0000e+00 2.5000e-01
8.4902e+01 1.2500e+04 0.0000e+00 1.0000e-01 1.2500e+04 0.0000e+00 2.5000e-01
8.5294e+01 1.2500e+04 0.0000e+00 1.0000e-01 1.2500e+04 0.0000e+00 2.5000e-01
8.5686e+01 1.2500e+04 0.0000e+00 1.0000e-01 1.2500e+04 0.0000e+00 2.5000e-01
8.6078e+01 1.2500e+04 0.0000e+00 1.0000e-01 1.2500e+04 0.0000e+00 2.5000e-01
8.6471e+01 1.2500e+04 0.0000e+00 1.0000e-01 1.2500e+04 0.0000e+00 2.5000e-01
8.6863e+01 1.2500e+04 0.0000e+00 1.0000e-01 1.2500e+04 0.0000e+00 2.5000e-01
8.7255e+01 1.2500e+04 0.0000e+00 1.0000e-01 1.2500e+04 0.0000e+00 2.5000e-01
8.7647e+01 1.2500e+04 0.0000e+00 1.0000e-01 1.2500e+04 0.0000e+00 2.5000e-01
8.8039e+01 1.2500e+04 0.0000e+00 1.0000e-01 1.2500e+04 0.0000e+00 2.5000e-01
8.8431e+01 1.2500e+04 0.0000e+00 1.0000e-01 1.2500e+04 0.0000e+00 2.5000e-01
8.8824e+01 1.2500e+04 0.0000e+00 1.0000e-01 1.2500e+04 0.0000e+00 2.5000e-01
8.9216e+01 1.2500e+04 0.0000e+00 1.0000e-01 1.2500e+04 0.0000e+00 2.5000e-01
8.9608e+01 1.2500e+04 0.0000e+00 1.0000e-01 1.2500e+04 0.0000e+00 2.5000e-01
9.0000e+01 1.2500e+04 0.0000e+00 1.0000e-01 1.2500e+04 0.0000e+00 2.5000e-01
9.0392e+01 1.2500e+04 0.0000e+00 1.0000e-01 1.2500e+04 0.0000e+00 2.5000e-01
9.0784e+01 1.2500e+04 0.0000e+00 1.0000e-01 1.2500e+04 0.0000e+00 2.5000e-01
9.1176e+01 1.2500e+04 0.0000e+00 1.0000e-01 1.2500e+04 0.0000e+00 2.5000e-01
9.1569e+01 1.2500e+04 0.0000e+00 1.0000e-01 1.2500e+04 0.0000e+00 2.5000e-01
9.1961e+01 1.2500e+04 0.0000e+00 1.0000e-01 1.2500e+04 0.0000e+00 2.5000e-01
9.2353e+01 1.2500e+04 0.0000e+00 1.0000e-01 1.2500e+04 0.0000e+00 2.5000e-01
9.2745e+01 1.2500e+04 0.0000e+00 1.0000e-01 1.2500e+04 0.0000e+00 2.5000e-01
9.3137e+01 1.2500e+04 0.0000e+00 1.0000e-01 1.2500e+04 0.0000e+00 2.5000e-01
9.3529e+01 1.2500e+04 0.0000e+00 1.0000e-01 1.2500e+04 0.0000e+00 2.5000e-01
9.3922e+01 1.2500e+04 0.0000e+00 1.0000e-01 1.2500e+04 0.0000e+00 2.5000e-01
9.4314e+01 1.2500e+04 0.0000e+00 1.0000e-01 1.2500e+04 0.0000e+00 2.5000e-01
9.4706e+01 1.2500e+04 0.0000e+00 1.0000e-01 1.2500e+04 0.0000e+00 2.5000e-01
9.5098e+01 1.2500e+04 0.0000e+00 1.0000e-01 1.2500e+04 0.0000e+00 2.5000e-01
9.5490e+01 1.2500e+04 0.0000e+00 1.0000e-01 1.2500e+04 0.0000e+00 2.5000e-01
9.5882e+01 1.2500e+04 0.0000e+00 1.0000e-01 1.2500e+04 0.0000e+00 2.5000e-01
9.6275e+01 1.2500e+04 0.0000e+00 1.0000e-01 1.2500e+04 0.0000e+00 2.5000e-01
9.6667e+01 1.2500e+04 0.0000e+00 1.0000e-01 1.2500e+04 0.0000e+00 2.5000e-01
9.7059e+01 1.2500e+04 0.0000e+00 1.0000e-01 1.2500e+04 0.0000e+00 2.5000e-01
9.7451e+01 1.2500e+04 0.0000e+00 1.0000e-01 1.2500e+04 0.0000e+00 2.5000e-01
9.7843e+01 1.2500e+04 0.0000e+00 1.0000e-01 1.2500e+04 0.0000e+00 2.5000e-01
9.8235e+01 1.2500e+04 0.0000e+00 1.0000e-01 1.2500e+04 0.0000e+00 2.5000e-01
9.8627e+01 1.2500e+04 0.0000e+00 1.0000e-01 1.2500e+04 0.0000e+00 2.5000e-01
9.9020e+01 1.2500e+04 0.0000e+00 1.0000e-01 1.2500e+04 0.0000e+00 2.5000e-01
9.9412e+01 1.2500e+04 0.0000e+00 1.0000e-01 1.2500e+04 0.0000e+00 2.5000e-01
9.9804e+01 1.2500e+04 0.0000e+00 1.0000e-01 1.2500e+04 0.0000e+00 2.5000e-01
