# # x Density Velocity Pressure q0 q1 q2
1.9608e-01 1.0000e+05 0.0000e+00 1.0000e+00 1.0000e+05 0.0000e+00 2.5000e+00
5.8824e-01 1.0000e+05 0.0000e+00 1.0000e+00 1.0000e+05 0.0000e+00 2.5000e+00
9.8039e-01 1.0000e+05 0.0000e+00 1.0000e+00 1.0000e+05 0.0000e+00 2.5000e+00
1.3725e+00 1.0000e+05 0.0000e+00 1.0000e+00 1.0000e+05 0.0000e+00 2.5000e+00
1.7647e+00 1.0000e+05 0.0000e+00 1.0000e+00 1.0000e+05 0.0000e+00 2.5000e+00
2.1569e+00 1.0000e+05 0.0000e+00 1.0000e+00 1.0000e+05 0.0000e+00 2.5000e+00
2.5490e+00 1.0000e+05 0.0000e+00 1.0000e+00 1.0000e+05 0.0000e+00 2.5000e+00
2.9412e+00 1.0000e+05 0.0000e+00 1.0000e+00 1.0000e+05 0.0000e+00 2.5000e+00
3.3333e+00 1.0000e+05 0.0000e+00 1.0000e+00 1.0000e+05 0.0000e+00 2.5000e+00
3.7255e+00 1.0000e+05 0.0000e+00 1.0000e+00 1.0000e+05 0.0000e+00 2.5000e+00
4.1176e+00 1.0000e+05 0.0000e+00 1.0000e+00 1.0000e+05 0.0000e+00 2.5000e+00
4.5098e+00 1.0000e+05 0.0000e+00 1.0000e+00 1.0000e+05 0.0000e+00 2.5000e+00
4.9020e+00 1.0000e+05 0.0000e+00 1.0000e+00 1.0000e+05 0.0000e+00 2.5000e+00
5.2941e+00 1.0000e+05 0.0000e+00 1.0000e+00 1.0000e+05 0.0000e+00 2.5000e+00
5.6863e+00 1.0000e+05 0.0000e+00 1.0000e+00 1.0000e+05 0.0000e+00 2.5000e+00
6.0784e+00 1.0000e+05 0.0000e+00 1.0000e+00 1.0000e+05 0.0000e+00 2.5000e+00
6.4706e+00 1.0000e+05 0.0000e+00 1.0000e+00 1.0000e+05 0.0000e+00 2.5000e+00
6.8627e+00 1.0000e+05 0.0000e+00 1.0000e+00 1.0000e+05 0.0000e+00 2.5000e+00
7.2549e+00 1.0000e+05 0.0000e+00 1.0000e+00 1.0000e+05 0.0000e+00 2.5000e+00
7.6471e+00 1.0000e+05 0.0000e+00 1.0000e+00 1.0000e+05 0.0000e+00 2.5000e+00
8.0392e+00 1.0000e+05 0.0000e+00 1.0000e+00 1.0000e+05 0.0000e+00 2.5000e+00
8.4314e+00 1.0000e+05 0.0000e+00 1.0000e+00 1.0000e+05 0.0000e+00 2.5000e+00
8.8235e+00 1.0000e+05 0.0000e+00 1.0000e+00 1.0000e+05 0.0000e+00 2.5000e+00
9.2157e+00 1.0000e+05 0.0000e+00 1.0000e+00 1.0000e+05 0.0000e+00 2.5000e+00
9.6078e+00 1.0000e+05 0.0000e+00 1.0000e+00 1.0000e+05 0.0000e+00 2.5000e+00
1.0000e+01 1.0000e+05 0.0000e+00 1.0000e+00 1.0000e+05 0.0000e+00 2.5000e+00
1.0392e+01 1.0000e+05 0.0000e+00 1.0000e+00 1.0000e+05 0.0000e+00 2.5000e+00
1.0784e+01 1.0000e+05 0.0000e+00 1.0000e+00 1.0000e+05 0.0000e+00 2.5000e+00
1.1176e+01 1.0000e+05 0.0000e+00 1.0000e+00 1.0000e+05 0.0000e+00 2.5000e+00
1.1569e+01 1.0000e+05 0.0000e+00 1.0000e+00 1.0000e+05 0.0000e+00 2.5000e+00
1.1961e+01 1.0000e+05 0.0000e+00 1.0000e+00 1.0000e+05 0.0000e+00 2.5000e+00
1.2353e+01 1.0000e+05 0.0000e+00 1.0000e+00 1.0000e+05 0.0000e+00 2.5000e+00
1.2745e+01 1.0000e+05 0.0000e+00 1.0000e+00 1.0000e+05 0.0000e+00 2.5000e+00
1.3137e+01 1.0000e+05 0.0000e+00 1.0000e+00 1.0000e+05 0.0000e+00 2.5000e+00
1.3529e+01 1.0000e+05 0.0000e+00 1.0000e+00 1.0000e+05 0.0000e+00 2.5000e+00
1.3922e+01 1.0000e+05 0.0000e+00 1.0000e+00 1.0000e+05 0.0000e+00 2.5000e+00
1.4314e+01 1.0000e+05 0.0000e+00 1.0000e+00 1.0000e+05 0.0000e+00 2.5000e+00
1.4706e+01 1.0000e+05 0.0000e+00 1.0000e+00 1.0000e+05 0.0000e+00 2.5000e+00
1.5098e+01 1.0000e+05 0.0000e+00 1.0000e+00 1.0000e+05 0.0000e+00 2.5000e+00
1.5490e+01 1.0000e+05 0.0000e+00 1.0000e+00 1.0000e+05 0.0000e+00 2.5000e+00
1.5882e+01 1.0000e+05 0.0000e+00 1.0000e+00 1.0000e+05 0.0000e+00 2.5000e+00
1.6275e+01 1.0000e+05 0.0000e+00 1.0000e+00 1.0000e+05 0.0000e+00 2.5000e+00
1.6667e+01 1.0000e+05 0.0000e+00 1.0000e+00 1.0000e+05 0.0000e+00 2.5000e+00
1.7059e+01 1.0000e+05 0.0000e+00 1.0000e+00 1.0000e+05 0.0000e+00 2.5000e+00
1.7451e+01 1.0000e+05 0.0000e+00 1.0000e+00 1.0000e+05 0.0000e+00 2.5000e+00
1.7843e+01 1.0000e+05 0.0000e+00 1.0000e+00 1.0000e+05 0.0000e+00 2.5000e+00
1.8235e+01 1.0000e+05 0.0000e+00 1.0000e+00 1.0000e+05 0.0000e+00 2.5000e+00
1.8627e+01 1.0000e+05 0.0000e+00 1.0000e+00 1.0000e+05 0.0000e+00 2.5000e+00
1.9020e+01 1.0000e+05 0.0000e+00 1.0000e+00 1.0000e+05 0.0000e+00 2.5000e+00
1.9412e+01 1.0000e+05 0.0000e+00 1.0000e+00 1.0000e+05 0.0000e+00 2.5000e+00
1.9804e+01 1.0000e+05 0.0000e+00 1.0000e+00 1.0000e+05 0.0000e+00 2.5000e+00
2.0196e+01 1.0000e+05 0.0000e+00 1.0000e+00 1.0000e+05 0.0000e+00 2.5000e+00
2.0588e+01 1.0000e+05 0.0000e+00 1.0000e+00 1.0000e+05 0.0000e+00 2.5000e+00
2.0980e+01 1.0000e+05 0.0000e+00 1.0000e+00 1.0000e+05 0.0000e+00 2.5000e+00
2.1373e+01 1.0000e+05 0.0000e+00 1.0000e+00 1.0000e+05 0.0000e+00 2.5000e+00
2.1765e+01 1.0000e+05 0.0000e+00 1.0000e+00 1.0000e+05 0.0000e+00 2.5000e+00
2.2157e+01 1.0000e+05 0.0000e+00 1.0000e+00 1.0000e+05 0.0000e+00 2.5000e+00
2.2549e+01 1.0000e+05 0.0000e+00 1.0000e+00 1.0000e+05 0.0000e+00 2.5000e+00
2.2941e+01 1.0000e+05 0.0000e+00 1.0000e+00 1.0000e+05 0.0000e+00 2.5000e+00
2.3333e+01 1.0000e+05 0.0000e+00 1.0000e+00 1.0000e+05 0.0000e+00 2.5000e+00
2.3725e+01 1.0000e+05 0.0000e+00 1.0000e+00 1.0000e+05 0.0000e+00 2.5000e+00
2.4118e+01 1.0000e+05 0.0000e+00 1.0000e+00 1.0000e+05 0.0000e+00 2.5000e+00
2.4510e+01 1.0000e+05 0.0000e+00 1.0000e+00 1.0000e+05 0.0000e+00 2.5000e+00
2.4902e+01 1.0000e+05 0.0000e+00 1.0000e+00 1.0000e+05 0.0000e+00 2.5000e+00
2.5294e+01 1.0000e+05 0.0000e+00 1.0000e+00 1.0000e+05 0.0000e+00 2.5000e+00
2.5686e+01 1.0000e+05 0.0000e+00 1.0000e+00 1.0000e+05 0.0000e+00 2.5000e+00
2.6078e+01 1.0000e+05 0.0000e+00 1.0000e+00 1.0000e+05 0.0000e+00 2.5000e+00
2.6471e+01 1.0000e+05 0.0000e+00 1.0000e+00 1.0000e+05 0.0000e+00 2.5000e+00
2.6863e+01 1.0000e+05 0.0000e+00 1.0000e+00 1.0000e+05 0.0000e+00 2.5000e+00
2.7255e+01 1.0000e+05 6.2284e-21 1.0000e+00 1.0000e+05 6.2284e-16 2.5000e+00
2.7647e+01 1.0000e+05 2.8226e-19 1.0000e+00 1.0000e+05 2.8226e-14 2.5000e+00
2.8039e+01 1.0000e+05 1.3847e-18 1.0000e+00 1.0000e+05 1.3847e-13 2.5000e+00
2.8431e+01 1.0000e+05 3.8013e-18 1.0000e+00 1.0000e+05 3.8013e-13 2.5000e+00
2.8824e+01 1.0000e+05 9.1775e-18 1.0000e+00 1.0000e+05 9.1775e-13 2.5000e+00
2.9216e+01 1.0000e+05 2.3056e-17 1.0000e+00 1.0000e+05 2.3056e-12 2.5000e+00
2.9608e+01 1.0000e+05 5.9942e-17 1.0000e+00 1.0000e+05 5.9942e-12 2.5000e+00
3.0000e+01 1.0000e+05 1.5714e-16 1.0000e+00 1.0000e+05 1.5714e-11 2.5000e+00
3.0392e+01 1.0000e+05 4.1116e-16 1.0000e+00 1.0000e+05 4.1116e-11 2.5000e+00
3.0784e+01 1.0000e+05 1.0654e-15 1.0000e+00 1.0000e+05 1.0654e-10 2.5000e+00
3.1176e+01 1.0000e+05 2.7248e-15 1.0000e+00 1.0000e+05 2.7248e-10 2.5000e+00
3.1569e+01 1.0000e+05 6.8687e-15 1.0000e+00 1.0000e+05 6.8687e-10 2.5000e+00
3.1961e+01 1.0000e+05 1.7057e-14 1.0000e+00 1.0000e+05 1.7057e-09 2.5000e+00
3.2353e+01 1.0000e+05 4.1715e-14 1.0000e+00 1.0000e+05 4.1715e-09 2.5000e+00
3.2745e+01 1.0000e+05 1.0045e-13 1.0000e+00 1.0000e+05 1.0045e-08 2.5000e+00
3.3137e+01 1.0000e+05 2.3815e-13 1.0000e+00 1.0000e+05 2.3815e-08 2.5000e+00
3.3529e+01 1.0000e+05 5.5576e-13 1.0000e+00 1.0000e+05 5.5576e-08 2.5000e+00
3.3922e+01 1.0000e+05 1.2765e-12 1.0000e+00 1.0000e+05 1.2765e-07 2.5000e+00
3.4314e+01 1.0000e+05 2.8850e-12 1.0000e+00 1.0000e+05 2.8850e-07 2.5000e+00
3.4706e+01 1.0000e+05 6.4157e-12 1.0000e+00 1.0000e+05 6.4157e-07 2.5000e+00
3.5098e+01 1.0000e+05 1.4036e-11 1.0000e+00 1.0000e+05 1.4036e-06 2.5000e+00
3.5490e+01 1.0000e+05 3.0203e-11 1.0000e+00 1.0000e+05 3.0203e-06 2.5000e+00
3.5882e+01 1.0000e+05 6.3921e-11 1.0000e+00 1.0000e+05 6.3921e-06 2.5000e+00
3.6275e+01 1.0000e+05 1.3303e-10 1.0000e+00 1.0000e+05 1.3303e-05 2.5000e+00
3.6667e+01 1.0000e+05 2.7220e-10 1.0000e+00 1.0000e+05 2.7220e-05 2.5000e+00
3.7059e+01 1.0000e+05 5.4755e-10 1.0000e+00 1.0000e+05 5.4755e-05 2.5000e+00
3.7451e+01 1.0000e+05 1.0827e-09 1.0000e+00 1.0000e+05 1.0827e-04 2.5000e+00
3.7843e+01 1.0000e+05 2.1039e-09 9.9999e-01 1.0000e+05 2.1039e-04 2.5000e+00
3.8235e+01 1.0000e+05 4.0177e-09 9.9998e-01 1.0000e+05 4.0177e-04 2.5000e+00
3.8627e+01 1.0000e+05 7.5386e-09 9.9997e-01 1.0000e+05 7.5386e-04 2.4999e+00
3.9020e+01 1.0000e+05 1.3897e-08 9.9995e-01 1.0000e+05 1.3897e-03 2.4999e+00
3.9412e+01 1.0000e+05 2.5165e-08 9.9991e-01 1.0000e+05 2.5165e-03 2.4998e+00
3.9804e+01 1.0000e+05 4.4761e-08 9.9985e-01 1.0000e+05 4.4761e-03 2.4996e+00
4.0196e+01 1.0000e+05 7.8192e-08 9.9974e-01 1.0000e+05 7.8192e-03 2.4994e+00
4.0588e+01 1.0000e+05 1.3414e-07 9.9957e-01 1.0000e+05 1.3414e-02 2.4989e+00
4.0980e+01 9.9999e+04 2.2596e-07 9.9929e-01 9.9999e+04 2.2596e-02 2.4982e+00
4.1373e+01 9.9999e+04 3.7373e-07 9.9887e-01 9.9999e+04 3.7372e-02 2.4972e+00
4.1765e+01 9.9998e+04 6.0689e-07 9.9823e-01 9.9998e+04 6.0687e-02 2.4956e+00
4.2157e+01 9.9997e+04 9.6750e-07 9.9727e-01 9.9997e+04 9.6747e-02 2.4932e+00
4.2549e+01 9.9994e+04 1.5142e-06 9.9589e-01 9.9994e+04 1.5141e-01 2.4897e+00
4.2941e+01 9.9991e+04 2.3262e-06 9.9392e-01 9.9991e+04 2.3260e-01 2.4848e+00
4.3333e+01 9.9986e+04 3.5082e-06 9.9119e-01 9.9986e+04 3.5077e-01 2.4780e+00
4.3725e+01 9.9979e+04 5.1937e-06 9.8749e-01 9.9979e+04 5.1926e-01 2.4687e+00
4.4118e+01 9.9968e+04 7.5481e-06 9.8259e-01 9.9968e+04 7.5457e-01 2.4565e+00
4.4510e+01 9.9953e+04 1.0769e-05 9.7626e-01 9.9953e+04 1.0764e+00 2.4407e+00
4.4902e+01 9.9931e+04 1.5085e-05 9.6829e-01 9.9931e+04 1.5075e+00 2.4207e+00
4.5294e+01 9.9902e+04 2.0748e-05 9.5849e-01 9.9902e+04 2.0727e+00 2.3962e+00
4.5686e+01 9.9862e+04 2.8022e-05 9.4677e-01 9.9862e+04 2.7983e+00 2.3670e+00
4.6078e+01 9.9809e+04 3.7167e-05 9.3315e-01 9.9809e+04 3.7096e+00 2.3329e+00
4.6471e+01 9.9740e+04 4.8419e-05 9.1778e-01 9.9740e+04 4.8293e+00 2.2946e+00
4.6863e+01 9.9652e+04 6.1956e-05 9.0103e-01 9.9652e+04 6.1741e+00 2.2528e+00
4.7255e+01 9.9542e+04 7.7860e-05 8.8347e-01 9.9542e+04 7.7503e+00 2.2090e+00
4.7647e+01 9.9408e+04 9.6193e-05 8.6588e-01 9.9408e+04 9.5624e+00 2.1652e+00
4.8039e+01 9.9226e+04 1.1604e-04 8.4887e-01 9.9226e+04 1.1514e+01 2.1228e+00
4.8431e+01 9.9141e+04 1.4212e-04 8.3493e-01 9.9141e+04 1.4090e+01 2.0883e+00
4.8824e+01 9.8360e+04 1.4685e-04 8.1508e-01 9.8360e+04 1.4444e+01 2.0388e+00
4.9216e+01 9.9805e+04 2.3490e-04 8.2438e-01 9.9805e+04 2.3444e+01 2.0637e+00
4.9608e+01 1.0215e+05 1.5996e-04 7.7803e-01 1.0215e+05 1.6340e+01 1.9464e+00
5.0000e+01 1.3026e+04 2.0576e-04 7.6408e-01 1.3026e+04 2.6803e+00 1.9105e+00
5.0392e+01 1.1323e+04 4.7009e-04 7.6276e-01 1.1323e+04 5.3227e+00 1.9082e+00
5.0784e+01 1.2080e+04 9.7612e-04 7.9425e-01 1.2080e+04 1.1792e+01 1.9914e+00
5.1176e+01 1.2641e+04 1.1350e-03 7.9420e-01 1.2641e+04 1.4348e+01 1.9936e+00
5.1569e+01 1.2716e+04 1.1987e-03 7.8894e-01 1.2716e+04 1.5244e+01 1.9815e+00
5.1961e+01 1.2787e+04 1.1429e-03 7.7362e-01 1.2787e+04 1.4615e+01 1.9424e+00
5.2353e+01 1.2741e+04 1.1514e-03 7.6497e-01 1.2741e+04 1.4671e+01 1.9209e+00
5.2745e+01 1.2777e+04 1.1063e-03 7.5090e-01 1.2777e+04 1.4135e+01 1.8851e+00
5.3137e+01 1.2747e+04 1.1011e-03 7.4017e-01 1.2747e+04 1.4036e+01 1.8582e+00
5.3529e+01 1.2764e+04 1.0622e-03 7.2588e-01 1.2764e+04 1.3557e+01 1.8219e+00
5.3922e+01 1.2745e+04 1.0455e-03 7.1271e-01 1.2745e+04 1.3325e+01 1.7887e+00
5.4314e+01 1.2749e+04 1.0087e-03 6.9707e-01 1.2749e+04 1.2861e+01 1.7492e+00
5.4706e+01 1.2736e+04 9.8294e-04 6.8119e-01 1.2736e+04 1.2518e+01 1.7091e+00
5.5098e+01 1.2733e+04 9.4533e-04 6.6341e-01 1.2733e+04 1.2037e+01 1.6642e+00
5.5490e+01 1.2721e+04 9.1205e-04 6.4460e-01 1.2721e+04 1.1602e+01 1.6168e+00
5.5882e+01 1.2714e+04 8.7162e-04 6.2406e-01 1.2714e+04 1.1082e+01 1.5650e+00
5.6275e+01 1.2703e+04 8.3182e-04 6.0202e-01 1.2703e+04 1.0566e+01 1.5094e+00
5.6667e+01 1.2693e+04 7.8724e-04 5.7819e-01 1.2693e+04 9.9921e+00 1.4494e+00
5.7059e+01 1.2681e+04 7.4129e-04 5.5251e-01 1.2681e+04 9.4000e+00 1.3848e+00
5.7451e+01 1.2668e+04 6.9157e-04 5.2483e-01 1.2668e+04 8.7611e+00 1.3151e+00
5.7843e+01 1.2655e+04 6.3938e-04 4.9498e-01 1.2655e+04 8.0914e+00 1.2400e+00
5.8235e+01 1.2641e+04 5.8367e-04 4.6279e-01 1.2641e+04 7.3782e+00 1.1591e+00
5.8627e+01 1.2626e+04 5.2477e-04 4.2802e-01 1.2626e+04 6.6259e+00 1.0718e+00
5.9020e+01 1.2611e+04 4.6213e-04 3.9045e-01 1.2611e+04 5.8278e+00 9.7746e-01
5.9412e+01 1.2594e+04 3.9568e-04 3.4975e-01 1.2594e+04 4.9832e+00 8.7537e-01
5.9804e+01 1.2577e+04 3.2528e-04 3.0577e-01 1.2577e+04 4.0911e+00 7.6510e-01
6.0196e+01 1.2559e+04 2.5197e-04 2.5898e-01 1.2559e+04 3.1646e+00 6.4785e-01
6.0588e+01 1.2542e+04 1.7910e-04 2.1169e-01 1.2542e+04 2.2463e+00 5.2942e-01
6.0980e+01 1.2527e+04 1.1332e-04 1.6887e-01 1.2527e+04 1.4195e+00 4.2227e-01
6.1373e+01 1.2515e+04 6.2216e-05 1.3635e-01 1.2515e+04 7.7864e-01 3.4089e-01
6.1765e+01 1.2507e+04 2.9412e-05 1.1643e-01 1.2507e+04 3.6786e-01 2.9108e-01
6.2157e+01 1.2503e+04 1.2179e-05 1.0656e-01 1.2503e+04 1.5228e-01 2.6639e-01
6.2549e+01 1.2501e+04 4.5829e-06 1.0241e-01 1.2501e+04 5.7292e-02 2.5604e-01
6.2941e+01 1.2500e+04 1.6290e-06 1.0085e-01 1.2500e+04 2.0363e-02 2.5213e-01
6.3333e+01 1.2500e+04 5.6201e-07 1.0029e-01 1.2500e+04 7.0252e-03 2.5073e-01
6.3725e+01 1.2500e+04 1.9084e-07 1.0010e-01 1.2500e+04 2.3855e-03 2.5025e-01
6.4118e+01 1.2500e+04 6.4148e-08 1.0003e-01 1.2500e+04 8.0185e-04 2.5008e-01
6.4510e+01 1.2500e+04 2.1391e-08 1.0001e-01 1.2500e+04 2.6739e-04 2.5003e-01
6.4902e+01 1.2500e+04 7.0809e-09 1.0000e-01 1.2500e+04 8.8511e-05 2.5001e-01
6.5294e+01 1.2500e+04 2.3272e-09 1.0000e-01 1.2500e+04 2.9090e-05 2.5000e-01
6.5686e+01 1.2500e+04 7.5940e-10 1.0000e-01 1.2500e+04 9.4925e-06 2.5000e-01
6.6078e+01 1.2500e+04 2.4601e-10 1.0000e-01 1.2500e+04 3.0751e-06 2.5000e-01
6.6471e+01 1.2500e+04 7.9115e-11 1.0000e-01 1.2500e+04 9.8894e-07 2.5000e-01
6.6863e+01 1.2500e+04 2.5254e-11 1.0000e-01 1.2500e+04 3.1568e-07 2.5000e-01
6.7255e+01 1.2500e+04 8.0009e-12 1.0000e-01 1.2500e+04 1.0001e-07 2.5000e-01
6.7647e+01 1.2500e+04 2.5156e-12 1.0000e-01 1.2500e+04 3.1445e-08 2.5000e-01
6.8039e+01 1.2500e+04 7.8482e-13 1.0000e-01 1.2500e+04 9.8103e-09 2.5000e-01
6.8431e+01 1.2500e+04 2.4294e-13 1.0000e-01 1.2500e+04 3.0368e-09 2.5000e-01
6.8824e+01 1.2500e+04 7.4610e-14 1.0000e-01 1.2500e+04 9.3262e-10 2.5000e-01
6.9216e+01 1.2500e+04 2.2729e-14 1.0000e-01 1.2500e+04 2.8412e-10 2.5000e-01
6.9608e+01 1.2500e+04 6.8677e-15 1.0000e-01 1.2500e+04 8.5847e-11 2.5000e-01
7.0000e+01 1.2500e+04 2.0574e-15 1.0000e-01 1.2500e+04 2.5718e-11 2.5000e-01
7.0392e+01 1.2500e+04 6.1055e-16 1.0000e-01 1.2500e+04 7.6319e-12 2.5000e-01
7.0784e+01 1.2500e+04 1.7897e-16 1.0000e-01 1.2500e+04 2.2371e-12 2.5000e-01
7.1176e+01 1.2500e+04 5.1371e-17 1.0000e-01 1.2500e+04 6.4213e-13 2.5000e-01
7.1569e+01 1.2500e+04 1.4071e-17 1.0000e-01 1.2500e+04 1.7588e-13 2.5000e-01
7.1961e+01 1.2500e+04 3.2928e-18 1.0000e-01 1.2500e+04 4.1160e-14 2.5000e-01
7.2353e+01 1.2500e+04 4.4051e-19 1.0000e-01 1.2500e+04 5.5064e-15 2.5000e-01
7.2745e+01 1.2500e+04 9.6256e-21 1.0000e-01 1.2500e+04 1.2032e-16 2.5000e-01
7.3137e+01 1.2500e+04 0.0000e+00 1.0000e-01 1.2500e+04 0.0000e+00 2.5000e-01
7.3529e+01 1.2500e+04 0.0000e+00 1.0000e-01 1.2500e+04 0.0000e+00 2.5000e-01
7.3922e+01 1.2500e+04 0.0000e+00 1.0000e-01 1.2500e+04 0.0000e+00 2.5000e-01
7.4314e+01 1.2500e+04 0.0000e+00 1.0000e-01 1.2500e+04 0.0000e+00 2.5000e-01
7.4706e+01 1.2500e+04 0.0000e+00 1.0000e-01 1.2500e+04 0.0000e+00 2.5000e-01
7.5098e+01 1.2500e+04 0.0000e+00 1.0000e-01 1.2500e+04 0.0000e+00 2.5000e-01
7.5490e+01 1.2500e+04 0.0000e+00 1.0000e-01 1.2500e+04 0.0000e+00 2.5000e-01
7.5882e+01 1.2500e+04 0.0000e+00 1.0000e-01 1.2500e+04 0.0000e+00 2.5000e-01
7.6275e+01 1.2500e+04 0.0000e+00 1.0000e-01 1.2500e+04 0.0000e+00 2.5000e-01
7.6667e+01 1.2500e+04 0.0000e+00 1.0000e-01 1.2500e+04 0.0000e+00 2.5000e-01
7.7059e+01 1.2500e+04 0.0000e+00 1.0000e-01 1.2500e+04 0.0000e+00 2.5000e-01
7.7451e+01 1.2500e+04 0.0000e+00 1.0000e-01 1.2500e+04 0.0000e+00 2.5000e-01
7.7843e+01 1.2500e+04 0.0000e+00 1.0000e-01 1.2500e+04 0.0000e+00 2.5000e-01
7.8235e+01 1.2500e+04 0.0000e+00 1.0000e-01 1.2500e+04 0.0000e+00 2.5000e-01
7.8627e+01 1.2500e+04 0.0000e+00 1.0000e-01 1.2500e+04 0.0000e+00 2.5000e-01
7.9020e+01 1.2500e+04 0.0000e+00 1.0000e-01 1.2500e+04 0.0000e+00 2.5000e-01
7.9412e+01 1.2500e+04 0.0000e+00 1.0000e-01 1.2500e+04 0.0000e+00 2.5000e-01
7.9804e+01 1.2500e+04 0.0000e+00 1.0000e-01 1.2500e+04 0.0000e+00 2.5000e-01
8.0196e+01 1.2500e+04 0.0000e+00 1.0000e-01 1.2500e+04 0.0000e+00 2.5000e-01
8.0588e+01 1.2500e+04 0.0000e+00 1.0000e-01 1.2500e+04 0.0000e+00 2.5000e-01
8.0980e+01 1.2500e+04 0.0000e+00 1.0000e-01 1.2500e+04 0.0000e+00 2.5000e-01
8.1373e+01 1.2500e+04 0.0000e+00 1.0000e-01 1.2500e+04 0.0000e+00 2.5000e-01
8.1765e+01 1.2500e+04 0.0000e+00 1.0000e-01 1.2500e+04 0.0000e+00 2.5000e-01
8.2157e+01 1.2500e+04 0.0000e+00 1.0000e-01 1.2500e+04 0.0000e+00 2.5000e-01
8.2549e+01 1.2500e+04 0.0000e+00 1.0000e-01 1.2500e+04 0.0000e+00 2.5000e-01
8.2941e+01 1.2500e+04 0.0000e+00 1.0000e-01 1.2500e+04 0.0000e+00 2.5000e-01
8.3333e+01 1.2500e+04 0.0000e+00 1.0000e-01 1.2500e+04 0.0000e+00 2.5000e-01
8.3725e+01 1.2500e+04 0.0000e+00 1.0000e-01 1.2500e+04 0.0000e+00 2.5000e-01
8.4118e+01 1.2500e+04 0.0000e+00 1.0000e-01 1.2500e+04 0.0000e+00 2.5000e-01
8.4510e+01 1.2500e+04 0.0000e+00 1.0000e-01 1.2500e+04 0.0000e+00 2.5000e-01
8.4902e+01 1.2500e+04 0.0000e+00 1.0000e-01 1.2500e+04 0.0000e+00 2.5000e-01
8.5294e+01 1.2500e+04 0.0000e+00 1.0000e-01 1.2500e+04 0.0000e+00 2.5000e-01
8.5686e+01 1.2500e+04 0.0000e+00 1.0000e-01 1.2500e+04 0.0000e+00 2.5000e-01
8.6078e+01 1.2500e+04 0.0000e+00 1.0000e-01 1.2500e+04 0.0000e+00 2.5000e-01
8.6471e+01 1.2500e+04 0.0000e+00 1.0000e-01 1.2500e+04 0.0000e+00 2.5000e-01
8.6863e+01 1.2500e+04 0.0000e+00 1.0000e-01 1.2500e+04 0.0000e+00 2.5000e-01
8.7255e+01 1.2500e+04 0.0000e+00 1.0000e-01 1.2500e+04 0.0000e+00 2.5000e-01
8.7647e+01 1.2500e+04 0.0000e+00 1.0000e-01 1.2500e+04 0.0000e+00 2.5000e-01
8.8039e+01 1.2500e+04 0.0000e+00 1.0000e-01 1.2500e+04 0.0000e+00 2.5000e-01
8.8431e+01 1.2500e+04 0.0000e+00 1.0000e-01 1.2500e+04 0.0000e+00 2.5000e-01
8.8824e+01 1.2500e+04 0.0000e+00 1.0000e-01 1.2500e+04 0.0000e+00 2.5000e-01
8.9216e+01 1.2500e+04 0.0000e+00 1.0000e-01 1.2500e+04 0.0000e+00 2.5000e-01
8.9608e+01 1.2500e+04 0.0000e+00 1.0000e-01 1.2500e+04 0.0000e+00 2.5000e-01
9.0000e+01 1.2500e+04 0.0000e+00 1.0000e-01 1.2500e+04 0.0000e+00 2.5000e-01
9.0392e+01 1.2500e+04 0.0000e+00 1.0000e-01 1.2500e+04 0.0000e+00 2.5000e-01
9.0784e+01 1.2500e+04 0.0000e+00 1.0000e-01 1.2500e+04 0.0000e+00 2.5000e-01
9.1176e+01 1.2500e+04 0.0000e+00 1.0000e-01 1.2500e+04 0.0000e+00 2.5000e-01
9.1569e+01 1.2500e+04 0.0000e+00 1.0000e-01 1.2500e+04 0.0000e+00 2.5000e-01
9.1961e+01 1.2500e+04 0.0000e+00 1.0000e-01 1.2500e+04 0.0000e+00 2.5000e-01
9.2353e+01 1.2500e+04 0.0000e+00 1.0000e-01 1.2500e+04 0.0000e+00 2.5000e-01
9.2745e+01 1.2500e+04 0.0000e+00 1.0000e-01 1.2500e+04 0.0000e+00 2.5000e-01
9.3137e+01 1.2500e+04 0.0000e+00 1.0000e-01 1.2500e+04 0.0000e+00 2.5000e-01
9.3529e+01 1.2500e+04 0.0000e+00 1.0000e-01 1.2500e+04 0.0000e+00 2.5000e-01
9.3922e+01 1.2500e+04 0.0000e+00 1.0000e-01 1.2500e+04 0.0000e+00 2.5000e-01
9.4314e+01 1.2500e+04 0.0000e+00 1.0000e-01 1.2500e+04 0.0000e+00 2.5000e-01
9.4706e+01 1.2500e+04 0.0000e+00 1.0000e-01 1.2500e+04 0.0000e+00 2.5000e-01
9.5098e+01 1.2500e+04 0.0000e+00 1.0000e-01 1.2500e+04 0.0000e+00 2.5000e-01
9.5490e+01 1.2500e+04 0.0000e+00 1.0000e-01 1.2500e+04 0.0000e+00 2.5000e-01
9.5882e+01 1.2500e+04 0.0000e+00 1.0000e-01 1.2500e+04 0.0000e+00 2.5000e-01
9.6275e+01 1.2500e+04 0.0000e+00 1.0000e-01 1.2500e+04 0.0000e+00 2.5000e-01
9.6667e+01 1.2500e+04 0.0000e+00 1.0000e-01 1.2500e+04 0.0000e+00 2.5000e-01
9.7059e+01 1.2500e+04 0.0000e+00 1.0000e-01 1.2500e+04 0.0000e+00 2.5000e-01
9.7451e+01 1.2500e+04 0.0000e+00 1.0000e-01 1.2500e+04 0.0000e+00 2.5000e-01
9.7843e+01 1.2500e+04 0.0000e+00 1.0000e-01 1.2500e+04 0.0000e+00 2.5000e-01
9.8235e+01 1.2500e+04 0.0000e+00 1.0000e-01 1.2500e+04 0.0000e+00 2.5000e-01
9.8627e+01 1.2500e+04 0.0000e+00 1.0000e-01 1.2500e+04 0.0000e+00 2.5000e-01
9.9020e+01 1.2500e+04 0.0000e+00 1.0000e-01 1.2500e+04 0.0000e+00 2.5000e-01
9.9412e+01 1.2500e+04 0.0000e+00 1.0000e-01 1.2500e+04 0.0000e+00 2.5000e-01
9.9804e+01 1.2500e+04 0.0000e+00 1.0000e-01 1.2500e+04 0.0000e+00 2.5000e-01
