# # x Density Velocity Pressure q0 q1 q2
1.9608e-01 1.0000e+05 0.0000e+00 1.0000e+00 1.0000e+05 0.0000e+00 2.5000e+00
5.8824e-01 1.0000e+05 0.0000e+00 1.0000e+00 1.0000e+05 0.0000e+00 2.5000e+00
9.8039e-01 1.0000e+05 0.0000e+00 1.0000e+00 1.0000e+05 0.0000e+00 2.5000e+00
1.3725e+00 1.0000e+05 0.0000e+00 1.0000e+00 1.0000e+05 0.0000e+00 2.5000e+00
1.7647e+00 1.0000e+05 0.0000e+00 1.0000e+00 1.0000e+05 0.0000e+00 2.5000e+00
2.1569e+00 1.0000e+05 0.0000e+00 1.0000e+00 1.0000e+05 0.0000e+00 2.5000e+00
2.5490e+00 1.0000e+05 0.0000e+00 1.0000e+00 1.0000e+05 0.0000e+00 2.5000e+00
2.9412e+00 1.0000e+05 0.0000e+00 1.0000e+00 1.0000e+05 0.0000e+00 2.5000e+00
3.3333e+00 1.0000e+05 0.0000e+00 1.0000e+00 1.0000e+05 0.0000e+00 2.5000e+00
3.7255e+00 1.0000e+05 0.0000e+00 1.0000e+00 1.0000e+05 0.0000e+00 2.5000e+00
4.1176e+00 1.0000e+05 0.0000e+00 1.0000e+00 1.0000e+05 0.0000e+00 2.5000e+00
4.5098e+00 1.0000e+05 0.0000e+00 1.0000e+00 1.0000e+05 0.0000e+00 2.5000e+00
4.9020e+00 1.0000e+05 0.0000e+00 1.0000e+00 1.0000e+05 0.0000e+00 2.5000e+00
5.2941e+00 1.0000e+05 0.0000e+00 1.0000e+00 1.0000e+05 0.0000e+00 2.5000e+00
5.6863e+00 1.0000e+05 0.0000e+00 1.0000e+00 1.0000e+05 0.0000e+00 2.5000e+00
6.0784e+00 1.0000e+05 0.0000e+00 1.0000e+00 1.0000e+05 0.0000e+00 2.5000e+00
6.4706e+00 1.0000e+05 0.0000e+00 1.0000e+00 1.0000e+05 0.0000e+00 2.5000e+00
6.8627e+00 1.0000e+05 0.0000e+00 1.0000e+00 1.0000e+05 0.0000e+00 2.5000e+00
7.2549e+00 1.0000e+05 0.0000e+00 1.0000e+00 1.0000e+05 0.0000e+00 2.5000e+00
7.6471e+00 1.0000e+05 0.0000e+00 1.0000e+00 1.0000e+05 0.0000e+00 2.5000e+00
8.0392e+00 1.0000e+05 0.0000e+00 1.0000e+00 1.0000e+05 0.0000e+00 2.5000e+00
8.4314e+00 1.0000e+05 0.0000e+00 1.0000e+00 1.0000e+05 0.0000e+00 2.5000e+00
8.8235e+00 1.0000e+05 0.0000e+00 1.0000e+00 1.0000e+05 0.0000e+00 2.5000e+00
9.2157e+00 1.0000e+05 0.0000e+00 1.0000e+00 1.0000e+05 0.0000e+00 2.5000e+00
9.6078e+00 1.0000e+05 0.0000e+00 1.0000e+00 1.0000e+05 0.0000e+00 2.5000e+00
1.0000e+01 1.0000e+05 0.0000e+00 1.0000e+00 1.0000e+05 0.0000e+00 2.5000e+00
1.0392e+01 1.0000e+05 0.0000e+00 1.0000e+00 1.0000e+05 0.0000e+00 2.5000e+00
1.0784e+01 1.0000e+05 0.0000e+00 1.0000e+00 1.0000e+05 0.0000e+00 2.5000e+00
1.1176e+01 1.0000e+05 0.0000e+00 1.0000e+00 1.0000e+05 0.0000e+00 2.5000e+00
1.1569e+01 1.0000e+05 0.0000e+00 1.0000e+00 1.0000e+05 0.0000e+00 2.5000e+00
1.1961e+01 1.0000e+05 0.0000e+00 1.0000e+00 1.0000e+05 0.0000e+00 2.5000e+00
1.2353e+01 1.0000e+05 0.0000e+00 1.0000e+00 1.0000e+05 0.0000e+00 2.5000e+00
1.2745e+01 1.0000e+05 0.0000e+00 1.0000e+00 1.0000e+05 0.0000e+00 2.5000e+00
1.3137e+01 1.0000e+05 0.0000e+00 1.0000e+00 1.0000e+05 0.0000e+00 2.5000e+00
1.3529e+01 1.0000e+05 0.0000e+00 1.0000e+00 1.0000e+05 0.0000e+00 2.5000e+00
1.3922e+01 1.0000e+05 0.0000e+00 1.0000e+00 1.0000e+05 0.0000e+00 2.5000e+00
1.4314e+01 1.0000e+05 0.0000e+00 1.0000e+00 1.0000e+05 0.0000e+00 2.5000e+00
1.4706e+01 1.0000e+05 0.0000e+00 1.0000e+00 1.0000e+05 0.0000e+00 2.5000e+00
1.5098e+01 1.0000e+05 0.0000e+00 1.0000e+00 1.0000e+05 0.0000e+00 2.5000e+00
1.5490e+01 1.0000e+05 0.0000e+00 1.0000e+00 1.0000e+05 0.0000e+00 2.5000e+00
1.5882e+01 1.0000e+05 0.0000e+00 1.0000e+00 1.0000e+05 0.0000e+00 2.5000e+00
1.6275e+01 1.0000e+05 0.0000e+00 1.0000e+00 1.0000e+05 0.0000e+00 2.5000e+00
1.6667e+01 1.0000e+05 0.0000e+00 1.0000e+00 1.0000e+05 0.0000e+00 2.5000e+00
1.7059e+01 1.0000e+05 0.0000e+00 1.0000e+00 1.0000e+05 0.0000e+00 2.5000e+00
1.7451e+01 1.0000e+05 0.0000e+00 1.0000e+00 1.0000e+05 0.0000e+00 2.5000e+00
1.7843e+01 1.0000e+05 0.0000e+00 1.0000e+00 1.0000e+05 0.0000e+00 2.5000e+00
1.8235e+01 1.0000e+05 0.0000e+00 1.0000e+00 1.0000e+05 0.0000e+00 2.5000e+00
1.8627e+01 1.0000e+05 0.0000e+00 1.0000e+00 1.0000e+05 0.0000e+00 2.5000e+00
1.9020e+01 1.0000e+05 0.0000e+00 1.0000e+00 1.0000e+05 0.0000e+00 2.5000e+00
1.9412e+01 1.0000e+05 0.0000e+00 1.0000e+00 1.0000e+05 0.0000e+00 2.5000e+00
1.9804e+01 1.0000e+05 0.0000e+00 1.0000e+00 1.0000e+05 0.0000e+00 2.5000e+00
2.0196e+01 1.0000e+05 0.0000e+00 1.0000e+00 1.0000e+05 0.0000e+00 2.5000e+00
2.0588e+01 1.0000e+05 0.0000e+00 1.0000e+00 1.0000e+05 0.0000e+00 2.5000e+00
2.0980e+01 1.0000e+05 0.0000e+00 1.0000e+00 1.0000e+05 0.0000e+00 2.5000e+00
2.1373e+01 1.0000e+05 0.0000e+00 1.0000e+00 1.0000e+05 0.0000e+00 2.5000e+00
2.1765e+01 1.0000e+05 0.0000e+00 1.0000e+00 1.0000e+05 0.0000e+00 2.5000e+00
2.2157e+01 1.0000e+05 0.0000e+00 1.0000e+00 1.0000e+05 0.0000e+00 2.5000e+00
2.2549e+01 1.0000e+05 0.0000e+00 1.0000e+00 1.0000e+05 0.0000e+00 2.5000e+00
2.2941e+01 1.0000e+05 0.0000e+00 1.0000e+00 1.0000e+05 0.0000e+00 2.5000e+00
2.3333e+01 1.0000e+05 0.0000e+00 1.0000e+00 1.0000e+05 0.0000e+00 2.5000e+00
2.3725e+01 1.0000e+05 0.0000e+00 1.0000e+00 1.0000e+05 0.0000e+00 2.5000e+00
2.4118e+01 1.0000e+05 0.0000e+00 1.0000e+00 1.0000e+05 0.0000e+00 2.5000e+00
2.4510e+01 1.0000e+05 0.0000e+00 1.0000e+00 1.0000e+05 0.0000e+00 2.5000e+00
2.4902e+01 1.0000e+05 0.0000e+00 1.0000e+00 1.0000e+05 0.0000e+00 2.5000e+00
2.5294e+01 1.0000e+05 0.0000e+00 1.0000e+00 1.0000e+05 0.0000e+00 2.5000e+00
2.5686e+01 1.0000e+05 0.0000e+00 1.0000e+00 1.0000e+05 0.0000e+00 2.5000e+00
2.6078e+01 1.0000e+05 0.0000e+00 1.0000e+00 1.0000e+05 0.0000e+00 2.5000e+00
2.6471e+01 1.0000e+05 9.0028e-20 1.0000e+00 1.0000e+05 9.0028e-15 2.5000e+00
2.6863e+01 1.0000e+05 7.2872e-19 1.0000e+00 1.0000e+05 7.2872e-14 2.5000e+00
2.7255e+01 1.0000e+05 2.4879e-18 1.0000e+00 1.0000e+05 2.4879e-13 2.5000e+00
2.7647e+01 1.0000e+05 6.0959e-18 1.0000e+00 1.0000e+05 6.0959e-13 2.5000e+00
2.8039e+01 1.0000e+05 1.4433e-17 1.0000e+00 1.0000e+05 1.4433e-12 2.5000e+00
2.8431e+01 1.0000e+05 3.5275e-17 1.0000e+00 1.0000e+05 3.5275e-12 2.5000e+00
2.8824e+01 1.0000e+05 8.8481e-17 1.0000e+00 1.0000e+05 8.8481e-12 2.5000e+00
2.9216e+01 1.0000e+05 2.2370e-16 1.0000e+00 1.0000e+05 2.2370e-11 2.5000e+00
2.9608e+01 1.0000e+05 5.6233e-16 1.0000e+00 1.0000e+05 5.6233e-11 2.5000e+00
3.0000e+01 1.0000e+05 1.3985e-15 1.0000e+00 1.0000e+05 1.3985e-10 2.5000e+00
3.0392e+01 1.0000e+05 3.4357e-15 1.0000e+00 1.0000e+05 3.4357e-10 2.5000e+00
3.0784e+01 1.0000e+05 8.3275e-15 1.0000e+00 1.0000e+05 8.3275e-10 2.5000e+00
3.1176e+01 1.0000e+05 1.9903e-14 1.0000e+00 1.0000e+05 1.9903e-09 2.5000e+00
3.1569e+01 1.0000e+05 4.6895e-14 1.0000e+00 1.0000e+05 4.6895e-09 2.5000e+00
3.1961e+01 1.0000e+05 1.0891e-13 1.0000e+00 1.0000e+05 1.0891e-08 2.5000e+00
3.2353e+01 1.0000e+05 2.4927e-13 1.0000e+00 1.0000e+05 2.4927e-08 2.5000e+00
3.2745e+01 1.0000e+05 5.6222e-13 1.0000e+00 1.0000e+05 5.6222e-08 2.5000e+00
3.3137e+01 1.0000e+05 1.2494e-12 1.0000e+00 1.0000e+05 1.2494e-07 2.5000e+00
3.3529e+01 1.0000e+05 2.7353e-12 1.0000e+00 1.0000e+05 2.7353e-07 2.5000e+00
3.3922e+01 1.0000e+05 5.8989e-12 1.0000e+00 1.0000e+05 5.8989e-07 2.5000e+00
3.4314e+01 1.0000e+05 1.2530e-11 1.0000e+00 1.0000e+05 1.2530e-06 2.5000e+00
3.4706e+01 1.0000e+05 2.6210e-11 1.0000e+00 1.0000e+05 2.6210e-06 2.5000e+00
3.5098e+01 1.0000e+05 5.3988e-11 1.0000e+00 1.0000e+05 5.3988e-06 2.5000e+00
3.5490e+01 1.0000e+05 1.0949e-10 1.0000e+00 1.0000e+05 1.0949e-05 2.5000e+00
3.5882e+01 1.0000e+05 2.1860e-10 1.0000e+00 1.0000e+05 2.1860e-05 2.5000e+00
3.6275e+01 1.0000e+05 4.2961e-10 1.0000e+00 1.0000e+05 4.2961e-05 2.5000e+00
3.6667e+01 1.0000e+05 8.3102e-10 1.0000e+00 1.0000e+05 8.3102e-05 2.5000e+00
3.7059e+01 1.0000e+05 1.5820e-09 9.9999e-01 1.0000e+05 1.5820e-04 2.5000e+00
3.7451e+01 1.0000e+05 2.9634e-09 9.9999e-01 1.0000e+05 2.9634e-04 2.5000e+00
3.7843e+01 1.0000e+05 5.4620e-09 9.9998e-01 1.0000e+05 5.4620e-04 2.5000e+00
3.8235e+01 1.0000e+05 9.9046e-09 9.9997e-01 1.0000e+05 9.9046e-04 2.4999e+00
3.8627e+01 1.0000e+05 1.7668e-08 9.9994e-01 1.0000e+05 1.7668e-03 2.4998e+00
3.9020e+01 1.0000e+05 3.1003e-08 9.9990e-01 1.0000e+05 3.1003e-03 2.4997e+00
3.9412e+01 1.0000e+05 5.3506e-08 9.9983e-01 1.0000e+05 5.3506e-03 2.4996e+00
3.9804e+01 1.0000e+05 9.0817e-08 9.9971e-01 1.0000e+05 9.0817e-03 2.4993e+00
4.0196e+01 9.9999e+04 1.5159e-07 9.9953e-01 9.9999e+04 1.5159e-02 2.4988e+00
4.0588e+01 9.9999e+04 2.4881e-07 9.9926e-01 9.9999e+04 2.4881e-02 2.4981e+00
4.0980e+01 9.9999e+04 4.0156e-07 9.9884e-01 9.9999e+04 4.0155e-02 2.4971e+00
4.1373e+01 9.9998e+04 6.3721e-07 9.9822e-01 9.9998e+04 6.3719e-02 2.4955e+00
4.1765e+01 9.9996e+04 9.9413e-07 9.9731e-01 9.9996e+04 9.9409e-02 2.4933e+00
4.2157e+01 9.9994e+04 1.5248e-06 9.9602e-01 9.9994e+04 1.5247e-01 2.4901e+00
4.2549e+01 9.9991e+04 2.2994e-06 9.9422e-01 9.9991e+04 2.2992e-01 2.4855e+00
4.2941e+01 9.9986e+04 3.4088e-06 9.9175e-01 9.9986e+04 3.4083e-01 2.4794e+00
4.3333e+01 9.9979e+04 4.9682e-06 9.8844e-01 9.9979e+04 4.9671e-01 2.4711e+00
4.3725e+01 9.9969e+04 7.1188e-06 9.8410e-01 9.9969e+04 7.1166e-01 2.4602e+00
4.4118e+01 9.9955e+04 1.0029e-05 9.7854e-01 9.9955e+04 1.0024e+00 2.4464e+00
4.4510e+01 9.9935e+04 1.3892e-05 9.7157e-01 9.9935e+04 1.3882e+00 2.4289e+00
4.4902e+01 9.9908e+04 1.8920e-05 9.6305e-01 9.9908e+04 1.8903e+00 2.4076e+00
4.5294e+01 9.9872e+04 2.5340e-05 9.5288e-01 9.9872e+04 2.5308e+00 2.3822e+00
4.5686e+01 9.9825e+04 3.3375e-05 9.4104e-01 9.9825e+04 3.3317e+00 2.3527e+00
4.6078e+01 9.9764e+04 4.3232e-05 9.2765e-01 9.9764e+04 4.3130e+00 2.3192e+00
4.6471e+01 9.9686e+04 5.5078e-05 9.1292e-01 9.9686e+04 5.4905e+00 2.2825e+00
4.6863e+01 9.9589e+04 6.9024e-05 8.9724e-01 9.9589e+04 6.8740e+00 2.2433e+00
4.7255e+01 9.9468e+04 8.5077e-05 8.8107e-01 9.9468e+04 8.4625e+00 2.2030e+00
4.7647e+01 9.9327e+04 1.0335e-04 8.6497e-01 9.9327e+04 1.0265e+01 2.1630e+00
4.8039e+01 9.9128e+04 1.2247e-04 8.4896e-01 9.9128e+04 1.2140e+01 2.1231e+00
4.8431e+01 9.9082e+04 1.4967e-04 8.3579e-01 9.9082e+04 1.4829e+01 2.0906e+00
4.8824e+01 9.8157e+04 1.4905e-04 8.1322e-01 9.8157e+04 1.4630e+01 2.0341e+00
4.9216e+01 9.9751e+04 2.4309e-04 8.2218e-01 9.9751e+04 2.4248e+01 2.0584e+00
4.9608e+01 1.0261e+05 1.7267e-04 7.7434e-01 1.0261e+05 1.7717e+01 1.9374e+00
5.0000e+01 1.3289e+04 2.2366e-04 7.6649e-01 1.3289e+04 2.9722e+00 1.9166e+00
5.0392e+01 1.1139e+04 4.0687e-04 7.5961e-01 1.1139e+04 4.5322e+00 1.8999e+00
5.0784e+01 1.1877e+04 9.0494e-04 7.9119e-01 1.1877e+04 1.0748e+01 1.9828e+00
5.1176e+01 1.2551e+04 1.1306e-03 7.9916e-01 1.2551e+04 1.4190e+01 2.0059e+00
5.1569e+01 1.2704e+04 1.2313e-03 7.9812e-01 1.2704e+04 1.5642e+01 2.0049e+00
5.1961e+01 1.2799e+04 1.1839e-03 7.8334e-01 1.2799e+04 1.5152e+01 1.9673e+00
5.2353e+01 1.2752e+04 1.1906e-03 7.7498e-01 1.2752e+04 1.5182e+01 1.9465e+00
5.2745e+01 1.2790e+04 1.1478e-03 7.6151e-01 1.2790e+04 1.4681e+01 1.9122e+00
5.3137e+01 1.2759e+04 1.1430e-03 7.5153e-01 1.2759e+04 1.4584e+01 1.8872e+00
5.3529e+01 1.2778e+04 1.1070e-03 7.3838e-01 1.2778e+04 1.4146e+01 1.8538e+00
5.3922e+01 1.2759e+04 1.0925e-03 7.2672e-01 1.2759e+04 1.3940e+01 1.8244e+00
5.4314e+01 1.2766e+04 1.0593e-03 7.1291e-01 1.2766e+04 1.3523e+01 1.7894e+00
5.4706e+01 1.2752e+04 1.0370e-03 6.9924e-01 1.2752e+04 1.3224e+01 1.7550e+00
5.5098e+01 1.2751e+04 1.0036e-03 6.8392e-01 1.2751e+04 1.2797e+01 1.7162e+00
5.5490e+01 1.2741e+04 9.7474e-04 6.6795e-01 1.2741e+04 1.2419e+01 1.6759e+00
5.5882e+01 1.2735e+04 9.3911e-04 6.5050e-01 1.2735e+04 1.1960e+01 1.6319e+00
5.6275e+01 1.2725e+04 9.0450e-04 6.3192e-01 1.2725e+04 1.1510e+01 1.5850e+00
5.6667e+01 1.2716e+04 8.6541e-04 6.1184e-01 1.2716e+04 1.1005e+01 1.5344e+00
5.7059e+01 1.2705e+04 8.2542e-04 5.9033e-01 1.2705e+04 1.0487e+01 1.4801e+00
5.7451e+01 1.2695e+04 7.8201e-04 5.6719e-01 1.2695e+04 9.9275e+00 1.4219e+00
5.7843e+01 1.2683e+04 7.3667e-04 5.4235e-01 1.2683e+04 9.3432e+00 1.3593e+00
5.8235e+01 1.2671e+04 6.8829e-04 5.1568e-01 1.2671e+04 8.7211e+00 1.2922e+00
5.8627e+01 1.2658e+04 6.3738e-04 4.8705e-01 1.2658e+04 8.0676e+00 1.2202e+00
5.9020e+01 1.2644e+04 5.8342e-04 4.5631e-01 1.2644e+04 7.3766e+00 1.1429e+00
5.9412e+01 1.2629e+04 5.2648e-04 4.2328e-01 1.2629e+04 6.6490e+00 1.0599e+00
5.9804e+01 1.2614e+04 4.6623e-04 3.8776e-01 1.2614e+04 5.8809e+00 9.7076e-01
6.0196e+01 1.2598e+04 4.0252e-04 3.4950e-01 1.2598e+04 5.0709e+00 8.7477e-01
6.0588e+01 1.2581e+04 3.3523e-04 3.0832e-01 1.2581e+04 4.2176e+00 7.7151e-01
6.0980e+01 1.2564e+04 2.6496e-04 2.6446e-01 1.2564e+04 3.3290e+00 6.6158e-01
6.1373e+01 1.2547e+04 1.9412e-04 2.1946e-01 1.2547e+04 2.4356e+00 5.4888e-01
6.1765e+01 1.2531e+04 1.2807e-04 1.7720e-01 1.2531e+04 1.6049e+00 4.4309e-01
6.2157e+01 1.2518e+04 7.4058e-05 1.4311e-01 1.2518e+04 9.2707e-01 3.5782e-01
6.2549e+01 1.2509e+04 3.7022e-05 1.2064e-01 1.2509e+04 4.6312e-01 3.0162e-01
6.2941e+01 1.2504e+04 1.6147e-05 1.0866e-01 1.2504e+04 2.0191e-01 2.7164e-01
6.3333e+01 1.2502e+04 6.3380e-06 1.0331e-01 1.2502e+04 7.9236e-02 2.5828e-01
6.3725e+01 1.2501e+04 2.3271e-06 1.0120e-01 1.2501e+04 2.9091e-02 2.5300e-01
6.4118e+01 1.2500e+04 8.2415e-07 1.0042e-01 1.2500e+04 1.0302e-02 2.5106e-01
6.4510e+01 1.2500e+04 2.8644e-07 1.0015e-01 1.2500e+04 3.5806e-03 2.5037e-01
6.4902e+01 1.2500e+04 9.8470e-08 1.0005e-01 1.2500e+04 1.2309e-03 2.5013e-01
6.5294e+01 1.2500e+04 3.3582e-08 1.0002e-01 1.2500e+04 4.1977e-04 2.5004e-01
6.5686e+01 1.2500e+04 1.1373e-08 1.0001e-01 1.2500e+04 1.4216e-04 2.5001e-01
6.6078e+01 1.2500e+04 3.8263e-09 1.0000e-01 1.2500e+04 4.7829e-05 2.5001e-01
6.6471e+01 1.2500e+04 1.2789e-09 1.0000e-01 1.2500e+04 1.5986e-05 2.5000e-01
6.6863e+01 1.2500e+04 4.2462e-10 1.0000e-01 1.2500e+04 5.3078e-06 2.5000e-01
6.7255e+01 1.2500e+04 1.4005e-10 1.0000e-01 1.2500e+04 1.7506e-06 2.5000e-01
6.7647e+01 1.2500e+04 4.5879e-11 1.0000e-01 1.2500e+04 5.7349e-07 2.5000e-01
6.8039e+01 1.2500e+04 1.4928e-11 1.0000e-01 1.2500e+04 1.8660e-07 2.5000e-01
6.8431e+01 1.2500e+04 4.8235e-12 1.0000e-01 1.2500e+04 6.0293e-08 2.5000e-01
6.8824e+01 1.2500e+04 1.5477e-12 1.0000e-01 1.2500e+04 1.9346e-08 2.5000e-01
6.9216e+01 1.2500e+04 4.9310e-13 1.0000e-01 1.2500e+04 6.1637e-09 2.5000e-01
6.9608e+01 1.2500e+04 1.5598e-13 1.0000e-01 1.2500e+04 1.9497e-09 2.5000e-01
7.0000e+01 1.2500e+04 4.8983e-14 1.0000e-01 1.2500e+04 6.1229e-10 2.5000e-01
7.0392e+01 1.2500e+04 1.5269e-14 1.0000e-01 1.2500e+04 1.9087e-10 2.5000e-01
7.0784e+01 1.2500e+04 4.7240e-15 1.0000e-01 1.2500e+04 5.9050e-11 2.5000e-01
7.1176e+01 1.2500e+04 1.4499e-15 1.0000e-01 1.2500e+04 1.8124e-11 2.5000e-01
7.1569e+01 1.2500e+04 4.4080e-16 1.0000e-01 1.2500e+04 5.5100e-12 2.5000e-01
7.1961e+01 1.2500e+04 1.3224e-16 1.0000e-01 1.2500e+04 1.6529e-12 2.5000e-01
7.2353e+01 1.2500e+04 3.8636e-17 1.0000e-01 1.2500e+04 4.8294e-13 2.5000e-01
7.2745e+01 1.2500e+04 1.0677e-17 1.0000e-01 1.2500e+04 1.3346e-13 2.5000e-01
7.3137e+01 1.2500e+04 2.4132e-18 1.0000e-01 1.2500e+04 3.0165e-14 2.5000e-01
7.3529e+01 1.2500e+04 2.3951e-19 1.0000e-01 1.2500e+04 2.9939e-15 2.5000e-01
7.3922e+01 1.2500e+04 2.8311e-21 1.0000e-01 1.2500e+04 3.5388e-17 2.5000e-01
7.4314e+01 1.2500e+04 0.0000e+00 1.0000e-01 1.2500e+04 0.0000e+00 2.5000e-01
7.4706e+01 1.2500e+04 0.0000e+00 1.0000e-01 1.2500e+04 0.0000e+00 2.5000e-01
7.5098e+01 1.2500e+04 0.0000e+00 1.0000e-01 1.2500e+04 0.0000e+00 2.5000e-01
7.5490e+01 1.2500e+04 0.0000e+00 1.0000e-01 1.2500e+04 0.0000e+00 2.5000e-01
7.5882e+01 1.2500e+04 0.0000e+00 1.0000e-01 1.2500e+04 0.0000e+00 2.5000e-01
7.6275e+01 1.2500e+04 0.0000e+00 1.0000e-01 1.2500e+04 0.0000e+00 2.5000e-01
7.6667e+01 1.2500e+04 0.0000e+00 1.0000e-01 1.2500e+04 0.0000e+00 2.5000e-01
7.7059e+01 1.2500e+04 0.0000e+00 1.0000e-01 1.2500e+04 0.0000e+00 2.5000e-01
7.7451e+01 1.2500e+04 0.0000e+00 1.0000e-01 1.2500e+04 0.0000e+00 2.5000e-01
7.7843e+01 1.2500e+04 0.0000e+00 1.0000e-01 1.2500e+04 0.0000e+00 2.5000e-01
7.8235e+01 1.2500e+04 0.0000e+00 1.0000e-01 1.2500e+04 0.0000e+00 2.5000e-01
7.8627e+01 1.2500e+04 0.0000e+00 1.0000e-01 1.2500e+04 0.0000e+00 2.5000e-01
7.9020e+01 1.2500e+04 0.0000e+00 1.0000e-01 1.2500e+04 0.0000e+00 2.5000e-01
7.9412e+01 1.2500e+04 0.0000e+00 1.0000e-01 1.2500e+04 0.0000e+00 2.5000e-01
7.9804e+01 1.2500e+04 0.0000e+00 1.0000e-01 1.2500e+04 0.0000e+00 2.5000e-01
8.0196e+01 1.2500e+04 0.0000e+00 1.0000e-01 1.2500e+04 0.0000e+00 2.5000e-01
8.0588e+01 1.2500e+04 0.0000e+00 1.0000e-01 1.2500e+04 0.0000e+00 2.5000e-01
8.0980e+01 1.2500e+04 0.0000e+00 1.0000e-01 1.2500e+04 0.0000e+00 2.5000e-01
8.1373e+01 1.2500e+04 0.0000e+00 1.0000e-01 1.2500e+04 0.0000e+00 2.5000e-01
8.1765e+01 1.2500e+04 0.0000e+00 1.0000e-01 1.2500e+04 0.0000e+00 2.5000e-01
8.2157e+01 1.2500e+04 0.0000e+00 1.0000e-01 1.2500e+04 0.0000e+00 2.5000e-01
8.2549e+01 1.2500e+04 0.0000e+00 1.0000e-01 1.2500e+04 0.0000e+00 2.5000e-01
8.2941e+01 1.2500e+04 0.0000e+00 1.0000e-01 1.2500e+04 0.0000e+00 2.5000e-01
8.3333e+01 1.2500e+04 0.0000e+00 1.0000e-01 1.2500e+04 0.0000e+00 2.5000e-01
8.3725e+01 1.2500e+04 0.0000e+00 1.0000e-01 1.2500e+04 0.0000e+00 2.5000e-01
8.4118e+01 1.2500e+04 0.0000e+00 1.0000e-01 1.2500e+04 0.0000e+00 2.5000e-01
8.4510e+01 1.2500e+04 0.0000e+00 1.0000e-01 1.2500e+04 0.0000e+00 2.5000e-01
8.4902e+01 1.2500e+04 0.0000e+00 1.0000e-01 1.2500e+04 0.0000e+00 2.5000e-01
8.5294e+01 1.2500e+04 0.0000e+00 1.0000e-01 1.2500e+04 0.0000e+00 2.5000e-01
8.5686e+01 1.2500e+04 0.0000e+00 1.0000e-01 1.2500e+04 0.0000e+00 2.5000e-01
8.6078e+01 1.2500e+04 0.0000e+00 1.0000e-01 1.2500e+04 0.0000e+00 2.5000e-01
8.6471e+01 1.2500e+04 0.0000e+00 1.0000e-01 1.2500e+04 0.0000e+00 2.5000e-01
8.6863e+01 1.2500e+04 0.0000e+00 1.0000e-01 1.2500e+04 0.0000e+00 2.5000e-01
8.7255e+01 1.2500e+04 0.0000e+00 1.0000e-01 1.2500e+04 0.0000e+00 2.5000e-01
8.7647e+01 1.2500e+04 0.0000e+00 1.0000e-01 1.2500e+04 0.0000e+00 2.5000e-01
8.8039e+01 1.2500e+04 0.0000e+00 1.0000e-01 1.2500e+04 0.0000e+00 2.5000e-01
8.8431e+01 1.2500e+04 0.0000e+00 1.0000e-01 1.2500e+04 0.0000e+00 2.5000e-01
8.8824e+01 1.2500e+04 0.0000e+00 1.0000e-01 1.2500e+04 0.0000e+00 2.5000e-01
8.9216e+01 1.2500e+04 0.0000e+00 1.0000e-01 1.2500e+04 0.0000e+00 2.5000e-01
8.9608e+01 1.2500e+04 0.0000e+00 1.0000e-01 1.2500e+04 0.0000e+00 2.5000e-01
9.0000e+01 1.2500e+04 0.0000e+00 1.0000e-01 1.2500e+04 0.0000e+00 2.5000e-01
9.0392e+01 1.2500e+04 0.0000e+00 1.0000e-01 1.2500e+04 0.0000e+00 2.5000e-01
9.0784e+01 1.2500e+04 0.0000e+00 1.0000e-01 1.2500e+04 0.0000e+00 2.5000e-01
9.1176e+01 1.2500e+04 0.0000e+00 1.0000e-01 1.2500e+04 0.0000e+00 2.5000e-01
9.1569e+01 1.2500e+04 0.0000e+00 1.0000e-01 1.2500e+04 0.0000e+00 2.5000e-01
9.1961e+01 1.2500e+04 0.0000e+00 1.0000e-01 1.2500e+04 0.0000e+00 2.5000e-01
9.2353e+01 1.2500e+04 0.0000e+00 1.0000e-01 1.2500e+04 0.0000e+00 2.5000e-01
9.2745e+01 1.2500e+04 0.0000e+00 1.0000e-01 1.2500e+04 0.0000e+00 2.5000e-01
9.3137e+01 1.2500e+04 0.0000e+00 1.0000e-01 1.2500e+04 0.0000e+00 2.5000e-01
9.3529e+01 1.2500e+04 0.0000e+00 1.0000e-01 1.2500e+04 0.0000e+00 2.5000e-01
9.3922e+01 1.2500e+04 0.0000e+00 1.0000e-01 1.2500e+04 0.0000e+00 2.5000e-01
9.4314e+01 1.2500e+04 0.0000e+00 1.0000e-01 1.2500e+04 0.0000e+00 2.5000e-01
9.4706e+01 1.2500e+04 0.0000e+00 1.0000e-01 1.2500e+04 0.0000e+00 2.5000e-01
9.5098e+01 1.2500e+04 0.0000e+00 1.0000e-01 1.2500e+04 0.0000e+00 2.5000e-01
9.5490e+01 1.2500e+04 0.0000e+00 1.0000e-01 1.2500e+04 0.0000e+00 2.5000e-01
9.5882e+01 1.2500e+04 0.0000e+00 1.0000e-01 1.2500e+04 0.0000e+00 2.5000e-01
9.6275e+01 1.2500e+04 0.0000e+00 1.0000e-01 1.2500e+04 0.0000e+00 2.5000e-01
9.6667e+01 1.2500e+04 0.0000e+00 1.0000e-01 1.2500e+04 0.0000e+00 2.5000e-01
9.7059e+01 1.2500e+04 0.0000e+00 1.0000e-01 1.2500e+04 0.0000e+00 2.5000e-01
9.7451e+01 1.2500e+04 0.0000e+00 1.0000e-01 1.2500e+04 0.0000e+00 2.5000e-01
9.7843e+01 1.2500e+04 0.0000e+00 1.0000e-01 1.2500e+04 0.0000e+00 2.5000e-01
9.8235e+01 1.2500e+04 0.0000e+00 1.0000e-01 1.2500e+04 0.0000e+00 2.5000e-01
9.8627e+01 1.2500e+04 0.0000e+00 1.0000e-01 1.2500e+04 0.0000e+00 2.5000e-01
9.9020e+01 1.2500e+04 0.0000e+00 1.0000e-01 1.2500e+04 0.0000e+00 2.5000e-01
9.9412e+01 1.2500e+04 0.0000e+00 1.0000e-01 1.2500e+04 0.0000e+00 2.5000e-01
9.9804e+01 1.2500e+04 0.0000e+00 1.0000e-01 1.2500e+04 0.0000e+00 2.5000e-01
