# # x Density Velocity Pressure q0 q1 q2
1.9608e-01 1.0000e+05 0.0000e+00 1.0000e+00 1.0000e+05 0.0000e+00 2.5000e+00
5.8824e-01 1.0000e+05 0.0000e+00 1.0000e+00 1.0000e+05 0.0000e+00 2.5000e+00
9.8039e-01 1.0000e+05 0.0000e+00 1.0000e+00 1.0000e+05 0.0000e+00 2.5000e+00
1.3725e+00 1.0000e+05 0.0000e+00 1.0000e+00 1.0000e+05 0.0000e+00 2.5000e+00
1.7647e+00 1.0000e+05 0.0000e+00 1.0000e+00 1.0000e+05 0.0000e+00 2.5000e+00
2.1569e+00 1.0000e+05 0.0000e+00 1.0000e+00 1.0000e+05 0.0000e+00 2.5000e+00
2.5490e+00 1.0000e+05 0.0000e+00 1.0000e+00 1.0000e+05 0.0000e+00 2.5000e+00
2.9412e+00 1.0000e+05 0.0000e+00 1.0000e+00 1.0000e+05 0.0000e+00 2.5000e+00
3.3333e+00 1.0000e+05 0.0000e+00 1.0000e+00 1.0000e+05 0.0000e+00 2.5000e+00
3.7255e+00 1.0000e+05 0.0000e+00 1.0000e+00 1.0000e+05 0.0000e+00 2.5000e+00
4.1176e+00 1.0000e+05 0.0000e+00 1.0000e+00 1.0000e+05 0.0000e+00 2.5000e+00
4.5098e+00 1.0000e+05 0.0000e+00 1.0000e+00 1.0000e+05 0.0000e+00 2.5000e+00
4.9020e+00 1.0000e+05 0.0000e+00 1.0000e+00 1.0000e+05 0.0000e+00 2.5000e+00
5.2941e+00 1.0000e+05 0.0000e+00 1.0000e+00 1.0000e+05 0.0000e+00 2.5000e+00
5.6863e+00 1.0000e+05 0.0000e+00 1.0000e+00 1.0000e+05 0.0000e+00 2.5000e+00
6.0784e+00 1.0000e+05 0.0000e+00 1.0000e+00 1.0000e+05 0.0000e+00 2.5000e+00
6.4706e+00 1.0000e+05 0.0000e+00 1.0000e+00 1.0000e+05 0.0000e+00 2.5000e+00
6.8627e+00 1.0000e+05 0.0000e+00 1.0000e+00 1.0000e+05 0.0000e+00 2.5000e+00
7.2549e+00 1.0000e+05 0.0000e+00 1.0000e+00 1.0000e+05 0.0000e+00 2.5000e+00
7.6471e+00 1.0000e+05 0.0000e+00 1.0000e+00 1.0000e+05 0.0000e+00 2.5000e+00
8.0392e+00 1.0000e+05 0.0000e+00 1.0000e+00 1.0000e+05 0.0000e+00 2.5000e+00
8.4314e+00 1.0000e+05 0.0000e+00 1.0000e+00 1.0000e+05 0.0000e+00 2.5000e+00
8.8235e+00 1.0000e+05 0.0000e+00 1.0000e+00 1.0000e+05 0.0000e+00 2.5000e+00
9.2157e+00 1.0000e+05 0.0000e+00 1.0000e+00 1.0000e+05 0.0000e+00 2.5000e+00
9.6078e+00 1.0000e+05 0.0000e+00 1.0000e+00 1.0000e+05 0.0000e+00 2.5000e+00
1.0000e+01 1.0000e+05 0.0000e+00 1.0000e+00 1.0000e+05 0.0000e+00 2.5000e+00
1.0392e+01 1.0000e+05 0.0000e+00 1.0000e+00 1.0000e+05 0.0000e+00 2.5000e+00
1.0784e+01 1.0000e+05 0.0000e+00 1.0000e+00 1.0000e+05 0.0000e+00 2.5000e+00
1.1176e+01 1.0000e+05 0.0000e+00 1.0000e+00 1.0000e+05 0.0000e+00 2.5000e+00
1.1569e+01 1.0000e+05 0.0000e+00 1.0000e+00 1.0000e+05 0.0000e+00 2.5000e+00
1.1961e+01 1.0000e+05 0.0000e+00 1.0000e+00 1.0000e+05 0.0000e+00 2.5000e+00
1.2353e+01 1.0000e+05 0.0000e+00 1.0000e+00 1.0000e+05 0.0000e+00 2.5000e+00
1.2745e+01 1.0000e+05 0.0000e+00 1.0000e+00 1.0000e+05 0.0000e+00 2.5000e+00
1.3137e+01 1.0000e+05 0.0000e+00 1.0000e+00 1.0000e+05 0.0000e+00 2.5000e+00
1.3529e+01 1.0000e+05 0.0000e+00 1.0000e+00 1.0000e+05 0.0000e+00 2.5000e+00
1.3922e+01 1.0000e+05 0.0000e+00 1.0000e+00 1.0000e+05 0.0000e+00 2.5000e+00
1.4314e+01 1.0000e+05 0.0000e+00 1.0000e+00 1.0000e+05 0.0000e+00 2.5000e+00
1.4706e+01 1.0000e+05 0.0000e+00 1.0000e+00 1.0000e+05 0.0000e+00 2.5000e+00
1.5098e+01 1.0000e+05 0.0000e+00 1.0000e+00 1.0000e+05 0.0000e+00 2.5000e+00
1.5490e+01 1.0000e+05 0.0000e+00 1.0000e+00 1.0000e+05 0.0000e+00 2.5000e+00
1.5882e+01 1.0000e+05 0.0000e+00 1.0000e+00 1.0000e+05 0.0000e+00 2.5000e+00
1.6275e+01 1.0000e+05 0.0000e+00 1.0000e+00 1.0000e+05 0.0000e+00 2.5000e+00
1.6667e+01 1.0000e+05 0.0000e+00 1.0000e+00 1.0000e+05 0.0000e+00 2.5000e+00
1.7059e+01 1.0000e+05 0.0000e+00 1.0000e+00 1.0000e+05 0.0000e+00 2.5000e+00
1.7451e+01 1.0000e+05 0.0000e+00 1.0000e+00 1.0000e+05 0.0000e+00 2.5000e+00
1.7843e+01 1.0000e+05 0.0000e+00 1.0000e+00 1.0000e+05 0.0000e+00 2.5000e+00
1.8235e+01 1.0000e+05 0.0000e+00 1.0000e+00 1.0000e+05 0.0000e+00 2.5000e+00
1.8627e+01 1.0000e+05 0.0000e+00 1.0000e+00 1.0000e+05 0.0000e+00 2.5000e+00
1.9020e+01 1.0000e+05 0.0000e+00 1.0000e+00 1.0000e+05 0.0000e+00 2.5000e+00
1.9412e+01 1.0000e+05 0.0000e+00 1.0000e+00 1.0000e+05 0.0000e+00 2.5000e+00
1.9804e+01 1.0000e+05 0.0000e+00 1.0000e+00 1.0000e+05 0.0000e+00 2.5000e+00
2.0196e+01 1.0000e+05 0.0000e+00 1.0000e+00 1.0000e+05 0.0000e+00 2.5000e+00
2.0588e+01 1.0000e+05 0.0000e+00 1.0000e+00 1.0000e+05 0.0000e+00 2.5000e+00
2.0980e+01 1.0000e+05 0.0000e+00 1.0000e+00 1.0000e+05 0.0000e+00 2.5000e+00
2.1373e+01 1.0000e+05 0.0000e+00 1.0000e+00 1.0000e+05 0.0000e+00 2.5000e+00
2.1765e+01 1.0000e+05 0.0000e+00 1.0000e+00 1.0000e+05 0.0000e+00 2.5000e+00
2.2157e+01 1.0000e+05 0.0000e+00 1.0000e+00 1.0000e+05 0.0000e+00 2.5000e+00
2.2549e+01 1.0000e+05 0.0000e+00 1.0000e+00 1.0000e+05 0.0000e+00 2.5000e+00
2.2941e+01 1.0000e+05 0.0000e+00 1.0000e+00 1.0000e+05 0.0000e+00 2.5000e+00
2.3333e+01 1.0000e+05 0.0000e+00 1.0000e+00 1.0000e+05 0.0000e+00 2.5000e+00
2.3725e+01 1.0000e+05 0.0000e+00 1.0000e+00 1.0000e+05 0.0000e+00 2.5000e+00
2.4118e+01 1.0000e+05 0.0000e+00 1.0000e+00 1.0000e+05 0.0000e+00 2.5000e+00
2.4510e+01 1.0000e+05 0.0000e+00 1.0000e+00 1.0000e+05 0.0000e+00 2.5000e+00
2.4902e+01 1.0000e+05 0.0000e+00 1.0000e+00 1.0000e+05 0.0000e+00 2.5000e+00
2.5294e+01 1.0000e+05 0.0000e+00 1.0000e+00 1.0000e+05 0.0000e+00 2.5000e+00
2.5686e+01 1.0000e+05 0.0000e+00 1.0000e+00 1.0000e+05 0.0000e+00 2.5000e+00
2.6078e+01 1.0000e+05 2.8311e-22 1.0000e+00 1.0000e+05 2.8311e-17 2.5000e+00
2.6471e+01 1.0000e+05 1.9365e-19 1.0000e+00 1.0000e+05 1.9365e-14 2.5000e+00
2.6863e+01 1.0000e+05 1.1265e-18 1.0000e+00 1.0000e+05 1.1265e-13 2.5000e+00
2.7255e+01 1.0000e+05 3.2829e-18 1.0000e+00 1.0000e+05 3.2829e-13 2.5000e+00
2.7647e+01 1.0000e+05 7.7854e-18 1.0000e+00 1.0000e+05 7.7854e-13 2.5000e+00
2.8039e+01 1.0000e+05 1.8550e-17 1.0000e+00 1.0000e+05 1.8550e-12 2.5000e+00
2.8431e+01 1.0000e+05 4.5599e-17 1.0000e+00 1.0000e+05 4.5599e-12 2.5000e+00
2.8824e+01 1.0000e+05 1.1426e-16 1.0000e+00 1.0000e+05 1.1426e-11 2.5000e+00
2.9216e+01 1.0000e+05 2.8734e-16 1.0000e+00 1.0000e+05 2.8734e-11 2.5000e+00
2.9608e+01 1.0000e+05 7.1760e-16 1.0000e+00 1.0000e+05 7.1760e-11 2.5000e+00
3.0000e+01 1.0000e+05 1.7720e-15 1.0000e+00 1.0000e+05 1.7720e-10 2.5000e+00
3.0392e+01 1.0000e+05 4.3212e-15 1.0000e+00 1.0000e+05 4.3212e-10 2.5000e+00
3.0784e+01 1.0000e+05 1.0396e-14 1.0000e+00 1.0000e+05 1.0396e-09 2.5000e+00
3.1176e+01 1.0000e+05 2.4662e-14 1.0000e+00 1.0000e+05 2.4662e-09 2.5000e+00
3.1569e+01 1.0000e+05 5.7681e-14 1.0000e+00 1.0000e+05 5.7681e-09 2.5000e+00
3.1961e+01 1.0000e+05 1.3299e-13 1.0000e+00 1.0000e+05 1.3299e-08 2.5000e+00
3.2353e+01 1.0000e+05 3.0220e-13 1.0000e+00 1.0000e+05 3.0220e-08 2.5000e+00
3.2745e+01 1.0000e+05 6.7677e-13 1.0000e+00 1.0000e+05 6.7677e-08 2.5000e+00
3.3137e+01 1.0000e+05 1.4934e-12 1.0000e+00 1.0000e+05 1.4934e-07 2.5000e+00
3.3529e+01 1.0000e+05 3.2470e-12 1.0000e+00 1.0000e+05 3.2470e-07 2.5000e+00
3.3922e+01 1.0000e+05 6.9548e-12 1.0000e+00 1.0000e+05 6.9548e-07 2.5000e+00
3.4314e+01 1.0000e+05 1.4673e-11 1.0000e+00 1.0000e+05 1.4673e-06 2.5000e+00
3.4706e+01 1.0000e+05 3.0492e-11 1.0000e+00 1.0000e+05 3.0492e-06 2.5000e+00
3.5098e+01 1.0000e+05 6.2399e-11 1.0000e+00 1.0000e+05 6.2399e-06 2.5000e+00
3.5490e+01 1.0000e+05 1.2574e-10 1.0000e+00 1.0000e+05 1.2574e-05 2.5000e+00
3.5882e+01 1.0000e+05 2.4946e-10 1.0000e+00 1.0000e+05 2.4946e-05 2.5000e+00
3.6275e+01 1.0000e+05 4.8725e-10 1.0000e+00 1.0000e+05 4.8725e-05 2.5000e+00
3.6667e+01 1.0000e+05 9.3680e-10 1.0000e+00 1.0000e+05 9.3680e-05 2.5000e+00
3.7059e+01 1.0000e+05 1.7728e-09 9.9999e-01 1.0000e+05 1.7728e-04 2.5000e+00
3.7451e+01 1.0000e+05 3.3015e-09 9.9999e-01 1.0000e+05 3.3015e-04 2.5000e+00
3.7843e+01 1.0000e+05 6.0507e-09 9.9998e-01 1.0000e+05 6.0507e-04 2.4999e+00
3.8235e+01 1.0000e+05 1.0911e-08 9.9996e-01 1.0000e+05 1.0911e-03 2.4999e+00
3.8627e+01 1.0000e+05 1.9358e-08 9.9993e-01 1.0000e+05 1.9358e-03 2.4998e+00
3.9020e+01 1.0000e+05 3.3788e-08 9.9989e-01 1.0000e+05 3.3788e-03 2.4997e+00
3.9412e+01 1.0000e+05 5.8011e-08 9.9981e-01 1.0000e+05 5.8011e-03 2.4995e+00
3.9804e+01 1.0000e+05 9.7971e-08 9.9969e-01 1.0000e+05 9.7970e-03 2.4992e+00
4.0196e+01 9.9999e+04 1.6273e-07 9.9950e-01 9.9999e+04 1.6273e-02 2.4988e+00
4.0588e+01 9.9999e+04 2.6584e-07 9.9921e-01 9.9999e+04 2.6583e-02 2.4980e+00
4.0980e+01 9.9998e+04 4.2707e-07 9.9878e-01 9.9998e+04 4.2706e-02 2.4969e+00
4.1373e+01 9.9998e+04 6.7468e-07 9.9813e-01 9.9998e+04 6.7466e-02 2.4953e+00
4.1765e+01 9.9996e+04 1.0481e-06 9.9719e-01 9.9996e+04 1.0480e-01 2.4930e+00
4.2157e+01 9.9994e+04 1.6009e-06 9.9586e-01 9.9994e+04 1.6008e-01 2.4896e+00
4.2549e+01 9.9990e+04 2.4045e-06 9.9400e-01 9.9990e+04 2.4043e-01 2.4850e+00
4.2941e+01 9.9985e+04 3.5511e-06 9.9147e-01 9.9985e+04 3.5506e-01 2.4787e+00
4.3333e+01 9.9978e+04 5.1567e-06 9.8810e-01 9.9978e+04 5.1555e-01 2.4702e+00
4.3725e+01 9.9968e+04 7.3631e-06 9.8369e-01 9.9968e+04 7.3608e-01 2.4592e+00
4.4118e+01 9.9953e+04 1.0338e-05 9.7806e-01 9.9953e+04 1.0334e+00 2.4452e+00
4.4510e+01 9.9933e+04 1.4275e-05 9.7103e-01 9.9933e+04 1.4265e+00 2.4276e+00
4.4902e+01 9.9905e+04 1.9384e-05 9.6246e-01 9.9905e+04 1.9365e+00 2.4062e+00
4.5294e+01 9.9869e+04 2.5887e-05 9.5225e-01 9.9869e+04 2.5853e+00 2.3807e+00
4.5686e+01 9.9820e+04 3.4004e-05 9.4042e-01 9.9820e+04 3.3942e+00 2.3511e+00
4.6078e+01 9.9758e+04 4.3934e-05 9.2706e-01 9.9758e+04 4.3828e+00 2.3177e+00
4.6471e+01 9.9679e+04 5.5839e-05 9.1241e-01 9.9679e+04 5.5660e+00 2.2812e+00
4.6863e+01 9.9581e+04 6.9823e-05 8.9684e-01 9.9581e+04 6.9531e+00 2.2424e+00
4.7255e+01 9.9460e+04 8.5890e-05 8.8080e-01 9.9460e+04 8.5426e+00 2.2024e+00
4.7647e+01 9.9318e+04 1.0416e-04 8.6482e-01 9.9318e+04 1.0345e+01 2.1626e+00
4.8039e+01 9.9116e+04 1.2321e-04 8.4885e-01 9.9116e+04 1.2212e+01 2.1229e+00
4.8431e+01 9.9076e+04 1.5058e-04 8.3573e-01 9.9076e+04 1.4919e+01 2.0905e+00
4.8824e+01 9.8133e+04 1.4935e-04 8.1284e-01 9.8133e+04 1.4656e+01 2.0332e+00
4.9216e+01 9.9743e+04 2.4407e-04 8.2181e-01 9.9743e+04 2.4344e+01 2.0575e+00
4.9608e+01 1.0266e+05 1.7412e-04 7.7391e-01 1.0266e+05 1.7876e+01 1.9363e+00
5.0000e+01 1.3323e+04 2.2572e-04 7.6665e-01 1.3323e+04 3.0071e+00 1.9170e+00
5.0392e+01 1.1120e+04 4.0016e-04 7.5917e-01 1.1120e+04 4.4496e+00 1.8988e+00
5.0784e+01 1.1852e+04 8.9549e-04 7.9057e-01 1.1852e+04 1.0614e+01 1.9812e+00
5.1176e+01 1.2538e+04 1.1285e-03 7.9946e-01 1.2538e+04 1.4149e+01 2.0066e+00
5.1569e+01 1.2701e+04 1.2345e-03 7.9905e-01 1.2701e+04 1.5679e+01 2.0073e+00
5.1961e+01 1.2800e+04 1.1886e-03 7.8440e-01 1.2800e+04 1.5214e+01 1.9700e+00
5.2353e+01 1.2753e+04 1.1951e-03 7.7611e-01 1.2753e+04 1.5241e+01 1.9494e+00
5.2745e+01 1.2792e+04 1.1526e-03 7.6272e-01 1.2792e+04 1.4744e+01 1.9153e+00
5.3137e+01 1.2760e+04 1.1478e-03 7.5280e-01 1.2760e+04 1.4646e+01 1.8904e+00
5.3529e+01 1.2780e+04 1.1120e-03 7.3975e-01 1.2780e+04 1.4212e+01 1.8573e+00
5.3922e+01 1.2760e+04 1.0977e-03 7.2822e-01 1.2760e+04 1.4008e+01 1.8282e+00
5.4314e+01 1.2767e+04 1.0649e-03 7.1457e-01 1.2767e+04 1.3596e+01 1.7937e+00
5.4706e+01 1.2754e+04 1.0429e-03 7.0112e-01 1.2754e+04 1.3301e+01 1.7597e+00
5.5098e+01 1.2753e+04 1.0099e-03 6.8604e-01 1.2753e+04 1.2880e+01 1.7216e+00
5.5490e+01 1.2743e+04 9.8148e-04 6.7034e-01 1.2743e+04 1.2507e+01 1.6820e+00
5.5882e+01 1.2737e+04 9.4636e-04 6.5320e-01 1.2737e+04 1.2054e+01 1.6387e+00
5.6275e+01 1.2727e+04 9.1229e-04 6.3497e-01 1.2727e+04 1.1611e+01 1.5927e+00
5.6667e+01 1.2719e+04 8.7376e-04 6.1527e-01 1.2719e+04 1.1113e+01 1.5430e+00
5.7059e+01 1.2708e+04 8.3439e-04 5.9417e-01 1.2708e+04 1.0604e+01 1.4899e+00
5.7451e+01 1.2698e+04 7.9163e-04 5.7149e-01 1.2698e+04 1.0052e+01 1.4327e+00
5.7843e+01 1.2686e+04 7.4700e-04 5.4715e-01 1.2686e+04 9.4765e+00 1.3714e+00
5.8235e+01 1.2674e+04 6.9937e-04 5.2103e-01 1.2674e+04 8.8638e+00 1.3057e+00
5.8627e+01 1.2661e+04 6.4927e-04 4.9300e-01 1.2661e+04 8.2204e+00 1.2352e+00
5.9020e+01 1.2647e+04 5.9618e-04 4.6292e-01 1.2647e+04 7.5401e+00 1.1595e+00
5.9412e+01 1.2633e+04 5.4019e-04 4.3062e-01 1.2633e+04 6.8242e+00 1.0784e+00
5.9804e+01 1.2618e+04 4.8096e-04 3.9591e-01 1.2618e+04 6.0688e+00 9.9124e-01
6.0196e+01 1.2602e+04 4.1838e-04 3.5857e-01 1.2602e+04 5.2725e+00 8.9752e-01
6.0588e+01 1.2585e+04 3.5224e-04 3.1837e-01 1.2585e+04 4.4332e+00 7.9671e-01
6.0980e+01 1.2568e+04 2.8289e-04 2.7538e-01 1.2568e+04 3.5555e+00 6.8896e-01
6.1373e+01 1.2551e+04 2.1210e-04 2.3068e-01 1.2551e+04 2.6621e+00 5.7699e-01
6.1765e+01 1.2535e+04 1.4439e-04 1.8746e-01 1.2535e+04 1.8099e+00 4.6878e-01
6.2157e+01 1.2521e+04 8.6736e-05 1.5093e-01 1.2521e+04 1.0860e+00 3.7738e-01
6.2549e+01 1.2511e+04 4.5143e-05 1.2542e-01 1.2511e+04 5.6480e-01 3.1357e-01
6.2941e+01 1.2505e+04 2.0408e-05 1.1103e-01 1.2505e+04 2.5520e-01 2.7757e-01
6.3333e+01 1.2502e+04 8.2241e-06 1.0431e-01 1.2502e+04 1.0282e-01 2.6078e-01
6.3725e+01 1.2501e+04 3.0696e-06 1.0159e-01 1.2501e+04 3.8373e-02 2.5396e-01
6.4118e+01 1.2500e+04 1.0976e-06 1.0056e-01 1.2500e+04 1.3720e-02 2.5141e-01
6.4510e+01 1.2500e+04 3.8381e-07 1.0020e-01 1.2500e+04 4.7976e-03 2.5049e-01
6.4902e+01 1.2500e+04 1.3256e-07 1.0007e-01 1.2500e+04 1.6570e-03 2.5017e-01
6.5294e+01 1.2500e+04 4.5398e-08 1.0002e-01 1.2500e+04 5.6748e-04 2.5006e-01
6.5686e+01 1.2500e+04 1.5438e-08 1.0001e-01 1.2500e+04 1.9297e-04 2.5002e-01
6.6078e+01 1.2500e+04 5.2151e-09 1.0000e-01 1.2500e+04 6.5189e-05 2.5001e-01
6.6471e+01 1.2500e+04 1.7503e-09 1.0000e-01 1.2500e+04 2.1879e-05 2.5000e-01
6.6863e+01 1.2500e+04 5.8361e-10 1.0000e-01 1.2500e+04 7.2951e-06 2.5000e-01
6.7255e+01 1.2500e+04 1.9332e-10 1.0000e-01 1.2500e+04 2.4165e-06 2.5000e-01
6.7647e+01 1.2500e+04 6.3610e-11 1.0000e-01 1.2500e+04 7.9512e-07 2.5000e-01
6.8039e+01 1.2500e+04 2.0790e-11 1.0000e-01 1.2500e+04 2.5987e-07 2.5000e-01
6.8431e+01 1.2500e+04 6.7484e-12 1.0000e-01 1.2500e+04 8.4356e-08 2.5000e-01
6.8824e+01 1.2500e+04 2.1755e-12 1.0000e-01 1.2500e+04 2.7194e-08 2.5000e-01
6.9216e+01 1.2500e+04 6.9644e-13 1.0000e-01 1.2500e+04 8.7055e-09 2.5000e-01
6.9608e+01 1.2500e+04 2.2138e-13 1.0000e-01 1.2500e+04 2.7672e-09 2.5000e-01
7.0000e+01 1.2500e+04 6.9868e-14 1.0000e-01 1.2500e+04 8.7335e-10 2.5000e-01
7.0392e+01 1.2500e+04 2.1891e-14 1.0000e-01 1.2500e+04 2.7363e-10 2.5000e-01
7.0784e+01 1.2500e+04 6.8081e-15 1.0000e-01 1.2500e+04 8.5101e-11 2.5000e-01
7.1176e+01 1.2500e+04 2.1011e-15 1.0000e-01 1.2500e+04 2.6264e-11 2.5000e-01
7.1569e+01 1.2500e+04 6.4276e-16 1.0000e-01 1.2500e+04 8.0345e-12 2.5000e-01
7.1961e+01 1.2500e+04 1.9437e-16 1.0000e-01 1.2500e+04 2.4297e-12 2.5000e-01
7.2353e+01 1.2500e+04 5.7551e-17 1.0000e-01 1.2500e+04 7.1939e-13 2.5000e-01
7.2745e+01 1.2500e+04 1.6363e-17 1.0000e-01 1.2500e+04 2.0454e-13 2.5000e-01
7.3137e+01 1.2500e+04 4.0589e-18 1.0000e-01 1.2500e+04 5.0736e-14 2.5000e-01
7.3529e+01 1.2500e+04 6.2595e-19 1.0000e-01 1.2500e+04 7.8244e-15 2.5000e-01
7.3922e+01 1.2500e+04 1.4155e-20 1.0000e-01 1.2500e+04 1.7694e-16 2.5000e-01
7.4314e+01 1.2500e+04 0.0000e+00 1.0000e-01 1.2500e+04 0.0000e+00 2.5000e-01
7.4706e+01 1.2500e+04 0.0000e+00 1.0000e-01 1.2500e+04 0.0000e+00 2.5000e-01
7.5098e+01 1.2500e+04 0.0000e+00 1.0000e-01 1.2500e+04 0.0000e+00 2.5000e-01
7.5490e+01 1.2500e+04 0.0000e+00 1.0000e-01 1.2500e+04 0.0000e+00 2.5000e-01
7.5882e+01 1.2500e+04 0.0000e+00 1.0000e-01 1.2500e+04 0.0000e+00 2.5000e-01
7.6275e+01 1.2500e+04 0.0000e+00 1.0000e-01 1.2500e+04 0.0000e+00 2.5000e-01
7.6667e+01 1.2500e+04 0.0000e+00 1.0000e-01 1.2500e+04 0.0000e+00 2.5000e-01
7.7059e+01 1.2500e+04 0.0000e+00 1.0000e-01 1.2500e+04 0.0000e+00 2.5000e-01
7.7451e+01 1.2500e+04 0.0000e+00 1.0000e-01 1.2500e+04 0.0000e+00 2.5000e-01
7.7843e+01 1.2500e+04 0.0000e+00 1.0000e-01 1.2500e+04 0.0000e+00 2.5000e-01
7.8235e+01 1.2500e+04 0.0000e+00 1.0000e-01 1.2500e+04 0.0000e+00 2.5000e-01
7.8627e+01 1.2500e+04 0.0000e+00 1.0000e-01 1.2500e+04 0.0000e+00 2.5000e-01
7.9020e+01 1.2500e+04 0.0000e+00 1.0000e-01 1.2500e+04 0.0000e+00 2.5000e-01
7.9412e+01 1.2500e+04 0.0000e+00 1.0000e-01 1.2500e+04 0.0000e+00 2.5000e-01
7.9804e+01 1.2500e+04 0.0000e+00 1.0000e-01 1.2500e+04 0.0000e+00 2.5000e-01
8.0196e+01 1.2500e+04 0.0000e+00 1.0000e-01 1.2500e+04 0.0000e+00 2.5000e-01
8.0588e+01 1.2500e+04 0.0000e+00 1.0000e-01 1.2500e+04 0.0000e+00 2.5000e-01
8.0980e+01 1.2500e+04 0.0000e+00 1.0000e-01 1.2500e+04 0.0000e+00 2.5000e-01
8.1373e+01 1.2500e+04 0.0000e+00 1.0000e-01 1.2500e+04 0.0000e+00 2.5000e-01
8.1765e+01 1.2500e+04 0.0000e+00 1.0000e-01 1.2500e+04 0.0000e+00 2.5000e-01
8.2157e+01 1.2500e+04 0.0000e+00 1.0000e-01 1.2500e+04 0.0000e+00 2.5000e-01
8.2549e+01 1.2500e+04 0.0000e+00 1.0000e-01 1.2500e+04 0.0000e+00 2.5000e-01
8.2941e+01 1.2500e+04 0.0000e+00 1.0000e-01 1.2500e+04 0.0000e+00 2.5000e-01
8.3333e+01 1.2500e+04 0.0000e+00 1.0000e-01 1.2500e+04 0.0000e+00 2.5000e-01
8.3725e+01 1.2500e+04 0.0000e+00 1.0000e-01 1.2500e+04 0.0000e+00 2.5000e-01
8.4118e+01 1.2500e+04 0.0000e+00 1.0000e-01 1.2500e+04 0.0000e+00 2.5000e-01
8.4510e+01 1.2500e+04 0.0000e+00 1.0000e-01 1.2500e+04 0.0000e+00 2.5000e-01
8.4902e+01 1.2500e+04 0.0000e+00 1.0000e-01 1.2500e+04 0.0000e+00 2.5000e-01
8.5294e+01 1.2500e+04 0.0000e+00 1.0000e-01 1.2500e+04 0.0000e+00 2.5000e-01
8.5686e+01 1.2500e+04 0.0000e+00 1.0000e-01 1.2500e+04 0.0000e+00 2.5000e-01
8.6078e+01 1.2500e+04 0.0000e+00 1.0000e-01 1.2500e+04 0.0000e+00 2.5000e-01
8.6471e+01 1.2500e+04 0.0000e+00 1.0000e-01 1.2500e+04 0.0000e+00 2.5000e-01
8.6863e+01 1.2500e+04 0.0000e+00 1.0000e-01 1.2500e+04 0.0000e+00 2.5000e-01
8.7255e+01 1.2500e+04 0.0000e+00 1.0000e-01 1.2500e+04 0.0000e+00 2.5000e-01
8.7647e+01 1.2500e+04 0.0000e+00 1.0000e-01 1.2500e+04 0.0000e+00 2.5000e-01
8.8039e+01 1.2500e+04 0.0000e+00 1.0000e-01 1.2500e+04 0.0000e+00 2.5000e-01
8.8431e+01 1.2500e+04 0.0000e+00 1.0000e-01 1.2500e+04 0.0000e+00 2.5000e-01
8.8824e+01 1.2500e+04 0.0000e+00 1.0000e-01 1.2500e+04 0.0000e+00 2.5000e-01
8.9216e+01 1.2500e+04 0.0000e+00 1.0000e-01 1.2500e+04 0.0000e+00 2.5000e-01
8.9608e+01 1.2500e+04 0.0000e+00 1.0000e-01 1.2500e+04 0.0000e+00 2.5000e-01
9.0000e+01 1.2500e+04 0.0000e+00 1.0000e-01 1.2500e+04 0.0000e+00 2.5000e-01
9.0392e+01 1.2500e+04 0.0000e+00 1.0000e-01 1.2500e+04 0.0000e+00 2.5000e-01
9.0784e+01 1.2500e+04 0.0000e+00 1.0000e-01 1.2500e+04 0.0000e+00 2.5000e-01
9.1176e+01 1.2500e+04 0.0000e+00 1.0000e-01 1.2500e+04 0.0000e+00 2.5000e-01
9.1569e+01 1.2500e+04 0.0000e+00 1.0000e-01 1.2500e+04 0.0000e+00 2.5000e-01
9.1961e+01 1.2500e+04 0.0000e+00 1.0000e-01 1.2500e+04 0.0000e+00 2.5000e-01
9.2353e+01 1.2500e+04 0.0000e+00 1.0000e-01 1.2500e+04 0.0000e+00 2.5000e-01
9.2745e+01 1.2500e+04 0.0000e+00 1.0000e-01 1.2500e+04 0.0000e+00 2.5000e-01
9.3137e+01 1.2500e+04 0.0000e+00 1.0000e-01 1.2500e+04 0.0000e+00 2.5000e-01
9.3529e+01 1.2500e+04 0.0000e+00 1.0000e-01 1.2500e+04 0.0000e+00 2.5000e-01
9.3922e+01 1.2500e+04 0.0000e+00 1.0000e-01 1.2500e+04 0.0000e+00 2.5000e-01
9.4314e+01 1.2500e+04 0.0000e+00 1.0000e-01 1.2500e+04 0.0000e+00 2.5000e-01
9.4706e+01 1.2500e+04 0.0000e+00 1.0000e-01 1.2500e+04 0.0000e+00 2.5000e-01
9.5098e+01 1.2500e+04 0.0000e+00 1.0000e-01 1.2500e+04 0.0000e+00 2.5000e-01
9.5490e+01 1.2500e+04 0.0000e+00 1.0000e-01 1.2500e+04 0.0000e+00 2.5000e-01
9.5882e+01 1.2500e+04 0.0000e+00 1.0000e-01 1.2500e+04 0.0000e+00 2.5000e-01
9.6275e+01 1.2500e+04 0.0000e+00 1.0000e-01 1.2500e+04 0.0000e+00 2.5000e-01
9.6667e+01 1.2500e+04 0.0000e+00 1.0000e-01 1.2500e+04 0.0000e+00 2.5000e-01
9.7059e+01 1.2500e+04 0.0000e+00 1.0000e-01 1.2500e+04 0.0000e+00 2.5000e-01
9.7451e+01 1.2500e+04 0.0000e+00 1.0000e-01 1.2500e+04 0.0000e+00 2.5000e-01
9.7843e+01 1.2500e+04 0.0000e+00 1.0000e-01 1.2500e+04 0.0000e+00 2.5000e-01
9.8235e+01 1.2500e+04 0.0000e+00 1.0000e-01 1.2500e+04 0.0000e+00 2.5000e-01
9.8627e+01 1.2500e+04 0.0000e+00 1.0000e-01 1.2500e+04 0.0000e+00 2.5000e-01
9.9020e+01 1.2500e+04 0.0000e+00 1.0000e-01 1.2500e+04 0.0000e+00 2.5000e-01
9.9412e+01 1.2500e+04 0.0000e+00 1.0000e-01 1.2500e+04 0.0000e+00 2.5000e-01
9.9804e+01 1.2500e+04 0.0000e+00 1.0000e-01 1.2500e+04 0.0000e+00 2.5000e-01
