# # x Density Velocity Pressure q0 q1 q2
1.9608e-01 1.0000e+05 0.0000e+00 1.0000e+00 1.0000e+05 0.0000e+00 2.5000e+00
5.8824e-01 1.0000e+05 0.0000e+00 1.0000e+00 1.0000e+05 0.0000e+00 2.5000e+00
9.8039e-01 1.0000e+05 0.0000e+00 1.0000e+00 1.0000e+05 0.0000e+00 2.5000e+00
1.3725e+00 1.0000e+05 0.0000e+00 1.0000e+00 1.0000e+05 0.0000e+00 2.5000e+00
1.7647e+00 1.0000e+05 0.0000e+00 1.0000e+00 1.0000e+05 0.0000e+00 2.5000e+00
2.1569e+00 1.0000e+05 0.0000e+00 1.0000e+00 1.0000e+05 0.0000e+00 2.5000e+00
2.5490e+00 1.0000e+05 0.0000e+00 1.0000e+00 1.0000e+05 0.0000e+00 2.5000e+00
2.9412e+00 1.0000e+05 0.0000e+00 1.0000e+00 1.0000e+05 0.0000e+00 2.5000e+00
3.3333e+00 1.0000e+05 0.0000e+00 1.0000e+00 1.0000e+05 0.0000e+00 2.5000e+00
3.7255e+00 1.0000e+05 0.0000e+00 1.0000e+00 1.0000e+05 0.0000e+00 2.5000e+00
4.1176e+00 1.0000e+05 0.0000e+00 1.0000e+00 1.0000e+05 0.0000e+00 2.5000e+00
4.5098e+00 1.0000e+05 0.0000e+00 1.0000e+00 1.0000e+05 0.0000e+00 2.5000e+00
4.9020e+00 1.0000e+05 0.0000e+00 1.0000e+00 1.0000e+05 0.0000e+00 2.5000e+00
5.2941e+00 1.0000e+05 0.0000e+00 1.0000e+00 1.0000e+05 0.0000e+00 2.5000e+00
5.6863e+00 1.0000e+05 0.0000e+00 1.0000e+00 1.0000e+05 0.0000e+00 2.5000e+00
6.0784e+00 1.0000e+05 0.0000e+00 1.0000e+00 1.0000e+05 0.0000e+00 2.5000e+00
6.4706e+00 1.0000e+05 0.0000e+00 1.0000e+00 1.0000e+05 0.0000e+00 2.5000e+00
6.8627e+00 1.0000e+05 0.0000e+00 1.0000e+00 1.0000e+05 0.0000e+00 2.5000e+00
7.2549e+00 1.0000e+05 0.0000e+00 1.0000e+00 1.0000e+05 0.0000e+00 2.5000e+00
7.6471e+00 1.0000e+05 0.0000e+00 1.0000e+00 1.0000e+05 0.0000e+00 2.5000e+00
8.0392e+00 1.0000e+05 0.0000e+00 1.0000e+00 1.0000e+05 0.0000e+00 2.5000e+00
8.4314e+00 1.0000e+05 0.0000e+00 1.0000e+00 1.0000e+05 0.0000e+00 2.5000e+00
8.8235e+00 1.0000e+05 0.0000e+00 1.0000e+00 1.0000e+05 0.0000e+00 2.5000e+00
9.2157e+00 1.0000e+05 0.0000e+00 1.0000e+00 1.0000e+05 0.0000e+00 2.5000e+00
9.6078e+00 1.0000e+05 0.0000e+00 1.0000e+00 1.0000e+05 0.0000e+00 2.5000e+00
1.0000e+01 1.0000e+05 0.0000e+00 1.0000e+00 1.0000e+05 0.0000e+00 2.5000e+00
1.0392e+01 1.0000e+05 0.0000e+00 1.0000e+00 1.0000e+05 0.0000e+00 2.5000e+00
1.0784e+01 1.0000e+05 0.0000e+00 1.0000e+00 1.0000e+05 0.0000e+00 2.5000e+00
1.1176e+01 1.0000e+05 0.0000e+00 1.0000e+00 1.0000e+05 0.0000e+00 2.5000e+00
1.1569e+01 1.0000e+05 0.0000e+00 1.0000e+00 1.0000e+05 0.0000e+00 2.5000e+00
1.1961e+01 1.0000e+05 0.0000e+00 1.0000e+00 1.0000e+05 0.0000e+00 2.5000e+00
1.2353e+01 1.0000e+05 0.0000e+00 1.0000e+00 1.0000e+05 0.0000e+00 2.5000e+00
1.2745e+01 1.0000e+05 0.0000e+00 1.0000e+00 1.0000e+05 0.0000e+00 2.5000e+00
1.3137e+01 1.0000e+05 0.0000e+00 1.0000e+00 1.0000e+05 0.0000e+00 2.5000e+00
1.3529e+01 1.0000e+05 0.0000e+00 1.0000e+00 1.0000e+05 0.0000e+00 2.5000e+00
1.3922e+01 1.0000e+05 0.0000e+00 1.0000e+00 1.0000e+05 0.0000e+00 2.5000e+00
1.4314e+01 1.0000e+05 0.0000e+00 1.0000e+00 1.0000e+05 0.0000e+00 2.5000e+00
1.4706e+01 1.0000e+05 0.0000e+00 1.0000e+00 1.0000e+05 0.0000e+00 2.5000e+00
1.5098e+01 1.0000e+05 0.0000e+00 1.0000e+00 1.0000e+05 0.0000e+00 2.5000e+00
1.5490e+01 1.0000e+05 0.0000e+00 1.0000e+00 1.0000e+05 0.0000e+00 2.5000e+00
1.5882e+01 1.0000e+05 0.0000e+00 1.0000e+00 1.0000e+05 0.0000e+00 2.5000e+00
1.6275e+01 1.0000e+05 0.0000e+00 1.0000e+00 1.0000e+05 0.0000e+00 2.5000e+00
1.6667e+01 1.0000e+05 0.0000e+00 1.0000e+00 1.0000e+05 0.0000e+00 2.5000e+00
1.7059e+01 1.0000e+05 0.0000e+00 1.0000e+00 1.0000e+05 0.0000e+00 2.5000e+00
1.7451e+01 1.0000e+05 0.0000e+00 1.0000e+00 1.0000e+05 0.0000e+00 2.5000e+00
1.7843e+01 1.0000e+05 0.0000e+00 1.0000e+00 1.0000e+05 0.0000e+00 2.5000e+00
1.8235e+01 1.0000e+05 0.0000e+00 1.0000e+00 1.0000e+05 0.0000e+00 2.5000e+00
1.8627e+01 1.0000e+05 0.0000e+00 1.0000e+00 1.0000e+05 0.0000e+00 2.5000e+00
1.9020e+01 1.0000e+05 0.0000e+00 1.0000e+00 1.0000e+05 0.0000e+00 2.5000e+00
1.9412e+01 1.0000e+05 0.0000e+00 1.0000e+00 1.0000e+05 0.0000e+00 2.5000e+00
1.9804e+01 1.0000e+05 0.0000e+00 1.0000e+00 1.0000e+05 0.0000e+00 2.5000e+00
2.0196e+01 1.0000e+05 0.0000e+00 1.0000e+00 1.0000e+05 0.0000e+00 2.5000e+00
2.0588e+01 1.0000e+05 0.0000e+00 1.0000e+00 1.0000e+05 0.0000e+00 2.5000e+00
2.0980e+01 1.0000e+05 0.0000e+00 1.0000e+00 1.0000e+05 0.0000e+00 2.5000e+00
2.1373e+01 1.0000e+05 0.0000e+00 1.0000e+00 1.0000e+05 0.0000e+00 2.5000e+00
2.1765e+01 1.0000e+05 0.0000e+00 1.0000e+00 1.0000e+05 0.0000e+00 2.5000e+00
2.2157e+01 1.0000e+05 0.0000e+00 1.0000e+00 1.0000e+05 0.0000e+00 2.5000e+00
2.2549e+01 1.0000e+05 0.0000e+00 1.0000e+00 1.0000e+05 0.0000e+00 2.5000e+00
2.2941e+01 1.0000e+05 0.0000e+00 1.0000e+00 1.0000e+05 0.0000e+00 2.5000e+00
2.3333e+01 1.0000e+05 0.0000e+00 1.0000e+00 1.0000e+05 0.0000e+00 2.5000e+00
2.3725e+01 1.0000e+05 0.0000e+00 1.0000e+00 1.0000e+05 0.0000e+00 2.5000e+00
2.4118e+01 1.0000e+05 0.0000e+00 1.0000e+00 1.0000e+05 0.0000e+00 2.5000e+00
2.4510e+01 1.0000e+05 0.0000e+00 1.0000e+00 1.0000e+05 0.0000e+00 2.5000e+00
2.4902e+01 1.0000e+05 0.0000e+00 1.0000e+00 1.0000e+05 0.0000e+00 2.5000e+00
2.5294e+01 1.0000e+05 0.0000e+00 1.0000e+00 1.0000e+05 0.0000e+00 2.5000e+00
2.5686e+01 1.0000e+05 0.0000e+00 1.0000e+00 1.0000e+05 0.0000e+00 2.5000e+00
2.6078e+01 1.0000e+05 3.3124e-20 1.0000e+00 1.0000e+05 3.3124e-15 2.5000e+00
2.6471e+01 1.0000e+05 4.6061e-19 1.0000e+00 1.0000e+05 4.6061e-14 2.5000e+00
2.6863e+01 1.0000e+05 1.8773e-18 1.0000e+00 1.0000e+05 1.8773e-13 2.5000e+00
2.7255e+01 1.0000e+05 4.8179e-18 1.0000e+00 1.0000e+05 4.8179e-13 2.5000e+00
2.7647e+01 1.0000e+05 1.1275e-17 1.0000e+00 1.0000e+05 1.1275e-12 2.5000e+00
2.8039e+01 1.0000e+05 2.7014e-17 1.0000e+00 1.0000e+05 2.7014e-12 2.5000e+00
2.8431e+01 1.0000e+05 6.6707e-17 1.0000e+00 1.0000e+05 6.6707e-12 2.5000e+00
2.8824e+01 1.0000e+05 1.6652e-16 1.0000e+00 1.0000e+05 1.6652e-11 2.5000e+00
2.9216e+01 1.0000e+05 4.1528e-16 1.0000e+00 1.0000e+05 4.1528e-11 2.5000e+00
2.9608e+01 1.0000e+05 1.0268e-15 1.0000e+00 1.0000e+05 1.0268e-10 2.5000e+00
3.0000e+01 1.0000e+05 2.5085e-15 1.0000e+00 1.0000e+05 2.5085e-10 2.5000e+00
3.0392e+01 1.0000e+05 6.0502e-15 1.0000e+00 1.0000e+05 6.0502e-10 2.5000e+00
3.0784e+01 1.0000e+05 1.4396e-14 1.0000e+00 1.0000e+05 1.4396e-09 2.5000e+00
3.1176e+01 1.0000e+05 3.3780e-14 1.0000e+00 1.0000e+05 3.3780e-09 2.5000e+00
3.1569e+01 1.0000e+05 7.8156e-14 1.0000e+00 1.0000e+05 7.8156e-09 2.5000e+00
3.1961e+01 1.0000e+05 1.7827e-13 1.0000e+00 1.0000e+05 1.7827e-08 2.5000e+00
3.2353e+01 1.0000e+05 4.0084e-13 1.0000e+00 1.0000e+05 4.0084e-08 2.5000e+00
3.2745e+01 1.0000e+05 8.8833e-13 1.0000e+00 1.0000e+05 8.8833e-08 2.5000e+00
3.3137e+01 1.0000e+05 1.9402e-12 1.0000e+00 1.0000e+05 1.9402e-07 2.5000e+00
3.3529e+01 1.0000e+05 4.1756e-12 1.0000e+00 1.0000e+05 4.1756e-07 2.5000e+00
3.3922e+01 1.0000e+05 8.8545e-12 1.0000e+00 1.0000e+05 8.8545e-07 2.5000e+00
3.4314e+01 1.0000e+05 1.8498e-11 1.0000e+00 1.0000e+05 1.8498e-06 2.5000e+00
3.4706e+01 1.0000e+05 3.8066e-11 1.0000e+00 1.0000e+05 3.8066e-06 2.5000e+00
3.5098e+01 1.0000e+05 7.7157e-11 1.0000e+00 1.0000e+05 7.7157e-06 2.5000e+00
3.5490e+01 1.0000e+05 1.5402e-10 1.0000e+00 1.0000e+05 1.5402e-05 2.5000e+00
3.5882e+01 1.0000e+05 3.0277e-10 1.0000e+00 1.0000e+05 3.0277e-05 2.5000e+00
3.6275e+01 1.0000e+05 5.8601e-10 1.0000e+00 1.0000e+05 5.8601e-05 2.5000e+00
3.6667e+01 1.0000e+05 1.1167e-09 1.0000e+00 1.0000e+05 1.1167e-04 2.5000e+00
3.7059e+01 1.0000e+05 2.0948e-09 9.9999e-01 1.0000e+05 2.0948e-04 2.5000e+00
3.7451e+01 1.0000e+05 3.8681e-09 9.9999e-01 1.0000e+05 3.8681e-04 2.5000e+00
3.7843e+01 1.0000e+05 7.0299e-09 9.9998e-01 1.0000e+05 7.0299e-04 2.4999e+00
3.8235e+01 1.0000e+05 1.2574e-08 9.9996e-01 1.0000e+05 1.2574e-03 2.4999e+00
3.8627e+01 1.0000e+05 2.2130e-08 9.9993e-01 1.0000e+05 2.2130e-03 2.4998e+00
3.9020e+01 1.0000e+05 3.8327e-08 9.9987e-01 1.0000e+05 3.8327e-03 2.4997e+00
3.9412e+01 1.0000e+05 6.5308e-08 9.9979e-01 1.0000e+05 6.5308e-03 2.4995e+00
3.9804e+01 1.0000e+05 1.0948e-07 9.9966e-01 1.0000e+05 1.0948e-02 2.4992e+00
4.0196e+01 9.9999e+04 1.8055e-07 9.9946e-01 9.9999e+04 1.8055e-02 2.4986e+00
4.0588e+01 9.9999e+04 2.9291e-07 9.9914e-01 9.9999e+04 2.9290e-02 2.4979e+00
4.0980e+01 9.9998e+04 4.6740e-07 9.9868e-01 9.9998e+04 4.6739e-02 2.4967e+00
4.1373e+01 9.9997e+04 7.3359e-07 9.9799e-01 9.9997e+04 7.3357e-02 2.4950e+00
4.1765e+01 9.9996e+04 1.1324e-06 9.9700e-01 9.9996e+04 1.1324e-01 2.4925e+00
4.2157e+01 9.9993e+04 1.7193e-06 9.9561e-01 9.9993e+04 1.7192e-01 2.4890e+00
4.2549e+01 9.9990e+04 2.5674e-06 9.9368e-01 9.9990e+04 2.5671e-01 2.4842e+00
4.2941e+01 9.9984e+04 3.7704e-06 9.9106e-01 9.9984e+04 3.7698e-01 2.4777e+00
4.3333e+01 9.9977e+04 5.4458e-06 9.8759e-01 9.9977e+04 5.4445e-01 2.4690e+00
4.3725e+01 9.9966e+04 7.7362e-06 9.8308e-01 9.9966e+04 7.7335e-01 2.4577e+00
4.4118e+01 9.9950e+04 1.0809e-05 9.7734e-01 9.9950e+04 1.0804e+00 2.4434e+00
4.4510e+01 9.9929e+04 1.4856e-05 9.7022e-01 9.9929e+04 1.4845e+00 2.4256e+00
4.4902e+01 9.9901e+04 2.0083e-05 9.6157e-01 9.9901e+04 2.0063e+00 2.4040e+00
4.5294e+01 9.9863e+04 2.6709e-05 9.5133e-01 9.9863e+04 2.6672e+00 2.3784e+00
4.5686e+01 9.9813e+04 3.4944e-05 9.3950e-01 9.9813e+04 3.4879e+00 2.3488e+00
4.6078e+01 9.9750e+04 4.4982e-05 9.2620e-01 9.9750e+04 4.4869e+00 2.3156e+00
4.6471e+01 9.9669e+04 5.6972e-05 9.1167e-01 9.9669e+04 5.6784e+00 2.2793e+00
4.6863e+01 9.9570e+04 7.1012e-05 8.9626e-01 9.9570e+04 7.0706e+00 2.2409e+00
4.7255e+01 9.9447e+04 8.7097e-05 8.8039e-01 9.9447e+04 8.6615e+00 2.2013e+00
4.7647e+01 9.9304e+04 1.0537e-04 8.6456e-01 9.9304e+04 1.0463e+01 2.1620e+00
4.8039e+01 9.9099e+04 1.2430e-04 8.4865e-01 9.9099e+04 1.2318e+01 2.1224e+00
4.8431e+01 9.9066e+04 1.5197e-04 8.3560e-01 9.9066e+04 1.5055e+01 2.0902e+00
4.8824e+01 9.8097e+04 1.4980e-04 8.1223e-01 9.8097e+04 1.4695e+01 2.0317e+00
4.9216e+01 9.9730e+04 2.4554e-04 8.2125e-01 9.9730e+04 2.4488e+01 2.0561e+00
4.9608e+01 1.0274e+05 1.7629e-04 7.7326e-01 1.0274e+05 1.8112e+01 1.9348e+00
5.0000e+01 1.3375e+04 2.2880e-04 7.6687e-01 1.3375e+04 3.0601e+00 1.9175e+00
5.0392e+01 1.1091e+04 3.9046e-04 7.5850e-01 1.1091e+04 4.3305e+00 1.8971e+00
5.0784e+01 1.1815e+04 8.8097e-04 7.8958e-01 1.1815e+04 1.0409e+01 1.9785e+00
5.1176e+01 1.2518e+04 1.1246e-03 7.9980e-01 1.2518e+04 1.4079e+01 2.0074e+00
5.1569e+01 1.2697e+04 1.2388e-03 8.0038e-01 1.2697e+04 1.5729e+01 2.0107e+00
5.1961e+01 1.2802e+04 1.1956e-03 7.8594e-01 1.2802e+04 1.5305e+01 1.9740e+00
5.2353e+01 1.2755e+04 1.2018e-03 7.7778e-01 1.2755e+04 1.5328e+01 1.9536e+00
5.2745e+01 1.2794e+04 1.1597e-03 7.6451e-01 1.2794e+04 1.4837e+01 1.9199e+00
5.3137e+01 1.2762e+04 1.1548e-03 7.5469e-01 1.2762e+04 1.4738e+01 1.8952e+00
5.3529e+01 1.2782e+04 1.1195e-03 7.4178e-01 1.2782e+04 1.4310e+01 1.8625e+00
5.3922e+01 1.2763e+04 1.1054e-03 7.3042e-01 1.2763e+04 1.4108e+01 1.8338e+00
5.4314e+01 1.2770e+04 1.0731e-03 7.1701e-01 1.2770e+04 1.3703e+01 1.7999e+00
5.4706e+01 1.2757e+04 1.0515e-03 7.0385e-01 1.2757e+04 1.3414e+01 1.7667e+00
5.5098e+01 1.2756e+04 1.0192e-03 6.8911e-01 1.2756e+04 1.3001e+01 1.7294e+00
5.5490e+01 1.2746e+04 9.9139e-04 6.7381e-01 1.2746e+04 1.2636e+01 1.6908e+00
5.5882e+01 1.2741e+04 9.5698e-04 6.5711e-01 1.2741e+04 1.2193e+01 1.6486e+00
5.6275e+01 1.2731e+04 9.2369e-04 6.3938e-01 1.2731e+04 1.1759e+01 1.6039e+00
5.6667e+01 1.2723e+04 8.8600e-04 6.2023e-01 1.2723e+04 1.1272e+01 1.5556e+00
5.7059e+01 1.2712e+04 8.4753e-04 5.9973e-01 1.2712e+04 1.0774e+01 1.5039e+00
5.7451e+01 1.2702e+04 8.0573e-04 5.7770e-01 1.2702e+04 1.0234e+01 1.4484e+00
5.7843e+01 1.2691e+04 7.6212e-04 5.5409e-01 1.2691e+04 9.6717e+00 1.3889e+00
5.8235e+01 1.2679e+04 7.1558e-04 5.2875e-01 1.2679e+04 9.0726e+00 1.3251e+00
5.8627e+01 1.2666e+04 6.6665e-04 5.0158e-01 1.2666e+04 8.4438e+00 1.2568e+00
5.9020e+01 1.2653e+04 6.1482e-04 4.7245e-01 1.2653e+04 7.7790e+00 1.1835e+00
5.9412e+01 1.2639e+04 5.6018e-04 4.4120e-01 1.2639e+04 7.0799e+00 1.1050e+00
5.9804e+01 1.2624e+04 5.0244e-04 4.0766e-01 1.2624e+04 6.3427e+00 1.0207e+00
6.0196e+01 1.2608e+04 4.4147e-04 3.7161e-01 1.2608e+04 5.5662e+00 9.3027e-01
6.0588e+01 1.2592e+04 3.7704e-04 3.3284e-01 1.2592e+04 4.7477e+00 8.3300e-01
6.0980e+01 1.2575e+04 3.0923e-04 2.9124e-01 1.2575e+04 3.8886e+00 7.2871e-01
6.1373e+01 1.2558e+04 2.3906e-04 2.4737e-01 1.2558e+04 3.0020e+00 6.1877e-01
6.1765e+01 1.2541e+04 1.6982e-04 2.0342e-01 1.2541e+04 2.1297e+00 5.0874e-01
6.2157e+01 1.2526e+04 1.0767e-04 1.6394e-01 1.2526e+04 1.3487e+00 4.0992e-01
6.2549e+01 1.2515e+04 5.9500e-05 1.3401e-01 1.2515e+04 7.4463e-01 3.3504e-01
6.2941e+01 1.2507e+04 2.8466e-05 1.1559e-01 1.2507e+04 3.5603e-01 2.8897e-01
6.3333e+01 1.2503e+04 1.1993e-05 1.0634e-01 1.2503e+04 1.4995e-01 2.6585e-01
6.3725e+01 1.2501e+04 4.6084e-06 1.0239e-01 1.2501e+04 5.7610e-02 2.5596e-01
6.4118e+01 1.2500e+04 1.6761e-06 1.0086e-01 1.2500e+04 2.0952e-02 2.5215e-01
6.4510e+01 1.2500e+04 5.9225e-07 1.0030e-01 1.2500e+04 7.4032e-03 2.5076e-01
6.4902e+01 1.2500e+04 2.0608e-07 1.0011e-01 1.2500e+04 2.5760e-03 2.5027e-01
6.5294e+01 1.2500e+04 7.1029e-08 1.0004e-01 1.2500e+04 8.8786e-04 2.5009e-01
6.5686e+01 1.2500e+04 2.4301e-08 1.0001e-01 1.2500e+04 3.0376e-04 2.5003e-01
6.6078e+01 1.2500e+04 8.2588e-09 1.0000e-01 1.2500e+04 1.0323e-04 2.5001e-01
6.6471e+01 1.2500e+04 2.7888e-09 1.0000e-01 1.2500e+04 3.4859e-05 2.5000e-01
6.6863e+01 1.2500e+04 9.3565e-10 1.0000e-01 1.2500e+04 1.1696e-05 2.5000e-01
6.7255e+01 1.2500e+04 3.1189e-10 1.0000e-01 1.2500e+04 3.8987e-06 2.5000e-01
6.7647e+01 1.2500e+04 1.0329e-10 1.0000e-01 1.2500e+04 1.2911e-06 2.5000e-01
6.8039e+01 1.2500e+04 3.3981e-11 1.0000e-01 1.2500e+04 4.2477e-07 2.5000e-01
6.8431e+01 1.2500e+04 1.1105e-11 1.0000e-01 1.2500e+04 1.3881e-07 2.5000e-01
6.8824e+01 1.2500e+04 3.6045e-12 1.0000e-01 1.2500e+04 4.5057e-08 2.5000e-01
6.9216e+01 1.2500e+04 1.1620e-12 1.0000e-01 1.2500e+04 1.4525e-08 2.5000e-01
6.9608e+01 1.2500e+04 3.7201e-13 1.0000e-01 1.2500e+04 4.6502e-09 2.5000e-01
7.0000e+01 1.2500e+04 1.1827e-13 1.0000e-01 1.2500e+04 1.4783e-09 2.5000e-01
7.0392e+01 1.2500e+04 3.7332e-14 1.0000e-01 1.2500e+04 4.6665e-10 2.5000e-01
7.0784e+01 1.2500e+04 1.1699e-14 1.0000e-01 1.2500e+04 1.4624e-10 2.5000e-01
7.1176e+01 1.2500e+04 3.6393e-15 1.0000e-01 1.2500e+04 4.5491e-11 2.5000e-01
7.1569e+01 1.2500e+04 1.1230e-15 1.0000e-01 1.2500e+04 1.4038e-11 2.5000e-01
7.1961e+01 1.2500e+04 3.4318e-16 1.0000e-01 1.2500e+04 4.2897e-12 2.5000e-01
7.2353e+01 1.2500e+04 1.0325e-16 1.0000e-01 1.2500e+04 1.2906e-12 2.5000e-01
7.2745e+01 1.2500e+04 3.0233e-17 1.0000e-01 1.2500e+04 3.7791e-13 2.5000e-01
7.3137e+01 1.2500e+04 8.2245e-18 1.0000e-01 1.2500e+04 1.0281e-13 2.5000e-01
7.3529e+01 1.2500e+04 1.7405e-18 1.0000e-01 1.2500e+04 2.1757e-14 2.5000e-01
7.3922e+01 1.2500e+04 9.9371e-20 1.0000e-01 1.2500e+04 1.2421e-15 2.5000e-01
7.4314e+01 1.2500e+04 0.0000e+00 1.0000e-01 1.2500e+04 0.0000e+00 2.5000e-01
7.4706e+01 1.2500e+04 0.0000e+00 1.0000e-01 1.2500e+04 0.0000e+00 2.5000e-01
7.5098e+01 1.2500e+04 0.0000e+00 1.0000e-01 1.2500e+04 0.0000e+00 2.5000e-01
7.5490e+01 1.2500e+04 0.0000e+00 1.0000e-01 1.2500e+04 0.0000e+00 2.5000e-01
7.5882e+01 1.2500e+04 0.0000e+00 1.0000e-01 1.2500e+04 0.0000e+00 2.5000e-01
7.6275e+01 1.2500e+04 0.0000e+00 1.0000e-01 1.2500e+04 0.0000e+00 2.5000e-01
7.6667e+01 1.2500e+04 0.0000e+00 1.0000e-01 1.2500e+04 0.0000e+00 2.5000e-01
7.7059e+01 1.2500e+04 0.0000e+00 1.0000e-01 1.2500e+04 0.0000e+00 2.5000e-01
7.7451e+01 1.2500e+04 0.0000e+00 1.0000e-01 1.2500e+04 0.0000e+00 2.5000e-01
7.7843e+01 1.2500e+04 0.0000e+00 1.0000e-01 1.2500e+04 0.0000e+00 2.5000e-01
7.8235e+01 1.2500e+04 0.0000e+00 1.0000e-01 1.2500e+04 0.0000e+00 2.5000e-01
7.8627e+01 1.2500e+04 0.0000e+00 1.0000e-01 1.2500e+04 0.0000e+00 2.5000e-01
7.9020e+01 1.2500e+04 0.0000e+00 1.0000e-01 1.2500e+04 0.0000e+00 2.5000e-01
7.9412e+01 1.2500e+04 0.0000e+00 1.0000e-01 1.2500e+04 0.0000e+00 2.5000e-01
7.9804e+01 1.2500e+04 0.0000e+00 1.0000e-01 1.2500e+04 0.0000e+00 2.5000e-01
8.0196e+01 1.2500e+04 0.0000e+00 1.0000e-01 1.2500e+04 0.0000e+00 2.5000e-01
8.0588e+01 1.2500e+04 0.0000e+00 1.0000e-01 1.2500e+04 0.0000e+00 2.5000e-01
8.0980e+01 1.2500e+04 0.0000e+00 1.0000e-01 1.2500e+04 0.0000e+00 2.5000e-01
8.1373e+01 1.2500e+04 0.0000e+00 1.0000e-01 1.2500e+04 0.0000e+00 2.5000e-01
8.1765e+01 1.2500e+04 0.0000e+00 1.0000e-01 1.2500e+04 0.0000e+00 2.5000e-01
8.2157e+01 1.2500e+04 0.0000e+00 1.0000e-01 1.2500e+04 0.0000e+00 2.5000e-01
8.2549e+01 1.2500e+04 0.0000e+00 1.0000e-01 1.2500e+04 0.0000e+00 2.5000e-01
8.2941e+01 1.2500e+04 0.0000e+00 1.0000e-01 1.2500e+04 0.0000e+00 2.5000e-01
8.3333e+01 1.2500e+04 0.0000e+00 1.0000e-01 1.2500e+04 0.0000e+00 2.5000e-01
8.3725e+01 1.2500e+04 0.0000e+00 1.0000e-01 1.2500e+04 0.0000e+00 2.5000e-01
8.4118e+01 1.2500e+04 0.0000e+00 1.0000e-01 1.2500e+04 0.0000e+00 2.5000e-01
8.4510e+01 1.2500e+04 0.0000e+00 1.0000e-01 1.2500e+04 0.0000e+00 2.5000e-01
8.4902e+01 1.2500e+04 0.0000e+00 1.0000e-01 1.2500e+04 0.0000e+00 2.5000e-01
8.5294e+01 1.2500e+04 0.0000e+00 1.0000e-01 1.2500e+04 0.0000e+00 2.5000e-01
8.5686e+01 1.2500e+04 0.0000e+00 1.0000e-01 1.2500e+04 0.0000e+00 2.5000e-01
8.6078e+01 1.2500e+04 0.0000e+00 1.0000e-01 1.2500e+04 0.0000e+00 2.5000e-01
8.6471e+01 1.2500e+04 0.0000e+00 1.0000e-01 1.2500e+04 0.0000e+00 2.5000e-01
8.6863e+01 1.2500e+04 0.0000e+00 1.0000e-01 1.2500e+04 0.0000e+00 2.5000e-01
8.7255e+01 1.2500e+04 0.0000e+00 1.0000e-01 1.2500e+04 0.0000e+00 2.5000e-01
8.7647e+01 1.2500e+04 0.0000e+00 1.0000e-01 1.2500e+04 0.0000e+00 2.5000e-01
8.8039e+01 1.2500e+04 0.0000e+00 1.0000e-01 1.2500e+04 0.0000e+00 2.5000e-01
8.8431e+01 1.2500e+04 0.0000e+00 1.0000e-01 1.2500e+04 0.0000e+00 2.5000e-01
8.8824e+01 1.2500e+04 0.0000e+00 1.0000e-01 1.2500e+04 0.0000e+00 2.5000e-01
8.9216e+01 1.2500e+04 0.0000e+00 1.0000e-01 1.2500e+04 0.0000e+00 2.5000e-01
8.9608e+01 1.2500e+04 0.0000e+00 1.0000e-01 1.2500e+04 0.0000e+00 2.5000e-01
9.0000e+01 1.2500e+04 0.0000e+00 1.0000e-01 1.2500e+04 0.0000e+00 2.5000e-01
9.0392e+01 1.2500e+04 0.0000e+00 1.0000e-01 1.2500e+04 0.0000e+00 2.5000e-01
9.0784e+01 1.2500e+04 0.0000e+00 1.0000e-01 1.2500e+04 0.0000e+00 2.5000e-01
9.1176e+01 1.2500e+04 0.0000e+00 1.0000e-01 1.2500e+04 0.0000e+00 2.5000e-01
9.1569e+01 1.2500e+04 0.0000e+00 1.0000e-01 1.2500e+04 0.0000e+00 2.5000e-01
9.1961e+01 1.2500e+04 0.0000e+00 1.0000e-01 1.2500e+04 0.0000e+00 2.5000e-01
9.2353e+01 1.2500e+04 0.0000e+00 1.0000e-01 1.2500e+04 0.0000e+00 2.5000e-01
9.2745e+01 1.2500e+04 0.0000e+00 1.0000e-01 1.2500e+04 0.0000e+00 2.5000e-01
9.3137e+01 1.2500e+04 0.0000e+00 1.0000e-01 1.2500e+04 0.0000e+00 2.5000e-01
9.3529e+01 1.2500e+04 0.0000e+00 1.0000e-01 1.2500e+04 0.0000e+00 2.5000e-01
9.3922e+01 1.2500e+04 0.0000e+00 1.0000e-01 1.2500e+04 0.0000e+00 2.5000e-01
9.4314e+01 1.2500e+04 0.0000e+00 1.0000e-01 1.2500e+04 0.0000e+00 2.5000e-01
9.4706e+01 1.2500e+04 0.0000e+00 1.0000e-01 1.2500e+04 0.0000e+00 2.5000e-01
9.5098e+01 1.2500e+04 0.0000e+00 1.0000e-01 1.2500e+04 0.0000e+00 2.5000e-01
9.5490e+01 1.2500e+04 0.0000e+00 1.0000e-01 1.2500e+04 0.0000e+00 2.5000e-01
9.5882e+01 1.2500e+04 0.0000e+00 1.0000e-01 1.2500e+04 0.0000e+00 2.5000e-01
9.6275e+01 1.2500e+04 0.0000e+00 1.0000e-01 1.2500e+04 0.0000e+00 2.5000e-01
9.6667e+01 1.2500e+04 0.0000e+00 1.0000e-01 1.2500e+04 0.0000e+00 2.5000e-01
9.7059e+01 1.2500e+04 0.0000e+00 1.0000e-01 1.2500e+04 0.0000e+00 2.5000e-01
9.7451e+01 1.2500e+04 0.0000e+00 1.0000e-01 1.2500e+04 0.0000e+00 2.5000e-01
9.7843e+01 1.2500e+04 0.0000e+00 1.0000e-01 1.2500e+04 0.0000e+00 2.5000e-01
9.8235e+01 1.2500e+04 0.0000e+00 1.0000e-01 1.2500e+04 0.0000e+00 2.5000e-01
9.8627e+01 1.2500e+04 0.0000e+00 1.0000e-01 1.2500e+04 0.0000e+00 2.5000e-01
9.9020e+01 1.2500e+04 0.0000e+00 1.0000e-01 1.2500e+04 0.0000e+00 2.5000e-01
9.9412e+01 1.2500e+04 0.0000e+00 1.0000e-01 1.2500e+04 0.0000e+00 2.5000e-01
9.9804e+01 1.2500e+04 0.0000e+00 1.0000e-01 1.2500e+04 0.0000e+00 2.5000e-01
