# # x Density Velocity Pressure q0 q1 q2
1.9608e-01 1.0000e+05 0.0000e+00 1.0000e+00 1.0000e+05 0.0000e+00 2.5000e+00
5.8824e-01 1.0000e+05 0.0000e+00 1.0000e+00 1.0000e+05 0.0000e+00 2.5000e+00
9.8039e-01 1.0000e+05 0.0000e+00 1.0000e+00 1.0000e+05 0.0000e+00 2.5000e+00
1.3725e+00 1.0000e+05 0.0000e+00 1.0000e+00 1.0000e+05 0.0000e+00 2.5000e+00
1.7647e+00 1.0000e+05 0.0000e+00 1.0000e+00 1.0000e+05 0.0000e+00 2.5000e+00
2.1569e+00 1.0000e+05 0.0000e+00 1.0000e+00 1.0000e+05 0.0000e+00 2.5000e+00
2.5490e+00 1.0000e+05 0.0000e+00 1.0000e+00 1.0000e+05 0.0000e+00 2.5000e+00
2.9412e+00 1.0000e+05 0.0000e+00 1.0000e+00 1.0000e+05 0.0000e+00 2.5000e+00
3.3333e+00 1.0000e+05 0.0000e+00 1.0000e+00 1.0000e+05 0.0000e+00 2.5000e+00
3.7255e+00 1.0000e+05 0.0000e+00 1.0000e+00 1.0000e+05 0.0000e+00 2.5000e+00
4.1176e+00 1.0000e+05 0.0000e+00 1.0000e+00 1.0000e+05 0.0000e+00 2.5000e+00
4.5098e+00 1.0000e+05 0.0000e+00 1.0000e+00 1.0000e+05 0.0000e+00 2.5000e+00
4.9020e+00 1.0000e+05 0.0000e+00 1.0000e+00 1.0000e+05 0.0000e+00 2.5000e+00
5.2941e+00 1.0000e+05 0.0000e+00 1.0000e+00 1.0000e+05 0.0000e+00 2.5000e+00
5.6863e+00 1.0000e+05 0.0000e+00 1.0000e+00 1.0000e+05 0.0000e+00 2.5000e+00
6.0784e+00 1.0000e+05 0.0000e+00 1.0000e+00 1.0000e+05 0.0000e+00 2.5000e+00
6.4706e+00 1.0000e+05 0.0000e+00 1.0000e+00 1.0000e+05 0.0000e+00 2.5000e+00
6.8627e+00 1.0000e+05 0.0000e+00 1.0000e+00 1.0000e+05 0.0000e+00 2.5000e+00
7.2549e+00 1.0000e+05 0.0000e+00 1.0000e+00 1.0000e+05 0.0000e+00 2.5000e+00
7.6471e+00 1.0000e+05 0.0000e+00 1.0000e+00 1.0000e+05 0.0000e+00 2.5000e+00
8.0392e+00 1.0000e+05 0.0000e+00 1.0000e+00 1.0000e+05 0.0000e+00 2.5000e+00
8.4314e+00 1.0000e+05 0.0000e+00 1.0000e+00 1.0000e+05 0.0000e+00 2.5000e+00
8.8235e+00 1.0000e+05 0.0000e+00 1.0000e+00 1.0000e+05 0.0000e+00 2.5000e+00
9.2157e+00 1.0000e+05 0.0000e+00 1.0000e+00 1.0000e+05 0.0000e+00 2.5000e+00
9.6078e+00 1.0000e+05 0.0000e+00 1.0000e+00 1.0000e+05 0.0000e+00 2.5000e+00
1.0000e+01 1.0000e+05 0.0000e+00 1.0000e+00 1.0000e+05 0.0000e+00 2.5000e+00
1.0392e+01 1.0000e+05 0.0000e+00 1.0000e+00 1.0000e+05 0.0000e+00 2.5000e+00
1.0784e+01 1.0000e+05 0.0000e+00 1.0000e+00 1.0000e+05 0.0000e+00 2.5000e+00
1.1176e+01 1.0000e+05 0.0000e+00 1.0000e+00 1.0000e+05 0.0000e+00 2.5000e+00
1.1569e+01 1.0000e+05 0.0000e+00 1.0000e+00 1.0000e+05 0.0000e+00 2.5000e+00
1.1961e+01 1.0000e+05 0.0000e+00 1.0000e+00 1.0000e+05 0.0000e+00 2.5000e+00
1.2353e+01 1.0000e+05 0.0000e+00 1.0000e+00 1.0000e+05 0.0000e+00 2.5000e+00
1.2745e+01 1.0000e+05 0.0000e+00 1.0000e+00 1.0000e+05 0.0000e+00 2.5000e+00
1.3137e+01 1.0000e+05 0.0000e+00 1.0000e+00 1.0000e+05 0.0000e+00 2.5000e+00
1.3529e+01 1.0000e+05 0.0000e+00 1.0000e+00 1.0000e+05 0.0000e+00 2.5000e+00
1.3922e+01 1.0000e+05 0.0000e+00 1.0000e+00 1.0000e+05 0.0000e+00 2.5000e+00
1.4314e+01 1.0000e+05 0.0000e+00 1.0000e+00 1.0000e+05 0.0000e+00 2.5000e+00
1.4706e+01 1.0000e+05 0.0000e+00 1.0000e+00 1.0000e+05 0.0000e+00 2.5000e+00
1.5098e+01 1.0000e+05 0.0000e+00 1.0000e+00 1.0000e+05 0.0000e+00 2.5000e+00
1.5490e+01 1.0000e+05 0.0000e+00 1.0000e+00 1.0000e+05 0.0000e+00 2.5000e+00
1.5882e+01 1.0000e+05 0.0000e+00 1.0000e+00 1.0000e+05 0.0000e+00 2.5000e+00
1.6275e+01 1.0000e+05 0.0000e+00 1.0000e+00 1.0000e+05 0.0000e+00 2.5000e+00
1.6667e+01 1.0000e+05 0.0000e+00 1.0000e+00 1.0000e+05 0.0000e+00 2.5000e+00
1.7059e+01 1.0000e+05 0.0000e+00 1.0000e+00 1.0000e+05 0.0000e+00 2.5000e+00
1.7451e+01 1.0000e+05 0.0000e+00 1.0000e+00 1.0000e+05 0.0000e+00 2.5000e+00
1.7843e+01 1.0000e+05 0.0000e+00 1.0000e+00 1.0000e+05 0.0000e+00 2.5000e+00
1.8235e+01 1.0000e+05 0.0000e+00 1.0000e+00 1.0000e+05 0.0000e+00 2.5000e+00
1.8627e+01 1.0000e+05 0.0000e+00 1.0000e+00 1.0000e+05 0.0000e+00 2.5000e+00
1.9020e+01 1.0000e+05 0.0000e+00 1.0000e+00 1.0000e+05 0.0000e+00 2.5000e+00
1.9412e+01 1.0000e+05 0.0000e+00 1.0000e+00 1.0000e+05 0.0000e+00 2.5000e+00
1.9804e+01 1.0000e+05 0.0000e+00 1.0000e+00 1.0000e+05 0.0000e+00 2.5000e+00
2.0196e+01 1.0000e+05 0.0000e+00 1.0000e+00 1.0000e+05 0.0000e+00 2.5000e+00
2.0588e+01 1.0000e+05 0.0000e+00 1.0000e+00 1.0000e+05 0.0000e+00 2.5000e+00
2.0980e+01 1.0000e+05 0.0000e+00 1.0000e+00 1.0000e+05 0.0000e+00 2.5000e+00
2.1373e+01 1.0000e+05 0.0000e+00 1.0000e+00 1.0000e+05 0.0000e+00 2.5000e+00
2.1765e+01 1.0000e+05 0.0000e+00 1.0000e+00 1.0000e+05 0.0000e+00 2.5000e+00
2.2157e+01 1.0000e+05 0.0000e+00 1.0000e+00 1.0000e+05 0.0000e+00 2.5000e+00
2.2549e+01 1.0000e+05 0.0000e+00 1.0000e+00 1.0000e+05 0.0000e+00 2.5000e+00
2.2941e+01 1.0000e+05 0.0000e+00 1.0000e+00 1.0000e+05 0.0000e+00 2.5000e+00
2.3333e+01 1.0000e+05 0.0000e+00 1.0000e+00 1.0000e+05 0.0000e+00 2.5000e+00
2.3725e+01 1.0000e+05 0.0000e+00 1.0000e+00 1.0000e+05 0.0000e+00 2.5000e+00
2.4118e+01 1.0000e+05 0.0000e+00 1.0000e+00 1.0000e+05 0.0000e+00 2.5000e+00
2.4510e+01 1.0000e+05 0.0000e+00 1.0000e+00 1.0000e+05 0.0000e+00 2.5000e+00
2.4902e+01 1.0000e+05 0.0000e+00 1.0000e+00 1.0000e+05 0.0000e+00 2.5000e+00
2.5294e+01 1.0000e+05 6.0868e-20 1.0000e+00 1.0000e+05 6.0868e-15 2.5000e+00
2.5686e+01 1.0000e+05 6.0528e-19 1.0000e+00 1.0000e+05 6.0528e-14 2.5000e+00
2.6078e+01 1.0000e+05 2.2102e-18 1.0000e+00 1.0000e+05 2.2102e-13 2.5000e+00
2.6471e+01 1.0000e+05 5.3923e-18 1.0000e+00 1.0000e+05 5.3923e-13 2.5000e+00
2.6863e+01 1.0000e+05 1.2238e-17 1.0000e+00 1.0000e+05 1.2238e-12 2.5000e+00
2.7255e+01 1.0000e+05 2.8578e-17 1.0000e+00 1.0000e+05 2.8578e-12 2.5000e+00
2.7647e+01 1.0000e+05 6.8703e-17 1.0000e+00 1.0000e+05 6.8703e-12 2.5000e+00
2.8039e+01 1.0000e+05 1.6664e-16 1.0000e+00 1.0000e+05 1.6664e-11 2.5000e+00
2.8431e+01 1.0000e+05 4.0341e-16 1.0000e+00 1.0000e+05 4.0341e-11 2.5000e+00
2.8824e+01 1.0000e+05 9.6961e-16 1.0000e+00 1.0000e+05 9.6961e-11 2.5000e+00
2.9216e+01 1.0000e+05 2.3065e-15 1.0000e+00 1.0000e+05 2.3065e-10 2.5000e+00
2.9608e+01 1.0000e+05 5.4200e-15 1.0000e+00 1.0000e+05 5.4200e-10 2.5000e+00
3.0000e+01 1.0000e+05 1.2574e-14 1.0000e+00 1.0000e+05 1.2574e-09 2.5000e+00
3.0392e+01 1.0000e+05 2.8793e-14 1.0000e+00 1.0000e+05 2.8793e-09 2.5000e+00
3.0784e+01 1.0000e+05 6.5062e-14 1.0000e+00 1.0000e+05 6.5062e-09 2.5000e+00
3.1176e+01 1.0000e+05 1.4506e-13 1.0000e+00 1.0000e+05 1.4506e-08 2.5000e+00
3.1569e+01 1.0000e+05 3.1907e-13 1.0000e+00 1.0000e+05 3.1907e-08 2.5000e+00
3.1961e+01 1.0000e+05 6.9234e-13 1.0000e+00 1.0000e+05 6.9234e-08 2.5000e+00
3.2353e+01 1.0000e+05 1.4818e-12 1.0000e+00 1.0000e+05 1.4818e-07 2.5000e+00
3.2745e+01 1.0000e+05 3.1278e-12 1.0000e+00 1.0000e+05 3.1278e-07 2.5000e+00
3.3137e+01 1.0000e+05 6.5110e-12 1.0000e+00 1.0000e+05 6.5110e-07 2.5000e+00
3.3529e+01 1.0000e+05 1.3365e-11 1.0000e+00 1.0000e+05 1.3365e-06 2.5000e+00
3.3922e+01 1.0000e+05 2.7049e-11 1.0000e+00 1.0000e+05 2.7049e-06 2.5000e+00
3.4314e+01 1.0000e+05 5.3969e-11 1.0000e+00 1.0000e+05 5.3969e-06 2.5000e+00
3.4706e+01 1.0000e+05 1.0615e-10 1.0000e+00 1.0000e+05 1.0615e-05 2.5000e+00
3.5098e+01 1.0000e+05 2.0580e-10 1.0000e+00 1.0000e+05 2.0580e-05 2.5000e+00
3.5490e+01 1.0000e+05 3.9325e-10 1.0000e+00 1.0000e+05 3.9325e-05 2.5000e+00
3.5882e+01 1.0000e+05 7.4055e-10 1.0000e+00 1.0000e+05 7.4055e-05 2.5000e+00
3.6275e+01 1.0000e+05 1.3742e-09 9.9999e-01 1.0000e+05 1.3742e-04 2.5000e+00
3.6667e+01 1.0000e+05 2.5128e-09 9.9999e-01 1.0000e+05 2.5128e-04 2.5000e+00
3.7059e+01 1.0000e+05 4.5268e-09 9.9998e-01 1.0000e+05 4.5268e-04 2.5000e+00
3.7451e+01 1.0000e+05 8.0341e-09 9.9997e-01 1.0000e+05 8.0341e-04 2.4999e+00
3.7843e+01 1.0000e+05 1.4046e-08 9.9995e-01 1.0000e+05 1.4046e-03 2.4999e+00
3.8235e+01 1.0000e+05 2.4190e-08 9.9992e-01 1.0000e+05 2.4190e-03 2.4998e+00
3.8627e+01 1.0000e+05 4.1033e-08 9.9987e-01 1.0000e+05 4.1033e-03 2.4997e+00
3.9020e+01 1.0000e+05 6.8550e-08 9.9979e-01 1.0000e+05 6.8550e-03 2.4995e+00
3.9412e+01 1.0000e+05 1.1278e-07 9.9966e-01 1.0000e+05 1.1278e-02 2.4992e+00
3.9804e+01 9.9999e+04 1.8273e-07 9.9947e-01 9.9999e+04 1.8273e-02 2.4987e+00
4.0196e+01 9.9999e+04 2.9153e-07 9.9917e-01 9.9999e+04 2.9153e-02 2.4979e+00
4.0588e+01 9.9998e+04 4.5799e-07 9.9874e-01 9.9998e+04 4.5798e-02 2.4969e+00
4.0980e+01 9.9997e+04 7.0843e-07 9.9812e-01 9.9997e+04 7.0841e-02 2.4953e+00
4.1373e+01 9.9996e+04 1.0789e-06 9.9722e-01 9.9996e+04 1.0789e-01 2.4931e+00
4.1765e+01 9.9994e+04 1.6179e-06 9.9597e-01 9.9994e+04 1.6178e-01 2.4899e+00
4.2157e+01 9.9990e+04 2.3885e-06 9.9426e-01 9.9990e+04 2.3883e-01 2.4856e+00
4.2549e+01 9.9985e+04 3.4719e-06 9.9195e-01 9.9985e+04 3.4714e-01 2.4799e+00
4.2941e+01 9.9978e+04 4.9686e-06 9.8891e-01 9.9978e+04 4.9676e-01 2.4723e+00
4.3333e+01 9.9968e+04 7.0010e-06 9.8497e-01 9.9968e+04 6.9988e-01 2.4624e+00
4.3725e+01 9.9955e+04 9.7128e-06 9.7998e-01 9.9955e+04 9.7084e-01 2.4500e+00
4.4118e+01 9.9936e+04 1.3268e-05 9.7379e-01 9.9936e+04 1.3259e+00 2.4345e+00
4.4510e+01 9.9910e+04 1.7847e-05 9.6627e-01 9.9910e+04 1.7831e+00 2.4157e+00
4.4902e+01 9.9877e+04 2.3639e-05 9.5734e-01 9.9877e+04 2.3610e+00 2.3934e+00
4.5294e+01 9.9833e+04 3.0835e-05 9.4697e-01 9.9833e+04 3.0784e+00 2.3675e+00
4.5686e+01 9.9778e+04 3.9615e-05 9.3521e-01 9.9778e+04 3.9527e+00 2.3381e+00
4.6078e+01 9.9707e+04 5.0131e-05 9.2222e-01 9.9707e+04 4.9985e+00 2.3057e+00
4.6471e+01 9.9619e+04 6.2500e-05 9.0820e-01 9.9619e+04 6.2262e+00 2.2707e+00
4.6863e+01 9.9512e+04 7.6790e-05 8.9343e-01 9.9512e+04 7.6416e+00 2.2339e+00
4.7255e+01 9.9382e+04 9.2973e-05 8.7822e-01 9.9382e+04 9.2398e+00 2.1960e+00
4.7647e+01 9.9235e+04 1.1132e-04 8.6294e-01 9.9235e+04 1.1047e+01 2.1580e+00
4.8039e+01 9.9010e+04 1.2972e-04 8.4704e-01 9.9010e+04 1.2843e+01 2.1184e+00
4.8431e+01 9.9024e+04 1.5911e-04 8.3434e-01 9.9024e+04 1.5756e+01 2.0871e+00
4.8824e+01 9.7916e+04 1.5229e-04 8.0869e-01 9.7916e+04 1.4911e+01 2.0229e+00
4.9216e+01 9.9656e+04 2.5286e-04 8.1821e-01 9.9656e+04 2.5199e+01 2.0487e+00
4.9608e+01 1.0316e+05 1.8675e-04 7.7031e-01 1.0316e+05 1.9265e+01 1.9276e+00
5.0000e+01 1.3654e+04 2.4417e-04 7.6769e-01 1.3654e+04 3.3340e+00 1.9196e+00
5.0392e+01 1.0963e+04 3.4922e-04 7.5540e-01 1.0963e+04 3.8285e+00 1.8892e+00
5.0784e+01 1.1628e+04 8.0367e-04 7.8342e-01 1.1628e+04 9.3452e+00 1.9623e+00
5.1176e+01 1.2405e+04 1.0939e-03 7.9942e-01 1.2405e+04 1.3569e+01 2.0060e+00
5.1569e+01 1.2665e+04 1.2539e-03 8.0547e-01 1.2665e+04 1.5881e+01 2.0236e+00
5.1961e+01 1.2807e+04 1.2287e-03 7.9270e-01 1.2807e+04 1.5736e+01 1.9914e+00
5.2353e+01 1.2763e+04 1.2336e-03 7.8539e-01 1.2763e+04 1.5745e+01 1.9732e+00
5.2745e+01 1.2805e+04 1.1939e-03 7.7294e-01 1.2805e+04 1.5288e+01 1.9415e+00
5.3137e+01 1.2772e+04 1.1890e-03 7.6368e-01 1.2772e+04 1.5186e+01 1.9182e+00
5.3529e+01 1.2794e+04 1.1554e-03 7.5143e-01 1.2794e+04 1.4783e+01 1.8871e+00
5.3922e+01 1.2774e+04 1.1422e-03 7.4079e-01 1.2774e+04 1.4590e+01 1.8603e+00
5.4314e+01 1.2783e+04 1.1119e-03 7.2831e-01 1.2783e+04 1.4213e+01 1.8287e+00
5.4706e+01 1.2770e+04 1.0922e-03 7.1631e-01 1.2770e+04 1.3948e+01 1.7984e+00
5.5098e+01 1.2771e+04 1.0625e-03 7.0297e-01 1.2771e+04 1.3568e+01 1.7646e+00
5.5490e+01 1.2761e+04 1.0375e-03 6.8934e-01 1.2761e+04 1.3239e+01 1.7302e+00
5.5882e+01 1.2757e+04 1.0062e-03 6.7453e-01 1.2757e+04 1.2836e+01 1.6928e+00
5.6275e+01 1.2747e+04 9.7639e-04 6.5894e-01 1.2747e+04 1.2447e+01 1.6534e+00
5.6667e+01 1.2741e+04 9.4243e-04 6.4215e-01 1.2741e+04 1.2007e+01 1.6110e+00
5.7059e+01 1.2731e+04 9.0798e-04 6.2428e-01 1.2731e+04 1.1560e+01 1.5660e+00
5.7451e+01 1.2722e+04 8.7045e-04 6.0512e-01 1.2722e+04 1.1074e+01 1.5176e+00
5.7843e+01 1.2712e+04 8.3144e-04 5.8464e-01 1.2712e+04 1.0569e+01 1.4660e+00
5.8235e+01 1.2701e+04 7.8976e-04 5.6272e-01 1.2701e+04 1.0031e+01 1.4108e+00
5.8627e+01 1.2689e+04 7.4606e-04 5.3929e-01 1.2689e+04 9.4670e+00 1.3518e+00
5.9020e+01 1.2677e+04 6.9979e-04 5.1424e-01 1.2677e+04 8.8714e+00 1.2887e+00
5.9412e+01 1.2665e+04 6.5113e-04 4.8746e-01 1.2665e+04 8.2463e+00 1.2213e+00
5.9804e+01 1.2651e+04 5.9983e-04 4.5884e-01 1.2651e+04 7.5885e+00 1.1494e+00
6.0196e+01 1.2637e+04 5.4584e-04 4.2824e-01 1.2637e+04 6.8978e+00 1.0725e+00
6.0588e+01 1.2622e+04 4.8897e-04 3.9551e-01 1.2622e+04 6.1719e+00 9.9028e-01
6.0980e+01 1.2607e+04 4.2907e-04 3.6046e-01 1.2607e+04 5.4092e+00 9.0231e-01
6.1373e+01 1.2591e+04 3.6597e-04 3.2290e-01 1.2591e+04 4.6078e+00 8.0809e-01
6.1765e+01 1.2574e+04 2.9978e-04 2.8278e-01 1.2574e+04 3.7694e+00 7.0751e-01
6.2157e+01 1.2557e+04 2.3156e-04 2.4067e-01 1.2557e+04 2.9076e+00 6.0202e-01
6.2549e+01 1.2540e+04 1.6450e-04 1.9872e-01 1.2540e+04 2.0630e+00 4.9697e-01
6.2941e+01 1.2526e+04 1.0450e-04 1.6117e-01 1.2526e+04 1.3089e+00 4.0298e-01
6.3333e+01 1.2515e+04 5.8018e-05 1.3271e-01 1.2515e+04 7.2607e-01 3.3181e-01
6.3725e+01 1.2507e+04 2.7979e-05 1.1513e-01 1.2507e+04 3.4994e-01 2.8783e-01
6.4118e+01 1.2503e+04 1.1919e-05 1.0623e-01 1.2503e+04 1.4902e-01 2.6557e-01
6.4510e+01 1.2501e+04 4.6406e-06 1.0238e-01 1.2501e+04 5.8014e-02 2.5594e-01
6.4902e+01 1.2500e+04 1.7121e-06 1.0087e-01 1.2500e+04 2.1402e-02 2.5217e-01
6.5294e+01 1.2500e+04 6.1391e-07 1.0031e-01 1.2500e+04 7.6740e-03 2.5078e-01
6.5686e+01 1.2500e+04 2.1685e-07 1.0011e-01 1.2500e+04 2.7106e-03 2.5028e-01
6.6078e+01 1.2500e+04 7.5892e-08 1.0004e-01 1.2500e+04 9.4865e-04 2.5010e-01
6.6471e+01 1.2500e+04 2.6374e-08 1.0001e-01 1.2500e+04 3.2967e-04 2.5003e-01
6.6863e+01 1.2500e+04 9.1078e-09 1.0000e-01 1.2500e+04 1.1385e-04 2.5001e-01
6.7255e+01 1.2500e+04 3.1263e-09 1.0000e-01 1.2500e+04 3.9079e-05 2.5000e-01
6.7647e+01 1.2500e+04 1.0667e-09 1.0000e-01 1.2500e+04 1.3334e-05 2.5000e-01
6.8039e+01 1.2500e+04 3.6176e-10 1.0000e-01 1.2500e+04 4.5220e-06 2.5000e-01
6.8431e+01 1.2500e+04 1.2194e-10 1.0000e-01 1.2500e+04 1.5243e-06 2.5000e-01
6.8824e+01 1.2500e+04 4.0852e-11 1.0000e-01 1.2500e+04 5.1065e-07 2.5000e-01
6.9216e+01 1.2500e+04 1.3601e-11 1.0000e-01 1.2500e+04 1.7001e-07 2.5000e-01
6.9608e+01 1.2500e+04 4.4996e-12 1.0000e-01 1.2500e+04 5.6245e-08 2.5000e-01
7.0000e+01 1.2500e+04 1.4792e-12 1.0000e-01 1.2500e+04 1.8490e-08 2.5000e-01
7.0392e+01 1.2500e+04 4.8314e-13 1.0000e-01 1.2500e+04 6.0392e-09 2.5000e-01
7.0784e+01 1.2500e+04 1.5678e-13 1.0000e-01 1.2500e+04 1.9598e-09 2.5000e-01
7.1176e+01 1.2500e+04 5.0543e-14 1.0000e-01 1.2500e+04 6.3178e-10 2.5000e-01
7.1569e+01 1.2500e+04 1.6185e-14 1.0000e-01 1.2500e+04 2.0231e-10 2.5000e-01
7.1961e+01 1.2500e+04 5.1474e-15 1.0000e-01 1.2500e+04 6.4343e-11 2.5000e-01
7.2353e+01 1.2500e+04 1.6251e-15 1.0000e-01 1.2500e+04 2.0313e-11 2.5000e-01
7.2745e+01 1.2500e+04 5.0882e-16 1.0000e-01 1.2500e+04 6.3602e-12 2.5000e-01
7.3137e+01 1.2500e+04 1.5750e-16 1.0000e-01 1.2500e+04 1.9687e-12 2.5000e-01
7.3529e+01 1.2500e+04 4.7642e-17 1.0000e-01 1.2500e+04 5.9553e-13 2.5000e-01
7.3922e+01 1.2500e+04 1.3673e-17 1.0000e-01 1.2500e+04 1.7092e-13 2.5000e-01
7.4314e+01 1.2500e+04 3.3291e-18 1.0000e-01 1.2500e+04 4.1613e-14 2.5000e-01
7.4706e+01 1.2500e+04 4.4816e-19 1.0000e-01 1.2500e+04 5.6020e-15 2.5000e-01
7.5098e+01 1.2500e+04 9.6256e-21 1.0000e-01 1.2500e+04 1.2032e-16 2.5000e-01
7.5490e+01 1.2500e+04 0.0000e+00 1.0000e-01 1.2500e+04 0.0000e+00 2.5000e-01
7.5882e+01 1.2500e+04 0.0000e+00 1.0000e-01 1.2500e+04 0.0000e+00 2.5000e-01
7.6275e+01 1.2500e+04 0.0000e+00 1.0000e-01 1.2500e+04 0.0000e+00 2.5000e-01
7.6667e+01 1.2500e+04 0.0000e+00 1.0000e-01 1.2500e+04 0.0000e+00 2.5000e-01
7.7059e+01 1.2500e+04 0.0000e+00 1.0000e-01 1.2500e+04 0.0000e+00 2.5000e-01
7.7451e+01 1.2500e+04 0.0000e+00 1.0000e-01 1.2500e+04 0.0000e+00 2.5000e-01
7.7843e+01 1.2500e+04 0.0000e+00 1.0000e-01 1.2500e+04 0.0000e+00 2.5000e-01
7.8235e+01 1.2500e+04 0.0000e+00 1.0000e-01 1.2500e+04 0.0000e+00 2.5000e-01
7.8627e+01 1.2500e+04 0.0000e+00 1.0000e-01 1.2500e+04 0.0000e+00 2.5000e-01
7.9020e+01 1.2500e+04 0.0000e+00 1.0000e-01 1.2500e+04 0.0000e+00 2.5000e-01
7.9412e+01 1.2500e+04 0.0000e+00 1.0000e-01 1.2500e+04 0.0000e+00 2.5000e-01
7.9804e+01 1.2500e+04 0.0000e+00 1.0000e-01 1.2500e+04 0.0000e+00 2.5000e-01
8.0196e+01 1.2500e+04 0.0000e+00 1.0000e-01 1.2500e+04 0.0000e+00 2.5000e-01
8.0588e+01 1.2500e+04 0.0000e+00 1.0000e-01 1.2500e+04 0.0000e+00 2.5000e-01
8.0980e+01 1.2500e+04 0.0000e+00 1.0000e-01 1.2500e+04 0.0000e+00 2.5000e-01
8.1373e+01 1.2500e+04 0.0000e+00 1.0000e-01 1.2500e+04 0.0000e+00 2.5000e-01
8.1765e+01 1.2500e+04 0.0000e+00 1.0000e-01 1.2500e+04 0.0000e+00 2.5000e-01
8.2157e+01 1.2500e+04 0.0000e+00 1.0000e-01 1.2500e+04 0.0000e+00 2.5000e-01
8.2549e+01 1.2500e+04 0.0000e+00 1.0000e-01 1.2500e+04 0.0000e+00 2.5000e-01
8.2941e+01 1.2500e+04 0.0000e+00 1.0000e-01 1.2500e+04 0.0000e+00 2.5000e-01
8.3333e+01 1.2500e+04 0.0000e+00 1.0000e-01 1.2500e+04 0.0000e+00 2.5000e-01
8.3725e+01 1.2500e+04 0.0000e+00 1.0000e-01 1.2500e+04 0.0000e+00 2.5000e-01
8.4118e+01 1.2500e+04 0.0000e+00 1.0000e-01 1.2500e+04 0.0000e+00 2.5000e-01
8.4510e+01 1.2500e+04 0.0000e+00 1.0000e-01 1.2500e+04 0.0000e+00 2.5000e-01
8.4902e+01 1.2500e+04 0.0000e+00 1.0000e-01 1.2500e+04 0.0000e+00 2.5000e-01
8.5294e+01 1.2500e+04 0.0000e+00 1.0000e-01 1.2500e+04 0.0000e+00 2.5000e-01
8.5686e+01 1.2500e+04 0.0000e+00 1.0000e-01 1.2500e+04 0.0000e+00 2.5000e-01
8.6078e+01 1.2500e+04 0.0000e+00 1.0000e-01 1.2500e+04 0.0000e+00 2.5000e-01
8.6471e+01 1.2500e+04 0.0000e+00 1.0000e-01 1.2500e+04 0.0000e+00 2.5000e-01
8.6863e+01 1.2500e+04 0.0000e+00 1.0000e-01 1.2500e+04 0.0000e+00 2.5000e-01
8.7255e+01 1.2500e+04 0.0000e+00 1.0000e-01 1.2500e+04 0.0000e+00 2.5000e-01
8.7647e+01 1.2500e+04 0.0000e+00 1.0000e-01 1.2500e+04 0.0000e+00 2.5000e-01
8.8039e+01 1.2500e+04 0.0000e+00 1.0000e-01 1.2500e+04 0.0000e+00 2.5000e-01
8.8431e+01 1.2500e+04 0.0000e+00 1.0000e-01 1.2500e+04 0.0000e+00 2.5000e-01
8.8824e+01 1.2500e+04 0.0000e+00 1.0000e-01 1.2500e+04 0.0000e+00 2.5000e-01
8.9216e+01 1.2500e+04 0.0000e+00 1.0000e-01 1.2500e+04 0.0000e+00 2.5000e-01
8.9608e+01 1.2500e+04 0.0000e+00 1.0000e-01 1.2500e+04 0.0000e+00 2.5000e-01
9.0000e+01 1.2500e+04 0.0000e+00 1.0000e-01 1.2500e+04 0.0000e+00 2.5000e-01
9.0392e+01 1.2500e+04 0.0000e+00 1.0000e-01 1.2500e+04 0.0000e+00 2.5000e-01
9.0784e+01 1.2500e+04 0.0000e+00 1.0000e-01 1.2500e+04 0.0000e+00 2.5000e-01
9.1176e+01 1.2500e+04 0.0000e+00 1.0000e-01 1.2500e+04 0.0000e+00 2.5000e-01
9.1569e+01 1.2500e+04 0.0000e+00 1.0000e-01 1.2500e+04 0.0000e+00 2.5000e-01
9.1961e+01 1.2500e+04 0.0000e+00 1.0000e-01 1.2500e+04 0.0000e+00 2.5000e-01
9.2353e+01 1.2500e+04 0.0000e+00 1.0000e-01 1.2500e+04 0.0000e+00 2.5000e-01
9.2745e+01 1.2500e+04 0.0000e+00 1.0000e-01 1.2500e+04 0.0000e+00 2.5000e-01
9.3137e+01 1.2500e+04 0.0000e+00 1.0000e-01 1.2500e+04 0.0000e+00 2.5000e-01
9.3529e+01 1.2500e+04 0.0000e+00 1.0000e-01 1.2500e+04 0.0000e+00 2.5000e-01
9.3922e+01 1.2500e+04 0.0000e+00 1.0000e-01 1.2500e+04 0.0000e+00 2.5000e-01
9.4314e+01 1.2500e+04 0.0000e+00 1.0000e-01 1.2500e+04 0.0000e+00 2.5000e-01
9.4706e+01 1.2500e+04 0.0000e+00 1.0000e-01 1.2500e+04 0.0000e+00 2.5000e-01
9.5098e+01 1.2500e+04 0.0000e+00 1.0000e-01 1.2500e+04 0.0000e+00 2.5000e-01
9.5490e+01 1.2500e+04 0.0000e+00 1.0000e-01 1.2500e+04 0.0000e+00 2.5000e-01
9.5882e+01 1.2500e+04 0.0000e+00 1.0000e-01 1.2500e+04 0.0000e+00 2.5000e-01
9.6275e+01 1.2500e+04 0.0000e+00 1.0000e-01 1.2500e+04 0.0000e+00 2.5000e-01
9.6667e+01 1.2500e+04 0.0000e+00 1.0000e-01 1.2500e+04 0.0000e+00 2.5000e-01
9.7059e+01 1.2500e+04 0.0000e+00 1.0000e-01 1.2500e+04 0.0000e+00 2.5000e-01
9.7451e+01 1.2500e+04 0.0000e+00 1.0000e-01 1.2500e+04 0.0000e+00 2.5000e-01
9.7843e+01 1.2500e+04 0.0000e+00 1.0000e-01 1.2500e+04 0.0000e+00 2.5000e-01
9.8235e+01 1.2500e+04 0.0000e+00 1.0000e-01 1.2500e+04 0.0000e+00 2.5000e-01
9.8627e+01 1.2500e+04 0.0000e+00 1.0000e-01 1.2500e+04 0.0000e+00 2.5000e-01
9.9020e+01 1.2500e+04 0.0000e+00 1.0000e-01 1.2500e+04 0.0000e+00 2.5000e-01
9.9412e+01 1.2500e+04 0.0000e+00 1.0000e-01 1.2500e+04 0.0000e+00 2.5000e-01
9.9804e+01 1.2500e+04 0.0000e+00 1.0000e-01 1.2500e+04 0.0000e+00 2.5000e-01
