# # x Density Velocity Pressure q0 q1 q2
1.9608e-01 1.0000e+05 0.0000e+00 1.0000e+00 1.0000e+05 0.0000e+00 2.5000e+00
5.8824e-01 1.0000e+05 0.0000e+00 1.0000e+00 1.0000e+05 0.0000e+00 2.5000e+00
9.8039e-01 1.0000e+05 0.0000e+00 1.0000e+00 1.0000e+05 0.0000e+00 2.5000e+00
1.3725e+00 1.0000e+05 0.0000e+00 1.0000e+00 1.0000e+05 0.0000e+00 2.5000e+00
1.7647e+00 1.0000e+05 0.0000e+00 1.0000e+00 1.0000e+05 0.0000e+00 2.5000e+00
2.1569e+00 1.0000e+05 0.0000e+00 1.0000e+00 1.0000e+05 0.0000e+00 2.5000e+00
2.5490e+00 1.0000e+05 0.0000e+00 1.0000e+00 1.0000e+05 0.0000e+00 2.5000e+00
2.9412e+00 1.0000e+05 0.0000e+00 1.0000e+00 1.0000e+05 0.0000e+00 2.5000e+00
3.3333e+00 1.0000e+05 0.0000e+00 1.0000e+00 1.0000e+05 0.0000e+00 2.5000e+00
3.7255e+00 1.0000e+05 0.0000e+00 1.0000e+00 1.0000e+05 0.0000e+00 2.5000e+00
4.1176e+00 1.0000e+05 0.0000e+00 1.0000e+00 1.0000e+05 0.0000e+00 2.5000e+00
4.5098e+00 1.0000e+05 0.0000e+00 1.0000e+00 1.0000e+05 0.0000e+00 2.5000e+00
4.9020e+00 1.0000e+05 0.0000e+00 1.0000e+00 1.0000e+05 0.0000e+00 2.5000e+00
5.2941e+00 1.0000e+05 0.0000e+00 1.0000e+00 1.0000e+05 0.0000e+00 2.5000e+00
5.6863e+00 1.0000e+05 0.0000e+00 1.0000e+00 1.0000e+05 0.0000e+00 2.5000e+00
6.0784e+00 1.0000e+05 0.0000e+00 1.0000e+00 1.0000e+05 0.0000e+00 2.5000e+00
6.4706e+00 1.0000e+05 0.0000e+00 1.0000e+00 1.0000e+05 0.0000e+00 2.5000e+00
6.8627e+00 1.0000e+05 0.0000e+00 1.0000e+00 1.0000e+05 0.0000e+00 2.5000e+00
7.2549e+00 1.0000e+05 0.0000e+00 1.0000e+00 1.0000e+05 0.0000e+00 2.5000e+00
7.6471e+00 1.0000e+05 0.0000e+00 1.0000e+00 1.0000e+05 0.0000e+00 2.5000e+00
8.0392e+00 1.0000e+05 0.0000e+00 1.0000e+00 1.0000e+05 0.0000e+00 2.5000e+00
8.4314e+00 1.0000e+05 0.0000e+00 1.0000e+00 1.0000e+05 0.0000e+00 2.5000e+00
8.8235e+00 1.0000e+05 0.0000e+00 1.0000e+00 1.0000e+05 0.0000e+00 2.5000e+00
9.2157e+00 1.0000e+05 0.0000e+00 1.0000e+00 1.0000e+05 0.0000e+00 2.5000e+00
9.6078e+00 1.0000e+05 0.0000e+00 1.0000e+00 1.0000e+05 0.0000e+00 2.5000e+00
1.0000e+01 1.0000e+05 0.0000e+00 1.0000e+00 1.0000e+05 0.0000e+00 2.5000e+00
1.0392e+01 1.0000e+05 0.0000e+00 1.0000e+00 1.0000e+05 0.0000e+00 2.5000e+00
1.0784e+01 1.0000e+05 0.0000e+00 1.0000e+00 1.0000e+05 0.0000e+00 2.5000e+00
1.1176e+01 1.0000e+05 0.0000e+00 1.0000e+00 1.0000e+05 0.0000e+00 2.5000e+00
1.1569e+01 1.0000e+05 0.0000e+00 1.0000e+00 1.0000e+05 0.0000e+00 2.5000e+00
1.1961e+01 1.0000e+05 0.0000e+00 1.0000e+00 1.0000e+05 0.0000e+00 2.5000e+00
1.2353e+01 1.0000e+05 0.0000e+00 1.0000e+00 1.0000e+05 0.0000e+00 2.5000e+00
1.2745e+01 1.0000e+05 0.0000e+00 1.0000e+00 1.0000e+05 0.0000e+00 2.5000e+00
1.3137e+01 1.0000e+05 0.0000e+00 1.0000e+00 1.0000e+05 0.0000e+00 2.5000e+00
1.3529e+01 1.0000e+05 0.0000e+00 1.0000e+00 1.0000e+05 0.0000e+00 2.5000e+00
1.3922e+01 1.0000e+05 0.0000e+00 1.0000e+00 1.0000e+05 0.0000e+00 2.5000e+00
1.4314e+01 1.0000e+05 0.0000e+00 1.0000e+00 1.0000e+05 0.0000e+00 2.5000e+00
1.4706e+01 1.0000e+05 0.0000e+00 1.0000e+00 1.0000e+05 0.0000e+00 2.5000e+00
1.5098e+01 1.0000e+05 0.0000e+00 1.0000e+00 1.0000e+05 0.0000e+00 2.5000e+00
1.5490e+01 1.0000e+05 0.0000e+00 1.0000e+00 1.0000e+05 0.0000e+00 2.5000e+00
1.5882e+01 1.0000e+05 0.0000e+00 1.0000e+00 1.0000e+05 0.0000e+00 2.5000e+00
1.6275e+01 1.0000e+05 0.0000e+00 1.0000e+00 1.0000e+05 0.0000e+00 2.5000e+00
1.6667e+01 1.0000e+05 0.0000e+00 1.0000e+00 1.0000e+05 0.0000e+00 2.5000e+00
1.7059e+01 1.0000e+05 0.0000e+00 1.0000e+00 1.0000e+05 0.0000e+00 2.5000e+00
1.7451e+01 1.0000e+05 0.0000e+00 1.0000e+00 1.0000e+05 0.0000e+00 2.5000e+00
1.7843e+01 1.0000e+05 0.0000e+00 1.0000e+00 1.0000e+05 0.0000e+00 2.5000e+00
1.8235e+01 1.0000e+05 0.0000e+00 1.0000e+00 1.0000e+05 0.0000e+00 2.5000e+00
1.8627e+01 1.0000e+05 0.0000e+00 1.0000e+00 1.0000e+05 0.0000e+00 2.5000e+00
1.9020e+01 1.0000e+05 0.0000e+00 1.0000e+00 1.0000e+05 0.0000e+00 2.5000e+00
1.9412e+01 1.0000e+05 0.0000e+00 1.0000e+00 1.0000e+05 0.0000e+00 2.5000e+00
1.9804e+01 1.0000e+05 0.0000e+00 1.0000e+00 1.0000e+05 0.0000e+00 2.5000e+00
2.0196e+01 1.0000e+05 0.0000e+00 1.0000e+00 1.0000e+05 0.0000e+00 2.5000e+00
2.0588e+01 1.0000e+05 0.0000e+00 1.0000e+00 1.0000e+05 0.0000e+00 2.5000e+00
2.0980e+01 1.0000e+05 0.0000e+00 1.0000e+00 1.0000e+05 0.0000e+00 2.5000e+00
2.1373e+01 1.0000e+05 0.0000e+00 1.0000e+00 1.0000e+05 0.0000e+00 2.5000e+00
2.1765e+01 1.0000e+05 0.0000e+00 1.0000e+00 1.0000e+05 0.0000e+00 2.5000e+00
2.2157e+01 1.0000e+05 0.0000e+00 1.0000e+00 1.0000e+05 0.0000e+00 2.5000e+00
2.2549e+01 1.0000e+05 0.0000e+00 1.0000e+00 1.0000e+05 0.0000e+00 2.5000e+00
2.2941e+01 1.0000e+05 0.0000e+00 1.0000e+00 1.0000e+05 0.0000e+00 2.5000e+00
2.3333e+01 1.0000e+05 0.0000e+00 1.0000e+00 1.0000e+05 0.0000e+00 2.5000e+00
2.3725e+01 1.0000e+05 0.0000e+00 1.0000e+00 1.0000e+05 0.0000e+00 2.5000e+00
2.4118e+01 1.0000e+05 0.0000e+00 1.0000e+00 1.0000e+05 0.0000e+00 2.5000e+00
2.4510e+01 1.0000e+05 0.0000e+00 1.0000e+00 1.0000e+05 0.0000e+00 2.5000e+00
2.4902e+01 1.0000e+05 1.4722e-20 1.0000e+00 1.0000e+05 1.4722e-15 2.5000e+00
2.5294e+01 1.0000e+05 3.5926e-19 1.0000e+00 1.0000e+05 3.5926e-14 2.5000e+00
2.5686e+01 1.0000e+05 1.6338e-18 1.0000e+00 1.0000e+05 1.6338e-13 2.5000e+00
2.6078e+01 1.0000e+05 4.2240e-18 1.0000e+00 1.0000e+05 4.2240e-13 2.5000e+00
2.6471e+01 1.0000e+05 9.4586e-18 1.0000e+00 1.0000e+05 9.4586e-13 2.5000e+00
2.6863e+01 1.0000e+05 2.1638e-17 1.0000e+00 1.0000e+05 2.1638e-12 2.5000e+00
2.7255e+01 1.0000e+05 5.1167e-17 1.0000e+00 1.0000e+05 5.1167e-12 2.5000e+00
2.7647e+01 1.0000e+05 1.2284e-16 1.0000e+00 1.0000e+05 1.2284e-11 2.5000e+00
2.8039e+01 1.0000e+05 2.9514e-16 1.0000e+00 1.0000e+05 2.9514e-11 2.5000e+00
2.8431e+01 1.0000e+05 7.0518e-16 1.0000e+00 1.0000e+05 7.0518e-11 2.5000e+00
2.8824e+01 1.0000e+05 1.6695e-15 1.0000e+00 1.0000e+05 1.6695e-10 2.5000e+00
2.9216e+01 1.0000e+05 3.9079e-15 1.0000e+00 1.0000e+05 3.9079e-10 2.5000e+00
2.9608e+01 1.0000e+05 9.0347e-15 1.0000e+00 1.0000e+05 9.0347e-10 2.5000e+00
3.0000e+01 1.0000e+05 2.0622e-14 1.0000e+00 1.0000e+05 2.0622e-09 2.5000e+00
3.0392e+01 1.0000e+05 4.6465e-14 1.0000e+00 1.0000e+05 4.6465e-09 2.5000e+00
3.0784e+01 1.0000e+05 1.0333e-13 1.0000e+00 1.0000e+05 1.0333e-08 2.5000e+00
3.1176e+01 1.0000e+05 2.2677e-13 1.0000e+00 1.0000e+05 2.2677e-08 2.5000e+00
3.1569e+01 1.0000e+05 4.9107e-13 1.0000e+00 1.0000e+05 4.9107e-08 2.5000e+00
3.1961e+01 1.0000e+05 1.0492e-12 1.0000e+00 1.0000e+05 1.0492e-07 2.5000e+00
3.2353e+01 1.0000e+05 2.2117e-12 1.0000e+00 1.0000e+05 2.2117e-07 2.5000e+00
3.2745e+01 1.0000e+05 4.5991e-12 1.0000e+00 1.0000e+05 4.5991e-07 2.5000e+00
3.3137e+01 1.0000e+05 9.4330e-12 1.0000e+00 1.0000e+05 9.4330e-07 2.5000e+00
3.3529e+01 1.0000e+05 1.9082e-11 1.0000e+00 1.0000e+05 1.9082e-06 2.5000e+00
3.3922e+01 1.0000e+05 3.8069e-11 1.0000e+00 1.0000e+05 3.8069e-06 2.5000e+00
3.4314e+01 1.0000e+05 7.4891e-11 1.0000e+00 1.0000e+05 7.4891e-06 2.5000e+00
3.4706e+01 1.0000e+05 1.4527e-10 1.0000e+00 1.0000e+05 1.4527e-05 2.5000e+00
3.5098e+01 1.0000e+05 2.7781e-10 1.0000e+00 1.0000e+05 2.7781e-05 2.5000e+00
3.5490e+01 1.0000e+05 5.2377e-10 1.0000e+00 1.0000e+05 5.2377e-05 2.5000e+00
3.5882e+01 1.0000e+05 9.7342e-10 1.0000e+00 1.0000e+05 9.7342e-05 2.5000e+00
3.6275e+01 1.0000e+05 1.7832e-09 9.9999e-01 1.0000e+05 1.7832e-04 2.5000e+00
3.6667e+01 1.0000e+05 3.2194e-09 9.9999e-01 1.0000e+05 3.2194e-04 2.5000e+00
3.7059e+01 1.0000e+05 5.7282e-09 9.9998e-01 1.0000e+05 5.7282e-04 2.5000e+00
3.7451e+01 1.0000e+05 1.0044e-08 9.9997e-01 1.0000e+05 1.0044e-03 2.4999e+00
3.7843e+01 1.0000e+05 1.7353e-08 9.9994e-01 1.0000e+05 1.7353e-03 2.4999e+00
3.8235e+01 1.0000e+05 2.9540e-08 9.9991e-01 1.0000e+05 2.9540e-03 2.4998e+00
3.8627e+01 1.0000e+05 4.9543e-08 9.9985e-01 1.0000e+05 4.9543e-03 2.4996e+00
3.9020e+01 1.0000e+05 8.1860e-08 9.9975e-01 1.0000e+05 8.1860e-03 2.4994e+00
3.9412e+01 1.0000e+05 1.3324e-07 9.9961e-01 1.0000e+05 1.3324e-02 2.4990e+00
3.9804e+01 9.9999e+04 2.1364e-07 9.9939e-01 9.9999e+04 2.1364e-02 2.4985e+00
4.0196e+01 9.9999e+04 3.3741e-07 9.9906e-01 9.9999e+04 3.3741e-02 2.4977e+00
4.0588e+01 9.9998e+04 5.2489e-07 9.9859e-01 9.9998e+04 5.2488e-02 2.4965e+00
4.0980e+01 9.9997e+04 8.0422e-07 9.9790e-01 9.9997e+04 8.0420e-02 2.4948e+00
4.1373e+01 9.9995e+04 1.2136e-06 9.9694e-01 9.9995e+04 1.2136e-01 2.4923e+00
4.1765e+01 9.9993e+04 1.8038e-06 9.9560e-01 9.9993e+04 1.8036e-01 2.4890e+00
4.2157e+01 9.9989e+04 2.6403e-06 9.9378e-01 9.9989e+04 2.6400e-01 2.4844e+00
4.2549e+01 9.9984e+04 3.8064e-06 9.9135e-01 9.9984e+04 3.8058e-01 2.4784e+00
4.2941e+01 9.9976e+04 5.4046e-06 9.8816e-01 9.9976e+04 5.4033e-01 2.4704e+00
4.3333e+01 9.9965e+04 7.5579e-06 9.8408e-01 9.9965e+04 7.5552e-01 2.4602e+00
4.3725e+01 9.9950e+04 1.0410e-05 9.7895e-01 9.9950e+04 1.0405e+00 2.4474e+00
4.4118e+01 9.9930e+04 1.4122e-05 9.7262e-01 9.9930e+04 1.4112e+00 2.4316e+00
4.4510e+01 9.9904e+04 1.8871e-05 9.6499e-01 9.9904e+04 1.8853e+00 2.4125e+00
4.4902e+01 9.9869e+04 2.4841e-05 9.5599e-01 9.9869e+04 2.4808e+00 2.3900e+00
4.5294e+01 9.9823e+04 3.2213e-05 9.4560e-01 9.9823e+04 3.2156e+00 2.3640e+00
4.5686e+01 9.9765e+04 4.1157e-05 9.3388e-01 9.9765e+04 4.1061e+00 2.3348e+00
4.6078e+01 9.9693e+04 5.1817e-05 9.2098e-01 9.9693e+04 5.1658e+00 2.3026e+00
4.6471e+01 9.9603e+04 6.4298e-05 9.0710e-01 9.9603e+04 6.4043e+00 2.2680e+00
4.6863e+01 9.9493e+04 7.8667e-05 8.9251e-01 9.9493e+04 7.8268e+00 2.2316e+00
4.7255e+01 9.9360e+04 9.4887e-05 8.7745e-01 9.9360e+04 9.4280e+00 2.1941e+00
4.7647e+01 9.9212e+04 1.1329e-04 8.6227e-01 9.9212e+04 1.1239e+01 2.1563e+00
4.8039e+01 9.8980e+04 1.3150e-04 8.4633e-01 9.8980e+04 1.3016e+01 2.1167e+00
4.8431e+01 9.9011e+04 1.6157e-04 8.3377e-01 9.9011e+04 1.5997e+01 2.0857e+00
4.8824e+01 9.7856e+04 1.5318e-04 8.0741e-01 9.7856e+04 1.4989e+01 2.0197e+00
4.9216e+01 9.9627e+04 2.5526e-04 8.1720e-01 9.9627e+04 2.5431e+01 2.0462e+00
4.9608e+01 1.0330e+05 1.9011e-04 7.6948e-01 1.0330e+05 1.9638e+01 1.9256e+00
5.0000e+01 1.3754e+04 2.4928e-04 7.6792e-01 1.3754e+04 3.4287e+00 1.9202e+00
5.0392e+01 1.0926e+04 3.3852e-04 7.5453e-01 1.0926e+04 3.6987e+00 1.8870e+00
5.0784e+01 1.1566e+04 7.7694e-04 7.8106e-01 1.1566e+04 8.9865e+00 1.9561e+00
5.1176e+01 1.2362e+04 1.0794e-03 7.9856e-01 1.2362e+04 1.3344e+01 2.0036e+00
5.1569e+01 1.2650e+04 1.2561e-03 8.0657e-01 1.2650e+04 1.5889e+01 2.0264e+00
5.1961e+01 1.2808e+04 1.2388e-03 7.9462e-01 1.2808e+04 1.5866e+01 1.9964e+00
5.2353e+01 1.2766e+04 1.2436e-03 7.8763e-01 1.2766e+04 1.5876e+01 1.9789e+00
5.2745e+01 1.2809e+04 1.2048e-03 7.7551e-01 1.2809e+04 1.5431e+01 1.9481e+00
5.3137e+01 1.2775e+04 1.2000e-03 7.6648e-01 1.2775e+04 1.5330e+01 1.9254e+00
5.3529e+01 1.2798e+04 1.1670e-03 7.5446e-01 1.2798e+04 1.4935e+01 1.8949e+00
5.3922e+01 1.2778e+04 1.1539e-03 7.4403e-01 1.2778e+04 1.4745e+01 1.8686e+00
5.4314e+01 1.2787e+04 1.1242e-03 7.3181e-01 1.2787e+04 1.4375e+01 1.8376e+00
5.4706e+01 1.2774e+04 1.1050e-03 7.2012e-01 1.2774e+04 1.4115e+01 1.8081e+00
5.5098e+01 1.2775e+04 1.0760e-03 7.0715e-01 1.2775e+04 1.3746e+01 1.7753e+00
5.5490e+01 1.2765e+04 1.0517e-03 6.9396e-01 1.2765e+04 1.3425e+01 1.7420e+00
5.5882e+01 1.2762e+04 1.0214e-03 6.7966e-01 1.2762e+04 1.3035e+01 1.7058e+00
5.6275e+01 1.2753e+04 9.9255e-04 6.6467e-01 1.2753e+04 1.2658e+01 1.6680e+00
5.6667e+01 1.2746e+04 9.5968e-04 6.4855e-01 1.2746e+04 1.2232e+01 1.6273e+00
5.7059e+01 1.2737e+04 9.2640e-04 6.3143e-01 1.2737e+04 1.1800e+01 1.5840e+00
5.7451e+01 1.2728e+04 8.9013e-04 6.1308e-01 1.2728e+04 1.1330e+01 1.5377e+00
5.7843e+01 1.2718e+04 8.5248e-04 5.9350e-01 1.2718e+04 1.0842e+01 1.4884e+00
5.8235e+01 1.2708e+04 8.1224e-04 5.7256e-01 1.2708e+04 1.0322e+01 1.4356e+00
5.8627e+01 1.2697e+04 7.7007e-04 5.5019e-01 1.2697e+04 9.7773e+00 1.3792e+00
5.9020e+01 1.2685e+04 7.2543e-04 5.2630e-01 1.2685e+04 9.2021e+00 1.3191e+00
5.9412e+01 1.2673e+04 6.7853e-04 5.0079e-01 1.2673e+04 8.5986e+00 1.2549e+00
5.9804e+01 1.2660e+04 6.2908e-04 4.7354e-01 1.2660e+04 7.9638e+00 1.1864e+00
6.0196e+01 1.2646e+04 5.7709e-04 4.4445e-01 1.2646e+04 7.2977e+00 1.1132e+00
6.0588e+01 1.2632e+04 5.2237e-04 4.1337e-01 1.2632e+04 6.5983e+00 1.0352e+00
6.0980e+01 1.2617e+04 4.6480e-04 3.8015e-01 1.2617e+04 5.8642e+00 9.5175e-01
6.1373e+01 1.2601e+04 4.0420e-04 3.4461e-01 1.2601e+04 5.0933e+00 8.6256e-01
6.1765e+01 1.2585e+04 3.4047e-04 3.0658e-01 1.2585e+04 4.2846e+00 7.6718e-01
6.2157e+01 1.2568e+04 2.7393e-04 2.6616e-01 1.2568e+04 3.4427e+00 6.6588e-01
6.2549e+01 1.2551e+04 2.0625e-04 2.2434e-01 1.2551e+04 2.5886e+00 5.6113e-01
6.2941e+01 1.2535e+04 1.4152e-04 1.8395e-01 1.2535e+04 1.7740e+00 4.6000e-01
6.3333e+01 1.2522e+04 8.6119e-05 1.4960e-01 1.2522e+04 1.0783e+00 3.7406e-01
6.3725e+01 1.2512e+04 4.5641e-05 1.2526e-01 1.2512e+04 5.7104e-01 3.1317e-01
6.4118e+01 1.2506e+04 2.1098e-05 1.1122e-01 1.2506e+04 2.6384e-01 2.7805e-01
6.4510e+01 1.2502e+04 8.7122e-06 1.0450e-01 1.2502e+04 1.0892e-01 2.6124e-01
6.4902e+01 1.2501e+04 3.3327e-06 1.0169e-01 1.2501e+04 4.1662e-02 2.5423e-01
6.5294e+01 1.2500e+04 1.2206e-06 1.0062e-01 1.2500e+04 1.5258e-02 2.5154e-01
6.5686e+01 1.2500e+04 4.3704e-07 1.0022e-01 1.2500e+04 5.4631e-03 2.5055e-01
6.6078e+01 1.2500e+04 1.5456e-07 1.0008e-01 1.2500e+04 1.9320e-03 2.5020e-01
6.6471e+01 1.2500e+04 5.4217e-08 1.0003e-01 1.2500e+04 6.7772e-04 2.5007e-01
6.6863e+01 1.2500e+04 1.8894e-08 1.0001e-01 1.2500e+04 2.3617e-04 2.5002e-01
6.7255e+01 1.2500e+04 6.5444e-09 1.0000e-01 1.2500e+04 8.1805e-05 2.5001e-01
6.7647e+01 1.2500e+04 2.2535e-09 1.0000e-01 1.2500e+04 2.8169e-05 2.5000e-01
6.8039e+01 1.2500e+04 7.7141e-10 1.0000e-01 1.2500e+04 9.6426e-06 2.5000e-01
6.8431e+01 1.2500e+04 2.6250e-10 1.0000e-01 1.2500e+04 3.2813e-06 2.5000e-01
6.8824e+01 1.2500e+04 8.8794e-11 1.0000e-01 1.2500e+04 1.1099e-06 2.5000e-01
6.9216e+01 1.2500e+04 2.9854e-11 1.0000e-01 1.2500e+04 3.7318e-07 2.5000e-01
6.9608e+01 1.2500e+04 9.9764e-12 1.0000e-01 1.2500e+04 1.2470e-07 2.5000e-01
7.0000e+01 1.2500e+04 3.3132e-12 1.0000e-01 1.2500e+04 4.1416e-08 2.5000e-01
7.0392e+01 1.2500e+04 1.0935e-12 1.0000e-01 1.2500e+04 1.3669e-08 2.5000e-01
7.0784e+01 1.2500e+04 3.5863e-13 1.0000e-01 1.2500e+04 4.4829e-09 2.5000e-01
7.1176e+01 1.2500e+04 1.1687e-13 1.0000e-01 1.2500e+04 1.4609e-09 2.5000e-01
7.1569e+01 1.2500e+04 3.7840e-14 1.0000e-01 1.2500e+04 4.7300e-10 2.5000e-01
7.1961e+01 1.2500e+04 1.2171e-14 1.0000e-01 1.2500e+04 1.5214e-10 2.5000e-01
7.2353e+01 1.2500e+04 3.8884e-15 1.0000e-01 1.2500e+04 4.8605e-11 2.5000e-01
7.2745e+01 1.2500e+04 1.2333e-15 1.0000e-01 1.2500e+04 1.5416e-11 2.5000e-01
7.3137e+01 1.2500e+04 3.8781e-16 1.0000e-01 1.2500e+04 4.8477e-12 2.5000e-01
7.3529e+01 1.2500e+04 1.2030e-16 1.0000e-01 1.2500e+04 1.5038e-12 2.5000e-01
7.3922e+01 1.2500e+04 3.6349e-17 1.0000e-01 1.2500e+04 4.5437e-13 2.5000e-01
7.4314e+01 1.2500e+04 1.0304e-17 1.0000e-01 1.2500e+04 1.2880e-13 2.5000e-01
7.4706e+01 1.2500e+04 2.3538e-18 1.0000e-01 1.2500e+04 2.9422e-14 2.5000e-01
7.5098e+01 1.2500e+04 2.1516e-19 1.0000e-01 1.2500e+04 2.6895e-15 2.5000e-01
7.5490e+01 1.2500e+04 1.6986e-21 1.0000e-01 1.2500e+04 2.1233e-17 2.5000e-01
7.5882e+01 1.2500e+04 0.0000e+00 1.0000e-01 1.2500e+04 0.0000e+00 2.5000e-01
7.6275e+01 1.2500e+04 0.0000e+00 1.0000e-01 1.2500e+04 0.0000e+00 2.5000e-01
7.6667e+01 1.2500e+04 0.0000e+00 1.0000e-01 1.2500e+04 0.0000e+00 2.5000e-01
7.7059e+01 1.2500e+04 0.0000e+00 1.0000e-01 1.2500e+04 0.0000e+00 2.5000e-01
7.7451e+01 1.2500e+04 0.0000e+00 1.0000e-01 1.2500e+04 0.0000e+00 2.5000e-01
7.7843e+01 1.2500e+04 0.0000e+00 1.0000e-01 1.2500e+04 0.0000e+00 2.5000e-01
7.8235e+01 1.2500e+04 0.0000e+00 1.0000e-01 1.2500e+04 0.0000e+00 2.5000e-01
7.8627e+01 1.2500e+04 0.0000e+00 1.0000e-01 1.2500e+04 0.0000e+00 2.5000e-01
7.9020e+01 1.2500e+04 0.0000e+00 1.0000e-01 1.2500e+04 0.0000e+00 2.5000e-01
7.9412e+01 1.2500e+04 0.0000e+00 1.0000e-01 1.2500e+04 0.0000e+00 2.5000e-01
7.9804e+01 1.2500e+04 0.0000e+00 1.0000e-01 1.2500e+04 0.0000e+00 2.5000e-01
8.0196e+01 1.2500e+04 0.0000e+00 1.0000e-01 1.2500e+04 0.0000e+00 2.5000e-01
8.0588e+01 1.2500e+04 0.0000e+00 1.0000e-01 1.2500e+04 0.0000e+00 2.5000e-01
8.0980e+01 1.2500e+04 0.0000e+00 1.0000e-01 1.2500e+04 0.0000e+00 2.5000e-01
8.1373e+01 1.2500e+04 0.0000e+00 1.0000e-01 1.2500e+04 0.0000e+00 2.5000e-01
8.1765e+01 1.2500e+04 0.0000e+00 1.0000e-01 1.2500e+04 0.0000e+00 2.5000e-01
8.2157e+01 1.2500e+04 0.0000e+00 1.0000e-01 1.2500e+04 0.0000e+00 2.5000e-01
8.2549e+01 1.2500e+04 0.0000e+00 1.0000e-01 1.2500e+04 0.0000e+00 2.5000e-01
8.2941e+01 1.2500e+04 0.0000e+00 1.0000e-01 1.2500e+04 0.0000e+00 2.5000e-01
8.3333e+01 1.2500e+04 0.0000e+00 1.0000e-01 1.2500e+04 0.0000e+00 2.5000e-01
8.3725e+01 1.2500e+04 0.0000e+00 1.0000e-01 1.2500e+04 0.0000e+00 2.5000e-01
8.4118e+01 1.2500e+04 0.0000e+00 1.0000e-01 1.2500e+04 0.0000e+00 2.5000e-01
8.4510e+01 1.2500e+04 0.0000e+00 1.0000e-01 1.2500e+04 0.0000e+00 2.5000e-01
8.4902e+01 1.2500e+04 0.0000e+00 1.0000e-01 1.2500e+04 0.0000e+00 2.5000e-01
8.5294e+01 1.2500e+04 0.0000e+00 1.0000e-01 1.2500e+04 0.0000e+00 2.5000e-01
8.5686e+01 1.2500e+04 0.0000e+00 1.0000e-01 1.2500e+04 0.0000e+00 2.5000e-01
8.6078e+01 1.2500e+04 0.0000e+00 1.0000e-01 1.2500e+04 0.0000e+00 2.5000e-01
8.6471e+01 1.2500e+04 0.0000e+00 1.0000e-01 1.2500e+04 0.0000e+00 2.5000e-01
8.6863e+01 1.2500e+04 0.0000e+00 1.0000e-01 1.2500e+04 0.0000e+00 2.5000e-01
8.7255e+01 1.2500e+04 0.0000e+00 1.0000e-01 1.2500e+04 0.0000e+00 2.5000e-01
8.7647e+01 1.2500e+04 0.0000e+00 1.0000e-01 1.2500e+04 0.0000e+00 2.5000e-01
8.8039e+01 1.2500e+04 0.0000e+00 1.0000e-01 1.2500e+04 0.0000e+00 2.5000e-01
8.8431e+01 1.2500e+04 0.0000e+00 1.0000e-01 1.2500e+04 0.0000e+00 2.5000e-01
8.8824e+01 1.2500e+04 0.0000e+00 1.0000e-01 1.2500e+04 0.0000e+00 2.5000e-01
8.9216e+01 1.2500e+04 0.0000e+00 1.0000e-01 1.2500e+04 0.0000e+00 2.5000e-01
8.9608e+01 1.2500e+04 0.0000e+00 1.0000e-01 1.2500e+04 0.0000e+00 2.5000e-01
9.0000e+01 1.2500e+04 0.0000e+00 1.0000e-01 1.2500e+04 0.0000e+00 2.5000e-01
9.0392e+01 1.2500e+04 0.0000e+00 1.0000e-01 1.2500e+04 0.0000e+00 2.5000e-01
9.0784e+01 1.2500e+04 0.0000e+00 1.0000e-01 1.2500e+04 0.0000e+00 2.5000e-01
9.1176e+01 1.2500e+04 0.0000e+00 1.0000e-01 1.2500e+04 0.0000e+00 2.5000e-01
9.1569e+01 1.2500e+04 0.0000e+00 1.0000e-01 1.2500e+04 0.0000e+00 2.5000e-01
9.1961e+01 1.2500e+04 0.0000e+00 1.0000e-01 1.2500e+04 0.0000e+00 2.5000e-01
9.2353e+01 1.2500e+04 0.0000e+00 1.0000e-01 1.2500e+04 0.0000e+00 2.5000e-01
9.2745e+01 1.2500e+04 0.0000e+00 1.0000e-01 1.2500e+04 0.0000e+00 2.5000e-01
9.3137e+01 1.2500e+04 0.0000e+00 1.0000e-01 1.2500e+04 0.0000e+00 2.5000e-01
9.3529e+01 1.2500e+04 0.0000e+00 1.0000e-01 1.2500e+04 0.0000e+00 2.5000e-01
9.3922e+01 1.2500e+04 0.0000e+00 1.0000e-01 1.2500e+04 0.0000e+00 2.5000e-01
9.4314e+01 1.2500e+04 0.0000e+00 1.0000e-01 1.2500e+04 0.0000e+00 2.5000e-01
9.4706e+01 1.2500e+04 0.0000e+00 1.0000e-01 1.2500e+04 0.0000e+00 2.5000e-01
9.5098e+01 1.2500e+04 0.0000e+00 1.0000e-01 1.2500e+04 0.0000e+00 2.5000e-01
9.5490e+01 1.2500e+04 0.0000e+00 1.0000e-01 1.2500e+04 0.0000e+00 2.5000e-01
9.5882e+01 1.2500e+04 0.0000e+00 1.0000e-01 1.2500e+04 0.0000e+00 2.5000e-01
9.6275e+01 1.2500e+04 0.0000e+00 1.0000e-01 1.2500e+04 0.0000e+00 2.5000e-01
9.6667e+01 1.2500e+04 0.0000e+00 1.0000e-01 1.2500e+04 0.0000e+00 2.5000e-01
9.7059e+01 1.2500e+04 0.0000e+00 1.0000e-01 1.2500e+04 0.0000e+00 2.5000e-01
9.7451e+01 1.2500e+04 0.0000e+00 1.0000e-01 1.2500e+04 0.0000e+00 2.5000e-01
9.7843e+01 1.2500e+04 0.0000e+00 1.0000e-01 1.2500e+04 0.0000e+00 2.5000e-01
9.8235e+01 1.2500e+04 0.0000e+00 1.0000e-01 1.2500e+04 0.0000e+00 2.5000e-01
9.8627e+01 1.2500e+04 0.0000e+00 1.0000e-01 1.2500e+04 0.0000e+00 2.5000e-01
9.9020e+01 1.2500e+04 0.0000e+00 1.0000e-01 1.2500e+04 0.0000e+00 2.5000e-01
9.9412e+01 1.2500e+04 0.0000e+00 1.0000e-01 1.2500e+04 0.0000e+00 2.5000e-01
9.9804e+01 1.2500e+04 0.0000e+00 1.0000e-01 1.2500e+04 0.0000e+00 2.5000e-01
