# # x Density Velocity Pressure q0 q1 q2
1.9608e-01 1.0000e+05 0.0000e+00 1.0000e+00 1.0000e+05 0.0000e+00 2.5000e+00
5.8824e-01 1.0000e+05 0.0000e+00 1.0000e+00 1.0000e+05 0.0000e+00 2.5000e+00
9.8039e-01 1.0000e+05 0.0000e+00 1.0000e+00 1.0000e+05 0.0000e+00 2.5000e+00
1.3725e+00 1.0000e+05 0.0000e+00 1.0000e+00 1.0000e+05 0.0000e+00 2.5000e+00
1.7647e+00 1.0000e+05 0.0000e+00 1.0000e+00 1.0000e+05 0.0000e+00 2.5000e+00
2.1569e+00 1.0000e+05 0.0000e+00 1.0000e+00 1.0000e+05 0.0000e+00 2.5000e+00
2.5490e+00 1.0000e+05 0.0000e+00 1.0000e+00 1.0000e+05 0.0000e+00 2.5000e+00
2.9412e+00 1.0000e+05 0.0000e+00 1.0000e+00 1.0000e+05 0.0000e+00 2.5000e+00
3.3333e+00 1.0000e+05 0.0000e+00 1.0000e+00 1.0000e+05 0.0000e+00 2.5000e+00
3.7255e+00 1.0000e+05 0.0000e+00 1.0000e+00 1.0000e+05 0.0000e+00 2.5000e+00
4.1176e+00 1.0000e+05 0.0000e+00 1.0000e+00 1.0000e+05 0.0000e+00 2.5000e+00
4.5098e+00 1.0000e+05 0.0000e+00 1.0000e+00 1.0000e+05 0.0000e+00 2.5000e+00
4.9020e+00 1.0000e+05 0.0000e+00 1.0000e+00 1.0000e+05 0.0000e+00 2.5000e+00
5.2941e+00 1.0000e+05 0.0000e+00 1.0000e+00 1.0000e+05 0.0000e+00 2.5000e+00
5.6863e+00 1.0000e+05 0.0000e+00 1.0000e+00 1.0000e+05 0.0000e+00 2.5000e+00
6.0784e+00 1.0000e+05 0.0000e+00 1.0000e+00 1.0000e+05 0.0000e+00 2.5000e+00
6.4706e+00 1.0000e+05 0.0000e+00 1.0000e+00 1.0000e+05 0.0000e+00 2.5000e+00
6.8627e+00 1.0000e+05 0.0000e+00 1.0000e+00 1.0000e+05 0.0000e+00 2.5000e+00
7.2549e+00 1.0000e+05 0.0000e+00 1.0000e+00 1.0000e+05 0.0000e+00 2.5000e+00
7.6471e+00 1.0000e+05 0.0000e+00 1.0000e+00 1.0000e+05 0.0000e+00 2.5000e+00
8.0392e+00 1.0000e+05 0.0000e+00 1.0000e+00 1.0000e+05 0.0000e+00 2.5000e+00
8.4314e+00 1.0000e+05 0.0000e+00 1.0000e+00 1.0000e+05 0.0000e+00 2.5000e+00
8.8235e+00 1.0000e+05 0.0000e+00 1.0000e+00 1.0000e+05 0.0000e+00 2.5000e+00
9.2157e+00 1.0000e+05 0.0000e+00 1.0000e+00 1.0000e+05 0.0000e+00 2.5000e+00
9.6078e+00 1.0000e+05 0.0000e+00 1.0000e+00 1.0000e+05 0.0000e+00 2.5000e+00
1.0000e+01 1.0000e+05 0.0000e+00 1.0000e+00 1.0000e+05 0.0000e+00 2.5000e+00
1.0392e+01 1.0000e+05 0.0000e+00 1.0000e+00 1.0000e+05 0.0000e+00 2.5000e+00
1.0784e+01 1.0000e+05 0.0000e+00 1.0000e+00 1.0000e+05 0.0000e+00 2.5000e+00
1.1176e+01 1.0000e+05 0.0000e+00 1.0000e+00 1.0000e+05 0.0000e+00 2.5000e+00
1.1569e+01 1.0000e+05 0.0000e+00 1.0000e+00 1.0000e+05 0.0000e+00 2.5000e+00
1.1961e+01 1.0000e+05 0.0000e+00 1.0000e+00 1.0000e+05 0.0000e+00 2.5000e+00
1.2353e+01 1.0000e+05 0.0000e+00 1.0000e+00 1.0000e+05 0.0000e+00 2.5000e+00
1.2745e+01 1.0000e+05 0.0000e+00 1.0000e+00 1.0000e+05 0.0000e+00 2.5000e+00
1.3137e+01 1.0000e+05 0.0000e+00 1.0000e+00 1.0000e+05 0.0000e+00 2.5000e+00
1.3529e+01 1.0000e+05 0.0000e+00 1.0000e+00 1.0000e+05 0.0000e+00 2.5000e+00
1.3922e+01 1.0000e+05 0.0000e+00 1.0000e+00 1.0000e+05 0.0000e+00 2.5000e+00
1.4314e+01 1.0000e+05 0.0000e+00 1.0000e+00 1.0000e+05 0.0000e+00 2.5000e+00
1.4706e+01 1.0000e+05 0.0000e+00 1.0000e+00 1.0000e+05 0.0000e+00 2.5000e+00
1.5098e+01 1.0000e+05 0.0000e+00 1.0000e+00 1.0000e+05 0.0000e+00 2.5000e+00
1.5490e+01 1.0000e+05 0.0000e+00 1.0000e+00 1.0000e+05 0.0000e+00 2.5000e+00
1.5882e+01 1.0000e+05 0.0000e+00 1.0000e+00 1.0000e+05 0.0000e+00 2.5000e+00
1.6275e+01 1.0000e+05 0.0000e+00 1.0000e+00 1.0000e+05 0.0000e+00 2.5000e+00
1.6667e+01 1.0000e+05 0.0000e+00 1.0000e+00 1.0000e+05 0.0000e+00 2.5000e+00
1.7059e+01 1.0000e+05 0.0000e+00 1.0000e+00 1.0000e+05 0.0000e+00 2.5000e+00
1.7451e+01 1.0000e+05 0.0000e+00 1.0000e+00 1.0000e+05 0.0000e+00 2.5000e+00
1.7843e+01 1.0000e+05 0.0000e+00 1.0000e+00 1.0000e+05 0.0000e+00 2.5000e+00
1.8235e+01 1.0000e+05 0.0000e+00 1.0000e+00 1.0000e+05 0.0000e+00 2.5000e+00
1.8627e+01 1.0000e+05 0.0000e+00 1.0000e+00 1.0000e+05 0.0000e+00 2.5000e+00
1.9020e+01 1.0000e+05 0.0000e+00 1.0000e+00 1.0000e+05 0.0000e+00 2.5000e+00
1.9412e+01 1.0000e+05 0.0000e+00 1.0000e+00 1.0000e+05 0.0000e+00 2.5000e+00
1.9804e+01 1.0000e+05 0.0000e+00 1.0000e+00 1.0000e+05 0.0000e+00 2.5000e+00
2.0196e+01 1.0000e+05 0.0000e+00 1.0000e+00 1.0000e+05 0.0000e+00 2.5000e+00
2.0588e+01 1.0000e+05 0.0000e+00 1.0000e+00 1.0000e+05 0.0000e+00 2.5000e+00
2.0980e+01 1.0000e+05 0.0000e+00 1.0000e+00 1.0000e+05 0.0000e+00 2.5000e+00
2.1373e+01 1.0000e+05 0.0000e+00 1.0000e+00 1.0000e+05 0.0000e+00 2.5000e+00
2.1765e+01 1.0000e+05 0.0000e+00 1.0000e+00 1.0000e+05 0.0000e+00 2.5000e+00
2.2157e+01 1.0000e+05 0.0000e+00 1.0000e+00 1.0000e+05 0.0000e+00 2.5000e+00
2.2549e+01 1.0000e+05 0.0000e+00 1.0000e+00 1.0000e+05 0.0000e+00 2.5000e+00
2.2941e+01 1.0000e+05 0.0000e+00 1.0000e+00 1.0000e+05 0.0000e+00 2.5000e+00
2.3333e+01 1.0000e+05 0.0000e+00 1.0000e+00 1.0000e+05 0.0000e+00 2.5000e+00
2.3725e+01 1.0000e+05 0.0000e+00 1.0000e+00 1.0000e+05 0.0000e+00 2.5000e+00
2.4118e+01 1.0000e+05 0.0000e+00 1.0000e+00 1.0000e+05 0.0000e+00 2.5000e+00
2.4510e+01 1.0000e+05 0.0000e+00 1.0000e+00 1.0000e+05 0.0000e+00 2.5000e+00
2.4902e+01 1.0000e+05 3.2840e-20 1.0000e+00 1.0000e+05 3.2840e-15 2.5000e+00
2.5294e+01 1.0000e+05 4.6543e-19 1.0000e+00 1.0000e+05 4.6543e-14 2.5000e+00
2.5686e+01 1.0000e+05 1.9039e-18 1.0000e+00 1.0000e+05 1.9039e-13 2.5000e+00
2.6078e+01 1.0000e+05 4.7449e-18 1.0000e+00 1.0000e+05 4.7449e-13 2.5000e+00
2.6471e+01 1.0000e+05 1.0583e-17 1.0000e+00 1.0000e+05 1.0583e-12 2.5000e+00
2.6863e+01 1.0000e+05 2.4237e-17 1.0000e+00 1.0000e+05 2.4237e-12 2.5000e+00
2.7255e+01 1.0000e+05 5.7407e-17 1.0000e+00 1.0000e+05 5.7407e-12 2.5000e+00
2.7647e+01 1.0000e+05 1.3769e-16 1.0000e+00 1.0000e+05 1.3769e-11 2.5000e+00
2.8039e+01 1.0000e+05 3.3012e-16 1.0000e+00 1.0000e+05 3.3012e-11 2.5000e+00
2.8431e+01 1.0000e+05 7.8659e-16 1.0000e+00 1.0000e+05 7.8659e-11 2.5000e+00
2.8824e+01 1.0000e+05 1.8565e-15 1.0000e+00 1.0000e+05 1.8565e-10 2.5000e+00
2.9216e+01 1.0000e+05 4.3318e-15 1.0000e+00 1.0000e+05 4.3318e-10 2.5000e+00
2.9608e+01 1.0000e+05 9.9827e-15 1.0000e+00 1.0000e+05 9.9827e-10 2.5000e+00
3.0000e+01 1.0000e+05 2.2713e-14 1.0000e+00 1.0000e+05 2.2713e-09 2.5000e+00
3.0392e+01 1.0000e+05 5.1016e-14 1.0000e+00 1.0000e+05 5.1016e-09 2.5000e+00
3.0784e+01 1.0000e+05 1.1310e-13 1.0000e+00 1.0000e+05 1.1310e-08 2.5000e+00
3.1176e+01 1.0000e+05 2.4743e-13 1.0000e+00 1.0000e+05 2.4743e-08 2.5000e+00
3.1569e+01 1.0000e+05 5.3419e-13 1.0000e+00 1.0000e+05 5.3419e-08 2.5000e+00
3.1961e+01 1.0000e+05 1.1379e-12 1.0000e+00 1.0000e+05 1.1379e-07 2.5000e+00
3.2353e+01 1.0000e+05 2.3916e-12 1.0000e+00 1.0000e+05 2.3916e-07 2.5000e+00
3.2745e+01 1.0000e+05 4.9584e-12 1.0000e+00 1.0000e+05 4.9584e-07 2.5000e+00
3.3137e+01 1.0000e+05 1.0141e-11 1.0000e+00 1.0000e+05 1.0141e-06 2.5000e+00
3.3529e+01 1.0000e+05 2.0455e-11 1.0000e+00 1.0000e+05 2.0455e-06 2.5000e+00
3.3922e+01 1.0000e+05 4.0694e-11 1.0000e+00 1.0000e+05 4.0694e-06 2.5000e+00
3.4314e+01 1.0000e+05 7.9834e-11 1.0000e+00 1.0000e+05 7.9834e-06 2.5000e+00
3.4706e+01 1.0000e+05 1.5444e-10 1.0000e+00 1.0000e+05 1.5444e-05 2.5000e+00
3.5098e+01 1.0000e+05 2.9456e-10 1.0000e+00 1.0000e+05 2.9456e-05 2.5000e+00
3.5490e+01 1.0000e+05 5.5389e-10 1.0000e+00 1.0000e+05 5.5389e-05 2.5000e+00
3.5882e+01 1.0000e+05 1.0267e-09 1.0000e+00 1.0000e+05 1.0267e-04 2.5000e+00
3.6275e+01 1.0000e+05 1.8761e-09 9.9999e-01 1.0000e+05 1.8761e-04 2.5000e+00
3.6667e+01 1.0000e+05 3.3788e-09 9.9999e-01 1.0000e+05 3.3788e-04 2.5000e+00
3.7059e+01 1.0000e+05 5.9973e-09 9.9998e-01 1.0000e+05 5.9973e-04 2.4999e+00
3.7451e+01 1.0000e+05 1.0491e-08 9.9996e-01 1.0000e+05 1.0491e-03 2.4999e+00
3.7843e+01 1.0000e+05 1.8083e-08 9.9994e-01 1.0000e+05 1.8083e-03 2.4999e+00
3.8235e+01 1.0000e+05 3.0713e-08 9.9990e-01 1.0000e+05 3.0713e-03 2.4998e+00
3.8627e+01 1.0000e+05 5.1397e-08 9.9984e-01 1.0000e+05 5.1397e-03 2.4996e+00
3.9020e+01 1.0000e+05 8.4741e-08 9.9974e-01 1.0000e+05 8.4741e-03 2.4994e+00
3.9412e+01 1.0000e+05 1.3765e-07 9.9960e-01 1.0000e+05 1.3764e-02 2.4990e+00
3.9804e+01 9.9999e+04 2.2025e-07 9.9937e-01 9.9999e+04 2.2025e-02 2.4984e+00
4.0196e+01 9.9999e+04 3.4716e-07 9.9904e-01 9.9999e+04 3.4716e-02 2.4976e+00
4.0588e+01 9.9998e+04 5.3902e-07 9.9855e-01 9.9998e+04 5.3901e-02 2.4964e+00
4.0980e+01 9.9997e+04 8.2435e-07 9.9786e-01 9.9997e+04 8.2433e-02 2.4946e+00
4.1373e+01 9.9995e+04 1.2418e-06 9.9688e-01 9.9995e+04 1.2417e-01 2.4922e+00
4.1765e+01 9.9992e+04 1.8424e-06 9.9552e-01 9.9992e+04 1.8423e-01 2.4888e+00
4.2157e+01 9.9989e+04 2.6924e-06 9.9368e-01 9.9989e+04 2.6921e-01 2.4842e+00
4.2549e+01 9.9983e+04 3.8753e-06 9.9122e-01 9.9983e+04 3.8746e-01 2.4781e+00
4.2941e+01 9.9975e+04 5.4939e-06 9.8801e-01 9.9975e+04 5.4925e-01 2.4700e+00
4.3333e+01 9.9965e+04 7.6714e-06 9.8390e-01 9.9965e+04 7.6687e-01 2.4598e+00
4.3725e+01 9.9950e+04 1.0551e-05 9.7874e-01 9.9950e+04 1.0546e+00 2.4469e+00
4.4118e+01 9.9929e+04 1.4295e-05 9.7239e-01 9.9929e+04 1.4285e+00 2.4310e+00
4.4510e+01 9.9902e+04 1.9078e-05 9.6474e-01 9.9902e+04 1.9059e+00 2.4119e+00
4.4902e+01 9.9867e+04 2.5082e-05 9.5572e-01 9.9867e+04 2.5049e+00 2.3893e+00
4.5294e+01 9.9821e+04 3.2489e-05 9.4533e-01 9.9821e+04 3.2431e+00 2.3634e+00
4.5686e+01 9.9763e+04 4.1465e-05 9.3362e-01 9.9763e+04 4.1367e+00 2.3341e+00
4.6078e+01 9.9690e+04 5.2153e-05 9.2074e-01 9.9690e+04 5.1991e+00 2.3020e+00
4.6471e+01 9.9599e+04 6.4656e-05 9.0688e-01 9.9599e+04 6.4397e+00 2.2674e+00
4.6863e+01 9.9489e+04 7.9040e-05 8.9232e-01 9.9489e+04 7.8637e+00 2.2311e+00
4.7255e+01 9.9356e+04 9.5268e-05 8.7729e-01 9.9356e+04 9.4654e+00 2.1937e+00
4.7647e+01 9.9207e+04 1.1368e-04 8.6213e-01 9.9207e+04 1.1278e+01 2.1560e+00
4.8039e+01 9.8974e+04 1.3186e-04 8.4618e-01 9.8974e+04 1.3051e+01 2.1163e+00
4.8431e+01 9.9009e+04 1.6207e-04 8.3365e-01 9.9009e+04 1.6046e+01 2.0854e+00
4.8824e+01 9.7844e+04 1.5336e-04 8.0715e-01 9.7844e+04 1.5005e+01 2.0190e+00
4.9216e+01 9.9621e+04 2.5574e-04 8.1700e-01 9.9621e+04 2.5477e+01 2.0458e+00
4.9608e+01 1.0333e+05 1.9077e-04 7.6933e-01 1.0333e+05 1.9711e+01 1.9252e+00
5.0000e+01 1.3774e+04 2.5030e-04 7.6796e-01 1.3774e+04 3.4478e+00 1.9203e+00
5.0392e+01 1.0919e+04 3.3658e-04 7.5438e-01 1.0919e+04 3.6751e+00 1.8866e+00
5.0784e+01 1.1554e+04 7.7159e-04 7.8057e-01 1.1554e+04 8.9150e+00 1.9549e+00
5.1176e+01 1.2353e+04 1.0763e-03 7.9835e-01 1.2353e+04 1.3296e+01 2.0030e+00
5.1569e+01 1.2647e+04 1.2563e-03 8.0675e-01 1.2647e+04 1.5888e+01 2.0269e+00
5.1961e+01 1.2808e+04 1.2407e-03 7.9500e-01 1.2808e+04 1.5891e+01 1.9973e+00
5.2353e+01 1.2767e+04 1.2455e-03 7.8806e-01 1.2767e+04 1.5901e+01 1.9800e+00
5.2745e+01 1.2809e+04 1.2069e-03 7.7601e-01 1.2809e+04 1.5460e+01 1.9493e+00
5.3137e+01 1.2776e+04 1.2021e-03 7.6702e-01 1.2776e+04 1.5358e+01 1.9268e+00
5.3529e+01 1.2799e+04 1.1693e-03 7.5505e-01 1.2799e+04 1.4965e+01 1.8964e+00
5.3922e+01 1.2778e+04 1.1563e-03 7.4467e-01 1.2778e+04 1.4775e+01 1.8702e+00
5.4314e+01 1.2788e+04 1.1266e-03 7.3250e-01 1.2788e+04 1.4407e+01 1.8394e+00
5.4706e+01 1.2775e+04 1.1075e-03 7.2086e-01 1.2775e+04 1.4148e+01 1.8100e+00
5.5098e+01 1.2776e+04 1.0786e-03 7.0796e-01 1.2776e+04 1.3781e+01 1.7773e+00
5.5490e+01 1.2766e+04 1.0545e-03 6.9486e-01 1.2766e+04 1.3462e+01 1.7443e+00
5.5882e+01 1.2763e+04 1.0244e-03 6.8066e-01 1.2763e+04 1.3074e+01 1.7083e+00
5.6275e+01 1.2754e+04 9.9570e-04 6.6578e-01 1.2754e+04 1.2699e+01 1.6708e+00
5.6667e+01 1.2747e+04 9.6304e-04 6.4979e-01 1.2747e+04 1.2276e+01 1.6304e+00
5.7059e+01 1.2738e+04 9.3000e-04 6.3280e-01 1.2738e+04 1.1846e+01 1.5875e+00
5.7451e+01 1.2729e+04 8.9397e-04 6.1461e-01 1.2729e+04 1.1380e+01 1.5416e+00
5.7843e+01 1.2719e+04 8.5657e-04 5.9520e-01 1.2719e+04 1.0895e+01 1.4927e+00
5.8235e+01 1.2709e+04 8.1661e-04 5.7445e-01 1.2709e+04 1.0379e+01 1.4404e+00
5.8627e+01 1.2698e+04 7.7474e-04 5.5229e-01 1.2698e+04 9.8378e+00 1.3845e+00
5.9020e+01 1.2686e+04 7.3042e-04 5.2862e-01 1.2686e+04 9.2664e+00 1.3249e+00
5.9412e+01 1.2674e+04 6.8385e-04 5.0334e-01 1.2674e+04 8.6672e+00 1.2613e+00
5.9804e+01 1.2661e+04 6.3476e-04 4.7636e-01 1.2661e+04 8.0368e+00 1.1934e+00
6.0196e+01 1.2648e+04 5.8315e-04 4.4755e-01 1.2648e+04 7.3754e+00 1.1210e+00
6.0588e+01 1.2633e+04 5.2884e-04 4.1679e-01 1.2633e+04 6.6810e+00 1.0437e+00
6.0980e+01 1.2618e+04 4.7172e-04 3.8392e-01 1.2618e+04 5.9524e+00 9.6120e-01
6.1373e+01 1.2603e+04 4.1160e-04 3.4876e-01 1.2603e+04 5.1873e+00 8.7296e-01
6.1765e+01 1.2587e+04 3.4836e-04 3.1114e-01 1.2587e+04 4.3847e+00 7.7861e-01
6.2157e+01 1.2570e+04 2.8225e-04 2.7110e-01 1.2570e+04 3.5478e+00 6.7826e-01
6.2549e+01 1.2553e+04 2.1467e-04 2.2947e-01 1.2553e+04 2.6948e+00 5.7396e-01
6.2941e+01 1.2537e+04 1.4936e-04 1.8877e-01 1.2537e+04 1.8725e+00 4.7206e-01
6.3333e+01 1.2523e+04 9.2473e-05 1.5346e-01 1.2523e+04 1.1580e+00 3.8371e-01
6.3725e+01 1.2513e+04 4.9945e-05 1.2778e-01 1.2513e+04 6.2494e-01 3.1946e-01
6.4118e+01 1.2506e+04 2.3497e-05 1.1255e-01 1.2506e+04 2.9386e-01 2.8137e-01
6.4510e+01 1.2503e+04 9.8358e-06 1.0509e-01 1.2503e+04 1.2297e-01 2.6273e-01
6.4902e+01 1.2501e+04 3.7959e-06 1.0193e-01 1.2501e+04 4.7452e-02 2.5483e-01
6.5294e+01 1.2500e+04 1.3974e-06 1.0071e-01 1.2500e+04 1.7468e-02 2.5177e-01
6.5686e+01 1.2500e+04 5.0191e-07 1.0025e-01 1.2500e+04 6.2739e-03 2.5063e-01
6.6078e+01 1.2500e+04 1.7790e-07 1.0009e-01 1.2500e+04 2.2237e-03 2.5023e-01
6.6471e+01 1.2500e+04 6.2522e-08 1.0003e-01 1.2500e+04 7.8153e-04 2.5008e-01
6.6863e+01 1.2500e+04 2.1827e-08 1.0001e-01 1.2500e+04 2.7284e-04 2.5003e-01
6.7255e+01 1.2500e+04 7.5739e-09 1.0000e-01 1.2500e+04 9.4674e-05 2.5001e-01
6.7647e+01 1.2500e+04 2.6127e-09 1.0000e-01 1.2500e+04 3.2658e-05 2.5000e-01
6.8039e+01 1.2500e+04 8.9599e-10 1.0000e-01 1.2500e+04 1.1200e-05 2.5000e-01
6.8431e+01 1.2500e+04 3.0546e-10 1.0000e-01 1.2500e+04 3.8183e-06 2.5000e-01
6.8824e+01 1.2500e+04 1.0352e-10 1.0000e-01 1.2500e+04 1.2940e-06 2.5000e-01
6.9216e+01 1.2500e+04 3.4872e-11 1.0000e-01 1.2500e+04 4.3590e-07 2.5000e-01
6.9608e+01 1.2500e+04 1.1676e-11 1.0000e-01 1.2500e+04 1.4595e-07 2.5000e-01
7.0000e+01 1.2500e+04 3.8855e-12 1.0000e-01 1.2500e+04 4.8568e-08 2.5000e-01
7.0392e+01 1.2500e+04 1.2850e-12 1.0000e-01 1.2500e+04 1.6062e-08 2.5000e-01
7.0784e+01 1.2500e+04 4.2229e-13 1.0000e-01 1.2500e+04 5.2787e-09 2.5000e-01
7.1176e+01 1.2500e+04 1.3791e-13 1.0000e-01 1.2500e+04 1.7238e-09 2.5000e-01
7.1569e+01 1.2500e+04 4.4747e-14 1.0000e-01 1.2500e+04 5.5933e-10 2.5000e-01
7.1961e+01 1.2500e+04 1.4425e-14 1.0000e-01 1.2500e+04 1.8031e-10 2.5000e-01
7.2353e+01 1.2500e+04 4.6188e-15 1.0000e-01 1.2500e+04 5.7735e-11 2.5000e-01
7.2745e+01 1.2500e+04 1.4685e-15 1.0000e-01 1.2500e+04 1.8356e-11 2.5000e-01
7.3137e+01 1.2500e+04 4.6304e-16 1.0000e-01 1.2500e+04 5.7880e-12 2.5000e-01
7.3529e+01 1.2500e+04 1.4419e-16 1.0000e-01 1.2500e+04 1.8024e-12 2.5000e-01
7.3922e+01 1.2500e+04 4.3870e-17 1.0000e-01 1.2500e+04 5.4837e-13 2.5000e-01
7.4314e+01 1.2500e+04 1.2632e-17 1.0000e-01 1.2500e+04 1.5790e-13 2.5000e-01
7.4706e+01 1.2500e+04 3.0332e-18 1.0000e-01 1.2500e+04 3.7915e-14 2.5000e-01
7.5098e+01 1.2500e+04 3.7398e-19 1.0000e-01 1.2500e+04 4.6748e-15 2.5000e-01
7.5490e+01 1.2500e+04 7.3608e-21 1.0000e-01 1.2500e+04 9.2010e-17 2.5000e-01
7.5882e+01 1.2500e+04 0.0000e+00 1.0000e-01 1.2500e+04 0.0000e+00 2.5000e-01
7.6275e+01 1.2500e+04 0.0000e+00 1.0000e-01 1.2500e+04 0.0000e+00 2.5000e-01
7.6667e+01 1.2500e+04 0.0000e+00 1.0000e-01 1.2500e+04 0.0000e+00 2.5000e-01
7.7059e+01 1.2500e+04 0.0000e+00 1.0000e-01 1.2500e+04 0.0000e+00 2.5000e-01
7.7451e+01 1.2500e+04 0.0000e+00 1.0000e-01 1.2500e+04 0.0000e+00 2.5000e-01
7.7843e+01 1.2500e+04 0.0000e+00 1.0000e-01 1.2500e+04 0.0000e+00 2.5000e-01
7.8235e+01 1.2500e+04 0.0000e+00 1.0000e-01 1.2500e+04 0.0000e+00 2.5000e-01
7.8627e+01 1.2500e+04 0.0000e+00 1.0000e-01 1.2500e+04 0.0000e+00 2.5000e-01
7.9020e+01 1.2500e+04 0.0000e+00 1.0000e-01 1.2500e+04 0.0000e+00 2.5000e-01
7.9412e+01 1.2500e+04 0.0000e+00 1.0000e-01 1.2500e+04 0.0000e+00 2.5000e-01
7.9804e+01 1.2500e+04 0.0000e+00 1.0000e-01 1.2500e+04 0.0000e+00 2.5000e-01
8.0196e+01 1.2500e+04 0.0000e+00 1.0000e-01 1.2500e+04 0.0000e+00 2.5000e-01
8.0588e+01 1.2500e+04 0.0000e+00 1.0000e-01 1.2500e+04 0.0000e+00 2.5000e-01
8.0980e+01 1.2500e+04 0.0000e+00 1.0000e-01 1.2500e+04 0.0000e+00 2.5000e-01
8.1373e+01 1.2500e+04 0.0000e+00 1.0000e-01 1.2500e+04 0.0000e+00 2.5000e-01
8.1765e+01 1.2500e+04 0.0000e+00 1.0000e-01 1.2500e+04 0.0000e+00 2.5000e-01
8.2157e+01 1.2500e+04 0.0000e+00 1.0000e-01 1.2500e+04 0.0000e+00 2.5000e-01
8.2549e+01 1.2500e+04 0.0000e+00 1.0000e-01 1.2500e+04 0.0000e+00 2.5000e-01
8.2941e+01 1.2500e+04 0.0000e+00 1.0000e-01 1.2500e+04 0.0000e+00 2.5000e-01
8.3333e+01 1.2500e+04 0.0000e+00 1.0000e-01 1.2500e+04 0.0000e+00 2.5000e-01
8.3725e+01 1.2500e+04 0.0000e+00 1.0000e-01 1.2500e+04 0.0000e+00 2.5000e-01
8.4118e+01 1.2500e+04 0.0000e+00 1.0000e-01 1.2500e+04 0.0000e+00 2.5000e-01
8.4510e+01 1.2500e+04 0.0000e+00 1.0000e-01 1.2500e+04 0.0000e+00 2.5000e-01
8.4902e+01 1.2500e+04 0.0000e+00 1.0000e-01 1.2500e+04 0.0000e+00 2.5000e-01
8.5294e+01 1.2500e+04 0.0000e+00 1.0000e-01 1.2500e+04 0.0000e+00 2.5000e-01
8.5686e+01 1.2500e+04 0.0000e+00 1.0000e-01 1.2500e+04 0.0000e+00 2.5000e-01
8.6078e+01 1.2500e+04 0.0000e+00 1.0000e-01 1.2500e+04 0.0000e+00 2.5000e-01
8.6471e+01 1.2500e+04 0.0000e+00 1.0000e-01 1.2500e+04 0.0000e+00 2.5000e-01
8.6863e+01 1.2500e+04 0.0000e+00 1.0000e-01 1.2500e+04 0.0000e+00 2.5000e-01
8.7255e+01 1.2500e+04 0.0000e+00 1.0000e-01 1.2500e+04 0.0000e+00 2.5000e-01
8.7647e+01 1.2500e+04 0.0000e+00 1.0000e-01 1.2500e+04 0.0000e+00 2.5000e-01
8.8039e+01 1.2500e+04 0.0000e+00 1.0000e-01 1.2500e+04 0.0000e+00 2.5000e-01
8.8431e+01 1.2500e+04 0.0000e+00 1.0000e-01 1.2500e+04 0.0000e+00 2.5000e-01
8.8824e+01 1.2500e+04 0.0000e+00 1.0000e-01 1.2500e+04 0.0000e+00 2.5000e-01
8.9216e+01 1.2500e+04 0.0000e+00 1.0000e-01 1.2500e+04 0.0000e+00 2.5000e-01
8.9608e+01 1.2500e+04 0.0000e+00 1.0000e-01 1.2500e+04 0.0000e+00 2.5000e-01
9.0000e+01 1.2500e+04 0.0000e+00 1.0000e-01 1.2500e+04 0.0000e+00 2.5000e-01
9.0392e+01 1.2500e+04 0.0000e+00 1.0000e-01 1.2500e+04 0.0000e+00 2.5000e-01
9.0784e+01 1.2500e+04 0.0000e+00 1.0000e-01 1.2500e+04 0.0000e+00 2.5000e-01
9.1176e+01 1.2500e+04 0.0000e+00 1.0000e-01 1.2500e+04 0.0000e+00 2.5000e-01
9.1569e+01 1.2500e+04 0.0000e+00 1.0000e-01 1.2500e+04 0.0000e+00 2.5000e-01
9.1961e+01 1.2500e+04 0.0000e+00 1.0000e-01 1.2500e+04 0.0000e+00 2.5000e-01
9.2353e+01 1.2500e+04 0.0000e+00 1.0000e-01 1.2500e+04 0.0000e+00 2.5000e-01
9.2745e+01 1.2500e+04 0.0000e+00 1.0000e-01 1.2500e+04 0.0000e+00 2.5000e-01
9.3137e+01 1.2500e+04 0.0000e+00 1.0000e-01 1.2500e+04 0.0000e+00 2.5000e-01
9.3529e+01 1.2500e+04 0.0000e+00 1.0000e-01 1.2500e+04 0.0000e+00 2.5000e-01
9.3922e+01 1.2500e+04 0.0000e+00 1.0000e-01 1.2500e+04 0.0000e+00 2.5000e-01
9.4314e+01 1.2500e+04 0.0000e+00 1.0000e-01 1.2500e+04 0.0000e+00 2.5000e-01
9.4706e+01 1.2500e+04 0.0000e+00 1.0000e-01 1.2500e+04 0.0000e+00 2.5000e-01
9.5098e+01 1.2500e+04 0.0000e+00 1.0000e-01 1.2500e+04 0.0000e+00 2.5000e-01
9.5490e+01 1.2500e+04 0.0000e+00 1.0000e-01 1.2500e+04 0.0000e+00 2.5000e-01
9.5882e+01 1.2500e+04 0.0000e+00 1.0000e-01 1.2500e+04 0.0000e+00 2.5000e-01
9.6275e+01 1.2500e+04 0.0000e+00 1.0000e-01 1.2500e+04 0.0000e+00 2.5000e-01
9.6667e+01 1.2500e+04 0.0000e+00 1.0000e-01 1.2500e+04 0.0000e+00 2.5000e-01
9.7059e+01 1.2500e+04 0.0000e+00 1.0000e-01 1.2500e+04 0.0000e+00 2.5000e-01
9.7451e+01 1.2500e+04 0.0000e+00 1.0000e-01 1.2500e+04 0.0000e+00 2.5000e-01
9.7843e+01 1.2500e+04 0.0000e+00 1.0000e-01 1.2500e+04 0.0000e+00 2.5000e-01
9.8235e+01 1.2500e+04 0.0000e+00 1.0000e-01 1.2500e+04 0.0000e+00 2.5000e-01
9.8627e+01 1.2500e+04 0.0000e+00 1.0000e-01 1.2500e+04 0.0000e+00 2.5000e-01
9.9020e+01 1.2500e+04 0.0000e+00 1.0000e-01 1.2500e+04 0.0000e+00 2.5000e-01
9.9412e+01 1.2500e+04 0.0000e+00 1.0000e-01 1.2500e+04 0.0000e+00 2.5000e-01
9.9804e+01 1.2500e+04 0.0000e+00 1.0000e-01 1.2500e+04 0.0000e+00 2.5000e-01
