# # x Density Velocity Pressure q0 q1 q2
1.9608e-01 1.0000e+05 0.0000e+00 1.0000e+00 1.0000e+05 0.0000e+00 2.5000e+00
5.8824e-01 1.0000e+05 0.0000e+00 1.0000e+00 1.0000e+05 0.0000e+00 2.5000e+00
9.8039e-01 1.0000e+05 0.0000e+00 1.0000e+00 1.0000e+05 0.0000e+00 2.5000e+00
1.3725e+00 1.0000e+05 0.0000e+00 1.0000e+00 1.0000e+05 0.0000e+00 2.5000e+00
1.7647e+00 1.0000e+05 0.0000e+00 1.0000e+00 1.0000e+05 0.0000e+00 2.5000e+00
2.1569e+00 1.0000e+05 0.0000e+00 1.0000e+00 1.0000e+05 0.0000e+00 2.5000e+00
2.5490e+00 1.0000e+05 0.0000e+00 1.0000e+00 1.0000e+05 0.0000e+00 2.5000e+00
2.9412e+00 1.0000e+05 0.0000e+00 1.0000e+00 1.0000e+05 0.0000e+00 2.5000e+00
3.3333e+00 1.0000e+05 0.0000e+00 1.0000e+00 1.0000e+05 0.0000e+00 2.5000e+00
3.7255e+00 1.0000e+05 0.0000e+00 1.0000e+00 1.0000e+05 0.0000e+00 2.5000e+00
4.1176e+00 1.0000e+05 0.0000e+00 1.0000e+00 1.0000e+05 0.0000e+00 2.5000e+00
4.5098e+00 1.0000e+05 0.0000e+00 1.0000e+00 1.0000e+05 0.0000e+00 2.5000e+00
4.9020e+00 1.0000e+05 0.0000e+00 1.0000e+00 1.0000e+05 0.0000e+00 2.5000e+00
5.2941e+00 1.0000e+05 0.0000e+00 1.0000e+00 1.0000e+05 0.0000e+00 2.5000e+00
5.6863e+00 1.0000e+05 0.0000e+00 1.0000e+00 1.0000e+05 0.0000e+00 2.5000e+00
6.0784e+00 1.0000e+05 0.0000e+00 1.0000e+00 1.0000e+05 0.0000e+00 2.5000e+00
6.4706e+00 1.0000e+05 0.0000e+00 1.0000e+00 1.0000e+05 0.0000e+00 2.5000e+00
6.8627e+00 1.0000e+05 0.0000e+00 1.0000e+00 1.0000e+05 0.0000e+00 2.5000e+00
7.2549e+00 1.0000e+05 0.0000e+00 1.0000e+00 1.0000e+05 0.0000e+00 2.5000e+00
7.6471e+00 1.0000e+05 0.0000e+00 1.0000e+00 1.0000e+05 0.0000e+00 2.5000e+00
8.0392e+00 1.0000e+05 0.0000e+00 1.0000e+00 1.0000e+05 0.0000e+00 2.5000e+00
8.4314e+00 1.0000e+05 0.0000e+00 1.0000e+00 1.0000e+05 0.0000e+00 2.5000e+00
8.8235e+00 1.0000e+05 0.0000e+00 1.0000e+00 1.0000e+05 0.0000e+00 2.5000e+00
9.2157e+00 1.0000e+05 0.0000e+00 1.0000e+00 1.0000e+05 0.0000e+00 2.5000e+00
9.6078e+00 1.0000e+05 0.0000e+00 1.0000e+00 1.0000e+05 0.0000e+00 2.5000e+00
1.0000e+01 1.0000e+05 0.0000e+00 1.0000e+00 1.0000e+05 0.0000e+00 2.5000e+00
1.0392e+01 1.0000e+05 0.0000e+00 1.0000e+00 1.0000e+05 0.0000e+00 2.5000e+00
1.0784e+01 1.0000e+05 0.0000e+00 1.0000e+00 1.0000e+05 0.0000e+00 2.5000e+00
1.1176e+01 1.0000e+05 0.0000e+00 1.0000e+00 1.0000e+05 0.0000e+00 2.5000e+00
1.1569e+01 1.0000e+05 0.0000e+00 1.0000e+00 1.0000e+05 0.0000e+00 2.5000e+00
1.1961e+01 1.0000e+05 0.0000e+00 1.0000e+00 1.0000e+05 0.0000e+00 2.5000e+00
1.2353e+01 1.0000e+05 0.0000e+00 1.0000e+00 1.0000e+05 0.0000e+00 2.5000e+00
1.2745e+01 1.0000e+05 0.0000e+00 1.0000e+00 1.0000e+05 0.0000e+00 2.5000e+00
1.3137e+01 1.0000e+05 0.0000e+00 1.0000e+00 1.0000e+05 0.0000e+00 2.5000e+00
1.3529e+01 1.0000e+05 0.0000e+00 1.0000e+00 1.0000e+05 0.0000e+00 2.5000e+00
1.3922e+01 1.0000e+05 0.0000e+00 1.0000e+00 1.0000e+05 0.0000e+00 2.5000e+00
1.4314e+01 1.0000e+05 0.0000e+00 1.0000e+00 1.0000e+05 0.0000e+00 2.5000e+00
1.4706e+01 1.0000e+05 0.0000e+00 1.0000e+00 1.0000e+05 0.0000e+00 2.5000e+00
1.5098e+01 1.0000e+05 0.0000e+00 1.0000e+00 1.0000e+05 0.0000e+00 2.5000e+00
1.5490e+01 1.0000e+05 0.0000e+00 1.0000e+00 1.0000e+05 0.0000e+00 2.5000e+00
1.5882e+01 1.0000e+05 0.0000e+00 1.0000e+00 1.0000e+05 0.0000e+00 2.5000e+00
1.6275e+01 1.0000e+05 0.0000e+00 1.0000e+00 1.0000e+05 0.0000e+00 2.5000e+00
1.6667e+01 1.0000e+05 0.0000e+00 1.0000e+00 1.0000e+05 0.0000e+00 2.5000e+00
1.7059e+01 1.0000e+05 0.0000e+00 1.0000e+00 1.0000e+05 0.0000e+00 2.5000e+00
1.7451e+01 1.0000e+05 0.0000e+00 1.0000e+00 1.0000e+05 0.0000e+00 2.5000e+00
1.7843e+01 1.0000e+05 0.0000e+00 1.0000e+00 1.0000e+05 0.0000e+00 2.5000e+00
1.8235e+01 1.0000e+05 0.0000e+00 1.0000e+00 1.0000e+05 0.0000e+00 2.5000e+00
1.8627e+01 1.0000e+05 0.0000e+00 1.0000e+00 1.0000e+05 0.0000e+00 2.5000e+00
1.9020e+01 1.0000e+05 0.0000e+00 1.0000e+00 1.0000e+05 0.0000e+00 2.5000e+00
1.9412e+01 1.0000e+05 0.0000e+00 1.0000e+00 1.0000e+05 0.0000e+00 2.5000e+00
1.9804e+01 1.0000e+05 0.0000e+00 1.0000e+00 1.0000e+05 0.0000e+00 2.5000e+00
2.0196e+01 1.0000e+05 0.0000e+00 1.0000e+00 1.0000e+05 0.0000e+00 2.5000e+00
2.0588e+01 1.0000e+05 0.0000e+00 1.0000e+00 1.0000e+05 0.0000e+00 2.5000e+00
2.0980e+01 1.0000e+05 0.0000e+00 1.0000e+00 1.0000e+05 0.0000e+00 2.5000e+00
2.1373e+01 1.0000e+05 0.0000e+00 1.0000e+00 1.0000e+05 0.0000e+00 2.5000e+00
2.1765e+01 1.0000e+05 0.0000e+00 1.0000e+00 1.0000e+05 0.0000e+00 2.5000e+00
2.2157e+01 1.0000e+05 0.0000e+00 1.0000e+00 1.0000e+05 0.0000e+00 2.5000e+00
2.2549e+01 1.0000e+05 0.0000e+00 1.0000e+00 1.0000e+05 0.0000e+00 2.5000e+00
2.2941e+01 1.0000e+05 0.0000e+00 1.0000e+00 1.0000e+05 0.0000e+00 2.5000e+00
2.3333e+01 1.0000e+05 0.0000e+00 1.0000e+00 1.0000e+05 0.0000e+00 2.5000e+00
2.3725e+01 1.0000e+05 0.0000e+00 1.0000e+00 1.0000e+05 0.0000e+00 2.5000e+00
2.4118e+01 1.0000e+05 0.0000e+00 1.0000e+00 1.0000e+05 0.0000e+00 2.5000e+00
2.4510e+01 1.0000e+05 8.2101e-20 1.0000e+00 1.0000e+05 8.2101e-15 2.5000e+00
2.4902e+01 1.0000e+05 7.0833e-19 1.0000e+00 1.0000e+05 7.0833e-14 2.5000e+00
2.5294e+01 1.0000e+05 2.4514e-18 1.0000e+00 1.0000e+05 2.4514e-13 2.5000e+00
2.5686e+01 1.0000e+05 5.7646e-18 1.0000e+00 1.0000e+05 5.7646e-13 2.5000e+00
2.6078e+01 1.0000e+05 1.2643e-17 1.0000e+00 1.0000e+05 1.2643e-12 2.5000e+00
2.6471e+01 1.0000e+05 2.8603e-17 1.0000e+00 1.0000e+05 2.8603e-12 2.5000e+00
2.6863e+01 1.0000e+05 6.6797e-17 1.0000e+00 1.0000e+05 6.6797e-12 2.5000e+00
2.7255e+01 1.0000e+05 1.5776e-16 1.0000e+00 1.0000e+05 1.5776e-11 2.5000e+00
2.7647e+01 1.0000e+05 3.7248e-16 1.0000e+00 1.0000e+05 3.7248e-11 2.5000e+00
2.8039e+01 1.0000e+05 8.7345e-16 1.0000e+00 1.0000e+05 8.7345e-11 2.5000e+00
2.8431e+01 1.0000e+05 2.0283e-15 1.0000e+00 1.0000e+05 2.0283e-10 2.5000e+00
2.8824e+01 1.0000e+05 4.6574e-15 1.0000e+00 1.0000e+05 4.6574e-10 2.5000e+00
2.9216e+01 1.0000e+05 1.0567e-14 1.0000e+00 1.0000e+05 1.0567e-09 2.5000e+00
2.9608e+01 1.0000e+05 2.3680e-14 1.0000e+00 1.0000e+05 2.3680e-09 2.5000e+00
3.0000e+01 1.0000e+05 5.2407e-14 1.0000e+00 1.0000e+05 5.2407e-09 2.5000e+00
3.0392e+01 1.0000e+05 1.1452e-13 1.0000e+00 1.0000e+05 1.1452e-08 2.5000e+00
3.0784e+01 1.0000e+05 2.4707e-13 1.0000e+00 1.0000e+05 2.4707e-08 2.5000e+00
3.1176e+01 1.0000e+05 5.2623e-13 1.0000e+00 1.0000e+05 5.2623e-08 2.5000e+00
3.1569e+01 1.0000e+05 1.1064e-12 1.0000e+00 1.0000e+05 1.1064e-07 2.5000e+00
3.1961e+01 1.0000e+05 2.2959e-12 1.0000e+00 1.0000e+05 2.2959e-07 2.5000e+00
3.2353e+01 1.0000e+05 4.7023e-12 1.0000e+00 1.0000e+05 4.7023e-07 2.5000e+00
3.2745e+01 1.0000e+05 9.5041e-12 1.0000e+00 1.0000e+05 9.5041e-07 2.5000e+00
3.3137e+01 1.0000e+05 1.8956e-11 1.0000e+00 1.0000e+05 1.8956e-06 2.5000e+00
3.3529e+01 1.0000e+05 3.7303e-11 1.0000e+00 1.0000e+05 3.7303e-06 2.5000e+00
3.3922e+01 1.0000e+05 7.2425e-11 1.0000e+00 1.0000e+05 7.2425e-06 2.5000e+00
3.4314e+01 1.0000e+05 1.3872e-10 1.0000e+00 1.0000e+05 1.3872e-05 2.5000e+00
3.4706e+01 1.0000e+05 2.6211e-10 1.0000e+00 1.0000e+05 2.6211e-05 2.5000e+00
3.5098e+01 1.0000e+05 4.8849e-10 1.0000e+00 1.0000e+05 4.8849e-05 2.5000e+00
3.5490e+01 1.0000e+05 8.9793e-10 1.0000e+00 1.0000e+05 8.9793e-05 2.5000e+00
3.5882e+01 1.0000e+05 1.6278e-09 9.9999e-01 1.0000e+05 1.6278e-04 2.5000e+00
3.6275e+01 1.0000e+05 2.9100e-09 9.9999e-01 1.0000e+05 2.9100e-04 2.5000e+00
3.6667e+01 1.0000e+05 5.1297e-09 9.9998e-01 1.0000e+05 5.1297e-04 2.5000e+00
3.7059e+01 1.0000e+05 8.9162e-09 9.9997e-01 1.0000e+05 8.9162e-04 2.4999e+00
3.7451e+01 1.0000e+05 1.5280e-08 9.9995e-01 1.0000e+05 1.5280e-03 2.4999e+00
3.7843e+01 1.0000e+05 2.5815e-08 9.9992e-01 1.0000e+05 2.5815e-03 2.4998e+00
3.8235e+01 1.0000e+05 4.2996e-08 9.9987e-01 1.0000e+05 4.2996e-03 2.4997e+00
3.8627e+01 1.0000e+05 7.0593e-08 9.9979e-01 1.0000e+05 7.0593e-03 2.4995e+00
3.9020e+01 1.0000e+05 1.1425e-07 9.9967e-01 1.0000e+05 1.1425e-02 2.4992e+00
3.9412e+01 9.9999e+04 1.8224e-07 9.9948e-01 9.9999e+04 1.8224e-02 2.4987e+00
3.9804e+01 9.9999e+04 2.8652e-07 9.9921e-01 9.9999e+04 2.8652e-02 2.4980e+00
4.0196e+01 9.9998e+04 4.4398e-07 9.9881e-01 9.9998e+04 4.4398e-02 2.4970e+00
4.0588e+01 9.9997e+04 6.7803e-07 9.9824e-01 9.9997e+04 6.7801e-02 2.4956e+00
4.0980e+01 9.9996e+04 1.0205e-06 9.9744e-01 9.9996e+04 1.0204e-01 2.4936e+00
4.1373e+01 9.9994e+04 1.5136e-06 9.9632e-01 9.9994e+04 1.5135e-01 2.4908e+00
4.1765e+01 9.9991e+04 2.2123e-06 9.9480e-01 9.9991e+04 2.2121e-01 2.4870e+00
4.2157e+01 9.9986e+04 3.1868e-06 9.9276e-01 9.9986e+04 3.1863e-01 2.4819e+00
4.2549e+01 9.9980e+04 4.5237e-06 9.9009e-01 9.9980e+04 4.5228e-01 2.4752e+00
4.2941e+01 9.9971e+04 6.3284e-06 9.8664e-01 9.9971e+04 6.3266e-01 2.4666e+00
4.3333e+01 9.9958e+04 8.7248e-06 9.8229e-01 9.9958e+04 8.7212e-01 2.4557e+00
4.3725e+01 9.9942e+04 1.1855e-05 9.7689e-01 9.9942e+04 1.1848e+00 2.4422e+00
4.4118e+01 9.9919e+04 1.5875e-05 9.7032e-01 9.9919e+04 1.5862e+00 2.4258e+00
4.4510e+01 9.9890e+04 2.0954e-05 9.6250e-01 9.9890e+04 2.0931e+00 2.4063e+00
4.4902e+01 9.9851e+04 2.7262e-05 9.5338e-01 9.9851e+04 2.7222e+00 2.3835e+00
4.5294e+01 9.9802e+04 3.4967e-05 9.4296e-01 9.9802e+04 3.4898e+00 2.3575e+00
4.5686e+01 9.9740e+04 4.4220e-05 9.3132e-01 9.9740e+04 4.4105e+00 2.3284e+00
4.6078e+01 9.9663e+04 5.5148e-05 9.1860e-01 9.9663e+04 5.4962e+00 2.2966e+00
4.6471e+01 9.9568e+04 6.7843e-05 9.0496e-01 9.9568e+04 6.7550e+00 2.2626e+00
4.6863e+01 9.9454e+04 8.2367e-05 8.9064e-01 9.9454e+04 8.1918e+00 2.2269e+00
4.7255e+01 9.9316e+04 9.8668e-05 8.7581e-01 9.9316e+04 9.7994e+00 2.1900e+00
4.7647e+01 9.9166e+04 1.1721e-04 8.6081e-01 9.9166e+04 1.1623e+01 2.1527e+00
4.8039e+01 9.8919e+04 1.3505e-04 8.4473e-01 9.8919e+04 1.3359e+01 2.1127e+00
4.8431e+01 9.8987e+04 1.6659e-04 8.3251e-01 9.8987e+04 1.6490e+01 2.0826e+00
4.8824e+01 9.7736e+04 1.5502e-04 8.0485e-01 9.7736e+04 1.5151e+01 2.0133e+00
4.9216e+01 9.9564e+04 2.5996e-04 8.1531e-01 9.9564e+04 2.5883e+01 2.0416e+00
4.9608e+01 1.0358e+05 1.9660e-04 7.6821e-01 1.0358e+05 2.0364e+01 1.9225e+00
5.0000e+01 1.3963e+04 2.5945e-04 7.6843e-01 1.3963e+04 3.6228e+00 1.9215e+00
5.0392e+01 1.0861e+04 3.2220e-04 7.5321e-01 1.0861e+04 3.4994e+00 1.8836e+00
5.0784e+01 1.1445e+04 7.2368e-04 7.7614e-01 1.1445e+04 8.2828e+00 1.9433e+00
5.1176e+01 1.2270e+04 1.0448e-03 7.9589e-01 1.2270e+04 1.2820e+01 1.9964e+00
5.1569e+01 1.2613e+04 1.2553e-03 8.0793e-01 1.2613e+04 1.5833e+01 2.0298e+00
5.1961e+01 1.2806e+04 1.2571e-03 7.9822e-01 1.2806e+04 1.6098e+01 2.0057e+00
5.2353e+01 1.2771e+04 1.2626e-03 7.9169e-01 1.2771e+04 1.6125e+01 1.9894e+00
5.2745e+01 1.2815e+04 1.2257e-03 7.8024e-01 1.2815e+04 1.5707e+01 1.9602e+00
5.3137e+01 1.2782e+04 1.2211e-03 7.7172e-01 1.2782e+04 1.5608e+01 1.9388e+00
5.3529e+01 1.2805e+04 1.1893e-03 7.6021e-01 1.2805e+04 1.5230e+01 1.9096e+00
5.3922e+01 1.2785e+04 1.1767e-03 7.5023e-01 1.2785e+04 1.5044e+01 1.8844e+00
5.4314e+01 1.2795e+04 1.1481e-03 7.3848e-01 1.2795e+04 1.4689e+01 1.8546e+00
5.4706e+01 1.2782e+04 1.1297e-03 7.2732e-01 1.2782e+04 1.4439e+01 1.8265e+00
5.5098e+01 1.2784e+04 1.1019e-03 7.1498e-01 1.2784e+04 1.4086e+01 1.7952e+00
5.5490e+01 1.2774e+04 1.0789e-03 7.0256e-01 1.2774e+04 1.3782e+01 1.7638e+00
5.5882e+01 1.2771e+04 1.0502e-03 6.8915e-01 1.2771e+04 1.3412e+01 1.7299e+00
5.6275e+01 1.2763e+04 1.0231e-03 6.7520e-01 1.2763e+04 1.3057e+01 1.6947e+00
5.6667e+01 1.2757e+04 9.9218e-04 6.6025e-01 1.2757e+04 1.2657e+01 1.6569e+00
5.7059e+01 1.2748e+04 9.6104e-04 6.4444e-01 1.2748e+04 1.2251e+01 1.6170e+00
5.7451e+01 1.2740e+04 9.2707e-04 6.2755e-01 1.2740e+04 1.1811e+01 1.5743e+00
5.7843e+01 1.2731e+04 8.9189e-04 6.0957e-01 1.2731e+04 1.1354e+01 1.5290e+00
5.8235e+01 1.2721e+04 8.5429e-04 5.9038e-01 1.2721e+04 1.0867e+01 1.4806e+00
5.8627e+01 1.2710e+04 8.1494e-04 5.6993e-01 1.2710e+04 1.0358e+01 1.4290e+00
5.9020e+01 1.2699e+04 7.7329e-04 5.4811e-01 1.2699e+04 9.8204e+00 1.3741e+00
5.9412e+01 1.2688e+04 7.2957e-04 5.2485e-01 1.2688e+04 9.2567e+00 1.3155e+00
5.9804e+01 1.2676e+04 6.8351e-04 5.0006e-01 1.2676e+04 8.6638e+00 1.2531e+00
6.0196e+01 1.2663e+04 6.3513e-04 4.7363e-01 1.2663e+04 8.0425e+00 1.1866e+00
6.0588e+01 1.2649e+04 5.8428e-04 4.4547e-01 1.2649e+04 7.3906e+00 1.1158e+00
6.0980e+01 1.2635e+04 5.3088e-04 4.1545e-01 1.2635e+04 6.7077e+00 1.0404e+00
6.1373e+01 1.2620e+04 4.7478e-04 3.8343e-01 1.2620e+04 5.9918e+00 9.6000e-01
6.1765e+01 1.2605e+04 4.1583e-04 3.4925e-01 1.2605e+04 5.2415e+00 8.7423e-01
6.2157e+01 1.2589e+04 3.5390e-04 3.1276e-01 1.2589e+04 4.4552e+00 7.8269e-01
6.2549e+01 1.2572e+04 2.8915e-04 2.7394e-01 1.2572e+04 3.6352e+00 6.8537e-01
6.2941e+01 1.2555e+04 2.2271e-04 2.3342e-01 1.2555e+04 2.7962e+00 5.8386e-01
6.3333e+01 1.2539e+04 1.5777e-04 1.9333e-01 1.2539e+04 1.9784e+00 4.8347e-01
6.3725e+01 1.2525e+04 1.0003e-04 1.5771e-01 1.2525e+04 1.2529e+00 3.9433e-01
6.4118e+01 1.2514e+04 5.5547e-05 1.3089e-01 1.2514e+04 6.9513e-01 3.2724e-01
6.4510e+01 1.2507e+04 2.6879e-05 1.1435e-01 1.2507e+04 3.3617e-01 2.8589e-01
6.4902e+01 1.2503e+04 1.1531e-05 1.0596e-01 1.2503e+04 1.4417e-01 2.6489e-01
6.5294e+01 1.2501e+04 4.5353e-06 1.0230e-01 1.2501e+04 5.6697e-02 2.5574e-01
6.5686e+01 1.2500e+04 1.6935e-06 1.0085e-01 1.2500e+04 2.1169e-02 2.5213e-01
6.6078e+01 1.2500e+04 6.1518e-07 1.0031e-01 1.2500e+04 7.6898e-03 2.5077e-01
6.6471e+01 1.2500e+04 2.2025e-07 1.0011e-01 1.2500e+04 2.7531e-03 2.5028e-01
6.6863e+01 1.2500e+04 7.8157e-08 1.0004e-01 1.2500e+04 9.7696e-04 2.5010e-01
6.7255e+01 1.2500e+04 2.7549e-08 1.0001e-01 1.2500e+04 3.4436e-04 2.5003e-01
6.7647e+01 1.2500e+04 9.6529e-09 1.0000e-01 1.2500e+04 1.2066e-04 2.5001e-01
6.8039e+01 1.2500e+04 3.3631e-09 1.0000e-01 1.2500e+04 4.2038e-05 2.5000e-01
6.8431e+01 1.2500e+04 1.1651e-09 1.0000e-01 1.2500e+04 1.4563e-05 2.5000e-01
6.8824e+01 1.2500e+04 4.0134e-10 1.0000e-01 1.2500e+04 5.0167e-06 2.5000e-01
6.9216e+01 1.2500e+04 1.3746e-10 1.0000e-01 1.2500e+04 1.7182e-06 2.5000e-01
6.9608e+01 1.2500e+04 4.6809e-11 1.0000e-01 1.2500e+04 5.8511e-07 2.5000e-01
7.0000e+01 1.2500e+04 1.5847e-11 1.0000e-01 1.2500e+04 1.9809e-07 2.5000e-01
7.0392e+01 1.2500e+04 5.3335e-12 1.0000e-01 1.2500e+04 6.6668e-08 2.5000e-01
7.0784e+01 1.2500e+04 1.7843e-12 1.0000e-01 1.2500e+04 2.2304e-08 2.5000e-01
7.1176e+01 1.2500e+04 5.9338e-13 1.0000e-01 1.2500e+04 7.4173e-09 2.5000e-01
7.1569e+01 1.2500e+04 1.9613e-13 1.0000e-01 1.2500e+04 2.4517e-09 2.5000e-01
7.1961e+01 1.2500e+04 6.4430e-14 1.0000e-01 1.2500e+04 8.0538e-10 2.5000e-01
7.2353e+01 1.2500e+04 2.1034e-14 1.0000e-01 1.2500e+04 2.6293e-10 2.5000e-01
7.2745e+01 1.2500e+04 6.8232e-15 1.0000e-01 1.2500e+04 8.5290e-11 2.5000e-01
7.3137e+01 1.2500e+04 2.1987e-15 1.0000e-01 1.2500e+04 2.7484e-11 2.5000e-01
7.3529e+01 1.2500e+04 7.0316e-16 1.0000e-01 1.2500e+04 8.7895e-12 2.5000e-01
7.3922e+01 1.2500e+04 2.2260e-16 1.0000e-01 1.2500e+04 2.7825e-12 2.5000e-01
7.4314e+01 1.2500e+04 6.9251e-17 1.0000e-01 1.2500e+04 8.6564e-13 2.5000e-01
7.4706e+01 1.2500e+04 2.0675e-17 1.0000e-01 1.2500e+04 2.5844e-13 2.5000e-01
7.5098e+01 1.2500e+04 5.5325e-18 1.0000e-01 1.2500e+04 6.9156e-14 2.5000e-01
7.5490e+01 1.2500e+04 1.0339e-18 1.0000e-01 1.2500e+04 1.2924e-14 2.5000e-01
7.5882e+01 1.2500e+04 2.2082e-20 1.0000e-01 1.2500e+04 2.7603e-16 2.5000e-01
7.6275e+01 1.2500e+04 0.0000e+00 1.0000e-01 1.2500e+04 0.0000e+00 2.5000e-01
7.6667e+01 1.2500e+04 0.0000e+00 1.0000e-01 1.2500e+04 0.0000e+00 2.5000e-01
7.7059e+01 1.2500e+04 0.0000e+00 1.0000e-01 1.2500e+04 0.0000e+00 2.5000e-01
7.7451e+01 1.2500e+04 0.0000e+00 1.0000e-01 1.2500e+04 0.0000e+00 2.5000e-01
7.7843e+01 1.2500e+04 0.0000e+00 1.0000e-01 1.2500e+04 0.0000e+00 2.5000e-01
7.8235e+01 1.2500e+04 0.0000e+00 1.0000e-01 1.2500e+04 0.0000e+00 2.5000e-01
7.8627e+01 1.2500e+04 0.0000e+00 1.0000e-01 1.2500e+04 0.0000e+00 2.5000e-01
7.9020e+01 1.2500e+04 0.0000e+00 1.0000e-01 1.2500e+04 0.0000e+00 2.5000e-01
7.9412e+01 1.2500e+04 0.0000e+00 1.0000e-01 1.2500e+04 0.0000e+00 2.5000e-01
7.9804e+01 1.2500e+04 0.0000e+00 1.0000e-01 1.2500e+04 0.0000e+00 2.5000e-01
8.0196e+01 1.2500e+04 0.0000e+00 1.0000e-01 1.2500e+04 0.0000e+00 2.5000e-01
8.0588e+01 1.2500e+04 0.0000e+00 1.0000e-01 1.2500e+04 0.0000e+00 2.5000e-01
8.0980e+01 1.2500e+04 0.0000e+00 1.0000e-01 1.2500e+04 0.0000e+00 2.5000e-01
8.1373e+01 1.2500e+04 0.0000e+00 1.0000e-01 1.2500e+04 0.0000e+00 2.5000e-01
8.1765e+01 1.2500e+04 0.0000e+00 1.0000e-01 1.2500e+04 0.0000e+00 2.5000e-01
8.2157e+01 1.2500e+04 0.0000e+00 1.0000e-01 1.2500e+04 0.0000e+00 2.5000e-01
8.2549e+01 1.2500e+04 0.0000e+00 1.0000e-01 1.2500e+04 0.0000e+00 2.5000e-01
8.2941e+01 1.2500e+04 0.0000e+00 1.0000e-01 1.2500e+04 0.0000e+00 2.5000e-01
8.3333e+01 1.2500e+04 0.0000e+00 1.0000e-01 1.2500e+04 0.0000e+00 2.5000e-01
8.3725e+01 1.2500e+04 0.0000e+00 1.0000e-01 1.2500e+04 0.0000e+00 2.5000e-01
8.4118e+01 1.2500e+04 0.0000e+00 1.0000e-01 1.2500e+04 0.0000e+00 2.5000e-01
8.4510e+01 1.2500e+04 0.0000e+00 1.0000e-01 1.2500e+04 0.0000e+00 2.5000e-01
8.4902e+01 1.2500e+04 0.0000e+00 1.0000e-01 1.2500e+04 0.0000e+00 2.5000e-01
8.5294e+01 1.2500e+04 0.0000e+00 1.0000e-01 1.2500e+04 0.0000e+00 2.5000e-01
8.5686e+01 1.2500e+04 0.0000e+00 1.0000e-01 1.2500e+04 0.0000e+00 2.5000e-01
8.6078e+01 1.2500e+04 0.0000e+00 1.0000e-01 1.2500e+04 0.0000e+00 2.5000e-01
8.6471e+01 1.2500e+04 0.0000e+00 1.0000e-01 1.2500e+04 0.0000e+00 2.5000e-01
8.6863e+01 1.2500e+04 0.0000e+00 1.0000e-01 1.2500e+04 0.0000e+00 2.5000e-01
8.7255e+01 1.2500e+04 0.0000e+00 1.0000e-01 1.2500e+04 0.0000e+00 2.5000e-01
8.7647e+01 1.2500e+04 0.0000e+00 1.0000e-01 1.2500e+04 0.0000e+00 2.5000e-01
8.8039e+01 1.2500e+04 0.0000e+00 1.0000e-01 1.2500e+04 0.0000e+00 2.5000e-01
8.8431e+01 1.2500e+04 0.0000e+00 1.0000e-01 1.2500e+04 0.0000e+00 2.5000e-01
8.8824e+01 1.2500e+04 0.0000e+00 1.0000e-01 1.2500e+04 0.0000e+00 2.5000e-01
8.9216e+01 1.2500e+04 0.0000e+00 1.0000e-01 1.2500e+04 0.0000e+00 2.5000e-01
8.9608e+01 1.2500e+04 0.0000e+00 1.0000e-01 1.2500e+04 0.0000e+00 2.5000e-01
9.0000e+01 1.2500e+04 0.0000e+00 1.0000e-01 1.2500e+04 0.0000e+00 2.5000e-01
9.0392e+01 1.2500e+04 0.0000e+00 1.0000e-01 1.2500e+04 0.0000e+00 2.5000e-01
9.0784e+01 1.2500e+04 0.0000e+00 1.0000e-01 1.2500e+04 0.0000e+00 2.5000e-01
9.1176e+01 1.2500e+04 0.0000e+00 1.0000e-01 1.2500e+04 0.0000e+00 2.5000e-01
9.1569e+01 1.2500e+04 0.0000e+00 1.0000e-01 1.2500e+04 0.0000e+00 2.5000e-01
9.1961e+01 1.2500e+04 0.0000e+00 1.0000e-01 1.2500e+04 0.0000e+00 2.5000e-01
9.2353e+01 1.2500e+04 0.0000e+00 1.0000e-01 1.2500e+04 0.0000e+00 2.5000e-01
9.2745e+01 1.2500e+04 0.0000e+00 1.0000e-01 1.2500e+04 0.0000e+00 2.5000e-01
9.3137e+01 1.2500e+04 0.0000e+00 1.0000e-01 1.2500e+04 0.0000e+00 2.5000e-01
9.3529e+01 1.2500e+04 0.0000e+00 1.0000e-01 1.2500e+04 0.0000e+00 2.5000e-01
9.3922e+01 1.2500e+04 0.0000e+00 1.0000e-01 1.2500e+04 0.0000e+00 2.5000e-01
9.4314e+01 1.2500e+04 0.0000e+00 1.0000e-01 1.2500e+04 0.0000e+00 2.5000e-01
9.4706e+01 1.2500e+04 0.0000e+00 1.0000e-01 1.2500e+04 0.0000e+00 2.5000e-01
9.5098e+01 1.2500e+04 0.0000e+00 1.0000e-01 1.2500e+04 0.0000e+00 2.5000e-01
9.5490e+01 1.2500e+04 0.0000e+00 1.0000e-01 1.2500e+04 0.0000e+00 2.5000e-01
9.5882e+01 1.2500e+04 0.0000e+00 1.0000e-01 1.2500e+04 0.0000e+00 2.5000e-01
9.6275e+01 1.2500e+04 0.0000e+00 1.0000e-01 1.2500e+04 0.0000e+00 2.5000e-01
9.6667e+01 1.2500e+04 0.0000e+00 1.0000e-01 1.2500e+04 0.0000e+00 2.5000e-01
9.7059e+01 1.2500e+04 0.0000e+00 1.0000e-01 1.2500e+04 0.0000e+00 2.5000e-01
9.7451e+01 1.2500e+04 0.0000e+00 1.0000e-01 1.2500e+04 0.0000e+00 2.5000e-01
9.7843e+01 1.2500e+04 0.0000e+00 1.0000e-01 1.2500e+04 0.0000e+00 2.5000e-01
9.8235e+01 1.2500e+04 0.0000e+00 1.0000e-01 1.2500e+04 0.0000e+00 2.5000e-01
9.8627e+01 1.2500e+04 0.0000e+00 1.0000e-01 1.2500e+04 0.0000e+00 2.5000e-01
9.9020e+01 1.2500e+04 0.0000e+00 1.0000e-01 1.2500e+04 0.0000e+00 2.5000e-01
9.9412e+01 1.2500e+04 0.0000e+00 1.0000e-01 1.2500e+04 0.0000e+00 2.5000e-01
9.9804e+01 1.2500e+04 0.0000e+00 1.0000e-01 1.2500e+04 0.0000e+00 2.5000e-01
