# # x Density Velocity Pressure q0 q1 q2
1.9608e-01 1.0000e+05 0.0000e+00 1.0000e+00 1.0000e+05 0.0000e+00 2.5000e+00
5.8824e-01 1.0000e+05 0.0000e+00 1.0000e+00 1.0000e+05 0.0000e+00 2.5000e+00
9.8039e-01 1.0000e+05 0.0000e+00 1.0000e+00 1.0000e+05 0.0000e+00 2.5000e+00
1.3725e+00 1.0000e+05 0.0000e+00 1.0000e+00 1.0000e+05 0.0000e+00 2.5000e+00
1.7647e+00 1.0000e+05 0.0000e+00 1.0000e+00 1.0000e+05 0.0000e+00 2.5000e+00
2.1569e+00 1.0000e+05 0.0000e+00 1.0000e+00 1.0000e+05 0.0000e+00 2.5000e+00
2.5490e+00 1.0000e+05 0.0000e+00 1.0000e+00 1.0000e+05 0.0000e+00 2.5000e+00
2.9412e+00 1.0000e+05 0.0000e+00 1.0000e+00 1.0000e+05 0.0000e+00 2.5000e+00
3.3333e+00 1.0000e+05 0.0000e+00 1.0000e+00 1.0000e+05 0.0000e+00 2.5000e+00
3.7255e+00 1.0000e+05 0.0000e+00 1.0000e+00 1.0000e+05 0.0000e+00 2.5000e+00
4.1176e+00 1.0000e+05 0.0000e+00 1.0000e+00 1.0000e+05 0.0000e+00 2.5000e+00
4.5098e+00 1.0000e+05 0.0000e+00 1.0000e+00 1.0000e+05 0.0000e+00 2.5000e+00
4.9020e+00 1.0000e+05 0.0000e+00 1.0000e+00 1.0000e+05 0.0000e+00 2.5000e+00
5.2941e+00 1.0000e+05 0.0000e+00 1.0000e+00 1.0000e+05 0.0000e+00 2.5000e+00
5.6863e+00 1.0000e+05 0.0000e+00 1.0000e+00 1.0000e+05 0.0000e+00 2.5000e+00
6.0784e+00 1.0000e+05 0.0000e+00 1.0000e+00 1.0000e+05 0.0000e+00 2.5000e+00
6.4706e+00 1.0000e+05 0.0000e+00 1.0000e+00 1.0000e+05 0.0000e+00 2.5000e+00
6.8627e+00 1.0000e+05 0.0000e+00 1.0000e+00 1.0000e+05 0.0000e+00 2.5000e+00
7.2549e+00 1.0000e+05 0.0000e+00 1.0000e+00 1.0000e+05 0.0000e+00 2.5000e+00
7.6471e+00 1.0000e+05 0.0000e+00 1.0000e+00 1.0000e+05 0.0000e+00 2.5000e+00
8.0392e+00 1.0000e+05 0.0000e+00 1.0000e+00 1.0000e+05 0.0000e+00 2.5000e+00
8.4314e+00 1.0000e+05 0.0000e+00 1.0000e+00 1.0000e+05 0.0000e+00 2.5000e+00
8.8235e+00 1.0000e+05 0.0000e+00 1.0000e+00 1.0000e+05 0.0000e+00 2.5000e+00
9.2157e+00 1.0000e+05 0.0000e+00 1.0000e+00 1.0000e+05 0.0000e+00 2.5000e+00
9.6078e+00 1.0000e+05 0.0000e+00 1.0000e+00 1.0000e+05 0.0000e+00 2.5000e+00
1.0000e+01 1.0000e+05 0.0000e+00 1.0000e+00 1.0000e+05 0.0000e+00 2.5000e+00
1.0392e+01 1.0000e+05 0.0000e+00 1.0000e+00 1.0000e+05 0.0000e+00 2.5000e+00
1.0784e+01 1.0000e+05 0.0000e+00 1.0000e+00 1.0000e+05 0.0000e+00 2.5000e+00
1.1176e+01 1.0000e+05 0.0000e+00 1.0000e+00 1.0000e+05 0.0000e+00 2.5000e+00
1.1569e+01 1.0000e+05 0.0000e+00 1.0000e+00 1.0000e+05 0.0000e+00 2.5000e+00
1.1961e+01 1.0000e+05 0.0000e+00 1.0000e+00 1.0000e+05 0.0000e+00 2.5000e+00
1.2353e+01 1.0000e+05 0.0000e+00 1.0000e+00 1.0000e+05 0.0000e+00 2.5000e+00
1.2745e+01 1.0000e+05 0.0000e+00 1.0000e+00 1.0000e+05 0.0000e+00 2.5000e+00
1.3137e+01 1.0000e+05 0.0000e+00 1.0000e+00 1.0000e+05 0.0000e+00 2.5000e+00
1.3529e+01 1.0000e+05 0.0000e+00 1.0000e+00 1.0000e+05 0.0000e+00 2.5000e+00
1.3922e+01 1.0000e+05 0.0000e+00 1.0000e+00 1.0000e+05 0.0000e+00 2.5000e+00
1.4314e+01 1.0000e+05 0.0000e+00 1.0000e+00 1.0000e+05 0.0000e+00 2.5000e+00
1.4706e+01 1.0000e+05 0.0000e+00 1.0000e+00 1.0000e+05 0.0000e+00 2.5000e+00
1.5098e+01 1.0000e+05 0.0000e+00 1.0000e+00 1.0000e+05 0.0000e+00 2.5000e+00
1.5490e+01 1.0000e+05 0.0000e+00 1.0000e+00 1.0000e+05 0.0000e+00 2.5000e+00
1.5882e+01 1.0000e+05 0.0000e+00 1.0000e+00 1.0000e+05 0.0000e+00 2.5000e+00
1.6275e+01 1.0000e+05 0.0000e+00 1.0000e+00 1.0000e+05 0.0000e+00 2.5000e+00
1.6667e+01 1.0000e+05 0.0000e+00 1.0000e+00 1.0000e+05 0.0000e+00 2.5000e+00
1.7059e+01 1.0000e+05 0.0000e+00 1.0000e+00 1.0000e+05 0.0000e+00 2.5000e+00
1.7451e+01 1.0000e+05 0.0000e+00 1.0000e+00 1.0000e+05 0.0000e+00 2.5000e+00
1.7843e+01 1.0000e+05 0.0000e+00 1.0000e+00 1.0000e+05 0.0000e+00 2.5000e+00
1.8235e+01 1.0000e+05 0.0000e+00 1.0000e+00 1.0000e+05 0.0000e+00 2.5000e+00
1.8627e+01 1.0000e+05 0.0000e+00 1.0000e+00 1.0000e+05 0.0000e+00 2.5000e+00
1.9020e+01 1.0000e+05 0.0000e+00 1.0000e+00 1.0000e+05 0.0000e+00 2.5000e+00
1.9412e+01 1.0000e+05 0.0000e+00 1.0000e+00 1.0000e+05 0.0000e+00 2.5000e+00
1.9804e+01 1.0000e+05 0.0000e+00 1.0000e+00 1.0000e+05 0.0000e+00 2.5000e+00
2.0196e+01 1.0000e+05 0.0000e+00 1.0000e+00 1.0000e+05 0.0000e+00 2.5000e+00
2.0588e+01 1.0000e+05 0.0000e+00 1.0000e+00 1.0000e+05 0.0000e+00 2.5000e+00
2.0980e+01 1.0000e+05 0.0000e+00 1.0000e+00 1.0000e+05 0.0000e+00 2.5000e+00
2.1373e+01 1.0000e+05 0.0000e+00 1.0000e+00 1.0000e+05 0.0000e+00 2.5000e+00
2.1765e+01 1.0000e+05 0.0000e+00 1.0000e+00 1.0000e+05 0.0000e+00 2.5000e+00
2.2157e+01 1.0000e+05 0.0000e+00 1.0000e+00 1.0000e+05 0.0000e+00 2.5000e+00
2.2549e+01 1.0000e+05 0.0000e+00 1.0000e+00 1.0000e+05 0.0000e+00 2.5000e+00
2.2941e+01 1.0000e+05 0.0000e+00 1.0000e+00 1.0000e+05 0.0000e+00 2.5000e+00
2.3333e+01 1.0000e+05 0.0000e+00 1.0000e+00 1.0000e+05 0.0000e+00 2.5000e+00
2.3725e+01 1.0000e+05 2.8311e-22 1.0000e+00 1.0000e+05 2.8311e-17 2.5000e+00
2.4118e+01 1.0000e+05 2.1063e-19 1.0000e+00 1.0000e+05 2.1063e-14 2.5000e+00
2.4510e+01 1.0000e+05 1.2176e-18 1.0000e+00 1.0000e+05 1.2176e-13 2.5000e+00
2.4902e+01 1.0000e+05 3.4267e-18 1.0000e+00 1.0000e+05 3.4267e-13 2.5000e+00
2.5294e+01 1.0000e+05 7.5275e-18 1.0000e+00 1.0000e+05 7.5275e-13 2.5000e+00
2.5686e+01 1.0000e+05 1.6322e-17 1.0000e+00 1.0000e+05 1.6322e-12 2.5000e+00
2.6078e+01 1.0000e+05 3.6685e-17 1.0000e+00 1.0000e+05 3.6685e-12 2.5000e+00
2.6471e+01 1.0000e+05 8.4672e-17 1.0000e+00 1.0000e+05 8.4672e-12 2.5000e+00
2.6863e+01 1.0000e+05 1.9673e-16 1.0000e+00 1.0000e+05 1.9673e-11 2.5000e+00
2.7255e+01 1.0000e+05 4.5613e-16 1.0000e+00 1.0000e+05 4.5613e-11 2.5000e+00
2.7647e+01 1.0000e+05 1.0509e-15 1.0000e+00 1.0000e+05 1.0509e-10 2.5000e+00
2.8039e+01 1.0000e+05 2.3973e-15 1.0000e+00 1.0000e+05 2.3973e-10 2.5000e+00
2.8431e+01 1.0000e+05 5.4081e-15 1.0000e+00 1.0000e+05 5.4081e-10 2.5000e+00
2.8824e+01 1.0000e+05 1.2058e-14 1.0000e+00 1.0000e+05 1.2058e-09 2.5000e+00
2.9216e+01 1.0000e+05 2.6565e-14 1.0000e+00 1.0000e+05 2.6565e-09 2.5000e+00
2.9608e+01 1.0000e+05 5.7821e-14 1.0000e+00 1.0000e+05 5.7821e-09 2.5000e+00
3.0000e+01 1.0000e+05 1.2432e-13 1.0000e+00 1.0000e+05 1.2432e-08 2.5000e+00
3.0392e+01 1.0000e+05 2.6401e-13 1.0000e+00 1.0000e+05 2.6401e-08 2.5000e+00
3.0784e+01 1.0000e+05 5.5375e-13 1.0000e+00 1.0000e+05 5.5375e-08 2.5000e+00
3.1176e+01 1.0000e+05 1.1470e-12 1.0000e+00 1.0000e+05 1.1470e-07 2.5000e+00
3.1569e+01 1.0000e+05 2.3460e-12 1.0000e+00 1.0000e+05 2.3460e-07 2.5000e+00
3.1961e+01 1.0000e+05 4.7379e-12 1.0000e+00 1.0000e+05 4.7379e-07 2.5000e+00
3.2353e+01 1.0000e+05 9.4472e-12 1.0000e+00 1.0000e+05 9.4472e-07 2.5000e+00
3.2745e+01 1.0000e+05 1.8597e-11 1.0000e+00 1.0000e+05 1.8597e-06 2.5000e+00
3.3137e+01 1.0000e+05 3.6138e-11 1.0000e+00 1.0000e+05 3.6138e-06 2.5000e+00
3.3529e+01 1.0000e+05 6.9317e-11 1.0000e+00 1.0000e+05 6.9317e-06 2.5000e+00
3.3922e+01 1.0000e+05 1.3123e-10 1.0000e+00 1.0000e+05 1.3123e-05 2.5000e+00
3.4314e+01 1.0000e+05 2.4521e-10 1.0000e+00 1.0000e+05 2.4521e-05 2.5000e+00
3.4706e+01 1.0000e+05 4.5215e-10 1.0000e+00 1.0000e+05 4.5215e-05 2.5000e+00
3.5098e+01 1.0000e+05 8.2273e-10 1.0000e+00 1.0000e+05 8.2273e-05 2.5000e+00
3.5490e+01 1.0000e+05 1.4772e-09 9.9999e-01 1.0000e+05 1.4772e-04 2.5000e+00
3.5882e+01 1.0000e+05 2.6168e-09 9.9999e-01 1.0000e+05 2.6168e-04 2.5000e+00
3.6275e+01 1.0000e+05 4.5735e-09 9.9998e-01 1.0000e+05 4.5735e-04 2.5000e+00
3.6667e+01 1.0000e+05 7.8857e-09 9.9997e-01 1.0000e+05 7.8857e-04 2.4999e+00
3.7059e+01 1.0000e+05 1.3413e-08 9.9996e-01 1.0000e+05 1.3413e-03 2.4999e+00
3.7451e+01 1.0000e+05 2.2504e-08 9.9993e-01 1.0000e+05 2.2504e-03 2.4998e+00
3.7843e+01 1.0000e+05 3.7242e-08 9.9989e-01 1.0000e+05 3.7241e-03 2.4997e+00
3.8235e+01 1.0000e+05 6.0787e-08 9.9982e-01 1.0000e+05 6.0787e-03 2.4995e+00
3.8627e+01 1.0000e+05 9.7857e-08 9.9972e-01 1.0000e+05 9.7857e-03 2.4993e+00
3.9020e+01 9.9999e+04 1.5536e-07 9.9956e-01 9.9999e+04 1.5536e-02 2.4989e+00
3.9412e+01 9.9999e+04 2.4325e-07 9.9934e-01 9.9999e+04 2.4324e-02 2.4983e+00
3.9804e+01 9.9999e+04 3.7556e-07 9.9900e-01 9.9999e+04 3.7556e-02 2.4975e+00
4.0196e+01 9.9998e+04 5.7181e-07 9.9853e-01 9.9998e+04 5.7179e-02 2.4963e+00
4.0588e+01 9.9997e+04 8.5847e-07 9.9785e-01 9.9997e+04 8.5844e-02 2.4946e+00
4.0980e+01 9.9995e+04 1.2709e-06 9.9692e-01 9.9995e+04 1.2708e-01 2.4923e+00
4.1373e+01 9.9992e+04 1.8551e-06 9.9565e-01 9.9992e+04 1.8550e-01 2.4891e+00
4.1765e+01 9.9988e+04 2.6702e-06 9.9394e-01 9.9988e+04 2.6699e-01 2.4849e+00
4.2157e+01 9.9983e+04 3.7896e-06 9.9169e-01 9.9983e+04 3.7890e-01 2.4792e+00
4.2549e+01 9.9975e+04 5.3033e-06 9.8879e-01 9.9975e+04 5.3020e-01 2.4720e+00
4.2941e+01 9.9965e+04 7.3180e-06 9.8509e-01 9.9965e+04 7.3155e-01 2.4627e+00
4.3333e+01 9.9951e+04 9.9576e-06 9.8048e-01 9.9951e+04 9.9527e-01 2.4512e+00
4.3725e+01 9.9932e+04 1.3361e-05 9.7484e-01 9.9932e+04 1.3352e+00 2.4371e+00
4.4118e+01 9.9907e+04 1.7680e-05 9.6807e-01 9.9907e+04 1.7664e+00 2.4202e+00
4.4510e+01 9.9875e+04 2.3074e-05 9.6009e-01 9.9875e+04 2.3045e+00 2.4002e+00
4.4902e+01 9.9833e+04 2.9701e-05 9.5087e-01 9.9833e+04 2.9652e+00 2.3772e+00
4.5294e+01 9.9780e+04 3.7716e-05 9.4045e-01 9.9780e+04 3.7633e+00 2.3512e+00
4.5686e+01 9.9714e+04 4.7255e-05 9.2889e-01 9.9714e+04 4.7120e+00 2.3223e+00
4.6078e+01 9.9633e+04 5.8432e-05 9.1631e-01 9.9633e+04 5.8218e+00 2.2909e+00
4.6471e+01 9.9534e+04 7.1330e-05 9.0287e-01 9.9534e+04 7.0997e+00 2.2574e+00
4.6863e+01 9.9415e+04 8.6011e-05 8.8875e-01 9.9415e+04 8.5508e+00 2.2222e+00
4.7255e+01 9.9273e+04 1.0240e-04 8.7408e-01 9.9273e+04 1.0166e+01 2.1857e+00
4.7647e+01 9.9121e+04 1.2112e-04 8.5921e-01 9.9121e+04 1.2006e+01 2.1488e+00
4.8039e+01 9.8856e+04 1.3856e-04 8.4297e-01 9.8856e+04 1.3697e+01 2.1084e+00
4.8431e+01 9.8965e+04 1.7171e-04 8.3121e-01 9.8965e+04 1.6994e+01 2.0795e+00
4.8824e+01 9.7617e+04 1.5693e-04 8.0240e-01 9.7617e+04 1.5319e+01 2.0072e+00
4.9216e+01 9.9494e+04 2.6447e-04 8.1370e-01 9.9494e+04 2.6314e+01 2.0377e+00
4.9608e+01 1.0387e+05 2.0281e-04 7.6749e-01 1.0387e+05 2.1065e+01 1.9209e+00
5.0000e+01 1.4183e+04 2.6950e-04 7.6911e-01 1.4183e+04 3.8225e+00 1.9233e+00
5.0392e+01 1.0807e+04 3.1298e-04 7.5258e-01 1.0807e+04 3.3823e+00 1.8820e+00
5.0784e+01 1.1329e+04 6.7246e-04 7.7128e-01 1.1329e+04 7.6186e+00 1.9308e+00
5.1176e+01 1.2170e+04 1.0034e-03 7.9224e-01 1.2170e+04 1.2212e+01 1.9867e+00
5.1569e+01 1.2566e+04 1.2472e-03 8.0830e-01 1.2566e+04 1.5672e+01 2.0305e+00
5.1961e+01 1.2800e+04 1.2720e-03 8.0148e-01 1.2800e+04 1.6282e+01 2.0141e+00
5.2353e+01 1.2776e+04 1.2805e-03 7.9536e-01 1.2776e+04 1.6360e+01 1.9989e+00
5.2745e+01 1.2822e+04 1.2454e-03 7.8450e-01 1.2822e+04 1.5968e+01 1.9712e+00
5.3137e+01 1.2788e+04 1.2411e-03 7.7649e-01 1.2788e+04 1.5871e+01 1.9511e+00
5.3529e+01 1.2812e+04 1.2107e-03 7.6552e-01 1.2812e+04 1.5512e+01 1.9232e+00
5.3922e+01 1.2791e+04 1.1986e-03 7.5600e-01 1.2791e+04 1.5331e+01 1.8992e+00
5.4314e+01 1.2802e+04 1.1709e-03 7.4473e-01 1.2802e+04 1.4990e+01 1.8706e+00
5.4706e+01 1.2789e+04 1.1532e-03 7.3404e-01 1.2789e+04 1.4749e+01 1.8436e+00
5.5098e+01 1.2792e+04 1.1265e-03 7.2225e-01 1.2792e+04 1.4410e+01 1.8137e+00
5.5490e+01 1.2782e+04 1.1046e-03 7.1046e-01 1.2782e+04 1.4119e+01 1.7839e+00
5.5882e+01 1.2780e+04 1.0773e-03 6.9778e-01 1.2780e+04 1.3767e+01 1.7519e+00
5.6275e+01 1.2772e+04 1.0516e-03 6.8468e-01 1.2772e+04 1.3431e+01 1.7188e+00
5.6667e+01 1.2767e+04 1.0224e-03 6.7071e-01 1.2767e+04 1.3052e+01 1.6834e+00
5.7059e+01 1.2758e+04 9.9310e-04 6.5602e-01 1.2758e+04 1.2670e+01 1.6463e+00
5.7451e+01 1.2751e+04 9.6116e-04 6.4037e-01 1.2751e+04 1.2256e+01 1.6068e+00
5.7843e+01 1.2742e+04 9.2817e-04 6.2377e-01 1.2742e+04 1.1827e+01 1.5649e+00
5.8235e+01 1.2733e+04 8.9292e-04 6.0609e-01 1.2733e+04 1.1370e+01 1.5203e+00
5.8627e+01 1.2723e+04 8.5608e-04 5.8729e-01 1.2723e+04 1.0892e+01 1.4729e+00
5.9020e+01 1.2713e+04 8.1710e-04 5.6727e-01 1.2713e+04 1.0388e+01 1.4224e+00
5.9412e+01 1.2702e+04 7.7621e-04 5.4596e-01 1.2702e+04 9.8595e+00 1.3687e+00
5.9804e+01 1.2691e+04 7.3316e-04 5.2328e-01 1.2691e+04 9.3042e+00 1.3116e+00
6.0196e+01 1.2678e+04 6.8799e-04 4.9915e-01 1.2678e+04 8.7225e+00 1.2509e+00
6.0588e+01 1.2666e+04 6.4053e-04 4.7347e-01 1.2666e+04 8.1128e+00 1.1863e+00
6.0980e+01 1.2652e+04 5.9077e-04 4.4616e-01 1.2652e+04 7.4745e+00 1.1176e+00
6.1373e+01 1.2638e+04 5.3856e-04 4.1710e-01 1.2638e+04 6.8064e+00 1.0446e+00
6.1765e+01 1.2624e+04 4.8380e-04 3.8617e-01 1.2624e+04 6.1074e+00 9.6689e-01
6.2157e+01 1.2609e+04 4.2635e-04 3.5322e-01 1.2609e+04 5.3757e+00 8.8421e-01
6.2549e+01 1.2593e+04 3.6608e-04 3.1812e-01 1.2593e+04 4.6099e+00 7.9613e-01
6.2941e+01 1.2576e+04 3.0303e-04 2.8078e-01 1.2576e+04 3.8110e+00 7.0253e-01
6.3333e+01 1.2560e+04 2.3795e-04 2.4159e-01 1.2560e+04 2.9886e+00 6.0434e-01
6.3725e+01 1.2544e+04 1.7330e-04 2.0212e-01 1.2544e+04 2.1738e+00 5.0548e-01
6.4118e+01 1.2529e+04 1.1397e-04 1.6576e-01 1.2529e+04 1.4279e+00 4.1448e-01
6.4510e+01 1.2517e+04 6.6081e-05 1.3688e-01 1.2517e+04 8.2713e-01 3.4222e-01
6.4902e+01 1.2509e+04 3.3425e-05 1.1792e-01 1.2509e+04 4.1810e-01 2.9481e-01
6.5294e+01 1.2504e+04 1.4906e-05 1.0771e-01 1.2504e+04 1.8639e-01 2.6928e-01
6.5686e+01 1.2502e+04 6.0375e-06 1.0305e-01 1.2502e+04 7.5479e-02 2.5763e-01
6.6078e+01 1.2501e+04 2.3010e-06 1.0115e-01 1.2501e+04 2.8763e-02 2.5288e-01
6.6471e+01 1.2500e+04 8.4835e-07 1.0042e-01 1.2500e+04 1.0605e-02 2.5106e-01
6.6863e+01 1.2500e+04 3.0743e-07 1.0015e-01 1.2500e+04 3.8429e-03 2.5038e-01
6.7255e+01 1.2500e+04 1.1031e-07 1.0006e-01 1.2500e+04 1.3789e-03 2.5014e-01
6.7647e+01 1.2500e+04 3.9305e-08 1.0002e-01 1.2500e+04 4.9131e-04 2.5005e-01
6.8039e+01 1.2500e+04 1.3922e-08 1.0001e-01 1.2500e+04 1.7403e-04 2.5002e-01
6.8431e+01 1.2500e+04 4.9042e-09 1.0000e-01 1.2500e+04 6.1302e-05 2.5001e-01
6.8824e+01 1.2500e+04 1.7181e-09 1.0000e-01 1.2500e+04 2.1476e-05 2.5000e-01
6.9216e+01 1.2500e+04 5.9865e-10 1.0000e-01 1.2500e+04 7.4831e-06 2.5000e-01
6.9608e+01 1.2500e+04 2.0745e-10 1.0000e-01 1.2500e+04 2.5931e-06 2.5000e-01
7.0000e+01 1.2500e+04 7.1489e-11 1.0000e-01 1.2500e+04 8.9362e-07 2.5000e-01
7.0392e+01 1.2500e+04 2.4499e-11 1.0000e-01 1.2500e+04 3.0624e-07 2.5000e-01
7.0784e+01 1.2500e+04 8.3483e-12 1.0000e-01 1.2500e+04 1.0435e-07 2.5000e-01
7.1176e+01 1.2500e+04 2.8286e-12 1.0000e-01 1.2500e+04 3.5358e-08 2.5000e-01
7.1569e+01 1.2500e+04 9.5291e-13 1.0000e-01 1.2500e+04 1.1911e-08 2.5000e-01
7.1961e+01 1.2500e+04 3.1916e-13 1.0000e-01 1.2500e+04 3.9895e-09 2.5000e-01
7.2353e+01 1.2500e+04 1.0627e-13 1.0000e-01 1.2500e+04 1.3284e-09 2.5000e-01
7.2745e+01 1.2500e+04 3.5174e-14 1.0000e-01 1.2500e+04 4.3968e-10 2.5000e-01
7.3137e+01 1.2500e+04 1.1572e-14 1.0000e-01 1.2500e+04 1.4466e-10 2.5000e-01
7.3529e+01 1.2500e+04 3.7836e-15 1.0000e-01 1.2500e+04 4.7295e-11 2.5000e-01
7.3922e+01 1.2500e+04 1.2287e-15 1.0000e-01 1.2500e+04 1.5358e-11 2.5000e-01
7.4314e+01 1.2500e+04 3.9574e-16 1.0000e-01 1.2500e+04 4.9467e-12 2.5000e-01
7.4706e+01 1.2500e+04 1.2578e-16 1.0000e-01 1.2500e+04 1.5723e-12 2.5000e-01
7.5098e+01 1.2500e+04 3.8954e-17 1.0000e-01 1.2500e+04 4.8693e-13 2.5000e-01
7.5490e+01 1.2500e+04 1.1364e-17 1.0000e-01 1.2500e+04 1.4205e-13 2.5000e-01
7.5882e+01 1.2500e+04 2.7368e-18 1.0000e-01 1.2500e+04 3.4210e-14 2.5000e-01
7.6275e+01 1.2500e+04 3.0066e-19 1.0000e-01 1.2500e+04 3.7582e-15 2.5000e-01
7.6667e+01 1.2500e+04 5.0959e-21 1.0000e-01 1.2500e+04 6.3699e-17 2.5000e-01
7.7059e+01 1.2500e+04 0.0000e+00 1.0000e-01 1.2500e+04 0.0000e+00 2.5000e-01
7.7451e+01 1.2500e+04 0.0000e+00 1.0000e-01 1.2500e+04 0.0000e+00 2.5000e-01
7.7843e+01 1.2500e+04 0.0000e+00 1.0000e-01 1.2500e+04 0.0000e+00 2.5000e-01
7.8235e+01 1.2500e+04 0.0000e+00 1.0000e-01 1.2500e+04 0.0000e+00 2.5000e-01
7.8627e+01 1.2500e+04 0.0000e+00 1.0000e-01 1.2500e+04 0.0000e+00 2.5000e-01
7.9020e+01 1.2500e+04 0.0000e+00 1.0000e-01 1.2500e+04 0.0000e+00 2.5000e-01
7.9412e+01 1.2500e+04 0.0000e+00 1.0000e-01 1.2500e+04 0.0000e+00 2.5000e-01
7.9804e+01 1.2500e+04 0.0000e+00 1.0000e-01 1.2500e+04 0.0000e+00 2.5000e-01
8.0196e+01 1.2500e+04 0.0000e+00 1.0000e-01 1.2500e+04 0.0000e+00 2.5000e-01
8.0588e+01 1.2500e+04 0.0000e+00 1.0000e-01 1.2500e+04 0.0000e+00 2.5000e-01
8.0980e+01 1.2500e+04 0.0000e+00 1.0000e-01 1.2500e+04 0.0000e+00 2.5000e-01
8.1373e+01 1.2500e+04 0.0000e+00 1.0000e-01 1.2500e+04 0.0000e+00 2.5000e-01
8.1765e+01 1.2500e+04 0.0000e+00 1.0000e-01 1.2500e+04 0.0000e+00 2.5000e-01
8.2157e+01 1.2500e+04 0.0000e+00 1.0000e-01 1.2500e+04 0.0000e+00 2.5000e-01
8.2549e+01 1.2500e+04 0.0000e+00 1.0000e-01 1.2500e+04 0.0000e+00 2.5000e-01
8.2941e+01 1.2500e+04 0.0000e+00 1.0000e-01 1.2500e+04 0.0000e+00 2.5000e-01
8.3333e+01 1.2500e+04 0.0000e+00 1.0000e-01 1.2500e+04 0.0000e+00 2.5000e-01
8.3725e+01 1.2500e+04 0.0000e+00 1.0000e-01 1.2500e+04 0.0000e+00 2.5000e-01
8.4118e+01 1.2500e+04 0.0000e+00 1.0000e-01 1.2500e+04 0.0000e+00 2.5000e-01
8.4510e+01 1.2500e+04 0.0000e+00 1.0000e-01 1.2500e+04 0.0000e+00 2.5000e-01
8.4902e+01 1.2500e+04 0.0000e+00 1.0000e-01 1.2500e+04 0.0000e+00 2.5000e-01
8.5294e+01 1.2500e+04 0.0000e+00 1.0000e-01 1.2500e+04 0.0000e+00 2.5000e-01
8.5686e+01 1.2500e+04 0.0000e+00 1.0000e-01 1.2500e+04 0.0000e+00 2.5000e-01
8.6078e+01 1.2500e+04 0.0000e+00 1.0000e-01 1.2500e+04 0.0000e+00 2.5000e-01
8.6471e+01 1.2500e+04 0.0000e+00 1.0000e-01 1.2500e+04 0.0000e+00 2.5000e-01
8.6863e+01 1.2500e+04 0.0000e+00 1.0000e-01 1.2500e+04 0.0000e+00 2.5000e-01
8.7255e+01 1.2500e+04 0.0000e+00 1.0000e-01 1.2500e+04 0.0000e+00 2.5000e-01
8.7647e+01 1.2500e+04 0.0000e+00 1.0000e-01 1.2500e+04 0.0000e+00 2.5000e-01
8.8039e+01 1.2500e+04 0.0000e+00 1.0000e-01 1.2500e+04 0.0000e+00 2.5000e-01
8.8431e+01 1.2500e+04 0.0000e+00 1.0000e-01 1.2500e+04 0.0000e+00 2.5000e-01
8.8824e+01 1.2500e+04 0.0000e+00 1.0000e-01 1.2500e+04 0.0000e+00 2.5000e-01
8.9216e+01 1.2500e+04 0.0000e+00 1.0000e-01 1.2500e+04 0.0000e+00 2.5000e-01
8.9608e+01 1.2500e+04 0.0000e+00 1.0000e-01 1.2500e+04 0.0000e+00 2.5000e-01
9.0000e+01 1.2500e+04 0.0000e+00 1.0000e-01 1.2500e+04 0.0000e+00 2.5000e-01
9.0392e+01 1.2500e+04 0.0000e+00 1.0000e-01 1.2500e+04 0.0000e+00 2.5000e-01
9.0784e+01 1.2500e+04 0.0000e+00 1.0000e-01 1.2500e+04 0.0000e+00 2.5000e-01
9.1176e+01 1.2500e+04 0.0000e+00 1.0000e-01 1.2500e+04 0.0000e+00 2.5000e-01
9.1569e+01 1.2500e+04 0.0000e+00 1.0000e-01 1.2500e+04 0.0000e+00 2.5000e-01
9.1961e+01 1.2500e+04 0.0000e+00 1.0000e-01 1.2500e+04 0.0000e+00 2.5000e-01
9.2353e+01 1.2500e+04 0.0000e+00 1.0000e-01 1.2500e+04 0.0000e+00 2.5000e-01
9.2745e+01 1.2500e+04 0.0000e+00 1.0000e-01 1.2500e+04 0.0000e+00 2.5000e-01
9.3137e+01 1.2500e+04 0.0000e+00 1.0000e-01 1.2500e+04 0.0000e+00 2.5000e-01
9.3529e+01 1.2500e+04 0.0000e+00 1.0000e-01 1.2500e+04 0.0000e+00 2.5000e-01
9.3922e+01 1.2500e+04 0.0000e+00 1.0000e-01 1.2500e+04 0.0000e+00 2.5000e-01
9.4314e+01 1.2500e+04 0.0000e+00 1.0000e-01 1.2500e+04 0.0000e+00 2.5000e-01
9.4706e+01 1.2500e+04 0.0000e+00 1.0000e-01 1.2500e+04 0.0000e+00 2.5000e-01
9.5098e+01 1.2500e+04 0.0000e+00 1.0000e-01 1.2500e+04 0.0000e+00 2.5000e-01
9.5490e+01 1.2500e+04 0.0000e+00 1.0000e-01 1.2500e+04 0.0000e+00 2.5000e-01
9.5882e+01 1.2500e+04 0.0000e+00 1.0000e-01 1.2500e+04 0.0000e+00 2.5000e-01
9.6275e+01 1.2500e+04 0.0000e+00 1.0000e-01 1.2500e+04 0.0000e+00 2.5000e-01
9.6667e+01 1.2500e+04 0.0000e+00 1.0000e-01 1.2500e+04 0.0000e+00 2.5000e-01
9.7059e+01 1.2500e+04 0.0000e+00 1.0000e-01 1.2500e+04 0.0000e+00 2.5000e-01
9.7451e+01 1.2500e+04 0.0000e+00 1.0000e-01 1.2500e+04 0.0000e+00 2.5000e-01
9.7843e+01 1.2500e+04 0.0000e+00 1.0000e-01 1.2500e+04 0.0000e+00 2.5000e-01
9.8235e+01 1.2500e+04 0.0000e+00 1.0000e-01 1.2500e+04 0.0000e+00 2.5000e-01
9.8627e+01 1.2500e+04 0.0000e+00 1.0000e-01 1.2500e+04 0.0000e+00 2.5000e-01
9.9020e+01 1.2500e+04 0.0000e+00 1.0000e-01 1.2500e+04 0.0000e+00 2.5000e-01
9.9412e+01 1.2500e+04 0.0000e+00 1.0000e-01 1.2500e+04 0.0000e+00 2.5000e-01
9.9804e+01 1.2500e+04 0.0000e+00 1.0000e-01 1.2500e+04 0.0000e+00 2.5000e-01
