# # x Density Velocity Pressure q0 q1 q2
1.9608e-01 1.0000e+05 0.0000e+00 1.0000e+00 1.0000e+05 0.0000e+00 2.5000e+00
5.8824e-01 1.0000e+05 0.0000e+00 1.0000e+00 1.0000e+05 0.0000e+00 2.5000e+00
9.8039e-01 1.0000e+05 0.0000e+00 1.0000e+00 1.0000e+05 0.0000e+00 2.5000e+00
1.3725e+00 1.0000e+05 0.0000e+00 1.0000e+00 1.0000e+05 0.0000e+00 2.5000e+00
1.7647e+00 1.0000e+05 0.0000e+00 1.0000e+00 1.0000e+05 0.0000e+00 2.5000e+00
2.1569e+00 1.0000e+05 0.0000e+00 1.0000e+00 1.0000e+05 0.0000e+00 2.5000e+00
2.5490e+00 1.0000e+05 0.0000e+00 1.0000e+00 1.0000e+05 0.0000e+00 2.5000e+00
2.9412e+00 1.0000e+05 0.0000e+00 1.0000e+00 1.0000e+05 0.0000e+00 2.5000e+00
3.3333e+00 1.0000e+05 0.0000e+00 1.0000e+00 1.0000e+05 0.0000e+00 2.5000e+00
3.7255e+00 1.0000e+05 0.0000e+00 1.0000e+00 1.0000e+05 0.0000e+00 2.5000e+00
4.1176e+00 1.0000e+05 0.0000e+00 1.0000e+00 1.0000e+05 0.0000e+00 2.5000e+00
4.5098e+00 1.0000e+05 0.0000e+00 1.0000e+00 1.0000e+05 0.0000e+00 2.5000e+00
4.9020e+00 1.0000e+05 0.0000e+00 1.0000e+00 1.0000e+05 0.0000e+00 2.5000e+00
5.2941e+00 1.0000e+05 0.0000e+00 1.0000e+00 1.0000e+05 0.0000e+00 2.5000e+00
5.6863e+00 1.0000e+05 0.0000e+00 1.0000e+00 1.0000e+05 0.0000e+00 2.5000e+00
6.0784e+00 1.0000e+05 0.0000e+00 1.0000e+00 1.0000e+05 0.0000e+00 2.5000e+00
6.4706e+00 1.0000e+05 0.0000e+00 1.0000e+00 1.0000e+05 0.0000e+00 2.5000e+00
6.8627e+00 1.0000e+05 0.0000e+00 1.0000e+00 1.0000e+05 0.0000e+00 2.5000e+00
7.2549e+00 1.0000e+05 0.0000e+00 1.0000e+00 1.0000e+05 0.0000e+00 2.5000e+00
7.6471e+00 1.0000e+05 0.0000e+00 1.0000e+00 1.0000e+05 0.0000e+00 2.5000e+00
8.0392e+00 1.0000e+05 0.0000e+00 1.0000e+00 1.0000e+05 0.0000e+00 2.5000e+00
8.4314e+00 1.0000e+05 0.0000e+00 1.0000e+00 1.0000e+05 0.0000e+00 2.5000e+00
8.8235e+00 1.0000e+05 0.0000e+00 1.0000e+00 1.0000e+05 0.0000e+00 2.5000e+00
9.2157e+00 1.0000e+05 0.0000e+00 1.0000e+00 1.0000e+05 0.0000e+00 2.5000e+00
9.6078e+00 1.0000e+05 0.0000e+00 1.0000e+00 1.0000e+05 0.0000e+00 2.5000e+00
1.0000e+01 1.0000e+05 0.0000e+00 1.0000e+00 1.0000e+05 0.0000e+00 2.5000e+00
1.0392e+01 1.0000e+05 0.0000e+00 1.0000e+00 1.0000e+05 0.0000e+00 2.5000e+00
1.0784e+01 1.0000e+05 0.0000e+00 1.0000e+00 1.0000e+05 0.0000e+00 2.5000e+00
1.1176e+01 1.0000e+05 0.0000e+00 1.0000e+00 1.0000e+05 0.0000e+00 2.5000e+00
1.1569e+01 1.0000e+05 0.0000e+00 1.0000e+00 1.0000e+05 0.0000e+00 2.5000e+00
1.1961e+01 1.0000e+05 0.0000e+00 1.0000e+00 1.0000e+05 0.0000e+00 2.5000e+00
1.2353e+01 1.0000e+05 0.0000e+00 1.0000e+00 1.0000e+05 0.0000e+00 2.5000e+00
1.2745e+01 1.0000e+05 0.0000e+00 1.0000e+00 1.0000e+05 0.0000e+00 2.5000e+00
1.3137e+01 1.0000e+05 0.0000e+00 1.0000e+00 1.0000e+05 0.0000e+00 2.5000e+00
1.3529e+01 1.0000e+05 0.0000e+00 1.0000e+00 1.0000e+05 0.0000e+00 2.5000e+00
1.3922e+01 1.0000e+05 0.0000e+00 1.0000e+00 1.0000e+05 0.0000e+00 2.5000e+00
1.4314e+01 1.0000e+05 0.0000e+00 1.0000e+00 1.0000e+05 0.0000e+00 2.5000e+00
1.4706e+01 1.0000e+05 0.0000e+00 1.0000e+00 1.0000e+05 0.0000e+00 2.5000e+00
1.5098e+01 1.0000e+05 0.0000e+00 1.0000e+00 1.0000e+05 0.0000e+00 2.5000e+00
1.5490e+01 1.0000e+05 0.0000e+00 1.0000e+00 1.0000e+05 0.0000e+00 2.5000e+00
1.5882e+01 1.0000e+05 0.0000e+00 1.0000e+00 1.0000e+05 0.0000e+00 2.5000e+00
1.6275e+01 1.0000e+05 0.0000e+00 1.0000e+00 1.0000e+05 0.0000e+00 2.5000e+00
1.6667e+01 1.0000e+05 0.0000e+00 1.0000e+00 1.0000e+05 0.0000e+00 2.5000e+00
1.7059e+01 1.0000e+05 0.0000e+00 1.0000e+00 1.0000e+05 0.0000e+00 2.5000e+00
1.7451e+01 1.0000e+05 0.0000e+00 1.0000e+00 1.0000e+05 0.0000e+00 2.5000e+00
1.7843e+01 1.0000e+05 0.0000e+00 1.0000e+00 1.0000e+05 0.0000e+00 2.5000e+00
1.8235e+01 1.0000e+05 0.0000e+00 1.0000e+00 1.0000e+05 0.0000e+00 2.5000e+00
1.8627e+01 1.0000e+05 0.0000e+00 1.0000e+00 1.0000e+05 0.0000e+00 2.5000e+00
1.9020e+01 1.0000e+05 0.0000e+00 1.0000e+00 1.0000e+05 0.0000e+00 2.5000e+00
1.9412e+01 1.0000e+05 0.0000e+00 1.0000e+00 1.0000e+05 0.0000e+00 2.5000e+00
1.9804e+01 1.0000e+05 0.0000e+00 1.0000e+00 1.0000e+05 0.0000e+00 2.5000e+00
2.0196e+01 1.0000e+05 0.0000e+00 1.0000e+00 1.0000e+05 0.0000e+00 2.5000e+00
2.0588e+01 1.0000e+05 0.0000e+00 1.0000e+00 1.0000e+05 0.0000e+00 2.5000e+00
2.0980e+01 1.0000e+05 0.0000e+00 1.0000e+00 1.0000e+05 0.0000e+00 2.5000e+00
2.1373e+01 1.0000e+05 0.0000e+00 1.0000e+00 1.0000e+05 0.0000e+00 2.5000e+00
2.1765e+01 1.0000e+05 0.0000e+00 1.0000e+00 1.0000e+05 0.0000e+00 2.5000e+00
2.2157e+01 1.0000e+05 0.0000e+00 1.0000e+00 1.0000e+05 0.0000e+00 2.5000e+00
2.2549e+01 1.0000e+05 0.0000e+00 1.0000e+00 1.0000e+05 0.0000e+00 2.5000e+00
2.2941e+01 1.0000e+05 0.0000e+00 1.0000e+00 1.0000e+05 0.0000e+00 2.5000e+00
2.3333e+01 1.0000e+05 0.0000e+00 1.0000e+00 1.0000e+05 0.0000e+00 2.5000e+00
2.3725e+01 1.0000e+05 3.2840e-20 1.0000e+00 1.0000e+05 3.2840e-15 2.5000e+00
2.4118e+01 1.0000e+05 4.7760e-19 1.0000e+00 1.0000e+05 4.7760e-14 2.5000e+00
2.4510e+01 1.0000e+05 1.9665e-18 1.0000e+00 1.0000e+05 1.9665e-13 2.5000e+00
2.4902e+01 1.0000e+05 4.7811e-18 1.0000e+00 1.0000e+05 4.7811e-13 2.5000e+00
2.5294e+01 1.0000e+05 1.0182e-17 1.0000e+00 1.0000e+05 1.0182e-12 2.5000e+00
2.5686e+01 1.0000e+05 2.2246e-17 1.0000e+00 1.0000e+05 2.2246e-12 2.5000e+00
2.6078e+01 1.0000e+05 5.0375e-17 1.0000e+00 1.0000e+05 5.0375e-12 2.5000e+00
2.6471e+01 1.0000e+05 1.1623e-16 1.0000e+00 1.0000e+05 1.1623e-11 2.5000e+00
2.6863e+01 1.0000e+05 2.6877e-16 1.0000e+00 1.0000e+05 2.6877e-11 2.5000e+00
2.7255e+01 1.0000e+05 6.1891e-16 1.0000e+00 1.0000e+05 6.1891e-11 2.5000e+00
2.7647e+01 1.0000e+05 1.4147e-15 1.0000e+00 1.0000e+05 1.4147e-10 2.5000e+00
2.8039e+01 1.0000e+05 3.2006e-15 1.0000e+00 1.0000e+05 3.2006e-10 2.5000e+00
2.8431e+01 1.0000e+05 7.1589e-15 1.0000e+00 1.0000e+05 7.1589e-10 2.5000e+00
2.8824e+01 1.0000e+05 1.5826e-14 1.0000e+00 1.0000e+05 1.5826e-09 2.5000e+00
2.9216e+01 1.0000e+05 3.4574e-14 1.0000e+00 1.0000e+05 3.4574e-09 2.5000e+00
2.9608e+01 1.0000e+05 7.4625e-14 1.0000e+00 1.0000e+05 7.4625e-09 2.5000e+00
3.0000e+01 1.0000e+05 1.5912e-13 1.0000e+00 1.0000e+05 1.5912e-08 2.5000e+00
3.0392e+01 1.0000e+05 3.3517e-13 1.0000e+00 1.0000e+05 3.3517e-08 2.5000e+00
3.0784e+01 1.0000e+05 6.9733e-13 1.0000e+00 1.0000e+05 6.9733e-08 2.5000e+00
3.1176e+01 1.0000e+05 1.4329e-12 1.0000e+00 1.0000e+05 1.4329e-07 2.5000e+00
3.1569e+01 1.0000e+05 2.9077e-12 1.0000e+00 1.0000e+05 2.9077e-07 2.5000e+00
3.1961e+01 1.0000e+05 5.8268e-12 1.0000e+00 1.0000e+05 5.8268e-07 2.5000e+00
3.2353e+01 1.0000e+05 1.1530e-11 1.0000e+00 1.0000e+05 1.1530e-06 2.5000e+00
3.2745e+01 1.0000e+05 2.2525e-11 1.0000e+00 1.0000e+05 2.2525e-06 2.5000e+00
3.3137e+01 1.0000e+05 4.3446e-11 1.0000e+00 1.0000e+05 4.3446e-06 2.5000e+00
3.3529e+01 1.0000e+05 8.2726e-11 1.0000e+00 1.0000e+05 8.2726e-06 2.5000e+00
3.3922e+01 1.0000e+05 1.5549e-10 1.0000e+00 1.0000e+05 1.5549e-05 2.5000e+00
3.4314e+01 1.0000e+05 2.8848e-10 1.0000e+00 1.0000e+05 2.8848e-05 2.5000e+00
3.4706e+01 1.0000e+05 5.2825e-10 1.0000e+00 1.0000e+05 5.2825e-05 2.5000e+00
3.5098e+01 1.0000e+05 9.5464e-10 1.0000e+00 1.0000e+05 9.5464e-05 2.5000e+00
3.5490e+01 1.0000e+05 1.7025e-09 9.9999e-01 1.0000e+05 1.7025e-04 2.5000e+00
3.5882e+01 1.0000e+05 2.9962e-09 9.9999e-01 1.0000e+05 2.9962e-04 2.5000e+00
3.6275e+01 1.0000e+05 5.2029e-09 9.9998e-01 1.0000e+05 5.2029e-04 2.5000e+00
3.6667e+01 1.0000e+05 8.9144e-09 9.9997e-01 1.0000e+05 8.9144e-04 2.4999e+00
3.7059e+01 1.0000e+05 1.5069e-08 9.9995e-01 1.0000e+05 1.5069e-03 2.4999e+00
3.7451e+01 1.0000e+05 2.5130e-08 9.9992e-01 1.0000e+05 2.5130e-03 2.4998e+00
3.7843e+01 1.0000e+05 4.1342e-08 9.9988e-01 1.0000e+05 4.1342e-03 2.4997e+00
3.8235e+01 1.0000e+05 6.7093e-08 9.9980e-01 1.0000e+05 6.7093e-03 2.4995e+00
3.8627e+01 1.0000e+05 1.0740e-07 9.9969e-01 1.0000e+05 1.0740e-02 2.4992e+00
3.9020e+01 9.9999e+04 1.6958e-07 9.9953e-01 9.9999e+04 1.6958e-02 2.4988e+00
3.9412e+01 9.9999e+04 2.6411e-07 9.9929e-01 9.9999e+04 2.6410e-02 2.4982e+00
3.9804e+01 9.9998e+04 4.0567e-07 9.9893e-01 9.9998e+04 4.0566e-02 2.4973e+00
4.0196e+01 9.9998e+04 6.1455e-07 9.9843e-01 9.9998e+04 6.1453e-02 2.4961e+00
4.0588e+01 9.9996e+04 9.1816e-07 9.9773e-01 9.9996e+04 9.1813e-02 2.4943e+00
4.0980e+01 9.9994e+04 1.3529e-06 9.9676e-01 9.9994e+04 1.3528e-01 2.4919e+00
4.1373e+01 9.9992e+04 1.9658e-06 9.9544e-01 9.9992e+04 1.9657e-01 2.4886e+00
4.1765e+01 9.9988e+04 2.8171e-06 9.9367e-01 9.9988e+04 2.8168e-01 2.4842e+00
4.2157e+01 9.9982e+04 3.9813e-06 9.9136e-01 9.9982e+04 3.9806e-01 2.4784e+00
4.2549e+01 9.9974e+04 5.5489e-06 9.8839e-01 9.9974e+04 5.5474e-01 2.4710e+00
4.2941e+01 9.9963e+04 7.6271e-06 9.8462e-01 9.9963e+04 7.6243e-01 2.4616e+00
4.3333e+01 9.9949e+04 1.0339e-05 9.7994e-01 9.9949e+04 1.0334e+00 2.4499e+00
4.3725e+01 9.9929e+04 1.3824e-05 9.7423e-01 9.9929e+04 1.3814e+00 2.4356e+00
4.4118e+01 9.9904e+04 1.8231e-05 9.6740e-01 9.9904e+04 1.8213e+00 2.4185e+00
4.4510e+01 9.9870e+04 2.3716e-05 9.5938e-01 9.9870e+04 2.3685e+00 2.3985e+00
4.4902e+01 9.9827e+04 3.0436e-05 9.5014e-01 9.9827e+04 3.0383e+00 2.3754e+00
4.5294e+01 9.9773e+04 3.8540e-05 9.3972e-01 9.9773e+04 3.8452e+00 2.3494e+00
4.5686e+01 9.9706e+04 4.8161e-05 9.2818e-01 9.9706e+04 4.8019e+00 2.3206e+00
4.6078e+01 9.9624e+04 5.9410e-05 9.1564e-01 9.9624e+04 5.9186e+00 2.2893e+00
4.6471e+01 9.9523e+04 7.2367e-05 9.0225e-01 9.9523e+04 7.2022e+00 2.2559e+00
4.6863e+01 9.9404e+04 8.7096e-05 8.8818e-01 9.9404e+04 8.6576e+00 2.2208e+00
4.7255e+01 9.9259e+04 1.0352e-04 8.7355e-01 9.9259e+04 1.0275e+01 2.1844e+00
4.7647e+01 9.9107e+04 1.2230e-04 8.5871e-01 9.9107e+04 1.2121e+01 2.1475e+00
4.8039e+01 9.8837e+04 1.3960e-04 8.4243e-01 9.8837e+04 1.3798e+01 2.1070e+00
4.8431e+01 9.8959e+04 1.7327e-04 8.3083e-01 9.8959e+04 1.7147e+01 2.0786e+00
4.8824e+01 9.7581e+04 1.5751e-04 8.0170e-01 9.7581e+04 1.5370e+01 2.0055e+00
4.9216e+01 9.9472e+04 2.6578e-04 8.1328e-01 9.9472e+04 2.6438e+01 2.0367e+00
4.9608e+01 1.0395e+05 2.0461e-04 7.6733e-01 1.0395e+05 2.1270e+01 1.9205e+00
5.0000e+01 1.4251e+04 2.7246e-04 7.6935e-01 1.4251e+04 3.8829e+00 1.9239e+00
5.0392e+01 1.0793e+04 3.1160e-04 7.5254e-01 1.0793e+04 3.3630e+00 1.8819e+00
5.0784e+01 1.1296e+04 6.5780e-04 7.6989e-01 1.1296e+04 7.4305e+00 1.9272e+00
5.1176e+01 1.2139e+04 9.8987e-04 7.9099e-01 1.2139e+04 1.2016e+01 1.9834e+00
5.1569e+01 1.2550e+04 1.2432e-03 8.0820e-01 1.2550e+04 1.5603e+01 2.0302e+00
5.1961e+01 1.2797e+04 1.2757e-03 8.0233e-01 1.2797e+04 1.6326e+01 2.0162e+00
5.2353e+01 1.2777e+04 1.2857e-03 7.9637e-01 1.2777e+04 1.6427e+01 2.0015e+00
5.2745e+01 1.2824e+04 1.2511e-03 7.8569e-01 1.2824e+04 1.6043e+01 1.9743e+00
5.3137e+01 1.2789e+04 1.2469e-03 7.7783e-01 1.2789e+04 1.5948e+01 1.9545e+00
5.3529e+01 1.2814e+04 1.2169e-03 7.6703e-01 1.2814e+04 1.5594e+01 1.9271e+00
5.3922e+01 1.2793e+04 1.2049e-03 7.5764e-01 1.2793e+04 1.5415e+01 1.9034e+00
5.4314e+01 1.2804e+04 1.1776e-03 7.4652e-01 1.2804e+04 1.5078e+01 1.8752e+00
5.4706e+01 1.2791e+04 1.1601e-03 7.3598e-01 1.2791e+04 1.4839e+01 1.8485e+00
5.5098e+01 1.2794e+04 1.1337e-03 7.2433e-01 1.2794e+04 1.4505e+01 1.8190e+00
5.5490e+01 1.2785e+04 1.1120e-03 7.1271e-01 1.2785e+04 1.4217e+01 1.7897e+00
5.5882e+01 1.2783e+04 1.0851e-03 7.0022e-01 1.2783e+04 1.3870e+01 1.7581e+00
5.6275e+01 1.2775e+04 1.0598e-03 6.8736e-01 1.2775e+04 1.3539e+01 1.7256e+00
5.6667e+01 1.2770e+04 1.0311e-03 6.7365e-01 1.2770e+04 1.3166e+01 1.6909e+00
5.7059e+01 1.2762e+04 1.0023e-03 6.5925e-01 1.2762e+04 1.2790e+01 1.6545e+00
5.7451e+01 1.2754e+04 9.7089e-04 6.4394e-01 1.2754e+04 1.2383e+01 1.6159e+00
5.7843e+01 1.2746e+04 9.3851e-04 6.2771e-01 1.2746e+04 1.1962e+01 1.5749e+00
5.8235e+01 1.2737e+04 9.0391e-04 6.1045e-01 1.2737e+04 1.1513e+01 1.5313e+00
5.8627e+01 1.2727e+04 8.6777e-04 5.9209e-01 1.2727e+04 1.1044e+01 1.4850e+00
5.9020e+01 1.2717e+04 8.2953e-04 5.7256e-01 1.2717e+04 1.0549e+01 1.4358e+00
5.9412e+01 1.2706e+04 7.8944e-04 5.5179e-01 1.2706e+04 1.0031e+01 1.3834e+00
5.9804e+01 1.2695e+04 7.4722e-04 5.2969e-01 1.2695e+04 9.4859e+00 1.3278e+00
6.0196e+01 1.2683e+04 7.0294e-04 5.0618e-01 1.2683e+04 8.9153e+00 1.2686e+00
6.0588e+01 1.2670e+04 6.5643e-04 4.8118e-01 1.2670e+04 8.3172e+00 1.2057e+00
6.0980e+01 1.2657e+04 6.0767e-04 4.5460e-01 1.2657e+04 7.6914e+00 1.1388e+00
6.1373e+01 1.2643e+04 5.5653e-04 4.2634e-01 1.2643e+04 7.0365e+00 1.0678e+00
6.1765e+01 1.2629e+04 5.0292e-04 3.9628e-01 1.2629e+04 6.3515e+00 9.9230e-01
6.2157e+01 1.2614e+04 4.4670e-04 3.6429e-01 1.2614e+04 5.6348e+00 9.1199e-01
6.2549e+01 1.2599e+04 3.8774e-04 3.3023e-01 1.2599e+04 4.8851e+00 8.2651e-01
6.2941e+01 1.2583e+04 3.2598e-04 2.9396e-01 1.2583e+04 4.1017e+00 7.3558e-01
6.3333e+01 1.2566e+04 2.6182e-04 2.5566e-01 1.2566e+04 3.2900e+00 6.3957e-01
6.3725e+01 1.2550e+04 1.9690e-04 2.1630e-01 1.2550e+04 2.4710e+00 5.4098e-01
6.4118e+01 1.2534e+04 1.3515e-04 1.7854e-01 1.2534e+04 1.6940e+00 4.4646e-01
6.4510e+01 1.2521e+04 8.2501e-05 1.4658e-01 1.2521e+04 1.0330e+00 3.6650e-01
6.4902e+01 1.2512e+04 4.4038e-05 1.2393e-01 1.2512e+04 5.5098e-01 3.0984e-01
6.5294e+01 1.2506e+04 2.0597e-05 1.1077e-01 1.2506e+04 2.5758e-01 2.7693e-01
6.5686e+01 1.2502e+04 8.6397e-06 1.0439e-01 1.2502e+04 1.0802e-01 2.6098e-01
6.6078e+01 1.2501e+04 3.3657e-06 1.0168e-01 1.2501e+04 4.2074e-02 2.5421e-01
6.6471e+01 1.2500e+04 1.2568e-06 1.0063e-01 1.2500e+04 1.5711e-02 2.5156e-01
6.6863e+01 1.2500e+04 4.5909e-07 1.0023e-01 1.2500e+04 5.7386e-03 2.5057e-01
6.7255e+01 1.2500e+04 1.6569e-07 1.0008e-01 1.2500e+04 2.0712e-03 2.5021e-01
6.7647e+01 1.2500e+04 5.9339e-08 1.0003e-01 1.2500e+04 7.4174e-04 2.5007e-01
6.8039e+01 1.2500e+04 2.1121e-08 1.0001e-01 1.2500e+04 2.6401e-04 2.5003e-01
6.8431e+01 1.2500e+04 7.4757e-09 1.0000e-01 1.2500e+04 9.3446e-05 2.5001e-01
6.8824e+01 1.2500e+04 2.6318e-09 1.0000e-01 1.2500e+04 3.2897e-05 2.5000e-01
6.9216e+01 1.2500e+04 9.2151e-10 1.0000e-01 1.2500e+04 1.1519e-05 2.5000e-01
6.9608e+01 1.2500e+04 3.2092e-10 1.0000e-01 1.2500e+04 4.0116e-06 2.5000e-01
7.0000e+01 1.2500e+04 1.1116e-10 1.0000e-01 1.2500e+04 1.3895e-06 2.5000e-01
7.0392e+01 1.2500e+04 3.8290e-11 1.0000e-01 1.2500e+04 4.7862e-07 2.5000e-01
7.0784e+01 1.2500e+04 1.3116e-11 1.0000e-01 1.2500e+04 1.6396e-07 2.5000e-01
7.1176e+01 1.2500e+04 4.4680e-12 1.0000e-01 1.2500e+04 5.5850e-08 2.5000e-01
7.1569e+01 1.2500e+04 1.5134e-12 1.0000e-01 1.2500e+04 1.8917e-08 2.5000e-01
7.1961e+01 1.2500e+04 5.0968e-13 1.0000e-01 1.2500e+04 6.3709e-09 2.5000e-01
7.2353e+01 1.2500e+04 1.7066e-13 1.0000e-01 1.2500e+04 2.1333e-09 2.5000e-01
7.2745e+01 1.2500e+04 5.6812e-14 1.0000e-01 1.2500e+04 7.1015e-10 2.5000e-01
7.3137e+01 1.2500e+04 1.8801e-14 1.0000e-01 1.2500e+04 2.3501e-10 2.5000e-01
7.3529e+01 1.2500e+04 6.1840e-15 1.0000e-01 1.2500e+04 7.7300e-11 2.5000e-01
7.3922e+01 1.2500e+04 2.0210e-15 1.0000e-01 1.2500e+04 2.5263e-11 2.5000e-01
7.4314e+01 1.2500e+04 6.5571e-16 1.0000e-01 1.2500e+04 8.1964e-12 2.5000e-01
7.4706e+01 1.2500e+04 2.1052e-16 1.0000e-01 1.2500e+04 2.6315e-12 2.5000e-01
7.5098e+01 1.2500e+04 6.6330e-17 1.0000e-01 1.2500e+04 8.2912e-13 2.5000e-01
7.5490e+01 1.2500e+04 2.0106e-17 1.0000e-01 1.2500e+04 2.5132e-13 2.5000e-01
7.5882e+01 1.2500e+04 5.4793e-18 1.0000e-01 1.2500e+04 6.8491e-14 2.5000e-01
7.6275e+01 1.2500e+04 1.0251e-18 1.0000e-01 1.2500e+04 1.2814e-14 2.5000e-01
7.6667e+01 1.2500e+04 2.2082e-20 1.0000e-01 1.2500e+04 2.7603e-16 2.5000e-01
7.7059e+01 1.2500e+04 0.0000e+00 1.0000e-01 1.2500e+04 0.0000e+00 2.5000e-01
7.7451e+01 1.2500e+04 0.0000e+00 1.0000e-01 1.2500e+04 0.0000e+00 2.5000e-01
7.7843e+01 1.2500e+04 0.0000e+00 1.0000e-01 1.2500e+04 0.0000e+00 2.5000e-01
7.8235e+01 1.2500e+04 0.0000e+00 1.0000e-01 1.2500e+04 0.0000e+00 2.5000e-01
7.8627e+01 1.2500e+04 0.0000e+00 1.0000e-01 1.2500e+04 0.0000e+00 2.5000e-01
7.9020e+01 1.2500e+04 0.0000e+00 1.0000e-01 1.2500e+04 0.0000e+00 2.5000e-01
7.9412e+01 1.2500e+04 0.0000e+00 1.0000e-01 1.2500e+04 0.0000e+00 2.5000e-01
7.9804e+01 1.2500e+04 0.0000e+00 1.0000e-01 1.2500e+04 0.0000e+00 2.5000e-01
8.0196e+01 1.2500e+04 0.0000e+00 1.0000e-01 1.2500e+04 0.0000e+00 2.5000e-01
8.0588e+01 1.2500e+04 0.0000e+00 1.0000e-01 1.2500e+04 0.0000e+00 2.5000e-01
8.0980e+01 1.2500e+04 0.0000e+00 1.0000e-01 1.2500e+04 0.0000e+00 2.5000e-01
8.1373e+01 1.2500e+04 0.0000e+00 1.0000e-01 1.2500e+04 0.0000e+00 2.5000e-01
8.1765e+01 1.2500e+04 0.0000e+00 1.0000e-01 1.2500e+04 0.0000e+00 2.5000e-01
8.2157e+01 1.2500e+04 0.0000e+00 1.0000e-01 1.2500e+04 0.0000e+00 2.5000e-01
8.2549e+01 1.2500e+04 0.0000e+00 1.0000e-01 1.2500e+04 0.0000e+00 2.5000e-01
8.2941e+01 1.2500e+04 0.0000e+00 1.0000e-01 1.2500e+04 0.0000e+00 2.5000e-01
8.3333e+01 1.2500e+04 0.0000e+00 1.0000e-01 1.2500e+04 0.0000e+00 2.5000e-01
8.3725e+01 1.2500e+04 0.0000e+00 1.0000e-01 1.2500e+04 0.0000e+00 2.5000e-01
8.4118e+01 1.2500e+04 0.0000e+00 1.0000e-01 1.2500e+04 0.0000e+00 2.5000e-01
8.4510e+01 1.2500e+04 0.0000e+00 1.0000e-01 1.2500e+04 0.0000e+00 2.5000e-01
8.4902e+01 1.2500e+04 0.0000e+00 1.0000e-01 1.2500e+04 0.0000e+00 2.5000e-01
8.5294e+01 1.2500e+04 0.0000e+00 1.0000e-01 1.2500e+04 0.0000e+00 2.5000e-01
8.5686e+01 1.2500e+04 0.0000e+00 1.0000e-01 1.2500e+04 0.0000e+00 2.5000e-01
8.6078e+01 1.2500e+04 0.0000e+00 1.0000e-01 1.2500e+04 0.0000e+00 2.5000e-01
8.6471e+01 1.2500e+04 0.0000e+00 1.0000e-01 1.2500e+04 0.0000e+00 2.5000e-01
8.6863e+01 1.2500e+04 0.0000e+00 1.0000e-01 1.2500e+04 0.0000e+00 2.5000e-01
8.7255e+01 1.2500e+04 0.0000e+00 1.0000e-01 1.2500e+04 0.0000e+00 2.5000e-01
8.7647e+01 1.2500e+04 0.0000e+00 1.0000e-01 1.2500e+04 0.0000e+00 2.5000e-01
8.8039e+01 1.2500e+04 0.0000e+00 1.0000e-01 1.2500e+04 0.0000e+00 2.5000e-01
8.8431e+01 1.2500e+04 0.0000e+00 1.0000e-01 1.2500e+04 0.0000e+00 2.5000e-01
8.8824e+01 1.2500e+04 0.0000e+00 1.0000e-01 1.2500e+04 0.0000e+00 2.5000e-01
8.9216e+01 1.2500e+04 0.0000e+00 1.0000e-01 1.2500e+04 0.0000e+00 2.5000e-01
8.9608e+01 1.2500e+04 0.0000e+00 1.0000e-01 1.2500e+04 0.0000e+00 2.5000e-01
9.0000e+01 1.2500e+04 0.0000e+00 1.0000e-01 1.2500e+04 0.0000e+00 2.5000e-01
9.0392e+01 1.2500e+04 0.0000e+00 1.0000e-01 1.2500e+04 0.0000e+00 2.5000e-01
9.0784e+01 1.2500e+04 0.0000e+00 1.0000e-01 1.2500e+04 0.0000e+00 2.5000e-01
9.1176e+01 1.2500e+04 0.0000e+00 1.0000e-01 1.2500e+04 0.0000e+00 2.5000e-01
9.1569e+01 1.2500e+04 0.0000e+00 1.0000e-01 1.2500e+04 0.0000e+00 2.5000e-01
9.1961e+01 1.2500e+04 0.0000e+00 1.0000e-01 1.2500e+04 0.0000e+00 2.5000e-01
9.2353e+01 1.2500e+04 0.0000e+00 1.0000e-01 1.2500e+04 0.0000e+00 2.5000e-01
9.2745e+01 1.2500e+04 0.0000e+00 1.0000e-01 1.2500e+04 0.0000e+00 2.5000e-01
9.3137e+01 1.2500e+04 0.0000e+00 1.0000e-01 1.2500e+04 0.0000e+00 2.5000e-01
9.3529e+01 1.2500e+04 0.0000e+00 1.0000e-01 1.2500e+04 0.0000e+00 2.5000e-01
9.3922e+01 1.2500e+04 0.0000e+00 1.0000e-01 1.2500e+04 0.0000e+00 2.5000e-01
9.4314e+01 1.2500e+04 0.0000e+00 1.0000e-01 1.2500e+04 0.0000e+00 2.5000e-01
9.4706e+01 1.2500e+04 0.0000e+00 1.0000e-01 1.2500e+04 0.0000e+00 2.5000e-01
9.5098e+01 1.2500e+04 0.0000e+00 1.0000e-01 1.2500e+04 0.0000e+00 2.5000e-01
9.5490e+01 1.2500e+04 0.0000e+00 1.0000e-01 1.2500e+04 0.0000e+00 2.5000e-01
9.5882e+01 1.2500e+04 0.0000e+00 1.0000e-01 1.2500e+04 0.0000e+00 2.5000e-01
9.6275e+01 1.2500e+04 0.0000e+00 1.0000e-01 1.2500e+04 0.0000e+00 2.5000e-01
9.6667e+01 1.2500e+04 0.0000e+00 1.0000e-01 1.2500e+04 0.0000e+00 2.5000e-01
9.7059e+01 1.2500e+04 0.0000e+00 1.0000e-01 1.2500e+04 0.0000e+00 2.5000e-01
9.7451e+01 1.2500e+04 0.0000e+00 1.0000e-01 1.2500e+04 0.0000e+00 2.5000e-01
9.7843e+01 1.2500e+04 0.0000e+00 1.0000e-01 1.2500e+04 0.0000e+00 2.5000e-01
9.8235e+01 1.2500e+04 0.0000e+00 1.0000e-01 1.2500e+04 0.0000e+00 2.5000e-01
9.8627e+01 1.2500e+04 0.0000e+00 1.0000e-01 1.2500e+04 0.0000e+00 2.5000e-01
9.9020e+01 1.2500e+04 0.0000e+00 1.0000e-01 1.2500e+04 0.0000e+00 2.5000e-01
9.9412e+01 1.2500e+04 0.0000e+00 1.0000e-01 1.2500e+04 0.0000e+00 2.5000e-01
9.9804e+01 1.2500e+04 0.0000e+00 1.0000e-01 1.2500e+04 0.0000e+00 2.5000e-01
