# # x Density Velocity Pressure q0 q1 q2
1.9608e-01 1.0000e+05 0.0000e+00 1.0000e+00 1.0000e+05 0.0000e+00 2.5000e+00
5.8824e-01 1.0000e+05 0.0000e+00 1.0000e+00 1.0000e+05 0.0000e+00 2.5000e+00
9.8039e-01 1.0000e+05 0.0000e+00 1.0000e+00 1.0000e+05 0.0000e+00 2.5000e+00
1.3725e+00 1.0000e+05 0.0000e+00 1.0000e+00 1.0000e+05 0.0000e+00 2.5000e+00
1.7647e+00 1.0000e+05 0.0000e+00 1.0000e+00 1.0000e+05 0.0000e+00 2.5000e+00
2.1569e+00 1.0000e+05 0.0000e+00 1.0000e+00 1.0000e+05 0.0000e+00 2.5000e+00
2.5490e+00 1.0000e+05 0.0000e+00 1.0000e+00 1.0000e+05 0.0000e+00 2.5000e+00
2.9412e+00 1.0000e+05 0.0000e+00 1.0000e+00 1.0000e+05 0.0000e+00 2.5000e+00
3.3333e+00 1.0000e+05 0.0000e+00 1.0000e+00 1.0000e+05 0.0000e+00 2.5000e+00
3.7255e+00 1.0000e+05 0.0000e+00 1.0000e+00 1.0000e+05 0.0000e+00 2.5000e+00
4.1176e+00 1.0000e+05 0.0000e+00 1.0000e+00 1.0000e+05 0.0000e+00 2.5000e+00
4.5098e+00 1.0000e+05 0.0000e+00 1.0000e+00 1.0000e+05 0.0000e+00 2.5000e+00
4.9020e+00 1.0000e+05 0.0000e+00 1.0000e+00 1.0000e+05 0.0000e+00 2.5000e+00
5.2941e+00 1.0000e+05 0.0000e+00 1.0000e+00 1.0000e+05 0.0000e+00 2.5000e+00
5.6863e+00 1.0000e+05 0.0000e+00 1.0000e+00 1.0000e+05 0.0000e+00 2.5000e+00
6.0784e+00 1.0000e+05 0.0000e+00 1.0000e+00 1.0000e+05 0.0000e+00 2.5000e+00
6.4706e+00 1.0000e+05 0.0000e+00 1.0000e+00 1.0000e+05 0.0000e+00 2.5000e+00
6.8627e+00 1.0000e+05 0.0000e+00 1.0000e+00 1.0000e+05 0.0000e+00 2.5000e+00
7.2549e+00 1.0000e+05 0.0000e+00 1.0000e+00 1.0000e+05 0.0000e+00 2.5000e+00
7.6471e+00 1.0000e+05 0.0000e+00 1.0000e+00 1.0000e+05 0.0000e+00 2.5000e+00
8.0392e+00 1.0000e+05 0.0000e+00 1.0000e+00 1.0000e+05 0.0000e+00 2.5000e+00
8.4314e+00 1.0000e+05 0.0000e+00 1.0000e+00 1.0000e+05 0.0000e+00 2.5000e+00
8.8235e+00 1.0000e+05 0.0000e+00 1.0000e+00 1.0000e+05 0.0000e+00 2.5000e+00
9.2157e+00 1.0000e+05 0.0000e+00 1.0000e+00 1.0000e+05 0.0000e+00 2.5000e+00
9.6078e+00 1.0000e+05 0.0000e+00 1.0000e+00 1.0000e+05 0.0000e+00 2.5000e+00
1.0000e+01 1.0000e+05 0.0000e+00 1.0000e+00 1.0000e+05 0.0000e+00 2.5000e+00
1.0392e+01 1.0000e+05 0.0000e+00 1.0000e+00 1.0000e+05 0.0000e+00 2.5000e+00
1.0784e+01 1.0000e+05 0.0000e+00 1.0000e+00 1.0000e+05 0.0000e+00 2.5000e+00
1.1176e+01 1.0000e+05 0.0000e+00 1.0000e+00 1.0000e+05 0.0000e+00 2.5000e+00
1.1569e+01 1.0000e+05 0.0000e+00 1.0000e+00 1.0000e+05 0.0000e+00 2.5000e+00
1.1961e+01 1.0000e+05 0.0000e+00 1.0000e+00 1.0000e+05 0.0000e+00 2.5000e+00
1.2353e+01 1.0000e+05 0.0000e+00 1.0000e+00 1.0000e+05 0.0000e+00 2.5000e+00
1.2745e+01 1.0000e+05 0.0000e+00 1.0000e+00 1.0000e+05 0.0000e+00 2.5000e+00
1.3137e+01 1.0000e+05 0.0000e+00 1.0000e+00 1.0000e+05 0.0000e+00 2.5000e+00
1.3529e+01 1.0000e+05 0.0000e+00 1.0000e+00 1.0000e+05 0.0000e+00 2.5000e+00
1.3922e+01 1.0000e+05 0.0000e+00 1.0000e+00 1.0000e+05 0.0000e+00 2.5000e+00
1.4314e+01 1.0000e+05 0.0000e+00 1.0000e+00 1.0000e+05 0.0000e+00 2.5000e+00
1.4706e+01 1.0000e+05 0.0000e+00 1.0000e+00 1.0000e+05 0.0000e+00 2.5000e+00
1.5098e+01 1.0000e+05 0.0000e+00 1.0000e+00 1.0000e+05 0.0000e+00 2.5000e+00
1.5490e+01 1.0000e+05 0.0000e+00 1.0000e+00 1.0000e+05 0.0000e+00 2.5000e+00
1.5882e+01 1.0000e+05 0.0000e+00 1.0000e+00 1.0000e+05 0.0000e+00 2.5000e+00
1.6275e+01 1.0000e+05 0.0000e+00 1.0000e+00 1.0000e+05 0.0000e+00 2.5000e+00
1.6667e+01 1.0000e+05 0.0000e+00 1.0000e+00 1.0000e+05 0.0000e+00 2.5000e+00
1.7059e+01 1.0000e+05 0.0000e+00 1.0000e+00 1.0000e+05 0.0000e+00 2.5000e+00
1.7451e+01 1.0000e+05 0.0000e+00 1.0000e+00 1.0000e+05 0.0000e+00 2.5000e+00
1.7843e+01 1.0000e+05 0.0000e+00 1.0000e+00 1.0000e+05 0.0000e+00 2.5000e+00
1.8235e+01 1.0000e+05 0.0000e+00 1.0000e+00 1.0000e+05 0.0000e+00 2.5000e+00
1.8627e+01 1.0000e+05 0.0000e+00 1.0000e+00 1.0000e+05 0.0000e+00 2.5000e+00
1.9020e+01 1.0000e+05 0.0000e+00 1.0000e+00 1.0000e+05 0.0000e+00 2.5000e+00
1.9412e+01 1.0000e+05 0.0000e+00 1.0000e+00 1.0000e+05 0.0000e+00 2.5000e+00
1.9804e+01 1.0000e+05 0.0000e+00 1.0000e+00 1.0000e+05 0.0000e+00 2.5000e+00
2.0196e+01 1.0000e+05 0.0000e+00 1.0000e+00 1.0000e+05 0.0000e+00 2.5000e+00
2.0588e+01 1.0000e+05 0.0000e+00 1.0000e+00 1.0000e+05 0.0000e+00 2.5000e+00
2.0980e+01 1.0000e+05 0.0000e+00 1.0000e+00 1.0000e+05 0.0000e+00 2.5000e+00
2.1373e+01 1.0000e+05 0.0000e+00 1.0000e+00 1.0000e+05 0.0000e+00 2.5000e+00
2.1765e+01 1.0000e+05 0.0000e+00 1.0000e+00 1.0000e+05 0.0000e+00 2.5000e+00
2.2157e+01 1.0000e+05 0.0000e+00 1.0000e+00 1.0000e+05 0.0000e+00 2.5000e+00
2.2549e+01 1.0000e+05 0.0000e+00 1.0000e+00 1.0000e+05 0.0000e+00 2.5000e+00
2.2941e+01 1.0000e+05 0.0000e+00 1.0000e+00 1.0000e+05 0.0000e+00 2.5000e+00
2.3333e+01 1.0000e+05 0.0000e+00 1.0000e+00 1.0000e+05 0.0000e+00 2.5000e+00
2.3725e+01 1.0000e+05 8.8329e-20 1.0000e+00 1.0000e+05 8.8329e-15 2.5000e+00
2.4118e+01 1.0000e+05 7.4599e-19 1.0000e+00 1.0000e+05 7.4599e-14 2.5000e+00
2.4510e+01 1.0000e+05 2.5593e-18 1.0000e+00 1.0000e+05 2.5593e-13 2.5000e+00
2.4902e+01 1.0000e+05 5.8847e-18 1.0000e+00 1.0000e+05 5.8847e-13 2.5000e+00
2.5294e+01 1.0000e+05 1.2482e-17 1.0000e+00 1.0000e+05 1.2482e-12 2.5000e+00
2.5686e+01 1.0000e+05 2.7343e-17 1.0000e+00 1.0000e+05 2.7343e-12 2.5000e+00
2.6078e+01 1.0000e+05 6.2113e-17 1.0000e+00 1.0000e+05 6.2113e-12 2.5000e+00
2.6471e+01 1.0000e+05 1.4316e-16 1.0000e+00 1.0000e+05 1.4316e-11 2.5000e+00
2.6863e+01 1.0000e+05 3.2986e-16 1.0000e+00 1.0000e+05 3.2986e-11 2.5000e+00
2.7255e+01 1.0000e+05 7.5603e-16 1.0000e+00 1.0000e+05 7.5603e-11 2.5000e+00
2.7647e+01 1.0000e+05 1.7190e-15 1.0000e+00 1.0000e+05 1.7190e-10 2.5000e+00
2.8039e+01 1.0000e+05 3.8674e-15 1.0000e+00 1.0000e+05 3.8674e-10 2.5000e+00
2.8431e+01 1.0000e+05 8.6020e-15 1.0000e+00 1.0000e+05 8.6020e-10 2.5000e+00
2.8824e+01 1.0000e+05 1.8911e-14 1.0000e+00 1.0000e+05 1.8911e-09 2.5000e+00
2.9216e+01 1.0000e+05 4.1083e-14 1.0000e+00 1.0000e+05 4.1083e-09 2.5000e+00
2.9608e+01 1.0000e+05 8.8189e-14 1.0000e+00 1.0000e+05 8.8189e-09 2.5000e+00
3.0000e+01 1.0000e+05 1.8703e-13 1.0000e+00 1.0000e+05 1.8703e-08 2.5000e+00
3.0392e+01 1.0000e+05 3.9183e-13 1.0000e+00 1.0000e+05 3.9183e-08 2.5000e+00
3.0784e+01 1.0000e+05 8.1090e-13 1.0000e+00 1.0000e+05 8.1090e-08 2.5000e+00
3.1176e+01 1.0000e+05 1.6575e-12 1.0000e+00 1.0000e+05 1.6575e-07 2.5000e+00
3.1569e+01 1.0000e+05 3.3463e-12 1.0000e+00 1.0000e+05 3.3463e-07 2.5000e+00
3.1961e+01 1.0000e+05 6.6715e-12 1.0000e+00 1.0000e+05 6.6715e-07 2.5000e+00
3.2353e+01 1.0000e+05 1.3135e-11 1.0000e+00 1.0000e+05 1.3135e-06 2.5000e+00
3.2745e+01 1.0000e+05 2.5534e-11 1.0000e+00 1.0000e+05 2.5534e-06 2.5000e+00
3.3137e+01 1.0000e+05 4.9011e-11 1.0000e+00 1.0000e+05 4.9011e-06 2.5000e+00
3.3529e+01 1.0000e+05 9.2874e-11 1.0000e+00 1.0000e+05 9.2874e-06 2.5000e+00
3.3922e+01 1.0000e+05 1.7374e-10 1.0000e+00 1.0000e+05 1.7374e-05 2.5000e+00
3.4314e+01 1.0000e+05 3.2085e-10 1.0000e+00 1.0000e+05 3.2085e-05 2.5000e+00
3.4706e+01 1.0000e+05 5.8484e-10 1.0000e+00 1.0000e+05 5.8484e-05 2.5000e+00
3.5098e+01 1.0000e+05 1.0522e-09 1.0000e+00 1.0000e+05 1.0522e-04 2.5000e+00
3.5490e+01 1.0000e+05 1.8682e-09 9.9999e-01 1.0000e+05 1.8682e-04 2.5000e+00
3.5882e+01 1.0000e+05 3.2737e-09 9.9999e-01 1.0000e+05 3.2737e-04 2.5000e+00
3.6275e+01 1.0000e+05 5.6607e-09 9.9998e-01 1.0000e+05 5.6607e-04 2.5000e+00
3.6667e+01 1.0000e+05 9.6587e-09 9.9997e-01 1.0000e+05 9.6587e-04 2.4999e+00
3.7059e+01 1.0000e+05 1.6261e-08 9.9995e-01 1.0000e+05 1.6261e-03 2.4999e+00
3.7451e+01 1.0000e+05 2.7011e-08 9.9992e-01 1.0000e+05 2.7011e-03 2.4998e+00
3.7843e+01 1.0000e+05 4.4266e-08 9.9987e-01 1.0000e+05 4.4266e-03 2.4997e+00
3.8235e+01 1.0000e+05 7.1567e-08 9.9979e-01 1.0000e+05 7.1567e-03 2.4995e+00
3.8627e+01 1.0000e+05 1.1414e-07 9.9968e-01 1.0000e+05 1.1414e-02 2.4992e+00
3.9020e+01 9.9999e+04 1.7958e-07 9.9950e-01 9.9999e+04 1.7958e-02 2.4988e+00
3.9412e+01 9.9999e+04 2.7871e-07 9.9925e-01 9.9999e+04 2.7870e-02 2.4981e+00
3.9804e+01 9.9998e+04 4.2665e-07 9.9889e-01 9.9998e+04 4.2664e-02 2.4972e+00
4.0196e+01 9.9997e+04 6.4421e-07 9.9837e-01 9.9997e+04 6.4419e-02 2.4959e+00
4.0588e+01 9.9996e+04 9.5942e-07 9.9764e-01 9.9996e+04 9.5938e-02 2.4941e+00
4.0980e+01 9.9994e+04 1.4093e-06 9.9664e-01 9.9994e+04 1.4092e-01 2.4916e+00
4.1373e+01 9.9991e+04 2.0418e-06 9.9529e-01 9.9991e+04 2.0416e-01 2.4882e+00
4.1765e+01 9.9987e+04 2.9175e-06 9.9349e-01 9.9987e+04 2.9171e-01 2.4837e+00
4.2157e+01 9.9981e+04 4.1118e-06 9.9114e-01 9.9981e+04 4.1110e-01 2.4779e+00
4.2549e+01 9.9973e+04 5.7155e-06 9.8812e-01 9.9973e+04 5.7140e-01 2.4703e+00
4.2941e+01 9.9962e+04 7.8361e-06 9.8431e-01 9.9962e+04 7.8332e-01 2.4608e+00
4.3333e+01 9.9947e+04 1.0597e-05 9.7958e-01 9.9947e+04 1.0591e+00 2.4490e+00
4.3725e+01 9.9927e+04 1.4135e-05 9.7383e-01 9.9927e+04 1.4125e+00 2.4346e+00
4.4118e+01 9.9901e+04 1.8600e-05 9.6696e-01 9.9901e+04 1.8582e+00 2.4174e+00
4.4510e+01 9.9867e+04 2.4146e-05 9.5891e-01 9.9867e+04 2.4113e+00 2.3973e+00
4.4902e+01 9.9824e+04 3.0926e-05 9.4966e-01 9.9824e+04 3.0872e+00 2.3742e+00
4.5294e+01 9.9769e+04 3.9088e-05 9.3924e-01 9.9769e+04 3.8998e+00 2.3482e+00
4.5686e+01 9.9701e+04 4.8763e-05 9.2771e-01 9.9701e+04 4.8618e+00 2.3194e+00
4.6078e+01 9.9617e+04 6.0060e-05 9.1519e-01 9.9617e+04 5.9830e+00 2.2882e+00
4.6471e+01 9.9516e+04 7.3056e-05 9.0183e-01 9.9516e+04 7.2703e+00 2.2548e+00
4.6863e+01 9.9396e+04 8.7817e-05 8.8780e-01 9.9396e+04 8.7286e+00 2.2199e+00
4.7255e+01 9.9250e+04 1.0426e-04 8.7319e-01 9.9250e+04 1.0347e+01 2.1835e+00
4.7647e+01 9.9098e+04 1.2308e-04 8.5838e-01 9.9098e+04 1.2197e+01 2.1467e+00
4.8039e+01 9.8824e+04 1.4029e-04 8.4206e-01 9.8824e+04 1.3864e+01 2.1061e+00
4.8431e+01 9.8955e+04 1.7431e-04 8.3058e-01 9.8955e+04 1.7249e+01 2.0780e+00
4.8824e+01 9.7557e+04 1.5789e-04 8.0124e-01 9.7557e+04 1.5404e+01 2.0043e+00
4.9216e+01 9.9457e+04 2.6664e-04 8.1300e-01 9.9457e+04 2.6520e+01 2.0360e+00
4.9608e+01 1.0401e+05 2.0580e-04 7.6724e-01 1.0401e+05 2.1405e+01 1.9203e+00
5.0000e+01 1.4297e+04 2.7440e-04 7.6951e-01 1.4297e+04 3.9232e+00 1.9243e+00
5.0392e+01 1.0784e+04 3.1102e-04 7.5256e-01 1.0784e+04 3.3541e+00 1.8819e+00
5.0784e+01 1.1274e+04 6.4826e-04 7.6899e-01 1.1274e+04 7.3085e+00 1.9248e+00
5.1176e+01 1.2118e+04 9.8059e-04 7.9013e-01 1.2118e+04 1.1883e+01 1.9811e+00
5.1569e+01 1.2539e+04 1.2402e-03 8.0809e-01 1.2539e+04 1.5551e+01 2.0299e+00
5.1961e+01 1.2795e+04 1.2780e-03 8.0287e-01 1.2795e+04 1.6352e+01 2.0176e+00
5.2353e+01 1.2778e+04 1.2891e-03 7.9703e-01 1.2778e+04 1.6472e+01 2.0032e+00
5.2745e+01 1.2825e+04 1.2548e-03 7.8647e-01 1.2825e+04 1.6093e+01 1.9763e+00
5.3137e+01 1.2790e+04 1.2508e-03 7.7870e-01 1.2790e+04 1.5998e+01 1.9568e+00
5.3529e+01 1.2816e+04 1.2210e-03 7.6801e-01 1.2816e+04 1.5648e+01 1.9296e+00
5.3922e+01 1.2795e+04 1.2091e-03 7.5872e-01 1.2795e+04 1.5470e+01 1.9062e+00
5.4314e+01 1.2806e+04 1.1820e-03 7.4769e-01 1.2806e+04 1.5137e+01 1.8782e+00
5.4706e+01 1.2793e+04 1.1646e-03 7.3724e-01 1.2793e+04 1.4899e+01 1.8518e+00
5.5098e+01 1.2796e+04 1.1384e-03 7.2569e-01 1.2796e+04 1.4567e+01 1.8225e+00
5.5490e+01 1.2786e+04 1.1169e-03 7.1418e-01 1.2786e+04 1.4282e+01 1.7934e+00
5.5882e+01 1.2784e+04 1.0902e-03 7.0182e-01 1.2784e+04 1.3938e+01 1.7622e+00
5.6275e+01 1.2776e+04 1.0652e-03 6.8910e-01 1.2776e+04 1.3609e+01 1.7300e+00
5.6667e+01 1.2771e+04 1.0367e-03 6.7556e-01 1.2771e+04 1.3241e+01 1.6958e+00
5.7059e+01 1.2763e+04 1.0083e-03 6.6135e-01 1.2763e+04 1.2869e+01 1.6599e+00
5.7451e+01 1.2756e+04 9.7726e-04 6.4625e-01 1.2756e+04 1.2466e+01 1.6217e+00
5.7843e+01 1.2748e+04 9.4527e-04 6.3027e-01 1.2748e+04 1.2050e+01 1.5814e+00
5.8235e+01 1.2739e+04 9.1109e-04 6.1326e-01 1.2739e+04 1.1607e+01 1.5384e+00
5.8627e+01 1.2730e+04 8.7541e-04 5.9520e-01 1.2730e+04 1.1144e+01 1.4929e+00
5.9020e+01 1.2720e+04 8.3765e-04 5.7599e-01 1.2720e+04 1.0655e+01 1.4444e+00
5.9412e+01 1.2709e+04 7.9807e-04 5.5556e-01 1.2709e+04 1.0143e+01 1.3929e+00
5.9804e+01 1.2698e+04 7.5640e-04 5.3383e-01 1.2698e+04 9.6045e+00 1.3382e+00
6.0196e+01 1.2686e+04 7.1269e-04 5.1072e-01 1.2686e+04 9.0411e+00 1.2800e+00
6.0588e+01 1.2673e+04 6.6680e-04 4.8616e-01 1.2673e+04 8.4506e+00 1.2182e+00
6.0980e+01 1.2660e+04 6.1868e-04 4.6005e-01 1.2660e+04 7.8328e+00 1.1526e+00
6.1373e+01 1.2647e+04 5.6824e-04 4.3230e-01 1.2647e+04 7.1864e+00 1.0828e+00
6.1765e+01 1.2633e+04 5.1537e-04 4.0280e-01 1.2633e+04 6.5105e+00 1.0087e+00
6.2157e+01 1.2618e+04 4.5994e-04 3.7142e-01 1.2618e+04 5.8036e+00 9.2989e-01
6.2549e+01 1.2603e+04 4.0183e-04 3.3802e-01 1.2603e+04 5.0642e+00 8.4608e-01
6.2941e+01 1.2587e+04 3.4094e-04 3.0247e-01 1.2587e+04 4.2914e+00 7.5691e-01
6.3333e+01 1.2570e+04 2.7750e-04 2.6481e-01 1.2570e+04 3.4882e+00 6.6250e-01
6.3725e+01 1.2554e+04 2.1272e-04 2.2574e-01 1.2554e+04 2.6704e+00 5.6462e-01
6.4118e+01 1.2538e+04 1.4988e-04 1.8741e-01 1.2538e+04 1.8792e+00 4.6867e-01
6.4510e+01 1.2524e+04 9.4524e-05 1.5374e-01 1.2524e+04 1.1838e+00 3.8441e-01
6.4902e+01 1.2514e+04 5.2293e-05 1.2867e-01 1.2514e+04 6.5438e-01 3.2168e-01
6.5294e+01 1.2507e+04 2.5291e-05 1.1333e-01 1.2507e+04 3.1631e-01 2.8332e-01
6.5686e+01 1.2503e+04 1.0890e-05 1.0556e-01 1.2503e+04 1.3616e-01 2.6390e-01
6.6078e+01 1.2501e+04 4.3156e-06 1.0216e-01 1.2501e+04 5.3950e-02 2.5541e-01
6.6471e+01 1.2500e+04 1.6278e-06 1.0081e-01 1.2500e+04 2.0348e-02 2.5202e-01
6.6863e+01 1.2500e+04 5.9818e-07 1.0030e-01 1.2500e+04 7.4774e-03 2.5074e-01
6.7255e+01 1.2500e+04 2.1680e-07 1.0011e-01 1.2500e+04 2.7100e-03 2.5027e-01
6.7647e+01 1.2500e+04 7.7911e-08 1.0004e-01 1.2500e+04 9.7389e-04 2.5010e-01
6.8039e+01 1.2500e+04 2.7821e-08 1.0001e-01 1.2500e+04 3.4776e-04 2.5003e-01
6.8431e+01 1.2500e+04 9.8784e-09 1.0000e-01 1.2500e+04 1.2348e-04 2.5001e-01
6.8824e+01 1.2500e+04 3.4887e-09 1.0000e-01 1.2500e+04 4.3608e-05 2.5000e-01
6.9216e+01 1.2500e+04 1.2255e-09 1.0000e-01 1.2500e+04 1.5319e-05 2.5000e-01
6.9608e+01 1.2500e+04 4.2819e-10 1.0000e-01 1.2500e+04 5.3524e-06 2.5000e-01
7.0000e+01 1.2500e+04 1.4880e-10 1.0000e-01 1.2500e+04 1.8601e-06 2.5000e-01
7.0392e+01 1.2500e+04 5.1431e-11 1.0000e-01 1.2500e+04 6.4289e-07 2.5000e-01
7.0784e+01 1.2500e+04 1.7679e-11 1.0000e-01 1.2500e+04 2.2098e-07 2.5000e-01
7.1176e+01 1.2500e+04 6.0431e-12 1.0000e-01 1.2500e+04 7.5539e-08 2.5000e-01
7.1569e+01 1.2500e+04 2.0542e-12 1.0000e-01 1.2500e+04 2.5677e-08 2.5000e-01
7.1961e+01 1.2500e+04 6.9432e-13 1.0000e-01 1.2500e+04 8.6789e-09 2.5000e-01
7.2353e+01 1.2500e+04 2.3334e-13 1.0000e-01 1.2500e+04 2.9168e-09 2.5000e-01
7.2745e+01 1.2500e+04 7.7968e-14 1.0000e-01 1.2500e+04 9.7461e-10 2.5000e-01
7.3137e+01 1.2500e+04 2.5901e-14 1.0000e-01 1.2500e+04 3.2376e-10 2.5000e-01
7.3529e+01 1.2500e+04 8.5527e-15 1.0000e-01 1.2500e+04 1.0691e-10 2.5000e-01
7.3922e+01 1.2500e+04 2.8066e-15 1.0000e-01 1.2500e+04 3.5083e-11 2.5000e-01
7.4314e+01 1.2500e+04 9.1470e-16 1.0000e-01 1.2500e+04 1.1434e-11 2.5000e-01
7.4706e+01 1.2500e+04 2.9538e-16 1.0000e-01 1.2500e+04 3.6923e-12 2.5000e-01
7.5098e+01 1.2500e+04 9.3926e-17 1.0000e-01 1.2500e+04 1.1741e-12 2.5000e-01
7.5490e+01 1.2500e+04 2.8987e-17 1.0000e-01 1.2500e+04 3.6234e-13 2.5000e-01
7.5882e+01 1.2500e+04 8.3191e-18 1.0000e-01 1.2500e+04 1.0399e-13 2.5000e-01
7.6275e+01 1.2500e+04 1.8512e-18 1.0000e-01 1.2500e+04 2.3140e-14 2.5000e-01
7.6667e+01 1.2500e+04 1.0362e-19 1.0000e-01 1.2500e+04 1.2952e-15 2.5000e-01
7.7059e+01 1.2500e+04 0.0000e+00 1.0000e-01 1.2500e+04 0.0000e+00 2.5000e-01
7.7451e+01 1.2500e+04 0.0000e+00 1.0000e-01 1.2500e+04 0.0000e+00 2.5000e-01
7.7843e+01 1.2500e+04 0.0000e+00 1.0000e-01 1.2500e+04 0.0000e+00 2.5000e-01
7.8235e+01 1.2500e+04 0.0000e+00 1.0000e-01 1.2500e+04 0.0000e+00 2.5000e-01
7.8627e+01 1.2500e+04 0.0000e+00 1.0000e-01 1.2500e+04 0.0000e+00 2.5000e-01
7.9020e+01 1.2500e+04 0.0000e+00 1.0000e-01 1.2500e+04 0.0000e+00 2.5000e-01
7.9412e+01 1.2500e+04 0.0000e+00 1.0000e-01 1.2500e+04 0.0000e+00 2.5000e-01
7.9804e+01 1.2500e+04 0.0000e+00 1.0000e-01 1.2500e+04 0.0000e+00 2.5000e-01
8.0196e+01 1.2500e+04 0.0000e+00 1.0000e-01 1.2500e+04 0.0000e+00 2.5000e-01
8.0588e+01 1.2500e+04 0.0000e+00 1.0000e-01 1.2500e+04 0.0000e+00 2.5000e-01
8.0980e+01 1.2500e+04 0.0000e+00 1.0000e-01 1.2500e+04 0.0000e+00 2.5000e-01
8.1373e+01 1.2500e+04 0.0000e+00 1.0000e-01 1.2500e+04 0.0000e+00 2.5000e-01
8.1765e+01 1.2500e+04 0.0000e+00 1.0000e-01 1.2500e+04 0.0000e+00 2.5000e-01
8.2157e+01 1.2500e+04 0.0000e+00 1.0000e-01 1.2500e+04 0.0000e+00 2.5000e-01
8.2549e+01 1.2500e+04 0.0000e+00 1.0000e-01 1.2500e+04 0.0000e+00 2.5000e-01
8.2941e+01 1.2500e+04 0.0000e+00 1.0000e-01 1.2500e+04 0.0000e+00 2.5000e-01
8.3333e+01 1.2500e+04 0.0000e+00 1.0000e-01 1.2500e+04 0.0000e+00 2.5000e-01
8.3725e+01 1.2500e+04 0.0000e+00 1.0000e-01 1.2500e+04 0.0000e+00 2.5000e-01
8.4118e+01 1.2500e+04 0.0000e+00 1.0000e-01 1.2500e+04 0.0000e+00 2.5000e-01
8.4510e+01 1.2500e+04 0.0000e+00 1.0000e-01 1.2500e+04 0.0000e+00 2.5000e-01
8.4902e+01 1.2500e+04 0.0000e+00 1.0000e-01 1.2500e+04 0.0000e+00 2.5000e-01
8.5294e+01 1.2500e+04 0.0000e+00 1.0000e-01 1.2500e+04 0.0000e+00 2.5000e-01
8.5686e+01 1.2500e+04 0.0000e+00 1.0000e-01 1.2500e+04 0.0000e+00 2.5000e-01
8.6078e+01 1.2500e+04 0.0000e+00 1.0000e-01 1.2500e+04 0.0000e+00 2.5000e-01
8.6471e+01 1.2500e+04 0.0000e+00 1.0000e-01 1.2500e+04 0.0000e+00 2.5000e-01
8.6863e+01 1.2500e+04 0.0000e+00 1.0000e-01 1.2500e+04 0.0000e+00 2.5000e-01
8.7255e+01 1.2500e+04 0.0000e+00 1.0000e-01 1.2500e+04 0.0000e+00 2.5000e-01
8.7647e+01 1.2500e+04 0.0000e+00 1.0000e-01 1.2500e+04 0.0000e+00 2.5000e-01
8.8039e+01 1.2500e+04 0.0000e+00 1.0000e-01 1.2500e+04 0.0000e+00 2.5000e-01
8.8431e+01 1.2500e+04 0.0000e+00 1.0000e-01 1.2500e+04 0.0000e+00 2.5000e-01
8.8824e+01 1.2500e+04 0.0000e+00 1.0000e-01 1.2500e+04 0.0000e+00 2.5000e-01
8.9216e+01 1.2500e+04 0.0000e+00 1.0000e-01 1.2500e+04 0.0000e+00 2.5000e-01
8.9608e+01 1.2500e+04 0.0000e+00 1.0000e-01 1.2500e+04 0.0000e+00 2.5000e-01
9.0000e+01 1.2500e+04 0.0000e+00 1.0000e-01 1.2500e+04 0.0000e+00 2.5000e-01
9.0392e+01 1.2500e+04 0.0000e+00 1.0000e-01 1.2500e+04 0.0000e+00 2.5000e-01
9.0784e+01 1.2500e+04 0.0000e+00 1.0000e-01 1.2500e+04 0.0000e+00 2.5000e-01
9.1176e+01 1.2500e+04 0.0000e+00 1.0000e-01 1.2500e+04 0.0000e+00 2.5000e-01
9.1569e+01 1.2500e+04 0.0000e+00 1.0000e-01 1.2500e+04 0.0000e+00 2.5000e-01
9.1961e+01 1.2500e+04 0.0000e+00 1.0000e-01 1.2500e+04 0.0000e+00 2.5000e-01
9.2353e+01 1.2500e+04 0.0000e+00 1.0000e-01 1.2500e+04 0.0000e+00 2.5000e-01
9.2745e+01 1.2500e+04 0.0000e+00 1.0000e-01 1.2500e+04 0.0000e+00 2.5000e-01
9.3137e+01 1.2500e+04 0.0000e+00 1.0000e-01 1.2500e+04 0.0000e+00 2.5000e-01
9.3529e+01 1.2500e+04 0.0000e+00 1.0000e-01 1.2500e+04 0.0000e+00 2.5000e-01
9.3922e+01 1.2500e+04 0.0000e+00 1.0000e-01 1.2500e+04 0.0000e+00 2.5000e-01
9.4314e+01 1.2500e+04 0.0000e+00 1.0000e-01 1.2500e+04 0.0000e+00 2.5000e-01
9.4706e+01 1.2500e+04 0.0000e+00 1.0000e-01 1.2500e+04 0.0000e+00 2.5000e-01
9.5098e+01 1.2500e+04 0.0000e+00 1.0000e-01 1.2500e+04 0.0000e+00 2.5000e-01
9.5490e+01 1.2500e+04 0.0000e+00 1.0000e-01 1.2500e+04 0.0000e+00 2.5000e-01
9.5882e+01 1.2500e+04 0.0000e+00 1.0000e-01 1.2500e+04 0.0000e+00 2.5000e-01
9.6275e+01 1.2500e+04 0.0000e+00 1.0000e-01 1.2500e+04 0.0000e+00 2.5000e-01
9.6667e+01 1.2500e+04 0.0000e+00 1.0000e-01 1.2500e+04 0.0000e+00 2.5000e-01
9.7059e+01 1.2500e+04 0.0000e+00 1.0000e-01 1.2500e+04 0.0000e+00 2.5000e-01
9.7451e+01 1.2500e+04 0.0000e+00 1.0000e-01 1.2500e+04 0.0000e+00 2.5000e-01
9.7843e+01 1.2500e+04 0.0000e+00 1.0000e-01 1.2500e+04 0.0000e+00 2.5000e-01
9.8235e+01 1.2500e+04 0.0000e+00 1.0000e-01 1.2500e+04 0.0000e+00 2.5000e-01
9.8627e+01 1.2500e+04 0.0000e+00 1.0000e-01 1.2500e+04 0.0000e+00 2.5000e-01
9.9020e+01 1.2500e+04 0.0000e+00 1.0000e-01 1.2500e+04 0.0000e+00 2.5000e-01
9.9412e+01 1.2500e+04 0.0000e+00 1.0000e-01 1.2500e+04 0.0000e+00 2.5000e-01
9.9804e+01 1.2500e+04 0.0000e+00 1.0000e-01 1.2500e+04 0.0000e+00 2.5000e-01
