# # x Density Velocity Pressure q0 q1 q2
1.9608e-01 1.0000e+05 0.0000e+00 1.0000e+00 1.0000e+05 0.0000e+00 2.5000e+00
5.8824e-01 1.0000e+05 0.0000e+00 1.0000e+00 1.0000e+05 0.0000e+00 2.5000e+00
9.8039e-01 1.0000e+05 0.0000e+00 1.0000e+00 1.0000e+05 0.0000e+00 2.5000e+00
1.3725e+00 1.0000e+05 0.0000e+00 1.0000e+00 1.0000e+05 0.0000e+00 2.5000e+00
1.7647e+00 1.0000e+05 0.0000e+00 1.0000e+00 1.0000e+05 0.0000e+00 2.5000e+00
2.1569e+00 1.0000e+05 0.0000e+00 1.0000e+00 1.0000e+05 0.0000e+00 2.5000e+00
2.5490e+00 1.0000e+05 0.0000e+00 1.0000e+00 1.0000e+05 0.0000e+00 2.5000e+00
2.9412e+00 1.0000e+05 0.0000e+00 1.0000e+00 1.0000e+05 0.0000e+00 2.5000e+00
3.3333e+00 1.0000e+05 0.0000e+00 1.0000e+00 1.0000e+05 0.0000e+00 2.5000e+00
3.7255e+00 1.0000e+05 0.0000e+00 1.0000e+00 1.0000e+05 0.0000e+00 2.5000e+00
4.1176e+00 1.0000e+05 0.0000e+00 1.0000e+00 1.0000e+05 0.0000e+00 2.5000e+00
4.5098e+00 1.0000e+05 0.0000e+00 1.0000e+00 1.0000e+05 0.0000e+00 2.5000e+00
4.9020e+00 1.0000e+05 0.0000e+00 1.0000e+00 1.0000e+05 0.0000e+00 2.5000e+00
5.2941e+00 1.0000e+05 0.0000e+00 1.0000e+00 1.0000e+05 0.0000e+00 2.5000e+00
5.6863e+00 1.0000e+05 0.0000e+00 1.0000e+00 1.0000e+05 0.0000e+00 2.5000e+00
6.0784e+00 1.0000e+05 0.0000e+00 1.0000e+00 1.0000e+05 0.0000e+00 2.5000e+00
6.4706e+00 1.0000e+05 0.0000e+00 1.0000e+00 1.0000e+05 0.0000e+00 2.5000e+00
6.8627e+00 1.0000e+05 0.0000e+00 1.0000e+00 1.0000e+05 0.0000e+00 2.5000e+00
7.2549e+00 1.0000e+05 0.0000e+00 1.0000e+00 1.0000e+05 0.0000e+00 2.5000e+00
7.6471e+00 1.0000e+05 0.0000e+00 1.0000e+00 1.0000e+05 0.0000e+00 2.5000e+00
8.0392e+00 1.0000e+05 0.0000e+00 1.0000e+00 1.0000e+05 0.0000e+00 2.5000e+00
8.4314e+00 1.0000e+05 0.0000e+00 1.0000e+00 1.0000e+05 0.0000e+00 2.5000e+00
8.8235e+00 1.0000e+05 0.0000e+00 1.0000e+00 1.0000e+05 0.0000e+00 2.5000e+00
9.2157e+00 1.0000e+05 0.0000e+00 1.0000e+00 1.0000e+05 0.0000e+00 2.5000e+00
9.6078e+00 1.0000e+05 0.0000e+00 1.0000e+00 1.0000e+05 0.0000e+00 2.5000e+00
1.0000e+01 1.0000e+05 0.0000e+00 1.0000e+00 1.0000e+05 0.0000e+00 2.5000e+00
1.0392e+01 1.0000e+05 0.0000e+00 1.0000e+00 1.0000e+05 0.0000e+00 2.5000e+00
1.0784e+01 1.0000e+05 0.0000e+00 1.0000e+00 1.0000e+05 0.0000e+00 2.5000e+00
1.1176e+01 1.0000e+05 0.0000e+00 1.0000e+00 1.0000e+05 0.0000e+00 2.5000e+00
1.1569e+01 1.0000e+05 0.0000e+00 1.0000e+00 1.0000e+05 0.0000e+00 2.5000e+00
1.1961e+01 1.0000e+05 0.0000e+00 1.0000e+00 1.0000e+05 0.0000e+00 2.5000e+00
1.2353e+01 1.0000e+05 0.0000e+00 1.0000e+00 1.0000e+05 0.0000e+00 2.5000e+00
1.2745e+01 1.0000e+05 0.0000e+00 1.0000e+00 1.0000e+05 0.0000e+00 2.5000e+00
1.3137e+01 1.0000e+05 0.0000e+00 1.0000e+00 1.0000e+05 0.0000e+00 2.5000e+00
1.3529e+01 1.0000e+05 0.0000e+00 1.0000e+00 1.0000e+05 0.0000e+00 2.5000e+00
1.3922e+01 1.0000e+05 0.0000e+00 1.0000e+00 1.0000e+05 0.0000e+00 2.5000e+00
1.4314e+01 1.0000e+05 0.0000e+00 1.0000e+00 1.0000e+05 0.0000e+00 2.5000e+00
1.4706e+01 1.0000e+05 0.0000e+00 1.0000e+00 1.0000e+05 0.0000e+00 2.5000e+00
1.5098e+01 1.0000e+05 0.0000e+00 1.0000e+00 1.0000e+05 0.0000e+00 2.5000e+00
1.5490e+01 1.0000e+05 0.0000e+00 1.0000e+00 1.0000e+05 0.0000e+00 2.5000e+00
1.5882e+01 1.0000e+05 0.0000e+00 1.0000e+00 1.0000e+05 0.0000e+00 2.5000e+00
1.6275e+01 1.0000e+05 0.0000e+00 1.0000e+00 1.0000e+05 0.0000e+00 2.5000e+00
1.6667e+01 1.0000e+05 0.0000e+00 1.0000e+00 1.0000e+05 0.0000e+00 2.5000e+00
1.7059e+01 1.0000e+05 0.0000e+00 1.0000e+00 1.0000e+05 0.0000e+00 2.5000e+00
1.7451e+01 1.0000e+05 0.0000e+00 1.0000e+00 1.0000e+05 0.0000e+00 2.5000e+00
1.7843e+01 1.0000e+05 0.0000e+00 1.0000e+00 1.0000e+05 0.0000e+00 2.5000e+00
1.8235e+01 1.0000e+05 0.0000e+00 1.0000e+00 1.0000e+05 0.0000e+00 2.5000e+00
1.8627e+01 1.0000e+05 0.0000e+00 1.0000e+00 1.0000e+05 0.0000e+00 2.5000e+00
1.9020e+01 1.0000e+05 0.0000e+00 1.0000e+00 1.0000e+05 0.0000e+00 2.5000e+00
1.9412e+01 1.0000e+05 0.0000e+00 1.0000e+00 1.0000e+05 0.0000e+00 2.5000e+00
1.9804e+01 1.0000e+05 0.0000e+00 1.0000e+00 1.0000e+05 0.0000e+00 2.5000e+00
2.0196e+01 1.0000e+05 0.0000e+00 1.0000e+00 1.0000e+05 0.0000e+00 2.5000e+00
2.0588e+01 1.0000e+05 0.0000e+00 1.0000e+00 1.0000e+05 0.0000e+00 2.5000e+00
2.0980e+01 1.0000e+05 0.0000e+00 1.0000e+00 1.0000e+05 0.0000e+00 2.5000e+00
2.1373e+01 1.0000e+05 0.0000e+00 1.0000e+00 1.0000e+05 0.0000e+00 2.5000e+00
2.1765e+01 1.0000e+05 0.0000e+00 1.0000e+00 1.0000e+05 0.0000e+00 2.5000e+00
2.2157e+01 1.0000e+05 0.0000e+00 1.0000e+00 1.0000e+05 0.0000e+00 2.5000e+00
2.2549e+01 1.0000e+05 0.0000e+00 1.0000e+00 1.0000e+05 0.0000e+00 2.5000e+00
2.2941e+01 1.0000e+05 0.0000e+00 1.0000e+00 1.0000e+05 0.0000e+00 2.5000e+00
2.3333e+01 1.0000e+05 1.4155e-21 1.0000e+00 1.0000e+05 1.4155e-16 2.5000e+00
2.3725e+01 1.0000e+05 2.4149e-19 1.0000e+00 1.0000e+05 2.4149e-14 2.5000e+00
2.4118e+01 1.0000e+05 1.3320e-18 1.0000e+00 1.0000e+05 1.3320e-13 2.5000e+00
2.4510e+01 1.0000e+05 3.6504e-18 1.0000e+00 1.0000e+05 3.6504e-13 2.5000e+00
2.4902e+01 1.0000e+05 7.9162e-18 1.0000e+00 1.0000e+05 7.9162e-13 2.5000e+00
2.5294e+01 1.0000e+05 1.6885e-17 1.0000e+00 1.0000e+05 1.6885e-12 2.5000e+00
2.5686e+01 1.0000e+05 3.7268e-17 1.0000e+00 1.0000e+05 3.7268e-12 2.5000e+00
2.6078e+01 1.0000e+05 8.4793e-17 1.0000e+00 1.0000e+05 8.4793e-12 2.5000e+00
2.6471e+01 1.0000e+05 1.9484e-16 1.0000e+00 1.0000e+05 1.9484e-11 2.5000e+00
2.6863e+01 1.0000e+05 4.4635e-16 1.0000e+00 1.0000e+05 4.4635e-11 2.5000e+00
2.7255e+01 1.0000e+05 1.0156e-15 1.0000e+00 1.0000e+05 1.0156e-10 2.5000e+00
2.7647e+01 1.0000e+05 2.2907e-15 1.0000e+00 1.0000e+05 2.2907e-10 2.5000e+00
2.8039e+01 1.0000e+05 5.1112e-15 1.0000e+00 1.0000e+05 5.1112e-10 2.5000e+00
2.8431e+01 1.0000e+05 1.1275e-14 1.0000e+00 1.0000e+05 1.1275e-09 2.5000e+00
2.8824e+01 1.0000e+05 2.4583e-14 1.0000e+00 1.0000e+05 2.4583e-09 2.5000e+00
2.9216e+01 1.0000e+05 5.2970e-14 1.0000e+00 1.0000e+05 5.2970e-09 2.5000e+00
2.9608e+01 1.0000e+05 1.1279e-13 1.0000e+00 1.0000e+05 1.1279e-08 2.5000e+00
3.0000e+01 1.0000e+05 2.3728e-13 1.0000e+00 1.0000e+05 2.3728e-08 2.5000e+00
3.0392e+01 1.0000e+05 4.9320e-13 1.0000e+00 1.0000e+05 4.9320e-08 2.5000e+00
3.0784e+01 1.0000e+05 1.0127e-12 1.0000e+00 1.0000e+05 1.0127e-07 2.5000e+00
3.1176e+01 1.0000e+05 2.0541e-12 1.0000e+00 1.0000e+05 2.0541e-07 2.5000e+00
3.1569e+01 1.0000e+05 4.1154e-12 1.0000e+00 1.0000e+05 4.1154e-07 2.5000e+00
3.1961e+01 1.0000e+05 8.1435e-12 1.0000e+00 1.0000e+05 8.1435e-07 2.5000e+00
3.2353e+01 1.0000e+05 1.5914e-11 1.0000e+00 1.0000e+05 1.5914e-06 2.5000e+00
3.2745e+01 1.0000e+05 3.0712e-11 1.0000e+00 1.0000e+05 3.0712e-06 2.5000e+00
3.3137e+01 1.0000e+05 5.8527e-11 1.0000e+00 1.0000e+05 5.8527e-06 2.5000e+00
3.3529e+01 1.0000e+05 1.1013e-10 1.0000e+00 1.0000e+05 1.1013e-05 2.5000e+00
3.3922e+01 1.0000e+05 2.0459e-10 1.0000e+00 1.0000e+05 2.0459e-05 2.5000e+00
3.4314e+01 1.0000e+05 3.7523e-10 1.0000e+00 1.0000e+05 3.7523e-05 2.5000e+00
3.4706e+01 1.0000e+05 6.7937e-10 1.0000e+00 1.0000e+05 6.7937e-05 2.5000e+00
3.5098e+01 1.0000e+05 1.2142e-09 1.0000e+00 1.0000e+05 1.2142e-04 2.5000e+00
3.5490e+01 1.0000e+05 2.1420e-09 9.9999e-01 1.0000e+05 2.1420e-04 2.5000e+00
3.5882e+01 1.0000e+05 3.7296e-09 9.9999e-01 1.0000e+05 3.7296e-04 2.5000e+00
3.6275e+01 1.0000e+05 6.4090e-09 9.9998e-01 1.0000e+05 6.4090e-04 2.4999e+00
3.6667e+01 1.0000e+05 1.0869e-08 9.9997e-01 1.0000e+05 1.0869e-03 2.4999e+00
3.7059e+01 1.0000e+05 1.8190e-08 9.9994e-01 1.0000e+05 1.8190e-03 2.4999e+00
3.7451e+01 1.0000e+05 3.0039e-08 9.9991e-01 1.0000e+05 3.0039e-03 2.4998e+00
3.7843e+01 1.0000e+05 4.8948e-08 9.9986e-01 1.0000e+05 4.8948e-03 2.4996e+00
3.8235e+01 1.0000e+05 7.8699e-08 9.9977e-01 1.0000e+05 7.8699e-03 2.4994e+00
3.8627e+01 1.0000e+05 1.2484e-07 9.9965e-01 1.0000e+05 1.2484e-02 2.4991e+00
3.9020e+01 9.9999e+04 1.9538e-07 9.9947e-01 9.9999e+04 1.9538e-02 2.4987e+00
3.9412e+01 9.9999e+04 3.0167e-07 9.9920e-01 9.9999e+04 3.0167e-02 2.4980e+00
3.9804e+01 9.9998e+04 4.5951e-07 9.9881e-01 9.9998e+04 4.5950e-02 2.4970e+00
4.0196e+01 9.9997e+04 6.9048e-07 9.9827e-01 9.9997e+04 6.9046e-02 2.4957e+00
4.0588e+01 9.9996e+04 1.0235e-06 9.9751e-01 9.9996e+04 1.0235e-01 2.4938e+00
4.0980e+01 9.9994e+04 1.4967e-06 9.9647e-01 9.9994e+04 1.4966e-01 2.4912e+00
4.1373e+01 9.9991e+04 2.1588e-06 9.9507e-01 9.9991e+04 2.1586e-01 2.4877e+00
4.1765e+01 9.9986e+04 3.0718e-06 9.9322e-01 9.9986e+04 3.0714e-01 2.4830e+00
4.2157e+01 9.9980e+04 4.3116e-06 9.9081e-01 9.9980e+04 4.3108e-01 2.4770e+00
4.2549e+01 9.9972e+04 5.9699e-06 9.8772e-01 9.9972e+04 5.9682e-01 2.4693e+00
4.2941e+01 9.9960e+04 8.1542e-06 9.8383e-01 9.9960e+04 8.1509e-01 2.4596e+00
4.3333e+01 9.9945e+04 1.0987e-05 9.7904e-01 9.9945e+04 1.0981e+00 2.4476e+00
4.3725e+01 9.9924e+04 1.4606e-05 9.7322e-01 9.9924e+04 1.4595e+00 2.4331e+00
4.4118e+01 9.9897e+04 1.9157e-05 9.6630e-01 9.9897e+04 1.9137e+00 2.4158e+00
4.4510e+01 9.9862e+04 2.4792e-05 9.5821e-01 9.9862e+04 2.4758e+00 2.3956e+00
4.4902e+01 9.9818e+04 3.1662e-05 9.4894e-01 9.9818e+04 3.1605e+00 2.3724e+00
4.5294e+01 9.9762e+04 3.9911e-05 9.3852e-01 9.9762e+04 3.9816e+00 2.3464e+00
4.5686e+01 9.9693e+04 4.9666e-05 9.2701e-01 9.9693e+04 4.9513e+00 2.3176e+00
4.6078e+01 9.9608e+04 6.1032e-05 9.1453e-01 9.9608e+04 6.0793e+00 2.2865e+00
4.6471e+01 9.9506e+04 7.4087e-05 9.0121e-01 9.9506e+04 7.3721e+00 2.2533e+00
4.6863e+01 9.9384e+04 8.8896e-05 8.8722e-01 9.9384e+04 8.8348e+00 2.2184e+00
4.7255e+01 9.9237e+04 1.0536e-04 8.7265e-01 9.9237e+04 1.0456e+01 2.1822e+00
4.7647e+01 9.9085e+04 1.2426e-04 8.5788e-01 9.9085e+04 1.2312e+01 2.1455e+00
4.8039e+01 9.8804e+04 1.4133e-04 8.4151e-01 9.8804e+04 1.3964e+01 2.1048e+00
4.8431e+01 9.8949e+04 1.7587e-04 8.3022e-01 9.8949e+04 1.7402e+01 2.0771e+00
4.8824e+01 9.7522e+04 1.5848e-04 8.0057e-01 9.7522e+04 1.5455e+01 2.0026e+00
4.9216e+01 9.9434e+04 2.6792e-04 8.1260e-01 9.9434e+04 2.6640e+01 2.0351e+00
4.9608e+01 1.0410e+05 2.0756e-04 7.6711e-01 1.0410e+05 2.1606e+01 1.9200e+00
5.0000e+01 1.4367e+04 2.7726e-04 7.6975e-01 1.4367e+04 3.9833e+00 1.9249e+00
5.0392e+01 1.0772e+04 3.1068e-04 7.5263e-01 1.0772e+04 3.3465e+00 1.8821e+00
5.0784e+01 1.1242e+04 6.3433e-04 7.6768e-01 1.1242e+04 7.1311e+00 1.9215e+00
5.1176e+01 1.2087e+04 9.6631e-04 7.8879e-01 1.2087e+04 1.1680e+01 1.9776e+00
5.1569e+01 1.2522e+04 1.2350e-03 8.0783e-01 1.2522e+04 1.5465e+01 2.0291e+00
5.1961e+01 1.2791e+04 1.2811e-03 8.0361e-01 1.2791e+04 1.6386e+01 2.0195e+00
5.2353e+01 1.2779e+04 1.2941e-03 7.9797e-01 1.2779e+04 1.6537e+01 2.0056e+00
5.2745e+01 1.2827e+04 1.2603e-03 7.8759e-01 1.2827e+04 1.6166e+01 1.9792e+00
5.3137e+01 1.2792e+04 1.2564e-03 7.7998e-01 1.2792e+04 1.6072e+01 1.9600e+00
5.3529e+01 1.2818e+04 1.2271e-03 7.6945e-01 1.2818e+04 1.5728e+01 1.9333e+00
5.3922e+01 1.2797e+04 1.2153e-03 7.6030e-01 1.2797e+04 1.5552e+01 1.9102e+00
5.4314e+01 1.2808e+04 1.1885e-03 7.4942e-01 1.2808e+04 1.5223e+01 1.8826e+00
5.4706e+01 1.2795e+04 1.1713e-03 7.3911e-01 1.2795e+04 1.4987e+01 1.8565e+00
5.5098e+01 1.2798e+04 1.1454e-03 7.2771e-01 1.2798e+04 1.4659e+01 1.8277e+00
5.5490e+01 1.2789e+04 1.1242e-03 7.1635e-01 1.2789e+04 1.4377e+01 1.7990e+00
5.5882e+01 1.2787e+04 1.0978e-03 7.0417e-01 1.2787e+04 1.4038e+01 1.7681e+00
5.6275e+01 1.2779e+04 1.0732e-03 6.9166e-01 1.2779e+04 1.3714e+01 1.7365e+00
5.6667e+01 1.2774e+04 1.0451e-03 6.7835e-01 1.2774e+04 1.3351e+01 1.7029e+00
5.7059e+01 1.2766e+04 1.0172e-03 6.6443e-01 1.2766e+04 1.2985e+01 1.6677e+00
5.7451e+01 1.2760e+04 9.8665e-04 6.4963e-01 1.2760e+04 1.2589e+01 1.6303e+00
5.7843e+01 1.2751e+04 9.5523e-04 6.3399e-01 1.2751e+04 1.2180e+01 1.5908e+00
5.8235e+01 1.2743e+04 9.2166e-04 6.1737e-01 1.2743e+04 1.1744e+01 1.5488e+00
5.8627e+01 1.2733e+04 8.8664e-04 5.9973e-01 1.2733e+04 1.1290e+01 1.5043e+00
5.9020e+01 1.2723e+04 8.4958e-04 5.8097e-01 1.2723e+04 1.0810e+01 1.4570e+00
5.9412e+01 1.2713e+04 8.1075e-04 5.6104e-01 1.2713e+04 1.0307e+01 1.4068e+00
5.9804e+01 1.2702e+04 7.6988e-04 5.3985e-01 1.2702e+04 9.7789e+00 1.3534e+00
6.0196e+01 1.2690e+04 7.2701e-04 5.1733e-01 1.2690e+04 9.2259e+00 1.2967e+00
6.0588e+01 1.2678e+04 6.8201e-04 4.9340e-01 1.2678e+04 8.6466e+00 1.2364e+00
6.0980e+01 1.2665e+04 6.3484e-04 4.6797e-01 1.2665e+04 8.0405e+00 1.1725e+00
6.1373e+01 1.2652e+04 5.8540e-04 4.4096e-01 1.2652e+04 7.4064e+00 1.1046e+00
6.1765e+01 1.2638e+04 5.3361e-04 4.1227e-01 1.2638e+04 6.7437e+00 1.0325e+00
6.2157e+01 1.2623e+04 4.7933e-04 3.8176e-01 1.2623e+04 6.0509e+00 9.5586e-01
6.2549e+01 1.2608e+04 4.2246e-04 3.4933e-01 1.2608e+04 5.3266e+00 8.7444e-01
6.2941e+01 1.2593e+04 3.6286e-04 3.1481e-01 1.2593e+04 4.5694e+00 7.8785e-01
6.3333e+01 1.2576e+04 3.0059e-04 2.7816e-01 1.2576e+04 3.7804e+00 6.9596e-01
6.3725e+01 1.2560e+04 2.3638e-04 2.3974e-01 1.2560e+04 2.9689e+00 5.9970e-01
6.4118e+01 1.2544e+04 1.7259e-04 2.0105e-01 1.2544e+04 2.1649e+00 5.0282e-01
6.4510e+01 1.2529e+04 1.1396e-04 1.6537e-01 1.2529e+04 1.4278e+00 4.1350e-01
6.4902e+01 1.2517e+04 6.6452e-05 1.3689e-01 1.2517e+04 8.3180e-01 3.4225e-01
6.5294e+01 1.2509e+04 3.3853e-05 1.1807e-01 1.2509e+04 4.2347e-01 2.9518e-01
6.5686e+01 1.2504e+04 1.5218e-05 1.0784e-01 1.2504e+04 1.9029e-01 2.6960e-01
6.6078e+01 1.2502e+04 6.2129e-06 1.0313e-01 1.2502e+04 7.7672e-02 2.5781e-01
6.6471e+01 1.2501e+04 2.3858e-06 1.0119e-01 1.2501e+04 2.9824e-02 2.5297e-01
6.6863e+01 1.2500e+04 8.8596e-07 1.0044e-01 1.2500e+04 1.1075e-02 2.5110e-01
6.7255e+01 1.2500e+04 3.2331e-07 1.0016e-01 1.2500e+04 4.0414e-03 2.5040e-01
6.7647e+01 1.2500e+04 1.1681e-07 1.0006e-01 1.2500e+04 1.4602e-03 2.5015e-01
6.8039e+01 1.2500e+04 4.1915e-08 1.0002e-01 1.2500e+04 5.2394e-04 2.5005e-01
6.8431e+01 1.2500e+04 1.4953e-08 1.0001e-01 1.2500e+04 1.8692e-04 2.5002e-01
6.8824e+01 1.2500e+04 5.3058e-09 1.0000e-01 1.2500e+04 6.6323e-05 2.5001e-01
6.9216e+01 1.2500e+04 1.8727e-09 1.0000e-01 1.2500e+04 2.3409e-05 2.5000e-01
6.9608e+01 1.2500e+04 6.5748e-10 1.0000e-01 1.2500e+04 8.2185e-06 2.5000e-01
7.0000e+01 1.2500e+04 2.2961e-10 1.0000e-01 1.2500e+04 2.8701e-06 2.5000e-01
7.0392e+01 1.2500e+04 7.9756e-11 1.0000e-01 1.2500e+04 9.9695e-07 2.5000e-01
7.0784e+01 1.2500e+04 2.7554e-11 1.0000e-01 1.2500e+04 3.4442e-07 2.5000e-01
7.1176e+01 1.2500e+04 9.4673e-12 1.0000e-01 1.2500e+04 1.1834e-07 2.5000e-01
7.1569e+01 1.2500e+04 3.2350e-12 1.0000e-01 1.2500e+04 4.0438e-08 2.5000e-01
7.1961e+01 1.2500e+04 1.0993e-12 1.0000e-01 1.2500e+04 1.3741e-08 2.5000e-01
7.2353e+01 1.2500e+04 3.7144e-13 1.0000e-01 1.2500e+04 4.6430e-09 2.5000e-01
7.2745e+01 1.2500e+04 1.2480e-13 1.0000e-01 1.2500e+04 1.5600e-09 2.5000e-01
7.3137e+01 1.2500e+04 4.1689e-14 1.0000e-01 1.2500e+04 5.2111e-10 2.5000e-01
7.3529e+01 1.2500e+04 1.3845e-14 1.0000e-01 1.2500e+04 1.7307e-10 2.5000e-01
7.3922e+01 1.2500e+04 4.5706e-15 1.0000e-01 1.2500e+04 5.7132e-11 2.5000e-01
7.4314e+01 1.2500e+04 1.4991e-15 1.0000e-01 1.2500e+04 1.8739e-11 2.5000e-01
7.4706e+01 1.2500e+04 4.8786e-16 1.0000e-01 1.2500e+04 6.0982e-12 2.5000e-01
7.5098e+01 1.2500e+04 1.5691e-16 1.0000e-01 1.2500e+04 1.9614e-12 2.5000e-01
7.5490e+01 1.2500e+04 4.9405e-17 1.0000e-01 1.2500e+04 6.1756e-13 2.5000e-01
7.5882e+01 1.2500e+04 1.4829e-17 1.0000e-01 1.2500e+04 1.8537e-13 2.5000e-01
7.6275e+01 1.2500e+04 3.8406e-18 1.0000e-01 1.2500e+04 4.8008e-14 2.5000e-01
7.6667e+01 1.2500e+04 5.8150e-19 1.0000e-01 1.2500e+04 7.2688e-15 2.5000e-01
7.7059e+01 1.2500e+04 1.3023e-20 1.0000e-01 1.2500e+04 1.6279e-16 2.5000e-01
7.7451e+01 1.2500e+04 0.0000e+00 1.0000e-01 1.2500e+04 0.0000e+00 2.5000e-01
7.7843e+01 1.2500e+04 0.0000e+00 1.0000e-01 1.2500e+04 0.0000e+00 2.5000e-01
7.8235e+01 1.2500e+04 0.0000e+00 1.0000e-01 1.2500e+04 0.0000e+00 2.5000e-01
7.8627e+01 1.2500e+04 0.0000e+00 1.0000e-01 1.2500e+04 0.0000e+00 2.5000e-01
7.9020e+01 1.2500e+04 0.0000e+00 1.0000e-01 1.2500e+04 0.0000e+00 2.5000e-01
7.9412e+01 1.2500e+04 0.0000e+00 1.0000e-01 1.2500e+04 0.0000e+00 2.5000e-01
7.9804e+01 1.2500e+04 0.0000e+00 1.0000e-01 1.2500e+04 0.0000e+00 2.5000e-01
8.0196e+01 1.2500e+04 0.0000e+00 1.0000e-01 1.2500e+04 0.0000e+00 2.5000e-01
8.0588e+01 1.2500e+04 0.0000e+00 1.0000e-01 1.2500e+04 0.0000e+00 2.5000e-01
8.0980e+01 1.2500e+04 0.0000e+00 1.0000e-01 1.2500e+04 0.0000e+00 2.5000e-01
8.1373e+01 1.2500e+04 0.0000e+00 1.0000e-01 1.2500e+04 0.0000e+00 2.5000e-01
8.1765e+01 1.2500e+04 0.0000e+00 1.0000e-01 1.2500e+04 0.0000e+00 2.5000e-01
8.2157e+01 1.2500e+04 0.0000e+00 1.0000e-01 1.2500e+04 0.0000e+00 2.5000e-01
8.2549e+01 1.2500e+04 0.0000e+00 1.0000e-01 1.2500e+04 0.0000e+00 2.5000e-01
8.2941e+01 1.2500e+04 0.0000e+00 1.0000e-01 1.2500e+04 0.0000e+00 2.5000e-01
8.3333e+01 1.2500e+04 0.0000e+00 1.0000e-01 1.2500e+04 0.0000e+00 2.5000e-01
8.3725e+01 1.2500e+04 0.0000e+00 1.0000e-01 1.2500e+04 0.0000e+00 2.5000e-01
8.4118e+01 1.2500e+04 0.0000e+00 1.0000e-01 1.2500e+04 0.0000e+00 2.5000e-01
8.4510e+01 1.2500e+04 0.0000e+00 1.0000e-01 1.2500e+04 0.0000e+00 2.5000e-01
8.4902e+01 1.2500e+04 0.0000e+00 1.0000e-01 1.2500e+04 0.0000e+00 2.5000e-01
8.5294e+01 1.2500e+04 0.0000e+00 1.0000e-01 1.2500e+04 0.0000e+00 2.5000e-01
8.5686e+01 1.2500e+04 0.0000e+00 1.0000e-01 1.2500e+04 0.0000e+00 2.5000e-01
8.6078e+01 1.2500e+04 0.0000e+00 1.0000e-01 1.2500e+04 0.0000e+00 2.5000e-01
8.6471e+01 1.2500e+04 0.0000e+00 1.0000e-01 1.2500e+04 0.0000e+00 2.5000e-01
8.6863e+01 1.2500e+04 0.0000e+00 1.0000e-01 1.2500e+04 0.0000e+00 2.5000e-01
8.7255e+01 1.2500e+04 0.0000e+00 1.0000e-01 1.2500e+04 0.0000e+00 2.5000e-01
8.7647e+01 1.2500e+04 0.0000e+00 1.0000e-01 1.2500e+04 0.0000e+00 2.5000e-01
8.8039e+01 1.2500e+04 0.0000e+00 1.0000e-01 1.2500e+04 0.0000e+00 2.5000e-01
8.8431e+01 1.2500e+04 0.0000e+00 1.0000e-01 1.2500e+04 0.0000e+00 2.5000e-01
8.8824e+01 1.2500e+04 0.0000e+00 1.0000e-01 1.2500e+04 0.0000e+00 2.5000e-01
8.9216e+01 1.2500e+04 0.0000e+00 1.0000e-01 1.2500e+04 0.0000e+00 2.5000e-01
8.9608e+01 1.2500e+04 0.0000e+00 1.0000e-01 1.2500e+04 0.0000e+00 2.5000e-01
9.0000e+01 1.2500e+04 0.0000e+00 1.0000e-01 1.2500e+04 0.0000e+00 2.5000e-01
9.0392e+01 1.2500e+04 0.0000e+00 1.0000e-01 1.2500e+04 0.0000e+00 2.5000e-01
9.0784e+01 1.2500e+04 0.0000e+00 1.0000e-01 1.2500e+04 0.0000e+00 2.5000e-01
9.1176e+01 1.2500e+04 0.0000e+00 1.0000e-01 1.2500e+04 0.0000e+00 2.5000e-01
9.1569e+01 1.2500e+04 0.0000e+00 1.0000e-01 1.2500e+04 0.0000e+00 2.5000e-01
9.1961e+01 1.2500e+04 0.0000e+00 1.0000e-01 1.2500e+04 0.0000e+00 2.5000e-01
9.2353e+01 1.2500e+04 0.0000e+00 1.0000e-01 1.2500e+04 0.0000e+00 2.5000e-01
9.2745e+01 1.2500e+04 0.0000e+00 1.0000e-01 1.2500e+04 0.0000e+00 2.5000e-01
9.3137e+01 1.2500e+04 0.0000e+00 1.0000e-01 1.2500e+04 0.0000e+00 2.5000e-01
9.3529e+01 1.2500e+04 0.0000e+00 1.0000e-01 1.2500e+04 0.0000e+00 2.5000e-01
9.3922e+01 1.2500e+04 0.0000e+00 1.0000e-01 1.2500e+04 0.0000e+00 2.5000e-01
9.4314e+01 1.2500e+04 0.0000e+00 1.0000e-01 1.2500e+04 0.0000e+00 2.5000e-01
9.4706e+01 1.2500e+04 0.0000e+00 1.0000e-01 1.2500e+04 0.0000e+00 2.5000e-01
9.5098e+01 1.2500e+04 0.0000e+00 1.0000e-01 1.2500e+04 0.0000e+00 2.5000e-01
9.5490e+01 1.2500e+04 0.0000e+00 1.0000e-01 1.2500e+04 0.0000e+00 2.5000e-01
9.5882e+01 1.2500e+04 0.0000e+00 1.0000e-01 1.2500e+04 0.0000e+00 2.5000e-01
9.6275e+01 1.2500e+04 0.0000e+00 1.0000e-01 1.2500e+04 0.0000e+00 2.5000e-01
9.6667e+01 1.2500e+04 0.0000e+00 1.0000e-01 1.2500e+04 0.0000e+00 2.5000e-01
9.7059e+01 1.2500e+04 0.0000e+00 1.0000e-01 1.2500e+04 0.0000e+00 2.5000e-01
9.7451e+01 1.2500e+04 0.0000e+00 1.0000e-01 1.2500e+04 0.0000e+00 2.5000e-01
9.7843e+01 1.2500e+04 0.0000e+00 1.0000e-01 1.2500e+04 0.0000e+00 2.5000e-01
9.8235e+01 1.2500e+04 0.0000e+00 1.0000e-01 1.2500e+04 0.0000e+00 2.5000e-01
9.8627e+01 1.2500e+04 0.0000e+00 1.0000e-01 1.2500e+04 0.0000e+00 2.5000e-01
9.9020e+01 1.2500e+04 0.0000e+00 1.0000e-01 1.2500e+04 0.0000e+00 2.5000e-01
9.9412e+01 1.2500e+04 0.0000e+00 1.0000e-01 1.2500e+04 0.0000e+00 2.5000e-01
9.9804e+01 1.2500e+04 0.0000e+00 1.0000e-01 1.2500e+04 0.0000e+00 2.5000e-01
