# # x Density Velocity Pressure q0 q1 q2
1.9608e-01 1.0000e+05 0.0000e+00 1.0000e+00 1.0000e+05 0.0000e+00 2.5000e+00
5.8824e-01 1.0000e+05 0.0000e+00 1.0000e+00 1.0000e+05 0.0000e+00 2.5000e+00
9.8039e-01 1.0000e+05 0.0000e+00 1.0000e+00 1.0000e+05 0.0000e+00 2.5000e+00
1.3725e+00 1.0000e+05 0.0000e+00 1.0000e+00 1.0000e+05 0.0000e+00 2.5000e+00
1.7647e+00 1.0000e+05 0.0000e+00 1.0000e+00 1.0000e+05 0.0000e+00 2.5000e+00
2.1569e+00 1.0000e+05 0.0000e+00 1.0000e+00 1.0000e+05 0.0000e+00 2.5000e+00
2.5490e+00 1.0000e+05 0.0000e+00 1.0000e+00 1.0000e+05 0.0000e+00 2.5000e+00
2.9412e+00 1.0000e+05 0.0000e+00 1.0000e+00 1.0000e+05 0.0000e+00 2.5000e+00
3.3333e+00 1.0000e+05 0.0000e+00 1.0000e+00 1.0000e+05 0.0000e+00 2.5000e+00
3.7255e+00 1.0000e+05 0.0000e+00 1.0000e+00 1.0000e+05 0.0000e+00 2.5000e+00
4.1176e+00 1.0000e+05 0.0000e+00 1.0000e+00 1.0000e+05 0.0000e+00 2.5000e+00
4.5098e+00 1.0000e+05 0.0000e+00 1.0000e+00 1.0000e+05 0.0000e+00 2.5000e+00
4.9020e+00 1.0000e+05 0.0000e+00 1.0000e+00 1.0000e+05 0.0000e+00 2.5000e+00
5.2941e+00 1.0000e+05 0.0000e+00 1.0000e+00 1.0000e+05 0.0000e+00 2.5000e+00
5.6863e+00 1.0000e+05 0.0000e+00 1.0000e+00 1.0000e+05 0.0000e+00 2.5000e+00
6.0784e+00 1.0000e+05 0.0000e+00 1.0000e+00 1.0000e+05 0.0000e+00 2.5000e+00
6.4706e+00 1.0000e+05 0.0000e+00 1.0000e+00 1.0000e+05 0.0000e+00 2.5000e+00
6.8627e+00 1.0000e+05 0.0000e+00 1.0000e+00 1.0000e+05 0.0000e+00 2.5000e+00
7.2549e+00 1.0000e+05 0.0000e+00 1.0000e+00 1.0000e+05 0.0000e+00 2.5000e+00
7.6471e+00 1.0000e+05 0.0000e+00 1.0000e+00 1.0000e+05 0.0000e+00 2.5000e+00
8.0392e+00 1.0000e+05 0.0000e+00 1.0000e+00 1.0000e+05 0.0000e+00 2.5000e+00
8.4314e+00 1.0000e+05 0.0000e+00 1.0000e+00 1.0000e+05 0.0000e+00 2.5000e+00
8.8235e+00 1.0000e+05 0.0000e+00 1.0000e+00 1.0000e+05 0.0000e+00 2.5000e+00
9.2157e+00 1.0000e+05 0.0000e+00 1.0000e+00 1.0000e+05 0.0000e+00 2.5000e+00
9.6078e+00 1.0000e+05 0.0000e+00 1.0000e+00 1.0000e+05 0.0000e+00 2.5000e+00
1.0000e+01 1.0000e+05 0.0000e+00 1.0000e+00 1.0000e+05 0.0000e+00 2.5000e+00
1.0392e+01 1.0000e+05 0.0000e+00 1.0000e+00 1.0000e+05 0.0000e+00 2.5000e+00
1.0784e+01 1.0000e+05 0.0000e+00 1.0000e+00 1.0000e+05 0.0000e+00 2.5000e+00
1.1176e+01 1.0000e+05 0.0000e+00 1.0000e+00 1.0000e+05 0.0000e+00 2.5000e+00
1.1569e+01 1.0000e+05 0.0000e+00 1.0000e+00 1.0000e+05 0.0000e+00 2.5000e+00
1.1961e+01 1.0000e+05 0.0000e+00 1.0000e+00 1.0000e+05 0.0000e+00 2.5000e+00
1.2353e+01 1.0000e+05 0.0000e+00 1.0000e+00 1.0000e+05 0.0000e+00 2.5000e+00
1.2745e+01 1.0000e+05 0.0000e+00 1.0000e+00 1.0000e+05 0.0000e+00 2.5000e+00
1.3137e+01 1.0000e+05 0.0000e+00 1.0000e+00 1.0000e+05 0.0000e+00 2.5000e+00
1.3529e+01 1.0000e+05 0.0000e+00 1.0000e+00 1.0000e+05 0.0000e+00 2.5000e+00
1.3922e+01 1.0000e+05 0.0000e+00 1.0000e+00 1.0000e+05 0.0000e+00 2.5000e+00
1.4314e+01 1.0000e+05 0.0000e+00 1.0000e+00 1.0000e+05 0.0000e+00 2.5000e+00
1.4706e+01 1.0000e+05 0.0000e+00 1.0000e+00 1.0000e+05 0.0000e+00 2.5000e+00
1.5098e+01 1.0000e+05 0.0000e+00 1.0000e+00 1.0000e+05 0.0000e+00 2.5000e+00
1.5490e+01 1.0000e+05 0.0000e+00 1.0000e+00 1.0000e+05 0.0000e+00 2.5000e+00
1.5882e+01 1.0000e+05 0.0000e+00 1.0000e+00 1.0000e+05 0.0000e+00 2.5000e+00
1.6275e+01 1.0000e+05 0.0000e+00 1.0000e+00 1.0000e+05 0.0000e+00 2.5000e+00
1.6667e+01 1.0000e+05 0.0000e+00 1.0000e+00 1.0000e+05 0.0000e+00 2.5000e+00
1.7059e+01 1.0000e+05 0.0000e+00 1.0000e+00 1.0000e+05 0.0000e+00 2.5000e+00
1.7451e+01 1.0000e+05 0.0000e+00 1.0000e+00 1.0000e+05 0.0000e+00 2.5000e+00
1.7843e+01 1.0000e+05 0.0000e+00 1.0000e+00 1.0000e+05 0.0000e+00 2.5000e+00
1.8235e+01 1.0000e+05 0.0000e+00 1.0000e+00 1.0000e+05 0.0000e+00 2.5000e+00
1.8627e+01 1.0000e+05 0.0000e+00 1.0000e+00 1.0000e+05 0.0000e+00 2.5000e+00
1.9020e+01 1.0000e+05 0.0000e+00 1.0000e+00 1.0000e+05 0.0000e+00 2.5000e+00
1.9412e+01 1.0000e+05 0.0000e+00 1.0000e+00 1.0000e+05 0.0000e+00 2.5000e+00
1.9804e+01 1.0000e+05 0.0000e+00 1.0000e+00 1.0000e+05 0.0000e+00 2.5000e+00
2.0196e+01 1.0000e+05 0.0000e+00 1.0000e+00 1.0000e+05 0.0000e+00 2.5000e+00
2.0588e+01 1.0000e+05 0.0000e+00 1.0000e+00 1.0000e+05 0.0000e+00 2.5000e+00
2.0980e+01 1.0000e+05 0.0000e+00 1.0000e+00 1.0000e+05 0.0000e+00 2.5000e+00
2.1373e+01 1.0000e+05 0.0000e+00 1.0000e+00 1.0000e+05 0.0000e+00 2.5000e+00
2.1765e+01 1.0000e+05 0.0000e+00 1.0000e+00 1.0000e+05 0.0000e+00 2.5000e+00
2.2157e+01 1.0000e+05 0.0000e+00 1.0000e+00 1.0000e+05 0.0000e+00 2.5000e+00
2.2549e+01 1.0000e+05 0.0000e+00 1.0000e+00 1.0000e+05 0.0000e+00 2.5000e+00
2.2941e+01 1.0000e+05 0.0000e+00 1.0000e+00 1.0000e+05 0.0000e+00 2.5000e+00
2.3333e+01 1.0000e+05 4.1900e-20 1.0000e+00 1.0000e+05 4.1900e-15 2.5000e+00
2.3725e+01 1.0000e+05 5.2998e-19 1.0000e+00 1.0000e+05 5.2998e-14 2.5000e+00
2.4118e+01 1.0000e+05 2.1029e-18 1.0000e+00 1.0000e+05 2.1029e-13 2.5000e+00
2.4510e+01 1.0000e+05 5.0393e-18 1.0000e+00 1.0000e+05 5.0393e-13 2.5000e+00
2.4902e+01 1.0000e+05 1.0605e-17 1.0000e+00 1.0000e+05 1.0605e-12 2.5000e+00
2.5294e+01 1.0000e+05 2.2771e-17 1.0000e+00 1.0000e+05 2.2771e-12 2.5000e+00
2.5686e+01 1.0000e+05 5.0690e-17 1.0000e+00 1.0000e+05 5.0690e-12 2.5000e+00
2.6078e+01 1.0000e+05 1.1532e-16 1.0000e+00 1.0000e+05 1.1532e-11 2.5000e+00
2.6471e+01 1.0000e+05 2.6378e-16 1.0000e+00 1.0000e+05 2.6378e-11 2.5000e+00
2.6863e+01 1.0000e+05 6.0046e-16 1.0000e+00 1.0000e+05 6.0046e-11 2.5000e+00
2.7255e+01 1.0000e+05 1.3562e-15 1.0000e+00 1.0000e+05 1.3562e-10 2.5000e+00
2.7647e+01 1.0000e+05 3.0345e-15 1.0000e+00 1.0000e+05 3.0345e-10 2.5000e+00
2.8039e+01 1.0000e+05 6.7159e-15 1.0000e+00 1.0000e+05 6.7159e-10 2.5000e+00
2.8431e+01 1.0000e+05 1.4694e-14 1.0000e+00 1.0000e+05 1.4694e-09 2.5000e+00
2.8824e+01 1.0000e+05 3.1779e-14 1.0000e+00 1.0000e+05 3.1779e-09 2.5000e+00
2.9216e+01 1.0000e+05 6.7930e-14 1.0000e+00 1.0000e+05 6.7930e-09 2.5000e+00
2.9608e+01 1.0000e+05 1.4349e-13 1.0000e+00 1.0000e+05 1.4349e-08 2.5000e+00
3.0000e+01 1.0000e+05 2.9952e-13 1.0000e+00 1.0000e+05 2.9952e-08 2.5000e+00
3.0392e+01 1.0000e+05 6.1774e-13 1.0000e+00 1.0000e+05 6.1774e-08 2.5000e+00
3.0784e+01 1.0000e+05 1.2587e-12 1.0000e+00 1.0000e+05 1.2587e-07 2.5000e+00
3.1176e+01 1.0000e+05 2.5339e-12 1.0000e+00 1.0000e+05 2.5339e-07 2.5000e+00
3.1569e+01 1.0000e+05 5.0388e-12 1.0000e+00 1.0000e+05 5.0388e-07 2.5000e+00
3.1961e+01 1.0000e+05 9.8975e-12 1.0000e+00 1.0000e+05 9.8975e-07 2.5000e+00
3.2353e+01 1.0000e+05 1.9202e-11 1.0000e+00 1.0000e+05 1.9202e-06 2.5000e+00
3.2745e+01 1.0000e+05 3.6793e-11 1.0000e+00 1.0000e+05 3.6793e-06 2.5000e+00
3.3137e+01 1.0000e+05 6.9622e-11 1.0000e+00 1.0000e+05 6.9622e-06 2.5000e+00
3.3529e+01 1.0000e+05 1.3010e-10 1.0000e+00 1.0000e+05 1.3010e-05 2.5000e+00
3.3922e+01 1.0000e+05 2.4004e-10 1.0000e+00 1.0000e+05 2.4004e-05 2.5000e+00
3.4314e+01 1.0000e+05 4.3732e-10 1.0000e+00 1.0000e+05 4.3732e-05 2.5000e+00
3.4706e+01 1.0000e+05 7.8659e-10 1.0000e+00 1.0000e+05 7.8659e-05 2.5000e+00
3.5098e+01 1.0000e+05 1.3968e-09 1.0000e+00 1.0000e+05 1.3968e-04 2.5000e+00
3.5490e+01 1.0000e+05 2.4484e-09 9.9999e-01 1.0000e+05 2.4484e-04 2.5000e+00
3.5882e+01 1.0000e+05 4.2367e-09 9.9999e-01 1.0000e+05 4.2367e-04 2.5000e+00
3.6275e+01 1.0000e+05 7.2363e-09 9.9998e-01 1.0000e+05 7.2363e-04 2.4999e+00
3.6667e+01 1.0000e+05 1.2199e-08 9.9996e-01 1.0000e+05 1.2199e-03 2.4999e+00
3.7059e+01 1.0000e+05 2.0297e-08 9.9994e-01 1.0000e+05 2.0297e-03 2.4998e+00
3.7451e+01 1.0000e+05 3.3327e-08 9.9990e-01 1.0000e+05 3.3327e-03 2.4998e+00
3.7843e+01 1.0000e+05 5.4005e-08 9.9984e-01 1.0000e+05 5.4005e-03 2.4996e+00
3.8235e+01 1.0000e+05 8.6358e-08 9.9975e-01 1.0000e+05 8.6358e-03 2.4994e+00
3.8627e+01 9.9999e+04 1.3627e-07 9.9962e-01 9.9999e+04 1.3627e-02 2.4991e+00
3.9020e+01 9.9999e+04 2.1217e-07 9.9943e-01 9.9999e+04 2.1216e-02 2.4986e+00
3.9412e+01 9.9999e+04 3.2595e-07 9.9914e-01 9.9999e+04 3.2594e-02 2.4979e+00
3.9804e+01 9.9998e+04 4.9407e-07 9.9874e-01 9.9998e+04 4.9406e-02 2.4968e+00
4.0196e+01 9.9997e+04 7.3892e-07 9.9817e-01 9.9997e+04 7.3889e-02 2.4954e+00
4.0588e+01 9.9995e+04 1.0903e-06 9.9738e-01 9.9995e+04 1.0903e-01 2.4934e+00
4.0980e+01 9.9993e+04 1.5873e-06 9.9630e-01 9.9993e+04 1.5872e-01 2.4907e+00
4.1373e+01 9.9990e+04 2.2798e-06 9.9485e-01 9.9990e+04 2.2795e-01 2.4871e+00
4.1765e+01 9.9985e+04 3.2305e-06 9.9294e-01 9.9985e+04 3.2300e-01 2.4824e+00
4.2157e+01 9.9979e+04 4.5163e-06 9.9047e-01 9.9979e+04 4.5154e-01 2.4762e+00
4.2549e+01 9.9970e+04 6.2294e-06 9.8731e-01 9.9970e+04 6.2275e-01 2.4683e+00
4.2941e+01 9.9958e+04 8.4774e-06 9.8336e-01 9.9958e+04 8.4739e-01 2.4584e+00
4.3333e+01 9.9942e+04 1.1383e-05 9.7850e-01 9.9942e+04 1.1376e+00 2.4462e+00
4.3725e+01 9.9921e+04 1.5081e-05 9.7262e-01 9.9921e+04 1.5069e+00 2.4316e+00
4.4118e+01 9.9893e+04 1.9717e-05 9.6564e-01 9.9893e+04 1.9696e+00 2.4141e+00
4.4510e+01 9.9858e+04 2.5441e-05 9.5752e-01 9.9858e+04 2.5405e+00 2.3938e+00
4.4902e+01 9.9812e+04 3.2399e-05 9.4823e-01 9.9812e+04 3.2339e+00 2.3706e+00
4.5294e+01 9.9755e+04 4.0733e-05 9.3781e-01 9.9755e+04 4.0633e+00 2.3446e+00
4.5686e+01 9.9685e+04 5.0566e-05 9.2632e-01 9.9685e+04 5.0407e+00 2.3159e+00
4.6078e+01 9.9599e+04 6.2002e-05 9.1387e-01 9.9599e+04 6.1753e+00 2.2849e+00
4.6471e+01 9.9495e+04 7.5115e-05 9.0059e-01 9.9495e+04 7.4736e+00 2.2518e+00
4.6863e+01 9.9372e+04 8.9972e-05 8.8664e-01 9.9372e+04 8.9407e+00 2.2170e+00
4.7255e+01 9.9224e+04 1.0647e-04 8.7210e-01 9.9224e+04 1.0564e+01 2.1808e+00
4.7647e+01 9.9072e+04 1.2543e-04 8.5737e-01 9.9072e+04 1.2427e+01 2.1442e+00
4.8039e+01 9.8785e+04 1.4235e-04 8.4096e-01 9.8785e+04 1.4062e+01 2.1034e+00
4.8431e+01 9.8944e+04 1.7744e-04 8.2986e-01 9.8944e+04 1.7557e+01 2.0762e+00
4.8824e+01 9.7487e+04 1.5906e-04 7.9991e-01 9.7487e+04 1.5506e+01 2.0010e+00
4.9216e+01 9.9410e+04 2.6917e-04 8.1222e-01 9.9410e+04 2.6758e+01 2.0341e+00
4.9608e+01 1.0418e+05 2.0929e-04 7.6700e-01 1.0418e+05 2.1805e+01 1.9198e+00
5.0000e+01 1.4437e+04 2.8004e-04 7.6998e-01 1.4437e+04 4.0429e+00 1.9255e+00
5.0392e+01 1.0760e+04 3.1092e-04 7.5278e-01 1.0760e+04 3.3455e+00 1.8825e+00
5.0784e+01 1.1210e+04 6.2091e-04 7.6642e-01 1.1210e+04 6.9606e+00 1.9182e+00
5.1176e+01 1.2055e+04 9.5167e-04 7.8740e-01 1.2055e+04 1.1472e+01 1.9740e+00
5.1569e+01 1.2503e+04 1.2292e-03 8.0747e-01 1.2503e+04 1.5369e+01 2.0281e+00
5.1961e+01 1.2786e+04 1.2838e-03 8.0428e-01 1.2786e+04 1.6415e+01 2.0212e+00
5.2353e+01 1.2780e+04 1.2990e-03 7.9887e-01 1.2780e+04 1.6600e+01 2.0080e+00
5.2745e+01 1.2828e+04 1.2658e-03 7.8868e-01 1.2828e+04 1.6238e+01 1.9820e+00
5.3137e+01 1.2794e+04 1.2619e-03 7.8121e-01 1.2794e+04 1.6145e+01 1.9632e+00
5.3529e+01 1.2820e+04 1.2330e-03 7.7084e-01 1.2820e+04 1.5807e+01 1.9369e+00
5.3922e+01 1.2799e+04 1.2214e-03 7.6184e-01 1.2799e+04 1.5633e+01 1.9142e+00
5.4314e+01 1.2810e+04 1.1950e-03 7.5111e-01 1.2810e+04 1.5308e+01 1.8869e+00
5.4706e+01 1.2797e+04 1.1780e-03 7.4093e-01 1.2797e+04 1.5075e+01 1.8612e+00
5.5098e+01 1.2800e+04 1.1524e-03 7.2968e-01 1.2800e+04 1.4751e+01 1.8327e+00
5.5490e+01 1.2791e+04 1.1314e-03 7.1848e-01 1.2791e+04 1.4472e+01 1.8044e+00
5.5882e+01 1.2790e+04 1.1053e-03 7.0647e-01 1.2790e+04 1.4137e+01 1.7740e+00
5.6275e+01 1.2782e+04 1.0810e-03 6.9415e-01 1.2782e+04 1.3817e+01 1.7429e+00
5.6667e+01 1.2777e+04 1.0534e-03 6.8108e-01 1.2777e+04 1.3459e+01 1.7098e+00
5.7059e+01 1.2769e+04 1.0258e-03 6.6741e-01 1.2769e+04 1.3099e+01 1.6752e+00
5.7451e+01 1.2763e+04 9.9585e-04 6.5291e-01 1.2763e+04 1.2710e+01 1.6386e+00
5.7843e+01 1.2754e+04 9.6497e-04 6.3760e-01 1.2754e+04 1.2307e+01 1.5999e+00
5.8235e+01 1.2746e+04 9.3200e-04 6.2134e-01 1.2746e+04 1.1879e+01 1.5589e+00
5.8627e+01 1.2737e+04 8.9761e-04 6.0410e-01 1.2737e+04 1.1433e+01 1.5154e+00
5.9020e+01 1.2727e+04 8.6123e-04 5.8579e-01 1.2727e+04 1.0961e+01 1.4692e+00
5.9412e+01 1.2717e+04 8.2313e-04 5.6633e-01 1.2717e+04 1.0468e+01 1.4201e+00
5.9804e+01 1.2706e+04 7.8302e-04 5.4566e-01 1.2706e+04 9.9490e+00 1.3680e+00
6.0196e+01 1.2694e+04 7.4097e-04 5.2370e-01 1.2694e+04 9.4063e+00 1.3127e+00
6.0588e+01 1.2683e+04 6.9684e-04 5.0037e-01 1.2683e+04 8.8376e+00 1.2540e+00
6.0980e+01 1.2670e+04 6.5058e-04 4.7560e-01 1.2670e+04 8.2429e+00 1.1917e+00
6.1373e+01 1.2657e+04 6.0211e-04 4.4930e-01 1.2657e+04 7.6208e+00 1.1255e+00
6.1765e+01 1.2643e+04 5.5135e-04 4.2137e-01 1.2643e+04 6.9708e+00 1.0553e+00
6.2157e+01 1.2629e+04 4.9819e-04 3.9170e-01 1.2629e+04 6.2915e+00 9.8083e-01
6.2549e+01 1.2614e+04 4.4250e-04 3.6018e-01 1.2614e+04 5.5817e+00 9.0168e-01
6.2941e+01 1.2599e+04 3.8416e-04 3.2665e-01 1.2599e+04 4.8399e+00 8.1757e-01
6.3333e+01 1.2582e+04 3.2313e-04 2.9103e-01 1.2582e+04 4.0657e+00 7.2822e-01
6.3725e+01 1.2566e+04 2.5978e-04 2.5344e-01 1.2566e+04 3.2644e+00 6.3403e-01
6.4118e+01 1.2550e+04 1.9573e-04 2.1486e-01 1.2550e+04 2.4563e+00 5.3740e-01
6.4510e+01 1.2534e+04 1.3477e-04 1.7784e-01 1.2534e+04 1.6892e+00 4.4471e-01
6.4902e+01 1.2521e+04 8.2650e-05 1.4641e-01 1.2521e+04 1.0349e+00 3.6607e-01
6.5294e+01 1.2512e+04 4.4392e-05 1.2400e-01 1.2512e+04 5.5542e-01 3.1002e-01
6.5686e+01 1.2506e+04 2.0915e-05 1.1089e-01 1.2506e+04 2.6156e-01 2.7722e-01
6.6078e+01 1.2502e+04 8.8409e-06 1.0447e-01 1.2502e+04 1.1053e-01 2.6118e-01
6.6471e+01 1.2501e+04 3.4700e-06 1.0173e-01 1.2501e+04 4.3378e-02 2.5432e-01
6.6863e+01 1.2500e+04 1.3050e-06 1.0065e-01 1.2500e+04 1.6313e-02 2.5162e-01
6.7255e+01 1.2500e+04 4.7999e-07 1.0024e-01 1.2500e+04 6.0000e-03 2.5059e-01
6.7647e+01 1.2500e+04 1.7442e-07 1.0009e-01 1.2500e+04 2.1803e-03 2.5022e-01
6.8039e+01 1.2500e+04 6.2896e-08 1.0003e-01 1.2500e+04 7.8620e-04 2.5008e-01
6.8431e+01 1.2500e+04 2.2543e-08 1.0001e-01 1.2500e+04 2.8179e-04 2.5003e-01
6.8824e+01 1.2500e+04 8.0361e-09 1.0000e-01 1.2500e+04 1.0045e-04 2.5001e-01
6.9216e+01 1.2500e+04 2.8496e-09 1.0000e-01 1.2500e+04 3.5620e-05 2.5000e-01
6.9608e+01 1.2500e+04 1.0052e-09 1.0000e-01 1.2500e+04 1.2565e-05 2.5000e-01
7.0000e+01 1.2500e+04 3.5273e-10 1.0000e-01 1.2500e+04 4.4091e-06 2.5000e-01
7.0392e+01 1.2500e+04 1.2312e-10 1.0000e-01 1.2500e+04 1.5390e-06 2.5000e-01
7.0784e+01 1.2500e+04 4.2747e-11 1.0000e-01 1.2500e+04 5.3433e-07 2.5000e-01
7.1176e+01 1.2500e+04 1.4762e-11 1.0000e-01 1.2500e+04 1.8452e-07 2.5000e-01
7.1569e+01 1.2500e+04 5.0699e-12 1.0000e-01 1.2500e+04 6.3374e-08 2.5000e-01
7.1961e+01 1.2500e+04 1.7318e-12 1.0000e-01 1.2500e+04 2.1647e-08 2.5000e-01
7.2353e+01 1.2500e+04 5.8826e-13 1.0000e-01 1.2500e+04 7.3533e-09 2.5000e-01
7.2745e+01 1.2500e+04 1.9871e-13 1.0000e-01 1.2500e+04 2.4839e-09 2.5000e-01
7.3137e+01 1.2500e+04 6.6745e-14 1.0000e-01 1.2500e+04 8.3431e-10 2.5000e-01
7.3529e+01 1.2500e+04 2.2291e-14 1.0000e-01 1.2500e+04 2.7864e-10 2.5000e-01
7.3922e+01 1.2500e+04 7.4009e-15 1.0000e-01 1.2500e+04 9.2512e-11 2.5000e-01
7.4314e+01 1.2500e+04 2.4422e-15 1.0000e-01 1.2500e+04 3.0527e-11 2.5000e-01
7.4706e+01 1.2500e+04 8.0023e-16 1.0000e-01 1.2500e+04 1.0003e-11 2.5000e-01
7.5098e+01 1.2500e+04 2.5975e-16 1.0000e-01 1.2500e+04 3.2469e-12 2.5000e-01
7.5490e+01 1.2500e+04 8.3005e-17 1.0000e-01 1.2500e+04 1.0376e-12 2.5000e-01
7.5882e+01 1.2500e+04 2.5685e-17 1.0000e-01 1.2500e+04 3.2106e-13 2.5000e-01
7.6275e+01 1.2500e+04 7.3404e-18 1.0000e-01 1.2500e+04 9.1755e-14 2.5000e-01
7.6667e+01 1.2500e+04 1.5664e-18 1.0000e-01 1.2500e+04 1.9580e-14 2.5000e-01
7.7059e+01 1.2500e+04 5.7471e-20 1.0000e-01 1.2500e+04 7.1838e-16 2.5000e-01
7.7451e+01 1.2500e+04 0.0000e+00 1.0000e-01 1.2500e+04 0.0000e+00 2.5000e-01
7.7843e+01 1.2500e+04 0.0000e+00 1.0000e-01 1.2500e+04 0.0000e+00 2.5000e-01
7.8235e+01 1.2500e+04 0.0000e+00 1.0000e-01 1.2500e+04 0.0000e+00 2.5000e-01
7.8627e+01 1.2500e+04 0.0000e+00 1.0000e-01 1.2500e+04 0.0000e+00 2.5000e-01
7.9020e+01 1.2500e+04 0.0000e+00 1.0000e-01 1.2500e+04 0.0000e+00 2.5000e-01
7.9412e+01 1.2500e+04 0.0000e+00 1.0000e-01 1.2500e+04 0.0000e+00 2.5000e-01
7.9804e+01 1.2500e+04 0.0000e+00 1.0000e-01 1.2500e+04 0.0000e+00 2.5000e-01
8.0196e+01 1.2500e+04 0.0000e+00 1.0000e-01 1.2500e+04 0.0000e+00 2.5000e-01
8.0588e+01 1.2500e+04 0.0000e+00 1.0000e-01 1.2500e+04 0.0000e+00 2.5000e-01
8.0980e+01 1.2500e+04 0.0000e+00 1.0000e-01 1.2500e+04 0.0000e+00 2.5000e-01
8.1373e+01 1.2500e+04 0.0000e+00 1.0000e-01 1.2500e+04 0.0000e+00 2.5000e-01
8.1765e+01 1.2500e+04 0.0000e+00 1.0000e-01 1.2500e+04 0.0000e+00 2.5000e-01
8.2157e+01 1.2500e+04 0.0000e+00 1.0000e-01 1.2500e+04 0.0000e+00 2.5000e-01
8.2549e+01 1.2500e+04 0.0000e+00 1.0000e-01 1.2500e+04 0.0000e+00 2.5000e-01
8.2941e+01 1.2500e+04 0.0000e+00 1.0000e-01 1.2500e+04 0.0000e+00 2.5000e-01
8.3333e+01 1.2500e+04 0.0000e+00 1.0000e-01 1.2500e+04 0.0000e+00 2.5000e-01
8.3725e+01 1.2500e+04 0.0000e+00 1.0000e-01 1.2500e+04 0.0000e+00 2.5000e-01
8.4118e+01 1.2500e+04 0.0000e+00 1.0000e-01 1.2500e+04 0.0000e+00 2.5000e-01
8.4510e+01 1.2500e+04 0.0000e+00 1.0000e-01 1.2500e+04 0.0000e+00 2.5000e-01
8.4902e+01 1.2500e+04 0.0000e+00 1.0000e-01 1.2500e+04 0.0000e+00 2.5000e-01
8.5294e+01 1.2500e+04 0.0000e+00 1.0000e-01 1.2500e+04 0.0000e+00 2.5000e-01
8.5686e+01 1.2500e+04 0.0000e+00 1.0000e-01 1.2500e+04 0.0000e+00 2.5000e-01
8.6078e+01 1.2500e+04 0.0000e+00 1.0000e-01 1.2500e+04 0.0000e+00 2.5000e-01
8.6471e+01 1.2500e+04 0.0000e+00 1.0000e-01 1.2500e+04 0.0000e+00 2.5000e-01
8.6863e+01 1.2500e+04 0.0000e+00 1.0000e-01 1.2500e+04 0.0000e+00 2.5000e-01
8.7255e+01 1.2500e+04 0.0000e+00 1.0000e-01 1.2500e+04 0.0000e+00 2.5000e-01
8.7647e+01 1.2500e+04 0.0000e+00 1.0000e-01 1.2500e+04 0.0000e+00 2.5000e-01
8.8039e+01 1.2500e+04 0.0000e+00 1.0000e-01 1.2500e+04 0.0000e+00 2.5000e-01
8.8431e+01 1.2500e+04 0.0000e+00 1.0000e-01 1.2500e+04 0.0000e+00 2.5000e-01
8.8824e+01 1.2500e+04 0.0000e+00 1.0000e-01 1.2500e+04 0.0000e+00 2.5000e-01
8.9216e+01 1.2500e+04 0.0000e+00 1.0000e-01 1.2500e+04 0.0000e+00 2.5000e-01
8.9608e+01 1.2500e+04 0.0000e+00 1.0000e-01 1.2500e+04 0.0000e+00 2.5000e-01
9.0000e+01 1.2500e+04 0.0000e+00 1.0000e-01 1.2500e+04 0.0000e+00 2.5000e-01
9.0392e+01 1.2500e+04 0.0000e+00 1.0000e-01 1.2500e+04 0.0000e+00 2.5000e-01
9.0784e+01 1.2500e+04 0.0000e+00 1.0000e-01 1.2500e+04 0.0000e+00 2.5000e-01
9.1176e+01 1.2500e+04 0.0000e+00 1.0000e-01 1.2500e+04 0.0000e+00 2.5000e-01
9.1569e+01 1.2500e+04 0.0000e+00 1.0000e-01 1.2500e+04 0.0000e+00 2.5000e-01
9.1961e+01 1.2500e+04 0.0000e+00 1.0000e-01 1.2500e+04 0.0000e+00 2.5000e-01
9.2353e+01 1.2500e+04 0.0000e+00 1.0000e-01 1.2500e+04 0.0000e+00 2.5000e-01
9.2745e+01 1.2500e+04 0.0000e+00 1.0000e-01 1.2500e+04 0.0000e+00 2.5000e-01
9.3137e+01 1.2500e+04 0.0000e+00 1.0000e-01 1.2500e+04 0.0000e+00 2.5000e-01
9.3529e+01 1.2500e+04 0.0000e+00 1.0000e-01 1.2500e+04 0.0000e+00 2.5000e-01
9.3922e+01 1.2500e+04 0.0000e+00 1.0000e-01 1.2500e+04 0.0000e+00 2.5000e-01
9.4314e+01 1.2500e+04 0.0000e+00 1.0000e-01 1.2500e+04 0.0000e+00 2.5000e-01
9.4706e+01 1.2500e+04 0.0000e+00 1.0000e-01 1.2500e+04 0.0000e+00 2.5000e-01
9.5098e+01 1.2500e+04 0.0000e+00 1.0000e-01 1.2500e+04 0.0000e+00 2.5000e-01
9.5490e+01 1.2500e+04 0.0000e+00 1.0000e-01 1.2500e+04 0.0000e+00 2.5000e-01
9.5882e+01 1.2500e+04 0.0000e+00 1.0000e-01 1.2500e+04 0.0000e+00 2.5000e-01
9.6275e+01 1.2500e+04 0.0000e+00 1.0000e-01 1.2500e+04 0.0000e+00 2.5000e-01
9.6667e+01 1.2500e+04 0.0000e+00 1.0000e-01 1.2500e+04 0.0000e+00 2.5000e-01
9.7059e+01 1.2500e+04 0.0000e+00 1.0000e-01 1.2500e+04 0.0000e+00 2.5000e-01
9.7451e+01 1.2500e+04 0.0000e+00 1.0000e-01 1.2500e+04 0.0000e+00 2.5000e-01
9.7843e+01 1.2500e+04 0.0000e+00 1.0000e-01 1.2500e+04 0.0000e+00 2.5000e-01
9.8235e+01 1.2500e+04 0.0000e+00 1.0000e-01 1.2500e+04 0.0000e+00 2.5000e-01
9.8627e+01 1.2500e+04 0.0000e+00 1.0000e-01 1.2500e+04 0.0000e+00 2.5000e-01
9.9020e+01 1.2500e+04 0.0000e+00 1.0000e-01 1.2500e+04 0.0000e+00 2.5000e-01
9.9412e+01 1.2500e+04 0.0000e+00 1.0000e-01 1.2500e+04 0.0000e+00 2.5000e-01
9.9804e+01 1.2500e+04 0.0000e+00 1.0000e-01 1.2500e+04 0.0000e+00 2.5000e-01
