# # x Density Velocity Pressure q0 q1 q2
1.9608e-01 1.0000e+05 0.0000e+00 1.0000e+00 1.0000e+05 0.0000e+00 2.5000e+00
5.8824e-01 1.0000e+05 0.0000e+00 1.0000e+00 1.0000e+05 0.0000e+00 2.5000e+00
9.8039e-01 1.0000e+05 0.0000e+00 1.0000e+00 1.0000e+05 0.0000e+00 2.5000e+00
1.3725e+00 1.0000e+05 0.0000e+00 1.0000e+00 1.0000e+05 0.0000e+00 2.5000e+00
1.7647e+00 1.0000e+05 0.0000e+00 1.0000e+00 1.0000e+05 0.0000e+00 2.5000e+00
2.1569e+00 1.0000e+05 0.0000e+00 1.0000e+00 1.0000e+05 0.0000e+00 2.5000e+00
2.5490e+00 1.0000e+05 0.0000e+00 1.0000e+00 1.0000e+05 0.0000e+00 2.5000e+00
2.9412e+00 1.0000e+05 0.0000e+00 1.0000e+00 1.0000e+05 0.0000e+00 2.5000e+00
3.3333e+00 1.0000e+05 0.0000e+00 1.0000e+00 1.0000e+05 0.0000e+00 2.5000e+00
3.7255e+00 1.0000e+05 0.0000e+00 1.0000e+00 1.0000e+05 0.0000e+00 2.5000e+00
4.1176e+00 1.0000e+05 0.0000e+00 1.0000e+00 1.0000e+05 0.0000e+00 2.5000e+00
4.5098e+00 1.0000e+05 0.0000e+00 1.0000e+00 1.0000e+05 0.0000e+00 2.5000e+00
4.9020e+00 1.0000e+05 0.0000e+00 1.0000e+00 1.0000e+05 0.0000e+00 2.5000e+00
5.2941e+00 1.0000e+05 0.0000e+00 1.0000e+00 1.0000e+05 0.0000e+00 2.5000e+00
5.6863e+00 1.0000e+05 0.0000e+00 1.0000e+00 1.0000e+05 0.0000e+00 2.5000e+00
6.0784e+00 1.0000e+05 0.0000e+00 1.0000e+00 1.0000e+05 0.0000e+00 2.5000e+00
6.4706e+00 1.0000e+05 0.0000e+00 1.0000e+00 1.0000e+05 0.0000e+00 2.5000e+00
6.8627e+00 1.0000e+05 0.0000e+00 1.0000e+00 1.0000e+05 0.0000e+00 2.5000e+00
7.2549e+00 1.0000e+05 0.0000e+00 1.0000e+00 1.0000e+05 0.0000e+00 2.5000e+00
7.6471e+00 1.0000e+05 0.0000e+00 1.0000e+00 1.0000e+05 0.0000e+00 2.5000e+00
8.0392e+00 1.0000e+05 0.0000e+00 1.0000e+00 1.0000e+05 0.0000e+00 2.5000e+00
8.4314e+00 1.0000e+05 0.0000e+00 1.0000e+00 1.0000e+05 0.0000e+00 2.5000e+00
8.8235e+00 1.0000e+05 0.0000e+00 1.0000e+00 1.0000e+05 0.0000e+00 2.5000e+00
9.2157e+00 1.0000e+05 0.0000e+00 1.0000e+00 1.0000e+05 0.0000e+00 2.5000e+00
9.6078e+00 1.0000e+05 0.0000e+00 1.0000e+00 1.0000e+05 0.0000e+00 2.5000e+00
1.0000e+01 1.0000e+05 0.0000e+00 1.0000e+00 1.0000e+05 0.0000e+00 2.5000e+00
1.0392e+01 1.0000e+05 0.0000e+00 1.0000e+00 1.0000e+05 0.0000e+00 2.5000e+00
1.0784e+01 1.0000e+05 0.0000e+00 1.0000e+00 1.0000e+05 0.0000e+00 2.5000e+00
1.1176e+01 1.0000e+05 0.0000e+00 1.0000e+00 1.0000e+05 0.0000e+00 2.5000e+00
1.1569e+01 1.0000e+05 0.0000e+00 1.0000e+00 1.0000e+05 0.0000e+00 2.5000e+00
1.1961e+01 1.0000e+05 0.0000e+00 1.0000e+00 1.0000e+05 0.0000e+00 2.5000e+00
1.2353e+01 1.0000e+05 0.0000e+00 1.0000e+00 1.0000e+05 0.0000e+00 2.5000e+00
1.2745e+01 1.0000e+05 0.0000e+00 1.0000e+00 1.0000e+05 0.0000e+00 2.5000e+00
1.3137e+01 1.0000e+05 0.0000e+00 1.0000e+00 1.0000e+05 0.0000e+00 2.5000e+00
1.3529e+01 1.0000e+05 0.0000e+00 1.0000e+00 1.0000e+05 0.0000e+00 2.5000e+00
1.3922e+01 1.0000e+05 0.0000e+00 1.0000e+00 1.0000e+05 0.0000e+00 2.5000e+00
1.4314e+01 1.0000e+05 0.0000e+00 1.0000e+00 1.0000e+05 0.0000e+00 2.5000e+00
1.4706e+01 1.0000e+05 0.0000e+00 1.0000e+00 1.0000e+05 0.0000e+00 2.5000e+00
1.5098e+01 1.0000e+05 0.0000e+00 1.0000e+00 1.0000e+05 0.0000e+00 2.5000e+00
1.5490e+01 1.0000e+05 0.0000e+00 1.0000e+00 1.0000e+05 0.0000e+00 2.5000e+00
1.5882e+01 1.0000e+05 0.0000e+00 1.0000e+00 1.0000e+05 0.0000e+00 2.5000e+00
1.6275e+01 1.0000e+05 0.0000e+00 1.0000e+00 1.0000e+05 0.0000e+00 2.5000e+00
1.6667e+01 1.0000e+05 0.0000e+00 1.0000e+00 1.0000e+05 0.0000e+00 2.5000e+00
1.7059e+01 1.0000e+05 0.0000e+00 1.0000e+00 1.0000e+05 0.0000e+00 2.5000e+00
1.7451e+01 1.0000e+05 0.0000e+00 1.0000e+00 1.0000e+05 0.0000e+00 2.5000e+00
1.7843e+01 1.0000e+05 0.0000e+00 1.0000e+00 1.0000e+05 0.0000e+00 2.5000e+00
1.8235e+01 1.0000e+05 0.0000e+00 1.0000e+00 1.0000e+05 0.0000e+00 2.5000e+00
1.8627e+01 1.0000e+05 0.0000e+00 1.0000e+00 1.0000e+05 0.0000e+00 2.5000e+00
1.9020e+01 1.0000e+05 0.0000e+00 1.0000e+00 1.0000e+05 0.0000e+00 2.5000e+00
1.9412e+01 1.0000e+05 0.0000e+00 1.0000e+00 1.0000e+05 0.0000e+00 2.5000e+00
1.9804e+01 1.0000e+05 0.0000e+00 1.0000e+00 1.0000e+05 0.0000e+00 2.5000e+00
2.0196e+01 1.0000e+05 0.0000e+00 1.0000e+00 1.0000e+05 0.0000e+00 2.5000e+00
2.0588e+01 1.0000e+05 0.0000e+00 1.0000e+00 1.0000e+05 0.0000e+00 2.5000e+00
2.0980e+01 1.0000e+05 0.0000e+00 1.0000e+00 1.0000e+05 0.0000e+00 2.5000e+00
2.1373e+01 1.0000e+05 0.0000e+00 1.0000e+00 1.0000e+05 0.0000e+00 2.5000e+00
2.1765e+01 1.0000e+05 0.0000e+00 1.0000e+00 1.0000e+05 0.0000e+00 2.5000e+00
2.2157e+01 1.0000e+05 0.0000e+00 1.0000e+00 1.0000e+05 0.0000e+00 2.5000e+00
2.2549e+01 1.0000e+05 0.0000e+00 1.0000e+00 1.0000e+05 0.0000e+00 2.5000e+00
2.2941e+01 1.0000e+05 0.0000e+00 1.0000e+00 1.0000e+05 0.0000e+00 2.5000e+00
2.3333e+01 1.0000e+05 1.0333e-19 1.0000e+00 1.0000e+05 1.0333e-14 2.5000e+00
2.3725e+01 1.0000e+05 8.1422e-19 1.0000e+00 1.0000e+05 8.1422e-14 2.5000e+00
2.4118e+01 1.0000e+05 2.7076e-18 1.0000e+00 1.0000e+05 2.7076e-13 2.5000e+00
2.4510e+01 1.0000e+05 6.1573e-18 1.0000e+00 1.0000e+05 6.1573e-13 2.5000e+00
2.4902e+01 1.0000e+05 1.2909e-17 1.0000e+00 1.0000e+05 1.2909e-12 2.5000e+00
2.5294e+01 1.0000e+05 2.7798e-17 1.0000e+00 1.0000e+05 2.7798e-12 2.5000e+00
2.5686e+01 1.0000e+05 6.2114e-17 1.0000e+00 1.0000e+05 6.2114e-12 2.5000e+00
2.6078e+01 1.0000e+05 1.4120e-16 1.0000e+00 1.0000e+05 1.4120e-11 2.5000e+00
2.6471e+01 1.0000e+05 3.2186e-16 1.0000e+00 1.0000e+05 3.2186e-11 2.5000e+00
2.6863e+01 1.0000e+05 7.2943e-16 1.0000e+00 1.0000e+05 7.2943e-11 2.5000e+00
2.7255e+01 1.0000e+05 1.6393e-15 1.0000e+00 1.0000e+05 1.6393e-10 2.5000e+00
2.7647e+01 1.0000e+05 3.6484e-15 1.0000e+00 1.0000e+05 3.6484e-10 2.5000e+00
2.8039e+01 1.0000e+05 8.0313e-15 1.0000e+00 1.0000e+05 8.0313e-10 2.5000e+00
2.8431e+01 1.0000e+05 1.7478e-14 1.0000e+00 1.0000e+05 1.7478e-09 2.5000e+00
2.8824e+01 1.0000e+05 3.7600e-14 1.0000e+00 1.0000e+05 3.7600e-09 2.5000e+00
2.9216e+01 1.0000e+05 7.9949e-14 1.0000e+00 1.0000e+05 7.9949e-09 2.5000e+00
2.9608e+01 1.0000e+05 1.6800e-13 1.0000e+00 1.0000e+05 1.6800e-08 2.5000e+00
3.0000e+01 1.0000e+05 3.4888e-13 1.0000e+00 1.0000e+05 3.4888e-08 2.5000e+00
3.0392e+01 1.0000e+05 7.1588e-13 1.0000e+00 1.0000e+05 7.1588e-08 2.5000e+00
3.0784e+01 1.0000e+05 1.4514e-12 1.0000e+00 1.0000e+05 1.4514e-07 2.5000e+00
3.1176e+01 1.0000e+05 2.9072e-12 1.0000e+00 1.0000e+05 2.9072e-07 2.5000e+00
3.1569e+01 1.0000e+05 5.7530e-12 1.0000e+00 1.0000e+05 5.7530e-07 2.5000e+00
3.1961e+01 1.0000e+05 1.1246e-11 1.0000e+00 1.0000e+05 1.1246e-06 2.5000e+00
3.2353e+01 1.0000e+05 2.1714e-11 1.0000e+00 1.0000e+05 2.1714e-06 2.5000e+00
3.2745e+01 1.0000e+05 4.1412e-11 1.0000e+00 1.0000e+05 4.1412e-06 2.5000e+00
3.3137e+01 1.0000e+05 7.8002e-11 1.0000e+00 1.0000e+05 7.8002e-06 2.5000e+00
3.3529e+01 1.0000e+05 1.4509e-10 1.0000e+00 1.0000e+05 1.4509e-05 2.5000e+00
3.3922e+01 1.0000e+05 2.6652e-10 1.0000e+00 1.0000e+05 2.6652e-05 2.5000e+00
3.4314e+01 1.0000e+05 4.8342e-10 1.0000e+00 1.0000e+05 4.8342e-05 2.5000e+00
3.4706e+01 1.0000e+05 8.6577e-10 1.0000e+00 1.0000e+05 8.6577e-05 2.5000e+00
3.5098e+01 1.0000e+05 1.5309e-09 9.9999e-01 1.0000e+05 1.5309e-04 2.5000e+00
3.5490e+01 1.0000e+05 2.6724e-09 9.9999e-01 1.0000e+05 2.6724e-04 2.5000e+00
3.5882e+01 1.0000e+05 4.6054e-09 9.9998e-01 1.0000e+05 4.6054e-04 2.5000e+00
3.6275e+01 1.0000e+05 7.8347e-09 9.9997e-01 1.0000e+05 7.8347e-04 2.4999e+00
3.6667e+01 1.0000e+05 1.3156e-08 9.9996e-01 1.0000e+05 1.3156e-03 2.4999e+00
3.7059e+01 1.0000e+05 2.1806e-08 9.9993e-01 1.0000e+05 2.1806e-03 2.4998e+00
3.7451e+01 1.0000e+05 3.5672e-08 9.9989e-01 1.0000e+05 3.5672e-03 2.4997e+00
3.7843e+01 1.0000e+05 5.7594e-08 9.9983e-01 1.0000e+05 5.7594e-03 2.4996e+00
3.8235e+01 1.0000e+05 9.1770e-08 9.9974e-01 1.0000e+05 9.1769e-03 2.4994e+00
3.8627e+01 9.9999e+04 1.4430e-07 9.9960e-01 9.9999e+04 1.4430e-02 2.4990e+00
3.9020e+01 9.9999e+04 2.2392e-07 9.9940e-01 9.9999e+04 2.2392e-02 2.4985e+00
3.9412e+01 9.9999e+04 3.4288e-07 9.9910e-01 9.9999e+04 3.4288e-02 2.4978e+00
3.9804e+01 9.9998e+04 5.1808e-07 9.9869e-01 9.9998e+04 5.1807e-02 2.4967e+00
4.0196e+01 9.9997e+04 7.7243e-07 9.9810e-01 9.9997e+04 7.7241e-02 2.4952e+00
4.0588e+01 9.9995e+04 1.1363e-06 9.9728e-01 9.9995e+04 1.1363e-01 2.4932e+00
4.0980e+01 9.9993e+04 1.6495e-06 9.9618e-01 9.9993e+04 1.6494e-01 2.4904e+00
4.1373e+01 9.9990e+04 2.3625e-06 9.9470e-01 9.9990e+04 2.3622e-01 2.4867e+00
4.1765e+01 9.9985e+04 3.3387e-06 9.9275e-01 9.9985e+04 3.3382e-01 2.4819e+00
4.2157e+01 9.9978e+04 4.6554e-06 9.9024e-01 9.9978e+04 4.6544e-01 2.4756e+00
4.2549e+01 9.9969e+04 6.4052e-06 9.8704e-01 9.9969e+04 6.4032e-01 2.4676e+00
4.2941e+01 9.9957e+04 8.6958e-06 9.8304e-01 9.9957e+04 8.6920e-01 2.4576e+00
4.3333e+01 9.9941e+04 1.1649e-05 9.7813e-01 9.9941e+04 1.1642e+00 2.4453e+00
4.3725e+01 9.9919e+04 1.5401e-05 9.7222e-01 9.9919e+04 1.5388e+00 2.4306e+00
4.4118e+01 9.9891e+04 2.0093e-05 9.6521e-01 9.9891e+04 2.0071e+00 2.4130e+00
4.4510e+01 9.9854e+04 2.5875e-05 9.5706e-01 9.9854e+04 2.5837e+00 2.3927e+00
4.4902e+01 9.9808e+04 3.2891e-05 9.4776e-01 9.9808e+04 3.2828e+00 2.3695e+00
4.5294e+01 9.9751e+04 4.1281e-05 9.3734e-01 9.9751e+04 4.1178e+00 2.3434e+00
4.5686e+01 9.9679e+04 5.1166e-05 9.2586e-01 9.9679e+04 5.1002e+00 2.3148e+00
4.6078e+01 9.9593e+04 6.2647e-05 9.1343e-01 9.9593e+04 6.2392e+00 2.2838e+00
4.6471e+01 9.9488e+04 7.5798e-05 9.0018e-01 9.9488e+04 7.5410e+00 2.2507e+00
4.6863e+01 9.9364e+04 9.0688e-05 8.8626e-01 9.9364e+04 9.0111e+00 2.2161e+00
4.7255e+01 9.9215e+04 1.0721e-04 8.7174e-01 9.9215e+04 1.0636e+01 2.1799e+00
4.7647e+01 9.9063e+04 1.2622e-04 8.5703e-01 9.9063e+04 1.2504e+01 2.1434e+00
4.8039e+01 9.8772e+04 1.4304e-04 8.4060e-01 9.8772e+04 1.4128e+01 2.1025e+00
4.8431e+01 9.8940e+04 1.7849e-04 8.2963e-01 9.8940e+04 1.7660e+01 2.0756e+00
4.8824e+01 9.7463e+04 1.5945e-04 7.9948e-01 9.7463e+04 1.5540e+01 1.9999e+00
4.9216e+01 9.9394e+04 2.7000e-04 8.1197e-01 9.9394e+04 2.6836e+01 2.0335e+00
4.9608e+01 1.0424e+05 2.1044e-04 7.6693e-01 1.0424e+05 2.1936e+01 1.9196e+00
5.0000e+01 1.4484e+04 2.8185e-04 7.7014e-01 1.4484e+04 4.0823e+00 1.9259e+00
5.0392e+01 1.0753e+04 3.1140e-04 7.5291e-01 1.0753e+04 3.3484e+00 1.8828e+00
5.0784e+01 1.1190e+04 6.1226e-04 7.6562e-01 1.1190e+04 6.8510e+00 1.9161e+00
5.1176e+01 1.2033e+04 9.4173e-04 7.8645e-01 1.2033e+04 1.1332e+01 1.9715e+00
5.1569e+01 1.2490e+04 1.2249e-03 8.0718e-01 1.2490e+04 1.5300e+01 2.0273e+00
5.1961e+01 1.2783e+04 1.2853e-03 8.0468e-01 1.2783e+04 1.6430e+01 2.0223e+00
5.2353e+01 1.2780e+04 1.3022e-03 7.9945e-01 1.2780e+04 1.6642e+01 2.0095e+00
5.2745e+01 1.2829e+04 1.2693e-03 7.8938e-01 1.2829e+04 1.6285e+01 1.9838e+00
5.3137e+01 1.2795e+04 1.2656e-03 7.8201e-01 1.2795e+04 1.6193e+01 1.9653e+00
5.3529e+01 1.2821e+04 1.2370e-03 7.7175e-01 1.2821e+04 1.5859e+01 1.9392e+00
5.3922e+01 1.2800e+04 1.2255e-03 7.6285e-01 1.2800e+04 1.5686e+01 1.9167e+00
5.4314e+01 1.2812e+04 1.1992e-03 7.5221e-01 1.2812e+04 1.5364e+01 1.8897e+00
5.4706e+01 1.2799e+04 1.1823e-03 7.4213e-01 1.2799e+04 1.5132e+01 1.8643e+00
5.5098e+01 1.2802e+04 1.1569e-03 7.3097e-01 1.2802e+04 1.4811e+01 1.8360e+00
5.5490e+01 1.2793e+04 1.1361e-03 7.1987e-01 1.2793e+04 1.4534e+01 1.8079e+00
5.5882e+01 1.2791e+04 1.1103e-03 7.0797e-01 1.2791e+04 1.4202e+01 1.7778e+00
5.6275e+01 1.2783e+04 1.0862e-03 6.9579e-01 1.2783e+04 1.3885e+01 1.7470e+00
5.6667e+01 1.2779e+04 1.0588e-03 6.8285e-01 1.2779e+04 1.3530e+01 1.7143e+00
5.7059e+01 1.2771e+04 1.0316e-03 6.6935e-01 1.2771e+04 1.3174e+01 1.6802e+00
5.7451e+01 1.2765e+04 1.0019e-03 6.5504e-01 1.2765e+04 1.2789e+01 1.6440e+00
5.7843e+01 1.2756e+04 9.7135e-04 6.3994e-01 1.2756e+04 1.2391e+01 1.6059e+00
5.8235e+01 1.2748e+04 9.3876e-04 6.2392e-01 1.2748e+04 1.1967e+01 1.5654e+00
5.8627e+01 1.2739e+04 9.0478e-04 6.0694e-01 1.2739e+04 1.1526e+01 1.5226e+00
5.9020e+01 1.2730e+04 8.6885e-04 5.8890e-01 1.2730e+04 1.1060e+01 1.4771e+00
5.9412e+01 1.2719e+04 8.3122e-04 5.6975e-01 1.2719e+04 1.0573e+01 1.4288e+00
5.9804e+01 1.2709e+04 7.9161e-04 5.4942e-01 1.2709e+04 1.0060e+01 1.3775e+00
6.0196e+01 1.2697e+04 7.5009e-04 5.2782e-01 1.2697e+04 9.5241e+00 1.3231e+00
6.0588e+01 1.2685e+04 7.0651e-04 5.0488e-01 1.2685e+04 8.9624e+00 1.2654e+00
6.0980e+01 1.2673e+04 6.6085e-04 4.8053e-01 1.2673e+04 8.3750e+00 1.2041e+00
6.1373e+01 1.2660e+04 6.1301e-04 4.5469e-01 1.2660e+04 7.7607e+00 1.1391e+00
6.1765e+01 1.2646e+04 5.6292e-04 4.2725e-01 1.2646e+04 7.1189e+00 1.0701e+00
6.2157e+01 1.2632e+04 5.1046e-04 3.9812e-01 1.2632e+04 6.4484e+00 9.9694e-01
6.2549e+01 1.2618e+04 4.5555e-04 3.6718e-01 1.2618e+04 5.7479e+00 9.1925e-01
6.2941e+01 1.2602e+04 3.9803e-04 3.3429e-01 1.2602e+04 5.0161e+00 8.3673e-01
6.3333e+01 1.2586e+04 3.3782e-04 2.9934e-01 1.2586e+04 4.2520e+00 7.4906e-01
6.3725e+01 1.2570e+04 2.7516e-04 2.6237e-01 1.2570e+04 3.4588e+00 6.5639e-01
6.4118e+01 1.2554e+04 2.1124e-04 2.2406e-01 1.2554e+04 2.6518e+00 5.6043e-01
6.4510e+01 1.2538e+04 1.4922e-04 1.8649e-01 1.2538e+04 1.8709e+00 4.6636e-01
6.4902e+01 1.2524e+04 9.4485e-05 1.5341e-01 1.2524e+04 1.1834e+00 3.8359e-01
6.5294e+01 1.2514e+04 5.2564e-05 1.2867e-01 1.2514e+04 6.5777e-01 3.2169e-01
6.5686e+01 1.2507e+04 2.5596e-05 1.1343e-01 1.2507e+04 3.2013e-01 2.8357e-01
6.6078e+01 1.2503e+04 1.1103e-05 1.0564e-01 1.2503e+04 1.3882e-01 2.6411e-01
6.6471e+01 1.2501e+04 4.4328e-06 1.0221e-01 1.2501e+04 5.5416e-02 2.5553e-01
6.6863e+01 1.2500e+04 1.6839e-06 1.0083e-01 1.2500e+04 2.1050e-02 2.5208e-01
6.7255e+01 1.2500e+04 6.2306e-07 1.0031e-01 1.2500e+04 7.7883e-03 2.5077e-01
6.7647e+01 1.2500e+04 2.2734e-07 1.0011e-01 1.2500e+04 2.8418e-03 2.5028e-01
6.8039e+01 1.2500e+04 8.2255e-08 1.0004e-01 1.2500e+04 1.0282e-03 2.5010e-01
6.8431e+01 1.2500e+04 2.9574e-08 1.0001e-01 1.2500e+04 3.6968e-04 2.5004e-01
6.8824e+01 1.2500e+04 1.0575e-08 1.0001e-01 1.2500e+04 1.3218e-04 2.5001e-01
6.9216e+01 1.2500e+04 3.7613e-09 1.0000e-01 1.2500e+04 4.7016e-05 2.5000e-01
6.9608e+01 1.2500e+04 1.3309e-09 1.0000e-01 1.2500e+04 1.6636e-05 2.5000e-01
7.0000e+01 1.2500e+04 4.6849e-10 1.0000e-01 1.2500e+04 5.8561e-06 2.5000e-01
7.0392e+01 1.2500e+04 1.6405e-10 1.0000e-01 1.2500e+04 2.0506e-06 2.5000e-01
7.0784e+01 1.2500e+04 5.7142e-11 1.0000e-01 1.2500e+04 7.1427e-07 2.5000e-01
7.1176e+01 1.2500e+04 1.9798e-11 1.0000e-01 1.2500e+04 2.4747e-07 2.5000e-01
7.1569e+01 1.2500e+04 6.8225e-12 1.0000e-01 1.2500e+04 8.5281e-08 2.5000e-01
7.1961e+01 1.2500e+04 2.3384e-12 1.0000e-01 1.2500e+04 2.9229e-08 2.5000e-01
7.2353e+01 1.2500e+04 7.9706e-13 1.0000e-01 1.2500e+04 9.9633e-09 2.5000e-01
7.2745e+01 1.2500e+04 2.7019e-13 1.0000e-01 1.2500e+04 3.3774e-09 2.5000e-01
7.3137e+01 1.2500e+04 9.1080e-14 1.0000e-01 1.2500e+04 1.1385e-09 2.5000e-01
7.3529e+01 1.2500e+04 3.0529e-14 1.0000e-01 1.2500e+04 3.8162e-10 2.5000e-01
7.3922e+01 1.2500e+04 1.0174e-14 1.0000e-01 1.2500e+04 1.2718e-10 2.5000e-01
7.4314e+01 1.2500e+04 3.3704e-15 1.0000e-01 1.2500e+04 4.2130e-11 2.5000e-01
7.4706e+01 1.2500e+04 1.1091e-15 1.0000e-01 1.2500e+04 1.3864e-11 2.5000e-01
7.5098e+01 1.2500e+04 3.6190e-16 1.0000e-01 1.2500e+04 4.5238e-12 2.5000e-01
7.5490e+01 1.2500e+04 1.1659e-16 1.0000e-01 1.2500e+04 1.4574e-12 2.5000e-01
7.5882e+01 1.2500e+04 3.6617e-17 1.0000e-01 1.2500e+04 4.5772e-13 2.5000e-01
7.6275e+01 1.2500e+04 1.0864e-17 1.0000e-01 1.2500e+04 1.3580e-13 2.5000e-01
7.6667e+01 1.2500e+04 2.6145e-18 1.0000e-01 1.2500e+04 3.2681e-14 2.5000e-01
7.7059e+01 1.2500e+04 2.6046e-19 1.0000e-01 1.2500e+04 3.2557e-15 2.5000e-01
7.7451e+01 1.2500e+04 3.3973e-21 1.0000e-01 1.2500e+04 4.2466e-17 2.5000e-01
7.7843e+01 1.2500e+04 0.0000e+00 1.0000e-01 1.2500e+04 0.0000e+00 2.5000e-01
7.8235e+01 1.2500e+04 0.0000e+00 1.0000e-01 1.2500e+04 0.0000e+00 2.5000e-01
7.8627e+01 1.2500e+04 0.0000e+00 1.0000e-01 1.2500e+04 0.0000e+00 2.5000e-01
7.9020e+01 1.2500e+04 0.0000e+00 1.0000e-01 1.2500e+04 0.0000e+00 2.5000e-01
7.9412e+01 1.2500e+04 0.0000e+00 1.0000e-01 1.2500e+04 0.0000e+00 2.5000e-01
7.9804e+01 1.2500e+04 0.0000e+00 1.0000e-01 1.2500e+04 0.0000e+00 2.5000e-01
8.0196e+01 1.2500e+04 0.0000e+00 1.0000e-01 1.2500e+04 0.0000e+00 2.5000e-01
8.0588e+01 1.2500e+04 0.0000e+00 1.0000e-01 1.2500e+04 0.0000e+00 2.5000e-01
8.0980e+01 1.2500e+04 0.0000e+00 1.0000e-01 1.2500e+04 0.0000e+00 2.5000e-01
8.1373e+01 1.2500e+04 0.0000e+00 1.0000e-01 1.2500e+04 0.0000e+00 2.5000e-01
8.1765e+01 1.2500e+04 0.0000e+00 1.0000e-01 1.2500e+04 0.0000e+00 2.5000e-01
8.2157e+01 1.2500e+04 0.0000e+00 1.0000e-01 1.2500e+04 0.0000e+00 2.5000e-01
8.2549e+01 1.2500e+04 0.0000e+00 1.0000e-01 1.2500e+04 0.0000e+00 2.5000e-01
8.2941e+01 1.2500e+04 0.0000e+00 1.0000e-01 1.2500e+04 0.0000e+00 2.5000e-01
8.3333e+01 1.2500e+04 0.0000e+00 1.0000e-01 1.2500e+04 0.0000e+00 2.5000e-01
8.3725e+01 1.2500e+04 0.0000e+00 1.0000e-01 1.2500e+04 0.0000e+00 2.5000e-01
8.4118e+01 1.2500e+04 0.0000e+00 1.0000e-01 1.2500e+04 0.0000e+00 2.5000e-01
8.4510e+01 1.2500e+04 0.0000e+00 1.0000e-01 1.2500e+04 0.0000e+00 2.5000e-01
8.4902e+01 1.2500e+04 0.0000e+00 1.0000e-01 1.2500e+04 0.0000e+00 2.5000e-01
8.5294e+01 1.2500e+04 0.0000e+00 1.0000e-01 1.2500e+04 0.0000e+00 2.5000e-01
8.5686e+01 1.2500e+04 0.0000e+00 1.0000e-01 1.2500e+04 0.0000e+00 2.5000e-01
8.6078e+01 1.2500e+04 0.0000e+00 1.0000e-01 1.2500e+04 0.0000e+00 2.5000e-01
8.6471e+01 1.2500e+04 0.0000e+00 1.0000e-01 1.2500e+04 0.0000e+00 2.5000e-01
8.6863e+01 1.2500e+04 0.0000e+00 1.0000e-01 1.2500e+04 0.0000e+00 2.5000e-01
8.7255e+01 1.2500e+04 0.0000e+00 1.0000e-01 1.2500e+04 0.0000e+00 2.5000e-01
8.7647e+01 1.2500e+04 0.0000e+00 1.0000e-01 1.2500e+04 0.0000e+00 2.5000e-01
8.8039e+01 1.2500e+04 0.0000e+00 1.0000e-01 1.2500e+04 0.0000e+00 2.5000e-01
8.8431e+01 1.2500e+04 0.0000e+00 1.0000e-01 1.2500e+04 0.0000e+00 2.5000e-01
8.8824e+01 1.2500e+04 0.0000e+00 1.0000e-01 1.2500e+04 0.0000e+00 2.5000e-01
8.9216e+01 1.2500e+04 0.0000e+00 1.0000e-01 1.2500e+04 0.0000e+00 2.5000e-01
8.9608e+01 1.2500e+04 0.0000e+00 1.0000e-01 1.2500e+04 0.0000e+00 2.5000e-01
9.0000e+01 1.2500e+04 0.0000e+00 1.0000e-01 1.2500e+04 0.0000e+00 2.5000e-01
9.0392e+01 1.2500e+04 0.0000e+00 1.0000e-01 1.2500e+04 0.0000e+00 2.5000e-01
9.0784e+01 1.2500e+04 0.0000e+00 1.0000e-01 1.2500e+04 0.0000e+00 2.5000e-01
9.1176e+01 1.2500e+04 0.0000e+00 1.0000e-01 1.2500e+04 0.0000e+00 2.5000e-01
9.1569e+01 1.2500e+04 0.0000e+00 1.0000e-01 1.2500e+04 0.0000e+00 2.5000e-01
9.1961e+01 1.2500e+04 0.0000e+00 1.0000e-01 1.2500e+04 0.0000e+00 2.5000e-01
9.2353e+01 1.2500e+04 0.0000e+00 1.0000e-01 1.2500e+04 0.0000e+00 2.5000e-01
9.2745e+01 1.2500e+04 0.0000e+00 1.0000e-01 1.2500e+04 0.0000e+00 2.5000e-01
9.3137e+01 1.2500e+04 0.0000e+00 1.0000e-01 1.2500e+04 0.0000e+00 2.5000e-01
9.3529e+01 1.2500e+04 0.0000e+00 1.0000e-01 1.2500e+04 0.0000e+00 2.5000e-01
9.3922e+01 1.2500e+04 0.0000e+00 1.0000e-01 1.2500e+04 0.0000e+00 2.5000e-01
9.4314e+01 1.2500e+04 0.0000e+00 1.0000e-01 1.2500e+04 0.0000e+00 2.5000e-01
9.4706e+01 1.2500e+04 0.0000e+00 1.0000e-01 1.2500e+04 0.0000e+00 2.5000e-01
9.5098e+01 1.2500e+04 0.0000e+00 1.0000e-01 1.2500e+04 0.0000e+00 2.5000e-01
9.5490e+01 1.2500e+04 0.0000e+00 1.0000e-01 1.2500e+04 0.0000e+00 2.5000e-01
9.5882e+01 1.2500e+04 0.0000e+00 1.0000e-01 1.2500e+04 0.0000e+00 2.5000e-01
9.6275e+01 1.2500e+04 0.0000e+00 1.0000e-01 1.2500e+04 0.0000e+00 2.5000e-01
9.6667e+01 1.2500e+04 0.0000e+00 1.0000e-01 1.2500e+04 0.0000e+00 2.5000e-01
9.7059e+01 1.2500e+04 0.0000e+00 1.0000e-01 1.2500e+04 0.0000e+00 2.5000e-01
9.7451e+01 1.2500e+04 0.0000e+00 1.0000e-01 1.2500e+04 0.0000e+00 2.5000e-01
9.7843e+01 1.2500e+04 0.0000e+00 1.0000e-01 1.2500e+04 0.0000e+00 2.5000e-01
9.8235e+01 1.2500e+04 0.0000e+00 1.0000e-01 1.2500e+04 0.0000e+00 2.5000e-01
9.8627e+01 1.2500e+04 0.0000e+00 1.0000e-01 1.2500e+04 0.0000e+00 2.5000e-01
9.9020e+01 1.2500e+04 0.0000e+00 1.0000e-01 1.2500e+04 0.0000e+00 2.5000e-01
9.9412e+01 1.2500e+04 0.0000e+00 1.0000e-01 1.2500e+04 0.0000e+00 2.5000e-01
9.9804e+01 1.2500e+04 0.0000e+00 1.0000e-01 1.2500e+04 0.0000e+00 2.5000e-01
