# # x Density Velocity Pressure q0 q1 q2
1.9608e-01 1.0000e+05 0.0000e+00 1.0000e+00 1.0000e+05 0.0000e+00 2.5000e+00
5.8824e-01 1.0000e+05 0.0000e+00 1.0000e+00 1.0000e+05 0.0000e+00 2.5000e+00
9.8039e-01 1.0000e+05 0.0000e+00 1.0000e+00 1.0000e+05 0.0000e+00 2.5000e+00
1.3725e+00 1.0000e+05 0.0000e+00 1.0000e+00 1.0000e+05 0.0000e+00 2.5000e+00
1.7647e+00 1.0000e+05 0.0000e+00 1.0000e+00 1.0000e+05 0.0000e+00 2.5000e+00
2.1569e+00 1.0000e+05 0.0000e+00 1.0000e+00 1.0000e+05 0.0000e+00 2.5000e+00
2.5490e+00 1.0000e+05 0.0000e+00 1.0000e+00 1.0000e+05 0.0000e+00 2.5000e+00
2.9412e+00 1.0000e+05 0.0000e+00 1.0000e+00 1.0000e+05 0.0000e+00 2.5000e+00
3.3333e+00 1.0000e+05 0.0000e+00 1.0000e+00 1.0000e+05 0.0000e+00 2.5000e+00
3.7255e+00 1.0000e+05 0.0000e+00 1.0000e+00 1.0000e+05 0.0000e+00 2.5000e+00
4.1176e+00 1.0000e+05 0.0000e+00 1.0000e+00 1.0000e+05 0.0000e+00 2.5000e+00
4.5098e+00 1.0000e+05 0.0000e+00 1.0000e+00 1.0000e+05 0.0000e+00 2.5000e+00
4.9020e+00 1.0000e+05 0.0000e+00 1.0000e+00 1.0000e+05 0.0000e+00 2.5000e+00
5.2941e+00 1.0000e+05 0.0000e+00 1.0000e+00 1.0000e+05 0.0000e+00 2.5000e+00
5.6863e+00 1.0000e+05 0.0000e+00 1.0000e+00 1.0000e+05 0.0000e+00 2.5000e+00
6.0784e+00 1.0000e+05 0.0000e+00 1.0000e+00 1.0000e+05 0.0000e+00 2.5000e+00
6.4706e+00 1.0000e+05 0.0000e+00 1.0000e+00 1.0000e+05 0.0000e+00 2.5000e+00
6.8627e+00 1.0000e+05 0.0000e+00 1.0000e+00 1.0000e+05 0.0000e+00 2.5000e+00
7.2549e+00 1.0000e+05 0.0000e+00 1.0000e+00 1.0000e+05 0.0000e+00 2.5000e+00
7.6471e+00 1.0000e+05 0.0000e+00 1.0000e+00 1.0000e+05 0.0000e+00 2.5000e+00
8.0392e+00 1.0000e+05 0.0000e+00 1.0000e+00 1.0000e+05 0.0000e+00 2.5000e+00
8.4314e+00 1.0000e+05 0.0000e+00 1.0000e+00 1.0000e+05 0.0000e+00 2.5000e+00
8.8235e+00 1.0000e+05 0.0000e+00 1.0000e+00 1.0000e+05 0.0000e+00 2.5000e+00
9.2157e+00 1.0000e+05 0.0000e+00 1.0000e+00 1.0000e+05 0.0000e+00 2.5000e+00
9.6078e+00 1.0000e+05 0.0000e+00 1.0000e+00 1.0000e+05 0.0000e+00 2.5000e+00
1.0000e+01 1.0000e+05 0.0000e+00 1.0000e+00 1.0000e+05 0.0000e+00 2.5000e+00
1.0392e+01 1.0000e+05 0.0000e+00 1.0000e+00 1.0000e+05 0.0000e+00 2.5000e+00
1.0784e+01 1.0000e+05 0.0000e+00 1.0000e+00 1.0000e+05 0.0000e+00 2.5000e+00
1.1176e+01 1.0000e+05 0.0000e+00 1.0000e+00 1.0000e+05 0.0000e+00 2.5000e+00
1.1569e+01 1.0000e+05 0.0000e+00 1.0000e+00 1.0000e+05 0.0000e+00 2.5000e+00
1.1961e+01 1.0000e+05 0.0000e+00 1.0000e+00 1.0000e+05 0.0000e+00 2.5000e+00
1.2353e+01 1.0000e+05 0.0000e+00 1.0000e+00 1.0000e+05 0.0000e+00 2.5000e+00
1.2745e+01 1.0000e+05 0.0000e+00 1.0000e+00 1.0000e+05 0.0000e+00 2.5000e+00
1.3137e+01 1.0000e+05 0.0000e+00 1.0000e+00 1.0000e+05 0.0000e+00 2.5000e+00
1.3529e+01 1.0000e+05 0.0000e+00 1.0000e+00 1.0000e+05 0.0000e+00 2.5000e+00
1.3922e+01 1.0000e+05 0.0000e+00 1.0000e+00 1.0000e+05 0.0000e+00 2.5000e+00
1.4314e+01 1.0000e+05 0.0000e+00 1.0000e+00 1.0000e+05 0.0000e+00 2.5000e+00
1.4706e+01 1.0000e+05 0.0000e+00 1.0000e+00 1.0000e+05 0.0000e+00 2.5000e+00
1.5098e+01 1.0000e+05 0.0000e+00 1.0000e+00 1.0000e+05 0.0000e+00 2.5000e+00
1.5490e+01 1.0000e+05 0.0000e+00 1.0000e+00 1.0000e+05 0.0000e+00 2.5000e+00
1.5882e+01 1.0000e+05 0.0000e+00 1.0000e+00 1.0000e+05 0.0000e+00 2.5000e+00
1.6275e+01 1.0000e+05 0.0000e+00 1.0000e+00 1.0000e+05 0.0000e+00 2.5000e+00
1.6667e+01 1.0000e+05 0.0000e+00 1.0000e+00 1.0000e+05 0.0000e+00 2.5000e+00
1.7059e+01 1.0000e+05 0.0000e+00 1.0000e+00 1.0000e+05 0.0000e+00 2.5000e+00
1.7451e+01 1.0000e+05 0.0000e+00 1.0000e+00 1.0000e+05 0.0000e+00 2.5000e+00
1.7843e+01 1.0000e+05 0.0000e+00 1.0000e+00 1.0000e+05 0.0000e+00 2.5000e+00
1.8235e+01 1.0000e+05 0.0000e+00 1.0000e+00 1.0000e+05 0.0000e+00 2.5000e+00
1.8627e+01 1.0000e+05 0.0000e+00 1.0000e+00 1.0000e+05 0.0000e+00 2.5000e+00
1.9020e+01 1.0000e+05 0.0000e+00 1.0000e+00 1.0000e+05 0.0000e+00 2.5000e+00
1.9412e+01 1.0000e+05 0.0000e+00 1.0000e+00 1.0000e+05 0.0000e+00 2.5000e+00
1.9804e+01 1.0000e+05 0.0000e+00 1.0000e+00 1.0000e+05 0.0000e+00 2.5000e+00
2.0196e+01 1.0000e+05 0.0000e+00 1.0000e+00 1.0000e+05 0.0000e+00 2.5000e+00
2.0588e+01 1.0000e+05 0.0000e+00 1.0000e+00 1.0000e+05 0.0000e+00 2.5000e+00
2.0980e+01 1.0000e+05 0.0000e+00 1.0000e+00 1.0000e+05 0.0000e+00 2.5000e+00
2.1373e+01 1.0000e+05 0.0000e+00 1.0000e+00 1.0000e+05 0.0000e+00 2.5000e+00
2.1765e+01 1.0000e+05 0.0000e+00 1.0000e+00 1.0000e+05 0.0000e+00 2.5000e+00
2.2157e+01 1.0000e+05 0.0000e+00 1.0000e+00 1.0000e+05 0.0000e+00 2.5000e+00
2.2549e+01 1.0000e+05 0.0000e+00 1.0000e+00 1.0000e+05 0.0000e+00 2.5000e+00
2.2941e+01 1.0000e+05 1.6109e-19 1.0000e+00 1.0000e+05 1.6109e-14 2.5000e+00
2.3333e+01 1.0000e+05 1.0466e-18 1.0000e+00 1.0000e+05 1.0466e-13 2.5000e+00
2.3725e+01 1.0000e+05 3.1643e-18 1.0000e+00 1.0000e+05 3.1643e-13 2.5000e+00
2.4118e+01 1.0000e+05 6.9752e-18 1.0000e+00 1.0000e+05 6.9752e-13 2.5000e+00
2.4510e+01 1.0000e+05 1.4455e-17 1.0000e+00 1.0000e+05 1.4455e-12 2.5000e+00
2.4902e+01 1.0000e+05 3.0750e-17 1.0000e+00 1.0000e+05 3.0750e-12 2.5000e+00
2.5294e+01 1.0000e+05 6.7852e-17 1.0000e+00 1.0000e+05 6.7852e-12 2.5000e+00
2.5686e+01 1.0000e+05 1.5210e-16 1.0000e+00 1.0000e+05 1.5210e-11 2.5000e+00
2.6078e+01 1.0000e+05 3.4187e-16 1.0000e+00 1.0000e+05 3.4187e-11 2.5000e+00
2.6471e+01 1.0000e+05 7.6511e-16 1.0000e+00 1.0000e+05 7.6511e-11 2.5000e+00
2.6863e+01 1.0000e+05 1.6977e-15 1.0000e+00 1.0000e+05 1.6977e-10 2.5000e+00
2.7255e+01 1.0000e+05 3.7295e-15 1.0000e+00 1.0000e+05 3.7295e-10 2.5000e+00
2.7647e+01 1.0000e+05 8.1080e-15 1.0000e+00 1.0000e+05 8.1080e-10 2.5000e+00
2.8039e+01 1.0000e+05 1.7433e-14 1.0000e+00 1.0000e+05 1.7433e-09 2.5000e+00
2.8431e+01 1.0000e+05 3.7064e-14 1.0000e+00 1.0000e+05 3.7064e-09 2.5000e+00
2.8824e+01 1.0000e+05 7.7910e-14 1.0000e+00 1.0000e+05 7.7910e-09 2.5000e+00
2.9216e+01 1.0000e+05 1.6190e-13 1.0000e+00 1.0000e+05 1.6190e-08 2.5000e+00
2.9608e+01 1.0000e+05 3.3260e-13 1.0000e+00 1.0000e+05 3.3260e-08 2.5000e+00
3.0000e+01 1.0000e+05 6.7538e-13 1.0000e+00 1.0000e+05 6.7538e-08 2.5000e+00
3.0392e+01 1.0000e+05 1.3555e-12 1.0000e+00 1.0000e+05 1.3555e-07 2.5000e+00
3.0784e+01 1.0000e+05 2.6889e-12 1.0000e+00 1.0000e+05 2.6889e-07 2.5000e+00
3.1176e+01 1.0000e+05 5.2711e-12 1.0000e+00 1.0000e+05 5.2711e-07 2.5000e+00
3.1569e+01 1.0000e+05 1.0211e-11 1.0000e+00 1.0000e+05 1.0211e-06 2.5000e+00
3.1961e+01 1.0000e+05 1.9547e-11 1.0000e+00 1.0000e+05 1.9547e-06 2.5000e+00
3.2353e+01 1.0000e+05 3.6971e-11 1.0000e+00 1.0000e+05 3.6971e-06 2.5000e+00
3.2745e+01 1.0000e+05 6.9088e-11 1.0000e+00 1.0000e+05 6.9088e-06 2.5000e+00
3.3137e+01 1.0000e+05 1.2755e-10 1.0000e+00 1.0000e+05 1.2755e-05 2.5000e+00
3.3529e+01 1.0000e+05 2.3263e-10 1.0000e+00 1.0000e+05 2.3263e-05 2.5000e+00
3.3922e+01 1.0000e+05 4.1911e-10 1.0000e+00 1.0000e+05 4.1911e-05 2.5000e+00
3.4314e+01 1.0000e+05 7.4584e-10 1.0000e+00 1.0000e+05 7.4584e-05 2.5000e+00
3.4706e+01 1.0000e+05 1.3110e-09 1.0000e+00 1.0000e+05 1.3110e-04 2.5000e+00
3.5098e+01 1.0000e+05 2.2759e-09 9.9999e-01 1.0000e+05 2.2759e-04 2.5000e+00
3.5490e+01 1.0000e+05 3.9021e-09 9.9999e-01 1.0000e+05 3.9021e-04 2.5000e+00
3.5882e+01 1.0000e+05 6.6069e-09 9.9998e-01 1.0000e+05 6.6069e-04 2.4999e+00
3.6275e+01 1.0000e+05 1.1047e-08 9.9997e-01 1.0000e+05 1.1047e-03 2.4999e+00
3.6667e+01 1.0000e+05 1.8239e-08 9.9994e-01 1.0000e+05 1.8239e-03 2.4999e+00
3.7059e+01 1.0000e+05 2.9733e-08 9.9991e-01 1.0000e+05 2.9733e-03 2.4998e+00
3.7451e+01 1.0000e+05 4.7860e-08 9.9986e-01 1.0000e+05 4.7860e-03 2.4997e+00
3.7843e+01 1.0000e+05 7.6062e-08 9.9979e-01 1.0000e+05 7.6061e-03 2.4995e+00
3.8235e+01 1.0000e+05 1.1934e-07 9.9967e-01 1.0000e+05 1.1934e-02 2.4992e+00
3.8627e+01 9.9999e+04 1.8487e-07 9.9951e-01 9.9999e+04 1.8486e-02 2.4988e+00
3.9020e+01 9.9999e+04 2.8270e-07 9.9926e-01 9.9999e+04 2.8270e-02 2.4982e+00
3.9412e+01 9.9998e+04 4.2678e-07 9.9892e-01 9.9998e+04 4.2677e-02 2.4973e+00
3.9804e+01 9.9997e+04 6.3601e-07 9.9843e-01 9.9997e+04 6.3600e-02 2.4961e+00
4.0196e+01 9.9996e+04 9.3564e-07 9.9776e-01 9.9996e+04 9.3560e-02 2.4944e+00
4.0588e+01 9.9994e+04 1.3587e-06 9.9685e-01 9.9994e+04 1.3586e-01 2.4921e+00
4.0980e+01 9.9991e+04 1.9477e-06 9.9562e-01 9.9991e+04 1.9475e-01 2.4890e+00
4.1373e+01 9.9988e+04 2.7559e-06 9.9399e-01 9.9988e+04 2.7556e-01 2.4850e+00
4.1765e+01 9.9982e+04 3.8493e-06 9.9189e-01 9.9982e+04 3.8486e-01 2.4797e+00
4.2157e+01 9.9975e+04 5.3073e-06 9.8919e-01 9.9975e+04 5.3060e-01 2.4730e+00
4.2549e+01 9.9964e+04 7.2235e-06 9.8580e-01 9.9964e+04 7.2209e-01 2.4645e+00
4.2941e+01 9.9951e+04 9.7055e-06 9.8161e-01 9.9951e+04 9.7007e-01 2.4540e+00
4.3333e+01 9.9933e+04 1.2874e-05 9.7651e-01 9.9933e+04 1.2865e+00 2.4413e+00
4.3725e+01 9.9909e+04 1.6859e-05 9.7043e-01 9.9909e+04 1.6844e+00 2.4261e+00
4.4118e+01 9.9878e+04 2.1801e-05 9.6328e-01 9.9878e+04 2.1774e+00 2.4082e+00
4.4510e+01 9.9839e+04 2.7838e-05 9.5504e-01 9.9839e+04 2.7793e+00 2.3876e+00
4.4902e+01 9.9790e+04 3.5109e-05 9.4569e-01 9.9790e+04 3.5036e+00 2.3643e+00
4.5294e+01 9.9730e+04 4.3743e-05 9.3526e-01 9.9730e+04 4.3625e+00 2.3382e+00
4.5686e+01 9.9655e+04 5.3854e-05 9.2383e-01 9.9655e+04 5.3668e+00 2.3097e+00
4.6078e+01 9.9565e+04 6.5536e-05 9.1148e-01 9.9565e+04 6.5250e+00 2.2789e+00
4.6471e+01 9.9456e+04 7.8858e-05 8.9834e-01 9.9456e+04 7.8429e+00 2.2462e+00
4.6863e+01 9.9329e+04 9.3895e-05 8.8452e-01 9.9329e+04 9.3265e+00 2.2117e+00
4.7255e+01 9.9175e+04 1.1050e-04 8.7009e-01 9.9175e+04 1.0959e+01 2.1758e+00
4.7647e+01 9.9023e+04 1.2975e-04 8.5551e-01 9.9023e+04 1.2848e+01 2.1396e+00
4.8039e+01 9.8712e+04 1.4607e-04 8.3895e-01 9.8712e+04 1.4418e+01 2.0984e+00
4.8431e+01 9.8925e+04 1.8323e-04 8.2863e-01 9.8925e+04 1.8126e+01 2.0732e+00
4.8824e+01 9.7359e+04 1.6120e-04 7.9763e-01 9.7359e+04 1.5694e+01 1.9953e+00
4.9216e+01 9.9318e+04 2.7359e-04 8.1091e-01 9.9318e+04 2.7173e+01 2.0310e+00
4.9608e+01 1.0450e+05 2.1545e-04 7.6667e-01 1.0450e+05 2.2515e+01 1.9191e+00
5.0000e+01 1.4700e+04 2.8937e-04 7.7078e-01 1.4700e+04 4.2539e+00 1.9276e+00
5.0392e+01 1.0724e+04 3.1647e-04 7.5382e-01 1.0724e+04 3.3940e+00 1.8851e+00
5.0784e+01 1.1102e+04 5.7665e-04 7.6236e-01 1.1102e+04 6.4020e+00 1.9077e+00
5.1176e+01 1.1936e+04 8.9570e-04 7.8200e-01 1.1936e+04 1.0691e+01 1.9598e+00
5.1569e+01 1.2428e+04 1.2019e-03 8.0534e-01 1.2428e+04 1.4938e+01 2.0223e+00
5.1961e+01 1.2765e+04 1.2896e-03 8.0609e-01 1.2765e+04 1.6462e+01 2.0258e+00
5.2353e+01 1.2781e+04 1.3157e-03 8.0185e-01 1.2781e+04 1.6816e+01 2.0157e+00
5.2745e+01 1.2834e+04 1.2848e-03 7.9231e-01 1.2834e+04 1.6490e+01 1.9914e+00
5.3137e+01 1.2800e+04 1.2814e-03 7.8539e-01 1.2800e+04 1.6402e+01 1.9740e+00
5.3529e+01 1.2827e+04 1.2541e-03 7.7563e-01 1.2827e+04 1.6086e+01 1.9492e+00
5.3922e+01 1.2805e+04 1.2431e-03 7.6716e-01 1.2805e+04 1.5918e+01 1.9278e+00
5.4314e+01 1.2818e+04 1.2178e-03 7.5697e-01 1.2818e+04 1.5610e+01 1.9019e+00
5.4706e+01 1.2805e+04 1.2015e-03 7.4730e-01 1.2805e+04 1.5385e+01 1.8775e+00
5.5098e+01 1.2809e+04 1.1770e-03 7.3656e-01 1.2809e+04 1.5075e+01 1.8503e+00
5.5490e+01 1.2800e+04 1.1569e-03 7.2590e-01 1.2800e+04 1.4808e+01 1.8233e+00
5.5882e+01 1.2798e+04 1.1319e-03 7.1448e-01 1.2798e+04 1.4487e+01 1.7944e+00
5.6275e+01 1.2791e+04 1.1087e-03 7.0282e-01 1.2791e+04 1.4182e+01 1.7649e+00
5.6667e+01 1.2787e+04 1.0825e-03 6.9048e-01 1.2787e+04 1.3841e+01 1.7337e+00
5.7059e+01 1.2780e+04 1.0564e-03 6.7767e-01 1.2780e+04 1.3500e+01 1.7013e+00
5.7451e+01 1.2773e+04 1.0281e-03 6.6413e-01 1.2773e+04 1.3132e+01 1.6671e+00
5.7843e+01 1.2766e+04 9.9901e-04 6.4990e-01 1.2766e+04 1.2753e+01 1.6311e+00
5.8235e+01 1.2758e+04 9.6802e-04 6.3485e-01 1.2758e+04 1.2350e+01 1.5931e+00
5.8627e+01 1.2749e+04 9.3579e-04 6.1894e-01 1.2749e+04 1.1931e+01 1.5529e+00
5.9020e+01 1.2740e+04 9.0172e-04 6.0208e-01 1.2740e+04 1.1488e+01 1.5104e+00
5.9412e+01 1.2730e+04 8.6608e-04 5.8422e-01 1.2730e+04 1.1026e+01 1.4653e+00
5.9804e+01 1.2720e+04 8.2858e-04 5.6528e-01 1.2720e+04 1.0540e+01 1.4176e+00
6.0196e+01 1.2710e+04 7.8931e-04 5.4519e-01 1.2710e+04 1.0032e+01 1.3669e+00
6.0588e+01 1.2698e+04 7.4811e-04 5.2389e-01 1.2698e+04 9.4997e+00 1.3133e+00
6.0980e+01 1.2686e+04 7.0497e-04 5.0130e-01 1.2686e+04 8.9436e+00 1.2564e+00
6.1373e+01 1.2674e+04 6.5979e-04 4.7735e-01 1.2674e+04 8.3623e+00 1.1961e+00
6.1765e+01 1.2661e+04 6.1253e-04 4.5196e-01 1.2661e+04 7.7553e+00 1.1323e+00
6.2157e+01 1.2648e+04 5.6308e-04 4.2505e-01 1.2648e+04 7.1216e+00 1.0646e+00
6.2549e+01 1.2634e+04 5.1136e-04 3.9653e-01 1.2634e+04 6.4604e+00 9.9297e-01
6.2941e+01 1.2619e+04 4.5728e-04 3.6627e-01 1.2619e+04 5.7704e+00 9.1700e-01
6.3333e+01 1.2604e+04 4.0070e-04 3.3417e-01 1.2604e+04 5.0504e+00 8.3643e-01
6.3725e+01 1.2588e+04 3.4154e-04 3.0010e-01 1.2588e+04 4.2994e+00 7.5097e-01
6.4118e+01 1.2572e+04 2.7997e-04 2.6408e-01 1.2572e+04 3.5198e+00 6.6068e-01
6.4510e+01 1.2556e+04 2.1700e-04 2.2666e-01 1.2556e+04 2.7245e+00 5.6695e-01
6.4902e+01 1.2540e+04 1.5541e-04 1.8965e-01 1.2540e+04 1.9488e+00 4.7428e-01
6.5294e+01 1.2526e+04 1.0021e-04 1.5649e-01 1.2526e+04 1.2552e+00 3.9130e-01
6.5686e+01 1.2515e+04 5.6965e-05 1.3103e-01 1.2515e+04 7.1292e-01 3.2760e-01
6.6078e+01 1.2508e+04 2.8366e-05 1.1487e-01 1.2508e+04 3.5479e-01 2.8717e-01
6.6471e+01 1.2503e+04 1.2554e-05 1.0637e-01 1.2503e+04 1.5697e-01 2.6592e-01
6.6863e+01 1.2501e+04 5.0925e-06 1.0253e-01 1.2501e+04 6.3663e-02 2.5633e-01
6.7255e+01 1.2501e+04 1.9581e-06 1.0096e-01 1.2501e+04 2.4478e-02 2.5241e-01
6.7647e+01 1.2500e+04 7.3158e-07 1.0036e-01 1.2500e+04 9.1449e-03 2.5090e-01
6.8039e+01 1.2500e+04 2.6924e-07 1.0013e-01 1.2500e+04 3.3655e-03 2.5033e-01
6.8431e+01 1.2500e+04 9.8210e-08 1.0005e-01 1.2500e+04 1.2276e-03 2.5012e-01
6.8824e+01 1.2500e+04 3.5597e-08 1.0002e-01 1.2500e+04 4.4496e-04 2.5004e-01
6.9216e+01 1.2500e+04 1.2832e-08 1.0001e-01 1.2500e+04 1.6040e-04 2.5002e-01
6.9608e+01 1.2500e+04 4.6023e-09 1.0000e-01 1.2500e+04 5.7529e-05 2.5001e-01
7.0000e+01 1.2500e+04 1.6423e-09 1.0000e-01 1.2500e+04 2.0529e-05 2.5000e-01
7.0392e+01 1.2500e+04 5.8310e-10 1.0000e-01 1.2500e+04 7.2887e-06 2.5000e-01
7.0784e+01 1.2500e+04 2.0598e-10 1.0000e-01 1.2500e+04 2.5748e-06 2.5000e-01
7.1176e+01 1.2500e+04 7.2393e-11 1.0000e-01 1.2500e+04 9.0491e-07 2.5000e-01
7.1569e+01 1.2500e+04 2.5312e-11 1.0000e-01 1.2500e+04 3.1640e-07 2.5000e-01
7.1961e+01 1.2500e+04 8.8044e-12 1.0000e-01 1.2500e+04 1.1005e-07 2.5000e-01
7.2353e+01 1.2500e+04 3.0464e-12 1.0000e-01 1.2500e+04 3.8080e-08 2.5000e-01
7.2745e+01 1.2500e+04 1.0485e-12 1.0000e-01 1.2500e+04 1.3107e-08 2.5000e-01
7.3137e+01 1.2500e+04 3.5897e-13 1.0000e-01 1.2500e+04 4.4871e-09 2.5000e-01
7.3529e+01 1.2500e+04 1.2223e-13 1.0000e-01 1.2500e+04 1.5279e-09 2.5000e-01
7.3922e+01 1.2500e+04 4.1394e-14 1.0000e-01 1.2500e+04 5.1743e-10 2.5000e-01
7.4314e+01 1.2500e+04 1.3941e-14 1.0000e-01 1.2500e+04 1.7426e-10 2.5000e-01
7.4706e+01 1.2500e+04 4.6680e-15 1.0000e-01 1.2500e+04 5.8351e-11 2.5000e-01
7.5098e+01 1.2500e+04 1.5534e-15 1.0000e-01 1.2500e+04 1.9418e-11 2.5000e-01
7.5490e+01 1.2500e+04 5.1324e-16 1.0000e-01 1.2500e+04 6.4154e-12 2.5000e-01
7.5882e+01 1.2500e+04 1.6780e-16 1.0000e-01 1.2500e+04 2.0975e-12 2.5000e-01
7.6275e+01 1.2500e+04 5.3819e-17 1.0000e-01 1.2500e+04 6.7274e-13 2.5000e-01
7.6667e+01 1.2500e+04 1.6530e-17 1.0000e-01 1.2500e+04 2.0663e-13 2.5000e-01
7.7059e+01 1.2500e+04 4.4015e-18 1.0000e-01 1.2500e+04 5.5018e-14 2.5000e-01
7.7451e+01 1.2500e+04 7.3127e-19 1.0000e-01 1.2500e+04 9.1408e-15 2.5000e-01
7.7843e+01 1.2500e+04 1.6420e-20 1.0000e-01 1.2500e+04 2.0525e-16 2.5000e-01
7.8235e+01 1.2500e+04 0.0000e+00 1.0000e-01 1.2500e+04 0.0000e+00 2.5000e-01
7.8627e+01 1.2500e+04 0.0000e+00 1.0000e-01 1.2500e+04 0.0000e+00 2.5000e-01
7.9020e+01 1.2500e+04 0.0000e+00 1.0000e-01 1.2500e+04 0.0000e+00 2.5000e-01
7.9412e+01 1.2500e+04 0.0000e+00 1.0000e-01 1.2500e+04 0.0000e+00 2.5000e-01
7.9804e+01 1.2500e+04 0.0000e+00 1.0000e-01 1.2500e+04 0.0000e+00 2.5000e-01
8.0196e+01 1.2500e+04 0.0000e+00 1.0000e-01 1.2500e+04 0.0000e+00 2.5000e-01
8.0588e+01 1.2500e+04 0.0000e+00 1.0000e-01 1.2500e+04 0.0000e+00 2.5000e-01
8.0980e+01 1.2500e+04 0.0000e+00 1.0000e-01 1.2500e+04 0.0000e+00 2.5000e-01
8.1373e+01 1.2500e+04 0.0000e+00 1.0000e-01 1.2500e+04 0.0000e+00 2.5000e-01
8.1765e+01 1.2500e+04 0.0000e+00 1.0000e-01 1.2500e+04 0.0000e+00 2.5000e-01
8.2157e+01 1.2500e+04 0.0000e+00 1.0000e-01 1.2500e+04 0.0000e+00 2.5000e-01
8.2549e+01 1.2500e+04 0.0000e+00 1.0000e-01 1.2500e+04 0.0000e+00 2.5000e-01
8.2941e+01 1.2500e+04 0.0000e+00 1.0000e-01 1.2500e+04 0.0000e+00 2.5000e-01
8.3333e+01 1.2500e+04 0.0000e+00 1.0000e-01 1.2500e+04 0.0000e+00 2.5000e-01
8.3725e+01 1.2500e+04 0.0000e+00 1.0000e-01 1.2500e+04 0.0000e+00 2.5000e-01
8.4118e+01 1.2500e+04 0.0000e+00 1.0000e-01 1.2500e+04 0.0000e+00 2.5000e-01
8.4510e+01 1.2500e+04 0.0000e+00 1.0000e-01 1.2500e+04 0.0000e+00 2.5000e-01
8.4902e+01 1.2500e+04 0.0000e+00 1.0000e-01 1.2500e+04 0.0000e+00 2.5000e-01
8.5294e+01 1.2500e+04 0.0000e+00 1.0000e-01 1.2500e+04 0.0000e+00 2.5000e-01
8.5686e+01 1.2500e+04 0.0000e+00 1.0000e-01 1.2500e+04 0.0000e+00 2.5000e-01
8.6078e+01 1.2500e+04 0.0000e+00 1.0000e-01 1.2500e+04 0.0000e+00 2.5000e-01
8.6471e+01 1.2500e+04 0.0000e+00 1.0000e-01 1.2500e+04 0.0000e+00 2.5000e-01
8.6863e+01 1.2500e+04 0.0000e+00 1.0000e-01 1.2500e+04 0.0000e+00 2.5000e-01
8.7255e+01 1.2500e+04 0.0000e+00 1.0000e-01 1.2500e+04 0.0000e+00 2.5000e-01
8.7647e+01 1.2500e+04 0.0000e+00 1.0000e-01 1.2500e+04 0.0000e+00 2.5000e-01
8.8039e+01 1.2500e+04 0.0000e+00 1.0000e-01 1.2500e+04 0.0000e+00 2.5000e-01
8.8431e+01 1.2500e+04 0.0000e+00 1.0000e-01 1.2500e+04 0.0000e+00 2.5000e-01
8.8824e+01 1.2500e+04 0.0000e+00 1.0000e-01 1.2500e+04 0.0000e+00 2.5000e-01
8.9216e+01 1.2500e+04 0.0000e+00 1.0000e-01 1.2500e+04 0.0000e+00 2.5000e-01
8.9608e+01 1.2500e+04 0.0000e+00 1.0000e-01 1.2500e+04 0.0000e+00 2.5000e-01
9.0000e+01 1.2500e+04 0.0000e+00 1.0000e-01 1.2500e+04 0.0000e+00 2.5000e-01
9.0392e+01 1.2500e+04 0.0000e+00 1.0000e-01 1.2500e+04 0.0000e+00 2.5000e-01
9.0784e+01 1.2500e+04 0.0000e+00 1.0000e-01 1.2500e+04 0.0000e+00 2.5000e-01
9.1176e+01 1.2500e+04 0.0000e+00 1.0000e-01 1.2500e+04 0.0000e+00 2.5000e-01
9.1569e+01 1.2500e+04 0.0000e+00 1.0000e-01 1.2500e+04 0.0000e+00 2.5000e-01
9.1961e+01 1.2500e+04 0.0000e+00 1.0000e-01 1.2500e+04 0.0000e+00 2.5000e-01
9.2353e+01 1.2500e+04 0.0000e+00 1.0000e-01 1.2500e+04 0.0000e+00 2.5000e-01
9.2745e+01 1.2500e+04 0.0000e+00 1.0000e-01 1.2500e+04 0.0000e+00 2.5000e-01
9.3137e+01 1.2500e+04 0.0000e+00 1.0000e-01 1.2500e+04 0.0000e+00 2.5000e-01
9.3529e+01 1.2500e+04 0.0000e+00 1.0000e-01 1.2500e+04 0.0000e+00 2.5000e-01
9.3922e+01 1.2500e+04 0.0000e+00 1.0000e-01 1.2500e+04 0.0000e+00 2.5000e-01
9.4314e+01 1.2500e+04 0.0000e+00 1.0000e-01 1.2500e+04 0.0000e+00 2.5000e-01
9.4706e+01 1.2500e+04 0.0000e+00 1.0000e-01 1.2500e+04 0.0000e+00 2.5000e-01
9.5098e+01 1.2500e+04 0.0000e+00 1.0000e-01 1.2500e+04 0.0000e+00 2.5000e-01
9.5490e+01 1.2500e+04 0.0000e+00 1.0000e-01 1.2500e+04 0.0000e+00 2.5000e-01
9.5882e+01 1.2500e+04 0.0000e+00 1.0000e-01 1.2500e+04 0.0000e+00 2.5000e-01
9.6275e+01 1.2500e+04 0.0000e+00 1.0000e-01 1.2500e+04 0.0000e+00 2.5000e-01
9.6667e+01 1.2500e+04 0.0000e+00 1.0000e-01 1.2500e+04 0.0000e+00 2.5000e-01
9.7059e+01 1.2500e+04 0.0000e+00 1.0000e-01 1.2500e+04 0.0000e+00 2.5000e-01
9.7451e+01 1.2500e+04 0.0000e+00 1.0000e-01 1.2500e+04 0.0000e+00 2.5000e-01
9.7843e+01 1.2500e+04 0.0000e+00 1.0000e-01 1.2500e+04 0.0000e+00 2.5000e-01
9.8235e+01 1.2500e+04 0.0000e+00 1.0000e-01 1.2500e+04 0.0000e+00 2.5000e-01
9.8627e+01 1.2500e+04 0.0000e+00 1.0000e-01 1.2500e+04 0.0000e+00 2.5000e-01
9.9020e+01 1.2500e+04 0.0000e+00 1.0000e-01 1.2500e+04 0.0000e+00 2.5000e-01
9.9412e+01 1.2500e+04 0.0000e+00 1.0000e-01 1.2500e+04 0.0000e+00 2.5000e-01
9.9804e+01 1.2500e+04 0.0000e+00 1.0000e-01 1.2500e+04 0.0000e+00 2.5000e-01
