# # x Density Velocity Pressure q0 q1 q2
1.9608e-01 1.0000e+05 0.0000e+00 1.0000e+00 1.0000e+05 0.0000e+00 2.5000e+00
5.8824e-01 1.0000e+05 0.0000e+00 1.0000e+00 1.0000e+05 0.0000e+00 2.5000e+00
9.8039e-01 1.0000e+05 0.0000e+00 1.0000e+00 1.0000e+05 0.0000e+00 2.5000e+00
1.3725e+00 1.0000e+05 0.0000e+00 1.0000e+00 1.0000e+05 0.0000e+00 2.5000e+00
1.7647e+00 1.0000e+05 0.0000e+00 1.0000e+00 1.0000e+05 0.0000e+00 2.5000e+00
2.1569e+00 1.0000e+05 0.0000e+00 1.0000e+00 1.0000e+05 0.0000e+00 2.5000e+00
2.5490e+00 1.0000e+05 0.0000e+00 1.0000e+00 1.0000e+05 0.0000e+00 2.5000e+00
2.9412e+00 1.0000e+05 0.0000e+00 1.0000e+00 1.0000e+05 0.0000e+00 2.5000e+00
3.3333e+00 1.0000e+05 0.0000e+00 1.0000e+00 1.0000e+05 0.0000e+00 2.5000e+00
3.7255e+00 1.0000e+05 0.0000e+00 1.0000e+00 1.0000e+05 0.0000e+00 2.5000e+00
4.1176e+00 1.0000e+05 0.0000e+00 1.0000e+00 1.0000e+05 0.0000e+00 2.5000e+00
4.5098e+00 1.0000e+05 0.0000e+00 1.0000e+00 1.0000e+05 0.0000e+00 2.5000e+00
4.9020e+00 1.0000e+05 0.0000e+00 1.0000e+00 1.0000e+05 0.0000e+00 2.5000e+00
5.2941e+00 1.0000e+05 0.0000e+00 1.0000e+00 1.0000e+05 0.0000e+00 2.5000e+00
5.6863e+00 1.0000e+05 0.0000e+00 1.0000e+00 1.0000e+05 0.0000e+00 2.5000e+00
6.0784e+00 1.0000e+05 0.0000e+00 1.0000e+00 1.0000e+05 0.0000e+00 2.5000e+00
6.4706e+00 1.0000e+05 0.0000e+00 1.0000e+00 1.0000e+05 0.0000e+00 2.5000e+00
6.8627e+00 1.0000e+05 0.0000e+00 1.0000e+00 1.0000e+05 0.0000e+00 2.5000e+00
7.2549e+00 1.0000e+05 0.0000e+00 1.0000e+00 1.0000e+05 0.0000e+00 2.5000e+00
7.6471e+00 1.0000e+05 0.0000e+00 1.0000e+00 1.0000e+05 0.0000e+00 2.5000e+00
8.0392e+00 1.0000e+05 0.0000e+00 1.0000e+00 1.0000e+05 0.0000e+00 2.5000e+00
8.4314e+00 1.0000e+05 0.0000e+00 1.0000e+00 1.0000e+05 0.0000e+00 2.5000e+00
8.8235e+00 1.0000e+05 0.0000e+00 1.0000e+00 1.0000e+05 0.0000e+00 2.5000e+00
9.2157e+00 1.0000e+05 0.0000e+00 1.0000e+00 1.0000e+05 0.0000e+00 2.5000e+00
9.6078e+00 1.0000e+05 0.0000e+00 1.0000e+00 1.0000e+05 0.0000e+00 2.5000e+00
1.0000e+01 1.0000e+05 0.0000e+00 1.0000e+00 1.0000e+05 0.0000e+00 2.5000e+00
1.0392e+01 1.0000e+05 0.0000e+00 1.0000e+00 1.0000e+05 0.0000e+00 2.5000e+00
1.0784e+01 1.0000e+05 0.0000e+00 1.0000e+00 1.0000e+05 0.0000e+00 2.5000e+00
1.1176e+01 1.0000e+05 0.0000e+00 1.0000e+00 1.0000e+05 0.0000e+00 2.5000e+00
1.1569e+01 1.0000e+05 0.0000e+00 1.0000e+00 1.0000e+05 0.0000e+00 2.5000e+00
1.1961e+01 1.0000e+05 0.0000e+00 1.0000e+00 1.0000e+05 0.0000e+00 2.5000e+00
1.2353e+01 1.0000e+05 0.0000e+00 1.0000e+00 1.0000e+05 0.0000e+00 2.5000e+00
1.2745e+01 1.0000e+05 0.0000e+00 1.0000e+00 1.0000e+05 0.0000e+00 2.5000e+00
1.3137e+01 1.0000e+05 0.0000e+00 1.0000e+00 1.0000e+05 0.0000e+00 2.5000e+00
1.3529e+01 1.0000e+05 0.0000e+00 1.0000e+00 1.0000e+05 0.0000e+00 2.5000e+00
1.3922e+01 1.0000e+05 0.0000e+00 1.0000e+00 1.0000e+05 0.0000e+00 2.5000e+00
1.4314e+01 1.0000e+05 0.0000e+00 1.0000e+00 1.0000e+05 0.0000e+00 2.5000e+00
1.4706e+01 1.0000e+05 0.0000e+00 1.0000e+00 1.0000e+05 0.0000e+00 2.5000e+00
1.5098e+01 1.0000e+05 0.0000e+00 1.0000e+00 1.0000e+05 0.0000e+00 2.5000e+00
1.5490e+01 1.0000e+05 0.0000e+00 1.0000e+00 1.0000e+05 0.0000e+00 2.5000e+00
1.5882e+01 1.0000e+05 0.0000e+00 1.0000e+00 1.0000e+05 0.0000e+00 2.5000e+00
1.6275e+01 1.0000e+05 0.0000e+00 1.0000e+00 1.0000e+05 0.0000e+00 2.5000e+00
1.6667e+01 1.0000e+05 0.0000e+00 1.0000e+00 1.0000e+05 0.0000e+00 2.5000e+00
1.7059e+01 1.0000e+05 0.0000e+00 1.0000e+00 1.0000e+05 0.0000e+00 2.5000e+00
1.7451e+01 1.0000e+05 0.0000e+00 1.0000e+00 1.0000e+05 0.0000e+00 2.5000e+00
1.7843e+01 1.0000e+05 0.0000e+00 1.0000e+00 1.0000e+05 0.0000e+00 2.5000e+00
1.8235e+01 1.0000e+05 0.0000e+00 1.0000e+00 1.0000e+05 0.0000e+00 2.5000e+00
1.8627e+01 1.0000e+05 0.0000e+00 1.0000e+00 1.0000e+05 0.0000e+00 2.5000e+00
1.9020e+01 1.0000e+05 0.0000e+00 1.0000e+00 1.0000e+05 0.0000e+00 2.5000e+00
1.9412e+01 1.0000e+05 0.0000e+00 1.0000e+00 1.0000e+05 0.0000e+00 2.5000e+00
1.9804e+01 1.0000e+05 0.0000e+00 1.0000e+00 1.0000e+05 0.0000e+00 2.5000e+00
2.0196e+01 1.0000e+05 0.0000e+00 1.0000e+00 1.0000e+05 0.0000e+00 2.5000e+00
2.0588e+01 1.0000e+05 0.0000e+00 1.0000e+00 1.0000e+05 0.0000e+00 2.5000e+00
2.0980e+01 1.0000e+05 0.0000e+00 1.0000e+00 1.0000e+05 0.0000e+00 2.5000e+00
2.1373e+01 1.0000e+05 0.0000e+00 1.0000e+00 1.0000e+05 0.0000e+00 2.5000e+00
2.1765e+01 1.0000e+05 0.0000e+00 1.0000e+00 1.0000e+05 0.0000e+00 2.5000e+00
2.2157e+01 1.0000e+05 0.0000e+00 1.0000e+00 1.0000e+05 0.0000e+00 2.5000e+00
2.2549e+01 1.0000e+05 2.8877e-20 1.0000e+00 1.0000e+05 2.8877e-15 2.5000e+00
2.2941e+01 1.0000e+05 4.7194e-19 1.0000e+00 1.0000e+05 4.7194e-14 2.5000e+00
2.3333e+01 1.0000e+05 1.9934e-18 1.0000e+00 1.0000e+05 1.9934e-13 2.5000e+00
2.3725e+01 1.0000e+05 4.8595e-18 1.0000e+00 1.0000e+05 4.8595e-13 2.5000e+00
2.4118e+01 1.0000e+05 1.0088e-17 1.0000e+00 1.0000e+05 1.0088e-12 2.5000e+00
2.4510e+01 1.0000e+05 2.0990e-17 1.0000e+00 1.0000e+05 2.0990e-12 2.5000e+00
2.4902e+01 1.0000e+05 4.5219e-17 1.0000e+00 1.0000e+05 4.5219e-12 2.5000e+00
2.5294e+01 1.0000e+05 1.0011e-16 1.0000e+00 1.0000e+05 1.0011e-11 2.5000e+00
2.5686e+01 1.0000e+05 2.2370e-16 1.0000e+00 1.0000e+05 2.2370e-11 2.5000e+00
2.6078e+01 1.0000e+05 4.9911e-16 1.0000e+00 1.0000e+05 4.9911e-11 2.5000e+00
2.6471e+01 1.0000e+05 1.1070e-15 1.0000e+00 1.0000e+05 1.1070e-10 2.5000e+00
2.6863e+01 1.0000e+05 2.4327e-15 1.0000e+00 1.0000e+05 2.4327e-10 2.5000e+00
2.7255e+01 1.0000e+05 5.2910e-15 1.0000e+00 1.0000e+05 5.2910e-10 2.5000e+00
2.7647e+01 1.0000e+05 1.1387e-14 1.0000e+00 1.0000e+05 1.1387e-09 2.5000e+00
2.8039e+01 1.0000e+05 2.4238e-14 1.0000e+00 1.0000e+05 2.4238e-09 2.5000e+00
2.8431e+01 1.0000e+05 5.1020e-14 1.0000e+00 1.0000e+05 5.1020e-09 2.5000e+00
2.8824e+01 1.0000e+05 1.0619e-13 1.0000e+00 1.0000e+05 1.0619e-08 2.5000e+00
2.9216e+01 1.0000e+05 2.1853e-13 1.0000e+00 1.0000e+05 2.1853e-08 2.5000e+00
2.9608e+01 1.0000e+05 4.4460e-13 1.0000e+00 1.0000e+05 4.4460e-08 2.5000e+00
3.0000e+01 1.0000e+05 8.9422e-13 1.0000e+00 1.0000e+05 8.9422e-08 2.5000e+00
3.0392e+01 1.0000e+05 1.7779e-12 1.0000e+00 1.0000e+05 1.7779e-07 2.5000e+00
3.0784e+01 1.0000e+05 3.4940e-12 1.0000e+00 1.0000e+05 3.4940e-07 2.5000e+00
3.1176e+01 1.0000e+05 6.7869e-12 1.0000e+00 1.0000e+05 6.7869e-07 2.5000e+00
3.1569e+01 1.0000e+05 1.3029e-11 1.0000e+00 1.0000e+05 1.3029e-06 2.5000e+00
3.1961e+01 1.0000e+05 2.4719e-11 1.0000e+00 1.0000e+05 2.4719e-06 2.5000e+00
3.2353e+01 1.0000e+05 4.6344e-11 1.0000e+00 1.0000e+05 4.6344e-06 2.5000e+00
3.2745e+01 1.0000e+05 8.5857e-11 1.0000e+00 1.0000e+05 8.5857e-06 2.5000e+00
3.3137e+01 1.0000e+05 1.5716e-10 1.0000e+00 1.0000e+05 1.5716e-05 2.5000e+00
3.3529e+01 1.0000e+05 2.8424e-10 1.0000e+00 1.0000e+05 2.8424e-05 2.5000e+00
3.3922e+01 1.0000e+05 5.0790e-10 1.0000e+00 1.0000e+05 5.0790e-05 2.5000e+00
3.4314e+01 1.0000e+05 8.9656e-10 1.0000e+00 1.0000e+05 8.9656e-05 2.5000e+00
3.4706e+01 1.0000e+05 1.5634e-09 9.9999e-01 1.0000e+05 1.5634e-04 2.5000e+00
3.5098e+01 1.0000e+05 2.6930e-09 9.9999e-01 1.0000e+05 2.6930e-04 2.5000e+00
3.5490e+01 1.0000e+05 4.5820e-09 9.9999e-01 1.0000e+05 4.5820e-04 2.5000e+00
3.5882e+01 1.0000e+05 7.7001e-09 9.9998e-01 1.0000e+05 7.7001e-04 2.4999e+00
3.6275e+01 1.0000e+05 1.2780e-08 9.9996e-01 1.0000e+05 1.2780e-03 2.4999e+00
3.6667e+01 1.0000e+05 2.0949e-08 9.9994e-01 1.0000e+05 2.0949e-03 2.4998e+00
3.7059e+01 1.0000e+05 3.3913e-08 9.9990e-01 1.0000e+05 3.3913e-03 2.4998e+00
3.7451e+01 1.0000e+05 5.4214e-08 9.9985e-01 1.0000e+05 5.4214e-03 2.4996e+00
3.7843e+01 1.0000e+05 8.5584e-08 9.9976e-01 1.0000e+05 8.5583e-03 2.4994e+00
3.8235e+01 9.9999e+04 1.3341e-07 9.9964e-01 9.9999e+04 1.3341e-02 2.4991e+00
3.8627e+01 9.9999e+04 2.0534e-07 9.9946e-01 9.9999e+04 2.0534e-02 2.4986e+00
3.9020e+01 9.9999e+04 3.1207e-07 9.9920e-01 9.9999e+04 3.1207e-02 2.4980e+00
3.9412e+01 9.9998e+04 4.6828e-07 9.9883e-01 9.9998e+04 4.6827e-02 2.4971e+00
3.9804e+01 9.9997e+04 6.9378e-07 9.9831e-01 9.9997e+04 6.9376e-02 2.4958e+00
4.0196e+01 9.9996e+04 1.0148e-06 9.9760e-01 9.9996e+04 1.0148e-01 2.4940e+00
4.0588e+01 9.9994e+04 1.4656e-06 9.9664e-01 9.9994e+04 1.4655e-01 2.4916e+00
4.0980e+01 9.9991e+04 2.0897e-06 9.9536e-01 9.9991e+04 2.0896e-01 2.4884e+00
4.1373e+01 9.9987e+04 2.9418e-06 9.9367e-01 9.9987e+04 2.9414e-01 2.4842e+00
4.1765e+01 9.9981e+04 4.0886e-06 9.9149e-01 9.9981e+04 4.0878e-01 2.4787e+00
4.2157e+01 9.9973e+04 5.6104e-06 9.8872e-01 9.9973e+04 5.6089e-01 2.4718e+00
4.2549e+01 9.9962e+04 7.6011e-06 9.8524e-01 9.9962e+04 7.5982e-01 2.4631e+00
4.2941e+01 9.9948e+04 1.0168e-05 9.8097e-01 9.9948e+04 1.0163e+00 2.4524e+00
4.3333e+01 9.9929e+04 1.3431e-05 9.7580e-01 9.9929e+04 1.3421e+00 2.4395e+00
4.3725e+01 9.9904e+04 1.7519e-05 9.6964e-01 9.9904e+04 1.7502e+00 2.4241e+00
4.4118e+01 9.9873e+04 2.2568e-05 9.6244e-01 9.9873e+04 2.2540e+00 2.4061e+00
4.4510e+01 9.9833e+04 2.8717e-05 9.5415e-01 9.9833e+04 2.8668e+00 2.3854e+00
4.4902e+01 9.9782e+04 3.6097e-05 9.4478e-01 9.9782e+04 3.6019e+00 2.3620e+00
4.5294e+01 9.9720e+04 4.4836e-05 9.3436e-01 9.9720e+04 4.4711e+00 2.3360e+00
4.5686e+01 9.9644e+04 5.5044e-05 9.2294e-01 9.9644e+04 5.4848e+00 2.3075e+00
4.6078e+01 9.9552e+04 6.6813e-05 9.1063e-01 9.9552e+04 6.6514e+00 2.2768e+00
4.6471e+01 9.9442e+04 8.0211e-05 8.9752e-01 9.9442e+04 7.9763e+00 2.2441e+00
4.6863e+01 9.9313e+04 9.5313e-05 8.8375e-01 9.9313e+04 9.4658e+00 2.2098e+00
4.7255e+01 9.9157e+04 1.1195e-04 8.6935e-01 9.9157e+04 1.1101e+01 2.1740e+00
4.7647e+01 9.9005e+04 1.3132e-04 8.5483e-01 9.9005e+04 1.3001e+01 2.1379e+00
4.8039e+01 9.8685e+04 1.4739e-04 8.3822e-01 9.8685e+04 1.4545e+01 2.0966e+00
4.8431e+01 9.8918e+04 1.8534e-04 8.2821e-01 9.8918e+04 1.8334e+01 2.0722e+00
4.8824e+01 9.7313e+04 1.6198e-04 7.9685e-01 9.7313e+04 1.5763e+01 1.9934e+00
4.9216e+01 9.9283e+04 2.7514e-04 8.1046e-01 9.9283e+04 2.7316e+01 2.0299e+00
4.9608e+01 1.0462e+05 2.1762e-04 7.6659e-01 1.0462e+05 2.2767e+01 1.9189e+00
5.0000e+01 1.4798e+04 2.9235e-04 7.7103e-01 1.4798e+04 4.3263e+00 1.9282e+00
5.0392e+01 1.0714e+04 3.2010e-04 7.5437e-01 1.0714e+04 3.4296e+00 1.8865e+00
5.0784e+01 1.1066e+04 5.6274e-04 7.6111e-01 1.1066e+04 6.2271e+00 1.9045e+00
5.1176e+01 1.1892e+04 8.7481e-04 7.7996e-01 1.1892e+04 1.0403e+01 1.9544e+00
5.1569e+01 1.2398e+04 1.1898e-03 8.0427e-01 1.2398e+04 1.4751e+01 2.0194e+00
5.1961e+01 1.2755e+04 1.2901e-03 8.0650e-01 1.2755e+04 1.6455e+01 2.0269e+00
5.2353e+01 1.2780e+04 1.3212e-03 8.0285e-01 1.2780e+04 1.6886e+01 2.0183e+00
5.2745e+01 1.2836e+04 1.2914e-03 7.9351e-01 1.2836e+04 1.6578e+01 1.9945e+00
5.3137e+01 1.2802e+04 1.2882e-03 7.8677e-01 1.2802e+04 1.6491e+01 1.9776e+00
5.3529e+01 1.2829e+04 1.2614e-03 7.7723e-01 1.2829e+04 1.6183e+01 1.9533e+00
5.3922e+01 1.2808e+04 1.2507e-03 7.6896e-01 1.2808e+04 1.6018e+01 1.9324e+00
5.4314e+01 1.2821e+04 1.2259e-03 7.5897e-01 1.2821e+04 1.5716e+01 1.9070e+00
5.4706e+01 1.2808e+04 1.2098e-03 7.4948e-01 1.2808e+04 1.5495e+01 1.8831e+00
5.5098e+01 1.2812e+04 1.1856e-03 7.3894e-01 1.2812e+04 1.5190e+01 1.8564e+00
5.5490e+01 1.2803e+04 1.1658e-03 7.2846e-01 1.2803e+04 1.4926e+01 1.8299e+00
5.5882e+01 1.2802e+04 1.1413e-03 7.1724e-01 1.2802e+04 1.4610e+01 1.8014e+00
5.6275e+01 1.2794e+04 1.1185e-03 7.0580e-01 1.2794e+04 1.4310e+01 1.7725e+00
5.6667e+01 1.2790e+04 1.0926e-03 6.9370e-01 1.2790e+04 1.3975e+01 1.7419e+00
5.7059e+01 1.2783e+04 1.0670e-03 6.8116e-01 1.2783e+04 1.3640e+01 1.7102e+00
5.7451e+01 1.2777e+04 1.0392e-03 6.6793e-01 1.2777e+04 1.3279e+01 1.6767e+00
5.7843e+01 1.2769e+04 1.0108e-03 6.5405e-01 1.2769e+04 1.2907e+01 1.6417e+00
5.8235e+01 1.2762e+04 9.8046e-04 6.3939e-01 1.2762e+04 1.2513e+01 1.6046e+00
5.8627e+01 1.2754e+04 9.4894e-04 6.2392e-01 1.2754e+04 1.2102e+01 1.5655e+00
5.9020e+01 1.2745e+04 9.1564e-04 6.0753e-01 1.2745e+04 1.1670e+01 1.5242e+00
5.9412e+01 1.2735e+04 8.8082e-04 5.9019e-01 1.2735e+04 1.1217e+01 1.4804e+00
5.9804e+01 1.2725e+04 8.4420e-04 5.7182e-01 1.2725e+04 1.0743e+01 1.4341e+00
6.0196e+01 1.2715e+04 8.0586e-04 5.5234e-01 1.2715e+04 1.0246e+01 1.3850e+00
6.0588e+01 1.2704e+04 7.6565e-04 5.3171e-01 1.2704e+04 9.7267e+00 1.3330e+00
6.0980e+01 1.2692e+04 7.2356e-04 5.0984e-01 1.2692e+04 9.1835e+00 1.2779e+00
6.1373e+01 1.2680e+04 6.7948e-04 4.8666e-01 1.2680e+04 8.6159e+00 1.2196e+00
6.1765e+01 1.2667e+04 6.3338e-04 4.6211e-01 1.2667e+04 8.0233e+00 1.1578e+00
6.2157e+01 1.2654e+04 5.8517e-04 4.3610e-01 1.2654e+04 7.4048e+00 1.0924e+00
6.2549e+01 1.2640e+04 5.3477e-04 4.0854e-01 1.2640e+04 6.7597e+00 1.0232e+00
6.2941e+01 1.2626e+04 4.8209e-04 3.7935e-01 1.2626e+04 6.0869e+00 9.4983e-01
6.3333e+01 1.2611e+04 4.2701e-04 3.4839e-01 1.2611e+04 5.3852e+00 8.7213e-01
6.3725e+01 1.2596e+04 3.6943e-04 3.1556e-01 1.2596e+04 4.6532e+00 7.8975e-01
6.4118e+01 1.2580e+04 3.0933e-04 2.8077e-01 1.2580e+04 3.8914e+00 7.0252e-01
6.4510e+01 1.2564e+04 2.4722e-04 2.4425e-01 1.2564e+04 3.1059e+00 6.1100e-01
6.4902e+01 1.2547e+04 1.8484e-04 2.0706e-01 1.2547e+04 2.3193e+00 5.1787e-01
6.5294e+01 1.2533e+04 1.2611e-04 1.7181e-01 1.2533e+04 1.5805e+00 4.2963e-01
6.5686e+01 1.2520e+04 7.6609e-05 1.4238e-01 1.2520e+04 9.5914e-01 3.5599e-01
6.6078e+01 1.2511e+04 4.0823e-05 1.2176e-01 1.2511e+04 5.1073e-01 3.0440e-01
6.6471e+01 1.2505e+04 1.9155e-05 1.0984e-01 1.2505e+04 2.3954e-01 2.7460e-01
6.6863e+01 1.2502e+04 8.1047e-06 1.0405e-01 1.2502e+04 1.0133e-01 2.6013e-01
6.7255e+01 1.2501e+04 3.1986e-06 1.0158e-01 1.2501e+04 3.9986e-02 2.5394e-01
6.7647e+01 1.2500e+04 1.2133e-06 1.0060e-01 1.2500e+04 1.5166e-02 2.5149e-01
6.8039e+01 1.2500e+04 4.5076e-07 1.0022e-01 1.2500e+04 5.6346e-03 2.5055e-01
6.8431e+01 1.2500e+04 1.6559e-07 1.0008e-01 1.2500e+04 2.0699e-03 2.5020e-01
6.8824e+01 1.2500e+04 6.0389e-08 1.0003e-01 1.2500e+04 7.5486e-04 2.5007e-01
6.9216e+01 1.2500e+04 2.1897e-08 1.0001e-01 1.2500e+04 2.7371e-04 2.5003e-01
6.9608e+01 1.2500e+04 7.8989e-09 1.0000e-01 1.2500e+04 9.8737e-05 2.5001e-01
7.0000e+01 1.2500e+04 2.8351e-09 1.0000e-01 1.2500e+04 3.5439e-05 2.5000e-01
7.0392e+01 1.2500e+04 1.0126e-09 1.0000e-01 1.2500e+04 1.2657e-05 2.5000e-01
7.0784e+01 1.2500e+04 3.5984e-10 1.0000e-01 1.2500e+04 4.4981e-06 2.5000e-01
7.1176e+01 1.2500e+04 1.2724e-10 1.0000e-01 1.2500e+04 1.5905e-06 2.5000e-01
7.1569e+01 1.2500e+04 4.4765e-11 1.0000e-01 1.2500e+04 5.5956e-07 2.5000e-01
7.1961e+01 1.2500e+04 1.5669e-11 1.0000e-01 1.2500e+04 1.9586e-07 2.5000e-01
7.2353e+01 1.2500e+04 5.4561e-12 1.0000e-01 1.2500e+04 6.8202e-08 2.5000e-01
7.2745e+01 1.2500e+04 1.8901e-12 1.0000e-01 1.2500e+04 2.3626e-08 2.5000e-01
7.3137e+01 1.2500e+04 6.5134e-13 1.0000e-01 1.2500e+04 8.1418e-09 2.5000e-01
7.3529e+01 1.2500e+04 2.2327e-13 1.0000e-01 1.2500e+04 2.7909e-09 2.5000e-01
7.3922e+01 1.2500e+04 7.6128e-14 1.0000e-01 1.2500e+04 9.5160e-10 2.5000e-01
7.4314e+01 1.2500e+04 2.5816e-14 1.0000e-01 1.2500e+04 3.2271e-10 2.5000e-01
7.4706e+01 1.2500e+04 8.7065e-15 1.0000e-01 1.2500e+04 1.0883e-10 2.5000e-01
7.5098e+01 1.2500e+04 2.9192e-15 1.0000e-01 1.2500e+04 3.6490e-11 2.5000e-01
7.5490e+01 1.2500e+04 9.7262e-16 1.0000e-01 1.2500e+04 1.2158e-11 2.5000e-01
7.5882e+01 1.2500e+04 3.2146e-16 1.0000e-01 1.2500e+04 4.0182e-12 2.5000e-01
7.6275e+01 1.2500e+04 1.0482e-16 1.0000e-01 1.2500e+04 1.3102e-12 2.5000e-01
7.6667e+01 1.2500e+04 3.3303e-17 1.0000e-01 1.2500e+04 4.1628e-13 2.5000e-01
7.7059e+01 1.2500e+04 9.8889e-18 1.0000e-01 1.2500e+04 1.2361e-13 2.5000e-01
7.7451e+01 1.2500e+04 2.3413e-18 1.0000e-01 1.2500e+04 2.9266e-14 2.5000e-01
7.7843e+01 1.2500e+04 1.9138e-19 1.0000e-01 1.2500e+04 2.3923e-15 2.5000e-01
7.8235e+01 1.2500e+04 0.0000e+00 1.0000e-01 1.2500e+04 0.0000e+00 2.5000e-01
7.8627e+01 1.2500e+04 0.0000e+00 1.0000e-01 1.2500e+04 0.0000e+00 2.5000e-01
7.9020e+01 1.2500e+04 0.0000e+00 1.0000e-01 1.2500e+04 0.0000e+00 2.5000e-01
7.9412e+01 1.2500e+04 0.0000e+00 1.0000e-01 1.2500e+04 0.0000e+00 2.5000e-01
7.9804e+01 1.2500e+04 0.0000e+00 1.0000e-01 1.2500e+04 0.0000e+00 2.5000e-01
8.0196e+01 1.2500e+04 0.0000e+00 1.0000e-01 1.2500e+04 0.0000e+00 2.5000e-01
8.0588e+01 1.2500e+04 0.0000e+00 1.0000e-01 1.2500e+04 0.0000e+00 2.5000e-01
8.0980e+01 1.2500e+04 0.0000e+00 1.0000e-01 1.2500e+04 0.0000e+00 2.5000e-01
8.1373e+01 1.2500e+04 0.0000e+00 1.0000e-01 1.2500e+04 0.0000e+00 2.5000e-01
8.1765e+01 1.2500e+04 0.0000e+00 1.0000e-01 1.2500e+04 0.0000e+00 2.5000e-01
8.2157e+01 1.2500e+04 0.0000e+00 1.0000e-01 1.2500e+04 0.0000e+00 2.5000e-01
8.2549e+01 1.2500e+04 0.0000e+00 1.0000e-01 1.2500e+04 0.0000e+00 2.5000e-01
8.2941e+01 1.2500e+04 0.0000e+00 1.0000e-01 1.2500e+04 0.0000e+00 2.5000e-01
8.3333e+01 1.2500e+04 0.0000e+00 1.0000e-01 1.2500e+04 0.0000e+00 2.5000e-01
8.3725e+01 1.2500e+04 0.0000e+00 1.0000e-01 1.2500e+04 0.0000e+00 2.5000e-01
8.4118e+01 1.2500e+04 0.0000e+00 1.0000e-01 1.2500e+04 0.0000e+00 2.5000e-01
8.4510e+01 1.2500e+04 0.0000e+00 1.0000e-01 1.2500e+04 0.0000e+00 2.5000e-01
8.4902e+01 1.2500e+04 0.0000e+00 1.0000e-01 1.2500e+04 0.0000e+00 2.5000e-01
8.5294e+01 1.2500e+04 0.0000e+00 1.0000e-01 1.2500e+04 0.0000e+00 2.5000e-01
8.5686e+01 1.2500e+04 0.0000e+00 1.0000e-01 1.2500e+04 0.0000e+00 2.5000e-01
8.6078e+01 1.2500e+04 0.0000e+00 1.0000e-01 1.2500e+04 0.0000e+00 2.5000e-01
8.6471e+01 1.2500e+04 0.0000e+00 1.0000e-01 1.2500e+04 0.0000e+00 2.5000e-01
8.6863e+01 1.2500e+04 0.0000e+00 1.0000e-01 1.2500e+04 0.0000e+00 2.5000e-01
8.7255e+01 1.2500e+04 0.0000e+00 1.0000e-01 1.2500e+04 0.0000e+00 2.5000e-01
8.7647e+01 1.2500e+04 0.0000e+00 1.0000e-01 1.2500e+04 0.0000e+00 2.5000e-01
8.8039e+01 1.2500e+04 0.0000e+00 1.0000e-01 1.2500e+04 0.0000e+00 2.5000e-01
8.8431e+01 1.2500e+04 0.0000e+00 1.0000e-01 1.2500e+04 0.0000e+00 2.5000e-01
8.8824e+01 1.2500e+04 0.0000e+00 1.0000e-01 1.2500e+04 0.0000e+00 2.5000e-01
8.9216e+01 1.2500e+04 0.0000e+00 1.0000e-01 1.2500e+04 0.0000e+00 2.5000e-01
8.9608e+01 1.2500e+04 0.0000e+00 1.0000e-01 1.2500e+04 0.0000e+00 2.5000e-01
9.0000e+01 1.2500e+04 0.0000e+00 1.0000e-01 1.2500e+04 0.0000e+00 2.5000e-01
9.0392e+01 1.2500e+04 0.0000e+00 1.0000e-01 1.2500e+04 0.0000e+00 2.5000e-01
9.0784e+01 1.2500e+04 0.0000e+00 1.0000e-01 1.2500e+04 0.0000e+00 2.5000e-01
9.1176e+01 1.2500e+04 0.0000e+00 1.0000e-01 1.2500e+04 0.0000e+00 2.5000e-01
9.1569e+01 1.2500e+04 0.0000e+00 1.0000e-01 1.2500e+04 0.0000e+00 2.5000e-01
9.1961e+01 1.2500e+04 0.0000e+00 1.0000e-01 1.2500e+04 0.0000e+00 2.5000e-01
9.2353e+01 1.2500e+04 0.0000e+00 1.0000e-01 1.2500e+04 0.0000e+00 2.5000e-01
9.2745e+01 1.2500e+04 0.0000e+00 1.0000e-01 1.2500e+04 0.0000e+00 2.5000e-01
9.3137e+01 1.2500e+04 0.0000e+00 1.0000e-01 1.2500e+04 0.0000e+00 2.5000e-01
9.3529e+01 1.2500e+04 0.0000e+00 1.0000e-01 1.2500e+04 0.0000e+00 2.5000e-01
9.3922e+01 1.2500e+04 0.0000e+00 1.0000e-01 1.2500e+04 0.0000e+00 2.5000e-01
9.4314e+01 1.2500e+04 0.0000e+00 1.0000e-01 1.2500e+04 0.0000e+00 2.5000e-01
9.4706e+01 1.2500e+04 0.0000e+00 1.0000e-01 1.2500e+04 0.0000e+00 2.5000e-01
9.5098e+01 1.2500e+04 0.0000e+00 1.0000e-01 1.2500e+04 0.0000e+00 2.5000e-01
9.5490e+01 1.2500e+04 0.0000e+00 1.0000e-01 1.2500e+04 0.0000e+00 2.5000e-01
9.5882e+01 1.2500e+04 0.0000e+00 1.0000e-01 1.2500e+04 0.0000e+00 2.5000e-01
9.6275e+01 1.2500e+04 0.0000e+00 1.0000e-01 1.2500e+04 0.0000e+00 2.5000e-01
9.6667e+01 1.2500e+04 0.0000e+00 1.0000e-01 1.2500e+04 0.0000e+00 2.5000e-01
9.7059e+01 1.2500e+04 0.0000e+00 1.0000e-01 1.2500e+04 0.0000e+00 2.5000e-01
9.7451e+01 1.2500e+04 0.0000e+00 1.0000e-01 1.2500e+04 0.0000e+00 2.5000e-01
9.7843e+01 1.2500e+04 0.0000e+00 1.0000e-01 1.2500e+04 0.0000e+00 2.5000e-01
9.8235e+01 1.2500e+04 0.0000e+00 1.0000e-01 1.2500e+04 0.0000e+00 2.5000e-01
9.8627e+01 1.2500e+04 0.0000e+00 1.0000e-01 1.2500e+04 0.0000e+00 2.5000e-01
9.9020e+01 1.2500e+04 0.0000e+00 1.0000e-01 1.2500e+04 0.0000e+00 2.5000e-01
9.9412e+01 1.2500e+04 0.0000e+00 1.0000e-01 1.2500e+04 0.0000e+00 2.5000e-01
9.9804e+01 1.2500e+04 0.0000e+00 1.0000e-01 1.2500e+04 0.0000e+00 2.5000e-01
