# # x Density Velocity Pressure q0 q1 q2
1.9608e-01 1.0000e+05 0.0000e+00 1.0000e+00 1.0000e+05 0.0000e+00 2.5000e+00
5.8824e-01 1.0000e+05 0.0000e+00 1.0000e+00 1.0000e+05 0.0000e+00 2.5000e+00
9.8039e-01 1.0000e+05 0.0000e+00 1.0000e+00 1.0000e+05 0.0000e+00 2.5000e+00
1.3725e+00 1.0000e+05 0.0000e+00 1.0000e+00 1.0000e+05 0.0000e+00 2.5000e+00
1.7647e+00 1.0000e+05 0.0000e+00 1.0000e+00 1.0000e+05 0.0000e+00 2.5000e+00
2.1569e+00 1.0000e+05 0.0000e+00 1.0000e+00 1.0000e+05 0.0000e+00 2.5000e+00
2.5490e+00 1.0000e+05 0.0000e+00 1.0000e+00 1.0000e+05 0.0000e+00 2.5000e+00
2.9412e+00 1.0000e+05 0.0000e+00 1.0000e+00 1.0000e+05 0.0000e+00 2.5000e+00
3.3333e+00 1.0000e+05 0.0000e+00 1.0000e+00 1.0000e+05 0.0000e+00 2.5000e+00
3.7255e+00 1.0000e+05 0.0000e+00 1.0000e+00 1.0000e+05 0.0000e+00 2.5000e+00
4.1176e+00 1.0000e+05 0.0000e+00 1.0000e+00 1.0000e+05 0.0000e+00 2.5000e+00
4.5098e+00 1.0000e+05 0.0000e+00 1.0000e+00 1.0000e+05 0.0000e+00 2.5000e+00
4.9020e+00 1.0000e+05 0.0000e+00 1.0000e+00 1.0000e+05 0.0000e+00 2.5000e+00
5.2941e+00 1.0000e+05 0.0000e+00 1.0000e+00 1.0000e+05 0.0000e+00 2.5000e+00
5.6863e+00 1.0000e+05 0.0000e+00 1.0000e+00 1.0000e+05 0.0000e+00 2.5000e+00
6.0784e+00 1.0000e+05 0.0000e+00 1.0000e+00 1.0000e+05 0.0000e+00 2.5000e+00
6.4706e+00 1.0000e+05 0.0000e+00 1.0000e+00 1.0000e+05 0.0000e+00 2.5000e+00
6.8627e+00 1.0000e+05 0.0000e+00 1.0000e+00 1.0000e+05 0.0000e+00 2.5000e+00
7.2549e+00 1.0000e+05 0.0000e+00 1.0000e+00 1.0000e+05 0.0000e+00 2.5000e+00
7.6471e+00 1.0000e+05 0.0000e+00 1.0000e+00 1.0000e+05 0.0000e+00 2.5000e+00
8.0392e+00 1.0000e+05 0.0000e+00 1.0000e+00 1.0000e+05 0.0000e+00 2.5000e+00
8.4314e+00 1.0000e+05 0.0000e+00 1.0000e+00 1.0000e+05 0.0000e+00 2.5000e+00
8.8235e+00 1.0000e+05 0.0000e+00 1.0000e+00 1.0000e+05 0.0000e+00 2.5000e+00
9.2157e+00 1.0000e+05 0.0000e+00 1.0000e+00 1.0000e+05 0.0000e+00 2.5000e+00
9.6078e+00 1.0000e+05 0.0000e+00 1.0000e+00 1.0000e+05 0.0000e+00 2.5000e+00
1.0000e+01 1.0000e+05 0.0000e+00 1.0000e+00 1.0000e+05 0.0000e+00 2.5000e+00
1.0392e+01 1.0000e+05 0.0000e+00 1.0000e+00 1.0000e+05 0.0000e+00 2.5000e+00
1.0784e+01 1.0000e+05 0.0000e+00 1.0000e+00 1.0000e+05 0.0000e+00 2.5000e+00
1.1176e+01 1.0000e+05 0.0000e+00 1.0000e+00 1.0000e+05 0.0000e+00 2.5000e+00
1.1569e+01 1.0000e+05 0.0000e+00 1.0000e+00 1.0000e+05 0.0000e+00 2.5000e+00
1.1961e+01 1.0000e+05 0.0000e+00 1.0000e+00 1.0000e+05 0.0000e+00 2.5000e+00
1.2353e+01 1.0000e+05 0.0000e+00 1.0000e+00 1.0000e+05 0.0000e+00 2.5000e+00
1.2745e+01 1.0000e+05 0.0000e+00 1.0000e+00 1.0000e+05 0.0000e+00 2.5000e+00
1.3137e+01 1.0000e+05 0.0000e+00 1.0000e+00 1.0000e+05 0.0000e+00 2.5000e+00
1.3529e+01 1.0000e+05 0.0000e+00 1.0000e+00 1.0000e+05 0.0000e+00 2.5000e+00
1.3922e+01 1.0000e+05 0.0000e+00 1.0000e+00 1.0000e+05 0.0000e+00 2.5000e+00
1.4314e+01 1.0000e+05 0.0000e+00 1.0000e+00 1.0000e+05 0.0000e+00 2.5000e+00
1.4706e+01 1.0000e+05 0.0000e+00 1.0000e+00 1.0000e+05 0.0000e+00 2.5000e+00
1.5098e+01 1.0000e+05 0.0000e+00 1.0000e+00 1.0000e+05 0.0000e+00 2.5000e+00
1.5490e+01 1.0000e+05 0.0000e+00 1.0000e+00 1.0000e+05 0.0000e+00 2.5000e+00
1.5882e+01 1.0000e+05 0.0000e+00 1.0000e+00 1.0000e+05 0.0000e+00 2.5000e+00
1.6275e+01 1.0000e+05 0.0000e+00 1.0000e+00 1.0000e+05 0.0000e+00 2.5000e+00
1.6667e+01 1.0000e+05 0.0000e+00 1.0000e+00 1.0000e+05 0.0000e+00 2.5000e+00
1.7059e+01 1.0000e+05 0.0000e+00 1.0000e+00 1.0000e+05 0.0000e+00 2.5000e+00
1.7451e+01 1.0000e+05 0.0000e+00 1.0000e+00 1.0000e+05 0.0000e+00 2.5000e+00
1.7843e+01 1.0000e+05 0.0000e+00 1.0000e+00 1.0000e+05 0.0000e+00 2.5000e+00
1.8235e+01 1.0000e+05 0.0000e+00 1.0000e+00 1.0000e+05 0.0000e+00 2.5000e+00
1.8627e+01 1.0000e+05 0.0000e+00 1.0000e+00 1.0000e+05 0.0000e+00 2.5000e+00
1.9020e+01 1.0000e+05 0.0000e+00 1.0000e+00 1.0000e+05 0.0000e+00 2.5000e+00
1.9412e+01 1.0000e+05 0.0000e+00 1.0000e+00 1.0000e+05 0.0000e+00 2.5000e+00
1.9804e+01 1.0000e+05 0.0000e+00 1.0000e+00 1.0000e+05 0.0000e+00 2.5000e+00
2.0196e+01 1.0000e+05 0.0000e+00 1.0000e+00 1.0000e+05 0.0000e+00 2.5000e+00
2.0588e+01 1.0000e+05 0.0000e+00 1.0000e+00 1.0000e+05 0.0000e+00 2.5000e+00
2.0980e+01 1.0000e+05 0.0000e+00 1.0000e+00 1.0000e+05 0.0000e+00 2.5000e+00
2.1373e+01 1.0000e+05 0.0000e+00 1.0000e+00 1.0000e+05 0.0000e+00 2.5000e+00
2.1765e+01 1.0000e+05 0.0000e+00 1.0000e+00 1.0000e+05 0.0000e+00 2.5000e+00
2.2157e+01 1.0000e+05 0.0000e+00 1.0000e+00 1.0000e+05 0.0000e+00 2.5000e+00
2.2549e+01 1.0000e+05 1.2004e-19 1.0000e+00 1.0000e+05 1.2004e-14 2.5000e+00
2.2941e+01 1.0000e+05 8.9377e-19 1.0000e+00 1.0000e+05 8.9377e-14 2.5000e+00
2.3333e+01 1.0000e+05 2.8942e-18 1.0000e+00 1.0000e+05 2.8942e-13 2.5000e+00
2.3725e+01 1.0000e+05 6.4724e-18 1.0000e+00 1.0000e+05 6.4724e-13 2.5000e+00
2.4118e+01 1.0000e+05 1.3276e-17 1.0000e+00 1.0000e+05 1.3276e-12 2.5000e+00
2.4510e+01 1.0000e+05 2.7786e-17 1.0000e+00 1.0000e+05 2.7786e-12 2.5000e+00
2.4902e+01 1.0000e+05 6.0283e-17 1.0000e+00 1.0000e+05 6.0283e-12 2.5000e+00
2.5294e+01 1.0000e+05 1.3348e-16 1.0000e+00 1.0000e+05 1.3348e-11 2.5000e+00
2.5686e+01 1.0000e+05 2.9711e-16 1.0000e+00 1.0000e+05 2.9711e-11 2.5000e+00
2.6078e+01 1.0000e+05 6.5900e-16 1.0000e+00 1.0000e+05 6.5900e-11 2.5000e+00
2.6471e+01 1.0000e+05 1.4515e-15 1.0000e+00 1.0000e+05 1.4515e-10 2.5000e+00
2.6863e+01 1.0000e+05 3.1667e-15 1.0000e+00 1.0000e+05 3.1667e-10 2.5000e+00
2.7255e+01 1.0000e+05 6.8367e-15 1.0000e+00 1.0000e+05 6.8367e-10 2.5000e+00
2.7647e+01 1.0000e+05 1.4604e-14 1.0000e+00 1.0000e+05 1.4604e-09 2.5000e+00
2.8039e+01 1.0000e+05 3.0857e-14 1.0000e+00 1.0000e+05 3.0857e-09 2.5000e+00
2.8431e+01 1.0000e+05 6.4478e-14 1.0000e+00 1.0000e+05 6.4478e-09 2.5000e+00
2.8824e+01 1.0000e+05 1.3323e-13 1.0000e+00 1.0000e+05 1.3323e-08 2.5000e+00
2.9216e+01 1.0000e+05 2.7221e-13 1.0000e+00 1.0000e+05 2.7221e-08 2.5000e+00
2.9608e+01 1.0000e+05 5.4991e-13 1.0000e+00 1.0000e+05 5.4991e-08 2.5000e+00
3.0000e+01 1.0000e+05 1.0983e-12 1.0000e+00 1.0000e+05 1.0983e-07 2.5000e+00
3.0392e+01 1.0000e+05 2.1686e-12 1.0000e+00 1.0000e+05 2.1686e-07 2.5000e+00
3.0784e+01 1.0000e+05 4.2329e-12 1.0000e+00 1.0000e+05 4.2329e-07 2.5000e+00
3.1176e+01 1.0000e+05 8.1668e-12 1.0000e+00 1.0000e+05 8.1668e-07 2.5000e+00
3.1569e+01 1.0000e+05 1.5574e-11 1.0000e+00 1.0000e+05 1.5574e-06 2.5000e+00
3.1961e+01 1.0000e+05 2.9355e-11 1.0000e+00 1.0000e+05 2.9355e-06 2.5000e+00
3.2353e+01 1.0000e+05 5.4682e-11 1.0000e+00 1.0000e+05 5.4682e-06 2.5000e+00
3.2745e+01 1.0000e+05 1.0066e-10 1.0000e+00 1.0000e+05 1.0066e-05 2.5000e+00
3.3137e+01 1.0000e+05 1.8312e-10 1.0000e+00 1.0000e+05 1.8312e-05 2.5000e+00
3.3529e+01 1.0000e+05 3.2916e-10 1.0000e+00 1.0000e+05 3.2916e-05 2.5000e+00
3.3922e+01 1.0000e+05 5.8460e-10 1.0000e+00 1.0000e+05 5.8460e-05 2.5000e+00
3.4314e+01 1.0000e+05 1.0259e-09 1.0000e+00 1.0000e+05 1.0259e-04 2.5000e+00
3.4706e+01 1.0000e+05 1.7785e-09 9.9999e-01 1.0000e+05 1.7785e-04 2.5000e+00
3.5098e+01 1.0000e+05 3.0460e-09 9.9999e-01 1.0000e+05 3.0460e-04 2.5000e+00
3.5490e+01 1.0000e+05 5.1536e-09 9.9998e-01 1.0000e+05 5.1536e-04 2.5000e+00
3.5882e+01 1.0000e+05 8.6131e-09 9.9997e-01 1.0000e+05 8.6131e-04 2.4999e+00
3.6275e+01 1.0000e+05 1.4219e-08 9.9996e-01 1.0000e+05 1.4219e-03 2.4999e+00
3.6667e+01 1.0000e+05 2.3185e-08 9.9993e-01 1.0000e+05 2.3185e-03 2.4998e+00
3.7059e+01 1.0000e+05 3.7340e-08 9.9989e-01 1.0000e+05 3.7340e-03 2.4997e+00
3.7451e+01 1.0000e+05 5.9392e-08 9.9983e-01 1.0000e+05 5.9392e-03 2.4996e+00
3.7843e+01 1.0000e+05 9.3298e-08 9.9974e-01 1.0000e+05 9.3298e-03 2.4994e+00
3.8235e+01 9.9999e+04 1.4474e-07 9.9961e-01 9.9999e+04 1.4474e-02 2.4990e+00
3.8627e+01 9.9999e+04 2.2174e-07 9.9942e-01 9.9999e+04 2.2174e-02 2.4985e+00
3.9020e+01 9.9999e+04 3.3547e-07 9.9915e-01 9.9999e+04 3.3547e-02 2.4979e+00
3.9412e+01 9.9998e+04 5.0117e-07 9.9876e-01 9.9998e+04 5.0116e-02 2.4969e+00
3.9804e+01 9.9997e+04 7.3934e-07 9.9822e-01 9.9997e+04 7.3932e-02 2.4955e+00
4.0196e+01 9.9995e+04 1.0770e-06 9.9748e-01 9.9995e+04 1.0769e-01 2.4937e+00
4.0588e+01 9.9993e+04 1.5491e-06 9.9648e-01 9.9993e+04 1.5490e-01 2.4912e+00
4.0980e+01 9.9990e+04 2.2002e-06 9.9516e-01 9.9990e+04 2.2000e-01 2.4879e+00
4.1373e+01 9.9986e+04 3.0856e-06 9.9342e-01 9.9986e+04 3.0852e-01 2.4836e+00
4.1765e+01 9.9980e+04 4.2730e-06 9.9119e-01 9.9980e+04 4.2721e-01 2.4780e+00
4.2157e+01 9.9971e+04 5.8430e-06 9.8836e-01 9.9971e+04 5.8413e-01 2.4709e+00
4.2549e+01 9.9960e+04 7.8897e-06 9.8482e-01 9.9960e+04 7.8865e-01 2.4621e+00
4.2941e+01 9.9946e+04 1.0520e-05 9.8049e-01 9.9946e+04 1.0515e+00 2.4512e+00
4.3333e+01 9.9926e+04 1.3854e-05 9.7526e-01 9.9926e+04 1.3843e+00 2.4382e+00
4.3725e+01 9.9901e+04 1.8018e-05 9.6905e-01 9.9901e+04 1.8000e+00 2.4226e+00
4.4118e+01 9.9868e+04 2.3148e-05 9.6181e-01 9.9868e+04 2.3117e+00 2.4045e+00
4.4510e+01 9.9827e+04 2.9377e-05 9.5349e-01 9.9827e+04 2.9327e+00 2.3838e+00
4.4902e+01 9.9776e+04 3.6839e-05 9.4411e-01 9.9776e+04 3.6757e+00 2.3603e+00
4.5294e+01 9.9713e+04 4.5656e-05 9.3368e-01 9.9713e+04 4.5525e+00 2.3343e+00
4.5686e+01 9.9635e+04 5.5936e-05 9.2228e-01 9.9635e+04 5.5732e+00 2.3059e+00
4.6078e+01 9.9542e+04 6.7769e-05 9.0999e-01 9.9542e+04 6.7459e+00 2.2752e+00
4.6471e+01 9.9431e+04 8.1222e-05 8.9691e-01 9.9431e+04 8.0760e+00 2.2426e+00
4.6863e+01 9.9301e+04 9.6375e-05 8.8317e-01 9.9301e+04 9.5701e+00 2.2084e+00
4.7255e+01 9.9143e+04 1.1304e-04 8.6880e-01 9.9143e+04 1.1207e+01 2.1726e+00
4.7647e+01 9.8992e+04 1.3249e-04 8.5433e-01 9.8992e+04 1.3116e+01 2.1367e+00
4.8039e+01 9.8664e+04 1.4838e-04 8.3768e-01 9.8664e+04 1.4639e+01 2.0953e+00
4.8431e+01 9.8914e+04 1.8693e-04 8.2791e-01 9.8914e+04 1.8490e+01 2.0715e+00
4.8824e+01 9.7279e+04 1.6257e-04 7.9627e-01 9.7279e+04 1.5815e+01 1.9920e+00
4.9216e+01 9.9255e+04 2.7627e-04 8.1014e-01 9.9255e+04 2.7421e+01 2.0291e+00
4.9608e+01 1.0471e+05 2.1922e-04 7.6653e-01 1.0471e+05 2.2954e+01 1.9188e+00
5.0000e+01 1.4873e+04 2.9441e-04 7.7118e-01 1.4873e+04 4.3787e+00 1.9286e+00
5.0392e+01 1.0707e+04 3.2331e-04 7.5484e-01 1.0707e+04 3.4617e+00 1.8877e+00
5.0784e+01 1.1039e+04 5.5314e-04 7.6027e-01 1.1039e+04 6.1063e+00 1.9024e+00
5.1176e+01 1.1860e+04 8.5908e-04 7.7841e-01 1.1860e+04 1.0188e+01 1.9504e+00
5.1569e+01 1.2374e+04 1.1800e-03 8.0336e-01 1.2374e+04 1.4602e+01 2.0170e+00
5.1961e+01 1.2746e+04 1.2898e-03 8.0673e-01 1.2746e+04 1.6440e+01 2.0274e+00
5.2353e+01 1.2780e+04 1.3251e-03 8.0359e-01 1.2780e+04 1.6935e+01 2.0202e+00
5.2745e+01 1.2838e+04 1.2963e-03 7.9438e-01 1.2838e+04 1.6642e+01 1.9967e+00
5.3137e+01 1.2803e+04 1.2931e-03 7.8777e-01 1.2803e+04 1.6556e+01 1.9801e+00
5.3529e+01 1.2831e+04 1.2668e-03 7.7839e-01 1.2831e+04 1.6255e+01 1.9563e+00
5.3922e+01 1.2810e+04 1.2562e-03 7.7026e-01 1.2810e+04 1.6092e+01 1.9358e+00
5.4314e+01 1.2823e+04 1.2318e-03 7.6042e-01 1.2823e+04 1.5794e+01 1.9108e+00
5.4706e+01 1.2810e+04 1.2159e-03 7.5108e-01 1.2810e+04 1.5576e+01 1.8872e+00
5.5098e+01 1.2814e+04 1.1920e-03 7.4067e-01 1.2814e+04 1.5274e+01 1.8608e+00
5.5490e+01 1.2805e+04 1.1725e-03 7.3034e-01 1.2805e+04 1.5013e+01 1.8346e+00
5.5882e+01 1.2804e+04 1.1481e-03 7.1926e-01 1.2804e+04 1.4701e+01 1.8066e+00
5.6275e+01 1.2797e+04 1.1256e-03 7.0798e-01 1.2797e+04 1.4404e+01 1.7780e+00
5.6667e+01 1.2793e+04 1.1001e-03 6.9606e-01 1.2793e+04 1.4074e+01 1.7479e+00
5.7059e+01 1.2786e+04 1.0749e-03 6.8371e-01 1.2786e+04 1.3743e+01 1.7167e+00
5.7451e+01 1.2780e+04 1.0475e-03 6.7070e-01 1.2780e+04 1.3387e+01 1.6838e+00
5.7843e+01 1.2772e+04 1.0194e-03 6.5707e-01 1.2772e+04 1.3021e+01 1.6493e+00
5.8235e+01 1.2765e+04 9.8958e-04 6.4268e-01 1.2765e+04 1.2632e+01 1.6130e+00
5.8627e+01 1.2757e+04 9.5857e-04 6.2752e-01 1.2757e+04 1.2228e+01 1.5747e+00
5.9020e+01 1.2748e+04 9.2582e-04 6.1147e-01 1.2748e+04 1.1802e+01 1.5341e+00
5.9412e+01 1.2739e+04 8.9159e-04 5.9451e-01 1.2739e+04 1.1358e+01 1.4913e+00
5.9804e+01 1.2729e+04 8.5561e-04 5.7654e-01 1.2729e+04 1.0891e+01 1.4460e+00
6.0196e+01 1.2719e+04 8.1795e-04 5.5750e-01 1.2719e+04 1.0403e+01 1.3980e+00
6.0588e+01 1.2708e+04 7.7845e-04 5.3734e-01 1.2708e+04 9.8924e+00 1.3472e+00
6.0980e+01 1.2696e+04 7.3711e-04 5.1599e-01 1.2696e+04 9.3586e+00 1.2934e+00
6.1373e+01 1.2684e+04 6.9383e-04 4.9337e-01 1.2684e+04 8.8009e+00 1.2365e+00
6.1765e+01 1.2672e+04 6.4857e-04 4.6941e-01 1.2672e+04 8.2187e+00 1.1762e+00
6.2157e+01 1.2659e+04 6.0126e-04 4.4404e-01 1.2659e+04 7.6113e+00 1.1124e+00
6.2549e+01 1.2645e+04 5.5180e-04 4.1718e-01 1.2645e+04 6.9778e+00 1.0449e+00
6.2941e+01 1.2631e+04 5.0013e-04 3.8873e-01 1.2631e+04 6.3173e+00 9.7342e-01
6.3333e+01 1.2617e+04 4.4613e-04 3.5860e-01 1.2617e+04 5.6287e+00 8.9775e-01
6.3725e+01 1.2601e+04 3.8969e-04 3.2665e-01 1.2601e+04 4.9106e+00 8.1757e-01
6.4118e+01 1.2586e+04 3.3074e-04 2.9278e-01 1.2586e+04 4.1626e+00 7.3265e-01
6.4510e+01 1.2570e+04 2.6953e-04 2.5708e-01 1.2570e+04 3.3878e+00 6.4315e-01
6.4902e+01 1.2553e+04 2.0721e-04 2.2018e-01 1.2553e+04 2.6012e+00 5.5072e-01
6.5294e+01 1.2538e+04 1.4682e-04 1.8406e-01 1.2538e+04 1.8408e+00 4.6028e-01
6.5686e+01 1.2524e+04 9.3456e-05 1.5222e-01 1.2524e+04 1.1705e+00 3.8061e-01
6.6078e+01 1.2514e+04 5.2406e-05 1.2828e-01 1.2514e+04 6.5580e-01 3.2072e-01
6.6471e+01 1.2507e+04 2.5788e-05 1.1340e-01 1.2507e+04 3.2252e-01 2.8349e-01
6.6863e+01 1.2503e+04 1.1323e-05 1.0570e-01 1.2503e+04 1.4157e-01 2.6425e-01
6.7255e+01 1.2501e+04 4.5788e-06 1.0226e-01 1.2501e+04 5.7241e-02 2.5566e-01
6.7647e+01 1.2501e+04 1.7618e-06 1.0086e-01 1.2501e+04 2.2023e-02 2.5216e-01
6.8039e+01 1.2500e+04 6.6015e-07 1.0032e-01 1.2500e+04 8.2520e-03 2.5081e-01
6.8431e+01 1.2500e+04 2.4393e-07 1.0012e-01 1.2500e+04 3.0491e-03 2.5030e-01
6.8824e+01 1.2500e+04 8.9382e-08 1.0004e-01 1.2500e+04 1.1173e-03 2.5011e-01
6.9216e+01 1.2500e+04 3.2552e-08 1.0002e-01 1.2500e+04 4.0690e-04 2.5004e-01
6.9608e+01 1.2500e+04 1.1793e-08 1.0001e-01 1.2500e+04 1.4741e-04 2.5001e-01
7.0000e+01 1.2500e+04 4.2510e-09 1.0000e-01 1.2500e+04 5.3138e-05 2.5001e-01
7.0392e+01 1.2500e+04 1.5248e-09 1.0000e-01 1.2500e+04 1.9061e-05 2.5000e-01
7.0784e+01 1.2500e+04 5.4427e-10 1.0000e-01 1.2500e+04 6.8034e-06 2.5000e-01
7.1176e+01 1.2500e+04 1.9331e-10 1.0000e-01 1.2500e+04 2.4164e-06 2.5000e-01
7.1569e+01 1.2500e+04 6.8318e-11 1.0000e-01 1.2500e+04 8.5398e-07 2.5000e-01
7.1961e+01 1.2500e+04 2.4023e-11 1.0000e-01 1.2500e+04 3.0029e-07 2.5000e-01
7.2353e+01 1.2500e+04 8.4045e-12 1.0000e-01 1.2500e+04 1.0506e-07 2.5000e-01
7.2745e+01 1.2500e+04 2.9253e-12 1.0000e-01 1.2500e+04 3.6566e-08 2.5000e-01
7.3137e+01 1.2500e+04 1.0129e-12 1.0000e-01 1.2500e+04 1.2662e-08 2.5000e-01
7.3529e+01 1.2500e+04 3.4892e-13 1.0000e-01 1.2500e+04 4.3616e-09 2.5000e-01
7.3922e+01 1.2500e+04 1.1956e-13 1.0000e-01 1.2500e+04 1.4945e-09 2.5000e-01
7.4314e+01 1.2500e+04 4.0752e-14 1.0000e-01 1.2500e+04 5.0939e-10 2.5000e-01
7.4706e+01 1.2500e+04 1.3815e-14 1.0000e-01 1.2500e+04 1.7268e-10 2.5000e-01
7.5098e+01 1.2500e+04 4.6569e-15 1.0000e-01 1.2500e+04 5.8211e-11 2.5000e-01
7.5490e+01 1.2500e+04 1.5606e-15 1.0000e-01 1.2500e+04 1.9507e-11 2.5000e-01
7.5882e+01 1.2500e+04 5.1930e-16 1.0000e-01 1.2500e+04 6.4913e-12 2.5000e-01
7.6275e+01 1.2500e+04 1.7099e-16 1.0000e-01 1.2500e+04 2.1374e-12 2.5000e-01
7.6667e+01 1.2500e+04 5.5237e-17 1.0000e-01 1.2500e+04 6.9047e-13 2.5000e-01
7.7059e+01 1.2500e+04 1.7051e-17 1.0000e-01 1.2500e+04 2.1314e-13 2.5000e-01
7.7451e+01 1.2500e+04 4.6192e-18 1.0000e-01 1.2500e+04 5.7740e-14 2.5000e-01
7.7843e+01 1.2500e+04 7.8477e-19 1.0000e-01 1.2500e+04 9.8097e-15 2.5000e-01
7.8235e+01 1.2500e+04 1.6986e-20 1.0000e-01 1.2500e+04 2.1233e-16 2.5000e-01
7.8627e+01 1.2500e+04 0.0000e+00 1.0000e-01 1.2500e+04 0.0000e+00 2.5000e-01
7.9020e+01 1.2500e+04 0.0000e+00 1.0000e-01 1.2500e+04 0.0000e+00 2.5000e-01
7.9412e+01 1.2500e+04 0.0000e+00 1.0000e-01 1.2500e+04 0.0000e+00 2.5000e-01
7.9804e+01 1.2500e+04 0.0000e+00 1.0000e-01 1.2500e+04 0.0000e+00 2.5000e-01
8.0196e+01 1.2500e+04 0.0000e+00 1.0000e-01 1.2500e+04 0.0000e+00 2.5000e-01
8.0588e+01 1.2500e+04 0.0000e+00 1.0000e-01 1.2500e+04 0.0000e+00 2.5000e-01
8.0980e+01 1.2500e+04 0.0000e+00 1.0000e-01 1.2500e+04 0.0000e+00 2.5000e-01
8.1373e+01 1.2500e+04 0.0000e+00 1.0000e-01 1.2500e+04 0.0000e+00 2.5000e-01
8.1765e+01 1.2500e+04 0.0000e+00 1.0000e-01 1.2500e+04 0.0000e+00 2.5000e-01
8.2157e+01 1.2500e+04 0.0000e+00 1.0000e-01 1.2500e+04 0.0000e+00 2.5000e-01
8.2549e+01 1.2500e+04 0.0000e+00 1.0000e-01 1.2500e+04 0.0000e+00 2.5000e-01
8.2941e+01 1.2500e+04 0.0000e+00 1.0000e-01 1.2500e+04 0.0000e+00 2.5000e-01
8.3333e+01 1.2500e+04 0.0000e+00 1.0000e-01 1.2500e+04 0.0000e+00 2.5000e-01
8.3725e+01 1.2500e+04 0.0000e+00 1.0000e-01 1.2500e+04 0.0000e+00 2.5000e-01
8.4118e+01 1.2500e+04 0.0000e+00 1.0000e-01 1.2500e+04 0.0000e+00 2.5000e-01
8.4510e+01 1.2500e+04 0.0000e+00 1.0000e-01 1.2500e+04 0.0000e+00 2.5000e-01
8.4902e+01 1.2500e+04 0.0000e+00 1.0000e-01 1.2500e+04 0.0000e+00 2.5000e-01
8.5294e+01 1.2500e+04 0.0000e+00 1.0000e-01 1.2500e+04 0.0000e+00 2.5000e-01
8.5686e+01 1.2500e+04 0.0000e+00 1.0000e-01 1.2500e+04 0.0000e+00 2.5000e-01
8.6078e+01 1.2500e+04 0.0000e+00 1.0000e-01 1.2500e+04 0.0000e+00 2.5000e-01
8.6471e+01 1.2500e+04 0.0000e+00 1.0000e-01 1.2500e+04 0.0000e+00 2.5000e-01
8.6863e+01 1.2500e+04 0.0000e+00 1.0000e-01 1.2500e+04 0.0000e+00 2.5000e-01
8.7255e+01 1.2500e+04 0.0000e+00 1.0000e-01 1.2500e+04 0.0000e+00 2.5000e-01
8.7647e+01 1.2500e+04 0.0000e+00 1.0000e-01 1.2500e+04 0.0000e+00 2.5000e-01
8.8039e+01 1.2500e+04 0.0000e+00 1.0000e-01 1.2500e+04 0.0000e+00 2.5000e-01
8.8431e+01 1.2500e+04 0.0000e+00 1.0000e-01 1.2500e+04 0.0000e+00 2.5000e-01
8.8824e+01 1.2500e+04 0.0000e+00 1.0000e-01 1.2500e+04 0.0000e+00 2.5000e-01
8.9216e+01 1.2500e+04 0.0000e+00 1.0000e-01 1.2500e+04 0.0000e+00 2.5000e-01
8.9608e+01 1.2500e+04 0.0000e+00 1.0000e-01 1.2500e+04 0.0000e+00 2.5000e-01
9.0000e+01 1.2500e+04 0.0000e+00 1.0000e-01 1.2500e+04 0.0000e+00 2.5000e-01
9.0392e+01 1.2500e+04 0.0000e+00 1.0000e-01 1.2500e+04 0.0000e+00 2.5000e-01
9.0784e+01 1.2500e+04 0.0000e+00 1.0000e-01 1.2500e+04 0.0000e+00 2.5000e-01
9.1176e+01 1.2500e+04 0.0000e+00 1.0000e-01 1.2500e+04 0.0000e+00 2.5000e-01
9.1569e+01 1.2500e+04 0.0000e+00 1.0000e-01 1.2500e+04 0.0000e+00 2.5000e-01
9.1961e+01 1.2500e+04 0.0000e+00 1.0000e-01 1.2500e+04 0.0000e+00 2.5000e-01
9.2353e+01 1.2500e+04 0.0000e+00 1.0000e-01 1.2500e+04 0.0000e+00 2.5000e-01
9.2745e+01 1.2500e+04 0.0000e+00 1.0000e-01 1.2500e+04 0.0000e+00 2.5000e-01
9.3137e+01 1.2500e+04 0.0000e+00 1.0000e-01 1.2500e+04 0.0000e+00 2.5000e-01
9.3529e+01 1.2500e+04 0.0000e+00 1.0000e-01 1.2500e+04 0.0000e+00 2.5000e-01
9.3922e+01 1.2500e+04 0.0000e+00 1.0000e-01 1.2500e+04 0.0000e+00 2.5000e-01
9.4314e+01 1.2500e+04 0.0000e+00 1.0000e-01 1.2500e+04 0.0000e+00 2.5000e-01
9.4706e+01 1.2500e+04 0.0000e+00 1.0000e-01 1.2500e+04 0.0000e+00 2.5000e-01
9.5098e+01 1.2500e+04 0.0000e+00 1.0000e-01 1.2500e+04 0.0000e+00 2.5000e-01
9.5490e+01 1.2500e+04 0.0000e+00 1.0000e-01 1.2500e+04 0.0000e+00 2.5000e-01
9.5882e+01 1.2500e+04 0.0000e+00 1.0000e-01 1.2500e+04 0.0000e+00 2.5000e-01
9.6275e+01 1.2500e+04 0.0000e+00 1.0000e-01 1.2500e+04 0.0000e+00 2.5000e-01
9.6667e+01 1.2500e+04 0.0000e+00 1.0000e-01 1.2500e+04 0.0000e+00 2.5000e-01
9.7059e+01 1.2500e+04 0.0000e+00 1.0000e-01 1.2500e+04 0.0000e+00 2.5000e-01
9.7451e+01 1.2500e+04 0.0000e+00 1.0000e-01 1.2500e+04 0.0000e+00 2.5000e-01
9.7843e+01 1.2500e+04 0.0000e+00 1.0000e-01 1.2500e+04 0.0000e+00 2.5000e-01
9.8235e+01 1.2500e+04 0.0000e+00 1.0000e-01 1.2500e+04 0.0000e+00 2.5000e-01
9.8627e+01 1.2500e+04 0.0000e+00 1.0000e-01 1.2500e+04 0.0000e+00 2.5000e-01
9.9020e+01 1.2500e+04 0.0000e+00 1.0000e-01 1.2500e+04 0.0000e+00 2.5000e-01
9.9412e+01 1.2500e+04 0.0000e+00 1.0000e-01 1.2500e+04 0.0000e+00 2.5000e-01
9.9804e+01 1.2500e+04 0.0000e+00 1.0000e-01 1.2500e+04 0.0000e+00 2.5000e-01
