# # x Density Velocity Pressure q0 q1 q2
1.9608e-01 1.0000e+05 0.0000e+00 1.0000e+00 1.0000e+05 0.0000e+00 2.5000e+00
5.8824e-01 1.0000e+05 0.0000e+00 1.0000e+00 1.0000e+05 0.0000e+00 2.5000e+00
9.8039e-01 1.0000e+05 0.0000e+00 1.0000e+00 1.0000e+05 0.0000e+00 2.5000e+00
1.3725e+00 1.0000e+05 0.0000e+00 1.0000e+00 1.0000e+05 0.0000e+00 2.5000e+00
1.7647e+00 1.0000e+05 0.0000e+00 1.0000e+00 1.0000e+05 0.0000e+00 2.5000e+00
2.1569e+00 1.0000e+05 0.0000e+00 1.0000e+00 1.0000e+05 0.0000e+00 2.5000e+00
2.5490e+00 1.0000e+05 0.0000e+00 1.0000e+00 1.0000e+05 0.0000e+00 2.5000e+00
2.9412e+00 1.0000e+05 0.0000e+00 1.0000e+00 1.0000e+05 0.0000e+00 2.5000e+00
3.3333e+00 1.0000e+05 0.0000e+00 1.0000e+00 1.0000e+05 0.0000e+00 2.5000e+00
3.7255e+00 1.0000e+05 0.0000e+00 1.0000e+00 1.0000e+05 0.0000e+00 2.5000e+00
4.1176e+00 1.0000e+05 0.0000e+00 1.0000e+00 1.0000e+05 0.0000e+00 2.5000e+00
4.5098e+00 1.0000e+05 0.0000e+00 1.0000e+00 1.0000e+05 0.0000e+00 2.5000e+00
4.9020e+00 1.0000e+05 0.0000e+00 1.0000e+00 1.0000e+05 0.0000e+00 2.5000e+00
5.2941e+00 1.0000e+05 0.0000e+00 1.0000e+00 1.0000e+05 0.0000e+00 2.5000e+00
5.6863e+00 1.0000e+05 0.0000e+00 1.0000e+00 1.0000e+05 0.0000e+00 2.5000e+00
6.0784e+00 1.0000e+05 0.0000e+00 1.0000e+00 1.0000e+05 0.0000e+00 2.5000e+00
6.4706e+00 1.0000e+05 0.0000e+00 1.0000e+00 1.0000e+05 0.0000e+00 2.5000e+00
6.8627e+00 1.0000e+05 0.0000e+00 1.0000e+00 1.0000e+05 0.0000e+00 2.5000e+00
7.2549e+00 1.0000e+05 0.0000e+00 1.0000e+00 1.0000e+05 0.0000e+00 2.5000e+00
7.6471e+00 1.0000e+05 0.0000e+00 1.0000e+00 1.0000e+05 0.0000e+00 2.5000e+00
8.0392e+00 1.0000e+05 0.0000e+00 1.0000e+00 1.0000e+05 0.0000e+00 2.5000e+00
8.4314e+00 1.0000e+05 0.0000e+00 1.0000e+00 1.0000e+05 0.0000e+00 2.5000e+00
8.8235e+00 1.0000e+05 0.0000e+00 1.0000e+00 1.0000e+05 0.0000e+00 2.5000e+00
9.2157e+00 1.0000e+05 0.0000e+00 1.0000e+00 1.0000e+05 0.0000e+00 2.5000e+00
9.6078e+00 1.0000e+05 0.0000e+00 1.0000e+00 1.0000e+05 0.0000e+00 2.5000e+00
1.0000e+01 1.0000e+05 0.0000e+00 1.0000e+00 1.0000e+05 0.0000e+00 2.5000e+00
1.0392e+01 1.0000e+05 0.0000e+00 1.0000e+00 1.0000e+05 0.0000e+00 2.5000e+00
1.0784e+01 1.0000e+05 0.0000e+00 1.0000e+00 1.0000e+05 0.0000e+00 2.5000e+00
1.1176e+01 1.0000e+05 0.0000e+00 1.0000e+00 1.0000e+05 0.0000e+00 2.5000e+00
1.1569e+01 1.0000e+05 0.0000e+00 1.0000e+00 1.0000e+05 0.0000e+00 2.5000e+00
1.1961e+01 1.0000e+05 0.0000e+00 1.0000e+00 1.0000e+05 0.0000e+00 2.5000e+00
1.2353e+01 1.0000e+05 0.0000e+00 1.0000e+00 1.0000e+05 0.0000e+00 2.5000e+00
1.2745e+01 1.0000e+05 0.0000e+00 1.0000e+00 1.0000e+05 0.0000e+00 2.5000e+00
1.3137e+01 1.0000e+05 0.0000e+00 1.0000e+00 1.0000e+05 0.0000e+00 2.5000e+00
1.3529e+01 1.0000e+05 0.0000e+00 1.0000e+00 1.0000e+05 0.0000e+00 2.5000e+00
1.3922e+01 1.0000e+05 0.0000e+00 1.0000e+00 1.0000e+05 0.0000e+00 2.5000e+00
1.4314e+01 1.0000e+05 0.0000e+00 1.0000e+00 1.0000e+05 0.0000e+00 2.5000e+00
1.4706e+01 1.0000e+05 0.0000e+00 1.0000e+00 1.0000e+05 0.0000e+00 2.5000e+00
1.5098e+01 1.0000e+05 0.0000e+00 1.0000e+00 1.0000e+05 0.0000e+00 2.5000e+00
1.5490e+01 1.0000e+05 0.0000e+00 1.0000e+00 1.0000e+05 0.0000e+00 2.5000e+00
1.5882e+01 1.0000e+05 0.0000e+00 1.0000e+00 1.0000e+05 0.0000e+00 2.5000e+00
1.6275e+01 1.0000e+05 0.0000e+00 1.0000e+00 1.0000e+05 0.0000e+00 2.5000e+00
1.6667e+01 1.0000e+05 0.0000e+00 1.0000e+00 1.0000e+05 0.0000e+00 2.5000e+00
1.7059e+01 1.0000e+05 0.0000e+00 1.0000e+00 1.0000e+05 0.0000e+00 2.5000e+00
1.7451e+01 1.0000e+05 0.0000e+00 1.0000e+00 1.0000e+05 0.0000e+00 2.5000e+00
1.7843e+01 1.0000e+05 0.0000e+00 1.0000e+00 1.0000e+05 0.0000e+00 2.5000e+00
1.8235e+01 1.0000e+05 0.0000e+00 1.0000e+00 1.0000e+05 0.0000e+00 2.5000e+00
1.8627e+01 1.0000e+05 0.0000e+00 1.0000e+00 1.0000e+05 0.0000e+00 2.5000e+00
1.9020e+01 1.0000e+05 0.0000e+00 1.0000e+00 1.0000e+05 0.0000e+00 2.5000e+00
1.9412e+01 1.0000e+05 0.0000e+00 1.0000e+00 1.0000e+05 0.0000e+00 2.5000e+00
1.9804e+01 1.0000e+05 0.0000e+00 1.0000e+00 1.0000e+05 0.0000e+00 2.5000e+00
2.0196e+01 1.0000e+05 0.0000e+00 1.0000e+00 1.0000e+05 0.0000e+00 2.5000e+00
2.0588e+01 1.0000e+05 0.0000e+00 1.0000e+00 1.0000e+05 0.0000e+00 2.5000e+00
2.0980e+01 1.0000e+05 0.0000e+00 1.0000e+00 1.0000e+05 0.0000e+00 2.5000e+00
2.1373e+01 1.0000e+05 0.0000e+00 1.0000e+00 1.0000e+05 0.0000e+00 2.5000e+00
2.1765e+01 1.0000e+05 0.0000e+00 1.0000e+00 1.0000e+05 0.0000e+00 2.5000e+00
2.2157e+01 1.0000e+05 1.2060e-19 1.0000e+00 1.0000e+05 1.2060e-14 2.5000e+00
2.2549e+01 1.0000e+05 8.9858e-19 1.0000e+00 1.0000e+05 8.9858e-14 2.5000e+00
2.2941e+01 1.0000e+05 2.9200e-18 1.0000e+00 1.0000e+05 2.9200e-13 2.5000e+00
2.3333e+01 1.0000e+05 6.5058e-18 1.0000e+00 1.0000e+05 6.5058e-13 2.5000e+00
2.3725e+01 1.0000e+05 1.3220e-17 1.0000e+00 1.0000e+05 1.3220e-12 2.5000e+00
2.4118e+01 1.0000e+05 2.7383e-17 1.0000e+00 1.0000e+05 2.7383e-12 2.5000e+00
2.4510e+01 1.0000e+05 5.8651e-17 1.0000e+00 1.0000e+05 5.8651e-12 2.5000e+00
2.4902e+01 1.0000e+05 1.2808e-16 1.0000e+00 1.0000e+05 1.2808e-11 2.5000e+00
2.5294e+01 1.0000e+05 2.8174e-16 1.0000e+00 1.0000e+05 2.8174e-11 2.5000e+00
2.5686e+01 1.0000e+05 6.1863e-16 1.0000e+00 1.0000e+05 6.1863e-11 2.5000e+00
2.6078e+01 1.0000e+05 1.3492e-15 1.0000e+00 1.0000e+05 1.3492e-10 2.5000e+00
2.6471e+01 1.0000e+05 2.9170e-15 1.0000e+00 1.0000e+05 2.9170e-10 2.5000e+00
2.6863e+01 1.0000e+05 6.2426e-15 1.0000e+00 1.0000e+05 6.2426e-10 2.5000e+00
2.7255e+01 1.0000e+05 1.3220e-14 1.0000e+00 1.0000e+05 1.3220e-09 2.5000e+00
2.7647e+01 1.0000e+05 2.7701e-14 1.0000e+00 1.0000e+05 2.7701e-09 2.5000e+00
2.8039e+01 1.0000e+05 5.7420e-14 1.0000e+00 1.0000e+05 5.7420e-09 2.5000e+00
2.8431e+01 1.0000e+05 1.1773e-13 1.0000e+00 1.0000e+05 1.1773e-08 2.5000e+00
2.8824e+01 1.0000e+05 2.3876e-13 1.0000e+00 1.0000e+05 2.3876e-08 2.5000e+00
2.9216e+01 1.0000e+05 4.7888e-13 1.0000e+00 1.0000e+05 4.7888e-08 2.5000e+00
2.9608e+01 1.0000e+05 9.4987e-13 1.0000e+00 1.0000e+05 9.4987e-08 2.5000e+00
3.0000e+01 1.0000e+05 1.8632e-12 1.0000e+00 1.0000e+05 1.8632e-07 2.5000e+00
3.0392e+01 1.0000e+05 3.6138e-12 1.0000e+00 1.0000e+05 3.6138e-07 2.5000e+00
3.0784e+01 1.0000e+05 6.9307e-12 1.0000e+00 1.0000e+05 6.9307e-07 2.5000e+00
3.1176e+01 1.0000e+05 1.3142e-11 1.0000e+00 1.0000e+05 1.3142e-06 2.5000e+00
3.1569e+01 1.0000e+05 2.4637e-11 1.0000e+00 1.0000e+05 2.4637e-06 2.5000e+00
3.1961e+01 1.0000e+05 4.5661e-11 1.0000e+00 1.0000e+05 4.5661e-06 2.5000e+00
3.2353e+01 1.0000e+05 8.3655e-11 1.0000e+00 1.0000e+05 8.3655e-06 2.5000e+00
3.2745e+01 1.0000e+05 1.5150e-10 1.0000e+00 1.0000e+05 1.5150e-05 2.5000e+00
3.3137e+01 1.0000e+05 2.7120e-10 1.0000e+00 1.0000e+05 2.7120e-05 2.5000e+00
3.3529e+01 1.0000e+05 4.7982e-10 1.0000e+00 1.0000e+05 4.7982e-05 2.5000e+00
3.3922e+01 1.0000e+05 8.3905e-10 1.0000e+00 1.0000e+05 8.3905e-05 2.5000e+00
3.4314e+01 1.0000e+05 1.4500e-09 1.0000e+00 1.0000e+05 1.4500e-04 2.5000e+00
3.4706e+01 1.0000e+05 2.4764e-09 9.9999e-01 1.0000e+05 2.4764e-04 2.5000e+00
3.5098e+01 1.0000e+05 4.1794e-09 9.9999e-01 1.0000e+05 4.1794e-04 2.5000e+00
3.5490e+01 1.0000e+05 6.9698e-09 9.9998e-01 1.0000e+05 6.9698e-04 2.4999e+00
3.5882e+01 1.0000e+05 1.1485e-08 9.9997e-01 1.0000e+05 1.1485e-03 2.4999e+00
3.6275e+01 1.0000e+05 1.8699e-08 9.9994e-01 1.0000e+05 1.8699e-03 2.4999e+00
3.6667e+01 1.0000e+05 3.0081e-08 9.9991e-01 1.0000e+05 3.0080e-03 2.4998e+00
3.7059e+01 1.0000e+05 4.7807e-08 9.9987e-01 1.0000e+05 4.7807e-03 2.4997e+00
3.7451e+01 1.0000e+05 7.5065e-08 9.9979e-01 1.0000e+05 7.5064e-03 2.4995e+00
3.7843e+01 1.0000e+05 1.1644e-07 9.9969e-01 1.0000e+05 1.1644e-02 2.4992e+00
3.8235e+01 9.9999e+04 1.7843e-07 9.9953e-01 9.9999e+04 1.7843e-02 2.4988e+00
3.8627e+01 9.9999e+04 2.7009e-07 9.9931e-01 9.9999e+04 2.7009e-02 2.4983e+00
3.9020e+01 9.9998e+04 4.0388e-07 9.9900e-01 9.9998e+04 4.0387e-02 2.4975e+00
3.9412e+01 9.9998e+04 5.9656e-07 9.9856e-01 9.9998e+04 5.9655e-02 2.4964e+00
3.9804e+01 9.9996e+04 8.7042e-07 9.9796e-01 9.9996e+04 8.7038e-02 2.4949e+00
4.0196e+01 9.9995e+04 1.2545e-06 9.9714e-01 9.9995e+04 1.2544e-01 2.4928e+00
4.0588e+01 9.9992e+04 1.7858e-06 9.9605e-01 9.9992e+04 1.7857e-01 2.4901e+00
4.0980e+01 9.9988e+04 2.5111e-06 9.9461e-01 9.9988e+04 2.5108e-01 2.4865e+00
4.1373e+01 9.9984e+04 3.4877e-06 9.9275e-01 9.9984e+04 3.4872e-01 2.4819e+00
4.1765e+01 9.9977e+04 4.7850e-06 9.9037e-01 9.9977e+04 4.7839e-01 2.4759e+00
4.2157e+01 9.9968e+04 6.4848e-06 9.8739e-01 9.9968e+04 6.4827e-01 2.4685e+00
4.2549e+01 9.9955e+04 8.6813e-06 9.8370e-01 9.9955e+04 8.6775e-01 2.4593e+00
4.2941e+01 9.9939e+04 1.1481e-05 9.7921e-01 9.9939e+04 1.1474e+00 2.4480e+00
4.3333e+01 9.9918e+04 1.5001e-05 9.7383e-01 9.9918e+04 1.4989e+00 2.4346e+00
4.3725e+01 9.9891e+04 1.9366e-05 9.6750e-01 9.9891e+04 1.9345e+00 2.4188e+00
4.4118e+01 9.9857e+04 2.4705e-05 9.6015e-01 9.9857e+04 2.4670e+00 2.4004e+00
4.4510e+01 9.9813e+04 3.1148e-05 9.5176e-01 9.9813e+04 3.1090e+00 2.3795e+00
4.4902e+01 9.9759e+04 3.8821e-05 9.4234e-01 9.9759e+04 3.8728e+00 2.3559e+00
4.5294e+01 9.9693e+04 4.7840e-05 9.3191e-01 9.9693e+04 4.7693e+00 2.3299e+00
4.5686e+01 9.9613e+04 5.8307e-05 9.2054e-01 9.9613e+04 5.8081e+00 2.3015e+00
4.6078e+01 9.9517e+04 7.0310e-05 9.0831e-01 9.9517e+04 6.9970e+00 2.2710e+00
4.6471e+01 9.9402e+04 8.3910e-05 8.9530e-01 9.9402e+04 8.3408e+00 2.2386e+00
4.6863e+01 9.9269e+04 9.9194e-05 8.8164e-01 9.9269e+04 9.8468e+00 2.2046e+00
4.7255e+01 9.9107e+04 1.1593e-04 8.6733e-01 9.9107e+04 1.1489e+01 2.1690e+00
4.7647e+01 9.8957e+04 1.3563e-04 8.5301e-01 9.8957e+04 1.3421e+01 2.1334e+00
4.8039e+01 9.8609e+04 1.5096e-04 8.3625e-01 9.8609e+04 1.4886e+01 2.0918e+00
4.8431e+01 9.8902e+04 1.9117e-04 8.2715e-01 9.8902e+04 1.8907e+01 2.0697e+00
4.8824e+01 9.7188e+04 1.6415e-04 7.9480e-01 9.7188e+04 1.5953e+01 1.9883e+00
4.9216e+01 9.9181e+04 2.7919e-04 8.0930e-01 9.9181e+04 2.7690e+01 2.0271e+00
4.9608e+01 1.0494e+05 2.2340e-04 7.6641e-01 1.0494e+05 2.3444e+01 1.9186e+00
5.0000e+01 1.5073e+04 2.9917e-04 7.7150e-01 1.5073e+04 4.5095e+00 1.9294e+00
5.0392e+01 1.0692e+04 3.3356e-04 7.5625e-01 1.0692e+04 3.5663e+00 1.8912e+00
5.0784e+01 1.0974e+04 5.3118e-04 7.5839e-01 1.0974e+04 5.8293e+00 1.8975e+00
5.1176e+01 1.1774e+04 8.1735e-04 7.7431e-01 1.1774e+04 9.6232e+00 1.9397e+00
5.1569e+01 1.2308e+04 1.1510e-03 8.0059e-01 1.2308e+04 1.4166e+01 2.0096e+00
5.1961e+01 1.2720e+04 1.2864e-03 8.0699e-01 1.2720e+04 1.6362e+01 2.0280e+00
5.2353e+01 1.2776e+04 1.3344e-03 8.0540e-01 1.2776e+04 1.7049e+01 2.0249e+00
5.2745e+01 1.2842e+04 1.3089e-03 7.9656e-01 1.2842e+04 1.6808e+01 2.0024e+00
5.3137e+01 1.2807e+04 1.3060e-03 7.9028e-01 1.2807e+04 1.6725e+01 1.9866e+00
5.3529e+01 1.2835e+04 1.2808e-03 7.8131e-01 1.2835e+04 1.6439e+01 1.9638e+00
5.3922e+01 1.2814e+04 1.2707e-03 7.7355e-01 1.2814e+04 1.6283e+01 1.9442e+00
5.4314e+01 1.2828e+04 1.2471e-03 7.6412e-01 1.2828e+04 1.5998e+01 1.9203e+00
5.4706e+01 1.2815e+04 1.2318e-03 7.5515e-01 1.2815e+04 1.5785e+01 1.8976e+00
5.5098e+01 1.2819e+04 1.2087e-03 7.4512e-01 1.2819e+04 1.5494e+01 1.8722e+00
5.5490e+01 1.2811e+04 1.1897e-03 7.3515e-01 1.2811e+04 1.5241e+01 1.8469e+00
5.5882e+01 1.2810e+04 1.1661e-03 7.2445e-01 1.2810e+04 1.4938e+01 1.8198e+00
5.6275e+01 1.2803e+04 1.1443e-03 7.1356e-01 1.2803e+04 1.4650e+01 1.7923e+00
5.6667e+01 1.2799e+04 1.1196e-03 7.0208e-01 1.2799e+04 1.4330e+01 1.7632e+00
5.7059e+01 1.2793e+04 1.0952e-03 6.9021e-01 1.2793e+04 1.4010e+01 1.7332e+00
5.7451e+01 1.2787e+04 1.0687e-03 6.7774e-01 1.2787e+04 1.3666e+01 1.7017e+00
5.7843e+01 1.2780e+04 1.0418e-03 6.6472e-01 1.2780e+04 1.3314e+01 1.6687e+00
5.8235e+01 1.2773e+04 1.0131e-03 6.5102e-01 1.2773e+04 1.2940e+01 1.6341e+00
5.8627e+01 1.2765e+04 9.8333e-04 6.3661e-01 1.2765e+04 1.2552e+01 1.5977e+00
5.9020e+01 1.2757e+04 9.5196e-04 6.2141e-01 1.2757e+04 1.2144e+01 1.5593e+00
5.9412e+01 1.2748e+04 9.1923e-04 6.0536e-01 1.2748e+04 1.1718e+01 1.5188e+00
5.9804e+01 1.2739e+04 8.8483e-04 5.8840e-01 1.2739e+04 1.1272e+01 1.4760e+00
6.0196e+01 1.2729e+04 8.4886e-04 5.7046e-01 1.2729e+04 1.0805e+01 1.4307e+00
6.0588e+01 1.2718e+04 8.1116e-04 5.5148e-01 1.2718e+04 1.0317e+01 1.3829e+00
6.0980e+01 1.2707e+04 7.7173e-04 5.3140e-01 1.2707e+04 9.8066e+00 1.3323e+00
6.1373e+01 1.2696e+04 7.3047e-04 5.1016e-01 1.2696e+04 9.2739e+00 1.2788e+00
6.1765e+01 1.2684e+04 6.8734e-04 4.8769e-01 1.2684e+04 8.7180e+00 1.2222e+00
6.2157e+01 1.2671e+04 6.4226e-04 4.6391e-01 1.2671e+04 8.1383e+00 1.1624e+00
6.2549e+01 1.2658e+04 5.9519e-04 4.3877e-01 1.2658e+04 7.5340e+00 1.0992e+00
6.2941e+01 1.2645e+04 5.4603e-04 4.1217e-01 1.2645e+04 6.9044e+00 1.0323e+00
6.3333e+01 1.2631e+04 4.9471e-04 3.8404e-01 1.2631e+04 6.2486e+00 9.6164e-01
6.3725e+01 1.2616e+04 4.4113e-04 3.5427e-01 1.2616e+04 5.5654e+00 8.8689e-01
6.4118e+01 1.2601e+04 3.8519e-04 3.2275e-01 1.2601e+04 4.8537e+00 8.0780e-01
6.4510e+01 1.2585e+04 3.2682e-04 2.8938e-01 1.2585e+04 4.1131e+00 7.2413e-01
6.4902e+01 1.2569e+04 2.6627e-04 2.5425e-01 1.2569e+04 3.3468e+00 6.3608e-01
6.5294e+01 1.2553e+04 2.0472e-04 2.1801e-01 1.2553e+04 2.5698e+00 5.4530e-01
6.5686e+01 1.2538e+04 1.4513e-04 1.8259e-01 1.2538e+04 1.8196e+00 4.5660e-01
6.6078e+01 1.2524e+04 9.2507e-05 1.5139e-01 1.2524e+04 1.1586e+00 3.7853e-01
6.6471e+01 1.2514e+04 5.2005e-05 1.2791e-01 1.2514e+04 6.5078e-01 3.1979e-01
6.6863e+01 1.2507e+04 2.5687e-05 1.1328e-01 1.2507e+04 3.2126e-01 2.8320e-01
6.7255e+01 1.2503e+04 1.1333e-05 1.0568e-01 1.2503e+04 1.4170e-01 2.6420e-01
6.7647e+01 1.2501e+04 4.6080e-06 1.0227e-01 1.2501e+04 5.7606e-02 2.5567e-01
6.8039e+01 1.2501e+04 1.7832e-06 1.0087e-01 1.2501e+04 2.2291e-02 2.5218e-01
6.8431e+01 1.2500e+04 6.7209e-07 1.0033e-01 1.2500e+04 8.4012e-03 2.5082e-01
6.8824e+01 1.2500e+04 2.4980e-07 1.0012e-01 1.2500e+04 3.1225e-03 2.5030e-01
6.9216e+01 1.2500e+04 9.2080e-08 1.0005e-01 1.2500e+04 1.1510e-03 2.5011e-01
6.9608e+01 1.2500e+04 3.3738e-08 1.0002e-01 1.2500e+04 4.2173e-04 2.5004e-01
7.0000e+01 1.2500e+04 1.2298e-08 1.0001e-01 1.2500e+04 1.5373e-04 2.5002e-01
7.0392e+01 1.2500e+04 4.4610e-09 1.0000e-01 1.2500e+04 5.5762e-05 2.5001e-01
7.0784e+01 1.2500e+04 1.6104e-09 1.0000e-01 1.2500e+04 2.0130e-05 2.5000e-01
7.1176e+01 1.2500e+04 5.7859e-10 1.0000e-01 1.2500e+04 7.2323e-06 2.5000e-01
7.1569e+01 1.2500e+04 2.0687e-10 1.0000e-01 1.2500e+04 2.5859e-06 2.5000e-01
7.1961e+01 1.2500e+04 7.3608e-11 1.0000e-01 1.2500e+04 9.2010e-07 2.5000e-01
7.2353e+01 1.2500e+04 2.6063e-11 1.0000e-01 1.2500e+04 3.2579e-07 2.5000e-01
7.2745e+01 1.2500e+04 9.1828e-12 1.0000e-01 1.2500e+04 1.1478e-07 2.5000e-01
7.3137e+01 1.2500e+04 3.2193e-12 1.0000e-01 1.2500e+04 4.0241e-08 2.5000e-01
7.3529e+01 1.2500e+04 1.1230e-12 1.0000e-01 1.2500e+04 1.4037e-08 2.5000e-01
7.3922e+01 1.2500e+04 3.8974e-13 1.0000e-01 1.2500e+04 4.8717e-09 2.5000e-01
7.4314e+01 1.2500e+04 1.3457e-13 1.0000e-01 1.2500e+04 1.6821e-09 2.5000e-01
7.4706e+01 1.2500e+04 4.6226e-14 1.0000e-01 1.2500e+04 5.7783e-10 2.5000e-01
7.5098e+01 1.2500e+04 1.5796e-14 1.0000e-01 1.2500e+04 1.9745e-10 2.5000e-01
7.5490e+01 1.2500e+04 5.3685e-15 1.0000e-01 1.2500e+04 6.7106e-11 2.5000e-01
7.5882e+01 1.2500e+04 1.8142e-15 1.0000e-01 1.2500e+04 2.2677e-11 2.5000e-01
7.6275e+01 1.2500e+04 6.0897e-16 1.0000e-01 1.2500e+04 7.6121e-12 2.5000e-01
7.6667e+01 1.2500e+04 2.0243e-16 1.0000e-01 1.2500e+04 2.5304e-12 2.5000e-01
7.7059e+01 1.2500e+04 6.6085e-17 1.0000e-01 1.2500e+04 8.2606e-13 2.5000e-01
7.7451e+01 1.2500e+04 2.0800e-17 1.0000e-01 1.2500e+04 2.6001e-13 2.5000e-01
7.7843e+01 1.2500e+04 5.8558e-18 1.0000e-01 1.2500e+04 7.3197e-14 2.5000e-01
7.8235e+01 1.2500e+04 1.1276e-18 1.0000e-01 1.2500e+04 1.4095e-14 2.5000e-01
7.8627e+01 1.2500e+04 2.3215e-20 1.0000e-01 1.2500e+04 2.9018e-16 2.5000e-01
7.9020e+01 1.2500e+04 0.0000e+00 1.0000e-01 1.2500e+04 0.0000e+00 2.5000e-01
7.9412e+01 1.2500e+04 0.0000e+00 1.0000e-01 1.2500e+04 0.0000e+00 2.5000e-01
7.9804e+01 1.2500e+04 0.0000e+00 1.0000e-01 1.2500e+04 0.0000e+00 2.5000e-01
8.0196e+01 1.2500e+04 0.0000e+00 1.0000e-01 1.2500e+04 0.0000e+00 2.5000e-01
8.0588e+01 1.2500e+04 0.0000e+00 1.0000e-01 1.2500e+04 0.0000e+00 2.5000e-01
8.0980e+01 1.2500e+04 0.0000e+00 1.0000e-01 1.2500e+04 0.0000e+00 2.5000e-01
8.1373e+01 1.2500e+04 0.0000e+00 1.0000e-01 1.2500e+04 0.0000e+00 2.5000e-01
8.1765e+01 1.2500e+04 0.0000e+00 1.0000e-01 1.2500e+04 0.0000e+00 2.5000e-01
8.2157e+01 1.2500e+04 0.0000e+00 1.0000e-01 1.2500e+04 0.0000e+00 2.5000e-01
8.2549e+01 1.2500e+04 0.0000e+00 1.0000e-01 1.2500e+04 0.0000e+00 2.5000e-01
8.2941e+01 1.2500e+04 0.0000e+00 1.0000e-01 1.2500e+04 0.0000e+00 2.5000e-01
8.3333e+01 1.2500e+04 0.0000e+00 1.0000e-01 1.2500e+04 0.0000e+00 2.5000e-01
8.3725e+01 1.2500e+04 0.0000e+00 1.0000e-01 1.2500e+04 0.0000e+00 2.5000e-01
8.4118e+01 1.2500e+04 0.0000e+00 1.0000e-01 1.2500e+04 0.0000e+00 2.5000e-01
8.4510e+01 1.2500e+04 0.0000e+00 1.0000e-01 1.2500e+04 0.0000e+00 2.5000e-01
8.4902e+01 1.2500e+04 0.0000e+00 1.0000e-01 1.2500e+04 0.0000e+00 2.5000e-01
8.5294e+01 1.2500e+04 0.0000e+00 1.0000e-01 1.2500e+04 0.0000e+00 2.5000e-01
8.5686e+01 1.2500e+04 0.0000e+00 1.0000e-01 1.2500e+04 0.0000e+00 2.5000e-01
8.6078e+01 1.2500e+04 0.0000e+00 1.0000e-01 1.2500e+04 0.0000e+00 2.5000e-01
8.6471e+01 1.2500e+04 0.0000e+00 1.0000e-01 1.2500e+04 0.0000e+00 2.5000e-01
8.6863e+01 1.2500e+04 0.0000e+00 1.0000e-01 1.2500e+04 0.0000e+00 2.5000e-01
8.7255e+01 1.2500e+04 0.0000e+00 1.0000e-01 1.2500e+04 0.0000e+00 2.5000e-01
8.7647e+01 1.2500e+04 0.0000e+00 1.0000e-01 1.2500e+04 0.0000e+00 2.5000e-01
8.8039e+01 1.2500e+04 0.0000e+00 1.0000e-01 1.2500e+04 0.0000e+00 2.5000e-01
8.8431e+01 1.2500e+04 0.0000e+00 1.0000e-01 1.2500e+04 0.0000e+00 2.5000e-01
8.8824e+01 1.2500e+04 0.0000e+00 1.0000e-01 1.2500e+04 0.0000e+00 2.5000e-01
8.9216e+01 1.2500e+04 0.0000e+00 1.0000e-01 1.2500e+04 0.0000e+00 2.5000e-01
8.9608e+01 1.2500e+04 0.0000e+00 1.0000e-01 1.2500e+04 0.0000e+00 2.5000e-01
9.0000e+01 1.2500e+04 0.0000e+00 1.0000e-01 1.2500e+04 0.0000e+00 2.5000e-01
9.0392e+01 1.2500e+04 0.0000e+00 1.0000e-01 1.2500e+04 0.0000e+00 2.5000e-01
9.0784e+01 1.2500e+04 0.0000e+00 1.0000e-01 1.2500e+04 0.0000e+00 2.5000e-01
9.1176e+01 1.2500e+04 0.0000e+00 1.0000e-01 1.2500e+04 0.0000e+00 2.5000e-01
9.1569e+01 1.2500e+04 0.0000e+00 1.0000e-01 1.2500e+04 0.0000e+00 2.5000e-01
9.1961e+01 1.2500e+04 0.0000e+00 1.0000e-01 1.2500e+04 0.0000e+00 2.5000e-01
9.2353e+01 1.2500e+04 0.0000e+00 1.0000e-01 1.2500e+04 0.0000e+00 2.5000e-01
9.2745e+01 1.2500e+04 0.0000e+00 1.0000e-01 1.2500e+04 0.0000e+00 2.5000e-01
9.3137e+01 1.2500e+04 0.0000e+00 1.0000e-01 1.2500e+04 0.0000e+00 2.5000e-01
9.3529e+01 1.2500e+04 0.0000e+00 1.0000e-01 1.2500e+04 0.0000e+00 2.5000e-01
9.3922e+01 1.2500e+04 0.0000e+00 1.0000e-01 1.2500e+04 0.0000e+00 2.5000e-01
9.4314e+01 1.2500e+04 0.0000e+00 1.0000e-01 1.2500e+04 0.0000e+00 2.5000e-01
9.4706e+01 1.2500e+04 0.0000e+00 1.0000e-01 1.2500e+04 0.0000e+00 2.5000e-01
9.5098e+01 1.2500e+04 0.0000e+00 1.0000e-01 1.2500e+04 0.0000e+00 2.5000e-01
9.5490e+01 1.2500e+04 0.0000e+00 1.0000e-01 1.2500e+04 0.0000e+00 2.5000e-01
9.5882e+01 1.2500e+04 0.0000e+00 1.0000e-01 1.2500e+04 0.0000e+00 2.5000e-01
9.6275e+01 1.2500e+04 0.0000e+00 1.0000e-01 1.2500e+04 0.0000e+00 2.5000e-01
9.6667e+01 1.2500e+04 0.0000e+00 1.0000e-01 1.2500e+04 0.0000e+00 2.5000e-01
9.7059e+01 1.2500e+04 0.0000e+00 1.0000e-01 1.2500e+04 0.0000e+00 2.5000e-01
9.7451e+01 1.2500e+04 0.0000e+00 1.0000e-01 1.2500e+04 0.0000e+00 2.5000e-01
9.7843e+01 1.2500e+04 0.0000e+00 1.0000e-01 1.2500e+04 0.0000e+00 2.5000e-01
9.8235e+01 1.2500e+04 0.0000e+00 1.0000e-01 1.2500e+04 0.0000e+00 2.5000e-01
9.8627e+01 1.2500e+04 0.0000e+00 1.0000e-01 1.2500e+04 0.0000e+00 2.5000e-01
9.9020e+01 1.2500e+04 0.0000e+00 1.0000e-01 1.2500e+04 0.0000e+00 2.5000e-01
9.9412e+01 1.2500e+04 0.0000e+00 1.0000e-01 1.2500e+04 0.0000e+00 2.5000e-01
9.9804e+01 1.2500e+04 0.0000e+00 1.0000e-01 1.2500e+04 0.0000e+00 2.5000e-01
