# # x Density Velocity Pressure q0 q1 q2
1.9608e-01 1.0000e+05 0.0000e+00 1.0000e+00 1.0000e+05 0.0000e+00 2.5000e+00
5.8824e-01 1.0000e+05 0.0000e+00 1.0000e+00 1.0000e+05 0.0000e+00 2.5000e+00
9.8039e-01 1.0000e+05 0.0000e+00 1.0000e+00 1.0000e+05 0.0000e+00 2.5000e+00
1.3725e+00 1.0000e+05 0.0000e+00 1.0000e+00 1.0000e+05 0.0000e+00 2.5000e+00
1.7647e+00 1.0000e+05 0.0000e+00 1.0000e+00 1.0000e+05 0.0000e+00 2.5000e+00
2.1569e+00 1.0000e+05 0.0000e+00 1.0000e+00 1.0000e+05 0.0000e+00 2.5000e+00
2.5490e+00 1.0000e+05 0.0000e+00 1.0000e+00 1.0000e+05 0.0000e+00 2.5000e+00
2.9412e+00 1.0000e+05 0.0000e+00 1.0000e+00 1.0000e+05 0.0000e+00 2.5000e+00
3.3333e+00 1.0000e+05 0.0000e+00 1.0000e+00 1.0000e+05 0.0000e+00 2.5000e+00
3.7255e+00 1.0000e+05 0.0000e+00 1.0000e+00 1.0000e+05 0.0000e+00 2.5000e+00
4.1176e+00 1.0000e+05 0.0000e+00 1.0000e+00 1.0000e+05 0.0000e+00 2.5000e+00
4.5098e+00 1.0000e+05 0.0000e+00 1.0000e+00 1.0000e+05 0.0000e+00 2.5000e+00
4.9020e+00 1.0000e+05 0.0000e+00 1.0000e+00 1.0000e+05 0.0000e+00 2.5000e+00
5.2941e+00 1.0000e+05 0.0000e+00 1.0000e+00 1.0000e+05 0.0000e+00 2.5000e+00
5.6863e+00 1.0000e+05 0.0000e+00 1.0000e+00 1.0000e+05 0.0000e+00 2.5000e+00
6.0784e+00 1.0000e+05 0.0000e+00 1.0000e+00 1.0000e+05 0.0000e+00 2.5000e+00
6.4706e+00 1.0000e+05 0.0000e+00 1.0000e+00 1.0000e+05 0.0000e+00 2.5000e+00
6.8627e+00 1.0000e+05 0.0000e+00 1.0000e+00 1.0000e+05 0.0000e+00 2.5000e+00
7.2549e+00 1.0000e+05 0.0000e+00 1.0000e+00 1.0000e+05 0.0000e+00 2.5000e+00
7.6471e+00 1.0000e+05 0.0000e+00 1.0000e+00 1.0000e+05 0.0000e+00 2.5000e+00
8.0392e+00 1.0000e+05 0.0000e+00 1.0000e+00 1.0000e+05 0.0000e+00 2.5000e+00
8.4314e+00 1.0000e+05 0.0000e+00 1.0000e+00 1.0000e+05 0.0000e+00 2.5000e+00
8.8235e+00 1.0000e+05 0.0000e+00 1.0000e+00 1.0000e+05 0.0000e+00 2.5000e+00
9.2157e+00 1.0000e+05 0.0000e+00 1.0000e+00 1.0000e+05 0.0000e+00 2.5000e+00
9.6078e+00 1.0000e+05 0.0000e+00 1.0000e+00 1.0000e+05 0.0000e+00 2.5000e+00
1.0000e+01 1.0000e+05 0.0000e+00 1.0000e+00 1.0000e+05 0.0000e+00 2.5000e+00
1.0392e+01 1.0000e+05 0.0000e+00 1.0000e+00 1.0000e+05 0.0000e+00 2.5000e+00
1.0784e+01 1.0000e+05 0.0000e+00 1.0000e+00 1.0000e+05 0.0000e+00 2.5000e+00
1.1176e+01 1.0000e+05 0.0000e+00 1.0000e+00 1.0000e+05 0.0000e+00 2.5000e+00
1.1569e+01 1.0000e+05 0.0000e+00 1.0000e+00 1.0000e+05 0.0000e+00 2.5000e+00
1.1961e+01 1.0000e+05 0.0000e+00 1.0000e+00 1.0000e+05 0.0000e+00 2.5000e+00
1.2353e+01 1.0000e+05 0.0000e+00 1.0000e+00 1.0000e+05 0.0000e+00 2.5000e+00
1.2745e+01 1.0000e+05 0.0000e+00 1.0000e+00 1.0000e+05 0.0000e+00 2.5000e+00
1.3137e+01 1.0000e+05 0.0000e+00 1.0000e+00 1.0000e+05 0.0000e+00 2.5000e+00
1.3529e+01 1.0000e+05 0.0000e+00 1.0000e+00 1.0000e+05 0.0000e+00 2.5000e+00
1.3922e+01 1.0000e+05 0.0000e+00 1.0000e+00 1.0000e+05 0.0000e+00 2.5000e+00
1.4314e+01 1.0000e+05 0.0000e+00 1.0000e+00 1.0000e+05 0.0000e+00 2.5000e+00
1.4706e+01 1.0000e+05 0.0000e+00 1.0000e+00 1.0000e+05 0.0000e+00 2.5000e+00
1.5098e+01 1.0000e+05 0.0000e+00 1.0000e+00 1.0000e+05 0.0000e+00 2.5000e+00
1.5490e+01 1.0000e+05 0.0000e+00 1.0000e+00 1.0000e+05 0.0000e+00 2.5000e+00
1.5882e+01 1.0000e+05 0.0000e+00 1.0000e+00 1.0000e+05 0.0000e+00 2.5000e+00
1.6275e+01 1.0000e+05 0.0000e+00 1.0000e+00 1.0000e+05 0.0000e+00 2.5000e+00
1.6667e+01 1.0000e+05 0.0000e+00 1.0000e+00 1.0000e+05 0.0000e+00 2.5000e+00
1.7059e+01 1.0000e+05 0.0000e+00 1.0000e+00 1.0000e+05 0.0000e+00 2.5000e+00
1.7451e+01 1.0000e+05 0.0000e+00 1.0000e+00 1.0000e+05 0.0000e+00 2.5000e+00
1.7843e+01 1.0000e+05 0.0000e+00 1.0000e+00 1.0000e+05 0.0000e+00 2.5000e+00
1.8235e+01 1.0000e+05 0.0000e+00 1.0000e+00 1.0000e+05 0.0000e+00 2.5000e+00
1.8627e+01 1.0000e+05 0.0000e+00 1.0000e+00 1.0000e+05 0.0000e+00 2.5000e+00
1.9020e+01 1.0000e+05 0.0000e+00 1.0000e+00 1.0000e+05 0.0000e+00 2.5000e+00
1.9412e+01 1.0000e+05 0.0000e+00 1.0000e+00 1.0000e+05 0.0000e+00 2.5000e+00
1.9804e+01 1.0000e+05 0.0000e+00 1.0000e+00 1.0000e+05 0.0000e+00 2.5000e+00
2.0196e+01 1.0000e+05 0.0000e+00 1.0000e+00 1.0000e+05 0.0000e+00 2.5000e+00
2.0588e+01 1.0000e+05 0.0000e+00 1.0000e+00 1.0000e+05 0.0000e+00 2.5000e+00
2.0980e+01 1.0000e+05 0.0000e+00 1.0000e+00 1.0000e+05 0.0000e+00 2.5000e+00
2.1373e+01 1.0000e+05 0.0000e+00 1.0000e+00 1.0000e+05 0.0000e+00 2.5000e+00
2.1765e+01 1.0000e+05 2.0638e-19 1.0000e+00 1.0000e+05 2.0638e-14 2.5000e+00
2.2157e+01 1.0000e+05 1.2499e-18 1.0000e+00 1.0000e+05 1.2499e-13 2.5000e+00
2.2549e+01 1.0000e+05 3.5853e-18 1.0000e+00 1.0000e+05 3.5853e-13 2.5000e+00
2.2941e+01 1.0000e+05 7.7022e-18 1.0000e+00 1.0000e+05 7.7022e-13 2.5000e+00
2.3333e+01 1.0000e+05 1.5531e-17 1.0000e+00 1.0000e+05 1.5531e-12 2.5000e+00
2.3725e+01 1.0000e+05 3.1851e-17 1.0000e+00 1.0000e+05 3.1851e-12 2.5000e+00
2.4118e+01 1.0000e+05 6.7659e-17 1.0000e+00 1.0000e+05 6.7659e-12 2.5000e+00
2.4510e+01 1.0000e+05 1.4601e-16 1.0000e+00 1.0000e+05 1.4601e-11 2.5000e+00
2.4902e+01 1.0000e+05 3.1669e-16 1.0000e+00 1.0000e+05 3.1669e-11 2.5000e+00
2.5294e+01 1.0000e+05 6.8586e-16 1.0000e+00 1.0000e+05 6.8586e-11 2.5000e+00
2.5686e+01 1.0000e+05 1.4760e-15 1.0000e+00 1.0000e+05 1.4760e-10 2.5000e+00
2.6078e+01 1.0000e+05 3.1485e-15 1.0000e+00 1.0000e+05 3.1485e-10 2.5000e+00
2.6471e+01 1.0000e+05 6.6519e-15 1.0000e+00 1.0000e+05 6.6519e-10 2.5000e+00
2.6863e+01 1.0000e+05 1.3910e-14 1.0000e+00 1.0000e+05 1.3910e-09 2.5000e+00
2.7255e+01 1.0000e+05 2.8787e-14 1.0000e+00 1.0000e+05 2.8787e-09 2.5000e+00
2.7647e+01 1.0000e+05 5.8954e-14 1.0000e+00 1.0000e+05 5.8954e-09 2.5000e+00
2.8039e+01 1.0000e+05 1.1946e-13 1.0000e+00 1.0000e+05 1.1946e-08 2.5000e+00
2.8431e+01 1.0000e+05 2.3951e-13 1.0000e+00 1.0000e+05 2.3951e-08 2.5000e+00
2.8824e+01 1.0000e+05 4.7506e-13 1.0000e+00 1.0000e+05 4.7506e-08 2.5000e+00
2.9216e+01 1.0000e+05 9.3216e-13 1.0000e+00 1.0000e+05 9.3216e-08 2.5000e+00
2.9608e+01 1.0000e+05 1.8094e-12 1.0000e+00 1.0000e+05 1.8094e-07 2.5000e+00
3.0000e+01 1.0000e+05 3.4741e-12 1.0000e+00 1.0000e+05 3.4741e-07 2.5000e+00
3.0392e+01 1.0000e+05 6.5976e-12 1.0000e+00 1.0000e+05 6.5976e-07 2.5000e+00
3.0784e+01 1.0000e+05 1.2393e-11 1.0000e+00 1.0000e+05 1.2393e-06 2.5000e+00
3.1176e+01 1.0000e+05 2.3021e-11 1.0000e+00 1.0000e+05 2.3021e-06 2.5000e+00
3.1569e+01 1.0000e+05 4.2293e-11 1.0000e+00 1.0000e+05 4.2293e-06 2.5000e+00
3.1961e+01 1.0000e+05 7.6836e-11 1.0000e+00 1.0000e+05 7.6836e-06 2.5000e+00
3.2353e+01 1.0000e+05 1.3803e-10 1.0000e+00 1.0000e+05 1.3803e-05 2.5000e+00
3.2745e+01 1.0000e+05 2.4520e-10 1.0000e+00 1.0000e+05 2.4520e-05 2.5000e+00
3.3137e+01 1.0000e+05 4.3066e-10 1.0000e+00 1.0000e+05 4.3066e-05 2.5000e+00
3.3529e+01 1.0000e+05 7.4786e-10 1.0000e+00 1.0000e+05 7.4786e-05 2.5000e+00
3.3922e+01 1.0000e+05 1.2839e-09 1.0000e+00 1.0000e+05 1.2839e-04 2.5000e+00
3.4314e+01 1.0000e+05 2.1792e-09 9.9999e-01 1.0000e+05 2.1792e-04 2.5000e+00
3.4706e+01 1.0000e+05 3.6564e-09 9.9999e-01 1.0000e+05 3.6564e-04 2.5000e+00
3.5098e+01 1.0000e+05 6.0646e-09 9.9998e-01 1.0000e+05 6.0646e-04 2.5000e+00
3.5490e+01 1.0000e+05 9.9431e-09 9.9997e-01 1.0000e+05 9.9431e-04 2.4999e+00
3.5882e+01 1.0000e+05 1.6113e-08 9.9995e-01 1.0000e+05 1.6113e-03 2.4999e+00
3.6275e+01 1.0000e+05 2.5810e-08 9.9993e-01 1.0000e+05 2.5810e-03 2.4998e+00
3.6667e+01 1.0000e+05 4.0862e-08 9.9989e-01 1.0000e+05 4.0862e-03 2.4997e+00
3.7059e+01 1.0000e+05 6.3936e-08 9.9983e-01 1.0000e+05 6.3936e-03 2.4996e+00
3.7451e+01 1.0000e+05 9.8871e-08 9.9974e-01 1.0000e+05 9.8870e-03 2.4993e+00
3.7843e+01 9.9999e+04 1.5110e-07 9.9961e-01 9.9999e+04 1.5110e-02 2.4990e+00
3.8235e+01 9.9999e+04 2.2821e-07 9.9942e-01 9.9999e+04 2.2821e-02 2.4986e+00
3.8627e+01 9.9999e+04 3.4060e-07 9.9916e-01 9.9999e+04 3.4060e-02 2.4979e+00
3.9020e+01 9.9998e+04 5.0236e-07 9.9879e-01 9.9998e+04 5.0235e-02 2.4970e+00
3.9412e+01 9.9997e+04 7.3218e-07 9.9828e-01 9.9997e+04 7.3216e-02 2.4957e+00
3.9804e+01 9.9995e+04 1.0545e-06 9.9760e-01 9.9995e+04 1.0545e-01 2.4940e+00
4.0196e+01 9.9993e+04 1.5008e-06 9.9668e-01 9.9993e+04 1.5007e-01 2.4917e+00
4.0588e+01 9.9990e+04 2.1106e-06 9.9546e-01 9.9990e+04 2.1104e-01 2.4887e+00
4.0980e+01 9.9986e+04 2.9330e-06 9.9389e-01 9.9986e+04 2.9326e-01 2.4847e+00
4.1373e+01 9.9980e+04 4.0278e-06 9.9187e-01 9.9980e+04 4.0270e-01 2.4797e+00
4.1765e+01 9.9973e+04 5.4658e-06 9.8932e-01 9.9973e+04 5.4643e-01 2.4733e+00
4.2157e+01 9.9962e+04 7.3298e-06 9.8616e-01 9.9962e+04 7.3271e-01 2.4654e+00
4.2549e+01 9.9949e+04 9.7142e-06 9.8228e-01 9.9949e+04 9.7093e-01 2.4557e+00
4.2941e+01 9.9931e+04 1.2724e-05 9.7761e-01 9.9931e+04 1.2715e+00 2.4440e+00
4.3333e+01 9.9908e+04 1.6474e-05 9.7206e-01 9.9908e+04 1.6458e+00 2.4302e+00
4.3725e+01 9.9878e+04 2.1083e-05 9.6558e-01 9.9878e+04 2.1058e+00 2.4140e+00
4.4118e+01 9.9841e+04 2.6677e-05 9.5811e-01 9.9841e+04 2.6635e+00 2.3953e+00
4.4510e+01 9.9795e+04 3.3378e-05 9.4964e-01 9.9795e+04 3.3309e+00 2.3742e+00
4.4902e+01 9.9738e+04 4.1305e-05 9.4018e-01 9.9738e+04 4.1196e+00 2.3505e+00
4.5294e+01 9.9668e+04 5.0567e-05 9.2975e-01 9.9668e+04 5.0399e+00 2.3245e+00
4.5686e+01 9.9584e+04 6.1261e-05 9.1841e-01 9.9584e+04 6.1006e+00 2.2962e+00
4.6078e+01 9.9484e+04 7.3469e-05 9.0623e-01 9.9484e+04 7.3090e+00 2.2658e+00
4.6471e+01 9.9366e+04 8.7248e-05 8.9330e-01 9.9366e+04 8.6695e+00 2.2336e+00
4.6863e+01 9.9228e+04 1.0270e-04 8.7974e-01 9.9228e+04 1.0190e+01 2.1999e+00
4.7255e+01 9.9061e+04 1.1951e-04 8.6552e-01 9.9061e+04 1.1838e+01 2.1645e+00
4.7647e+01 9.8914e+04 1.3954e-04 8.5140e-01 9.8914e+04 1.3803e+01 2.1295e+00
4.8039e+01 9.8538e+04 1.5411e-04 8.3450e-01 9.8538e+04 1.5185e+01 2.0874e+00
4.8431e+01 9.8890e+04 1.9647e-04 8.2629e-01 9.8890e+04 1.9429e+01 2.0676e+00
4.8824e+01 9.7077e+04 1.6613e-04 7.9308e-01 9.7077e+04 1.6128e+01 1.9840e+00
4.9216e+01 9.9083e+04 2.8265e-04 8.0832e-01 9.9083e+04 2.8006e+01 2.0248e+00
4.9608e+01 1.0524e+05 2.2846e-04 7.6634e-01 1.0524e+05 2.4043e+01 1.9186e+00
5.0000e+01 1.5330e+04 3.0350e-04 7.7164e-01 1.5330e+04 4.6526e+00 1.9298e+00
5.0392e+01 1.0677e+04 3.4893e-04 7.5825e-01 1.0677e+04 3.7257e+00 1.8963e+00
5.0784e+01 1.0902e+04 5.1142e-04 7.5684e-01 1.0902e+04 5.5757e+00 1.8935e+00
5.1176e+01 1.1669e+04 7.6684e-04 7.6935e-01 1.1669e+04 8.9486e+00 1.9268e+00
5.1569e+01 1.2219e+04 1.1094e-03 7.9648e-01 1.2219e+04 1.3555e+01 1.9987e+00
5.1961e+01 1.2678e+04 1.2761e-03 8.0654e-01 1.2678e+04 1.6179e+01 2.0267e+00
5.2353e+01 1.2768e+04 1.3433e-03 8.0722e-01 1.2768e+04 1.7151e+01 2.0296e+00
5.2745e+01 1.2845e+04 1.3239e-03 7.9899e-01 1.2845e+04 1.7005e+01 2.0087e+00
5.3137e+01 1.2812e+04 1.3211e-03 7.9310e-01 1.2812e+04 1.6926e+01 1.9939e+00
5.3529e+01 1.2841e+04 1.2973e-03 7.8462e-01 1.2841e+04 1.6659e+01 1.9724e+00
5.3922e+01 1.2820e+04 1.2878e-03 7.7731e-01 1.2820e+04 1.6509e+01 1.9539e+00
5.4314e+01 1.2834e+04 1.2654e-03 7.6836e-01 1.2834e+04 1.6240e+01 1.9312e+00
5.4706e+01 1.2821e+04 1.2508e-03 7.5985e-01 1.2821e+04 1.6036e+01 1.9097e+00
5.5098e+01 1.2826e+04 1.2286e-03 7.5029e-01 1.2826e+04 1.5759e+01 1.8854e+00
5.5490e+01 1.2818e+04 1.2104e-03 7.4078e-01 1.2818e+04 1.5514e+01 1.8613e+00
5.5882e+01 1.2818e+04 1.1877e-03 7.3054e-01 1.2818e+04 1.5223e+01 1.8354e+00
5.6275e+01 1.2811e+04 1.1666e-03 7.2013e-01 1.2811e+04 1.4945e+01 1.8090e+00
5.6667e+01 1.2807e+04 1.1429e-03 7.0914e-01 1.2807e+04 1.4637e+01 1.7812e+00
5.7059e+01 1.2801e+04 1.1194e-03 6.9782e-01 1.2801e+04 1.4330e+01 1.7526e+00
5.7451e+01 1.2796e+04 1.0941e-03 6.8595e-01 1.2796e+04 1.4000e+01 1.7225e+00
5.7843e+01 1.2789e+04 1.0683e-03 6.7360e-01 1.2789e+04 1.3662e+01 1.6913e+00
5.8235e+01 1.2782e+04 1.0409e-03 6.6064e-01 1.2782e+04 1.3305e+01 1.6585e+00
5.8627e+01 1.2775e+04 1.0126e-03 6.4706e-01 1.2775e+04 1.2936e+01 1.6242e+00
5.9020e+01 1.2767e+04 9.8277e-04 6.3278e-01 1.2767e+04 1.2547e+01 1.5881e+00
5.9412e+01 1.2759e+04 9.5171e-04 6.1775e-01 1.2759e+04 1.2143e+01 1.5502e+00
5.9804e+01 1.2750e+04 9.1912e-04 6.0190e-01 1.2750e+04 1.1719e+01 1.5101e+00
6.0196e+01 1.2740e+04 8.8508e-04 5.8518e-01 1.2740e+04 1.1276e+01 1.4679e+00
6.0588e+01 1.2731e+04 8.4943e-04 5.6752e-01 1.2731e+04 1.0814e+01 1.4234e+00
6.0980e+01 1.2720e+04 8.1217e-04 5.4887e-01 1.2720e+04 1.0331e+01 1.3764e+00
6.1373e+01 1.2709e+04 7.7320e-04 5.2916e-01 1.2709e+04 9.8269e+00 1.3267e+00
6.1765e+01 1.2698e+04 7.3250e-04 5.0834e-01 1.2698e+04 9.3012e+00 1.2743e+00
6.2157e+01 1.2686e+04 6.8999e-04 4.8634e-01 1.2686e+04 8.7532e+00 1.2189e+00
6.2549e+01 1.2674e+04 6.4561e-04 4.6310e-01 1.2674e+04 8.1822e+00 1.1604e+00
6.2941e+01 1.2661e+04 5.9931e-04 4.3856e-01 1.2661e+04 7.5877e+00 1.0987e+00
6.3333e+01 1.2647e+04 5.5102e-04 4.1263e-01 1.2647e+04 6.9689e+00 1.0335e+00
6.3725e+01 1.2633e+04 5.0065e-04 3.8525e-01 1.2633e+04 6.3249e+00 9.6470e-01
6.4118e+01 1.2619e+04 4.4813e-04 3.5631e-01 1.2619e+04 5.6549e+00 8.9205e-01
6.4510e+01 1.2604e+04 3.9334e-04 3.2572e-01 1.2604e+04 4.9576e+00 8.1528e-01
6.4902e+01 1.2588e+04 3.3622e-04 2.9339e-01 1.2588e+04 4.2325e+00 7.3418e-01
6.5294e+01 1.2573e+04 2.7692e-04 2.5932e-01 1.2573e+04 3.4816e+00 6.4879e-01
6.5686e+01 1.2557e+04 2.1631e-04 2.2400e-01 1.2557e+04 2.7161e+00 5.6030e-01
6.6078e+01 1.2541e+04 1.5682e-04 1.8894e-01 1.2541e+04 1.9666e+00 4.7251e-01
6.6471e+01 1.2527e+04 1.0292e-04 1.5715e-01 1.2527e+04 1.2892e+00 3.9295e-01
6.6863e+01 1.2516e+04 5.9861e-05 1.3220e-01 1.2516e+04 7.4922e-01 3.3052e-01
6.7255e+01 1.2508e+04 3.0609e-05 1.1586e-01 1.2508e+04 3.8287e-01 2.8966e-01
6.7647e+01 1.2504e+04 1.3920e-05 1.0698e-01 1.2504e+04 1.7405e-01 2.6745e-01
6.8039e+01 1.2502e+04 5.7915e-06 1.0284e-01 1.2502e+04 7.2403e-02 2.5711e-01
6.8431e+01 1.2501e+04 2.2779e-06 1.0111e-01 1.2501e+04 2.8475e-02 2.5277e-01
6.8824e+01 1.2500e+04 8.6878e-07 1.0042e-01 1.2500e+04 1.0860e-02 2.5105e-01
6.9216e+01 1.2500e+04 3.2606e-07 1.0016e-01 1.2500e+04 4.0758e-03 2.5040e-01
6.9608e+01 1.2500e+04 1.2126e-07 1.0006e-01 1.2500e+04 1.5157e-03 2.5015e-01
7.0000e+01 1.2500e+04 4.4812e-08 1.0002e-01 1.2500e+04 5.6015e-04 2.5005e-01
7.0392e+01 1.2500e+04 1.6475e-08 1.0001e-01 1.2500e+04 2.0594e-04 2.5002e-01
7.0784e+01 1.2500e+04 6.0282e-09 1.0000e-01 1.2500e+04 7.5353e-05 2.5001e-01
7.1176e+01 1.2500e+04 2.1954e-09 1.0000e-01 1.2500e+04 2.7443e-05 2.5000e-01
7.1569e+01 1.2500e+04 7.9586e-10 1.0000e-01 1.2500e+04 9.9483e-06 2.5000e-01
7.1961e+01 1.2500e+04 2.8716e-10 1.0000e-01 1.2500e+04 3.5896e-06 2.5000e-01
7.2353e+01 1.2500e+04 1.0313e-10 1.0000e-01 1.2500e+04 1.2891e-06 2.5000e-01
7.2745e+01 1.2500e+04 3.6863e-11 1.0000e-01 1.2500e+04 4.6078e-07 2.5000e-01
7.3137e+01 1.2500e+04 1.3113e-11 1.0000e-01 1.2500e+04 1.6392e-07 2.5000e-01
7.3529e+01 1.2500e+04 4.6426e-12 1.0000e-01 1.2500e+04 5.8032e-08 2.5000e-01
7.3922e+01 1.2500e+04 1.6357e-12 1.0000e-01 1.2500e+04 2.0446e-08 2.5000e-01
7.4314e+01 1.2500e+04 5.7347e-13 1.0000e-01 1.2500e+04 7.1683e-09 2.5000e-01
7.4706e+01 1.2500e+04 2.0007e-13 1.0000e-01 1.2500e+04 2.5009e-09 2.5000e-01
7.5098e+01 1.2500e+04 6.9452e-14 1.0000e-01 1.2500e+04 8.6815e-10 2.5000e-01
7.5490e+01 1.2500e+04 2.3988e-14 1.0000e-01 1.2500e+04 2.9986e-10 2.5000e-01
7.5882e+01 1.2500e+04 8.2428e-15 1.0000e-01 1.2500e+04 1.0304e-10 2.5000e-01
7.6275e+01 1.2500e+04 2.8172e-15 1.0000e-01 1.2500e+04 3.5215e-11 2.5000e-01
7.6667e+01 1.2500e+04 9.5712e-16 1.0000e-01 1.2500e+04 1.1964e-11 2.5000e-01
7.7059e+01 1.2500e+04 3.2257e-16 1.0000e-01 1.2500e+04 4.0321e-12 2.5000e-01
7.7451e+01 1.2500e+04 1.0735e-16 1.0000e-01 1.2500e+04 1.3419e-12 2.5000e-01
7.7843e+01 1.2500e+04 3.4715e-17 1.0000e-01 1.2500e+04 4.3394e-13 2.5000e-01
7.8235e+01 1.2500e+04 1.0498e-17 1.0000e-01 1.2500e+04 1.3122e-13 2.5000e-01
7.8627e+01 1.2500e+04 2.5426e-18 1.0000e-01 1.2500e+04 3.1782e-14 2.5000e-01
7.9020e+01 1.2500e+04 2.3102e-19 1.0000e-01 1.2500e+04 2.8877e-15 2.5000e-01
7.9412e+01 1.2500e+04 1.6986e-21 1.0000e-01 1.2500e+04 2.1233e-17 2.5000e-01
7.9804e+01 1.2500e+04 0.0000e+00 1.0000e-01 1.2500e+04 0.0000e+00 2.5000e-01
8.0196e+01 1.2500e+04 0.0000e+00 1.0000e-01 1.2500e+04 0.0000e+00 2.5000e-01
8.0588e+01 1.2500e+04 0.0000e+00 1.0000e-01 1.2500e+04 0.0000e+00 2.5000e-01
8.0980e+01 1.2500e+04 0.0000e+00 1.0000e-01 1.2500e+04 0.0000e+00 2.5000e-01
8.1373e+01 1.2500e+04 0.0000e+00 1.0000e-01 1.2500e+04 0.0000e+00 2.5000e-01
8.1765e+01 1.2500e+04 0.0000e+00 1.0000e-01 1.2500e+04 0.0000e+00 2.5000e-01
8.2157e+01 1.2500e+04 0.0000e+00 1.0000e-01 1.2500e+04 0.0000e+00 2.5000e-01
8.2549e+01 1.2500e+04 0.0000e+00 1.0000e-01 1.2500e+04 0.0000e+00 2.5000e-01
8.2941e+01 1.2500e+04 0.0000e+00 1.0000e-01 1.2500e+04 0.0000e+00 2.5000e-01
8.3333e+01 1.2500e+04 0.0000e+00 1.0000e-01 1.2500e+04 0.0000e+00 2.5000e-01
8.3725e+01 1.2500e+04 0.0000e+00 1.0000e-01 1.2500e+04 0.0000e+00 2.5000e-01
8.4118e+01 1.2500e+04 0.0000e+00 1.0000e-01 1.2500e+04 0.0000e+00 2.5000e-01
8.4510e+01 1.2500e+04 0.0000e+00 1.0000e-01 1.2500e+04 0.0000e+00 2.5000e-01
8.4902e+01 1.2500e+04 0.0000e+00 1.0000e-01 1.2500e+04 0.0000e+00 2.5000e-01
8.5294e+01 1.2500e+04 0.0000e+00 1.0000e-01 1.2500e+04 0.0000e+00 2.5000e-01
8.5686e+01 1.2500e+04 0.0000e+00 1.0000e-01 1.2500e+04 0.0000e+00 2.5000e-01
8.6078e+01 1.2500e+04 0.0000e+00 1.0000e-01 1.2500e+04 0.0000e+00 2.5000e-01
8.6471e+01 1.2500e+04 0.0000e+00 1.0000e-01 1.2500e+04 0.0000e+00 2.5000e-01
8.6863e+01 1.2500e+04 0.0000e+00 1.0000e-01 1.2500e+04 0.0000e+00 2.5000e-01
8.7255e+01 1.2500e+04 0.0000e+00 1.0000e-01 1.2500e+04 0.0000e+00 2.5000e-01
8.7647e+01 1.2500e+04 0.0000e+00 1.0000e-01 1.2500e+04 0.0000e+00 2.5000e-01
8.8039e+01 1.2500e+04 0.0000e+00 1.0000e-01 1.2500e+04 0.0000e+00 2.5000e-01
8.8431e+01 1.2500e+04 0.0000e+00 1.0000e-01 1.2500e+04 0.0000e+00 2.5000e-01
8.8824e+01 1.2500e+04 0.0000e+00 1.0000e-01 1.2500e+04 0.0000e+00 2.5000e-01
8.9216e+01 1.2500e+04 0.0000e+00 1.0000e-01 1.2500e+04 0.0000e+00 2.5000e-01
8.9608e+01 1.2500e+04 0.0000e+00 1.0000e-01 1.2500e+04 0.0000e+00 2.5000e-01
9.0000e+01 1.2500e+04 0.0000e+00 1.0000e-01 1.2500e+04 0.0000e+00 2.5000e-01
9.0392e+01 1.2500e+04 0.0000e+00 1.0000e-01 1.2500e+04 0.0000e+00 2.5000e-01
9.0784e+01 1.2500e+04 0.0000e+00 1.0000e-01 1.2500e+04 0.0000e+00 2.5000e-01
9.1176e+01 1.2500e+04 0.0000e+00 1.0000e-01 1.2500e+04 0.0000e+00 2.5000e-01
9.1569e+01 1.2500e+04 0.0000e+00 1.0000e-01 1.2500e+04 0.0000e+00 2.5000e-01
9.1961e+01 1.2500e+04 0.0000e+00 1.0000e-01 1.2500e+04 0.0000e+00 2.5000e-01
9.2353e+01 1.2500e+04 0.0000e+00 1.0000e-01 1.2500e+04 0.0000e+00 2.5000e-01
9.2745e+01 1.2500e+04 0.0000e+00 1.0000e-01 1.2500e+04 0.0000e+00 2.5000e-01
9.3137e+01 1.2500e+04 0.0000e+00 1.0000e-01 1.2500e+04 0.0000e+00 2.5000e-01
9.3529e+01 1.2500e+04 0.0000e+00 1.0000e-01 1.2500e+04 0.0000e+00 2.5000e-01
9.3922e+01 1.2500e+04 0.0000e+00 1.0000e-01 1.2500e+04 0.0000e+00 2.5000e-01
9.4314e+01 1.2500e+04 0.0000e+00 1.0000e-01 1.2500e+04 0.0000e+00 2.5000e-01
9.4706e+01 1.2500e+04 0.0000e+00 1.0000e-01 1.2500e+04 0.0000e+00 2.5000e-01
9.5098e+01 1.2500e+04 0.0000e+00 1.0000e-01 1.2500e+04 0.0000e+00 2.5000e-01
9.5490e+01 1.2500e+04 0.0000e+00 1.0000e-01 1.2500e+04 0.0000e+00 2.5000e-01
9.5882e+01 1.2500e+04 0.0000e+00 1.0000e-01 1.2500e+04 0.0000e+00 2.5000e-01
9.6275e+01 1.2500e+04 0.0000e+00 1.0000e-01 1.2500e+04 0.0000e+00 2.5000e-01
9.6667e+01 1.2500e+04 0.0000e+00 1.0000e-01 1.2500e+04 0.0000e+00 2.5000e-01
9.7059e+01 1.2500e+04 0.0000e+00 1.0000e-01 1.2500e+04 0.0000e+00 2.5000e-01
9.7451e+01 1.2500e+04 0.0000e+00 1.0000e-01 1.2500e+04 0.0000e+00 2.5000e-01
9.7843e+01 1.2500e+04 0.0000e+00 1.0000e-01 1.2500e+04 0.0000e+00 2.5000e-01
9.8235e+01 1.2500e+04 0.0000e+00 1.0000e-01 1.2500e+04 0.0000e+00 2.5000e-01
9.8627e+01 1.2500e+04 0.0000e+00 1.0000e-01 1.2500e+04 0.0000e+00 2.5000e-01
9.9020e+01 1.2500e+04 0.0000e+00 1.0000e-01 1.2500e+04 0.0000e+00 2.5000e-01
9.9412e+01 1.2500e+04 0.0000e+00 1.0000e-01 1.2500e+04 0.0000e+00 2.5000e-01
9.9804e+01 1.2500e+04 0.0000e+00 1.0000e-01 1.2500e+04 0.0000e+00 2.5000e-01
