# # x Density Velocity Pressure q0 q1 q2
1.9608e-01 1.0000e+05 0.0000e+00 1.0000e+00 1.0000e+05 0.0000e+00 2.5000e+00
5.8824e-01 1.0000e+05 0.0000e+00 1.0000e+00 1.0000e+05 0.0000e+00 2.5000e+00
9.8039e-01 1.0000e+05 0.0000e+00 1.0000e+00 1.0000e+05 0.0000e+00 2.5000e+00
1.3725e+00 1.0000e+05 0.0000e+00 1.0000e+00 1.0000e+05 0.0000e+00 2.5000e+00
1.7647e+00 1.0000e+05 0.0000e+00 1.0000e+00 1.0000e+05 0.0000e+00 2.5000e+00
2.1569e+00 1.0000e+05 0.0000e+00 1.0000e+00 1.0000e+05 0.0000e+00 2.5000e+00
2.5490e+00 1.0000e+05 0.0000e+00 1.0000e+00 1.0000e+05 0.0000e+00 2.5000e+00
2.9412e+00 1.0000e+05 0.0000e+00 1.0000e+00 1.0000e+05 0.0000e+00 2.5000e+00
3.3333e+00 1.0000e+05 0.0000e+00 1.0000e+00 1.0000e+05 0.0000e+00 2.5000e+00
3.7255e+00 1.0000e+05 0.0000e+00 1.0000e+00 1.0000e+05 0.0000e+00 2.5000e+00
4.1176e+00 1.0000e+05 0.0000e+00 1.0000e+00 1.0000e+05 0.0000e+00 2.5000e+00
4.5098e+00 1.0000e+05 0.0000e+00 1.0000e+00 1.0000e+05 0.0000e+00 2.5000e+00
4.9020e+00 1.0000e+05 0.0000e+00 1.0000e+00 1.0000e+05 0.0000e+00 2.5000e+00
5.2941e+00 1.0000e+05 0.0000e+00 1.0000e+00 1.0000e+05 0.0000e+00 2.5000e+00
5.6863e+00 1.0000e+05 0.0000e+00 1.0000e+00 1.0000e+05 0.0000e+00 2.5000e+00
6.0784e+00 1.0000e+05 0.0000e+00 1.0000e+00 1.0000e+05 0.0000e+00 2.5000e+00
6.4706e+00 1.0000e+05 0.0000e+00 1.0000e+00 1.0000e+05 0.0000e+00 2.5000e+00
6.8627e+00 1.0000e+05 0.0000e+00 1.0000e+00 1.0000e+05 0.0000e+00 2.5000e+00
7.2549e+00 1.0000e+05 0.0000e+00 1.0000e+00 1.0000e+05 0.0000e+00 2.5000e+00
7.6471e+00 1.0000e+05 0.0000e+00 1.0000e+00 1.0000e+05 0.0000e+00 2.5000e+00
8.0392e+00 1.0000e+05 0.0000e+00 1.0000e+00 1.0000e+05 0.0000e+00 2.5000e+00
8.4314e+00 1.0000e+05 0.0000e+00 1.0000e+00 1.0000e+05 0.0000e+00 2.5000e+00
8.8235e+00 1.0000e+05 0.0000e+00 1.0000e+00 1.0000e+05 0.0000e+00 2.5000e+00
9.2157e+00 1.0000e+05 0.0000e+00 1.0000e+00 1.0000e+05 0.0000e+00 2.5000e+00
9.6078e+00 1.0000e+05 0.0000e+00 1.0000e+00 1.0000e+05 0.0000e+00 2.5000e+00
1.0000e+01 1.0000e+05 0.0000e+00 1.0000e+00 1.0000e+05 0.0000e+00 2.5000e+00
1.0392e+01 1.0000e+05 0.0000e+00 1.0000e+00 1.0000e+05 0.0000e+00 2.5000e+00
1.0784e+01 1.0000e+05 0.0000e+00 1.0000e+00 1.0000e+05 0.0000e+00 2.5000e+00
1.1176e+01 1.0000e+05 0.0000e+00 1.0000e+00 1.0000e+05 0.0000e+00 2.5000e+00
1.1569e+01 1.0000e+05 0.0000e+00 1.0000e+00 1.0000e+05 0.0000e+00 2.5000e+00
1.1961e+01 1.0000e+05 0.0000e+00 1.0000e+00 1.0000e+05 0.0000e+00 2.5000e+00
1.2353e+01 1.0000e+05 0.0000e+00 1.0000e+00 1.0000e+05 0.0000e+00 2.5000e+00
1.2745e+01 1.0000e+05 0.0000e+00 1.0000e+00 1.0000e+05 0.0000e+00 2.5000e+00
1.3137e+01 1.0000e+05 0.0000e+00 1.0000e+00 1.0000e+05 0.0000e+00 2.5000e+00
1.3529e+01 1.0000e+05 0.0000e+00 1.0000e+00 1.0000e+05 0.0000e+00 2.5000e+00
1.3922e+01 1.0000e+05 0.0000e+00 1.0000e+00 1.0000e+05 0.0000e+00 2.5000e+00
1.4314e+01 1.0000e+05 0.0000e+00 1.0000e+00 1.0000e+05 0.0000e+00 2.5000e+00
1.4706e+01 1.0000e+05 0.0000e+00 1.0000e+00 1.0000e+05 0.0000e+00 2.5000e+00
1.5098e+01 1.0000e+05 0.0000e+00 1.0000e+00 1.0000e+05 0.0000e+00 2.5000e+00
1.5490e+01 1.0000e+05 0.0000e+00 1.0000e+00 1.0000e+05 0.0000e+00 2.5000e+00
1.5882e+01 1.0000e+05 0.0000e+00 1.0000e+00 1.0000e+05 0.0000e+00 2.5000e+00
1.6275e+01 1.0000e+05 0.0000e+00 1.0000e+00 1.0000e+05 0.0000e+00 2.5000e+00
1.6667e+01 1.0000e+05 0.0000e+00 1.0000e+00 1.0000e+05 0.0000e+00 2.5000e+00
1.7059e+01 1.0000e+05 0.0000e+00 1.0000e+00 1.0000e+05 0.0000e+00 2.5000e+00
1.7451e+01 1.0000e+05 0.0000e+00 1.0000e+00 1.0000e+05 0.0000e+00 2.5000e+00
1.7843e+01 1.0000e+05 0.0000e+00 1.0000e+00 1.0000e+05 0.0000e+00 2.5000e+00
1.8235e+01 1.0000e+05 0.0000e+00 1.0000e+00 1.0000e+05 0.0000e+00 2.5000e+00
1.8627e+01 1.0000e+05 0.0000e+00 1.0000e+00 1.0000e+05 0.0000e+00 2.5000e+00
1.9020e+01 1.0000e+05 0.0000e+00 1.0000e+00 1.0000e+05 0.0000e+00 2.5000e+00
1.9412e+01 1.0000e+05 0.0000e+00 1.0000e+00 1.0000e+05 0.0000e+00 2.5000e+00
1.9804e+01 1.0000e+05 0.0000e+00 1.0000e+00 1.0000e+05 0.0000e+00 2.5000e+00
2.0196e+01 1.0000e+05 0.0000e+00 1.0000e+00 1.0000e+05 0.0000e+00 2.5000e+00
2.0588e+01 1.0000e+05 0.0000e+00 1.0000e+00 1.0000e+05 0.0000e+00 2.5000e+00
2.0980e+01 1.0000e+05 0.0000e+00 1.0000e+00 1.0000e+05 0.0000e+00 2.5000e+00
2.1373e+01 1.0000e+05 1.8119e-20 1.0000e+00 1.0000e+05 1.8119e-15 2.5000e+00
2.1765e+01 1.0000e+05 4.3287e-19 1.0000e+00 1.0000e+05 4.3287e-14 2.5000e+00
2.2157e+01 1.0000e+05 1.9529e-18 1.0000e+00 1.0000e+05 1.9529e-13 2.5000e+00
2.2549e+01 1.0000e+05 4.8374e-18 1.0000e+00 1.0000e+05 4.8374e-13 2.5000e+00
2.2941e+01 1.0000e+05 9.9351e-18 1.0000e+00 1.0000e+05 9.9351e-13 2.5000e+00
2.3333e+01 1.0000e+05 2.0044e-17 1.0000e+00 1.0000e+05 2.0044e-12 2.5000e+00
2.3725e+01 1.0000e+05 4.1486e-17 1.0000e+00 1.0000e+05 4.1486e-12 2.5000e+00
2.4118e+01 1.0000e+05 8.8417e-17 1.0000e+00 1.0000e+05 8.8417e-12 2.5000e+00
2.4510e+01 1.0000e+05 1.9063e-16 1.0000e+00 1.0000e+05 1.9063e-11 2.5000e+00
2.4902e+01 1.0000e+05 4.1186e-16 1.0000e+00 1.0000e+05 4.1186e-11 2.5000e+00
2.5294e+01 1.0000e+05 8.8703e-16 1.0000e+00 1.0000e+05 8.8703e-11 2.5000e+00
2.5686e+01 1.0000e+05 1.8969e-15 1.0000e+00 1.0000e+05 1.8969e-10 2.5000e+00
2.6078e+01 1.0000e+05 4.0196e-15 1.0000e+00 1.0000e+05 4.0196e-10 2.5000e+00
2.6471e+01 1.0000e+05 8.4351e-15 1.0000e+00 1.0000e+05 8.4351e-10 2.5000e+00
2.6863e+01 1.0000e+05 1.7521e-14 1.0000e+00 1.0000e+05 1.7521e-09 2.5000e+00
2.7255e+01 1.0000e+05 3.6018e-14 1.0000e+00 1.0000e+05 3.6018e-09 2.5000e+00
2.7647e+01 1.0000e+05 7.3276e-14 1.0000e+00 1.0000e+05 7.3276e-09 2.5000e+00
2.8039e+01 1.0000e+05 1.4751e-13 1.0000e+00 1.0000e+05 1.4751e-08 2.5000e+00
2.8431e+01 1.0000e+05 2.9384e-13 1.0000e+00 1.0000e+05 2.9384e-08 2.5000e+00
2.8824e+01 1.0000e+05 5.7910e-13 1.0000e+00 1.0000e+05 5.7910e-08 2.5000e+00
2.9216e+01 1.0000e+05 1.1291e-12 1.0000e+00 1.0000e+05 1.1291e-07 2.5000e+00
2.9608e+01 1.0000e+05 2.1781e-12 1.0000e+00 1.0000e+05 2.1781e-07 2.5000e+00
3.0000e+01 1.0000e+05 4.1563e-12 1.0000e+00 1.0000e+05 4.1563e-07 2.5000e+00
3.0392e+01 1.0000e+05 7.8453e-12 1.0000e+00 1.0000e+05 7.8453e-07 2.5000e+00
3.0784e+01 1.0000e+05 1.4648e-11 1.0000e+00 1.0000e+05 1.4648e-06 2.5000e+00
3.1176e+01 1.0000e+05 2.7050e-11 1.0000e+00 1.0000e+05 2.7050e-06 2.5000e+00
3.1569e+01 1.0000e+05 4.9406e-11 1.0000e+00 1.0000e+05 4.9406e-06 2.5000e+00
3.1961e+01 1.0000e+05 8.9244e-11 1.0000e+00 1.0000e+05 8.9244e-06 2.5000e+00
3.2353e+01 1.0000e+05 1.5942e-10 1.0000e+00 1.0000e+05 1.5942e-05 2.5000e+00
3.2745e+01 1.0000e+05 2.8162e-10 1.0000e+00 1.0000e+05 2.8162e-05 2.5000e+00
3.3137e+01 1.0000e+05 4.9192e-10 1.0000e+00 1.0000e+05 4.9192e-05 2.5000e+00
3.3529e+01 1.0000e+05 8.4965e-10 1.0000e+00 1.0000e+05 8.4965e-05 2.5000e+00
3.3922e+01 1.0000e+05 1.4510e-09 1.0000e+00 1.0000e+05 1.4510e-04 2.5000e+00
3.4314e+01 1.0000e+05 2.4500e-09 9.9999e-01 1.0000e+05 2.4500e-04 2.5000e+00
3.4706e+01 1.0000e+05 4.0899e-09 9.9999e-01 1.0000e+05 4.0899e-04 2.5000e+00
3.5098e+01 1.0000e+05 6.7497e-09 9.9998e-01 1.0000e+05 6.7497e-04 2.4999e+00
3.5490e+01 1.0000e+05 1.1012e-08 9.9997e-01 1.0000e+05 1.1012e-03 2.4999e+00
3.5882e+01 1.0000e+05 1.7761e-08 9.9995e-01 1.0000e+05 1.7761e-03 2.4999e+00
3.6275e+01 1.0000e+05 2.8315e-08 9.9992e-01 1.0000e+05 2.8315e-03 2.4998e+00
3.6667e+01 1.0000e+05 4.4622e-08 9.9988e-01 1.0000e+05 4.4622e-03 2.4997e+00
3.7059e+01 1.0000e+05 6.9507e-08 9.9981e-01 1.0000e+05 6.9506e-03 2.4995e+00
3.7451e+01 1.0000e+05 1.0701e-07 9.9972e-01 1.0000e+05 1.0701e-02 2.4993e+00
3.7843e+01 9.9999e+04 1.6285e-07 9.9958e-01 9.9999e+04 1.6285e-02 2.4989e+00
3.8235e+01 9.9999e+04 2.4493e-07 9.9938e-01 9.9999e+04 2.4492e-02 2.4985e+00
3.8627e+01 9.9998e+04 3.6407e-07 9.9911e-01 9.9998e+04 3.6407e-02 2.4978e+00
3.9020e+01 9.9998e+04 5.3486e-07 9.9872e-01 9.9998e+04 5.3484e-02 2.4968e+00
3.9412e+01 9.9997e+04 7.7655e-07 9.9820e-01 9.9997e+04 7.7653e-02 2.4955e+00
3.9804e+01 9.9995e+04 1.1143e-06 9.9748e-01 9.9995e+04 1.1142e-01 2.4937e+00
4.0196e+01 9.9993e+04 1.5801e-06 9.9653e-01 9.9993e+04 1.5800e-01 2.4913e+00
4.0588e+01 9.9990e+04 2.2143e-06 9.9528e-01 9.9990e+04 2.2141e-01 2.4882e+00
4.0980e+01 9.9985e+04 3.0668e-06 9.9367e-01 9.9985e+04 3.0664e-01 2.4842e+00
4.1373e+01 9.9979e+04 4.1978e-06 9.9160e-01 9.9979e+04 4.1969e-01 2.4790e+00
4.1765e+01 9.9971e+04 5.6786e-06 9.8900e-01 9.9971e+04 5.6770e-01 2.4725e+00
4.2157e+01 9.9961e+04 7.5923e-06 9.8578e-01 9.9961e+04 7.5893e-01 2.4645e+00
4.2549e+01 9.9947e+04 1.0033e-05 9.8185e-01 9.9947e+04 1.0028e+00 2.4546e+00
4.2941e+01 9.9928e+04 1.3106e-05 9.7713e-01 9.9928e+04 1.3096e+00 2.4428e+00
4.3333e+01 9.9905e+04 1.6923e-05 9.7153e-01 9.9905e+04 1.6907e+00 2.4288e+00
4.3725e+01 9.9875e+04 2.1605e-05 9.6501e-01 9.9875e+04 2.1578e+00 2.4125e+00
4.4118e+01 9.9837e+04 2.7273e-05 9.5751e-01 9.9837e+04 2.7229e+00 2.3938e+00
4.4510e+01 9.9789e+04 3.4050e-05 9.4902e-01 9.9789e+04 3.3978e+00 2.3726e+00
4.4902e+01 9.9731e+04 4.2051e-05 9.3954e-01 9.9731e+04 4.1938e+00 2.3489e+00
4.5294e+01 9.9661e+04 5.1384e-05 9.2911e-01 9.9661e+04 5.1210e+00 2.3229e+00
4.5686e+01 9.9576e+04 6.2145e-05 9.1778e-01 9.9576e+04 6.1881e+00 2.2946e+00
4.6078e+01 9.9474e+04 7.4414e-05 9.0561e-01 9.9474e+04 7.4022e+00 2.2643e+00
4.6471e+01 9.9355e+04 8.8245e-05 8.9271e-01 9.9355e+04 8.7676e+00 2.2322e+00
4.6863e+01 9.9216e+04 1.0374e-04 8.7917e-01 9.9216e+04 1.0293e+01 2.1985e+00
4.7255e+01 9.9047e+04 1.2057e-04 8.6498e-01 9.9047e+04 1.1942e+01 2.1632e+00
4.7647e+01 9.8901e+04 1.4072e-04 8.5093e-01 9.8901e+04 1.3917e+01 2.1283e+00
4.8039e+01 9.8517e+04 1.5503e-04 8.3398e-01 9.8517e+04 1.5273e+01 2.0861e+00
4.8431e+01 9.8886e+04 1.9806e-04 8.2605e-01 9.8886e+04 1.9585e+01 2.0671e+00
4.8824e+01 9.7045e+04 1.6673e-04 7.9258e-01 9.7045e+04 1.6181e+01 1.9828e+00
4.9216e+01 9.9052e+04 2.8365e-04 8.0803e-01 9.9052e+04 2.8096e+01 2.0241e+00
4.9608e+01 1.0533e+05 2.2995e-04 7.6633e-01 1.0533e+05 2.4221e+01 1.9186e+00
5.0000e+01 1.5408e+04 3.0445e-04 7.7162e-01 1.5408e+04 4.6908e+00 1.9298e+00
5.0392e+01 1.0674e+04 3.5389e-04 7.5887e-01 1.0674e+04 3.7775e+00 1.8978e+00
5.0784e+01 1.0883e+04 5.0717e-04 7.5655e-01 1.0883e+04 5.5194e+00 1.8928e+00
5.1176e+01 1.1639e+04 7.5230e-04 7.6793e-01 1.1639e+04 8.7562e+00 1.9231e+00
5.1569e+01 1.2191e+04 1.0959e-03 7.9512e-01 1.2191e+04 1.3360e+01 1.9951e+00
5.1961e+01 1.2664e+04 1.2717e-03 8.0623e-01 1.2664e+04 1.6105e+01 2.0258e+00
5.2353e+01 1.2765e+04 1.3452e-03 8.0765e-01 1.2765e+04 1.7172e+01 2.0307e+00
5.2745e+01 1.2846e+04 1.3281e-03 7.9965e-01 1.2846e+04 1.7061e+01 2.0105e+00
5.3137e+01 1.2813e+04 1.3255e-03 7.9388e-01 1.2813e+04 1.6984e+01 1.9960e+00
5.3529e+01 1.2843e+04 1.3021e-03 7.8555e-01 1.2843e+04 1.6723e+01 1.9748e+00
5.3922e+01 1.2821e+04 1.2928e-03 7.7836e-01 1.2821e+04 1.6575e+01 1.9566e+00
5.4314e+01 1.2836e+04 1.2707e-03 7.6956e-01 1.2836e+04 1.6310e+01 1.9343e+00
5.4706e+01 1.2823e+04 1.2563e-03 7.6118e-01 1.2823e+04 1.6109e+01 1.9131e+00
5.5098e+01 1.2828e+04 1.2344e-03 7.5176e-01 1.2828e+04 1.5835e+01 1.8892e+00
5.5490e+01 1.2820e+04 1.2164e-03 7.4238e-01 1.2820e+04 1.5594e+01 1.8654e+00
5.5882e+01 1.2820e+04 1.1940e-03 7.3228e-01 1.2820e+04 1.5306e+01 1.8398e+00
5.6275e+01 1.2813e+04 1.1732e-03 7.2201e-01 1.2813e+04 1.5031e+01 1.8138e+00
5.6667e+01 1.2810e+04 1.1496e-03 7.1117e-01 1.2810e+04 1.4727e+01 1.7864e+00
5.7059e+01 1.2803e+04 1.1265e-03 7.0000e-01 1.2803e+04 1.4423e+01 1.7581e+00
5.7451e+01 1.2798e+04 1.1014e-03 6.8829e-01 1.2798e+04 1.4097e+01 1.7285e+00
5.7843e+01 1.2792e+04 1.0760e-03 6.7613e-01 1.2792e+04 1.3763e+01 1.6977e+00
5.8235e+01 1.2785e+04 1.0489e-03 6.6337e-01 1.2785e+04 1.3411e+01 1.6655e+00
5.8627e+01 1.2778e+04 1.0210e-03 6.5002e-01 1.2778e+04 1.3047e+01 1.6317e+00
5.9020e+01 1.2770e+04 9.9165e-04 6.3599e-01 1.2770e+04 1.2664e+01 1.5963e+00
5.9412e+01 1.2762e+04 9.6106e-04 6.2124e-01 1.2762e+04 1.2265e+01 1.5590e+00
5.9804e+01 1.2753e+04 9.2897e-04 6.0570e-01 1.2753e+04 1.1847e+01 1.5197e+00
6.0196e+01 1.2744e+04 8.9547e-04 5.8931e-01 1.2744e+04 1.1412e+01 1.4784e+00
6.0588e+01 1.2734e+04 8.6039e-04 5.7201e-01 1.2734e+04 1.0956e+01 1.4347e+00
6.0980e+01 1.2724e+04 8.2374e-04 5.5376e-01 1.2724e+04 1.0481e+01 1.3887e+00
6.1373e+01 1.2713e+04 7.8542e-04 5.3447e-01 1.2713e+04 9.9852e+00 1.3401e+00
6.1765e+01 1.2702e+04 7.4540e-04 5.1411e-01 1.2702e+04 9.4680e+00 1.2888e+00
6.2157e+01 1.2690e+04 7.0361e-04 4.9260e-01 1.2690e+04 8.9289e+00 1.2346e+00
6.2549e+01 1.2678e+04 6.5999e-04 4.6989e-01 1.2678e+04 8.3674e+00 1.1775e+00
6.2941e+01 1.2665e+04 6.1449e-04 4.4591e-01 1.2665e+04 7.7827e+00 1.1172e+00
6.3333e+01 1.2652e+04 5.6704e-04 4.2059e-01 1.2652e+04 7.1742e+00 1.0535e+00
6.3725e+01 1.2638e+04 5.1757e-04 3.9386e-01 1.2638e+04 6.5412e+00 9.8635e-01
6.4118e+01 1.2624e+04 4.6599e-04 3.6563e-01 1.2624e+04 5.8827e+00 9.1545e-01
6.4510e+01 1.2609e+04 4.1222e-04 3.3581e-01 1.2609e+04 5.1978e+00 8.4059e-01
6.4902e+01 1.2594e+04 3.5615e-04 3.0429e-01 1.2594e+04 4.4854e+00 7.6152e-01
6.5294e+01 1.2578e+04 2.9783e-04 2.7103e-01 1.2578e+04 3.7462e+00 6.7813e-01
6.5686e+01 1.2562e+04 2.3777e-04 2.3628e-01 1.2562e+04 2.9870e+00 5.9106e-01
6.6078e+01 1.2547e+04 1.7772e-04 2.0109e-01 1.2547e+04 2.2298e+00 5.0292e-01
6.6471e+01 1.2532e+04 1.2140e-04 1.6790e-01 1.2532e+04 1.5214e+00 4.1983e-01
6.6863e+01 1.2520e+04 7.4026e-05 1.4025e-01 1.2520e+04 9.2678e-01 3.5066e-01
6.7255e+01 1.2511e+04 3.9735e-05 1.2084e-01 1.2511e+04 4.9712e-01 3.0210e-01
6.7647e+01 1.2505e+04 1.8851e-05 1.0954e-01 1.2505e+04 2.3574e-01 2.7386e-01
6.8039e+01 1.2502e+04 8.0889e-06 1.0399e-01 1.2502e+04 1.0113e-01 2.5997e-01
6.8431e+01 1.2501e+04 3.2434e-06 1.0158e-01 1.2501e+04 4.0546e-02 2.5394e-01
6.8824e+01 1.2500e+04 1.2510e-06 1.0061e-01 1.2500e+04 1.5637e-02 2.5151e-01
6.9216e+01 1.2500e+04 4.7274e-07 1.0023e-01 1.2500e+04 5.9093e-03 2.5057e-01
6.9608e+01 1.2500e+04 1.7668e-07 1.0009e-01 1.2500e+04 2.2085e-03 2.5021e-01
7.0000e+01 1.2500e+04 6.5572e-08 1.0003e-01 1.2500e+04 8.1965e-04 2.5008e-01
7.0392e+01 1.2500e+04 2.4204e-08 1.0001e-01 1.2500e+04 3.0255e-04 2.5003e-01
7.0784e+01 1.2500e+04 8.8909e-09 1.0000e-01 1.2500e+04 1.1114e-04 2.5001e-01
7.1176e+01 1.2500e+04 3.2508e-09 1.0000e-01 1.2500e+04 4.0635e-05 2.5000e-01
7.1569e+01 1.2500e+04 1.1831e-09 1.0000e-01 1.2500e+04 1.4789e-05 2.5000e-01
7.1961e+01 1.2500e+04 4.2863e-10 1.0000e-01 1.2500e+04 5.3578e-06 2.5000e-01
7.2353e+01 1.2500e+04 1.5456e-10 1.0000e-01 1.2500e+04 1.9321e-06 2.5000e-01
7.2745e+01 1.2500e+04 5.5477e-11 1.0000e-01 1.2500e+04 6.9346e-07 2.5000e-01
7.3137e+01 1.2500e+04 1.9818e-11 1.0000e-01 1.2500e+04 2.4773e-07 2.5000e-01
7.3529e+01 1.2500e+04 7.0464e-12 1.0000e-01 1.2500e+04 8.8080e-08 2.5000e-01
7.3922e+01 1.2500e+04 2.4933e-12 1.0000e-01 1.2500e+04 3.1167e-08 2.5000e-01
7.4314e+01 1.2500e+04 8.7802e-13 1.0000e-01 1.2500e+04 1.0975e-08 2.5000e-01
7.4706e+01 1.2500e+04 3.0769e-13 1.0000e-01 1.2500e+04 3.8461e-09 2.5000e-01
7.5098e+01 1.2500e+04 1.0730e-13 1.0000e-01 1.2500e+04 1.3412e-09 2.5000e-01
7.5490e+01 1.2500e+04 3.7231e-14 1.0000e-01 1.2500e+04 4.6539e-10 2.5000e-01
7.5882e+01 1.2500e+04 1.2854e-14 1.0000e-01 1.2500e+04 1.6067e-10 2.5000e-01
7.6275e+01 1.2500e+04 4.4146e-15 1.0000e-01 1.2500e+04 5.5182e-11 2.5000e-01
7.6667e+01 1.2500e+04 1.5078e-15 1.0000e-01 1.2500e+04 1.8847e-11 2.5000e-01
7.7059e+01 1.2500e+04 5.1142e-16 1.0000e-01 1.2500e+04 6.3928e-12 2.5000e-01
7.7451e+01 1.2500e+04 1.7174e-16 1.0000e-01 1.2500e+04 2.1468e-12 2.5000e-01
7.7843e+01 1.2500e+04 5.6483e-17 1.0000e-01 1.2500e+04 7.0604e-13 2.5000e-01
7.8235e+01 1.2500e+04 1.7752e-17 1.0000e-01 1.2500e+04 2.2190e-13 2.5000e-01
7.8627e+01 1.2500e+04 4.8997e-18 1.0000e-01 1.2500e+04 6.1247e-14 2.5000e-01
7.9020e+01 1.2500e+04 8.6801e-19 1.0000e-01 1.2500e+04 1.0850e-14 2.5000e-01
7.9412e+01 1.2500e+04 1.8685e-20 1.0000e-01 1.2500e+04 2.3356e-16 2.5000e-01
7.9804e+01 1.2500e+04 0.0000e+00 1.0000e-01 1.2500e+04 0.0000e+00 2.5000e-01
8.0196e+01 1.2500e+04 0.0000e+00 1.0000e-01 1.2500e+04 0.0000e+00 2.5000e-01
8.0588e+01 1.2500e+04 0.0000e+00 1.0000e-01 1.2500e+04 0.0000e+00 2.5000e-01
8.0980e+01 1.2500e+04 0.0000e+00 1.0000e-01 1.2500e+04 0.0000e+00 2.5000e-01
8.1373e+01 1.2500e+04 0.0000e+00 1.0000e-01 1.2500e+04 0.0000e+00 2.5000e-01
8.1765e+01 1.2500e+04 0.0000e+00 1.0000e-01 1.2500e+04 0.0000e+00 2.5000e-01
8.2157e+01 1.2500e+04 0.0000e+00 1.0000e-01 1.2500e+04 0.0000e+00 2.5000e-01
8.2549e+01 1.2500e+04 0.0000e+00 1.0000e-01 1.2500e+04 0.0000e+00 2.5000e-01
8.2941e+01 1.2500e+04 0.0000e+00 1.0000e-01 1.2500e+04 0.0000e+00 2.5000e-01
8.3333e+01 1.2500e+04 0.0000e+00 1.0000e-01 1.2500e+04 0.0000e+00 2.5000e-01
8.3725e+01 1.2500e+04 0.0000e+00 1.0000e-01 1.2500e+04 0.0000e+00 2.5000e-01
8.4118e+01 1.2500e+04 0.0000e+00 1.0000e-01 1.2500e+04 0.0000e+00 2.5000e-01
8.4510e+01 1.2500e+04 0.0000e+00 1.0000e-01 1.2500e+04 0.0000e+00 2.5000e-01
8.4902e+01 1.2500e+04 0.0000e+00 1.0000e-01 1.2500e+04 0.0000e+00 2.5000e-01
8.5294e+01 1.2500e+04 0.0000e+00 1.0000e-01 1.2500e+04 0.0000e+00 2.5000e-01
8.5686e+01 1.2500e+04 0.0000e+00 1.0000e-01 1.2500e+04 0.0000e+00 2.5000e-01
8.6078e+01 1.2500e+04 0.0000e+00 1.0000e-01 1.2500e+04 0.0000e+00 2.5000e-01
8.6471e+01 1.2500e+04 0.0000e+00 1.0000e-01 1.2500e+04 0.0000e+00 2.5000e-01
8.6863e+01 1.2500e+04 0.0000e+00 1.0000e-01 1.2500e+04 0.0000e+00 2.5000e-01
8.7255e+01 1.2500e+04 0.0000e+00 1.0000e-01 1.2500e+04 0.0000e+00 2.5000e-01
8.7647e+01 1.2500e+04 0.0000e+00 1.0000e-01 1.2500e+04 0.0000e+00 2.5000e-01
8.8039e+01 1.2500e+04 0.0000e+00 1.0000e-01 1.2500e+04 0.0000e+00 2.5000e-01
8.8431e+01 1.2500e+04 0.0000e+00 1.0000e-01 1.2500e+04 0.0000e+00 2.5000e-01
8.8824e+01 1.2500e+04 0.0000e+00 1.0000e-01 1.2500e+04 0.0000e+00 2.5000e-01
8.9216e+01 1.2500e+04 0.0000e+00 1.0000e-01 1.2500e+04 0.0000e+00 2.5000e-01
8.9608e+01 1.2500e+04 0.0000e+00 1.0000e-01 1.2500e+04 0.0000e+00 2.5000e-01
9.0000e+01 1.2500e+04 0.0000e+00 1.0000e-01 1.2500e+04 0.0000e+00 2.5000e-01
9.0392e+01 1.2500e+04 0.0000e+00 1.0000e-01 1.2500e+04 0.0000e+00 2.5000e-01
9.0784e+01 1.2500e+04 0.0000e+00 1.0000e-01 1.2500e+04 0.0000e+00 2.5000e-01
9.1176e+01 1.2500e+04 0.0000e+00 1.0000e-01 1.2500e+04 0.0000e+00 2.5000e-01
9.1569e+01 1.2500e+04 0.0000e+00 1.0000e-01 1.2500e+04 0.0000e+00 2.5000e-01
9.1961e+01 1.2500e+04 0.0000e+00 1.0000e-01 1.2500e+04 0.0000e+00 2.5000e-01
9.2353e+01 1.2500e+04 0.0000e+00 1.0000e-01 1.2500e+04 0.0000e+00 2.5000e-01
9.2745e+01 1.2500e+04 0.0000e+00 1.0000e-01 1.2500e+04 0.0000e+00 2.5000e-01
9.3137e+01 1.2500e+04 0.0000e+00 1.0000e-01 1.2500e+04 0.0000e+00 2.5000e-01
9.3529e+01 1.2500e+04 0.0000e+00 1.0000e-01 1.2500e+04 0.0000e+00 2.5000e-01
9.3922e+01 1.2500e+04 0.0000e+00 1.0000e-01 1.2500e+04 0.0000e+00 2.5000e-01
9.4314e+01 1.2500e+04 0.0000e+00 1.0000e-01 1.2500e+04 0.0000e+00 2.5000e-01
9.4706e+01 1.2500e+04 0.0000e+00 1.0000e-01 1.2500e+04 0.0000e+00 2.5000e-01
9.5098e+01 1.2500e+04 0.0000e+00 1.0000e-01 1.2500e+04 0.0000e+00 2.5000e-01
9.5490e+01 1.2500e+04 0.0000e+00 1.0000e-01 1.2500e+04 0.0000e+00 2.5000e-01
9.5882e+01 1.2500e+04 0.0000e+00 1.0000e-01 1.2500e+04 0.0000e+00 2.5000e-01
9.6275e+01 1.2500e+04 0.0000e+00 1.0000e-01 1.2500e+04 0.0000e+00 2.5000e-01
9.6667e+01 1.2500e+04 0.0000e+00 1.0000e-01 1.2500e+04 0.0000e+00 2.5000e-01
9.7059e+01 1.2500e+04 0.0000e+00 1.0000e-01 1.2500e+04 0.0000e+00 2.5000e-01
9.7451e+01 1.2500e+04 0.0000e+00 1.0000e-01 1.2500e+04 0.0000e+00 2.5000e-01
9.7843e+01 1.2500e+04 0.0000e+00 1.0000e-01 1.2500e+04 0.0000e+00 2.5000e-01
9.8235e+01 1.2500e+04 0.0000e+00 1.0000e-01 1.2500e+04 0.0000e+00 2.5000e-01
9.8627e+01 1.2500e+04 0.0000e+00 1.0000e-01 1.2500e+04 0.0000e+00 2.5000e-01
9.9020e+01 1.2500e+04 0.0000e+00 1.0000e-01 1.2500e+04 0.0000e+00 2.5000e-01
9.9412e+01 1.2500e+04 0.0000e+00 1.0000e-01 1.2500e+04 0.0000e+00 2.5000e-01
9.9804e+01 1.2500e+04 0.0000e+00 1.0000e-01 1.2500e+04 0.0000e+00 2.5000e-01
