# # x Density Velocity Pressure q0 q1 q2
1.9608e-01 1.0000e+05 0.0000e+00 1.0000e+00 1.0000e+05 0.0000e+00 2.5000e+00
5.8824e-01 1.0000e+05 0.0000e+00 1.0000e+00 1.0000e+05 0.0000e+00 2.5000e+00
9.8039e-01 1.0000e+05 0.0000e+00 1.0000e+00 1.0000e+05 0.0000e+00 2.5000e+00
1.3725e+00 1.0000e+05 0.0000e+00 1.0000e+00 1.0000e+05 0.0000e+00 2.5000e+00
1.7647e+00 1.0000e+05 0.0000e+00 1.0000e+00 1.0000e+05 0.0000e+00 2.5000e+00
2.1569e+00 1.0000e+05 0.0000e+00 1.0000e+00 1.0000e+05 0.0000e+00 2.5000e+00
2.5490e+00 1.0000e+05 0.0000e+00 1.0000e+00 1.0000e+05 0.0000e+00 2.5000e+00
2.9412e+00 1.0000e+05 0.0000e+00 1.0000e+00 1.0000e+05 0.0000e+00 2.5000e+00
3.3333e+00 1.0000e+05 0.0000e+00 1.0000e+00 1.0000e+05 0.0000e+00 2.5000e+00
3.7255e+00 1.0000e+05 0.0000e+00 1.0000e+00 1.0000e+05 0.0000e+00 2.5000e+00
4.1176e+00 1.0000e+05 0.0000e+00 1.0000e+00 1.0000e+05 0.0000e+00 2.5000e+00
4.5098e+00 1.0000e+05 0.0000e+00 1.0000e+00 1.0000e+05 0.0000e+00 2.5000e+00
4.9020e+00 1.0000e+05 0.0000e+00 1.0000e+00 1.0000e+05 0.0000e+00 2.5000e+00
5.2941e+00 1.0000e+05 0.0000e+00 1.0000e+00 1.0000e+05 0.0000e+00 2.5000e+00
5.6863e+00 1.0000e+05 0.0000e+00 1.0000e+00 1.0000e+05 0.0000e+00 2.5000e+00
6.0784e+00 1.0000e+05 0.0000e+00 1.0000e+00 1.0000e+05 0.0000e+00 2.5000e+00
6.4706e+00 1.0000e+05 0.0000e+00 1.0000e+00 1.0000e+05 0.0000e+00 2.5000e+00
6.8627e+00 1.0000e+05 0.0000e+00 1.0000e+00 1.0000e+05 0.0000e+00 2.5000e+00
7.2549e+00 1.0000e+05 0.0000e+00 1.0000e+00 1.0000e+05 0.0000e+00 2.5000e+00
7.6471e+00 1.0000e+05 0.0000e+00 1.0000e+00 1.0000e+05 0.0000e+00 2.5000e+00
8.0392e+00 1.0000e+05 0.0000e+00 1.0000e+00 1.0000e+05 0.0000e+00 2.5000e+00
8.4314e+00 1.0000e+05 0.0000e+00 1.0000e+00 1.0000e+05 0.0000e+00 2.5000e+00
8.8235e+00 1.0000e+05 0.0000e+00 1.0000e+00 1.0000e+05 0.0000e+00 2.5000e+00
9.2157e+00 1.0000e+05 0.0000e+00 1.0000e+00 1.0000e+05 0.0000e+00 2.5000e+00
9.6078e+00 1.0000e+05 0.0000e+00 1.0000e+00 1.0000e+05 0.0000e+00 2.5000e+00
1.0000e+01 1.0000e+05 0.0000e+00 1.0000e+00 1.0000e+05 0.0000e+00 2.5000e+00
1.0392e+01 1.0000e+05 0.0000e+00 1.0000e+00 1.0000e+05 0.0000e+00 2.5000e+00
1.0784e+01 1.0000e+05 0.0000e+00 1.0000e+00 1.0000e+05 0.0000e+00 2.5000e+00
1.1176e+01 1.0000e+05 0.0000e+00 1.0000e+00 1.0000e+05 0.0000e+00 2.5000e+00
1.1569e+01 1.0000e+05 0.0000e+00 1.0000e+00 1.0000e+05 0.0000e+00 2.5000e+00
1.1961e+01 1.0000e+05 0.0000e+00 1.0000e+00 1.0000e+05 0.0000e+00 2.5000e+00
1.2353e+01 1.0000e+05 0.0000e+00 1.0000e+00 1.0000e+05 0.0000e+00 2.5000e+00
1.2745e+01 1.0000e+05 0.0000e+00 1.0000e+00 1.0000e+05 0.0000e+00 2.5000e+00
1.3137e+01 1.0000e+05 0.0000e+00 1.0000e+00 1.0000e+05 0.0000e+00 2.5000e+00
1.3529e+01 1.0000e+05 0.0000e+00 1.0000e+00 1.0000e+05 0.0000e+00 2.5000e+00
1.3922e+01 1.0000e+05 0.0000e+00 1.0000e+00 1.0000e+05 0.0000e+00 2.5000e+00
1.4314e+01 1.0000e+05 0.0000e+00 1.0000e+00 1.0000e+05 0.0000e+00 2.5000e+00
1.4706e+01 1.0000e+05 0.0000e+00 1.0000e+00 1.0000e+05 0.0000e+00 2.5000e+00
1.5098e+01 1.0000e+05 0.0000e+00 1.0000e+00 1.0000e+05 0.0000e+00 2.5000e+00
1.5490e+01 1.0000e+05 0.0000e+00 1.0000e+00 1.0000e+05 0.0000e+00 2.5000e+00
1.5882e+01 1.0000e+05 0.0000e+00 1.0000e+00 1.0000e+05 0.0000e+00 2.5000e+00
1.6275e+01 1.0000e+05 0.0000e+00 1.0000e+00 1.0000e+05 0.0000e+00 2.5000e+00
1.6667e+01 1.0000e+05 0.0000e+00 1.0000e+00 1.0000e+05 0.0000e+00 2.5000e+00
1.7059e+01 1.0000e+05 0.0000e+00 1.0000e+00 1.0000e+05 0.0000e+00 2.5000e+00
1.7451e+01 1.0000e+05 0.0000e+00 1.0000e+00 1.0000e+05 0.0000e+00 2.5000e+00
1.7843e+01 1.0000e+05 0.0000e+00 1.0000e+00 1.0000e+05 0.0000e+00 2.5000e+00
1.8235e+01 1.0000e+05 0.0000e+00 1.0000e+00 1.0000e+05 0.0000e+00 2.5000e+00
1.8627e+01 1.0000e+05 0.0000e+00 1.0000e+00 1.0000e+05 0.0000e+00 2.5000e+00
1.9020e+01 1.0000e+05 0.0000e+00 1.0000e+00 1.0000e+05 0.0000e+00 2.5000e+00
1.9412e+01 1.0000e+05 0.0000e+00 1.0000e+00 1.0000e+05 0.0000e+00 2.5000e+00
1.9804e+01 1.0000e+05 0.0000e+00 1.0000e+00 1.0000e+05 0.0000e+00 2.5000e+00
2.0196e+01 1.0000e+05 0.0000e+00 1.0000e+00 1.0000e+05 0.0000e+00 2.5000e+00
2.0588e+01 1.0000e+05 0.0000e+00 1.0000e+00 1.0000e+05 0.0000e+00 2.5000e+00
2.0980e+01 1.0000e+05 0.0000e+00 1.0000e+00 1.0000e+05 0.0000e+00 2.5000e+00
2.1373e+01 1.0000e+05 3.7370e-20 1.0000e+00 1.0000e+05 3.7370e-15 2.5000e+00
2.1765e+01 1.0000e+05 5.4413e-19 1.0000e+00 1.0000e+05 5.4413e-14 2.5000e+00
2.2157e+01 1.0000e+05 2.2264e-18 1.0000e+00 1.0000e+05 2.2264e-13 2.5000e+00
2.2549e+01 1.0000e+05 5.3170e-18 1.0000e+00 1.0000e+05 5.3170e-13 2.5000e+00
2.2941e+01 1.0000e+05 1.0805e-17 1.0000e+00 1.0000e+05 1.0805e-12 2.5000e+00
2.3333e+01 1.0000e+05 2.1805e-17 1.0000e+00 1.0000e+05 2.1805e-12 2.5000e+00
2.3725e+01 1.0000e+05 4.5295e-17 1.0000e+00 1.0000e+05 4.5295e-12 2.5000e+00
2.4118e+01 1.0000e+05 9.6620e-17 1.0000e+00 1.0000e+05 9.6620e-12 2.5000e+00
2.4510e+01 1.0000e+05 2.0818e-16 1.0000e+00 1.0000e+05 2.0818e-11 2.5000e+00
2.4902e+01 1.0000e+05 4.4914e-16 1.0000e+00 1.0000e+05 4.4914e-11 2.5000e+00
2.5294e+01 1.0000e+05 9.6550e-16 1.0000e+00 1.0000e+05 9.6550e-11 2.5000e+00
2.5686e+01 1.0000e+05 2.0603e-15 1.0000e+00 1.0000e+05 2.0603e-10 2.5000e+00
2.6078e+01 1.0000e+05 4.3563e-15 1.0000e+00 1.0000e+05 4.3563e-10 2.5000e+00
2.6471e+01 1.0000e+05 9.1212e-15 1.0000e+00 1.0000e+05 9.1212e-10 2.5000e+00
2.6863e+01 1.0000e+05 1.8904e-14 1.0000e+00 1.0000e+05 1.8904e-09 2.5000e+00
2.7255e+01 1.0000e+05 3.8776e-14 1.0000e+00 1.0000e+05 3.8776e-09 2.5000e+00
2.7647e+01 1.0000e+05 7.8715e-14 1.0000e+00 1.0000e+05 7.8715e-09 2.5000e+00
2.8039e+01 1.0000e+05 1.5812e-13 1.0000e+00 1.0000e+05 1.5812e-08 2.5000e+00
2.8431e+01 1.0000e+05 3.1429e-13 1.0000e+00 1.0000e+05 3.1429e-08 2.5000e+00
2.8824e+01 1.0000e+05 6.1811e-13 1.0000e+00 1.0000e+05 6.1811e-08 2.5000e+00
2.9216e+01 1.0000e+05 1.2027e-12 1.0000e+00 1.0000e+05 1.2027e-07 2.5000e+00
2.9608e+01 1.0000e+05 2.3152e-12 1.0000e+00 1.0000e+05 2.3152e-07 2.5000e+00
3.0000e+01 1.0000e+05 4.4089e-12 1.0000e+00 1.0000e+05 4.4089e-07 2.5000e+00
3.0392e+01 1.0000e+05 8.3056e-12 1.0000e+00 1.0000e+05 8.3056e-07 2.5000e+00
3.0784e+01 1.0000e+05 1.5477e-11 1.0000e+00 1.0000e+05 1.5477e-06 2.5000e+00
3.1176e+01 1.0000e+05 2.8525e-11 1.0000e+00 1.0000e+05 2.8525e-06 2.5000e+00
3.1569e+01 1.0000e+05 5.2000e-11 1.0000e+00 1.0000e+05 5.2000e-06 2.5000e+00
3.1961e+01 1.0000e+05 9.3751e-11 1.0000e+00 1.0000e+05 9.3751e-06 2.5000e+00
3.2353e+01 1.0000e+05 1.6716e-10 1.0000e+00 1.0000e+05 1.6716e-05 2.5000e+00
3.2745e+01 1.0000e+05 2.9475e-10 1.0000e+00 1.0000e+05 2.9475e-05 2.5000e+00
3.3137e+01 1.0000e+05 5.1393e-10 1.0000e+00 1.0000e+05 5.1393e-05 2.5000e+00
3.3529e+01 1.0000e+05 8.8609e-10 1.0000e+00 1.0000e+05 8.8609e-05 2.5000e+00
3.3922e+01 1.0000e+05 1.5106e-09 1.0000e+00 1.0000e+05 1.5106e-04 2.5000e+00
3.4314e+01 1.0000e+05 2.5463e-09 9.9999e-01 1.0000e+05 2.5463e-04 2.5000e+00
3.4706e+01 1.0000e+05 4.2435e-09 9.9999e-01 1.0000e+05 4.2435e-04 2.5000e+00
3.5098e+01 1.0000e+05 6.9917e-09 9.9998e-01 1.0000e+05 6.9917e-04 2.4999e+00
3.5490e+01 1.0000e+05 1.1389e-08 9.9997e-01 1.0000e+05 1.1389e-03 2.4999e+00
3.5882e+01 1.0000e+05 1.8339e-08 9.9995e-01 1.0000e+05 1.8339e-03 2.4999e+00
3.6275e+01 1.0000e+05 2.9191e-08 9.9992e-01 1.0000e+05 2.9191e-03 2.4998e+00
3.6667e+01 1.0000e+05 4.5933e-08 9.9987e-01 1.0000e+05 4.5933e-03 2.4997e+00
3.7059e+01 1.0000e+05 7.1444e-08 9.9981e-01 1.0000e+05 7.1443e-03 2.4995e+00
3.7451e+01 1.0000e+05 1.0984e-07 9.9971e-01 1.0000e+05 1.0984e-02 2.4993e+00
3.7843e+01 9.9999e+04 1.6691e-07 9.9957e-01 9.9999e+04 1.6691e-02 2.4989e+00
3.8235e+01 9.9999e+04 2.5069e-07 9.9937e-01 9.9999e+04 2.5069e-02 2.4984e+00
3.8627e+01 9.9998e+04 3.7214e-07 9.9909e-01 9.9998e+04 3.7214e-02 2.4977e+00
3.9020e+01 9.9998e+04 5.4600e-07 9.9870e-01 9.9998e+04 5.4599e-02 2.4967e+00
3.9412e+01 9.9997e+04 7.9173e-07 9.9817e-01 9.9997e+04 7.9170e-02 2.4954e+00
3.9804e+01 9.9995e+04 1.1346e-06 9.9744e-01 9.9995e+04 1.1346e-01 2.4936e+00
4.0196e+01 9.9993e+04 1.6071e-06 9.9648e-01 9.9993e+04 1.6070e-01 2.4912e+00
4.0588e+01 9.9990e+04 2.2496e-06 9.9522e-01 9.9990e+04 2.2493e-01 2.4881e+00
4.0980e+01 9.9985e+04 3.1122e-06 9.9359e-01 9.9985e+04 3.1117e-01 2.4840e+00
4.1373e+01 9.9979e+04 4.2553e-06 9.9151e-01 9.9979e+04 4.2544e-01 2.4788e+00
4.1765e+01 9.9971e+04 5.7504e-06 9.8889e-01 9.9971e+04 5.7488e-01 2.4722e+00
4.2157e+01 9.9960e+04 7.6807e-06 9.8566e-01 9.9960e+04 7.6777e-01 2.4641e+00
4.2549e+01 9.9946e+04 1.0140e-05 9.8171e-01 9.9946e+04 1.0135e+00 2.4543e+00
4.2941e+01 9.9927e+04 1.3234e-05 9.7697e-01 9.9927e+04 1.3224e+00 2.4424e+00
4.3333e+01 9.9904e+04 1.7074e-05 9.7136e-01 9.9904e+04 1.7057e+00 2.4284e+00
4.3725e+01 9.9873e+04 2.1780e-05 9.6482e-01 9.9873e+04 2.1752e+00 2.4121e+00
4.4118e+01 9.9835e+04 2.7473e-05 9.5731e-01 9.9835e+04 2.7428e+00 2.3933e+00
4.4510e+01 9.9787e+04 3.4274e-05 9.4881e-01 9.9787e+04 3.4202e+00 2.3721e+00
4.4902e+01 9.9729e+04 4.2300e-05 9.3933e-01 9.9729e+04 4.2185e+00 2.3484e+00
4.5294e+01 9.9658e+04 5.1657e-05 9.2889e-01 9.9658e+04 5.1480e+00 2.3224e+00
4.5686e+01 9.9573e+04 6.2439e-05 9.1757e-01 9.9573e+04 6.2172e+00 2.2941e+00
4.6078e+01 9.9471e+04 7.4728e-05 9.0541e-01 9.9471e+04 7.4333e+00 2.2638e+00
4.6471e+01 9.9351e+04 8.8577e-05 8.9251e-01 9.9351e+04 8.8002e+00 2.2317e+00
4.6863e+01 9.9212e+04 1.0409e-04 8.7899e-01 9.9212e+04 1.0327e+01 2.1980e+00
4.7255e+01 9.9043e+04 1.2093e-04 8.6480e-01 9.9043e+04 1.1977e+01 2.1627e+00
4.7647e+01 9.8897e+04 1.4111e-04 8.5077e-01 9.8897e+04 1.3955e+01 2.1279e+00
4.8039e+01 9.8509e+04 1.5534e-04 8.3381e-01 9.8509e+04 1.5302e+01 2.0857e+00
4.8431e+01 9.8885e+04 1.9859e-04 8.2597e-01 9.8885e+04 1.9638e+01 2.0669e+00
4.8824e+01 9.7034e+04 1.6693e-04 7.9242e-01 9.7034e+04 1.6198e+01 1.9824e+00
4.9216e+01 9.9042e+04 2.8397e-04 8.0794e-01 9.9042e+04 2.8125e+01 2.0238e+00
4.9608e+01 1.0536e+05 2.3045e-04 7.6633e-01 1.0536e+05 2.4280e+01 1.9186e+00
5.0000e+01 1.5434e+04 3.0473e-04 7.7161e-01 1.5434e+04 4.7031e+00 1.9297e+00
5.0392e+01 1.0673e+04 3.5557e-04 7.5908e-01 1.0673e+04 3.7950e+00 1.8984e+00
5.0784e+01 1.0876e+04 5.0593e-04 7.5647e-01 1.0876e+04 5.5027e+00 1.8926e+00
5.1176e+01 1.1629e+04 7.4754e-04 7.6747e-01 1.1629e+04 8.6933e+00 1.9219e+00
5.1569e+01 1.2182e+04 1.0913e-03 7.9466e-01 1.2182e+04 1.3294e+01 1.9939e+00
5.1961e+01 1.2659e+04 1.2701e-03 8.0611e-01 1.2659e+04 1.6079e+01 2.0255e+00
5.2353e+01 1.2764e+04 1.3458e-03 8.0778e-01 1.2764e+04 1.7178e+01 2.0310e+00
5.2745e+01 1.2846e+04 1.3296e-03 7.9986e-01 1.2846e+04 1.7080e+01 2.0110e+00
5.3137e+01 1.2813e+04 1.3269e-03 7.9413e-01 1.2813e+04 1.7003e+01 1.9966e+00
5.3529e+01 1.2843e+04 1.3037e-03 7.8585e-01 1.2843e+04 1.6743e+01 1.9755e+00
5.3922e+01 1.2822e+04 1.2944e-03 7.7871e-01 1.2822e+04 1.6596e+01 1.9575e+00
5.4314e+01 1.2836e+04 1.2724e-03 7.6995e-01 1.2836e+04 1.6333e+01 1.9353e+00
5.4706e+01 1.2823e+04 1.2581e-03 7.6162e-01 1.2823e+04 1.6133e+01 1.9142e+00
5.5098e+01 1.2829e+04 1.2363e-03 7.5225e-01 1.2829e+04 1.5861e+01 1.8904e+00
5.5490e+01 1.2820e+04 1.2184e-03 7.4291e-01 1.2820e+04 1.5620e+01 1.8668e+00
5.5882e+01 1.2820e+04 1.1960e-03 7.3286e-01 1.2820e+04 1.5334e+01 1.8413e+00
5.6275e+01 1.2814e+04 1.1753e-03 7.2263e-01 1.2814e+04 1.5060e+01 1.8154e+00
5.6667e+01 1.2811e+04 1.1519e-03 7.1183e-01 1.2811e+04 1.4756e+01 1.7881e+00
5.7059e+01 1.2804e+04 1.1288e-03 7.0071e-01 1.2804e+04 1.4454e+01 1.7599e+00
5.7451e+01 1.2799e+04 1.1039e-03 6.8906e-01 1.2799e+04 1.4129e+01 1.7305e+00
5.7843e+01 1.2793e+04 1.0785e-03 6.7696e-01 1.2793e+04 1.3797e+01 1.6998e+00
5.8235e+01 1.2786e+04 1.0516e-03 6.6427e-01 1.2786e+04 1.3446e+01 1.6677e+00
5.8627e+01 1.2779e+04 1.0238e-03 6.5099e-01 1.2779e+04 1.3083e+01 1.6342e+00
5.9020e+01 1.2771e+04 9.9457e-04 6.3705e-01 1.2771e+04 1.2702e+01 1.5989e+00
5.9412e+01 1.2763e+04 9.6413e-04 6.2238e-01 1.2763e+04 1.2305e+01 1.5619e+00
5.9804e+01 1.2754e+04 9.3221e-04 6.0694e-01 1.2754e+04 1.1890e+01 1.5229e+00
6.0196e+01 1.2745e+04 8.9888e-04 5.9066e-01 1.2745e+04 1.1456e+01 1.4818e+00
6.0588e+01 1.2735e+04 8.6399e-04 5.7348e-01 1.2735e+04 1.1003e+01 1.4385e+00
6.0980e+01 1.2725e+04 8.2754e-04 5.5535e-01 1.2725e+04 1.0531e+01 1.3927e+00
6.1373e+01 1.2715e+04 7.8943e-04 5.3621e-01 1.2715e+04 1.0037e+01 1.3445e+00
6.1765e+01 1.2703e+04 7.4963e-04 5.1599e-01 1.2703e+04 9.5228e+00 1.2935e+00
6.2157e+01 1.2692e+04 7.0808e-04 4.9465e-01 1.2692e+04 8.9867e+00 1.2398e+00
6.2549e+01 1.2679e+04 6.6471e-04 4.7211e-01 1.2679e+04 8.4282e+00 1.1831e+00
6.2941e+01 1.2667e+04 6.1947e-04 4.4831e-01 1.2667e+04 7.8467e+00 1.1232e+00
6.3333e+01 1.2654e+04 5.7230e-04 4.2319e-01 1.2654e+04 7.2416e+00 1.0600e+00
6.3725e+01 1.2640e+04 5.2312e-04 3.9667e-01 1.2640e+04 6.6122e+00 9.9341e-01
6.4118e+01 1.2626e+04 4.7185e-04 3.6867e-01 1.2626e+04 5.9575e+00 9.2308e-01
6.4510e+01 1.2611e+04 4.1841e-04 3.3909e-01 1.2611e+04 5.2766e+00 8.4883e-01
6.4902e+01 1.2596e+04 3.6269e-04 3.0784e-01 1.2596e+04 4.5684e+00 7.7042e-01
6.5294e+01 1.2580e+04 3.0470e-04 2.7485e-01 1.2580e+04 3.8332e+00 6.8771e-01
6.5686e+01 1.2564e+04 2.4488e-04 2.4032e-01 1.2564e+04 3.0767e+00 6.0118e-01
6.6078e+01 1.2548e+04 1.8476e-04 2.0516e-01 1.2548e+04 2.3184e+00 5.1311e-01
6.6471e+01 1.2534e+04 1.2780e-04 1.7162e-01 1.2534e+04 1.6018e+00 4.2914e-01
6.6863e+01 1.2521e+04 7.9125e-05 1.4317e-01 1.2521e+04 9.9072e-01 3.5796e-01
6.7255e+01 1.2512e+04 4.3168e-05 1.2273e-01 1.2512e+04 5.4010e-01 3.0683e-01
6.7647e+01 1.2506e+04 2.0785e-05 1.1056e-01 1.2506e+04 2.5993e-01 2.7639e-01
6.8039e+01 1.2503e+04 9.0197e-06 1.0446e-01 1.2503e+04 1.1277e-01 2.6114e-01
6.8431e+01 1.2501e+04 3.6430e-06 1.0177e-01 1.2501e+04 4.5542e-02 2.5443e-01
6.8824e+01 1.2500e+04 1.4110e-06 1.0068e-01 1.2500e+04 1.7639e-02 2.5171e-01
6.9216e+01 1.2500e+04 5.3459e-07 1.0026e-01 1.2500e+04 6.6825e-03 2.5065e-01
6.9608e+01 1.2500e+04 2.0015e-07 1.0010e-01 1.2500e+04 2.5019e-03 2.5024e-01
7.0000e+01 1.2500e+04 7.4389e-08 1.0004e-01 1.2500e+04 9.2987e-04 2.5009e-01
7.0392e+01 1.2500e+04 2.7495e-08 1.0001e-01 1.2500e+04 3.4369e-04 2.5003e-01
7.0784e+01 1.2500e+04 1.0113e-08 1.0000e-01 1.2500e+04 1.2641e-04 2.5001e-01
7.1176e+01 1.2500e+04 3.7024e-09 1.0000e-01 1.2500e+04 4.6280e-05 2.5000e-01
7.1569e+01 1.2500e+04 1.3493e-09 1.0000e-01 1.2500e+04 1.6866e-05 2.5000e-01
7.1961e+01 1.2500e+04 4.8947e-10 1.0000e-01 1.2500e+04 6.1183e-06 2.5000e-01
7.2353e+01 1.2500e+04 1.7674e-10 1.0000e-01 1.2500e+04 2.2093e-06 2.5000e-01
7.2745e+01 1.2500e+04 6.3523e-11 1.0000e-01 1.2500e+04 7.9404e-07 2.5000e-01
7.3137e+01 1.2500e+04 2.2724e-11 1.0000e-01 1.2500e+04 2.8406e-07 2.5000e-01
7.3529e+01 1.2500e+04 8.0910e-12 1.0000e-01 1.2500e+04 1.0114e-07 2.5000e-01
7.3922e+01 1.2500e+04 2.8671e-12 1.0000e-01 1.2500e+04 3.5838e-08 2.5000e-01
7.4314e+01 1.2500e+04 1.0111e-12 1.0000e-01 1.2500e+04 1.2639e-08 2.5000e-01
7.4706e+01 1.2500e+04 3.5484e-13 1.0000e-01 1.2500e+04 4.4355e-09 2.5000e-01
7.5098e+01 1.2500e+04 1.2392e-13 1.0000e-01 1.2500e+04 1.5490e-09 2.5000e-01
7.5490e+01 1.2500e+04 4.3065e-14 1.0000e-01 1.2500e+04 5.3832e-10 2.5000e-01
7.5882e+01 1.2500e+04 1.4891e-14 1.0000e-01 1.2500e+04 1.8614e-10 2.5000e-01
7.6275e+01 1.2500e+04 5.1224e-15 1.0000e-01 1.2500e+04 6.4031e-11 2.5000e-01
7.6667e+01 1.2500e+04 1.7525e-15 1.0000e-01 1.2500e+04 2.1906e-11 2.5000e-01
7.7059e+01 1.2500e+04 5.9561e-16 1.0000e-01 1.2500e+04 7.4451e-12 2.5000e-01
7.7451e+01 1.2500e+04 2.0054e-16 1.0000e-01 1.2500e+04 2.5068e-12 2.5000e-01
7.7843e+01 1.2500e+04 6.6262e-17 1.0000e-01 1.2500e+04 8.2828e-13 2.5000e-01
7.8235e+01 1.2500e+04 2.1041e-17 1.0000e-01 1.2500e+04 2.6301e-13 2.5000e-01
7.8627e+01 1.2500e+04 6.0053e-18 1.0000e-01 1.2500e+04 7.5066e-14 2.5000e-01
7.9020e+01 1.2500e+04 1.1825e-18 1.0000e-01 1.2500e+04 1.4782e-14 2.5000e-01
7.9412e+01 1.2500e+04 2.4347e-20 1.0000e-01 1.2500e+04 3.0434e-16 2.5000e-01
7.9804e+01 1.2500e+04 0.0000e+00 1.0000e-01 1.2500e+04 0.0000e+00 2.5000e-01
8.0196e+01 1.2500e+04 0.0000e+00 1.0000e-01 1.2500e+04 0.0000e+00 2.5000e-01
8.0588e+01 1.2500e+04 0.0000e+00 1.0000e-01 1.2500e+04 0.0000e+00 2.5000e-01
8.0980e+01 1.2500e+04 0.0000e+00 1.0000e-01 1.2500e+04 0.0000e+00 2.5000e-01
8.1373e+01 1.2500e+04 0.0000e+00 1.0000e-01 1.2500e+04 0.0000e+00 2.5000e-01
8.1765e+01 1.2500e+04 0.0000e+00 1.0000e-01 1.2500e+04 0.0000e+00 2.5000e-01
8.2157e+01 1.2500e+04 0.0000e+00 1.0000e-01 1.2500e+04 0.0000e+00 2.5000e-01
8.2549e+01 1.2500e+04 0.0000e+00 1.0000e-01 1.2500e+04 0.0000e+00 2.5000e-01
8.2941e+01 1.2500e+04 0.0000e+00 1.0000e-01 1.2500e+04 0.0000e+00 2.5000e-01
8.3333e+01 1.2500e+04 0.0000e+00 1.0000e-01 1.2500e+04 0.0000e+00 2.5000e-01
8.3725e+01 1.2500e+04 0.0000e+00 1.0000e-01 1.2500e+04 0.0000e+00 2.5000e-01
8.4118e+01 1.2500e+04 0.0000e+00 1.0000e-01 1.2500e+04 0.0000e+00 2.5000e-01
8.4510e+01 1.2500e+04 0.0000e+00 1.0000e-01 1.2500e+04 0.0000e+00 2.5000e-01
8.4902e+01 1.2500e+04 0.0000e+00 1.0000e-01 1.2500e+04 0.0000e+00 2.5000e-01
8.5294e+01 1.2500e+04 0.0000e+00 1.0000e-01 1.2500e+04 0.0000e+00 2.5000e-01
8.5686e+01 1.2500e+04 0.0000e+00 1.0000e-01 1.2500e+04 0.0000e+00 2.5000e-01
8.6078e+01 1.2500e+04 0.0000e+00 1.0000e-01 1.2500e+04 0.0000e+00 2.5000e-01
8.6471e+01 1.2500e+04 0.0000e+00 1.0000e-01 1.2500e+04 0.0000e+00 2.5000e-01
8.6863e+01 1.2500e+04 0.0000e+00 1.0000e-01 1.2500e+04 0.0000e+00 2.5000e-01
8.7255e+01 1.2500e+04 0.0000e+00 1.0000e-01 1.2500e+04 0.0000e+00 2.5000e-01
8.7647e+01 1.2500e+04 0.0000e+00 1.0000e-01 1.2500e+04 0.0000e+00 2.5000e-01
8.8039e+01 1.2500e+04 0.0000e+00 1.0000e-01 1.2500e+04 0.0000e+00 2.5000e-01
8.8431e+01 1.2500e+04 0.0000e+00 1.0000e-01 1.2500e+04 0.0000e+00 2.5000e-01
8.8824e+01 1.2500e+04 0.0000e+00 1.0000e-01 1.2500e+04 0.0000e+00 2.5000e-01
8.9216e+01 1.2500e+04 0.0000e+00 1.0000e-01 1.2500e+04 0.0000e+00 2.5000e-01
8.9608e+01 1.2500e+04 0.0000e+00 1.0000e-01 1.2500e+04 0.0000e+00 2.5000e-01
9.0000e+01 1.2500e+04 0.0000e+00 1.0000e-01 1.2500e+04 0.0000e+00 2.5000e-01
9.0392e+01 1.2500e+04 0.0000e+00 1.0000e-01 1.2500e+04 0.0000e+00 2.5000e-01
9.0784e+01 1.2500e+04 0.0000e+00 1.0000e-01 1.2500e+04 0.0000e+00 2.5000e-01
9.1176e+01 1.2500e+04 0.0000e+00 1.0000e-01 1.2500e+04 0.0000e+00 2.5000e-01
9.1569e+01 1.2500e+04 0.0000e+00 1.0000e-01 1.2500e+04 0.0000e+00 2.5000e-01
9.1961e+01 1.2500e+04 0.0000e+00 1.0000e-01 1.2500e+04 0.0000e+00 2.5000e-01
9.2353e+01 1.2500e+04 0.0000e+00 1.0000e-01 1.2500e+04 0.0000e+00 2.5000e-01
9.2745e+01 1.2500e+04 0.0000e+00 1.0000e-01 1.2500e+04 0.0000e+00 2.5000e-01
9.3137e+01 1.2500e+04 0.0000e+00 1.0000e-01 1.2500e+04 0.0000e+00 2.5000e-01
9.3529e+01 1.2500e+04 0.0000e+00 1.0000e-01 1.2500e+04 0.0000e+00 2.5000e-01
9.3922e+01 1.2500e+04 0.0000e+00 1.0000e-01 1.2500e+04 0.0000e+00 2.5000e-01
9.4314e+01 1.2500e+04 0.0000e+00 1.0000e-01 1.2500e+04 0.0000e+00 2.5000e-01
9.4706e+01 1.2500e+04 0.0000e+00 1.0000e-01 1.2500e+04 0.0000e+00 2.5000e-01
9.5098e+01 1.2500e+04 0.0000e+00 1.0000e-01 1.2500e+04 0.0000e+00 2.5000e-01
9.5490e+01 1.2500e+04 0.0000e+00 1.0000e-01 1.2500e+04 0.0000e+00 2.5000e-01
9.5882e+01 1.2500e+04 0.0000e+00 1.0000e-01 1.2500e+04 0.0000e+00 2.5000e-01
9.6275e+01 1.2500e+04 0.0000e+00 1.0000e-01 1.2500e+04 0.0000e+00 2.5000e-01
9.6667e+01 1.2500e+04 0.0000e+00 1.0000e-01 1.2500e+04 0.0000e+00 2.5000e-01
9.7059e+01 1.2500e+04 0.0000e+00 1.0000e-01 1.2500e+04 0.0000e+00 2.5000e-01
9.7451e+01 1.2500e+04 0.0000e+00 1.0000e-01 1.2500e+04 0.0000e+00 2.5000e-01
9.7843e+01 1.2500e+04 0.0000e+00 1.0000e-01 1.2500e+04 0.0000e+00 2.5000e-01
9.8235e+01 1.2500e+04 0.0000e+00 1.0000e-01 1.2500e+04 0.0000e+00 2.5000e-01
9.8627e+01 1.2500e+04 0.0000e+00 1.0000e-01 1.2500e+04 0.0000e+00 2.5000e-01
9.9020e+01 1.2500e+04 0.0000e+00 1.0000e-01 1.2500e+04 0.0000e+00 2.5000e-01
9.9412e+01 1.2500e+04 0.0000e+00 1.0000e-01 1.2500e+04 0.0000e+00 2.5000e-01
9.9804e+01 1.2500e+04 0.0000e+00 1.0000e-01 1.2500e+04 0.0000e+00 2.5000e-01
