# # x Density Velocity Pressure q0 q1 q2
1.9608e-01 1.0000e+05 0.0000e+00 1.0000e+00 1.0000e+05 0.0000e+00 2.5000e+00
5.8824e-01 1.0000e+05 0.0000e+00 1.0000e+00 1.0000e+05 0.0000e+00 2.5000e+00
9.8039e-01 1.0000e+05 0.0000e+00 1.0000e+00 1.0000e+05 0.0000e+00 2.5000e+00
1.3725e+00 1.0000e+05 0.0000e+00 1.0000e+00 1.0000e+05 0.0000e+00 2.5000e+00
1.7647e+00 1.0000e+05 0.0000e+00 1.0000e+00 1.0000e+05 0.0000e+00 2.5000e+00
2.1569e+00 1.0000e+05 0.0000e+00 1.0000e+00 1.0000e+05 0.0000e+00 2.5000e+00
2.5490e+00 1.0000e+05 0.0000e+00 1.0000e+00 1.0000e+05 0.0000e+00 2.5000e+00
2.9412e+00 1.0000e+05 0.0000e+00 1.0000e+00 1.0000e+05 0.0000e+00 2.5000e+00
3.3333e+00 1.0000e+05 0.0000e+00 1.0000e+00 1.0000e+05 0.0000e+00 2.5000e+00
3.7255e+00 1.0000e+05 0.0000e+00 1.0000e+00 1.0000e+05 0.0000e+00 2.5000e+00
4.1176e+00 1.0000e+05 0.0000e+00 1.0000e+00 1.0000e+05 0.0000e+00 2.5000e+00
4.5098e+00 1.0000e+05 0.0000e+00 1.0000e+00 1.0000e+05 0.0000e+00 2.5000e+00
4.9020e+00 1.0000e+05 0.0000e+00 1.0000e+00 1.0000e+05 0.0000e+00 2.5000e+00
5.2941e+00 1.0000e+05 0.0000e+00 1.0000e+00 1.0000e+05 0.0000e+00 2.5000e+00
5.6863e+00 1.0000e+05 0.0000e+00 1.0000e+00 1.0000e+05 0.0000e+00 2.5000e+00
6.0784e+00 1.0000e+05 0.0000e+00 1.0000e+00 1.0000e+05 0.0000e+00 2.5000e+00
6.4706e+00 1.0000e+05 0.0000e+00 1.0000e+00 1.0000e+05 0.0000e+00 2.5000e+00
6.8627e+00 1.0000e+05 0.0000e+00 1.0000e+00 1.0000e+05 0.0000e+00 2.5000e+00
7.2549e+00 1.0000e+05 0.0000e+00 1.0000e+00 1.0000e+05 0.0000e+00 2.5000e+00
7.6471e+00 1.0000e+05 0.0000e+00 1.0000e+00 1.0000e+05 0.0000e+00 2.5000e+00
8.0392e+00 1.0000e+05 0.0000e+00 1.0000e+00 1.0000e+05 0.0000e+00 2.5000e+00
8.4314e+00 1.0000e+05 0.0000e+00 1.0000e+00 1.0000e+05 0.0000e+00 2.5000e+00
8.8235e+00 1.0000e+05 0.0000e+00 1.0000e+00 1.0000e+05 0.0000e+00 2.5000e+00
9.2157e+00 1.0000e+05 0.0000e+00 1.0000e+00 1.0000e+05 0.0000e+00 2.5000e+00
9.6078e+00 1.0000e+05 0.0000e+00 1.0000e+00 1.0000e+05 0.0000e+00 2.5000e+00
1.0000e+01 1.0000e+05 0.0000e+00 1.0000e+00 1.0000e+05 0.0000e+00 2.5000e+00
1.0392e+01 1.0000e+05 0.0000e+00 1.0000e+00 1.0000e+05 0.0000e+00 2.5000e+00
1.0784e+01 1.0000e+05 0.0000e+00 1.0000e+00 1.0000e+05 0.0000e+00 2.5000e+00
1.1176e+01 1.0000e+05 0.0000e+00 1.0000e+00 1.0000e+05 0.0000e+00 2.5000e+00
1.1569e+01 1.0000e+05 0.0000e+00 1.0000e+00 1.0000e+05 0.0000e+00 2.5000e+00
1.1961e+01 1.0000e+05 0.0000e+00 1.0000e+00 1.0000e+05 0.0000e+00 2.5000e+00
1.2353e+01 1.0000e+05 0.0000e+00 1.0000e+00 1.0000e+05 0.0000e+00 2.5000e+00
1.2745e+01 1.0000e+05 0.0000e+00 1.0000e+00 1.0000e+05 0.0000e+00 2.5000e+00
1.3137e+01 1.0000e+05 0.0000e+00 1.0000e+00 1.0000e+05 0.0000e+00 2.5000e+00
1.3529e+01 1.0000e+05 0.0000e+00 1.0000e+00 1.0000e+05 0.0000e+00 2.5000e+00
1.3922e+01 1.0000e+05 0.0000e+00 1.0000e+00 1.0000e+05 0.0000e+00 2.5000e+00
1.4314e+01 1.0000e+05 0.0000e+00 1.0000e+00 1.0000e+05 0.0000e+00 2.5000e+00
1.4706e+01 1.0000e+05 0.0000e+00 1.0000e+00 1.0000e+05 0.0000e+00 2.5000e+00
1.5098e+01 1.0000e+05 0.0000e+00 1.0000e+00 1.0000e+05 0.0000e+00 2.5000e+00
1.5490e+01 1.0000e+05 0.0000e+00 1.0000e+00 1.0000e+05 0.0000e+00 2.5000e+00
1.5882e+01 1.0000e+05 0.0000e+00 1.0000e+00 1.0000e+05 0.0000e+00 2.5000e+00
1.6275e+01 1.0000e+05 0.0000e+00 1.0000e+00 1.0000e+05 0.0000e+00 2.5000e+00
1.6667e+01 1.0000e+05 0.0000e+00 1.0000e+00 1.0000e+05 0.0000e+00 2.5000e+00
1.7059e+01 1.0000e+05 0.0000e+00 1.0000e+00 1.0000e+05 0.0000e+00 2.5000e+00
1.7451e+01 1.0000e+05 0.0000e+00 1.0000e+00 1.0000e+05 0.0000e+00 2.5000e+00
1.7843e+01 1.0000e+05 0.0000e+00 1.0000e+00 1.0000e+05 0.0000e+00 2.5000e+00
1.8235e+01 1.0000e+05 0.0000e+00 1.0000e+00 1.0000e+05 0.0000e+00 2.5000e+00
1.8627e+01 1.0000e+05 0.0000e+00 1.0000e+00 1.0000e+05 0.0000e+00 2.5000e+00
1.9020e+01 1.0000e+05 0.0000e+00 1.0000e+00 1.0000e+05 0.0000e+00 2.5000e+00
1.9412e+01 1.0000e+05 0.0000e+00 1.0000e+00 1.0000e+05 0.0000e+00 2.5000e+00
1.9804e+01 1.0000e+05 0.0000e+00 1.0000e+00 1.0000e+05 0.0000e+00 2.5000e+00
2.0196e+01 1.0000e+05 0.0000e+00 1.0000e+00 1.0000e+05 0.0000e+00 2.5000e+00
2.0588e+01 1.0000e+05 0.0000e+00 1.0000e+00 1.0000e+05 0.0000e+00 2.5000e+00
2.0980e+01 1.0000e+05 0.0000e+00 1.0000e+00 1.0000e+05 0.0000e+00 2.5000e+00
2.1373e+01 1.0000e+05 9.7389e-20 1.0000e+00 1.0000e+05 9.7389e-15 2.5000e+00
2.1765e+01 1.0000e+05 8.2271e-19 1.0000e+00 1.0000e+05 8.2271e-14 2.5000e+00
2.2157e+01 1.0000e+05 2.8223e-18 1.0000e+00 1.0000e+05 2.8223e-13 2.5000e+00
2.2549e+01 1.0000e+05 6.3671e-18 1.0000e+00 1.0000e+05 6.3671e-13 2.5000e+00
2.2941e+01 1.0000e+05 1.2775e-17 1.0000e+00 1.0000e+05 1.2775e-12 2.5000e+00
2.3333e+01 1.0000e+05 2.5833e-17 1.0000e+00 1.0000e+05 2.5833e-12 2.5000e+00
2.3725e+01 1.0000e+05 5.3989e-17 1.0000e+00 1.0000e+05 5.3989e-12 2.5000e+00
2.4118e+01 1.0000e+05 1.1526e-16 1.0000e+00 1.0000e+05 1.1526e-11 2.5000e+00
2.4510e+01 1.0000e+05 2.4796e-16 1.0000e+00 1.0000e+05 2.4796e-11 2.5000e+00
2.4902e+01 1.0000e+05 5.3339e-16 1.0000e+00 1.0000e+05 5.3339e-11 2.5000e+00
2.5294e+01 1.0000e+05 1.1422e-15 1.0000e+00 1.0000e+05 1.1422e-10 2.5000e+00
2.5686e+01 1.0000e+05 2.4270e-15 1.0000e+00 1.0000e+05 2.4270e-10 2.5000e+00
2.6078e+01 1.0000e+05 5.1091e-15 1.0000e+00 1.0000e+05 5.1091e-10 2.5000e+00
2.6471e+01 1.0000e+05 1.0650e-14 1.0000e+00 1.0000e+05 1.0650e-09 2.5000e+00
2.6863e+01 1.0000e+05 2.1976e-14 1.0000e+00 1.0000e+05 2.1976e-09 2.5000e+00
2.7255e+01 1.0000e+05 4.4881e-14 1.0000e+00 1.0000e+05 4.4881e-09 2.5000e+00
2.7647e+01 1.0000e+05 9.0714e-14 1.0000e+00 1.0000e+05 9.0714e-09 2.5000e+00
2.8039e+01 1.0000e+05 1.8145e-13 1.0000e+00 1.0000e+05 1.8145e-08 2.5000e+00
2.8431e+01 1.0000e+05 3.5913e-13 1.0000e+00 1.0000e+05 3.5913e-08 2.5000e+00
2.8824e+01 1.0000e+05 7.0334e-13 1.0000e+00 1.0000e+05 7.0334e-08 2.5000e+00
2.9216e+01 1.0000e+05 1.3629e-12 1.0000e+00 1.0000e+05 1.3629e-07 2.5000e+00
2.9608e+01 1.0000e+05 2.6129e-12 1.0000e+00 1.0000e+05 2.6129e-07 2.5000e+00
3.0000e+01 1.0000e+05 4.9558e-12 1.0000e+00 1.0000e+05 4.9558e-07 2.5000e+00
3.0392e+01 1.0000e+05 9.2988e-12 1.0000e+00 1.0000e+05 9.2988e-07 2.5000e+00
3.0784e+01 1.0000e+05 1.7260e-11 1.0000e+00 1.0000e+05 1.7260e-06 2.5000e+00
3.1176e+01 1.0000e+05 3.1688e-11 1.0000e+00 1.0000e+05 3.1688e-06 2.5000e+00
3.1569e+01 1.0000e+05 5.7547e-11 1.0000e+00 1.0000e+05 5.7547e-06 2.5000e+00
3.1961e+01 1.0000e+05 1.0336e-10 1.0000e+00 1.0000e+05 1.0336e-05 2.5000e+00
3.2353e+01 1.0000e+05 1.8362e-10 1.0000e+00 1.0000e+05 1.8362e-05 2.5000e+00
3.2745e+01 1.0000e+05 3.2260e-10 1.0000e+00 1.0000e+05 3.2260e-05 2.5000e+00
3.3137e+01 1.0000e+05 5.6048e-10 1.0000e+00 1.0000e+05 5.6048e-05 2.5000e+00
3.3529e+01 1.0000e+05 9.6296e-10 1.0000e+00 1.0000e+05 9.6296e-05 2.5000e+00
3.3922e+01 1.0000e+05 1.6360e-09 9.9999e-01 1.0000e+05 1.6360e-04 2.5000e+00
3.4314e+01 1.0000e+05 2.7483e-09 9.9999e-01 1.0000e+05 2.7483e-04 2.5000e+00
3.4706e+01 1.0000e+05 4.5649e-09 9.9999e-01 1.0000e+05 4.5649e-04 2.5000e+00
3.5098e+01 1.0000e+05 7.4968e-09 9.9998e-01 1.0000e+05 7.4968e-04 2.4999e+00
3.5490e+01 1.0000e+05 1.2172e-08 9.9996e-01 1.0000e+05 1.2172e-03 2.4999e+00
3.5882e+01 1.0000e+05 1.9540e-08 9.9994e-01 1.0000e+05 1.9539e-03 2.4999e+00
3.6275e+01 1.0000e+05 3.1008e-08 9.9991e-01 1.0000e+05 3.1008e-03 2.4998e+00
3.6667e+01 1.0000e+05 4.8646e-08 9.9987e-01 1.0000e+05 4.8645e-03 2.4997e+00
3.7059e+01 1.0000e+05 7.5441e-08 9.9980e-01 1.0000e+05 7.5441e-03 2.4995e+00
3.7451e+01 1.0000e+05 1.1565e-07 9.9970e-01 1.0000e+05 1.1565e-02 2.4992e+00
3.7843e+01 9.9999e+04 1.7525e-07 9.9955e-01 9.9999e+04 1.7525e-02 2.4989e+00
3.8235e+01 9.9999e+04 2.6251e-07 9.9934e-01 9.9999e+04 2.6251e-02 2.4984e+00
3.8627e+01 9.9998e+04 3.8866e-07 9.9905e-01 9.9998e+04 3.8865e-02 2.4976e+00
3.9020e+01 9.9998e+04 5.6876e-07 9.9865e-01 9.9998e+04 5.6875e-02 2.4966e+00
3.9412e+01 9.9996e+04 8.2267e-07 9.9810e-01 9.9996e+04 8.2264e-02 2.4953e+00
3.9804e+01 9.9995e+04 1.1761e-06 9.9737e-01 9.9995e+04 1.1761e-01 2.4934e+00
4.0196e+01 9.9992e+04 1.6619e-06 9.9638e-01 9.9992e+04 1.6618e-01 2.4910e+00
4.0588e+01 9.9989e+04 2.3210e-06 9.9510e-01 9.9989e+04 2.3208e-01 2.4877e+00
4.0980e+01 9.9985e+04 3.2040e-06 9.9344e-01 9.9985e+04 3.2035e-01 2.4836e+00
4.1373e+01 9.9978e+04 4.3714e-06 9.9133e-01 9.9978e+04 4.3705e-01 2.4783e+00
4.1765e+01 9.9970e+04 5.8954e-06 9.8868e-01 9.9970e+04 5.8936e-01 2.4717e+00
4.2157e+01 9.9959e+04 7.8588e-06 9.8541e-01 9.9959e+04 7.8556e-01 2.4635e+00
4.2549e+01 9.9945e+04 1.0356e-05 9.8142e-01 9.9945e+04 1.0350e+00 2.4536e+00
4.2941e+01 9.9926e+04 1.3491e-05 9.7665e-01 9.9926e+04 1.3481e+00 2.4416e+00
4.3333e+01 9.9901e+04 1.7376e-05 9.7101e-01 9.9901e+04 1.7359e+00 2.4275e+00
4.3725e+01 9.9871e+04 2.2130e-05 9.6444e-01 9.9871e+04 2.2101e+00 2.4111e+00
4.4118e+01 9.9832e+04 2.7872e-05 9.5691e-01 9.9832e+04 2.7825e+00 2.3923e+00
4.4510e+01 9.9784e+04 3.4724e-05 9.4839e-01 9.9784e+04 3.4648e+00 2.3710e+00
4.4902e+01 9.9725e+04 4.2798e-05 9.3890e-01 9.9725e+04 4.2680e+00 2.3474e+00
4.5294e+01 9.9653e+04 5.2202e-05 9.2847e-01 9.9653e+04 5.2021e+00 2.3213e+00
4.5686e+01 9.9567e+04 6.3028e-05 9.1715e-01 9.9567e+04 6.2755e+00 2.2931e+00
4.6078e+01 9.9464e+04 7.5357e-05 9.0500e-01 9.9464e+04 7.4953e+00 2.2628e+00
4.6471e+01 9.9344e+04 8.9241e-05 8.9212e-01 9.9344e+04 8.8655e+00 2.2307e+00
4.6863e+01 9.9204e+04 1.0479e-04 8.7861e-01 9.9204e+04 1.0395e+01 2.1971e+00
4.7255e+01 9.9033e+04 1.2163e-04 8.6445e-01 9.9033e+04 1.2046e+01 2.1619e+00
4.7647e+01 9.8889e+04 1.4189e-04 8.5046e-01 9.8889e+04 1.4031e+01 2.1271e+00
4.8039e+01 9.8495e+04 1.5594e-04 8.3347e-01 9.8495e+04 1.5360e+01 2.0849e+00
4.8431e+01 9.8883e+04 1.9965e-04 8.2581e-01 9.8883e+04 1.9742e+01 2.0665e+00
4.8824e+01 9.7012e+04 1.6734e-04 7.9210e-01 9.7012e+04 1.6234e+01 1.9816e+00
4.9216e+01 9.9021e+04 2.8462e-04 8.0776e-01 9.9021e+04 2.8184e+01 2.0234e+00
4.9608e+01 1.0542e+05 2.3143e-04 7.6633e-01 1.0542e+05 2.4397e+01 1.9187e+00
5.0000e+01 1.5486e+04 3.0524e-04 7.7158e-01 1.5486e+04 4.7269e+00 1.9297e+00
5.0392e+01 1.0671e+04 3.5894e-04 7.5950e-01 1.0671e+04 3.8303e+00 1.8994e+00
5.0784e+01 1.0864e+04 5.0368e-04 7.5634e-01 1.0864e+04 5.4721e+00 1.8922e+00
5.1176e+01 1.1609e+04 7.3814e-04 7.6655e-01 1.1609e+04 8.5694e+00 1.9195e+00
5.1569e+01 1.2163e+04 1.0821e-03 7.9371e-01 1.2163e+04 1.3161e+01 1.9914e+00
5.1961e+01 1.2649e+04 1.2667e-03 8.0584e-01 1.2649e+04 1.6023e+01 2.0247e+00
5.2353e+01 1.2761e+04 1.3469e-03 8.0802e-01 1.2761e+04 1.7188e+01 2.0316e+00
5.2745e+01 1.2847e+04 1.3323e-03 8.0027e-01 1.2847e+04 1.7116e+01 2.0121e+00
5.3137e+01 1.2814e+04 1.3298e-03 7.9463e-01 1.2814e+04 1.7040e+01 1.9979e+00
5.3529e+01 1.2844e+04 1.3068e-03 7.8644e-01 1.2844e+04 1.6785e+01 1.9771e+00
5.3922e+01 1.2823e+04 1.2976e-03 7.7938e-01 1.2823e+04 1.6639e+01 1.9593e+00
5.4314e+01 1.2838e+04 1.2759e-03 7.7072e-01 1.2838e+04 1.6380e+01 1.9372e+00
5.4706e+01 1.2825e+04 1.2617e-03 7.6248e-01 1.2825e+04 1.6181e+01 1.9164e+00
5.5098e+01 1.2830e+04 1.2401e-03 7.5320e-01 1.2830e+04 1.5911e+01 1.8929e+00
5.5490e+01 1.2822e+04 1.2223e-03 7.4395e-01 1.2822e+04 1.5672e+01 1.8695e+00
5.5882e+01 1.2822e+04 1.2002e-03 7.3399e-01 1.2822e+04 1.5388e+01 1.8442e+00
5.6275e+01 1.2815e+04 1.1796e-03 7.2385e-01 1.2815e+04 1.5117e+01 1.8185e+00
5.6667e+01 1.2812e+04 1.1563e-03 7.1315e-01 1.2812e+04 1.4815e+01 1.7914e+00
5.7059e+01 1.2806e+04 1.1335e-03 7.0213e-01 1.2806e+04 1.4515e+01 1.7636e+00
5.7451e+01 1.2801e+04 1.1087e-03 6.9059e-01 1.2801e+04 1.4192e+01 1.7343e+00
5.7843e+01 1.2794e+04 1.0835e-03 6.7860e-01 1.2794e+04 1.3863e+01 1.7040e+00
5.8235e+01 1.2788e+04 1.0569e-03 6.6604e-01 1.2788e+04 1.3515e+01 1.6722e+00
5.8627e+01 1.2781e+04 1.0293e-03 6.5291e-01 1.2781e+04 1.3156e+01 1.6390e+00
5.9020e+01 1.2773e+04 1.0004e-03 6.3912e-01 1.2773e+04 1.2778e+01 1.6042e+00
5.9412e+01 1.2765e+04 9.7023e-04 6.2464e-01 1.2765e+04 1.2385e+01 1.5676e+00
5.9804e+01 1.2756e+04 9.3863e-04 6.0939e-01 1.2756e+04 1.1974e+01 1.5291e+00
6.0196e+01 1.2747e+04 9.0564e-04 5.9332e-01 1.2747e+04 1.1545e+01 1.4885e+00
6.0588e+01 1.2738e+04 8.7112e-04 5.7637e-01 1.2738e+04 1.1096e+01 1.4458e+00
6.0980e+01 1.2728e+04 8.3506e-04 5.5849e-01 1.2728e+04 1.0628e+01 1.4007e+00
6.1373e+01 1.2717e+04 7.9737e-04 5.3962e-01 1.2717e+04 1.0140e+01 1.3531e+00
6.1765e+01 1.2706e+04 7.5801e-04 5.1970e-01 1.2706e+04 9.6313e+00 1.3029e+00
6.2157e+01 1.2694e+04 7.1692e-04 4.9867e-01 1.2694e+04 9.1009e+00 1.2499e+00
6.2549e+01 1.2682e+04 6.7404e-04 4.7646e-01 1.2682e+04 8.5485e+00 1.1940e+00
6.2941e+01 1.2670e+04 6.2932e-04 4.5303e-01 1.2670e+04 7.9733e+00 1.1351e+00
6.3333e+01 1.2657e+04 5.8269e-04 4.2830e-01 1.2657e+04 7.3749e+00 1.0729e+00
6.3725e+01 1.2643e+04 5.3408e-04 4.0219e-01 1.2643e+04 6.7525e+00 1.0073e+00
6.4118e+01 1.2629e+04 4.8343e-04 3.7464e-01 1.2629e+04 6.1053e+00 9.3807e-01
6.4510e+01 1.2615e+04 4.3063e-04 3.4555e-01 1.2615e+04 5.4322e+00 8.6503e-01
6.4902e+01 1.2600e+04 3.7559e-04 3.1481e-01 1.2600e+04 4.7323e+00 7.8792e-01
6.5294e+01 1.2584e+04 3.1828e-04 2.8236e-01 1.2584e+04 4.0053e+00 7.0655e-01
6.5686e+01 1.2568e+04 2.5898e-04 2.4830e-01 1.2568e+04 3.2549e+00 6.2118e-01
6.6078e+01 1.2552e+04 1.9888e-04 2.1330e-01 1.2552e+04 2.4963e+00 5.3349e-01
6.6471e+01 1.2537e+04 1.4089e-04 1.7922e-01 1.2537e+04 1.7663e+00 4.4817e-01
6.6863e+01 1.2524e+04 8.9846e-05 1.4932e-01 1.2524e+04 1.1252e+00 3.7336e-01
6.7255e+01 1.2514e+04 5.0630e-05 1.2687e-01 1.2514e+04 6.3357e-01 3.1719e-01
6.7647e+01 1.2507e+04 2.5130e-05 1.1286e-01 1.2507e+04 3.1430e-01 2.8214e-01
6.8039e+01 1.2503e+04 1.1170e-05 1.0554e-01 1.2503e+04 1.3966e-01 2.6386e-01
6.8431e+01 1.2501e+04 4.5836e-06 1.0223e-01 1.2501e+04 5.7301e-02 2.5559e-01
6.8824e+01 1.2501e+04 1.7921e-06 1.0087e-01 1.2501e+04 2.2402e-02 2.5217e-01
6.9216e+01 1.2500e+04 6.8272e-07 1.0033e-01 1.2500e+04 8.5342e-03 2.5082e-01
6.9608e+01 1.2500e+04 2.5656e-07 1.0012e-01 1.2500e+04 3.2070e-03 2.5031e-01
7.0000e+01 1.2500e+04 9.5636e-08 1.0005e-01 1.2500e+04 1.1955e-03 2.5012e-01
7.0392e+01 1.2500e+04 3.5443e-08 1.0002e-01 1.2500e+04 4.4303e-04 2.5004e-01
7.0784e+01 1.2500e+04 1.3070e-08 1.0001e-01 1.2500e+04 1.6338e-04 2.5002e-01
7.1176e+01 1.2500e+04 4.7974e-09 1.0000e-01 1.2500e+04 5.9967e-05 2.5001e-01
7.1569e+01 1.2500e+04 1.7529e-09 1.0000e-01 1.2500e+04 2.1911e-05 2.5000e-01
7.1961e+01 1.2500e+04 6.3755e-10 1.0000e-01 1.2500e+04 7.9693e-06 2.5000e-01
7.2353e+01 1.2500e+04 2.3083e-10 1.0000e-01 1.2500e+04 2.8853e-06 2.5000e-01
7.2745e+01 1.2500e+04 8.3188e-11 1.0000e-01 1.2500e+04 1.0398e-06 2.5000e-01
7.3137e+01 1.2500e+04 2.9841e-11 1.0000e-01 1.2500e+04 3.7301e-07 2.5000e-01
7.3529e+01 1.2500e+04 1.0654e-11 1.0000e-01 1.2500e+04 1.3318e-07 2.5000e-01
7.3922e+01 1.2500e+04 3.7861e-12 1.0000e-01 1.2500e+04 4.7327e-08 2.5000e-01
7.4314e+01 1.2500e+04 1.3390e-12 1.0000e-01 1.2500e+04 1.6738e-08 2.5000e-01
7.4706e+01 1.2500e+04 4.7130e-13 1.0000e-01 1.2500e+04 5.8913e-09 2.5000e-01
7.5098e+01 1.2500e+04 1.6508e-13 1.0000e-01 1.2500e+04 2.0635e-09 2.5000e-01
7.5490e+01 1.2500e+04 5.7541e-14 1.0000e-01 1.2500e+04 7.1927e-10 2.5000e-01
7.5882e+01 1.2500e+04 1.9957e-14 1.0000e-01 1.2500e+04 2.4947e-10 2.5000e-01
7.6275e+01 1.2500e+04 6.8869e-15 1.0000e-01 1.2500e+04 8.6086e-11 2.5000e-01
7.6667e+01 1.2500e+04 2.3639e-15 1.0000e-01 1.2500e+04 2.9549e-11 2.5000e-01
7.7059e+01 1.2500e+04 8.0644e-16 1.0000e-01 1.2500e+04 1.0080e-11 2.5000e-01
7.7451e+01 1.2500e+04 2.7285e-16 1.0000e-01 1.2500e+04 3.4107e-12 2.5000e-01
7.7843e+01 1.2500e+04 9.0912e-17 1.0000e-01 1.2500e+04 1.1364e-12 2.5000e-01
7.8235e+01 1.2500e+04 2.9364e-17 1.0000e-01 1.2500e+04 3.6705e-13 2.5000e-01
7.8627e+01 1.2500e+04 8.8004e-18 1.0000e-01 1.2500e+04 1.1000e-13 2.5000e-01
7.9020e+01 1.2500e+04 2.0242e-18 1.0000e-01 1.2500e+04 2.5303e-14 2.5000e-01
7.9412e+01 1.2500e+04 1.1409e-19 1.0000e-01 1.2500e+04 1.4262e-15 2.5000e-01
7.9804e+01 1.2500e+04 0.0000e+00 1.0000e-01 1.2500e+04 0.0000e+00 2.5000e-01
8.0196e+01 1.2500e+04 0.0000e+00 1.0000e-01 1.2500e+04 0.0000e+00 2.5000e-01
8.0588e+01 1.2500e+04 0.0000e+00 1.0000e-01 1.2500e+04 0.0000e+00 2.5000e-01
8.0980e+01 1.2500e+04 0.0000e+00 1.0000e-01 1.2500e+04 0.0000e+00 2.5000e-01
8.1373e+01 1.2500e+04 0.0000e+00 1.0000e-01 1.2500e+04 0.0000e+00 2.5000e-01
8.1765e+01 1.2500e+04 0.0000e+00 1.0000e-01 1.2500e+04 0.0000e+00 2.5000e-01
8.2157e+01 1.2500e+04 0.0000e+00 1.0000e-01 1.2500e+04 0.0000e+00 2.5000e-01
8.2549e+01 1.2500e+04 0.0000e+00 1.0000e-01 1.2500e+04 0.0000e+00 2.5000e-01
8.2941e+01 1.2500e+04 0.0000e+00 1.0000e-01 1.2500e+04 0.0000e+00 2.5000e-01
8.3333e+01 1.2500e+04 0.0000e+00 1.0000e-01 1.2500e+04 0.0000e+00 2.5000e-01
8.3725e+01 1.2500e+04 0.0000e+00 1.0000e-01 1.2500e+04 0.0000e+00 2.5000e-01
8.4118e+01 1.2500e+04 0.0000e+00 1.0000e-01 1.2500e+04 0.0000e+00 2.5000e-01
8.4510e+01 1.2500e+04 0.0000e+00 1.0000e-01 1.2500e+04 0.0000e+00 2.5000e-01
8.4902e+01 1.2500e+04 0.0000e+00 1.0000e-01 1.2500e+04 0.0000e+00 2.5000e-01
8.5294e+01 1.2500e+04 0.0000e+00 1.0000e-01 1.2500e+04 0.0000e+00 2.5000e-01
8.5686e+01 1.2500e+04 0.0000e+00 1.0000e-01 1.2500e+04 0.0000e+00 2.5000e-01
8.6078e+01 1.2500e+04 0.0000e+00 1.0000e-01 1.2500e+04 0.0000e+00 2.5000e-01
8.6471e+01 1.2500e+04 0.0000e+00 1.0000e-01 1.2500e+04 0.0000e+00 2.5000e-01
8.6863e+01 1.2500e+04 0.0000e+00 1.0000e-01 1.2500e+04 0.0000e+00 2.5000e-01
8.7255e+01 1.2500e+04 0.0000e+00 1.0000e-01 1.2500e+04 0.0000e+00 2.5000e-01
8.7647e+01 1.2500e+04 0.0000e+00 1.0000e-01 1.2500e+04 0.0000e+00 2.5000e-01
8.8039e+01 1.2500e+04 0.0000e+00 1.0000e-01 1.2500e+04 0.0000e+00 2.5000e-01
8.8431e+01 1.2500e+04 0.0000e+00 1.0000e-01 1.2500e+04 0.0000e+00 2.5000e-01
8.8824e+01 1.2500e+04 0.0000e+00 1.0000e-01 1.2500e+04 0.0000e+00 2.5000e-01
8.9216e+01 1.2500e+04 0.0000e+00 1.0000e-01 1.2500e+04 0.0000e+00 2.5000e-01
8.9608e+01 1.2500e+04 0.0000e+00 1.0000e-01 1.2500e+04 0.0000e+00 2.5000e-01
9.0000e+01 1.2500e+04 0.0000e+00 1.0000e-01 1.2500e+04 0.0000e+00 2.5000e-01
9.0392e+01 1.2500e+04 0.0000e+00 1.0000e-01 1.2500e+04 0.0000e+00 2.5000e-01
9.0784e+01 1.2500e+04 0.0000e+00 1.0000e-01 1.2500e+04 0.0000e+00 2.5000e-01
9.1176e+01 1.2500e+04 0.0000e+00 1.0000e-01 1.2500e+04 0.0000e+00 2.5000e-01
9.1569e+01 1.2500e+04 0.0000e+00 1.0000e-01 1.2500e+04 0.0000e+00 2.5000e-01
9.1961e+01 1.2500e+04 0.0000e+00 1.0000e-01 1.2500e+04 0.0000e+00 2.5000e-01
9.2353e+01 1.2500e+04 0.0000e+00 1.0000e-01 1.2500e+04 0.0000e+00 2.5000e-01
9.2745e+01 1.2500e+04 0.0000e+00 1.0000e-01 1.2500e+04 0.0000e+00 2.5000e-01
9.3137e+01 1.2500e+04 0.0000e+00 1.0000e-01 1.2500e+04 0.0000e+00 2.5000e-01
9.3529e+01 1.2500e+04 0.0000e+00 1.0000e-01 1.2500e+04 0.0000e+00 2.5000e-01
9.3922e+01 1.2500e+04 0.0000e+00 1.0000e-01 1.2500e+04 0.0000e+00 2.5000e-01
9.4314e+01 1.2500e+04 0.0000e+00 1.0000e-01 1.2500e+04 0.0000e+00 2.5000e-01
9.4706e+01 1.2500e+04 0.0000e+00 1.0000e-01 1.2500e+04 0.0000e+00 2.5000e-01
9.5098e+01 1.2500e+04 0.0000e+00 1.0000e-01 1.2500e+04 0.0000e+00 2.5000e-01
9.5490e+01 1.2500e+04 0.0000e+00 1.0000e-01 1.2500e+04 0.0000e+00 2.5000e-01
9.5882e+01 1.2500e+04 0.0000e+00 1.0000e-01 1.2500e+04 0.0000e+00 2.5000e-01
9.6275e+01 1.2500e+04 0.0000e+00 1.0000e-01 1.2500e+04 0.0000e+00 2.5000e-01
9.6667e+01 1.2500e+04 0.0000e+00 1.0000e-01 1.2500e+04 0.0000e+00 2.5000e-01
9.7059e+01 1.2500e+04 0.0000e+00 1.0000e-01 1.2500e+04 0.0000e+00 2.5000e-01
9.7451e+01 1.2500e+04 0.0000e+00 1.0000e-01 1.2500e+04 0.0000e+00 2.5000e-01
9.7843e+01 1.2500e+04 0.0000e+00 1.0000e-01 1.2500e+04 0.0000e+00 2.5000e-01
9.8235e+01 1.2500e+04 0.0000e+00 1.0000e-01 1.2500e+04 0.0000e+00 2.5000e-01
9.8627e+01 1.2500e+04 0.0000e+00 1.0000e-01 1.2500e+04 0.0000e+00 2.5000e-01
9.9020e+01 1.2500e+04 0.0000e+00 1.0000e-01 1.2500e+04 0.0000e+00 2.5000e-01
9.9412e+01 1.2500e+04 0.0000e+00 1.0000e-01 1.2500e+04 0.0000e+00 2.5000e-01
9.9804e+01 1.2500e+04 0.0000e+00 1.0000e-01 1.2500e+04 0.0000e+00 2.5000e-01
