# # x Density Velocity Pressure q0 q1 q2
1.9608e-01 1.0000e+05 0.0000e+00 1.0000e+00 1.0000e+05 0.0000e+00 2.5000e+00
5.8824e-01 1.0000e+05 0.0000e+00 1.0000e+00 1.0000e+05 0.0000e+00 2.5000e+00
9.8039e-01 1.0000e+05 0.0000e+00 1.0000e+00 1.0000e+05 0.0000e+00 2.5000e+00
1.3725e+00 1.0000e+05 0.0000e+00 1.0000e+00 1.0000e+05 0.0000e+00 2.5000e+00
1.7647e+00 1.0000e+05 0.0000e+00 1.0000e+00 1.0000e+05 0.0000e+00 2.5000e+00
2.1569e+00 1.0000e+05 0.0000e+00 1.0000e+00 1.0000e+05 0.0000e+00 2.5000e+00
2.5490e+00 1.0000e+05 0.0000e+00 1.0000e+00 1.0000e+05 0.0000e+00 2.5000e+00
2.9412e+00 1.0000e+05 0.0000e+00 1.0000e+00 1.0000e+05 0.0000e+00 2.5000e+00
3.3333e+00 1.0000e+05 0.0000e+00 1.0000e+00 1.0000e+05 0.0000e+00 2.5000e+00
3.7255e+00 1.0000e+05 0.0000e+00 1.0000e+00 1.0000e+05 0.0000e+00 2.5000e+00
4.1176e+00 1.0000e+05 0.0000e+00 1.0000e+00 1.0000e+05 0.0000e+00 2.5000e+00
4.5098e+00 1.0000e+05 0.0000e+00 1.0000e+00 1.0000e+05 0.0000e+00 2.5000e+00
4.9020e+00 1.0000e+05 0.0000e+00 1.0000e+00 1.0000e+05 0.0000e+00 2.5000e+00
5.2941e+00 1.0000e+05 0.0000e+00 1.0000e+00 1.0000e+05 0.0000e+00 2.5000e+00
5.6863e+00 1.0000e+05 0.0000e+00 1.0000e+00 1.0000e+05 0.0000e+00 2.5000e+00
6.0784e+00 1.0000e+05 0.0000e+00 1.0000e+00 1.0000e+05 0.0000e+00 2.5000e+00
6.4706e+00 1.0000e+05 0.0000e+00 1.0000e+00 1.0000e+05 0.0000e+00 2.5000e+00
6.8627e+00 1.0000e+05 0.0000e+00 1.0000e+00 1.0000e+05 0.0000e+00 2.5000e+00
7.2549e+00 1.0000e+05 0.0000e+00 1.0000e+00 1.0000e+05 0.0000e+00 2.5000e+00
7.6471e+00 1.0000e+05 0.0000e+00 1.0000e+00 1.0000e+05 0.0000e+00 2.5000e+00
8.0392e+00 1.0000e+05 0.0000e+00 1.0000e+00 1.0000e+05 0.0000e+00 2.5000e+00
8.4314e+00 1.0000e+05 0.0000e+00 1.0000e+00 1.0000e+05 0.0000e+00 2.5000e+00
8.8235e+00 1.0000e+05 0.0000e+00 1.0000e+00 1.0000e+05 0.0000e+00 2.5000e+00
9.2157e+00 1.0000e+05 0.0000e+00 1.0000e+00 1.0000e+05 0.0000e+00 2.5000e+00
9.6078e+00 1.0000e+05 0.0000e+00 1.0000e+00 1.0000e+05 0.0000e+00 2.5000e+00
1.0000e+01 1.0000e+05 0.0000e+00 1.0000e+00 1.0000e+05 0.0000e+00 2.5000e+00
1.0392e+01 1.0000e+05 0.0000e+00 1.0000e+00 1.0000e+05 0.0000e+00 2.5000e+00
1.0784e+01 1.0000e+05 0.0000e+00 1.0000e+00 1.0000e+05 0.0000e+00 2.5000e+00
1.1176e+01 1.0000e+05 0.0000e+00 1.0000e+00 1.0000e+05 0.0000e+00 2.5000e+00
1.1569e+01 1.0000e+05 0.0000e+00 1.0000e+00 1.0000e+05 0.0000e+00 2.5000e+00
1.1961e+01 1.0000e+05 0.0000e+00 1.0000e+00 1.0000e+05 0.0000e+00 2.5000e+00
1.2353e+01 1.0000e+05 0.0000e+00 1.0000e+00 1.0000e+05 0.0000e+00 2.5000e+00
1.2745e+01 1.0000e+05 0.0000e+00 1.0000e+00 1.0000e+05 0.0000e+00 2.5000e+00
1.3137e+01 1.0000e+05 0.0000e+00 1.0000e+00 1.0000e+05 0.0000e+00 2.5000e+00
1.3529e+01 1.0000e+05 0.0000e+00 1.0000e+00 1.0000e+05 0.0000e+00 2.5000e+00
1.3922e+01 1.0000e+05 0.0000e+00 1.0000e+00 1.0000e+05 0.0000e+00 2.5000e+00
1.4314e+01 1.0000e+05 0.0000e+00 1.0000e+00 1.0000e+05 0.0000e+00 2.5000e+00
1.4706e+01 1.0000e+05 0.0000e+00 1.0000e+00 1.0000e+05 0.0000e+00 2.5000e+00
1.5098e+01 1.0000e+05 0.0000e+00 1.0000e+00 1.0000e+05 0.0000e+00 2.5000e+00
1.5490e+01 1.0000e+05 0.0000e+00 1.0000e+00 1.0000e+05 0.0000e+00 2.5000e+00
1.5882e+01 1.0000e+05 0.0000e+00 1.0000e+00 1.0000e+05 0.0000e+00 2.5000e+00
1.6275e+01 1.0000e+05 0.0000e+00 1.0000e+00 1.0000e+05 0.0000e+00 2.5000e+00
1.6667e+01 1.0000e+05 0.0000e+00 1.0000e+00 1.0000e+05 0.0000e+00 2.5000e+00
1.7059e+01 1.0000e+05 0.0000e+00 1.0000e+00 1.0000e+05 0.0000e+00 2.5000e+00
1.7451e+01 1.0000e+05 0.0000e+00 1.0000e+00 1.0000e+05 0.0000e+00 2.5000e+00
1.7843e+01 1.0000e+05 0.0000e+00 1.0000e+00 1.0000e+05 0.0000e+00 2.5000e+00
1.8235e+01 1.0000e+05 0.0000e+00 1.0000e+00 1.0000e+05 0.0000e+00 2.5000e+00
1.8627e+01 1.0000e+05 0.0000e+00 1.0000e+00 1.0000e+05 0.0000e+00 2.5000e+00
1.9020e+01 1.0000e+05 0.0000e+00 1.0000e+00 1.0000e+05 0.0000e+00 2.5000e+00
1.9412e+01 1.0000e+05 0.0000e+00 1.0000e+00 1.0000e+05 0.0000e+00 2.5000e+00
1.9804e+01 1.0000e+05 0.0000e+00 1.0000e+00 1.0000e+05 0.0000e+00 2.5000e+00
2.0196e+01 1.0000e+05 0.0000e+00 1.0000e+00 1.0000e+05 0.0000e+00 2.5000e+00
2.0588e+01 1.0000e+05 0.0000e+00 1.0000e+00 1.0000e+05 0.0000e+00 2.5000e+00
2.0980e+01 1.0000e+05 2.6895e-20 1.0000e+00 1.0000e+05 2.6895e-15 2.5000e+00
2.1373e+01 1.0000e+05 4.9006e-19 1.0000e+00 1.0000e+05 4.9006e-14 2.5000e+00
2.1765e+01 1.0000e+05 2.1176e-18 1.0000e+00 1.0000e+05 2.1176e-13 2.5000e+00
2.2157e+01 1.0000e+05 5.1506e-18 1.0000e+00 1.0000e+05 5.1506e-13 2.5000e+00
2.2549e+01 1.0000e+05 1.0510e-17 1.0000e+00 1.0000e+05 1.0510e-12 2.5000e+00
2.2941e+01 1.0000e+05 2.1059e-17 1.0000e+00 1.0000e+05 2.1059e-12 2.5000e+00
2.3333e+01 1.0000e+05 4.3170e-17 1.0000e+00 1.0000e+05 4.3170e-12 2.5000e+00
2.3725e+01 1.0000e+05 9.0993e-17 1.0000e+00 1.0000e+05 9.0993e-12 2.5000e+00
2.4118e+01 1.0000e+05 1.9408e-16 1.0000e+00 1.0000e+05 1.9408e-11 2.5000e+00
2.4510e+01 1.0000e+05 4.1474e-16 1.0000e+00 1.0000e+05 4.1474e-11 2.5000e+00
2.4902e+01 1.0000e+05 8.8339e-16 1.0000e+00 1.0000e+05 8.8339e-11 2.5000e+00
2.5294e+01 1.0000e+05 1.8692e-15 1.0000e+00 1.0000e+05 1.8692e-10 2.5000e+00
2.5686e+01 1.0000e+05 3.9216e-15 1.0000e+00 1.0000e+05 3.9216e-10 2.5000e+00
2.6078e+01 1.0000e+05 8.1490e-15 1.0000e+00 1.0000e+05 8.1490e-10 2.5000e+00
2.6471e+01 1.0000e+05 1.6767e-14 1.0000e+00 1.0000e+05 1.6767e-09 2.5000e+00
2.6863e+01 1.0000e+05 3.4153e-14 1.0000e+00 1.0000e+05 3.4153e-09 2.5000e+00
2.7255e+01 1.0000e+05 6.8861e-14 1.0000e+00 1.0000e+05 6.8861e-09 2.5000e+00
2.7647e+01 1.0000e+05 1.3743e-13 1.0000e+00 1.0000e+05 1.3743e-08 2.5000e+00
2.8039e+01 1.0000e+05 2.7145e-13 1.0000e+00 1.0000e+05 2.7145e-08 2.5000e+00
2.8431e+01 1.0000e+05 5.3064e-13 1.0000e+00 1.0000e+05 5.3064e-08 2.5000e+00
2.8824e+01 1.0000e+05 1.0266e-12 1.0000e+00 1.0000e+05 1.0266e-07 2.5000e+00
2.9216e+01 1.0000e+05 1.9653e-12 1.0000e+00 1.0000e+05 1.9653e-07 2.5000e+00
2.9608e+01 1.0000e+05 3.7229e-12 1.0000e+00 1.0000e+05 3.7229e-07 2.5000e+00
3.0000e+01 1.0000e+05 6.9783e-12 1.0000e+00 1.0000e+05 6.9783e-07 2.5000e+00
3.0392e+01 1.0000e+05 1.2942e-11 1.0000e+00 1.0000e+05 1.2942e-06 2.5000e+00
3.0784e+01 1.0000e+05 2.3747e-11 1.0000e+00 1.0000e+05 2.3747e-06 2.5000e+00
3.1176e+01 1.0000e+05 4.3108e-11 1.0000e+00 1.0000e+05 4.3108e-06 2.5000e+00
3.1569e+01 1.0000e+05 7.7417e-11 1.0000e+00 1.0000e+05 7.7417e-06 2.5000e+00
3.1961e+01 1.0000e+05 1.3753e-10 1.0000e+00 1.0000e+05 1.3753e-05 2.5000e+00
3.2353e+01 1.0000e+05 2.4169e-10 1.0000e+00 1.0000e+05 2.4169e-05 2.5000e+00
3.2745e+01 1.0000e+05 4.2012e-10 1.0000e+00 1.0000e+05 4.2012e-05 2.5000e+00
3.3137e+01 1.0000e+05 7.2232e-10 1.0000e+00 1.0000e+05 7.2232e-05 2.5000e+00
3.3529e+01 1.0000e+05 1.2283e-09 1.0000e+00 1.0000e+05 1.2283e-04 2.5000e+00
3.3922e+01 1.0000e+05 2.0658e-09 9.9999e-01 1.0000e+05 2.0658e-04 2.5000e+00
3.4314e+01 1.0000e+05 3.4361e-09 9.9999e-01 1.0000e+05 3.4361e-04 2.5000e+00
3.4706e+01 1.0000e+05 5.6520e-09 9.9998e-01 1.0000e+05 5.6520e-04 2.5000e+00
3.5098e+01 1.0000e+05 9.1939e-09 9.9997e-01 1.0000e+05 9.1939e-04 2.4999e+00
3.5490e+01 1.0000e+05 1.4789e-08 9.9996e-01 1.0000e+05 1.4789e-03 2.4999e+00
3.5882e+01 1.0000e+05 2.3523e-08 9.9993e-01 1.0000e+05 2.3523e-03 2.4998e+00
3.6275e+01 1.0000e+05 3.6996e-08 9.9990e-01 1.0000e+05 3.6996e-03 2.4997e+00
3.6667e+01 1.0000e+05 5.7532e-08 9.9984e-01 1.0000e+05 5.7532e-03 2.4996e+00
3.7059e+01 1.0000e+05 8.8460e-08 9.9977e-01 1.0000e+05 8.8460e-03 2.4994e+00
3.7451e+01 9.9999e+04 1.3448e-07 9.9965e-01 9.9999e+04 1.3448e-02 2.4991e+00
3.7843e+01 9.9999e+04 2.0213e-07 9.9949e-01 9.9999e+04 2.0213e-02 2.4987e+00
3.8235e+01 9.9999e+04 3.0036e-07 9.9926e-01 9.9999e+04 3.0036e-02 2.4982e+00
3.8627e+01 9.9998e+04 4.4127e-07 9.9895e-01 9.9998e+04 4.4126e-02 2.4974e+00
3.9020e+01 9.9997e+04 6.4090e-07 9.9851e-01 9.9997e+04 6.4088e-02 2.4963e+00
3.9412e+01 9.9996e+04 9.2024e-07 9.9792e-01 9.9996e+04 9.2021e-02 2.4948e+00
3.9804e+01 9.9994e+04 1.3063e-06 9.9712e-01 9.9994e+04 1.3062e-01 2.4928e+00
4.0196e+01 9.9992e+04 1.8332e-06 9.9608e-01 9.9992e+04 1.8330e-01 2.4902e+00
4.0588e+01 9.9988e+04 2.5432e-06 9.9472e-01 9.9988e+04 2.5429e-01 2.4868e+00
4.0980e+01 9.9983e+04 3.4881e-06 9.9298e-01 9.9983e+04 3.4875e-01 2.4824e+00
4.1373e+01 9.9976e+04 4.7296e-06 9.9077e-01 9.9976e+04 4.7285e-01 2.4769e+00
4.1765e+01 9.9967e+04 6.3404e-06 9.8803e-01 9.9967e+04 6.3383e-01 2.4701e+00
4.2157e+01 9.9956e+04 8.4038e-06 9.8465e-01 9.9956e+04 8.4001e-01 2.4616e+00
4.2549e+01 9.9940e+04 1.1014e-05 9.8056e-01 9.9940e+04 1.1007e+00 2.4514e+00
4.2941e+01 9.9920e+04 1.4273e-05 9.7569e-01 9.9920e+04 1.4261e+00 2.4392e+00
4.3333e+01 9.9895e+04 1.8292e-05 9.6996e-01 9.9895e+04 1.8273e+00 2.4249e+00
4.3725e+01 9.9862e+04 2.3188e-05 9.6331e-01 9.9862e+04 2.3156e+00 2.4083e+00
4.4118e+01 9.9822e+04 2.9076e-05 9.5571e-01 9.9822e+04 2.9025e+00 2.3893e+00
4.4510e+01 9.9772e+04 3.6075e-05 9.4716e-01 9.9772e+04 3.5993e+00 2.3680e+00
4.4902e+01 9.9711e+04 4.4294e-05 9.3765e-01 9.9711e+04 4.4166e+00 2.3442e+00
4.5294e+01 9.9637e+04 5.3836e-05 9.2721e-01 9.9637e+04 5.3641e+00 2.3182e+00
4.5686e+01 9.9549e+04 6.4792e-05 9.1590e-01 9.9549e+04 6.4500e+00 2.2900e+00
4.6078e+01 9.9444e+04 7.7239e-05 9.0379e-01 9.9444e+04 7.6810e+00 2.2598e+00
4.6471e+01 9.9321e+04 9.1225e-05 8.9095e-01 9.9321e+04 9.0606e+00 2.2278e+00
4.6863e+01 9.9180e+04 1.0687e-04 8.7750e-01 9.9180e+04 1.0599e+01 2.1943e+00
4.7255e+01 9.9005e+04 1.2375e-04 8.6339e-01 9.9005e+04 1.2252e+01 2.1592e+00
4.7647e+01 9.8863e+04 1.4423e-04 8.4954e-01 9.8863e+04 1.4259e+01 2.1249e+00
4.8039e+01 9.8451e+04 1.5774e-04 8.3245e-01 9.8451e+04 1.5530e+01 2.0823e+00
4.8431e+01 9.8876e+04 2.0283e-04 8.2537e-01 9.8876e+04 2.0055e+01 2.0655e+00
4.8824e+01 9.6948e+04 1.6855e-04 7.9117e-01 9.6948e+04 1.6341e+01 1.9793e+00
4.9216e+01 9.8958e+04 2.8652e-04 8.0721e-01 9.8958e+04 2.8354e+01 2.0221e+00
4.9608e+01 1.0560e+05 2.3436e-04 7.6636e-01 1.0560e+05 2.4748e+01 1.9188e+00
5.0000e+01 1.5644e+04 3.0634e-04 7.7142e-01 1.5644e+04 4.7925e+00 1.9293e+00
5.0392e+01 1.0666e+04 3.6913e-04 7.6076e-01 1.0666e+04 3.9371e+00 1.9026e+00
5.0784e+01 1.0830e+04 4.9894e-04 7.5614e-01 1.0830e+04 5.4033e+00 1.8917e+00
5.1176e+01 1.1552e+04 7.1113e-04 7.6393e-01 1.1552e+04 8.2149e+00 1.9127e+00
5.1569e+01 1.2105e+04 1.0534e-03 7.9077e-01 1.2105e+04 1.2752e+01 1.9836e+00
5.1961e+01 1.2617e+04 1.2549e-03 8.0480e-01 1.2617e+04 1.5833e+01 2.0219e+00
5.2353e+01 1.2752e+04 1.3491e-03 8.0859e-01 1.2752e+04 1.7203e+01 2.0331e+00
5.2745e+01 1.2847e+04 1.3403e-03 8.0143e-01 1.2847e+04 1.7220e+01 2.0151e+00
5.3137e+01 1.2817e+04 1.3381e-03 7.9603e-01 1.2817e+04 1.7150e+01 2.0015e+00
5.3529e+01 1.2847e+04 1.3160e-03 7.8813e-01 1.2847e+04 1.6906e+01 1.9814e+00
5.3922e+01 1.2826e+04 1.3071e-03 7.8133e-01 1.2826e+04 1.6765e+01 1.9643e+00
5.4314e+01 1.2841e+04 1.2861e-03 7.7294e-01 1.2841e+04 1.6515e+01 1.9430e+00
5.4706e+01 1.2828e+04 1.2723e-03 7.6497e-01 1.2828e+04 1.6322e+01 1.9228e+00
5.5098e+01 1.2834e+04 1.2513e-03 7.5596e-01 1.2834e+04 1.6060e+01 1.9000e+00
5.5490e+01 1.2826e+04 1.2340e-03 7.4698e-01 1.2826e+04 1.5826e+01 1.8772e+00
5.5882e+01 1.2826e+04 1.2123e-03 7.3729e-01 1.2826e+04 1.5549e+01 1.8527e+00
5.6275e+01 1.2819e+04 1.1922e-03 7.2742e-01 1.2819e+04 1.5284e+01 1.8277e+00
5.6667e+01 1.2817e+04 1.1695e-03 7.1700e-01 1.2817e+04 1.4989e+01 1.8013e+00
5.7059e+01 1.2810e+04 1.1471e-03 7.0627e-01 1.2810e+04 1.4695e+01 1.7741e+00
5.7451e+01 1.2806e+04 1.1229e-03 6.9503e-01 1.2806e+04 1.4380e+01 1.7457e+00
5.7843e+01 1.2799e+04 1.0984e-03 6.8338e-01 1.2799e+04 1.4058e+01 1.7162e+00
5.8235e+01 1.2793e+04 1.0724e-03 6.7119e-01 1.2793e+04 1.3719e+01 1.6853e+00
5.8627e+01 1.2786e+04 1.0455e-03 6.5848e-01 1.2786e+04 1.3368e+01 1.6532e+00
5.9020e+01 1.2779e+04 1.0174e-03 6.4514e-01 1.2779e+04 1.3001e+01 1.6195e+00
5.9412e+01 1.2771e+04 9.8807e-04 6.3116e-01 1.2771e+04 1.2619e+01 1.5841e+00
5.9804e+01 1.2763e+04 9.5740e-04 6.1646e-01 1.2763e+04 1.2219e+01 1.5470e+00
6.0196e+01 1.2754e+04 9.2541e-04 6.0100e-01 1.2754e+04 1.1803e+01 1.5080e+00
6.0588e+01 1.2745e+04 8.9195e-04 5.8472e-01 1.2745e+04 1.1368e+01 1.4669e+00
6.0980e+01 1.2735e+04 8.5702e-04 5.6755e-01 1.2735e+04 1.0914e+01 1.4236e+00
6.1373e+01 1.2725e+04 8.2053e-04 5.4945e-01 1.2725e+04 1.0441e+01 1.3779e+00
6.1765e+01 1.2714e+04 7.8244e-04 5.3037e-01 1.2714e+04 9.9478e+00 1.3298e+00
6.2157e+01 1.2703e+04 7.4269e-04 5.1023e-01 1.2703e+04 9.4340e+00 1.2791e+00
6.2549e+01 1.2691e+04 7.0122e-04 4.8899e-01 1.2691e+04 8.8991e+00 1.2256e+00
6.2941e+01 1.2679e+04 6.5798e-04 4.6659e-01 1.2679e+04 8.3423e+00 1.1692e+00
6.3333e+01 1.2666e+04 6.1292e-04 4.4296e-01 1.2666e+04 7.7632e+00 1.1098e+00
6.3725e+01 1.2653e+04 5.6597e-04 4.1804e-01 1.2653e+04 7.1611e+00 1.0471e+00
6.4118e+01 1.2639e+04 5.1706e-04 3.9176e-01 1.2639e+04 6.5352e+00 9.8110e-01
6.4510e+01 1.2625e+04 4.6612e-04 3.6405e-01 1.2625e+04 5.8847e+00 9.1148e-01
6.4902e+01 1.2610e+04 4.1305e-04 3.3480e-01 1.2610e+04 5.2087e+00 8.3807e-01
6.5294e+01 1.2595e+04 3.5777e-04 3.0392e-01 1.2595e+04 4.5062e+00 7.6061e-01
6.5686e+01 1.2580e+04 3.0031e-04 2.7138e-01 1.2580e+04 3.7777e+00 6.7902e-01
6.6078e+01 1.2564e+04 2.4110e-04 2.3737e-01 1.2564e+04 3.0291e+00 5.9379e-01
6.6471e+01 1.2548e+04 1.8170e-04 2.0282e-01 1.2548e+04 2.2800e+00 5.0725e-01
6.6863e+01 1.2533e+04 1.2556e-04 1.6994e-01 1.2533e+04 1.5737e+00 4.2496e-01
6.7255e+01 1.2521e+04 7.7701e-05 1.4214e-01 1.2521e+04 9.7288e-01 3.5539e-01
6.7647e+01 1.2512e+04 4.2411e-05 1.2220e-01 1.2512e+04 5.3062e-01 3.0552e-01
6.8039e+01 1.2506e+04 2.0456e-05 1.1034e-01 1.2506e+04 2.5582e-01 2.7584e-01
6.8431e+01 1.2503e+04 8.9050e-06 1.0438e-01 1.2503e+04 1.1134e-01 2.6095e-01
6.8824e+01 1.2501e+04 3.6117e-06 1.0175e-01 1.2501e+04 4.5150e-02 2.5437e-01
6.9216e+01 1.2500e+04 1.4056e-06 1.0068e-01 1.2500e+04 1.7571e-02 2.5169e-01
6.9608e+01 1.2500e+04 5.3525e-07 1.0026e-01 1.2500e+04 6.6907e-03 2.5064e-01
7.0000e+01 1.2500e+04 2.0145e-07 1.0010e-01 1.2500e+04 2.5182e-03 2.5024e-01
7.0392e+01 1.2500e+04 7.5274e-08 1.0004e-01 1.2500e+04 9.4093e-04 2.5009e-01
7.0784e+01 1.2500e+04 2.7974e-08 1.0001e-01 1.2500e+04 3.4968e-04 2.5003e-01
7.1176e+01 1.2500e+04 1.0347e-08 1.0001e-01 1.2500e+04 1.2933e-04 2.5001e-01
7.1569e+01 1.2500e+04 3.8094e-09 1.0000e-01 1.2500e+04 4.7618e-05 2.5000e-01
7.1961e+01 1.2500e+04 1.3963e-09 1.0000e-01 1.2500e+04 1.7454e-05 2.5000e-01
7.2353e+01 1.2500e+04 5.0951e-10 1.0000e-01 1.2500e+04 6.3689e-06 2.5000e-01
7.2745e+01 1.2500e+04 1.8509e-10 1.0000e-01 1.2500e+04 2.3136e-06 2.5000e-01
7.3137e+01 1.2500e+04 6.6930e-11 1.0000e-01 1.2500e+04 8.3663e-07 2.5000e-01
7.3529e+01 1.2500e+04 2.4093e-11 1.0000e-01 1.2500e+04 3.0116e-07 2.5000e-01
7.3922e+01 1.2500e+04 8.6327e-12 1.0000e-01 1.2500e+04 1.0791e-07 2.5000e-01
7.4314e+01 1.2500e+04 3.0789e-12 1.0000e-01 1.2500e+04 3.8486e-08 2.5000e-01
7.4706e+01 1.2500e+04 1.0929e-12 1.0000e-01 1.2500e+04 1.3662e-08 2.5000e-01
7.5098e+01 1.2500e+04 3.8615e-13 1.0000e-01 1.2500e+04 4.8269e-09 2.5000e-01
7.5490e+01 1.2500e+04 1.3578e-13 1.0000e-01 1.2500e+04 1.6973e-09 2.5000e-01
7.5882e+01 1.2500e+04 4.7516e-14 1.0000e-01 1.2500e+04 5.9395e-10 2.5000e-01
7.6275e+01 1.2500e+04 1.6547e-14 1.0000e-01 1.2500e+04 2.0684e-10 2.5000e-01
7.6667e+01 1.2500e+04 5.7336e-15 1.0000e-01 1.2500e+04 7.1670e-11 2.5000e-01
7.7059e+01 1.2500e+04 1.9761e-15 1.0000e-01 1.2500e+04 2.4702e-11 2.5000e-01
7.7451e+01 1.2500e+04 6.7694e-16 1.0000e-01 1.2500e+04 8.4618e-12 2.5000e-01
7.7843e+01 1.2500e+04 2.2976e-16 1.0000e-01 1.2500e+04 2.8720e-12 2.5000e-01
7.8235e+01 1.2500e+04 7.6666e-17 1.0000e-01 1.2500e+04 9.5832e-13 2.5000e-01
7.8627e+01 1.2500e+04 2.4736e-17 1.0000e-01 1.2500e+04 3.0921e-13 2.5000e-01
7.9020e+01 1.2500e+04 7.2509e-18 1.0000e-01 1.2500e+04 9.0637e-14 2.5000e-01
7.9412e+01 1.2500e+04 1.5429e-18 1.0000e-01 1.2500e+04 1.9287e-14 2.5000e-01
7.9804e+01 1.2500e+04 4.7279e-20 1.0000e-01 1.2500e+04 5.9099e-16 2.5000e-01
8.0196e+01 1.2500e+04 0.0000e+00 1.0000e-01 1.2500e+04 0.0000e+00 2.5000e-01
8.0588e+01 1.2500e+04 0.0000e+00 1.0000e-01 1.2500e+04 0.0000e+00 2.5000e-01
8.0980e+01 1.2500e+04 0.0000e+00 1.0000e-01 1.2500e+04 0.0000e+00 2.5000e-01
8.1373e+01 1.2500e+04 0.0000e+00 1.0000e-01 1.2500e+04 0.0000e+00 2.5000e-01
8.1765e+01 1.2500e+04 0.0000e+00 1.0000e-01 1.2500e+04 0.0000e+00 2.5000e-01
8.2157e+01 1.2500e+04 0.0000e+00 1.0000e-01 1.2500e+04 0.0000e+00 2.5000e-01
8.2549e+01 1.2500e+04 0.0000e+00 1.0000e-01 1.2500e+04 0.0000e+00 2.5000e-01
8.2941e+01 1.2500e+04 0.0000e+00 1.0000e-01 1.2500e+04 0.0000e+00 2.5000e-01
8.3333e+01 1.2500e+04 0.0000e+00 1.0000e-01 1.2500e+04 0.0000e+00 2.5000e-01
8.3725e+01 1.2500e+04 0.0000e+00 1.0000e-01 1.2500e+04 0.0000e+00 2.5000e-01
8.4118e+01 1.2500e+04 0.0000e+00 1.0000e-01 1.2500e+04 0.0000e+00 2.5000e-01
8.4510e+01 1.2500e+04 0.0000e+00 1.0000e-01 1.2500e+04 0.0000e+00 2.5000e-01
8.4902e+01 1.2500e+04 0.0000e+00 1.0000e-01 1.2500e+04 0.0000e+00 2.5000e-01
8.5294e+01 1.2500e+04 0.0000e+00 1.0000e-01 1.2500e+04 0.0000e+00 2.5000e-01
8.5686e+01 1.2500e+04 0.0000e+00 1.0000e-01 1.2500e+04 0.0000e+00 2.5000e-01
8.6078e+01 1.2500e+04 0.0000e+00 1.0000e-01 1.2500e+04 0.0000e+00 2.5000e-01
8.6471e+01 1.2500e+04 0.0000e+00 1.0000e-01 1.2500e+04 0.0000e+00 2.5000e-01
8.6863e+01 1.2500e+04 0.0000e+00 1.0000e-01 1.2500e+04 0.0000e+00 2.5000e-01
8.7255e+01 1.2500e+04 0.0000e+00 1.0000e-01 1.2500e+04 0.0000e+00 2.5000e-01
8.7647e+01 1.2500e+04 0.0000e+00 1.0000e-01 1.2500e+04 0.0000e+00 2.5000e-01
8.8039e+01 1.2500e+04 0.0000e+00 1.0000e-01 1.2500e+04 0.0000e+00 2.5000e-01
8.8431e+01 1.2500e+04 0.0000e+00 1.0000e-01 1.2500e+04 0.0000e+00 2.5000e-01
8.8824e+01 1.2500e+04 0.0000e+00 1.0000e-01 1.2500e+04 0.0000e+00 2.5000e-01
8.9216e+01 1.2500e+04 0.0000e+00 1.0000e-01 1.2500e+04 0.0000e+00 2.5000e-01
8.9608e+01 1.2500e+04 0.0000e+00 1.0000e-01 1.2500e+04 0.0000e+00 2.5000e-01
9.0000e+01 1.2500e+04 0.0000e+00 1.0000e-01 1.2500e+04 0.0000e+00 2.5000e-01
9.0392e+01 1.2500e+04 0.0000e+00 1.0000e-01 1.2500e+04 0.0000e+00 2.5000e-01
9.0784e+01 1.2500e+04 0.0000e+00 1.0000e-01 1.2500e+04 0.0000e+00 2.5000e-01
9.1176e+01 1.2500e+04 0.0000e+00 1.0000e-01 1.2500e+04 0.0000e+00 2.5000e-01
9.1569e+01 1.2500e+04 0.0000e+00 1.0000e-01 1.2500e+04 0.0000e+00 2.5000e-01
9.1961e+01 1.2500e+04 0.0000e+00 1.0000e-01 1.2500e+04 0.0000e+00 2.5000e-01
9.2353e+01 1.2500e+04 0.0000e+00 1.0000e-01 1.2500e+04 0.0000e+00 2.5000e-01
9.2745e+01 1.2500e+04 0.0000e+00 1.0000e-01 1.2500e+04 0.0000e+00 2.5000e-01
9.3137e+01 1.2500e+04 0.0000e+00 1.0000e-01 1.2500e+04 0.0000e+00 2.5000e-01
9.3529e+01 1.2500e+04 0.0000e+00 1.0000e-01 1.2500e+04 0.0000e+00 2.5000e-01
9.3922e+01 1.2500e+04 0.0000e+00 1.0000e-01 1.2500e+04 0.0000e+00 2.5000e-01
9.4314e+01 1.2500e+04 0.0000e+00 1.0000e-01 1.2500e+04 0.0000e+00 2.5000e-01
9.4706e+01 1.2500e+04 0.0000e+00 1.0000e-01 1.2500e+04 0.0000e+00 2.5000e-01
9.5098e+01 1.2500e+04 0.0000e+00 1.0000e-01 1.2500e+04 0.0000e+00 2.5000e-01
9.5490e+01 1.2500e+04 0.0000e+00 1.0000e-01 1.2500e+04 0.0000e+00 2.5000e-01
9.5882e+01 1.2500e+04 0.0000e+00 1.0000e-01 1.2500e+04 0.0000e+00 2.5000e-01
9.6275e+01 1.2500e+04 0.0000e+00 1.0000e-01 1.2500e+04 0.0000e+00 2.5000e-01
9.6667e+01 1.2500e+04 0.0000e+00 1.0000e-01 1.2500e+04 0.0000e+00 2.5000e-01
9.7059e+01 1.2500e+04 0.0000e+00 1.0000e-01 1.2500e+04 0.0000e+00 2.5000e-01
9.7451e+01 1.2500e+04 0.0000e+00 1.0000e-01 1.2500e+04 0.0000e+00 2.5000e-01
9.7843e+01 1.2500e+04 0.0000e+00 1.0000e-01 1.2500e+04 0.0000e+00 2.5000e-01
9.8235e+01 1.2500e+04 0.0000e+00 1.0000e-01 1.2500e+04 0.0000e+00 2.5000e-01
9.8627e+01 1.2500e+04 0.0000e+00 1.0000e-01 1.2500e+04 0.0000e+00 2.5000e-01
9.9020e+01 1.2500e+04 0.0000e+00 1.0000e-01 1.2500e+04 0.0000e+00 2.5000e-01
9.9412e+01 1.2500e+04 0.0000e+00 1.0000e-01 1.2500e+04 0.0000e+00 2.5000e-01
9.9804e+01 1.2500e+04 0.0000e+00 1.0000e-01 1.2500e+04 0.0000e+00 2.5000e-01
