# # x Density Velocity Pressure q0 q1 q2
1.9608e-01 1.0000e+05 0.0000e+00 1.0000e+00 1.0000e+05 0.0000e+00 2.5000e+00
5.8824e-01 1.0000e+05 0.0000e+00 1.0000e+00 1.0000e+05 0.0000e+00 2.5000e+00
9.8039e-01 1.0000e+05 0.0000e+00 1.0000e+00 1.0000e+05 0.0000e+00 2.5000e+00
1.3725e+00 1.0000e+05 0.0000e+00 1.0000e+00 1.0000e+05 0.0000e+00 2.5000e+00
1.7647e+00 1.0000e+05 0.0000e+00 1.0000e+00 1.0000e+05 0.0000e+00 2.5000e+00
2.1569e+00 1.0000e+05 0.0000e+00 1.0000e+00 1.0000e+05 0.0000e+00 2.5000e+00
2.5490e+00 1.0000e+05 0.0000e+00 1.0000e+00 1.0000e+05 0.0000e+00 2.5000e+00
2.9412e+00 1.0000e+05 0.0000e+00 1.0000e+00 1.0000e+05 0.0000e+00 2.5000e+00
3.3333e+00 1.0000e+05 0.0000e+00 1.0000e+00 1.0000e+05 0.0000e+00 2.5000e+00
3.7255e+00 1.0000e+05 0.0000e+00 1.0000e+00 1.0000e+05 0.0000e+00 2.5000e+00
4.1176e+00 1.0000e+05 0.0000e+00 1.0000e+00 1.0000e+05 0.0000e+00 2.5000e+00
4.5098e+00 1.0000e+05 0.0000e+00 1.0000e+00 1.0000e+05 0.0000e+00 2.5000e+00
4.9020e+00 1.0000e+05 0.0000e+00 1.0000e+00 1.0000e+05 0.0000e+00 2.5000e+00
5.2941e+00 1.0000e+05 0.0000e+00 1.0000e+00 1.0000e+05 0.0000e+00 2.5000e+00
5.6863e+00 1.0000e+05 0.0000e+00 1.0000e+00 1.0000e+05 0.0000e+00 2.5000e+00
6.0784e+00 1.0000e+05 0.0000e+00 1.0000e+00 1.0000e+05 0.0000e+00 2.5000e+00
6.4706e+00 1.0000e+05 0.0000e+00 1.0000e+00 1.0000e+05 0.0000e+00 2.5000e+00
6.8627e+00 1.0000e+05 0.0000e+00 1.0000e+00 1.0000e+05 0.0000e+00 2.5000e+00
7.2549e+00 1.0000e+05 0.0000e+00 1.0000e+00 1.0000e+05 0.0000e+00 2.5000e+00
7.6471e+00 1.0000e+05 0.0000e+00 1.0000e+00 1.0000e+05 0.0000e+00 2.5000e+00
8.0392e+00 1.0000e+05 0.0000e+00 1.0000e+00 1.0000e+05 0.0000e+00 2.5000e+00
8.4314e+00 1.0000e+05 0.0000e+00 1.0000e+00 1.0000e+05 0.0000e+00 2.5000e+00
8.8235e+00 1.0000e+05 0.0000e+00 1.0000e+00 1.0000e+05 0.0000e+00 2.5000e+00
9.2157e+00 1.0000e+05 0.0000e+00 1.0000e+00 1.0000e+05 0.0000e+00 2.5000e+00
9.6078e+00 1.0000e+05 0.0000e+00 1.0000e+00 1.0000e+05 0.0000e+00 2.5000e+00
1.0000e+01 1.0000e+05 0.0000e+00 1.0000e+00 1.0000e+05 0.0000e+00 2.5000e+00
1.0392e+01 1.0000e+05 0.0000e+00 1.0000e+00 1.0000e+05 0.0000e+00 2.5000e+00
1.0784e+01 1.0000e+05 0.0000e+00 1.0000e+00 1.0000e+05 0.0000e+00 2.5000e+00
1.1176e+01 1.0000e+05 0.0000e+00 1.0000e+00 1.0000e+05 0.0000e+00 2.5000e+00
1.1569e+01 1.0000e+05 0.0000e+00 1.0000e+00 1.0000e+05 0.0000e+00 2.5000e+00
1.1961e+01 1.0000e+05 0.0000e+00 1.0000e+00 1.0000e+05 0.0000e+00 2.5000e+00
1.2353e+01 1.0000e+05 0.0000e+00 1.0000e+00 1.0000e+05 0.0000e+00 2.5000e+00
1.2745e+01 1.0000e+05 0.0000e+00 1.0000e+00 1.0000e+05 0.0000e+00 2.5000e+00
1.3137e+01 1.0000e+05 0.0000e+00 1.0000e+00 1.0000e+05 0.0000e+00 2.5000e+00
1.3529e+01 1.0000e+05 0.0000e+00 1.0000e+00 1.0000e+05 0.0000e+00 2.5000e+00
1.3922e+01 1.0000e+05 0.0000e+00 1.0000e+00 1.0000e+05 0.0000e+00 2.5000e+00
1.4314e+01 1.0000e+05 0.0000e+00 1.0000e+00 1.0000e+05 0.0000e+00 2.5000e+00
1.4706e+01 1.0000e+05 0.0000e+00 1.0000e+00 1.0000e+05 0.0000e+00 2.5000e+00
1.5098e+01 1.0000e+05 0.0000e+00 1.0000e+00 1.0000e+05 0.0000e+00 2.5000e+00
1.5490e+01 1.0000e+05 0.0000e+00 1.0000e+00 1.0000e+05 0.0000e+00 2.5000e+00
1.5882e+01 1.0000e+05 0.0000e+00 1.0000e+00 1.0000e+05 0.0000e+00 2.5000e+00
1.6275e+01 1.0000e+05 0.0000e+00 1.0000e+00 1.0000e+05 0.0000e+00 2.5000e+00
1.6667e+01 1.0000e+05 0.0000e+00 1.0000e+00 1.0000e+05 0.0000e+00 2.5000e+00
1.7059e+01 1.0000e+05 0.0000e+00 1.0000e+00 1.0000e+05 0.0000e+00 2.5000e+00
1.7451e+01 1.0000e+05 0.0000e+00 1.0000e+00 1.0000e+05 0.0000e+00 2.5000e+00
1.7843e+01 1.0000e+05 0.0000e+00 1.0000e+00 1.0000e+05 0.0000e+00 2.5000e+00
1.8235e+01 1.0000e+05 0.0000e+00 1.0000e+00 1.0000e+05 0.0000e+00 2.5000e+00
1.8627e+01 1.0000e+05 0.0000e+00 1.0000e+00 1.0000e+05 0.0000e+00 2.5000e+00
1.9020e+01 1.0000e+05 0.0000e+00 1.0000e+00 1.0000e+05 0.0000e+00 2.5000e+00
1.9412e+01 1.0000e+05 0.0000e+00 1.0000e+00 1.0000e+05 0.0000e+00 2.5000e+00
1.9804e+01 1.0000e+05 0.0000e+00 1.0000e+00 1.0000e+05 0.0000e+00 2.5000e+00
2.0196e+01 1.0000e+05 0.0000e+00 1.0000e+00 1.0000e+05 0.0000e+00 2.5000e+00
2.0588e+01 1.0000e+05 8.4932e-22 1.0000e+00 1.0000e+05 8.4932e-17 2.5000e+00
2.0980e+01 1.0000e+05 2.7065e-19 1.0000e+00 1.0000e+05 2.7065e-14 2.5000e+00
2.1373e+01 1.0000e+05 1.5027e-18 1.0000e+00 1.0000e+05 1.5027e-13 2.5000e+00
2.1765e+01 1.0000e+05 4.0841e-18 1.0000e+00 1.0000e+05 4.0841e-13 2.5000e+00
2.2157e+01 1.0000e+05 8.5980e-18 1.0000e+00 1.0000e+05 8.5980e-13 2.5000e+00
2.2549e+01 1.0000e+05 1.7166e-17 1.0000e+00 1.0000e+05 1.7166e-12 2.5000e+00
2.2941e+01 1.0000e+05 3.4614e-17 1.0000e+00 1.0000e+05 3.4614e-12 2.5000e+00
2.3333e+01 1.0000e+05 7.1926e-17 1.0000e+00 1.0000e+05 7.1926e-12 2.5000e+00
2.3725e+01 1.0000e+05 1.5195e-16 1.0000e+00 1.0000e+05 1.5195e-11 2.5000e+00
2.4118e+01 1.0000e+05 3.2238e-16 1.0000e+00 1.0000e+05 3.2238e-11 2.5000e+00
2.4510e+01 1.0000e+05 6.8296e-16 1.0000e+00 1.0000e+05 6.8296e-11 2.5000e+00
2.4902e+01 1.0000e+05 1.4390e-15 1.0000e+00 1.0000e+05 1.4390e-10 2.5000e+00
2.5294e+01 1.0000e+05 3.0081e-15 1.0000e+00 1.0000e+05 3.0081e-10 2.5000e+00
2.5686e+01 1.0000e+05 6.2318e-15 1.0000e+00 1.0000e+05 6.2318e-10 2.5000e+00
2.6078e+01 1.0000e+05 1.2786e-14 1.0000e+00 1.0000e+05 1.2786e-09 2.5000e+00
2.6471e+01 1.0000e+05 2.5978e-14 1.0000e+00 1.0000e+05 2.5978e-09 2.5000e+00
2.6863e+01 1.0000e+05 5.2256e-14 1.0000e+00 1.0000e+05 5.2256e-09 2.5000e+00
2.7255e+01 1.0000e+05 1.0406e-13 1.0000e+00 1.0000e+05 1.0406e-08 2.5000e+00
2.7647e+01 1.0000e+05 2.0514e-13 1.0000e+00 1.0000e+05 2.0514e-08 2.5000e+00
2.8039e+01 1.0000e+05 4.0031e-13 1.0000e+00 1.0000e+05 4.0031e-08 2.5000e+00
2.8431e+01 1.0000e+05 7.7322e-13 1.0000e+00 1.0000e+05 7.7322e-08 2.5000e+00
2.8824e+01 1.0000e+05 1.4782e-12 1.0000e+00 1.0000e+05 1.4782e-07 2.5000e+00
2.9216e+01 1.0000e+05 2.7969e-12 1.0000e+00 1.0000e+05 2.7969e-07 2.5000e+00
2.9608e+01 1.0000e+05 5.2375e-12 1.0000e+00 1.0000e+05 5.2375e-07 2.5000e+00
3.0000e+01 1.0000e+05 9.7058e-12 1.0000e+00 1.0000e+05 9.7058e-07 2.5000e+00
3.0392e+01 1.0000e+05 1.7799e-11 1.0000e+00 1.0000e+05 1.7799e-06 2.5000e+00
3.0784e+01 1.0000e+05 3.2299e-11 1.0000e+00 1.0000e+05 3.2299e-06 2.5000e+00
3.1176e+01 1.0000e+05 5.7995e-11 1.0000e+00 1.0000e+05 5.7995e-06 2.5000e+00
3.1569e+01 1.0000e+05 1.0303e-10 1.0000e+00 1.0000e+05 1.0303e-05 2.5000e+00
3.1961e+01 1.0000e+05 1.8111e-10 1.0000e+00 1.0000e+05 1.8111e-05 2.5000e+00
3.2353e+01 1.0000e+05 3.1496e-10 1.0000e+00 1.0000e+05 3.1496e-05 2.5000e+00
3.2745e+01 1.0000e+05 5.4189e-10 1.0000e+00 1.0000e+05 5.4189e-05 2.5000e+00
3.3137e+01 1.0000e+05 9.2231e-10 1.0000e+00 1.0000e+05 9.2231e-05 2.5000e+00
3.3529e+01 1.0000e+05 1.5529e-09 1.0000e+00 1.0000e+05 1.5529e-04 2.5000e+00
3.3922e+01 1.0000e+05 2.5864e-09 9.9999e-01 1.0000e+05 2.5864e-04 2.5000e+00
3.4314e+01 1.0000e+05 4.2609e-09 9.9999e-01 1.0000e+05 4.2609e-04 2.5000e+00
3.4706e+01 1.0000e+05 6.9432e-09 9.9998e-01 1.0000e+05 6.9432e-04 2.4999e+00
3.5098e+01 1.0000e+05 1.1191e-08 9.9997e-01 1.0000e+05 1.1191e-03 2.4999e+00
3.5490e+01 1.0000e+05 1.7839e-08 9.9995e-01 1.0000e+05 1.7839e-03 2.4999e+00
3.5882e+01 1.0000e+05 2.8124e-08 9.9992e-01 1.0000e+05 2.8124e-03 2.4998e+00
3.6275e+01 1.0000e+05 4.3852e-08 9.9988e-01 1.0000e+05 4.3852e-03 2.4997e+00
3.6667e+01 1.0000e+05 6.7620e-08 9.9982e-01 1.0000e+05 6.7620e-03 2.4996e+00
3.7059e+01 1.0000e+05 1.0312e-07 9.9973e-01 1.0000e+05 1.0312e-02 2.4993e+00
3.7451e+01 9.9999e+04 1.5550e-07 9.9961e-01 9.9999e+04 1.5550e-02 2.4990e+00
3.7843e+01 9.9999e+04 2.3189e-07 9.9943e-01 9.9999e+04 2.3189e-02 2.4986e+00
3.8235e+01 9.9999e+04 3.4195e-07 9.9918e-01 9.9999e+04 3.4194e-02 2.4979e+00
3.8627e+01 9.9998e+04 4.9862e-07 9.9883e-01 9.9998e+04 4.9861e-02 2.4971e+00
3.9020e+01 9.9997e+04 7.1896e-07 9.9836e-01 9.9997e+04 7.1894e-02 2.4959e+00
3.9412e+01 9.9995e+04 1.0251e-06 9.9772e-01 9.9995e+04 1.0250e-01 2.4943e+00
3.9804e+01 9.9993e+04 1.4452e-06 9.9687e-01 9.9993e+04 1.4451e-01 2.4922e+00
4.0196e+01 9.9991e+04 2.0146e-06 9.9576e-01 9.9991e+04 2.0144e-01 2.4894e+00
4.0588e+01 9.9987e+04 2.7771e-06 9.9433e-01 9.9987e+04 2.7767e-01 2.4858e+00
4.0980e+01 9.9981e+04 3.7853e-06 9.9250e-01 9.9981e+04 3.7846e-01 2.4813e+00
4.1373e+01 9.9974e+04 5.1021e-06 9.9021e-01 9.9974e+04 5.1008e-01 2.4755e+00
4.1765e+01 9.9965e+04 6.8006e-06 9.8736e-01 9.9965e+04 6.7982e-01 2.4684e+00
4.2157e+01 9.9952e+04 8.9642e-06 9.8389e-01 9.9952e+04 8.9599e-01 2.4597e+00
4.2549e+01 9.9936e+04 1.1686e-05 9.7970e-01 9.9936e+04 1.1679e+00 2.4493e+00
4.2941e+01 9.9915e+04 1.5069e-05 9.7473e-01 9.9915e+04 1.5056e+00 2.4368e+00
4.3333e+01 9.9888e+04 1.9221e-05 9.6891e-01 9.9888e+04 1.9200e+00 2.4223e+00
4.3725e+01 9.9854e+04 2.4256e-05 9.6219e-01 9.9854e+04 2.4221e+00 2.4055e+00
4.4118e+01 9.9812e+04 3.0289e-05 9.5453e-01 9.9812e+04 3.0232e+00 2.3864e+00
4.4510e+01 9.9761e+04 3.7431e-05 9.4594e-01 9.9761e+04 3.7342e+00 2.3649e+00
4.4902e+01 9.9698e+04 4.5792e-05 9.3640e-01 9.9698e+04 4.5654e+00 2.3411e+00
4.5294e+01 9.9622e+04 5.5470e-05 9.2596e-01 9.9622e+04 5.5261e+00 2.3151e+00
4.5686e+01 9.9531e+04 6.6553e-05 9.1467e-01 9.9531e+04 6.6241e+00 2.2869e+00
4.6078e+01 9.9424e+04 7.9115e-05 9.0258e-01 9.9424e+04 7.8660e+00 2.2568e+00
4.6471e+01 9.9299e+04 9.3202e-05 8.8979e-01 9.9299e+04 9.2549e+00 2.2249e+00
4.6863e+01 9.9155e+04 1.0894e-04 8.7640e-01 9.9155e+04 1.0802e+01 2.1916e+00
4.7255e+01 9.8977e+04 1.2584e-04 8.6234e-01 9.8977e+04 1.2456e+01 2.1566e+00
4.7647e+01 9.8839e+04 1.4657e-04 8.4865e-01 9.8839e+04 1.4487e+01 2.1227e+00
4.8039e+01 9.8406e+04 1.5950e-04 8.3145e-01 9.8406e+04 1.5696e+01 2.0799e+00
4.8431e+01 9.8870e+04 2.0600e-04 8.2497e-01 9.8870e+04 2.0367e+01 2.0645e+00
4.8824e+01 9.6885e+04 1.6977e-04 7.9027e-01 9.6885e+04 1.6449e+01 1.9771e+00
4.9216e+01 9.8893e+04 2.8835e-04 8.0668e-01 9.8893e+04 2.8515e+01 2.0208e+00
4.9608e+01 1.0578e+05 2.3726e-04 7.6641e-01 1.0578e+05 2.5097e+01 1.9190e+00
5.0000e+01 1.5804e+04 3.0686e-04 7.7116e-01 1.5804e+04 4.8498e+00 1.9286e+00
5.0392e+01 1.0662e+04 3.7921e-04 7.6199e-01 1.0662e+04 4.0430e+00 1.9057e+00
5.0784e+01 1.0799e+04 4.9705e-04 7.5622e-01 1.0799e+04 5.3674e+00 1.8919e+00
5.1176e+01 1.1497e+04 6.8615e-04 7.6152e-01 1.1497e+04 7.8888e+00 1.9065e+00
5.1569e+01 1.2046e+04 1.0237e-03 7.8769e-01 1.2046e+04 1.2332e+01 1.9755e+00
5.1961e+01 1.2581e+04 1.2407e-03 8.0343e-01 1.2581e+04 1.5610e+01 2.0183e+00
5.2353e+01 1.2740e+04 1.3497e-03 8.0892e-01 1.2740e+04 1.7195e+01 2.0339e+00
5.2745e+01 1.2847e+04 1.3478e-03 8.0250e-01 1.2847e+04 1.7315e+01 2.0179e+00
5.3137e+01 1.2819e+04 1.3461e-03 7.9731e-01 1.2819e+04 1.7256e+01 2.0049e+00
5.3529e+01 1.2850e+04 1.3248e-03 7.8969e-01 1.2850e+04 1.7024e+01 1.9855e+00
5.3922e+01 1.2829e+04 1.3163e-03 7.8314e-01 1.2829e+04 1.6887e+01 1.9690e+00
5.4314e+01 1.2844e+04 1.2959e-03 7.7503e-01 1.2844e+04 1.6645e+01 1.9484e+00
5.4706e+01 1.2832e+04 1.2826e-03 7.6732e-01 1.2832e+04 1.6458e+01 1.9288e+00
5.5098e+01 1.2838e+04 1.2622e-03 7.5858e-01 1.2838e+04 1.6204e+01 1.9067e+00
5.5490e+01 1.2829e+04 1.2453e-03 7.4987e-01 1.2829e+04 1.5976e+01 1.8846e+00
5.5882e+01 1.2830e+04 1.2242e-03 7.4044e-01 1.2830e+04 1.5706e+01 1.8607e+00
5.6275e+01 1.2824e+04 1.2045e-03 7.3084e-01 1.2824e+04 1.5446e+01 1.8364e+00
5.6667e+01 1.2821e+04 1.1823e-03 7.2069e-01 1.2821e+04 1.5158e+01 1.8107e+00
5.7059e+01 1.2815e+04 1.1604e-03 7.1024e-01 1.2815e+04 1.4871e+01 1.7842e+00
5.7451e+01 1.2811e+04 1.1368e-03 6.9930e-01 1.2811e+04 1.4563e+01 1.7565e+00
5.7843e+01 1.2804e+04 1.1128e-03 6.8796e-01 1.2804e+04 1.4248e+01 1.7278e+00
5.8235e+01 1.2799e+04 1.0874e-03 6.7612e-01 1.2799e+04 1.3917e+01 1.6979e+00
5.8627e+01 1.2792e+04 1.0612e-03 6.6378e-01 1.2792e+04 1.3575e+01 1.6667e+00
5.9020e+01 1.2785e+04 1.0338e-03 6.5087e-01 1.2785e+04 1.3217e+01 1.6340e+00
5.9412e+01 1.2777e+04 1.0053e-03 6.3735e-01 1.2777e+04 1.2845e+01 1.5998e+00
5.9804e+01 1.2769e+04 9.7550e-04 6.2317e-01 1.2769e+04 1.2456e+01 1.5640e+00
6.0196e+01 1.2760e+04 9.4444e-04 6.0827e-01 1.2760e+04 1.2051e+01 1.5264e+00
6.0588e+01 1.2751e+04 9.1198e-04 5.9259e-01 1.2751e+04 1.1629e+01 1.4868e+00
6.0980e+01 1.2742e+04 8.7811e-04 5.7609e-01 1.2742e+04 1.1189e+01 1.4451e+00
6.1373e+01 1.2732e+04 8.4275e-04 5.5871e-01 1.2732e+04 1.0730e+01 1.4013e+00
6.1765e+01 1.2721e+04 8.0586e-04 5.4040e-01 1.2721e+04 1.0252e+01 1.3551e+00
6.2157e+01 1.2710e+04 7.6737e-04 5.2110e-01 1.2710e+04 9.7536e+00 1.3065e+00
6.2549e+01 1.2699e+04 7.2724e-04 5.0076e-01 1.2699e+04 9.2352e+00 1.2552e+00
6.2941e+01 1.2687e+04 6.8540e-04 4.7931e-01 1.2687e+04 8.6959e+00 1.2013e+00
6.3333e+01 1.2675e+04 6.4182e-04 4.5671e-01 1.2675e+04 8.1349e+00 1.1444e+00
6.3725e+01 1.2662e+04 5.9642e-04 4.3290e-01 1.2662e+04 7.5519e+00 1.0845e+00
6.4118e+01 1.2649e+04 5.4916e-04 4.0780e-01 1.2649e+04 6.9461e+00 1.0214e+00
6.4510e+01 1.2635e+04 4.9995e-04 3.8135e-01 1.2635e+04 6.3168e+00 9.5495e-01
6.4902e+01 1.2621e+04 4.4873e-04 3.5347e-01 1.2621e+04 5.6632e+00 8.8494e-01
6.5294e+01 1.2606e+04 3.9540e-04 3.2406e-01 1.2606e+04 4.9843e+00 8.1115e-01
6.5686e+01 1.2591e+04 3.3989e-04 2.9306e-01 1.2591e+04 4.2795e+00 7.3337e-01
6.6078e+01 1.2575e+04 2.8231e-04 2.6044e-01 1.2575e+04 3.5500e+00 6.5160e-01
6.6471e+01 1.2559e+04 2.2331e-04 2.2656e-01 1.2559e+04 2.8046e+00 5.6671e-01
6.6863e+01 1.2544e+04 1.6489e-04 1.9262e-01 1.2544e+04 2.0683e+00 4.8171e-01
6.7255e+01 1.2530e+04 1.1095e-04 1.6118e-01 1.2530e+04 1.3901e+00 4.0302e-01
6.7647e+01 1.2518e+04 6.6547e-05 1.3564e-01 1.2518e+04 8.3303e-01 3.3912e-01
6.8039e+01 1.2510e+04 3.5185e-05 1.1817e-01 1.2510e+04 4.4015e-01 2.9544e-01
6.8431e+01 1.2505e+04 1.6517e-05 1.0825e-01 1.2505e+04 2.0654e-01 2.7062e-01
6.8824e+01 1.2502e+04 7.0576e-06 1.0344e-01 1.2502e+04 8.8234e-02 2.5861e-01
6.9216e+01 1.2501e+04 2.8347e-06 1.0137e-01 1.2501e+04 3.5436e-02 2.5341e-01
6.9608e+01 1.2500e+04 1.0995e-06 1.0053e-01 1.2500e+04 1.3744e-02 2.5132e-01
7.0000e+01 1.2500e+04 4.1872e-07 1.0020e-01 1.2500e+04 5.2340e-03 2.5050e-01
7.0392e+01 1.2500e+04 1.5787e-07 1.0008e-01 1.2500e+04 1.9733e-03 2.5019e-01
7.0784e+01 1.2500e+04 5.9132e-08 1.0003e-01 1.2500e+04 7.3915e-04 2.5007e-01
7.1176e+01 1.2500e+04 2.2036e-08 1.0001e-01 1.2500e+04 2.7544e-04 2.5003e-01
7.1569e+01 1.2500e+04 8.1738e-09 1.0000e-01 1.2500e+04 1.0217e-04 2.5001e-01
7.1961e+01 1.2500e+04 3.0185e-09 1.0000e-01 1.2500e+04 3.7732e-05 2.5000e-01
7.2353e+01 1.2500e+04 1.1098e-09 1.0000e-01 1.2500e+04 1.3873e-05 2.5000e-01
7.2745e+01 1.2500e+04 4.0626e-10 1.0000e-01 1.2500e+04 5.0783e-06 2.5000e-01
7.3137e+01 1.2500e+04 1.4806e-10 1.0000e-01 1.2500e+04 1.8507e-06 2.5000e-01
7.3529e+01 1.2500e+04 5.3718e-11 1.0000e-01 1.2500e+04 6.7147e-07 2.5000e-01
7.3922e+01 1.2500e+04 1.9402e-11 1.0000e-01 1.2500e+04 2.4253e-07 2.5000e-01
7.4314e+01 1.2500e+04 6.9761e-12 1.0000e-01 1.2500e+04 8.7201e-08 2.5000e-01
7.4706e+01 1.2500e+04 2.4968e-12 1.0000e-01 1.2500e+04 3.1211e-08 2.5000e-01
7.5098e+01 1.2500e+04 8.8955e-13 1.0000e-01 1.2500e+04 1.1119e-08 2.5000e-01
7.5490e+01 1.2500e+04 3.1545e-13 1.0000e-01 1.2500e+04 3.9431e-09 2.5000e-01
7.5882e+01 1.2500e+04 1.1134e-13 1.0000e-01 1.2500e+04 1.3918e-09 2.5000e-01
7.6275e+01 1.2500e+04 3.9113e-14 1.0000e-01 1.2500e+04 4.8892e-10 2.5000e-01
7.6667e+01 1.2500e+04 1.3675e-14 1.0000e-01 1.2500e+04 1.7093e-10 2.5000e-01
7.7059e+01 1.2500e+04 4.7571e-15 1.0000e-01 1.2500e+04 5.9464e-11 2.5000e-01
7.7451e+01 1.2500e+04 1.6462e-15 1.0000e-01 1.2500e+04 2.0577e-11 2.5000e-01
7.7843e+01 1.2500e+04 5.6601e-16 1.0000e-01 1.2500e+04 7.0752e-12 2.5000e-01
7.8235e+01 1.2500e+04 1.9267e-16 1.0000e-01 1.2500e+04 2.4084e-12 2.5000e-01
7.8627e+01 1.2500e+04 6.4388e-17 1.0000e-01 1.2500e+04 8.0484e-13 2.5000e-01
7.9020e+01 1.2500e+04 2.0611e-17 1.0000e-01 1.2500e+04 2.5763e-13 2.5000e-01
7.9412e+01 1.2500e+04 5.8920e-18 1.0000e-01 1.2500e+04 7.3650e-14 2.5000e-01
7.9804e+01 1.2500e+04 1.1486e-18 1.0000e-01 1.2500e+04 1.4357e-14 2.5000e-01
8.0196e+01 1.2500e+04 2.3781e-20 1.0000e-01 1.2500e+04 2.9726e-16 2.5000e-01
8.0588e+01 1.2500e+04 0.0000e+00 1.0000e-01 1.2500e+04 0.0000e+00 2.5000e-01
8.0980e+01 1.2500e+04 0.0000e+00 1.0000e-01 1.2500e+04 0.0000e+00 2.5000e-01
8.1373e+01 1.2500e+04 0.0000e+00 1.0000e-01 1.2500e+04 0.0000e+00 2.5000e-01
8.1765e+01 1.2500e+04 0.0000e+00 1.0000e-01 1.2500e+04 0.0000e+00 2.5000e-01
8.2157e+01 1.2500e+04 0.0000e+00 1.0000e-01 1.2500e+04 0.0000e+00 2.5000e-01
8.2549e+01 1.2500e+04 0.0000e+00 1.0000e-01 1.2500e+04 0.0000e+00 2.5000e-01
8.2941e+01 1.2500e+04 0.0000e+00 1.0000e-01 1.2500e+04 0.0000e+00 2.5000e-01
8.3333e+01 1.2500e+04 0.0000e+00 1.0000e-01 1.2500e+04 0.0000e+00 2.5000e-01
8.3725e+01 1.2500e+04 0.0000e+00 1.0000e-01 1.2500e+04 0.0000e+00 2.5000e-01
8.4118e+01 1.2500e+04 0.0000e+00 1.0000e-01 1.2500e+04 0.0000e+00 2.5000e-01
8.4510e+01 1.2500e+04 0.0000e+00 1.0000e-01 1.2500e+04 0.0000e+00 2.5000e-01
8.4902e+01 1.2500e+04 0.0000e+00 1.0000e-01 1.2500e+04 0.0000e+00 2.5000e-01
8.5294e+01 1.2500e+04 0.0000e+00 1.0000e-01 1.2500e+04 0.0000e+00 2.5000e-01
8.5686e+01 1.2500e+04 0.0000e+00 1.0000e-01 1.2500e+04 0.0000e+00 2.5000e-01
8.6078e+01 1.2500e+04 0.0000e+00 1.0000e-01 1.2500e+04 0.0000e+00 2.5000e-01
8.6471e+01 1.2500e+04 0.0000e+00 1.0000e-01 1.2500e+04 0.0000e+00 2.5000e-01
8.6863e+01 1.2500e+04 0.0000e+00 1.0000e-01 1.2500e+04 0.0000e+00 2.5000e-01
8.7255e+01 1.2500e+04 0.0000e+00 1.0000e-01 1.2500e+04 0.0000e+00 2.5000e-01
8.7647e+01 1.2500e+04 0.0000e+00 1.0000e-01 1.2500e+04 0.0000e+00 2.5000e-01
8.8039e+01 1.2500e+04 0.0000e+00 1.0000e-01 1.2500e+04 0.0000e+00 2.5000e-01
8.8431e+01 1.2500e+04 0.0000e+00 1.0000e-01 1.2500e+04 0.0000e+00 2.5000e-01
8.8824e+01 1.2500e+04 0.0000e+00 1.0000e-01 1.2500e+04 0.0000e+00 2.5000e-01
8.9216e+01 1.2500e+04 0.0000e+00 1.0000e-01 1.2500e+04 0.0000e+00 2.5000e-01
8.9608e+01 1.2500e+04 0.0000e+00 1.0000e-01 1.2500e+04 0.0000e+00 2.5000e-01
9.0000e+01 1.2500e+04 0.0000e+00 1.0000e-01 1.2500e+04 0.0000e+00 2.5000e-01
9.0392e+01 1.2500e+04 0.0000e+00 1.0000e-01 1.2500e+04 0.0000e+00 2.5000e-01
9.0784e+01 1.2500e+04 0.0000e+00 1.0000e-01 1.2500e+04 0.0000e+00 2.5000e-01
9.1176e+01 1.2500e+04 0.0000e+00 1.0000e-01 1.2500e+04 0.0000e+00 2.5000e-01
9.1569e+01 1.2500e+04 0.0000e+00 1.0000e-01 1.2500e+04 0.0000e+00 2.5000e-01
9.1961e+01 1.2500e+04 0.0000e+00 1.0000e-01 1.2500e+04 0.0000e+00 2.5000e-01
9.2353e+01 1.2500e+04 0.0000e+00 1.0000e-01 1.2500e+04 0.0000e+00 2.5000e-01
9.2745e+01 1.2500e+04 0.0000e+00 1.0000e-01 1.2500e+04 0.0000e+00 2.5000e-01
9.3137e+01 1.2500e+04 0.0000e+00 1.0000e-01 1.2500e+04 0.0000e+00 2.5000e-01
9.3529e+01 1.2500e+04 0.0000e+00 1.0000e-01 1.2500e+04 0.0000e+00 2.5000e-01
9.3922e+01 1.2500e+04 0.0000e+00 1.0000e-01 1.2500e+04 0.0000e+00 2.5000e-01
9.4314e+01 1.2500e+04 0.0000e+00 1.0000e-01 1.2500e+04 0.0000e+00 2.5000e-01
9.4706e+01 1.2500e+04 0.0000e+00 1.0000e-01 1.2500e+04 0.0000e+00 2.5000e-01
9.5098e+01 1.2500e+04 0.0000e+00 1.0000e-01 1.2500e+04 0.0000e+00 2.5000e-01
9.5490e+01 1.2500e+04 0.0000e+00 1.0000e-01 1.2500e+04 0.0000e+00 2.5000e-01
9.5882e+01 1.2500e+04 0.0000e+00 1.0000e-01 1.2500e+04 0.0000e+00 2.5000e-01
9.6275e+01 1.2500e+04 0.0000e+00 1.0000e-01 1.2500e+04 0.0000e+00 2.5000e-01
9.6667e+01 1.2500e+04 0.0000e+00 1.0000e-01 1.2500e+04 0.0000e+00 2.5000e-01
9.7059e+01 1.2500e+04 0.0000e+00 1.0000e-01 1.2500e+04 0.0000e+00 2.5000e-01
9.7451e+01 1.2500e+04 0.0000e+00 1.0000e-01 1.2500e+04 0.0000e+00 2.5000e-01
9.7843e+01 1.2500e+04 0.0000e+00 1.0000e-01 1.2500e+04 0.0000e+00 2.5000e-01
9.8235e+01 1.2500e+04 0.0000e+00 1.0000e-01 1.2500e+04 0.0000e+00 2.5000e-01
9.8627e+01 1.2500e+04 0.0000e+00 1.0000e-01 1.2500e+04 0.0000e+00 2.5000e-01
9.9020e+01 1.2500e+04 0.0000e+00 1.0000e-01 1.2500e+04 0.0000e+00 2.5000e-01
9.9412e+01 1.2500e+04 0.0000e+00 1.0000e-01 1.2500e+04 0.0000e+00 2.5000e-01
9.9804e+01 1.2500e+04 0.0000e+00 1.0000e-01 1.2500e+04 0.0000e+00 2.5000e-01
