# # x Density Velocity Pressure q0 q1 q2
1.9608e-01 1.0000e+05 0.0000e+00 1.0000e+00 1.0000e+05 0.0000e+00 2.5000e+00
5.8824e-01 1.0000e+05 0.0000e+00 1.0000e+00 1.0000e+05 0.0000e+00 2.5000e+00
9.8039e-01 1.0000e+05 0.0000e+00 1.0000e+00 1.0000e+05 0.0000e+00 2.5000e+00
1.3725e+00 1.0000e+05 0.0000e+00 1.0000e+00 1.0000e+05 0.0000e+00 2.5000e+00
1.7647e+00 1.0000e+05 0.0000e+00 1.0000e+00 1.0000e+05 0.0000e+00 2.5000e+00
2.1569e+00 1.0000e+05 0.0000e+00 1.0000e+00 1.0000e+05 0.0000e+00 2.5000e+00
2.5490e+00 1.0000e+05 0.0000e+00 1.0000e+00 1.0000e+05 0.0000e+00 2.5000e+00
2.9412e+00 1.0000e+05 0.0000e+00 1.0000e+00 1.0000e+05 0.0000e+00 2.5000e+00
3.3333e+00 1.0000e+05 0.0000e+00 1.0000e+00 1.0000e+05 0.0000e+00 2.5000e+00
3.7255e+00 1.0000e+05 0.0000e+00 1.0000e+00 1.0000e+05 0.0000e+00 2.5000e+00
4.1176e+00 1.0000e+05 0.0000e+00 1.0000e+00 1.0000e+05 0.0000e+00 2.5000e+00
4.5098e+00 1.0000e+05 0.0000e+00 1.0000e+00 1.0000e+05 0.0000e+00 2.5000e+00
4.9020e+00 1.0000e+05 0.0000e+00 1.0000e+00 1.0000e+05 0.0000e+00 2.5000e+00
5.2941e+00 1.0000e+05 0.0000e+00 1.0000e+00 1.0000e+05 0.0000e+00 2.5000e+00
5.6863e+00 1.0000e+05 0.0000e+00 1.0000e+00 1.0000e+05 0.0000e+00 2.5000e+00
6.0784e+00 1.0000e+05 0.0000e+00 1.0000e+00 1.0000e+05 0.0000e+00 2.5000e+00
6.4706e+00 1.0000e+05 0.0000e+00 1.0000e+00 1.0000e+05 0.0000e+00 2.5000e+00
6.8627e+00 1.0000e+05 0.0000e+00 1.0000e+00 1.0000e+05 0.0000e+00 2.5000e+00
7.2549e+00 1.0000e+05 0.0000e+00 1.0000e+00 1.0000e+05 0.0000e+00 2.5000e+00
7.6471e+00 1.0000e+05 0.0000e+00 1.0000e+00 1.0000e+05 0.0000e+00 2.5000e+00
8.0392e+00 1.0000e+05 0.0000e+00 1.0000e+00 1.0000e+05 0.0000e+00 2.5000e+00
8.4314e+00 1.0000e+05 0.0000e+00 1.0000e+00 1.0000e+05 0.0000e+00 2.5000e+00
8.8235e+00 1.0000e+05 0.0000e+00 1.0000e+00 1.0000e+05 0.0000e+00 2.5000e+00
9.2157e+00 1.0000e+05 0.0000e+00 1.0000e+00 1.0000e+05 0.0000e+00 2.5000e+00
9.6078e+00 1.0000e+05 0.0000e+00 1.0000e+00 1.0000e+05 0.0000e+00 2.5000e+00
1.0000e+01 1.0000e+05 0.0000e+00 1.0000e+00 1.0000e+05 0.0000e+00 2.5000e+00
1.0392e+01 1.0000e+05 0.0000e+00 1.0000e+00 1.0000e+05 0.0000e+00 2.5000e+00
1.0784e+01 1.0000e+05 0.0000e+00 1.0000e+00 1.0000e+05 0.0000e+00 2.5000e+00
1.1176e+01 1.0000e+05 0.0000e+00 1.0000e+00 1.0000e+05 0.0000e+00 2.5000e+00
1.1569e+01 1.0000e+05 0.0000e+00 1.0000e+00 1.0000e+05 0.0000e+00 2.5000e+00
1.1961e+01 1.0000e+05 0.0000e+00 1.0000e+00 1.0000e+05 0.0000e+00 2.5000e+00
1.2353e+01 1.0000e+05 0.0000e+00 1.0000e+00 1.0000e+05 0.0000e+00 2.5000e+00
1.2745e+01 1.0000e+05 0.0000e+00 1.0000e+00 1.0000e+05 0.0000e+00 2.5000e+00
1.3137e+01 1.0000e+05 0.0000e+00 1.0000e+00 1.0000e+05 0.0000e+00 2.5000e+00
1.3529e+01 1.0000e+05 0.0000e+00 1.0000e+00 1.0000e+05 0.0000e+00 2.5000e+00
1.3922e+01 1.0000e+05 0.0000e+00 1.0000e+00 1.0000e+05 0.0000e+00 2.5000e+00
1.4314e+01 1.0000e+05 0.0000e+00 1.0000e+00 1.0000e+05 0.0000e+00 2.5000e+00
1.4706e+01 1.0000e+05 0.0000e+00 1.0000e+00 1.0000e+05 0.0000e+00 2.5000e+00
1.5098e+01 1.0000e+05 0.0000e+00 1.0000e+00 1.0000e+05 0.0000e+00 2.5000e+00
1.5490e+01 1.0000e+05 0.0000e+00 1.0000e+00 1.0000e+05 0.0000e+00 2.5000e+00
1.5882e+01 1.0000e+05 0.0000e+00 1.0000e+00 1.0000e+05 0.0000e+00 2.5000e+00
1.6275e+01 1.0000e+05 0.0000e+00 1.0000e+00 1.0000e+05 0.0000e+00 2.5000e+00
1.6667e+01 1.0000e+05 0.0000e+00 1.0000e+00 1.0000e+05 0.0000e+00 2.5000e+00
1.7059e+01 1.0000e+05 0.0000e+00 1.0000e+00 1.0000e+05 0.0000e+00 2.5000e+00
1.7451e+01 1.0000e+05 0.0000e+00 1.0000e+00 1.0000e+05 0.0000e+00 2.5000e+00
1.7843e+01 1.0000e+05 0.0000e+00 1.0000e+00 1.0000e+05 0.0000e+00 2.5000e+00
1.8235e+01 1.0000e+05 0.0000e+00 1.0000e+00 1.0000e+05 0.0000e+00 2.5000e+00
1.8627e+01 1.0000e+05 0.0000e+00 1.0000e+00 1.0000e+05 0.0000e+00 2.5000e+00
1.9020e+01 1.0000e+05 0.0000e+00 1.0000e+00 1.0000e+05 0.0000e+00 2.5000e+00
1.9412e+01 1.0000e+05 0.0000e+00 1.0000e+00 1.0000e+05 0.0000e+00 2.5000e+00
1.9804e+01 1.0000e+05 0.0000e+00 1.0000e+00 1.0000e+05 0.0000e+00 2.5000e+00
2.0196e+01 1.0000e+05 0.0000e+00 1.0000e+00 1.0000e+05 0.0000e+00 2.5000e+00
2.0588e+01 1.0000e+05 1.8119e-20 1.0000e+00 1.0000e+05 1.8119e-15 2.5000e+00
2.0980e+01 1.0000e+05 4.3740e-19 1.0000e+00 1.0000e+05 4.3740e-14 2.5000e+00
2.1373e+01 1.0000e+05 1.9891e-18 1.0000e+00 1.0000e+05 1.9891e-13 2.5000e+00
2.1765e+01 1.0000e+05 4.9357e-18 1.0000e+00 1.0000e+05 4.9357e-13 2.5000e+00
2.2157e+01 1.0000e+05 1.0107e-17 1.0000e+00 1.0000e+05 1.0107e-12 2.5000e+00
2.2549e+01 1.0000e+05 2.0171e-17 1.0000e+00 1.0000e+05 2.0171e-12 2.5000e+00
2.2941e+01 1.0000e+05 4.0882e-17 1.0000e+00 1.0000e+05 4.0882e-12 2.5000e+00
2.3333e+01 1.0000e+05 8.5138e-17 1.0000e+00 1.0000e+05 8.5138e-12 2.5000e+00
2.3725e+01 1.0000e+05 1.7981e-16 1.0000e+00 1.0000e+05 1.7981e-11 2.5000e+00
2.4118e+01 1.0000e+05 3.8061e-16 1.0000e+00 1.0000e+05 3.8061e-11 2.5000e+00
2.4510e+01 1.0000e+05 8.0368e-16 1.0000e+00 1.0000e+05 8.0368e-11 2.5000e+00
2.4902e+01 1.0000e+05 1.6870e-15 1.0000e+00 1.0000e+05 1.6870e-10 2.5000e+00
2.5294e+01 1.0000e+05 3.5122e-15 1.0000e+00 1.0000e+05 3.5122e-10 2.5000e+00
2.5686e+01 1.0000e+05 7.2462e-15 1.0000e+00 1.0000e+05 7.2462e-10 2.5000e+00
2.6078e+01 1.0000e+05 1.4806e-14 1.0000e+00 1.0000e+05 1.4806e-09 2.5000e+00
2.6471e+01 1.0000e+05 2.9958e-14 1.0000e+00 1.0000e+05 2.9958e-09 2.5000e+00
2.6863e+01 1.0000e+05 6.0016e-14 1.0000e+00 1.0000e+05 6.0016e-09 2.5000e+00
2.7255e+01 1.0000e+05 1.1903e-13 1.0000e+00 1.0000e+05 1.1903e-08 2.5000e+00
2.7647e+01 1.0000e+05 2.3371e-13 1.0000e+00 1.0000e+05 2.3371e-08 2.5000e+00
2.8039e+01 1.0000e+05 4.5427e-13 1.0000e+00 1.0000e+05 4.5427e-08 2.5000e+00
2.8431e+01 1.0000e+05 8.7400e-13 1.0000e+00 1.0000e+05 8.7400e-08 2.5000e+00
2.8824e+01 1.0000e+05 1.6644e-12 1.0000e+00 1.0000e+05 1.6644e-07 2.5000e+00
2.9216e+01 1.0000e+05 3.1373e-12 1.0000e+00 1.0000e+05 3.1373e-07 2.5000e+00
2.9608e+01 1.0000e+05 5.8527e-12 1.0000e+00 1.0000e+05 5.8527e-07 2.5000e+00
3.0000e+01 1.0000e+05 1.0806e-11 1.0000e+00 1.0000e+05 1.0806e-06 2.5000e+00
3.0392e+01 1.0000e+05 1.9743e-11 1.0000e+00 1.0000e+05 1.9743e-06 2.5000e+00
3.0784e+01 1.0000e+05 3.5698e-11 1.0000e+00 1.0000e+05 3.5698e-06 2.5000e+00
3.1176e+01 1.0000e+05 6.3870e-11 1.0000e+00 1.0000e+05 6.3870e-06 2.5000e+00
3.1569e+01 1.0000e+05 1.1307e-10 1.0000e+00 1.0000e+05 1.1307e-05 2.5000e+00
3.1961e+01 1.0000e+05 1.9807e-10 1.0000e+00 1.0000e+05 1.9807e-05 2.5000e+00
3.2353e+01 1.0000e+05 3.4330e-10 1.0000e+00 1.0000e+05 3.4330e-05 2.5000e+00
3.2745e+01 1.0000e+05 5.8866e-10 1.0000e+00 1.0000e+05 5.8866e-05 2.5000e+00
3.3137e+01 1.0000e+05 9.9863e-10 1.0000e+00 1.0000e+05 9.9863e-05 2.5000e+00
3.3529e+01 1.0000e+05 1.6760e-09 9.9999e-01 1.0000e+05 1.6760e-04 2.5000e+00
3.3922e+01 1.0000e+05 2.7825e-09 9.9999e-01 1.0000e+05 2.7825e-04 2.5000e+00
3.4314e+01 1.0000e+05 4.5697e-09 9.9999e-01 1.0000e+05 4.5697e-04 2.5000e+00
3.4706e+01 1.0000e+05 7.4237e-09 9.9998e-01 1.0000e+05 7.4237e-04 2.4999e+00
3.5098e+01 1.0000e+05 1.1929e-08 9.9997e-01 1.0000e+05 1.1929e-03 2.4999e+00
3.5490e+01 1.0000e+05 1.8960e-08 9.9995e-01 1.0000e+05 1.8960e-03 2.4999e+00
3.5882e+01 1.0000e+05 2.9807e-08 9.9992e-01 1.0000e+05 2.9807e-03 2.4998e+00
3.6275e+01 1.0000e+05 4.6344e-08 9.9987e-01 1.0000e+05 4.6344e-03 2.4997e+00
3.6667e+01 1.0000e+05 7.1267e-08 9.9981e-01 1.0000e+05 7.1267e-03 2.4995e+00
3.7059e+01 1.0000e+05 1.0838e-07 9.9972e-01 1.0000e+05 1.0838e-02 2.4993e+00
3.7451e+01 9.9999e+04 1.6302e-07 9.9959e-01 9.9999e+04 1.6302e-02 2.4990e+00
3.7843e+01 9.9999e+04 2.4248e-07 9.9940e-01 9.9999e+04 2.4247e-02 2.4985e+00
3.8235e+01 9.9998e+04 3.5667e-07 9.9914e-01 9.9998e+04 3.5667e-02 2.4979e+00
3.8627e+01 9.9998e+04 5.1883e-07 9.9879e-01 9.9998e+04 5.1882e-02 2.4970e+00
3.9020e+01 9.9997e+04 7.4633e-07 9.9830e-01 9.9997e+04 7.4631e-02 2.4958e+00
3.9412e+01 9.9995e+04 1.0617e-06 9.9765e-01 9.9995e+04 1.0616e-01 2.4941e+00
3.9804e+01 9.9993e+04 1.4934e-06 9.9678e-01 9.9993e+04 1.4933e-01 2.4920e+00
4.0196e+01 9.9990e+04 2.0774e-06 9.9565e-01 9.9990e+04 2.0772e-01 2.4891e+00
4.0588e+01 9.9986e+04 2.8576e-06 9.9420e-01 9.9986e+04 2.8572e-01 2.4855e+00
4.0980e+01 9.9981e+04 3.8873e-06 9.9234e-01 9.9981e+04 3.8865e-01 2.4809e+00
4.1373e+01 9.9973e+04 5.2294e-06 9.9002e-01 9.9973e+04 5.2280e-01 2.4750e+00
4.1765e+01 9.9964e+04 6.9573e-06 9.8714e-01 9.9964e+04 6.9547e-01 2.4679e+00
4.2157e+01 9.9951e+04 9.1544e-06 9.8363e-01 9.9951e+04 9.1499e-01 2.4591e+00
4.2549e+01 9.9934e+04 1.1914e-05 9.7942e-01 9.9934e+04 1.1906e+00 2.4485e+00
4.2941e+01 9.9913e+04 1.5338e-05 9.7441e-01 9.9913e+04 1.5324e+00 2.4360e+00
4.3333e+01 9.9885e+04 1.9534e-05 9.6856e-01 9.9885e+04 1.9511e+00 2.4214e+00
4.3725e+01 9.9851e+04 2.4615e-05 9.6182e-01 9.9851e+04 2.4578e+00 2.4046e+00
4.4118e+01 9.9809e+04 3.0694e-05 9.5414e-01 9.9809e+04 3.0636e+00 2.3854e+00
4.4510e+01 9.9757e+04 3.7885e-05 9.4553e-01 9.9757e+04 3.7793e+00 2.3639e+00
4.4902e+01 9.9693e+04 4.6292e-05 9.3599e-01 9.9693e+04 4.6150e+00 2.3401e+00
4.5294e+01 9.9617e+04 5.6015e-05 9.2555e-01 9.9617e+04 5.5800e+00 2.3140e+00
4.5686e+01 9.9525e+04 6.7139e-05 9.1426e-01 9.9525e+04 6.6820e+00 2.2859e+00
4.6078e+01 9.9418e+04 7.9740e-05 9.0219e-01 9.9418e+04 7.9275e+00 2.2558e+00
4.6471e+01 9.9291e+04 9.3860e-05 8.8941e-01 9.9291e+04 9.3195e+00 2.2240e+00
4.6863e+01 9.9147e+04 1.0963e-04 8.7604e-01 9.9147e+04 1.0870e+01 2.1907e+00
4.7255e+01 9.8968e+04 1.2654e-04 8.6200e-01 9.8968e+04 1.2523e+01 2.1558e+00
4.7647e+01 9.8830e+04 1.4735e-04 8.4835e-01 9.8830e+04 1.4563e+01 2.1220e+00
4.8039e+01 9.8391e+04 1.6008e-04 8.3112e-01 9.8391e+04 1.5751e+01 2.0791e+00
4.8431e+01 9.8868e+04 2.0705e-04 8.2484e-01 9.8868e+04 2.0471e+01 2.0642e+00
4.8824e+01 9.6865e+04 1.7018e-04 7.8999e-01 9.6865e+04 1.6485e+01 1.9764e+00
4.9216e+01 9.8870e+04 2.8894e-04 8.0651e-01 9.8870e+04 2.8568e+01 2.0204e+00
4.9608e+01 1.0584e+05 2.3822e-04 7.6644e-01 1.0584e+05 2.5213e+01 1.9191e+00
5.0000e+01 1.5858e+04 3.0692e-04 7.7106e-01 1.5858e+04 4.8671e+00 1.9284e+00
5.0392e+01 1.0660e+04 3.8249e-04 7.6239e-01 1.0660e+04 4.0775e+00 1.9067e+00
5.0784e+01 1.0789e+04 4.9702e-04 7.5631e-01 1.0789e+04 5.3623e+00 1.8921e+00
5.1176e+01 1.1480e+04 6.7833e-04 7.6076e-01 1.1480e+04 7.7870e+00 1.9046e+00
5.1569e+01 1.2027e+04 1.0136e-03 7.8664e-01 1.2027e+04 1.2191e+01 1.9728e+00
5.1961e+01 1.2569e+04 1.2355e-03 8.0291e-01 1.2569e+04 1.5529e+01 2.0169e+00
5.2353e+01 1.2735e+04 1.3495e-03 8.0898e-01 1.2735e+04 1.7187e+01 2.0341e+00
5.2745e+01 1.2847e+04 1.3501e-03 8.0284e-01 1.2847e+04 1.7345e+01 2.0188e+00
5.3137e+01 1.2820e+04 1.3487e-03 7.9772e-01 1.2820e+04 1.7290e+01 2.0060e+00
5.3529e+01 1.2851e+04 1.3277e-03 7.9019e-01 1.2851e+04 1.7062e+01 1.9868e+00
5.3922e+01 1.2830e+04 1.3193e-03 7.8372e-01 1.2830e+04 1.6926e+01 1.9705e+00
5.4314e+01 1.2845e+04 1.2992e-03 7.7570e-01 1.2845e+04 1.6688e+01 1.9501e+00
5.4706e+01 1.2833e+04 1.2859e-03 7.6807e-01 1.2833e+04 1.6502e+01 1.9308e+00
5.5098e+01 1.2839e+04 1.2657e-03 7.5943e-01 1.2839e+04 1.6251e+01 1.9088e+00
5.5490e+01 1.2831e+04 1.2490e-03 7.5080e-01 1.2831e+04 1.6025e+01 1.8870e+00
5.5882e+01 1.2831e+04 1.2280e-03 7.4146e-01 1.2831e+04 1.5757e+01 1.8633e+00
5.6275e+01 1.2825e+04 1.2085e-03 7.3194e-01 1.2825e+04 1.5500e+01 1.8392e+00
5.6667e+01 1.2823e+04 1.1865e-03 7.2188e-01 1.2823e+04 1.5214e+01 1.8137e+00
5.7059e+01 1.2817e+04 1.1648e-03 7.1152e-01 1.2817e+04 1.4928e+01 1.7875e+00
5.7451e+01 1.2812e+04 1.1413e-03 7.0068e-01 1.2812e+04 1.4622e+01 1.7600e+00
5.7843e+01 1.2806e+04 1.1175e-03 6.8945e-01 1.2806e+04 1.4310e+01 1.7316e+00
5.8235e+01 1.2800e+04 1.0923e-03 6.7772e-01 1.2800e+04 1.3982e+01 1.7019e+00
5.8627e+01 1.2793e+04 1.0664e-03 6.6550e-01 1.2793e+04 1.3642e+01 1.6710e+00
5.9020e+01 1.2786e+04 1.0392e-03 6.5272e-01 1.2786e+04 1.3287e+01 1.6387e+00
5.9412e+01 1.2779e+04 1.0109e-03 6.3935e-01 1.2779e+04 1.2918e+01 1.6049e+00
5.9804e+01 1.2771e+04 9.8139e-04 6.2533e-01 1.2771e+04 1.2533e+01 1.5695e+00
6.0196e+01 1.2762e+04 9.5063e-04 6.1060e-01 1.2762e+04 1.2132e+01 1.5323e+00
6.0588e+01 1.2754e+04 9.1849e-04 5.9512e-01 1.2754e+04 1.1714e+01 1.4932e+00
6.0980e+01 1.2744e+04 8.8496e-04 5.7883e-01 1.2744e+04 1.1278e+01 1.4521e+00
6.1373e+01 1.2734e+04 8.4996e-04 5.6168e-01 1.2734e+04 1.0824e+01 1.4088e+00
6.1765e+01 1.2724e+04 8.1345e-04 5.4361e-01 1.2724e+04 1.0350e+01 1.3632e+00
6.2157e+01 1.2713e+04 7.7537e-04 5.2458e-01 1.2713e+04 9.8573e+00 1.3153e+00
6.2549e+01 1.2702e+04 7.3567e-04 5.0452e-01 1.2702e+04 9.3442e+00 1.2647e+00
6.2941e+01 1.2690e+04 6.9428e-04 4.8338e-01 1.2690e+04 8.8104e+00 1.2115e+00
6.3333e+01 1.2678e+04 6.5117e-04 4.6111e-01 1.2678e+04 8.2554e+00 1.1555e+00
6.3725e+01 1.2665e+04 6.0627e-04 4.3764e-01 1.2665e+04 7.6785e+00 1.0964e+00
6.4118e+01 1.2652e+04 5.5953e-04 4.1292e-01 1.2652e+04 7.0791e+00 1.0343e+00
6.4510e+01 1.2638e+04 5.1088e-04 3.8687e-01 1.2638e+04 6.4566e+00 9.6882e-01
6.4902e+01 1.2624e+04 4.6025e-04 3.5942e-01 1.2624e+04 5.8102e+00 8.9988e-01
6.5294e+01 1.2609e+04 4.0754e-04 3.3048e-01 1.2609e+04 5.1388e+00 8.2725e-01
6.5686e+01 1.2594e+04 3.5268e-04 2.9997e-01 1.2594e+04 4.4418e+00 7.5071e-01
6.6078e+01 1.2579e+04 2.9571e-04 2.6785e-01 1.2579e+04 3.7197e+00 6.7017e-01
6.6471e+01 1.2563e+04 2.3709e-04 2.3434e-01 1.2563e+04 2.9786e+00 5.8620e-01
6.6863e+01 1.2547e+04 1.7841e-04 2.0037e-01 1.2547e+04 2.2386e+00 5.0113e-01
6.7255e+01 1.2533e+04 1.2310e-04 1.6816e-01 1.2533e+04 1.5427e+00 4.2050e-01
6.7647e+01 1.2520e+04 7.6083e-05 1.4102e-01 1.2520e+04 9.5260e-01 3.5258e-01
6.8039e+01 1.2511e+04 4.1514e-05 1.2161e-01 1.2511e+04 5.1940e-01 3.0404e-01
6.8431e+01 1.2506e+04 2.0045e-05 1.1008e-01 1.2506e+04 2.5067e-01 2.7519e-01
6.8824e+01 1.2503e+04 8.7479e-06 1.0428e-01 1.2503e+04 1.0937e-01 2.6071e-01
6.9216e+01 1.2501e+04 3.5612e-06 1.0172e-01 1.2501e+04 4.4519e-02 2.5429e-01
6.9608e+01 1.2500e+04 1.3922e-06 1.0067e-01 1.2500e+04 1.7403e-02 2.5167e-01
7.0000e+01 1.2500e+04 5.3270e-07 1.0026e-01 1.2500e+04 6.6588e-03 2.5064e-01
7.0392e+01 1.2500e+04 2.0150e-07 1.0010e-01 1.2500e+04 2.5188e-03 2.5024e-01
7.0784e+01 1.2500e+04 7.5682e-08 1.0004e-01 1.2500e+04 9.4602e-04 2.5009e-01
7.1176e+01 1.2500e+04 2.8274e-08 1.0001e-01 1.2500e+04 3.5342e-04 2.5003e-01
7.1569e+01 1.2500e+04 1.0514e-08 1.0001e-01 1.2500e+04 1.3142e-04 2.5001e-01
7.1961e+01 1.2500e+04 3.8921e-09 1.0000e-01 1.2500e+04 4.8651e-05 2.5000e-01
7.2353e+01 1.2500e+04 1.4346e-09 1.0000e-01 1.2500e+04 1.7932e-05 2.5000e-01
7.2745e+01 1.2500e+04 5.2644e-10 1.0000e-01 1.2500e+04 6.5806e-06 2.5000e-01
7.3137e+01 1.2500e+04 1.9234e-10 1.0000e-01 1.2500e+04 2.4043e-06 2.5000e-01
7.3529e+01 1.2500e+04 6.9965e-11 1.0000e-01 1.2500e+04 8.7456e-07 2.5000e-01
7.3922e+01 1.2500e+04 2.5336e-11 1.0000e-01 1.2500e+04 3.1670e-07 2.5000e-01
7.4314e+01 1.2500e+04 9.1338e-12 1.0000e-01 1.2500e+04 1.1417e-07 2.5000e-01
7.4706e+01 1.2500e+04 3.2779e-12 1.0000e-01 1.2500e+04 4.0974e-08 2.5000e-01
7.5098e+01 1.2500e+04 1.1710e-12 1.0000e-01 1.2500e+04 1.4637e-08 2.5000e-01
7.5490e+01 1.2500e+04 4.1640e-13 1.0000e-01 1.2500e+04 5.2050e-09 2.5000e-01
7.5882e+01 1.2500e+04 1.4738e-13 1.0000e-01 1.2500e+04 1.8423e-09 2.5000e-01
7.6275e+01 1.2500e+04 5.1921e-14 1.0000e-01 1.2500e+04 6.4902e-10 2.5000e-01
7.6667e+01 1.2500e+04 1.8205e-14 1.0000e-01 1.2500e+04 2.2756e-10 2.5000e-01
7.7059e+01 1.2500e+04 6.3520e-15 1.0000e-01 1.2500e+04 7.9400e-11 2.5000e-01
7.7451e+01 1.2500e+04 2.2050e-15 1.0000e-01 1.2500e+04 2.7563e-11 2.5000e-01
7.7843e+01 1.2500e+04 7.6090e-16 1.0000e-01 1.2500e+04 9.5113e-12 2.5000e-01
7.8235e+01 1.2500e+04 2.6029e-16 1.0000e-01 1.2500e+04 3.2536e-12 2.5000e-01
7.8627e+01 1.2500e+04 8.7681e-17 1.0000e-01 1.2500e+04 1.0960e-12 2.5000e-01
7.9020e+01 1.2500e+04 2.8558e-17 1.0000e-01 1.2500e+04 3.5698e-13 2.5000e-01
7.9412e+01 1.2500e+04 8.5985e-18 1.0000e-01 1.2500e+04 1.0748e-13 2.5000e-01
7.9804e+01 1.2500e+04 1.9682e-18 1.0000e-01 1.2500e+04 2.4602e-14 2.5000e-01
8.0196e+01 1.2500e+04 1.0050e-19 1.0000e-01 1.2500e+04 1.2563e-15 2.5000e-01
8.0588e+01 1.2500e+04 0.0000e+00 1.0000e-01 1.2500e+04 0.0000e+00 2.5000e-01
8.0980e+01 1.2500e+04 0.0000e+00 1.0000e-01 1.2500e+04 0.0000e+00 2.5000e-01
8.1373e+01 1.2500e+04 0.0000e+00 1.0000e-01 1.2500e+04 0.0000e+00 2.5000e-01
8.1765e+01 1.2500e+04 0.0000e+00 1.0000e-01 1.2500e+04 0.0000e+00 2.5000e-01
8.2157e+01 1.2500e+04 0.0000e+00 1.0000e-01 1.2500e+04 0.0000e+00 2.5000e-01
8.2549e+01 1.2500e+04 0.0000e+00 1.0000e-01 1.2500e+04 0.0000e+00 2.5000e-01
8.2941e+01 1.2500e+04 0.0000e+00 1.0000e-01 1.2500e+04 0.0000e+00 2.5000e-01
8.3333e+01 1.2500e+04 0.0000e+00 1.0000e-01 1.2500e+04 0.0000e+00 2.5000e-01
8.3725e+01 1.2500e+04 0.0000e+00 1.0000e-01 1.2500e+04 0.0000e+00 2.5000e-01
8.4118e+01 1.2500e+04 0.0000e+00 1.0000e-01 1.2500e+04 0.0000e+00 2.5000e-01
8.4510e+01 1.2500e+04 0.0000e+00 1.0000e-01 1.2500e+04 0.0000e+00 2.5000e-01
8.4902e+01 1.2500e+04 0.0000e+00 1.0000e-01 1.2500e+04 0.0000e+00 2.5000e-01
8.5294e+01 1.2500e+04 0.0000e+00 1.0000e-01 1.2500e+04 0.0000e+00 2.5000e-01
8.5686e+01 1.2500e+04 0.0000e+00 1.0000e-01 1.2500e+04 0.0000e+00 2.5000e-01
8.6078e+01 1.2500e+04 0.0000e+00 1.0000e-01 1.2500e+04 0.0000e+00 2.5000e-01
8.6471e+01 1.2500e+04 0.0000e+00 1.0000e-01 1.2500e+04 0.0000e+00 2.5000e-01
8.6863e+01 1.2500e+04 0.0000e+00 1.0000e-01 1.2500e+04 0.0000e+00 2.5000e-01
8.7255e+01 1.2500e+04 0.0000e+00 1.0000e-01 1.2500e+04 0.0000e+00 2.5000e-01
8.7647e+01 1.2500e+04 0.0000e+00 1.0000e-01 1.2500e+04 0.0000e+00 2.5000e-01
8.8039e+01 1.2500e+04 0.0000e+00 1.0000e-01 1.2500e+04 0.0000e+00 2.5000e-01
8.8431e+01 1.2500e+04 0.0000e+00 1.0000e-01 1.2500e+04 0.0000e+00 2.5000e-01
8.8824e+01 1.2500e+04 0.0000e+00 1.0000e-01 1.2500e+04 0.0000e+00 2.5000e-01
8.9216e+01 1.2500e+04 0.0000e+00 1.0000e-01 1.2500e+04 0.0000e+00 2.5000e-01
8.9608e+01 1.2500e+04 0.0000e+00 1.0000e-01 1.2500e+04 0.0000e+00 2.5000e-01
9.0000e+01 1.2500e+04 0.0000e+00 1.0000e-01 1.2500e+04 0.0000e+00 2.5000e-01
9.0392e+01 1.2500e+04 0.0000e+00 1.0000e-01 1.2500e+04 0.0000e+00 2.5000e-01
9.0784e+01 1.2500e+04 0.0000e+00 1.0000e-01 1.2500e+04 0.0000e+00 2.5000e-01
9.1176e+01 1.2500e+04 0.0000e+00 1.0000e-01 1.2500e+04 0.0000e+00 2.5000e-01
9.1569e+01 1.2500e+04 0.0000e+00 1.0000e-01 1.2500e+04 0.0000e+00 2.5000e-01
9.1961e+01 1.2500e+04 0.0000e+00 1.0000e-01 1.2500e+04 0.0000e+00 2.5000e-01
9.2353e+01 1.2500e+04 0.0000e+00 1.0000e-01 1.2500e+04 0.0000e+00 2.5000e-01
9.2745e+01 1.2500e+04 0.0000e+00 1.0000e-01 1.2500e+04 0.0000e+00 2.5000e-01
9.3137e+01 1.2500e+04 0.0000e+00 1.0000e-01 1.2500e+04 0.0000e+00 2.5000e-01
9.3529e+01 1.2500e+04 0.0000e+00 1.0000e-01 1.2500e+04 0.0000e+00 2.5000e-01
9.3922e+01 1.2500e+04 0.0000e+00 1.0000e-01 1.2500e+04 0.0000e+00 2.5000e-01
9.4314e+01 1.2500e+04 0.0000e+00 1.0000e-01 1.2500e+04 0.0000e+00 2.5000e-01
9.4706e+01 1.2500e+04 0.0000e+00 1.0000e-01 1.2500e+04 0.0000e+00 2.5000e-01
9.5098e+01 1.2500e+04 0.0000e+00 1.0000e-01 1.2500e+04 0.0000e+00 2.5000e-01
9.5490e+01 1.2500e+04 0.0000e+00 1.0000e-01 1.2500e+04 0.0000e+00 2.5000e-01
9.5882e+01 1.2500e+04 0.0000e+00 1.0000e-01 1.2500e+04 0.0000e+00 2.5000e-01
9.6275e+01 1.2500e+04 0.0000e+00 1.0000e-01 1.2500e+04 0.0000e+00 2.5000e-01
9.6667e+01 1.2500e+04 0.0000e+00 1.0000e-01 1.2500e+04 0.0000e+00 2.5000e-01
9.7059e+01 1.2500e+04 0.0000e+00 1.0000e-01 1.2500e+04 0.0000e+00 2.5000e-01
9.7451e+01 1.2500e+04 0.0000e+00 1.0000e-01 1.2500e+04 0.0000e+00 2.5000e-01
9.7843e+01 1.2500e+04 0.0000e+00 1.0000e-01 1.2500e+04 0.0000e+00 2.5000e-01
9.8235e+01 1.2500e+04 0.0000e+00 1.0000e-01 1.2500e+04 0.0000e+00 2.5000e-01
9.8627e+01 1.2500e+04 0.0000e+00 1.0000e-01 1.2500e+04 0.0000e+00 2.5000e-01
9.9020e+01 1.2500e+04 0.0000e+00 1.0000e-01 1.2500e+04 0.0000e+00 2.5000e-01
9.9412e+01 1.2500e+04 0.0000e+00 1.0000e-01 1.2500e+04 0.0000e+00 2.5000e-01
9.9804e+01 1.2500e+04 0.0000e+00 1.0000e-01 1.2500e+04 0.0000e+00 2.5000e-01
