# # x Density Velocity Pressure q0 q1 q2
1.9608e-01 1.0000e+05 0.0000e+00 1.0000e+00 1.0000e+05 0.0000e+00 2.5000e+00
5.8824e-01 1.0000e+05 0.0000e+00 1.0000e+00 1.0000e+05 0.0000e+00 2.5000e+00
9.8039e-01 1.0000e+05 0.0000e+00 1.0000e+00 1.0000e+05 0.0000e+00 2.5000e+00
1.3725e+00 1.0000e+05 0.0000e+00 1.0000e+00 1.0000e+05 0.0000e+00 2.5000e+00
1.7647e+00 1.0000e+05 0.0000e+00 1.0000e+00 1.0000e+05 0.0000e+00 2.5000e+00
2.1569e+00 1.0000e+05 0.0000e+00 1.0000e+00 1.0000e+05 0.0000e+00 2.5000e+00
2.5490e+00 1.0000e+05 0.0000e+00 1.0000e+00 1.0000e+05 0.0000e+00 2.5000e+00
2.9412e+00 1.0000e+05 0.0000e+00 1.0000e+00 1.0000e+05 0.0000e+00 2.5000e+00
3.3333e+00 1.0000e+05 0.0000e+00 1.0000e+00 1.0000e+05 0.0000e+00 2.5000e+00
3.7255e+00 1.0000e+05 0.0000e+00 1.0000e+00 1.0000e+05 0.0000e+00 2.5000e+00
4.1176e+00 1.0000e+05 0.0000e+00 1.0000e+00 1.0000e+05 0.0000e+00 2.5000e+00
4.5098e+00 1.0000e+05 0.0000e+00 1.0000e+00 1.0000e+05 0.0000e+00 2.5000e+00
4.9020e+00 1.0000e+05 0.0000e+00 1.0000e+00 1.0000e+05 0.0000e+00 2.5000e+00
5.2941e+00 1.0000e+05 0.0000e+00 1.0000e+00 1.0000e+05 0.0000e+00 2.5000e+00
5.6863e+00 1.0000e+05 0.0000e+00 1.0000e+00 1.0000e+05 0.0000e+00 2.5000e+00
6.0784e+00 1.0000e+05 0.0000e+00 1.0000e+00 1.0000e+05 0.0000e+00 2.5000e+00
6.4706e+00 1.0000e+05 0.0000e+00 1.0000e+00 1.0000e+05 0.0000e+00 2.5000e+00
6.8627e+00 1.0000e+05 0.0000e+00 1.0000e+00 1.0000e+05 0.0000e+00 2.5000e+00
7.2549e+00 1.0000e+05 0.0000e+00 1.0000e+00 1.0000e+05 0.0000e+00 2.5000e+00
7.6471e+00 1.0000e+05 0.0000e+00 1.0000e+00 1.0000e+05 0.0000e+00 2.5000e+00
8.0392e+00 1.0000e+05 0.0000e+00 1.0000e+00 1.0000e+05 0.0000e+00 2.5000e+00
8.4314e+00 1.0000e+05 0.0000e+00 1.0000e+00 1.0000e+05 0.0000e+00 2.5000e+00
8.8235e+00 1.0000e+05 0.0000e+00 1.0000e+00 1.0000e+05 0.0000e+00 2.5000e+00
9.2157e+00 1.0000e+05 0.0000e+00 1.0000e+00 1.0000e+05 0.0000e+00 2.5000e+00
9.6078e+00 1.0000e+05 0.0000e+00 1.0000e+00 1.0000e+05 0.0000e+00 2.5000e+00
1.0000e+01 1.0000e+05 0.0000e+00 1.0000e+00 1.0000e+05 0.0000e+00 2.5000e+00
1.0392e+01 1.0000e+05 0.0000e+00 1.0000e+00 1.0000e+05 0.0000e+00 2.5000e+00
1.0784e+01 1.0000e+05 0.0000e+00 1.0000e+00 1.0000e+05 0.0000e+00 2.5000e+00
1.1176e+01 1.0000e+05 0.0000e+00 1.0000e+00 1.0000e+05 0.0000e+00 2.5000e+00
1.1569e+01 1.0000e+05 0.0000e+00 1.0000e+00 1.0000e+05 0.0000e+00 2.5000e+00
1.1961e+01 1.0000e+05 0.0000e+00 1.0000e+00 1.0000e+05 0.0000e+00 2.5000e+00
1.2353e+01 1.0000e+05 0.0000e+00 1.0000e+00 1.0000e+05 0.0000e+00 2.5000e+00
1.2745e+01 1.0000e+05 0.0000e+00 1.0000e+00 1.0000e+05 0.0000e+00 2.5000e+00
1.3137e+01 1.0000e+05 0.0000e+00 1.0000e+00 1.0000e+05 0.0000e+00 2.5000e+00
1.3529e+01 1.0000e+05 0.0000e+00 1.0000e+00 1.0000e+05 0.0000e+00 2.5000e+00
1.3922e+01 1.0000e+05 0.0000e+00 1.0000e+00 1.0000e+05 0.0000e+00 2.5000e+00
1.4314e+01 1.0000e+05 0.0000e+00 1.0000e+00 1.0000e+05 0.0000e+00 2.5000e+00
1.4706e+01 1.0000e+05 0.0000e+00 1.0000e+00 1.0000e+05 0.0000e+00 2.5000e+00
1.5098e+01 1.0000e+05 0.0000e+00 1.0000e+00 1.0000e+05 0.0000e+00 2.5000e+00
1.5490e+01 1.0000e+05 0.0000e+00 1.0000e+00 1.0000e+05 0.0000e+00 2.5000e+00
1.5882e+01 1.0000e+05 0.0000e+00 1.0000e+00 1.0000e+05 0.0000e+00 2.5000e+00
1.6275e+01 1.0000e+05 0.0000e+00 1.0000e+00 1.0000e+05 0.0000e+00 2.5000e+00
1.6667e+01 1.0000e+05 0.0000e+00 1.0000e+00 1.0000e+05 0.0000e+00 2.5000e+00
1.7059e+01 1.0000e+05 0.0000e+00 1.0000e+00 1.0000e+05 0.0000e+00 2.5000e+00
1.7451e+01 1.0000e+05 0.0000e+00 1.0000e+00 1.0000e+05 0.0000e+00 2.5000e+00
1.7843e+01 1.0000e+05 0.0000e+00 1.0000e+00 1.0000e+05 0.0000e+00 2.5000e+00
1.8235e+01 1.0000e+05 0.0000e+00 1.0000e+00 1.0000e+05 0.0000e+00 2.5000e+00
1.8627e+01 1.0000e+05 0.0000e+00 1.0000e+00 1.0000e+05 0.0000e+00 2.5000e+00
1.9020e+01 1.0000e+05 0.0000e+00 1.0000e+00 1.0000e+05 0.0000e+00 2.5000e+00
1.9412e+01 1.0000e+05 0.0000e+00 1.0000e+00 1.0000e+05 0.0000e+00 2.5000e+00
1.9804e+01 1.0000e+05 0.0000e+00 1.0000e+00 1.0000e+05 0.0000e+00 2.5000e+00
2.0196e+01 1.0000e+05 4.7845e-20 1.0000e+00 1.0000e+05 4.7845e-15 2.5000e+00
2.0588e+01 1.0000e+05 6.0330e-19 1.0000e+00 1.0000e+05 6.0330e-14 2.5000e+00
2.0980e+01 1.0000e+05 2.3971e-18 1.0000e+00 1.0000e+05 2.3971e-13 2.5000e+00
2.1373e+01 1.0000e+05 5.6403e-18 1.0000e+00 1.0000e+05 5.6403e-13 2.5000e+00
2.1765e+01 1.0000e+05 1.1315e-17 1.0000e+00 1.0000e+05 1.1315e-12 2.5000e+00
2.2157e+01 1.0000e+05 2.2377e-17 1.0000e+00 1.0000e+05 2.2377e-12 2.5000e+00
2.2549e+01 1.0000e+05 4.5199e-17 1.0000e+00 1.0000e+05 4.5199e-12 2.5000e+00
2.2941e+01 1.0000e+05 9.3273e-17 1.0000e+00 1.0000e+05 9.3273e-12 2.5000e+00
2.3333e+01 1.0000e+05 1.9482e-16 1.0000e+00 1.0000e+05 1.9482e-11 2.5000e+00
2.3725e+01 1.0000e+05 4.0801e-16 1.0000e+00 1.0000e+05 4.0801e-11 2.5000e+00
2.4118e+01 1.0000e+05 8.5171e-16 1.0000e+00 1.0000e+05 8.5171e-11 2.5000e+00
2.4510e+01 1.0000e+05 1.7675e-15 1.0000e+00 1.0000e+05 1.7675e-10 2.5000e+00
2.4902e+01 1.0000e+05 3.6390e-15 1.0000e+00 1.0000e+05 3.6390e-10 2.5000e+00
2.5294e+01 1.0000e+05 7.4262e-15 1.0000e+00 1.0000e+05 7.4262e-10 2.5000e+00
2.5686e+01 1.0000e+05 1.5014e-14 1.0000e+00 1.0000e+05 1.5014e-09 2.5000e+00
2.6078e+01 1.0000e+05 3.0067e-14 1.0000e+00 1.0000e+05 3.0067e-09 2.5000e+00
2.6471e+01 1.0000e+05 5.9631e-14 1.0000e+00 1.0000e+05 5.9631e-09 2.5000e+00
2.6863e+01 1.0000e+05 1.1712e-13 1.0000e+00 1.0000e+05 1.1712e-08 2.5000e+00
2.7255e+01 1.0000e+05 2.2777e-13 1.0000e+00 1.0000e+05 2.2777e-08 2.5000e+00
2.7647e+01 1.0000e+05 4.3864e-13 1.0000e+00 1.0000e+05 4.3864e-08 2.5000e+00
2.8039e+01 1.0000e+05 8.3639e-13 1.0000e+00 1.0000e+05 8.3639e-08 2.5000e+00
2.8431e+01 1.0000e+05 1.5790e-12 1.0000e+00 1.0000e+05 1.5790e-07 2.5000e+00
2.8824e+01 1.0000e+05 2.9513e-12 1.0000e+00 1.0000e+05 2.9513e-07 2.5000e+00
2.9216e+01 1.0000e+05 5.4612e-12 1.0000e+00 1.0000e+05 5.4612e-07 2.5000e+00
2.9608e+01 1.0000e+05 1.0004e-11 1.0000e+00 1.0000e+05 1.0004e-06 2.5000e+00
3.0000e+01 1.0000e+05 1.8141e-11 1.0000e+00 1.0000e+05 1.8141e-06 2.5000e+00
3.0392e+01 1.0000e+05 3.2563e-11 1.0000e+00 1.0000e+05 3.2563e-06 2.5000e+00
3.0784e+01 1.0000e+05 5.7857e-11 1.0000e+00 1.0000e+05 5.7857e-06 2.5000e+00
3.1176e+01 1.0000e+05 1.0175e-10 1.0000e+00 1.0000e+05 1.0175e-05 2.5000e+00
3.1569e+01 1.0000e+05 1.7710e-10 1.0000e+00 1.0000e+05 1.7710e-05 2.5000e+00
3.1961e+01 1.0000e+05 3.0510e-10 1.0000e+00 1.0000e+05 3.0510e-05 2.5000e+00
3.2353e+01 1.0000e+05 5.2016e-10 1.0000e+00 1.0000e+05 5.2016e-05 2.5000e+00
3.2745e+01 1.0000e+05 8.7763e-10 1.0000e+00 1.0000e+05 8.7763e-05 2.5000e+00
3.3137e+01 1.0000e+05 1.4654e-09 1.0000e+00 1.0000e+05 1.4654e-04 2.5000e+00
3.3529e+01 1.0000e+05 2.4211e-09 9.9999e-01 1.0000e+05 2.4211e-04 2.5000e+00
3.3922e+01 1.0000e+05 3.9584e-09 9.9999e-01 1.0000e+05 3.9584e-04 2.5000e+00
3.4314e+01 1.0000e+05 6.4039e-09 9.9998e-01 1.0000e+05 6.4039e-04 2.5000e+00
3.4706e+01 1.0000e+05 1.0251e-08 9.9997e-01 1.0000e+05 1.0251e-03 2.4999e+00
3.5098e+01 1.0000e+05 1.6235e-08 9.9995e-01 1.0000e+05 1.6235e-03 2.4999e+00
3.5490e+01 1.0000e+05 2.5441e-08 9.9993e-01 1.0000e+05 2.5441e-03 2.4998e+00
3.5882e+01 1.0000e+05 3.9443e-08 9.9989e-01 1.0000e+05 3.9443e-03 2.4997e+00
3.6275e+01 1.0000e+05 6.0500e-08 9.9984e-01 1.0000e+05 6.0500e-03 2.4996e+00
3.6667e+01 1.0000e+05 9.1806e-08 9.9976e-01 1.0000e+05 9.1806e-03 2.4994e+00
3.7059e+01 9.9999e+04 1.3782e-07 9.9965e-01 9.9999e+04 1.3782e-02 2.4991e+00
3.7451e+01 9.9999e+04 2.0468e-07 9.9950e-01 9.9999e+04 2.0468e-02 2.4987e+00
3.7843e+01 9.9999e+04 3.0071e-07 9.9928e-01 9.9999e+04 3.0071e-02 2.4982e+00
3.8235e+01 9.9998e+04 4.3704e-07 9.9898e-01 9.9998e+04 4.3703e-02 2.4975e+00
3.8627e+01 9.9997e+04 6.2833e-07 9.9857e-01 9.9997e+04 6.2831e-02 2.4964e+00
3.9020e+01 9.9996e+04 8.9360e-07 9.9802e-01 9.9996e+04 8.9356e-02 2.4951e+00
3.9412e+01 9.9994e+04 1.2571e-06 9.9729e-01 9.9994e+04 1.2571e-01 2.4932e+00
3.9804e+01 9.9992e+04 1.7495e-06 9.9633e-01 9.9992e+04 1.7494e-01 2.4908e+00
4.0196e+01 9.9988e+04 2.4085e-06 9.9510e-01 9.9988e+04 2.4082e-01 2.4877e+00
4.0588e+01 9.9984e+04 3.2799e-06 9.9352e-01 9.9984e+04 3.2794e-01 2.4838e+00
4.0980e+01 9.9978e+04 4.4187e-06 9.9153e-01 9.9978e+04 4.4177e-01 2.4788e+00
4.1373e+01 9.9969e+04 5.8890e-06 9.8905e-01 9.9969e+04 5.8872e-01 2.4726e+00
4.1765e+01 9.9958e+04 7.7649e-06 9.8602e-01 9.9958e+04 7.7617e-01 2.4651e+00
4.2157e+01 9.9944e+04 1.0130e-05 9.8235e-01 9.9944e+04 1.0124e+00 2.4559e+00
4.2549e+01 9.9926e+04 1.3076e-05 9.7797e-01 9.9926e+04 1.3066e+00 2.4449e+00
4.2941e+01 9.9903e+04 1.6703e-05 9.7282e-01 9.9903e+04 1.6687e+00 2.4321e+00
4.3333e+01 9.9873e+04 2.1116e-05 9.6684e-01 9.9873e+04 2.1089e+00 2.4171e+00
4.3725e+01 9.9837e+04 2.6424e-05 9.5997e-01 9.9837e+04 2.6381e+00 2.4000e+00
4.4118e+01 9.9792e+04 3.2736e-05 9.5221e-01 9.9792e+04 3.2668e+00 2.3806e+00
4.4510e+01 9.9737e+04 4.0160e-05 9.4353e-01 9.9737e+04 4.0054e+00 2.3589e+00
4.4902e+01 9.9670e+04 4.8795e-05 9.3396e-01 9.9670e+04 4.8634e+00 2.3350e+00
4.5294e+01 9.9590e+04 5.8737e-05 9.2351e-01 9.9590e+04 5.8496e+00 2.3090e+00
4.5686e+01 9.9495e+04 7.0065e-05 9.1224e-01 9.9495e+04 6.9712e+00 2.2809e+00
4.6078e+01 9.9384e+04 8.2852e-05 9.0022e-01 9.9384e+04 8.2342e+00 2.2509e+00
4.6471e+01 9.9254e+04 9.7133e-05 8.8751e-01 9.9254e+04 9.6408e+00 2.2192e+00
4.6863e+01 9.9106e+04 1.1307e-04 8.7425e-01 9.9106e+04 1.1206e+01 2.1863e+00
4.7255e+01 9.8921e+04 1.2999e-04 8.6030e-01 9.8921e+04 1.2859e+01 2.1516e+00
4.7647e+01 9.8790e+04 1.5125e-04 8.4692e-01 9.8790e+04 1.4942e+01 2.1184e+00
4.8039e+01 9.8315e+04 1.6290e-04 8.2949e-01 9.8315e+04 1.6016e+01 2.0750e+00
4.8431e+01 9.8859e+04 2.1231e-04 8.2424e-01 9.8859e+04 2.0989e+01 2.0628e+00
4.8824e+01 9.6763e+04 1.7226e-04 7.8861e-01 9.6763e+04 1.6669e+01 1.9730e+00
4.9216e+01 9.8757e+04 2.9178e-04 8.0566e-01 9.8757e+04 2.8815e+01 2.0184e+00
4.9608e+01 1.0614e+05 2.4299e-04 7.6661e-01 1.0614e+05 2.5792e+01 1.9196e+00
5.0000e+01 1.6130e+04 3.0640e-04 7.7039e-01 1.6130e+04 4.9422e+00 1.9267e+00
5.0392e+01 1.0654e+04 3.9793e-04 7.6421e-01 1.0654e+04 4.2397e+00 1.9114e+00
5.0784e+01 1.0746e+04 5.0099e-04 7.5713e-01 1.0746e+04 5.3835e+00 1.8942e+00
5.1176e+01 1.1397e+04 6.4348e-04 7.5743e-01 1.1397e+04 7.3337e+00 1.8959e+00
5.1569e+01 1.1928e+04 9.6269e-04 7.8128e-01 1.1928e+04 1.1483e+01 1.9587e+00
5.1961e+01 1.2501e+04 1.2056e-03 7.9982e-01 1.2501e+04 1.5071e+01 2.0086e+00
5.2353e+01 1.2709e+04 1.3456e-03 8.0890e-01 1.2709e+04 1.7101e+01 2.0338e+00
5.2745e+01 1.2844e+04 1.3605e-03 8.0447e-01 1.2844e+04 1.7475e+01 2.0231e+00
5.3137e+01 1.2823e+04 1.3613e-03 7.9964e-01 1.2823e+04 1.7456e+01 2.0110e+00
5.3529e+01 1.2855e+04 1.3415e-03 7.9251e-01 1.2855e+04 1.7246e+01 1.9928e+00
5.3922e+01 1.2834e+04 1.3337e-03 7.8641e-01 1.2834e+04 1.7117e+01 1.9775e+00
5.4314e+01 1.2851e+04 1.3147e-03 7.7883e-01 1.2851e+04 1.6894e+01 1.9582e+00
5.4706e+01 1.2838e+04 1.3022e-03 7.7162e-01 1.2838e+04 1.6717e+01 1.9399e+00
5.5098e+01 1.2845e+04 1.2829e-03 7.6342e-01 1.2845e+04 1.6479e+01 1.9191e+00
5.5490e+01 1.2837e+04 1.2669e-03 7.5522e-01 1.2837e+04 1.6263e+01 1.8983e+00
5.5882e+01 1.2838e+04 1.2468e-03 7.4632e-01 1.2838e+04 1.6007e+01 1.8758e+00
5.6275e+01 1.2832e+04 1.2281e-03 7.3724e-01 1.2832e+04 1.5759e+01 1.8528e+00
5.6667e+01 1.2830e+04 1.2069e-03 7.2761e-01 1.2830e+04 1.5484e+01 1.8284e+00
5.7059e+01 1.2824e+04 1.1860e-03 7.1770e-01 1.2824e+04 1.5209e+01 1.8033e+00
5.7451e+01 1.2820e+04 1.1634e-03 7.0732e-01 1.2820e+04 1.4914e+01 1.7770e+00
5.7843e+01 1.2814e+04 1.1404e-03 6.9657e-01 1.2814e+04 1.4613e+01 1.7498e+00
5.8235e+01 1.2809e+04 1.1162e-03 6.8536e-01 1.2809e+04 1.4297e+01 1.7214e+00
5.8627e+01 1.2802e+04 1.0913e-03 6.7371e-01 1.2802e+04 1.3970e+01 1.6919e+00
5.9020e+01 1.2796e+04 1.0652e-03 6.6155e-01 1.2796e+04 1.3629e+01 1.6611e+00
5.9412e+01 1.2788e+04 1.0381e-03 6.4887e-01 1.2788e+04 1.3276e+01 1.6291e+00
5.9804e+01 1.2781e+04 1.0099e-03 6.3559e-01 1.2781e+04 1.2907e+01 1.5955e+00
6.0196e+01 1.2773e+04 9.8050e-04 6.2169e-01 1.2773e+04 1.2524e+01 1.5604e+00
6.0588e+01 1.2764e+04 9.4986e-04 6.0710e-01 1.2764e+04 1.2124e+01 1.5235e+00
6.0980e+01 1.2755e+04 9.1793e-04 5.9179e-01 1.2755e+04 1.1708e+01 1.4849e+00
6.1373e+01 1.2746e+04 8.8464e-04 5.7570e-01 1.2746e+04 1.1275e+01 1.4442e+00
6.1765e+01 1.2736e+04 8.4994e-04 5.5878e-01 1.2736e+04 1.0825e+01 1.4016e+00
6.2157e+01 1.2726e+04 8.1377e-04 5.4098e-01 1.2726e+04 1.0356e+01 1.3567e+00
6.2549e+01 1.2715e+04 7.7609e-04 5.2225e-01 1.2715e+04 9.8678e+00 1.3095e+00
6.2941e+01 1.2704e+04 7.3684e-04 5.0254e-01 1.2704e+04 9.3605e+00 1.2598e+00
6.3333e+01 1.2692e+04 6.9597e-04 4.8179e-01 1.2692e+04 8.8332e+00 1.2075e+00
6.3725e+01 1.2680e+04 6.5343e-04 4.5995e-01 1.2680e+04 8.2853e+00 1.1526e+00
6.4118e+01 1.2667e+04 6.0917e-04 4.3697e-01 1.2667e+04 7.7164e+00 1.0948e+00
6.4510e+01 1.2654e+04 5.6314e-04 4.1278e-01 1.2654e+04 7.1259e+00 1.0340e+00
6.4902e+01 1.2640e+04 5.1526e-04 3.8733e-01 1.2640e+04 6.5131e+00 9.7001e-01
6.5294e+01 1.2626e+04 4.6548e-04 3.6055e-01 1.2626e+04 5.8773e+00 9.0273e-01
6.5686e+01 1.2612e+04 4.1371e-04 3.3235e-01 1.2612e+04 5.2176e+00 8.3194e-01
6.6078e+01 1.2597e+04 3.5987e-04 3.0265e-01 1.2597e+04 4.5333e+00 7.5743e-01
6.6471e+01 1.2582e+04 3.0397e-04 2.7140e-01 1.2582e+04 3.8245e+00 6.7909e-01
6.6863e+01 1.2566e+04 2.4635e-04 2.3876e-01 1.2566e+04 3.0956e+00 5.9727e-01
6.7255e+01 1.2550e+04 1.8828e-04 2.0543e-01 1.2550e+04 2.3629e+00 5.1381e-01
6.7647e+01 1.2535e+04 1.3270e-04 1.7330e-01 1.2535e+04 1.6635e+00 4.3336e-01
6.8039e+01 1.2523e+04 8.4245e-05 1.4542e-01 1.2523e+04 1.0550e+00 3.6360e-01
6.8431e+01 1.2513e+04 4.7366e-05 1.2470e-01 1.2513e+04 5.9269e-01 3.1177e-01
6.8824e+01 1.2507e+04 2.3546e-05 1.1185e-01 1.2507e+04 2.9448e-01 2.7963e-01
6.9216e+01 1.2503e+04 1.0529e-05 1.0515e-01 1.2503e+04 1.3165e-01 2.6288e-01
6.9608e+01 1.2501e+04 4.3646e-06 1.0210e-01 1.2501e+04 5.4563e-02 2.5525e-01
7.0000e+01 1.2501e+04 1.7283e-06 1.0083e-01 1.2501e+04 2.1605e-02 2.5206e-01
7.0392e+01 1.2500e+04 6.6779e-07 1.0032e-01 1.2500e+04 8.3475e-03 2.5080e-01
7.0784e+01 1.2500e+04 2.5470e-07 1.0012e-01 1.2500e+04 3.1838e-03 2.5030e-01
7.1176e+01 1.2500e+04 9.6400e-08 1.0005e-01 1.2500e+04 1.2050e-03 2.5012e-01
7.1569e+01 1.2500e+04 3.6286e-08 1.0002e-01 1.2500e+04 4.5357e-04 2.5004e-01
7.1961e+01 1.2500e+04 1.3595e-08 1.0001e-01 1.2500e+04 1.6994e-04 2.5002e-01
7.2353e+01 1.2500e+04 5.0713e-09 1.0000e-01 1.2500e+04 6.3391e-05 2.5001e-01
7.2745e+01 1.2500e+04 1.8837e-09 1.0000e-01 1.2500e+04 2.3546e-05 2.5000e-01
7.3137e+01 1.2500e+04 6.9672e-10 1.0000e-01 1.2500e+04 8.7091e-06 2.5000e-01
7.3529e+01 1.2500e+04 2.5660e-10 1.0000e-01 1.2500e+04 3.2075e-06 2.5000e-01
7.3922e+01 1.2500e+04 9.4100e-11 1.0000e-01 1.2500e+04 1.1762e-06 2.5000e-01
7.4314e+01 1.2500e+04 3.4359e-11 1.0000e-01 1.2500e+04 4.2949e-07 2.5000e-01
7.4706e+01 1.2500e+04 1.2491e-11 1.0000e-01 1.2500e+04 1.5614e-07 2.5000e-01
7.5098e+01 1.2500e+04 4.5212e-12 1.0000e-01 1.2500e+04 5.6515e-08 2.5000e-01
7.5490e+01 1.2500e+04 1.6292e-12 1.0000e-01 1.2500e+04 2.0366e-08 2.5000e-01
7.5882e+01 1.2500e+04 5.8450e-13 1.0000e-01 1.2500e+04 7.3062e-09 2.5000e-01
7.6275e+01 1.2500e+04 2.0875e-13 1.0000e-01 1.2500e+04 2.6094e-09 2.5000e-01
7.6667e+01 1.2500e+04 7.4216e-14 1.0000e-01 1.2500e+04 9.2769e-10 2.5000e-01
7.7059e+01 1.2500e+04 2.6265e-14 1.0000e-01 1.2500e+04 3.2831e-10 2.5000e-01
7.7451e+01 1.2500e+04 9.2519e-15 1.0000e-01 1.2500e+04 1.1565e-10 2.5000e-01
7.7843e+01 1.2500e+04 3.2431e-15 1.0000e-01 1.2500e+04 4.0539e-11 2.5000e-01
7.8235e+01 1.2500e+04 1.1305e-15 1.0000e-01 1.2500e+04 1.4132e-11 2.5000e-01
7.8627e+01 1.2500e+04 3.9121e-16 1.0000e-01 1.2500e+04 4.8901e-12 2.5000e-01
7.9020e+01 1.2500e+04 1.3379e-16 1.0000e-01 1.2500e+04 1.6724e-12 2.5000e-01
7.9412e+01 1.2500e+04 4.4762e-17 1.0000e-01 1.2500e+04 5.5953e-13 2.5000e-01
7.9804e+01 1.2500e+04 1.4076e-17 1.0000e-01 1.2500e+04 1.7595e-13 2.5000e-01
8.0196e+01 1.2500e+04 3.6900e-18 1.0000e-01 1.2500e+04 4.6125e-14 2.5000e-01
8.0588e+01 1.2500e+04 5.0676e-19 1.0000e-01 1.2500e+04 6.3345e-15 2.5000e-01
8.0980e+01 1.2500e+04 1.0192e-20 1.0000e-01 1.2500e+04 1.2740e-16 2.5000e-01
8.1373e+01 1.2500e+04 0.0000e+00 1.0000e-01 1.2500e+04 0.0000e+00 2.5000e-01
8.1765e+01 1.2500e+04 0.0000e+00 1.0000e-01 1.2500e+04 0.0000e+00 2.5000e-01
8.2157e+01 1.2500e+04 0.0000e+00 1.0000e-01 1.2500e+04 0.0000e+00 2.5000e-01
8.2549e+01 1.2500e+04 0.0000e+00 1.0000e-01 1.2500e+04 0.0000e+00 2.5000e-01
8.2941e+01 1.2500e+04 0.0000e+00 1.0000e-01 1.2500e+04 0.0000e+00 2.5000e-01
8.3333e+01 1.2500e+04 0.0000e+00 1.0000e-01 1.2500e+04 0.0000e+00 2.5000e-01
8.3725e+01 1.2500e+04 0.0000e+00 1.0000e-01 1.2500e+04 0.0000e+00 2.5000e-01
8.4118e+01 1.2500e+04 0.0000e+00 1.0000e-01 1.2500e+04 0.0000e+00 2.5000e-01
8.4510e+01 1.2500e+04 0.0000e+00 1.0000e-01 1.2500e+04 0.0000e+00 2.5000e-01
8.4902e+01 1.2500e+04 0.0000e+00 1.0000e-01 1.2500e+04 0.0000e+00 2.5000e-01
8.5294e+01 1.2500e+04 0.0000e+00 1.0000e-01 1.2500e+04 0.0000e+00 2.5000e-01
8.5686e+01 1.2500e+04 0.0000e+00 1.0000e-01 1.2500e+04 0.0000e+00 2.5000e-01
8.6078e+01 1.2500e+04 0.0000e+00 1.0000e-01 1.2500e+04 0.0000e+00 2.5000e-01
8.6471e+01 1.2500e+04 0.0000e+00 1.0000e-01 1.2500e+04 0.0000e+00 2.5000e-01
8.6863e+01 1.2500e+04 0.0000e+00 1.0000e-01 1.2500e+04 0.0000e+00 2.5000e-01
8.7255e+01 1.2500e+04 0.0000e+00 1.0000e-01 1.2500e+04 0.0000e+00 2.5000e-01
8.7647e+01 1.2500e+04 0.0000e+00 1.0000e-01 1.2500e+04 0.0000e+00 2.5000e-01
8.8039e+01 1.2500e+04 0.0000e+00 1.0000e-01 1.2500e+04 0.0000e+00 2.5000e-01
8.8431e+01 1.2500e+04 0.0000e+00 1.0000e-01 1.2500e+04 0.0000e+00 2.5000e-01
8.8824e+01 1.2500e+04 0.0000e+00 1.0000e-01 1.2500e+04 0.0000e+00 2.5000e-01
8.9216e+01 1.2500e+04 0.0000e+00 1.0000e-01 1.2500e+04 0.0000e+00 2.5000e-01
8.9608e+01 1.2500e+04 0.0000e+00 1.0000e-01 1.2500e+04 0.0000e+00 2.5000e-01
9.0000e+01 1.2500e+04 0.0000e+00 1.0000e-01 1.2500e+04 0.0000e+00 2.5000e-01
9.0392e+01 1.2500e+04 0.0000e+00 1.0000e-01 1.2500e+04 0.0000e+00 2.5000e-01
9.0784e+01 1.2500e+04 0.0000e+00 1.0000e-01 1.2500e+04 0.0000e+00 2.5000e-01
9.1176e+01 1.2500e+04 0.0000e+00 1.0000e-01 1.2500e+04 0.0000e+00 2.5000e-01
9.1569e+01 1.2500e+04 0.0000e+00 1.0000e-01 1.2500e+04 0.0000e+00 2.5000e-01
9.1961e+01 1.2500e+04 0.0000e+00 1.0000e-01 1.2500e+04 0.0000e+00 2.5000e-01
9.2353e+01 1.2500e+04 0.0000e+00 1.0000e-01 1.2500e+04 0.0000e+00 2.5000e-01
9.2745e+01 1.2500e+04 0.0000e+00 1.0000e-01 1.2500e+04 0.0000e+00 2.5000e-01
9.3137e+01 1.2500e+04 0.0000e+00 1.0000e-01 1.2500e+04 0.0000e+00 2.5000e-01
9.3529e+01 1.2500e+04 0.0000e+00 1.0000e-01 1.2500e+04 0.0000e+00 2.5000e-01
9.3922e+01 1.2500e+04 0.0000e+00 1.0000e-01 1.2500e+04 0.0000e+00 2.5000e-01
9.4314e+01 1.2500e+04 0.0000e+00 1.0000e-01 1.2500e+04 0.0000e+00 2.5000e-01
9.4706e+01 1.2500e+04 0.0000e+00 1.0000e-01 1.2500e+04 0.0000e+00 2.5000e-01
9.5098e+01 1.2500e+04 0.0000e+00 1.0000e-01 1.2500e+04 0.0000e+00 2.5000e-01
9.5490e+01 1.2500e+04 0.0000e+00 1.0000e-01 1.2500e+04 0.0000e+00 2.5000e-01
9.5882e+01 1.2500e+04 0.0000e+00 1.0000e-01 1.2500e+04 0.0000e+00 2.5000e-01
9.6275e+01 1.2500e+04 0.0000e+00 1.0000e-01 1.2500e+04 0.0000e+00 2.5000e-01
9.6667e+01 1.2500e+04 0.0000e+00 1.0000e-01 1.2500e+04 0.0000e+00 2.5000e-01
9.7059e+01 1.2500e+04 0.0000e+00 1.0000e-01 1.2500e+04 0.0000e+00 2.5000e-01
9.7451e+01 1.2500e+04 0.0000e+00 1.0000e-01 1.2500e+04 0.0000e+00 2.5000e-01
9.7843e+01 1.2500e+04 0.0000e+00 1.0000e-01 1.2500e+04 0.0000e+00 2.5000e-01
9.8235e+01 1.2500e+04 0.0000e+00 1.0000e-01 1.2500e+04 0.0000e+00 2.5000e-01
9.8627e+01 1.2500e+04 0.0000e+00 1.0000e-01 1.2500e+04 0.0000e+00 2.5000e-01
9.9020e+01 1.2500e+04 0.0000e+00 1.0000e-01 1.2500e+04 0.0000e+00 2.5000e-01
9.9412e+01 1.2500e+04 0.0000e+00 1.0000e-01 1.2500e+04 0.0000e+00 2.5000e-01
9.9804e+01 1.2500e+04 0.0000e+00 1.0000e-01 1.2500e+04 0.0000e+00 2.5000e-01
