# # x Density Velocity Pressure q0 q1 q2
1.9608e-01 1.0000e+05 0.0000e+00 1.0000e+00 1.0000e+05 0.0000e+00 2.5000e+00
5.8824e-01 1.0000e+05 0.0000e+00 1.0000e+00 1.0000e+05 0.0000e+00 2.5000e+00
9.8039e-01 1.0000e+05 0.0000e+00 1.0000e+00 1.0000e+05 0.0000e+00 2.5000e+00
1.3725e+00 1.0000e+05 0.0000e+00 1.0000e+00 1.0000e+05 0.0000e+00 2.5000e+00
1.7647e+00 1.0000e+05 0.0000e+00 1.0000e+00 1.0000e+05 0.0000e+00 2.5000e+00
2.1569e+00 1.0000e+05 0.0000e+00 1.0000e+00 1.0000e+05 0.0000e+00 2.5000e+00
2.5490e+00 1.0000e+05 0.0000e+00 1.0000e+00 1.0000e+05 0.0000e+00 2.5000e+00
2.9412e+00 1.0000e+05 0.0000e+00 1.0000e+00 1.0000e+05 0.0000e+00 2.5000e+00
3.3333e+00 1.0000e+05 0.0000e+00 1.0000e+00 1.0000e+05 0.0000e+00 2.5000e+00
3.7255e+00 1.0000e+05 0.0000e+00 1.0000e+00 1.0000e+05 0.0000e+00 2.5000e+00
4.1176e+00 1.0000e+05 0.0000e+00 1.0000e+00 1.0000e+05 0.0000e+00 2.5000e+00
4.5098e+00 1.0000e+05 0.0000e+00 1.0000e+00 1.0000e+05 0.0000e+00 2.5000e+00
4.9020e+00 1.0000e+05 0.0000e+00 1.0000e+00 1.0000e+05 0.0000e+00 2.5000e+00
5.2941e+00 1.0000e+05 0.0000e+00 1.0000e+00 1.0000e+05 0.0000e+00 2.5000e+00
5.6863e+00 1.0000e+05 0.0000e+00 1.0000e+00 1.0000e+05 0.0000e+00 2.5000e+00
6.0784e+00 1.0000e+05 0.0000e+00 1.0000e+00 1.0000e+05 0.0000e+00 2.5000e+00
6.4706e+00 1.0000e+05 0.0000e+00 1.0000e+00 1.0000e+05 0.0000e+00 2.5000e+00
6.8627e+00 1.0000e+05 0.0000e+00 1.0000e+00 1.0000e+05 0.0000e+00 2.5000e+00
7.2549e+00 1.0000e+05 0.0000e+00 1.0000e+00 1.0000e+05 0.0000e+00 2.5000e+00
7.6471e+00 1.0000e+05 0.0000e+00 1.0000e+00 1.0000e+05 0.0000e+00 2.5000e+00
8.0392e+00 1.0000e+05 0.0000e+00 1.0000e+00 1.0000e+05 0.0000e+00 2.5000e+00
8.4314e+00 1.0000e+05 0.0000e+00 1.0000e+00 1.0000e+05 0.0000e+00 2.5000e+00
8.8235e+00 1.0000e+05 0.0000e+00 1.0000e+00 1.0000e+05 0.0000e+00 2.5000e+00
9.2157e+00 1.0000e+05 0.0000e+00 1.0000e+00 1.0000e+05 0.0000e+00 2.5000e+00
9.6078e+00 1.0000e+05 0.0000e+00 1.0000e+00 1.0000e+05 0.0000e+00 2.5000e+00
1.0000e+01 1.0000e+05 0.0000e+00 1.0000e+00 1.0000e+05 0.0000e+00 2.5000e+00
1.0392e+01 1.0000e+05 0.0000e+00 1.0000e+00 1.0000e+05 0.0000e+00 2.5000e+00
1.0784e+01 1.0000e+05 0.0000e+00 1.0000e+00 1.0000e+05 0.0000e+00 2.5000e+00
1.1176e+01 1.0000e+05 0.0000e+00 1.0000e+00 1.0000e+05 0.0000e+00 2.5000e+00
1.1569e+01 1.0000e+05 0.0000e+00 1.0000e+00 1.0000e+05 0.0000e+00 2.5000e+00
1.1961e+01 1.0000e+05 0.0000e+00 1.0000e+00 1.0000e+05 0.0000e+00 2.5000e+00
1.2353e+01 1.0000e+05 0.0000e+00 1.0000e+00 1.0000e+05 0.0000e+00 2.5000e+00
1.2745e+01 1.0000e+05 0.0000e+00 1.0000e+00 1.0000e+05 0.0000e+00 2.5000e+00
1.3137e+01 1.0000e+05 0.0000e+00 1.0000e+00 1.0000e+05 0.0000e+00 2.5000e+00
1.3529e+01 1.0000e+05 0.0000e+00 1.0000e+00 1.0000e+05 0.0000e+00 2.5000e+00
1.3922e+01 1.0000e+05 0.0000e+00 1.0000e+00 1.0000e+05 0.0000e+00 2.5000e+00
1.4314e+01 1.0000e+05 0.0000e+00 1.0000e+00 1.0000e+05 0.0000e+00 2.5000e+00
1.4706e+01 1.0000e+05 0.0000e+00 1.0000e+00 1.0000e+05 0.0000e+00 2.5000e+00
1.5098e+01 1.0000e+05 0.0000e+00 1.0000e+00 1.0000e+05 0.0000e+00 2.5000e+00
1.5490e+01 1.0000e+05 0.0000e+00 1.0000e+00 1.0000e+05 0.0000e+00 2.5000e+00
1.5882e+01 1.0000e+05 0.0000e+00 1.0000e+00 1.0000e+05 0.0000e+00 2.5000e+00
1.6275e+01 1.0000e+05 0.0000e+00 1.0000e+00 1.0000e+05 0.0000e+00 2.5000e+00
1.6667e+01 1.0000e+05 0.0000e+00 1.0000e+00 1.0000e+05 0.0000e+00 2.5000e+00
1.7059e+01 1.0000e+05 0.0000e+00 1.0000e+00 1.0000e+05 0.0000e+00 2.5000e+00
1.7451e+01 1.0000e+05 0.0000e+00 1.0000e+00 1.0000e+05 0.0000e+00 2.5000e+00
1.7843e+01 1.0000e+05 0.0000e+00 1.0000e+00 1.0000e+05 0.0000e+00 2.5000e+00
1.8235e+01 1.0000e+05 0.0000e+00 1.0000e+00 1.0000e+05 0.0000e+00 2.5000e+00
1.8627e+01 1.0000e+05 0.0000e+00 1.0000e+00 1.0000e+05 0.0000e+00 2.5000e+00
1.9020e+01 1.0000e+05 0.0000e+00 1.0000e+00 1.0000e+05 0.0000e+00 2.5000e+00
1.9412e+01 1.0000e+05 0.0000e+00 1.0000e+00 1.0000e+05 0.0000e+00 2.5000e+00
1.9804e+01 1.0000e+05 5.5772e-20 1.0000e+00 1.0000e+05 5.5772e-15 2.5000e+00
2.0196e+01 1.0000e+05 6.4973e-19 1.0000e+00 1.0000e+05 6.4973e-14 2.5000e+00
2.0588e+01 1.0000e+05 2.5109e-18 1.0000e+00 1.0000e+05 2.5109e-13 2.5000e+00
2.0980e+01 1.0000e+05 5.8300e-18 1.0000e+00 1.0000e+05 5.8300e-13 2.5000e+00
2.1373e+01 1.0000e+05 1.1620e-17 1.0000e+00 1.0000e+05 1.1620e-12 2.5000e+00
2.1765e+01 1.0000e+05 2.2781e-17 1.0000e+00 1.0000e+05 2.2781e-12 2.5000e+00
2.2157e+01 1.0000e+05 4.5526e-17 1.0000e+00 1.0000e+05 4.5526e-12 2.5000e+00
2.2549e+01 1.0000e+05 9.3109e-17 1.0000e+00 1.0000e+05 9.3109e-12 2.5000e+00
2.2941e+01 1.0000e+05 1.9240e-16 1.0000e+00 1.0000e+05 1.9240e-11 2.5000e+00
2.3333e+01 1.0000e+05 3.9910e-16 1.0000e+00 1.0000e+05 3.9910e-11 2.5000e+00
2.3725e+01 1.0000e+05 8.2566e-16 1.0000e+00 1.0000e+05 8.2566e-11 2.5000e+00
2.4118e+01 1.0000e+05 1.6981e-15 1.0000e+00 1.0000e+05 1.6981e-10 2.5000e+00
2.4510e+01 1.0000e+05 3.4659e-15 1.0000e+00 1.0000e+05 3.4659e-10 2.5000e+00
2.4902e+01 1.0000e+05 7.0140e-15 1.0000e+00 1.0000e+05 7.0140e-10 2.5000e+00
2.5294e+01 1.0000e+05 1.4066e-14 1.0000e+00 1.0000e+05 1.4066e-09 2.5000e+00
2.5686e+01 1.0000e+05 2.7948e-14 1.0000e+00 1.0000e+05 2.7948e-09 2.5000e+00
2.6078e+01 1.0000e+05 5.5006e-14 1.0000e+00 1.0000e+05 5.5006e-09 2.5000e+00
2.6471e+01 1.0000e+05 1.0724e-13 1.0000e+00 1.0000e+05 1.0724e-08 2.5000e+00
2.6863e+01 1.0000e+05 2.0708e-13 1.0000e+00 1.0000e+05 2.0708e-08 2.5000e+00
2.7255e+01 1.0000e+05 3.9603e-13 1.0000e+00 1.0000e+05 3.9603e-08 2.5000e+00
2.7647e+01 1.0000e+05 7.5011e-13 1.0000e+00 1.0000e+05 7.5011e-08 2.5000e+00
2.8039e+01 1.0000e+05 1.4070e-12 1.0000e+00 1.0000e+05 1.4070e-07 2.5000e+00
2.8431e+01 1.0000e+05 2.6137e-12 1.0000e+00 1.0000e+05 2.6137e-07 2.5000e+00
2.8824e+01 1.0000e+05 4.8078e-12 1.0000e+00 1.0000e+05 4.8078e-07 2.5000e+00
2.9216e+01 1.0000e+05 8.7571e-12 1.0000e+00 1.0000e+05 8.7571e-07 2.5000e+00
2.9608e+01 1.0000e+05 1.5794e-11 1.0000e+00 1.0000e+05 1.5794e-06 2.5000e+00
3.0000e+01 1.0000e+05 2.8203e-11 1.0000e+00 1.0000e+05 2.8203e-06 2.5000e+00
3.0392e+01 1.0000e+05 4.9864e-11 1.0000e+00 1.0000e+05 4.9864e-06 2.5000e+00
3.0784e+01 1.0000e+05 8.7283e-11 1.0000e+00 1.0000e+05 8.7283e-06 2.5000e+00
3.1176e+01 1.0000e+05 1.5126e-10 1.0000e+00 1.0000e+05 1.5126e-05 2.5000e+00
3.1569e+01 1.0000e+05 2.5949e-10 1.0000e+00 1.0000e+05 2.5949e-05 2.5000e+00
3.1961e+01 1.0000e+05 4.4070e-10 1.0000e+00 1.0000e+05 4.4070e-05 2.5000e+00
3.2353e+01 1.0000e+05 7.4088e-10 1.0000e+00 1.0000e+05 7.4088e-05 2.5000e+00
3.2745e+01 1.0000e+05 1.2329e-09 1.0000e+00 1.0000e+05 1.2329e-04 2.5000e+00
3.3137e+01 1.0000e+05 2.0308e-09 9.9999e-01 1.0000e+05 2.0308e-04 2.5000e+00
3.3529e+01 1.0000e+05 3.3110e-09 9.9999e-01 1.0000e+05 3.3110e-04 2.5000e+00
3.3922e+01 1.0000e+05 5.3430e-09 9.9998e-01 1.0000e+05 5.3430e-04 2.5000e+00
3.4314e+01 1.0000e+05 8.5336e-09 9.9998e-01 1.0000e+05 8.5336e-04 2.4999e+00
3.4706e+01 1.0000e+05 1.3489e-08 9.9996e-01 1.0000e+05 1.3489e-03 2.4999e+00
3.5098e+01 1.0000e+05 2.1102e-08 9.9994e-01 1.0000e+05 2.1102e-03 2.4999e+00
3.5490e+01 1.0000e+05 3.2670e-08 9.9991e-01 1.0000e+05 3.2670e-03 2.4998e+00
3.5882e+01 1.0000e+05 5.0054e-08 9.9987e-01 1.0000e+05 5.0054e-03 2.4997e+00
3.6275e+01 1.0000e+05 7.5892e-08 9.9981e-01 1.0000e+05 7.5891e-03 2.4995e+00
3.6667e+01 1.0000e+05 1.1387e-07 9.9971e-01 1.0000e+05 1.1387e-02 2.4993e+00
3.7059e+01 9.9999e+04 1.6906e-07 9.9959e-01 9.9999e+04 1.6906e-02 2.4990e+00
3.7451e+01 9.9999e+04 2.4838e-07 9.9941e-01 9.9999e+04 2.4838e-02 2.4985e+00
3.7843e+01 9.9998e+04 3.6109e-07 9.9916e-01 9.9998e+04 3.6109e-02 2.4979e+00
3.8235e+01 9.9998e+04 5.1944e-07 9.9882e-01 9.9998e+04 5.1943e-02 2.4970e+00
3.8627e+01 9.9997e+04 7.3938e-07 9.9836e-01 9.9997e+04 7.3936e-02 2.4959e+00
3.9020e+01 9.9995e+04 1.0414e-06 9.9775e-01 9.9995e+04 1.0413e-01 2.4944e+00
3.9412e+01 9.9993e+04 1.4513e-06 9.9695e-01 9.9993e+04 1.4512e-01 2.4924e+00
3.9804e+01 9.9990e+04 2.0014e-06 9.9590e-01 9.9990e+04 2.0012e-01 2.4898e+00
4.0196e+01 9.9986e+04 2.7311e-06 9.9457e-01 9.9986e+04 2.7307e-01 2.4864e+00
4.0588e+01 9.9981e+04 3.6876e-06 9.9288e-01 9.9981e+04 3.6869e-01 2.4822e+00
4.0980e+01 9.9974e+04 4.9272e-06 9.9077e-01 9.9974e+04 4.9260e-01 2.4769e+00
4.1373e+01 9.9965e+04 6.5150e-06 9.8816e-01 9.9965e+04 6.5128e-01 2.4704e+00
4.1765e+01 9.9953e+04 8.5254e-06 9.8499e-01 9.9953e+04 8.5214e-01 2.4625e+00
4.2157e+01 9.9938e+04 1.1041e-05 9.8119e-01 9.9938e+04 1.1035e+00 2.4530e+00
4.2549e+01 9.9918e+04 1.4154e-05 9.7668e-01 9.9918e+04 1.4143e+00 2.4417e+00
4.2941e+01 9.9893e+04 1.7962e-05 9.7139e-01 9.9893e+04 1.7943e+00 2.4285e+00
4.3333e+01 9.9862e+04 2.2567e-05 9.6529e-01 9.9862e+04 2.2536e+00 2.4133e+00
4.3725e+01 9.9823e+04 2.8075e-05 9.5833e-01 9.9823e+04 2.8025e+00 2.3959e+00
4.4118e+01 9.9776e+04 3.4591e-05 9.5049e-01 9.9776e+04 3.4513e+00 2.3763e+00
4.4510e+01 9.9718e+04 4.2218e-05 9.4176e-01 9.9718e+04 4.2099e+00 2.3545e+00
4.4902e+01 9.9648e+04 5.1053e-05 9.3216e-01 9.9648e+04 5.0874e+00 2.3305e+00
4.5294e+01 9.9566e+04 6.1185e-05 9.2171e-01 9.9566e+04 6.0919e+00 2.3045e+00
4.5686e+01 9.9468e+04 7.2691e-05 9.1046e-01 9.9468e+04 7.2304e+00 2.2764e+00
4.6078e+01 9.9353e+04 8.5641e-05 8.9849e-01 9.9353e+04 8.5087e+00 2.2466e+00
4.6471e+01 9.9219e+04 1.0006e-04 8.8584e-01 9.9219e+04 9.9279e+00 2.2151e+00
4.6863e+01 9.9069e+04 1.1613e-04 8.7268e-01 9.9069e+04 1.1505e+01 2.1824e+00
4.7255e+01 9.8877e+04 1.3306e-04 8.5881e-01 9.8877e+04 1.3156e+01 2.1479e+00
4.7647e+01 9.8754e+04 1.5475e-04 8.4570e-01 9.8754e+04 1.5282e+01 2.1154e+00
4.8039e+01 9.8245e+04 1.6535e-04 8.2806e-01 9.8245e+04 1.6245e+01 2.0715e+00
4.8431e+01 9.8852e+04 2.1702e-04 8.2376e-01 9.8852e+04 2.1452e+01 2.0617e+00
4.8824e+01 9.6675e+04 1.7417e-04 7.8747e-01 9.6675e+04 1.6838e+01 1.9701e+00
4.9216e+01 9.8650e+04 2.9416e-04 8.0493e-01 9.8650e+04 2.9019e+01 2.0166e+00
4.9608e+01 1.0642e+05 2.4726e-04 7.6682e-01 1.0642e+05 2.6314e+01 1.9203e+00
5.0000e+01 1.6380e+04 3.0502e-04 7.6964e-01 1.6380e+04 4.9962e+00 1.9249e+00
5.0392e+01 1.0649e+04 4.0980e-04 7.6558e-01 1.0649e+04 4.3641e+00 1.9148e+00
5.0784e+01 1.0713e+04 5.0964e-04 7.5836e-01 1.0713e+04 5.4597e+00 1.8973e+00
5.1176e+01 1.1331e+04 6.1871e-04 7.5511e-01 1.1331e+04 7.0106e+00 1.8900e+00
5.1569e+01 1.1840e+04 9.1697e-04 7.7647e-01 1.1840e+04 1.0857e+01 1.9461e+00
5.1961e+01 1.2434e+04 1.1738e-03 7.9644e-01 1.2434e+04 1.4594e+01 1.9997e+00
5.2353e+01 1.2678e+04 1.3373e-03 8.0825e-01 1.2678e+04 1.6954e+01 2.0320e+00
5.2745e+01 1.2839e+04 1.3678e-03 8.0567e-01 1.2839e+04 1.7561e+01 2.0262e+00
5.3137e+01 1.2825e+04 1.3720e-03 8.0120e-01 1.2825e+04 1.7596e+01 2.0151e+00
5.3529e+01 1.2859e+04 1.3534e-03 7.9440e-01 1.2859e+04 1.7403e+01 1.9978e+00
5.3922e+01 1.2838e+04 1.3460e-03 7.8860e-01 1.2838e+04 1.7280e+01 1.9831e+00
5.4314e+01 1.2855e+04 1.3279e-03 7.8138e-01 1.2855e+04 1.7071e+01 1.9648e+00
5.4706e+01 1.2843e+04 1.3160e-03 7.7452e-01 1.2843e+04 1.6901e+01 1.9474e+00
5.5098e+01 1.2850e+04 1.2977e-03 7.6670e-01 1.2850e+04 1.6675e+01 1.9276e+00
5.5490e+01 1.2842e+04 1.2823e-03 7.5888e-01 1.2842e+04 1.6467e+01 1.9078e+00
5.5882e+01 1.2844e+04 1.2630e-03 7.5037e-01 1.2844e+04 1.6222e+01 1.8862e+00
5.6275e+01 1.2838e+04 1.2450e-03 7.4166e-01 1.2838e+04 1.5983e+01 1.8641e+00
5.6667e+01 1.2836e+04 1.2245e-03 7.3243e-01 1.2836e+04 1.5718e+01 1.8407e+00
5.7059e+01 1.2830e+04 1.2043e-03 7.2290e-01 1.2830e+04 1.5452e+01 1.8166e+00
5.7451e+01 1.2827e+04 1.1824e-03 7.1292e-01 1.2827e+04 1.5166e+01 1.7913e+00
5.7843e+01 1.2821e+04 1.1602e-03 7.0259e-01 1.2821e+04 1.4875e+01 1.7651e+00
5.8235e+01 1.2816e+04 1.1368e-03 6.9181e-01 1.2816e+04 1.4569e+01 1.7378e+00
5.8627e+01 1.2810e+04 1.1127e-03 6.8063e-01 1.2810e+04 1.4253e+01 1.7095e+00
5.9020e+01 1.2803e+04 1.0875e-03 6.6897e-01 1.2803e+04 1.3924e+01 1.6800e+00
5.9412e+01 1.2796e+04 1.0614e-03 6.5683e-01 1.2796e+04 1.3582e+01 1.6493e+00
5.9804e+01 1.2789e+04 1.0342e-03 6.4415e-01 1.2789e+04 1.3227e+01 1.6172e+00
6.0196e+01 1.2781e+04 1.0060e-03 6.3091e-01 1.2781e+04 1.2858e+01 1.5837e+00
6.0588e+01 1.2773e+04 9.7656e-04 6.1704e-01 1.2773e+04 1.2474e+01 1.5487e+00
6.0980e+01 1.2765e+04 9.4595e-04 6.0251e-01 1.2765e+04 1.2075e+01 1.5120e+00
6.1373e+01 1.2756e+04 9.1405e-04 5.8727e-01 1.2756e+04 1.1659e+01 1.4735e+00
6.1765e+01 1.2746e+04 8.8084e-04 5.7127e-01 1.2746e+04 1.1227e+01 1.4331e+00
6.2157e+01 1.2736e+04 8.4625e-04 5.5447e-01 1.2736e+04 1.0778e+01 1.3907e+00
6.2549e+01 1.2726e+04 8.1023e-04 5.3680e-01 1.2726e+04 1.0311e+01 1.3462e+00
6.2941e+01 1.2715e+04 7.7274e-04 5.1824e-01 1.2715e+04 9.8254e+00 1.2994e+00
6.3333e+01 1.2704e+04 7.3372e-04 4.9872e-01 1.2704e+04 9.3211e+00 1.2502e+00
6.3725e+01 1.2692e+04 6.9312e-04 4.7820e-01 1.2692e+04 8.7973e+00 1.1985e+00
6.4118e+01 1.2680e+04 6.5091e-04 4.5662e-01 1.2680e+04 8.2535e+00 1.1442e+00
6.4510e+01 1.2667e+04 6.0702e-04 4.3393e-01 1.2667e+04 7.6894e+00 1.0872e+00
6.4902e+01 1.2654e+04 5.6140e-04 4.1009e-01 1.2654e+04 7.1042e+00 1.0272e+00
6.5294e+01 1.2641e+04 5.1400e-04 3.8501e-01 1.2641e+04 6.4975e+00 9.6421e-01
6.5686e+01 1.2627e+04 4.6475e-04 3.5866e-01 1.2627e+04 5.8684e+00 8.9800e-01
6.6078e+01 1.2613e+04 4.1358e-04 3.3093e-01 1.2613e+04 5.2163e+00 8.2841e-01
6.6471e+01 1.2598e+04 3.6040e-04 3.0177e-01 1.2598e+04 4.5402e+00 7.5524e-01
6.6863e+01 1.2582e+04 3.0522e-04 2.7111e-01 1.2582e+04 3.8404e+00 6.7837e-01
6.7255e+01 1.2567e+04 2.4834e-04 2.3910e-01 1.2567e+04 3.1209e+00 5.9813e-01
6.7647e+01 1.2551e+04 1.9092e-04 2.0636e-01 1.2551e+04 2.3963e+00 5.1614e-01
6.8039e+01 1.2537e+04 1.3569e-04 1.7463e-01 1.2537e+04 1.7011e+00 4.3669e-01
6.8431e+01 1.2524e+04 8.7102e-05 1.4681e-01 1.2524e+04 1.0908e+00 3.6708e-01
6.8824e+01 1.2514e+04 4.9615e-05 1.2582e-01 1.2514e+04 6.2087e-01 3.1455e-01
6.9216e+01 1.2507e+04 2.5001e-05 1.1256e-01 1.2507e+04 3.1269e-01 2.8140e-01
6.9608e+01 1.2503e+04 1.1320e-05 1.0552e-01 1.2503e+04 1.4154e-01 2.6381e-01
7.0000e+01 1.2501e+04 4.7411e-06 1.0227e-01 1.2501e+04 5.9270e-02 2.5568e-01
7.0392e+01 1.2501e+04 1.8930e-06 1.0090e-01 1.2501e+04 2.3664e-02 2.5225e-01
7.0784e+01 1.2500e+04 7.3654e-07 1.0035e-01 1.2500e+04 9.2069e-03 2.5087e-01
7.1176e+01 1.2500e+04 2.8270e-07 1.0013e-01 1.2500e+04 3.5338e-03 2.5034e-01
7.1569e+01 1.2500e+04 1.0765e-07 1.0005e-01 1.2500e+04 1.3456e-03 2.5013e-01
7.1961e+01 1.2500e+04 4.0765e-08 1.0002e-01 1.2500e+04 5.0957e-04 2.5005e-01
7.2353e+01 1.2500e+04 1.5366e-08 1.0001e-01 1.2500e+04 1.9208e-04 2.5002e-01
7.2745e+01 1.2500e+04 5.7674e-09 1.0000e-01 1.2500e+04 7.2093e-05 2.5001e-01
7.3137e+01 1.2500e+04 2.1557e-09 1.0000e-01 1.2500e+04 2.6947e-05 2.5000e-01
7.3529e+01 1.2500e+04 8.0242e-10 1.0000e-01 1.2500e+04 1.0030e-05 2.5000e-01
7.3922e+01 1.2500e+04 2.9745e-10 1.0000e-01 1.2500e+04 3.7181e-06 2.5000e-01
7.4314e+01 1.2500e+04 1.0980e-10 1.0000e-01 1.2500e+04 1.3725e-06 2.5000e-01
7.4706e+01 1.2500e+04 4.0360e-11 1.0000e-01 1.2500e+04 5.0450e-07 2.5000e-01
7.5098e+01 1.2500e+04 1.4773e-11 1.0000e-01 1.2500e+04 1.8466e-07 2.5000e-01
7.5490e+01 1.2500e+04 5.3843e-12 1.0000e-01 1.2500e+04 6.7304e-08 2.5000e-01
7.5882e+01 1.2500e+04 1.9540e-12 1.0000e-01 1.2500e+04 2.4425e-08 2.5000e-01
7.6275e+01 1.2500e+04 7.0603e-13 1.0000e-01 1.2500e+04 8.8254e-09 2.5000e-01
7.6667e+01 1.2500e+04 2.5400e-13 1.0000e-01 1.2500e+04 3.1750e-09 2.5000e-01
7.7059e+01 1.2500e+04 9.0974e-14 1.0000e-01 1.2500e+04 1.1372e-09 2.5000e-01
7.7451e+01 1.2500e+04 3.2439e-14 1.0000e-01 1.2500e+04 4.0549e-10 2.5000e-01
7.7843e+01 1.2500e+04 1.1515e-14 1.0000e-01 1.2500e+04 1.4394e-10 2.5000e-01
7.8235e+01 1.2500e+04 4.0680e-15 1.0000e-01 1.2500e+04 5.0850e-11 2.5000e-01
7.8627e+01 1.2500e+04 1.4296e-15 1.0000e-01 1.2500e+04 1.7870e-11 2.5000e-01
7.9020e+01 1.2500e+04 4.9922e-16 1.0000e-01 1.2500e+04 6.2403e-12 2.5000e-01
7.9412e+01 1.2500e+04 1.7260e-16 1.0000e-01 1.2500e+04 2.1575e-12 2.5000e-01
7.9804e+01 1.2500e+04 5.8395e-17 1.0000e-01 1.2500e+04 7.2994e-13 2.5000e-01
8.0196e+01 1.2500e+04 1.8862e-17 1.0000e-01 1.2500e+04 2.3577e-13 2.5000e-01
8.0588e+01 1.2500e+04 5.3020e-18 1.0000e-01 1.2500e+04 6.6275e-14 2.5000e-01
8.0980e+01 1.2500e+04 9.6794e-19 1.0000e-01 1.2500e+04 1.2099e-14 2.5000e-01
8.1373e+01 1.2500e+04 2.0384e-20 1.0000e-01 1.2500e+04 2.5480e-16 2.5000e-01
8.1765e+01 1.2500e+04 0.0000e+00 1.0000e-01 1.2500e+04 0.0000e+00 2.5000e-01
8.2157e+01 1.2500e+04 0.0000e+00 1.0000e-01 1.2500e+04 0.0000e+00 2.5000e-01
8.2549e+01 1.2500e+04 0.0000e+00 1.0000e-01 1.2500e+04 0.0000e+00 2.5000e-01
8.2941e+01 1.2500e+04 0.0000e+00 1.0000e-01 1.2500e+04 0.0000e+00 2.5000e-01
8.3333e+01 1.2500e+04 0.0000e+00 1.0000e-01 1.2500e+04 0.0000e+00 2.5000e-01
8.3725e+01 1.2500e+04 0.0000e+00 1.0000e-01 1.2500e+04 0.0000e+00 2.5000e-01
8.4118e+01 1.2500e+04 0.0000e+00 1.0000e-01 1.2500e+04 0.0000e+00 2.5000e-01
8.4510e+01 1.2500e+04 0.0000e+00 1.0000e-01 1.2500e+04 0.0000e+00 2.5000e-01
8.4902e+01 1.2500e+04 0.0000e+00 1.0000e-01 1.2500e+04 0.0000e+00 2.5000e-01
8.5294e+01 1.2500e+04 0.0000e+00 1.0000e-01 1.2500e+04 0.0000e+00 2.5000e-01
8.5686e+01 1.2500e+04 0.0000e+00 1.0000e-01 1.2500e+04 0.0000e+00 2.5000e-01
8.6078e+01 1.2500e+04 0.0000e+00 1.0000e-01 1.2500e+04 0.0000e+00 2.5000e-01
8.6471e+01 1.2500e+04 0.0000e+00 1.0000e-01 1.2500e+04 0.0000e+00 2.5000e-01
8.6863e+01 1.2500e+04 0.0000e+00 1.0000e-01 1.2500e+04 0.0000e+00 2.5000e-01
8.7255e+01 1.2500e+04 0.0000e+00 1.0000e-01 1.2500e+04 0.0000e+00 2.5000e-01
8.7647e+01 1.2500e+04 0.0000e+00 1.0000e-01 1.2500e+04 0.0000e+00 2.5000e-01
8.8039e+01 1.2500e+04 0.0000e+00 1.0000e-01 1.2500e+04 0.0000e+00 2.5000e-01
8.8431e+01 1.2500e+04 0.0000e+00 1.0000e-01 1.2500e+04 0.0000e+00 2.5000e-01
8.8824e+01 1.2500e+04 0.0000e+00 1.0000e-01 1.2500e+04 0.0000e+00 2.5000e-01
8.9216e+01 1.2500e+04 0.0000e+00 1.0000e-01 1.2500e+04 0.0000e+00 2.5000e-01
8.9608e+01 1.2500e+04 0.0000e+00 1.0000e-01 1.2500e+04 0.0000e+00 2.5000e-01
9.0000e+01 1.2500e+04 0.0000e+00 1.0000e-01 1.2500e+04 0.0000e+00 2.5000e-01
9.0392e+01 1.2500e+04 0.0000e+00 1.0000e-01 1.2500e+04 0.0000e+00 2.5000e-01
9.0784e+01 1.2500e+04 0.0000e+00 1.0000e-01 1.2500e+04 0.0000e+00 2.5000e-01
9.1176e+01 1.2500e+04 0.0000e+00 1.0000e-01 1.2500e+04 0.0000e+00 2.5000e-01
9.1569e+01 1.2500e+04 0.0000e+00 1.0000e-01 1.2500e+04 0.0000e+00 2.5000e-01
9.1961e+01 1.2500e+04 0.0000e+00 1.0000e-01 1.2500e+04 0.0000e+00 2.5000e-01
9.2353e+01 1.2500e+04 0.0000e+00 1.0000e-01 1.2500e+04 0.0000e+00 2.5000e-01
9.2745e+01 1.2500e+04 0.0000e+00 1.0000e-01 1.2500e+04 0.0000e+00 2.5000e-01
9.3137e+01 1.2500e+04 0.0000e+00 1.0000e-01 1.2500e+04 0.0000e+00 2.5000e-01
9.3529e+01 1.2500e+04 0.0000e+00 1.0000e-01 1.2500e+04 0.0000e+00 2.5000e-01
9.3922e+01 1.2500e+04 0.0000e+00 1.0000e-01 1.2500e+04 0.0000e+00 2.5000e-01
9.4314e+01 1.2500e+04 0.0000e+00 1.0000e-01 1.2500e+04 0.0000e+00 2.5000e-01
9.4706e+01 1.2500e+04 0.0000e+00 1.0000e-01 1.2500e+04 0.0000e+00 2.5000e-01
9.5098e+01 1.2500e+04 0.0000e+00 1.0000e-01 1.2500e+04 0.0000e+00 2.5000e-01
9.5490e+01 1.2500e+04 0.0000e+00 1.0000e-01 1.2500e+04 0.0000e+00 2.5000e-01
9.5882e+01 1.2500e+04 0.0000e+00 1.0000e-01 1.2500e+04 0.0000e+00 2.5000e-01
9.6275e+01 1.2500e+04 0.0000e+00 1.0000e-01 1.2500e+04 0.0000e+00 2.5000e-01
9.6667e+01 1.2500e+04 0.0000e+00 1.0000e-01 1.2500e+04 0.0000e+00 2.5000e-01
9.7059e+01 1.2500e+04 0.0000e+00 1.0000e-01 1.2500e+04 0.0000e+00 2.5000e-01
9.7451e+01 1.2500e+04 0.0000e+00 1.0000e-01 1.2500e+04 0.0000e+00 2.5000e-01
9.7843e+01 1.2500e+04 0.0000e+00 1.0000e-01 1.2500e+04 0.0000e+00 2.5000e-01
9.8235e+01 1.2500e+04 0.0000e+00 1.0000e-01 1.2500e+04 0.0000e+00 2.5000e-01
9.8627e+01 1.2500e+04 0.0000e+00 1.0000e-01 1.2500e+04 0.0000e+00 2.5000e-01
9.9020e+01 1.2500e+04 0.0000e+00 1.0000e-01 1.2500e+04 0.0000e+00 2.5000e-01
9.9412e+01 1.2500e+04 0.0000e+00 1.0000e-01 1.2500e+04 0.0000e+00 2.5000e-01
9.9804e+01 1.2500e+04 0.0000e+00 1.0000e-01 1.2500e+04 0.0000e+00 2.5000e-01
