# # x Density Velocity Pressure q0 q1 q2
1.9608e-01 1.0000e+05 0.0000e+00 1.0000e+00 1.0000e+05 0.0000e+00 2.5000e+00
5.8824e-01 1.0000e+05 0.0000e+00 1.0000e+00 1.0000e+05 0.0000e+00 2.5000e+00
9.8039e-01 1.0000e+05 0.0000e+00 1.0000e+00 1.0000e+05 0.0000e+00 2.5000e+00
1.3725e+00 1.0000e+05 0.0000e+00 1.0000e+00 1.0000e+05 0.0000e+00 2.5000e+00
1.7647e+00 1.0000e+05 0.0000e+00 1.0000e+00 1.0000e+05 0.0000e+00 2.5000e+00
2.1569e+00 1.0000e+05 0.0000e+00 1.0000e+00 1.0000e+05 0.0000e+00 2.5000e+00
2.5490e+00 1.0000e+05 0.0000e+00 1.0000e+00 1.0000e+05 0.0000e+00 2.5000e+00
2.9412e+00 1.0000e+05 0.0000e+00 1.0000e+00 1.0000e+05 0.0000e+00 2.5000e+00
3.3333e+00 1.0000e+05 0.0000e+00 1.0000e+00 1.0000e+05 0.0000e+00 2.5000e+00
3.7255e+00 1.0000e+05 0.0000e+00 1.0000e+00 1.0000e+05 0.0000e+00 2.5000e+00
4.1176e+00 1.0000e+05 0.0000e+00 1.0000e+00 1.0000e+05 0.0000e+00 2.5000e+00
4.5098e+00 1.0000e+05 0.0000e+00 1.0000e+00 1.0000e+05 0.0000e+00 2.5000e+00
4.9020e+00 1.0000e+05 0.0000e+00 1.0000e+00 1.0000e+05 0.0000e+00 2.5000e+00
5.2941e+00 1.0000e+05 0.0000e+00 1.0000e+00 1.0000e+05 0.0000e+00 2.5000e+00
5.6863e+00 1.0000e+05 0.0000e+00 1.0000e+00 1.0000e+05 0.0000e+00 2.5000e+00
6.0784e+00 1.0000e+05 0.0000e+00 1.0000e+00 1.0000e+05 0.0000e+00 2.5000e+00
6.4706e+00 1.0000e+05 0.0000e+00 1.0000e+00 1.0000e+05 0.0000e+00 2.5000e+00
6.8627e+00 1.0000e+05 0.0000e+00 1.0000e+00 1.0000e+05 0.0000e+00 2.5000e+00
7.2549e+00 1.0000e+05 0.0000e+00 1.0000e+00 1.0000e+05 0.0000e+00 2.5000e+00
7.6471e+00 1.0000e+05 0.0000e+00 1.0000e+00 1.0000e+05 0.0000e+00 2.5000e+00
8.0392e+00 1.0000e+05 0.0000e+00 1.0000e+00 1.0000e+05 0.0000e+00 2.5000e+00
8.4314e+00 1.0000e+05 0.0000e+00 1.0000e+00 1.0000e+05 0.0000e+00 2.5000e+00
8.8235e+00 1.0000e+05 0.0000e+00 1.0000e+00 1.0000e+05 0.0000e+00 2.5000e+00
9.2157e+00 1.0000e+05 0.0000e+00 1.0000e+00 1.0000e+05 0.0000e+00 2.5000e+00
9.6078e+00 1.0000e+05 0.0000e+00 1.0000e+00 1.0000e+05 0.0000e+00 2.5000e+00
1.0000e+01 1.0000e+05 0.0000e+00 1.0000e+00 1.0000e+05 0.0000e+00 2.5000e+00
1.0392e+01 1.0000e+05 0.0000e+00 1.0000e+00 1.0000e+05 0.0000e+00 2.5000e+00
1.0784e+01 1.0000e+05 0.0000e+00 1.0000e+00 1.0000e+05 0.0000e+00 2.5000e+00
1.1176e+01 1.0000e+05 0.0000e+00 1.0000e+00 1.0000e+05 0.0000e+00 2.5000e+00
1.1569e+01 1.0000e+05 0.0000e+00 1.0000e+00 1.0000e+05 0.0000e+00 2.5000e+00
1.1961e+01 1.0000e+05 0.0000e+00 1.0000e+00 1.0000e+05 0.0000e+00 2.5000e+00
1.2353e+01 1.0000e+05 0.0000e+00 1.0000e+00 1.0000e+05 0.0000e+00 2.5000e+00
1.2745e+01 1.0000e+05 0.0000e+00 1.0000e+00 1.0000e+05 0.0000e+00 2.5000e+00
1.3137e+01 1.0000e+05 0.0000e+00 1.0000e+00 1.0000e+05 0.0000e+00 2.5000e+00
1.3529e+01 1.0000e+05 0.0000e+00 1.0000e+00 1.0000e+05 0.0000e+00 2.5000e+00
1.3922e+01 1.0000e+05 0.0000e+00 1.0000e+00 1.0000e+05 0.0000e+00 2.5000e+00
1.4314e+01 1.0000e+05 0.0000e+00 1.0000e+00 1.0000e+05 0.0000e+00 2.5000e+00
1.4706e+01 1.0000e+05 0.0000e+00 1.0000e+00 1.0000e+05 0.0000e+00 2.5000e+00
1.5098e+01 1.0000e+05 0.0000e+00 1.0000e+00 1.0000e+05 0.0000e+00 2.5000e+00
1.5490e+01 1.0000e+05 0.0000e+00 1.0000e+00 1.0000e+05 0.0000e+00 2.5000e+00
1.5882e+01 1.0000e+05 0.0000e+00 1.0000e+00 1.0000e+05 0.0000e+00 2.5000e+00
1.6275e+01 1.0000e+05 0.0000e+00 1.0000e+00 1.0000e+05 0.0000e+00 2.5000e+00
1.6667e+01 1.0000e+05 0.0000e+00 1.0000e+00 1.0000e+05 0.0000e+00 2.5000e+00
1.7059e+01 1.0000e+05 0.0000e+00 1.0000e+00 1.0000e+05 0.0000e+00 2.5000e+00
1.7451e+01 1.0000e+05 0.0000e+00 1.0000e+00 1.0000e+05 0.0000e+00 2.5000e+00
1.7843e+01 1.0000e+05 0.0000e+00 1.0000e+00 1.0000e+05 0.0000e+00 2.5000e+00
1.8235e+01 1.0000e+05 0.0000e+00 1.0000e+00 1.0000e+05 0.0000e+00 2.5000e+00
1.8627e+01 1.0000e+05 0.0000e+00 1.0000e+00 1.0000e+05 0.0000e+00 2.5000e+00
1.9020e+01 1.0000e+05 0.0000e+00 1.0000e+00 1.0000e+05 0.0000e+00 2.5000e+00
1.9412e+01 1.0000e+05 0.0000e+00 1.0000e+00 1.0000e+05 0.0000e+00 2.5000e+00
1.9804e+01 1.0000e+05 2.2224e-19 1.0000e+00 1.0000e+05 2.2224e-14 2.5000e+00
2.0196e+01 1.0000e+05 1.3380e-18 1.0000e+00 1.0000e+05 1.3380e-13 2.5000e+00
2.0588e+01 1.0000e+05 3.8245e-18 1.0000e+00 1.0000e+05 3.8245e-13 2.5000e+00
2.0980e+01 1.0000e+05 8.0790e-18 1.0000e+00 1.0000e+05 8.0790e-13 2.5000e+00
2.1373e+01 1.0000e+05 1.5778e-17 1.0000e+00 1.0000e+05 1.5778e-12 2.5000e+00
2.1765e+01 1.0000e+05 3.0948e-17 1.0000e+00 1.0000e+05 3.0948e-12 2.5000e+00
2.2157e+01 1.0000e+05 6.2341e-17 1.0000e+00 1.0000e+05 6.2341e-12 2.5000e+00
2.2549e+01 1.0000e+05 1.2772e-16 1.0000e+00 1.0000e+05 1.2772e-11 2.5000e+00
2.2941e+01 1.0000e+05 2.6346e-16 1.0000e+00 1.0000e+05 2.6346e-11 2.5000e+00
2.3333e+01 1.0000e+05 5.4390e-16 1.0000e+00 1.0000e+05 5.4390e-11 2.5000e+00
2.3725e+01 1.0000e+05 1.1182e-15 1.0000e+00 1.0000e+05 1.1182e-10 2.5000e+00
2.4118e+01 1.0000e+05 2.2837e-15 1.0000e+00 1.0000e+05 2.2837e-10 2.5000e+00
2.4510e+01 1.0000e+05 4.6269e-15 1.0000e+00 1.0000e+05 4.6269e-10 2.5000e+00
2.4902e+01 1.0000e+05 9.2933e-15 1.0000e+00 1.0000e+05 9.2933e-10 2.5000e+00
2.5294e+01 1.0000e+05 1.8497e-14 1.0000e+00 1.0000e+05 1.8497e-09 2.5000e+00
2.5686e+01 1.0000e+05 3.6476e-14 1.0000e+00 1.0000e+05 3.6476e-09 2.5000e+00
2.6078e+01 1.0000e+05 7.1260e-14 1.0000e+00 1.0000e+05 7.1260e-09 2.5000e+00
2.6471e+01 1.0000e+05 1.3791e-13 1.0000e+00 1.0000e+05 1.3791e-08 2.5000e+00
2.6863e+01 1.0000e+05 2.6436e-13 1.0000e+00 1.0000e+05 2.6436e-08 2.5000e+00
2.7255e+01 1.0000e+05 5.0195e-13 1.0000e+00 1.0000e+05 5.0195e-08 2.5000e+00
2.7647e+01 1.0000e+05 9.4400e-13 1.0000e+00 1.0000e+05 9.4400e-08 2.5000e+00
2.8039e+01 1.0000e+05 1.7583e-12 1.0000e+00 1.0000e+05 1.7583e-07 2.5000e+00
2.8431e+01 1.0000e+05 3.2436e-12 1.0000e+00 1.0000e+05 3.2436e-07 2.5000e+00
2.8824e+01 1.0000e+05 5.9256e-12 1.0000e+00 1.0000e+05 5.9256e-07 2.5000e+00
2.9216e+01 1.0000e+05 1.0720e-11 1.0000e+00 1.0000e+05 1.0720e-06 2.5000e+00
2.9608e+01 1.0000e+05 1.9205e-11 1.0000e+00 1.0000e+05 1.9205e-06 2.5000e+00
3.0000e+01 1.0000e+05 3.4070e-11 1.0000e+00 1.0000e+05 3.4070e-06 2.5000e+00
3.0392e+01 1.0000e+05 5.9847e-11 1.0000e+00 1.0000e+05 5.9847e-06 2.5000e+00
3.0784e+01 1.0000e+05 1.0409e-10 1.0000e+00 1.0000e+05 1.0409e-05 2.5000e+00
3.1176e+01 1.0000e+05 1.7925e-10 1.0000e+00 1.0000e+05 1.7925e-05 2.5000e+00
3.1569e+01 1.0000e+05 3.0560e-10 1.0000e+00 1.0000e+05 3.0560e-05 2.5000e+00
3.1961e+01 1.0000e+05 5.1584e-10 1.0000e+00 1.0000e+05 5.1584e-05 2.5000e+00
3.2353e+01 1.0000e+05 8.6201e-10 1.0000e+00 1.0000e+05 8.6201e-05 2.5000e+00
3.2745e+01 1.0000e+05 1.4260e-09 1.0000e+00 1.0000e+05 1.4260e-04 2.5000e+00
3.3137e+01 1.0000e+05 2.3353e-09 9.9999e-01 1.0000e+05 2.3353e-04 2.5000e+00
3.3529e+01 1.0000e+05 3.7858e-09 9.9999e-01 1.0000e+05 3.7858e-04 2.5000e+00
3.3922e+01 1.0000e+05 6.0749e-09 9.9998e-01 1.0000e+05 6.0749e-04 2.5000e+00
3.4314e+01 1.0000e+05 9.6493e-09 9.9997e-01 1.0000e+05 9.6493e-04 2.4999e+00
3.4706e+01 1.0000e+05 1.5171e-08 9.9996e-01 1.0000e+05 1.5171e-03 2.4999e+00
3.5098e+01 1.0000e+05 2.3607e-08 9.9994e-01 1.0000e+05 2.3607e-03 2.4998e+00
3.5490e+01 1.0000e+05 3.6360e-08 9.9990e-01 1.0000e+05 3.6360e-03 2.4998e+00
3.5882e+01 1.0000e+05 5.5426e-08 9.9986e-01 1.0000e+05 5.5426e-03 2.4996e+00
3.6275e+01 1.0000e+05 8.3621e-08 9.9979e-01 1.0000e+05 8.3620e-03 2.4995e+00
3.6667e+01 9.9999e+04 1.2486e-07 9.9969e-01 9.9999e+04 1.2486e-02 2.4992e+00
3.7059e+01 9.9999e+04 1.8450e-07 9.9955e-01 9.9999e+04 1.8450e-02 2.4989e+00
3.7451e+01 9.9999e+04 2.6982e-07 9.9936e-01 9.9999e+04 2.6981e-02 2.4984e+00
3.7843e+01 9.9998e+04 3.9049e-07 9.9910e-01 9.9998e+04 3.9048e-02 2.4977e+00
3.8235e+01 9.9998e+04 5.5927e-07 9.9874e-01 9.9998e+04 5.5926e-02 2.4968e+00
3.8627e+01 9.9996e+04 7.9269e-07 9.9826e-01 9.9996e+04 7.9266e-02 2.4956e+00
3.9020e+01 9.9995e+04 1.1119e-06 9.9762e-01 9.9995e+04 1.1118e-01 2.4941e+00
3.9412e+01 9.9993e+04 1.5433e-06 9.9679e-01 9.9993e+04 1.5432e-01 2.4920e+00
3.9804e+01 9.9990e+04 2.1200e-06 9.9571e-01 9.9990e+04 2.1198e-01 2.4893e+00
4.0196e+01 9.9986e+04 2.8819e-06 9.9433e-01 9.9986e+04 2.8815e-01 2.4858e+00
4.0588e+01 9.9980e+04 3.8772e-06 9.9259e-01 9.9980e+04 3.8764e-01 2.4815e+00
4.0980e+01 9.9973e+04 5.1623e-06 9.9042e-01 9.9973e+04 5.1609e-01 2.4761e+00
4.1373e+01 9.9963e+04 6.8029e-06 9.8776e-01 9.9963e+04 6.8004e-01 2.4694e+00
4.1765e+01 9.9951e+04 8.8733e-06 9.8453e-01 9.9951e+04 8.8689e-01 2.4613e+00
4.2157e+01 9.9935e+04 1.1457e-05 9.8067e-01 9.9935e+04 1.1449e+00 2.4517e+00
4.2549e+01 9.9915e+04 1.4643e-05 9.7610e-01 9.9915e+04 1.4631e+00 2.4403e+00
4.2941e+01 9.9889e+04 1.8530e-05 9.7076e-01 9.9889e+04 1.8510e+00 2.4269e+00
4.3333e+01 9.9857e+04 2.3220e-05 9.6461e-01 9.9857e+04 2.3186e+00 2.4116e+00
4.3725e+01 9.9817e+04 2.8815e-05 9.5761e-01 9.9817e+04 2.8762e+00 2.3941e+00
4.4118e+01 9.9769e+04 3.5420e-05 9.4974e-01 9.9769e+04 3.5338e+00 2.3744e+00
4.4510e+01 9.9710e+04 4.3136e-05 9.4098e-01 9.9710e+04 4.3011e+00 2.3526e+00
4.4902e+01 9.9639e+04 5.2058e-05 9.3137e-01 9.9639e+04 5.1870e+00 2.3286e+00
4.5294e+01 9.9555e+04 6.2273e-05 9.2092e-01 9.9555e+04 6.1995e+00 2.3025e+00
4.5686e+01 9.9455e+04 7.3856e-05 9.0968e-01 9.9455e+04 7.3454e+00 2.2745e+00
4.6078e+01 9.9339e+04 8.6876e-05 8.9772e-01 9.9339e+04 8.6302e+00 2.2447e+00
4.6471e+01 9.9204e+04 1.0136e-04 8.8511e-01 9.9204e+04 1.0055e+01 2.2133e+00
4.6863e+01 9.9053e+04 1.1749e-04 8.7199e-01 9.9053e+04 1.1638e+01 2.1807e+00
4.7255e+01 9.8858e+04 1.3441e-04 8.5815e-01 9.8858e+04 1.3287e+01 2.1463e+00
4.7647e+01 9.8738e+04 1.5630e-04 8.4517e-01 9.8738e+04 1.5433e+01 2.1141e+00
4.8039e+01 9.8213e+04 1.6640e-04 8.2744e-01 9.8213e+04 1.6343e+01 2.0700e+00
4.8431e+01 9.8849e+04 2.1910e-04 8.2357e-01 9.8849e+04 2.1657e+01 2.0613e+00
4.8824e+01 9.6636e+04 1.7503e-04 7.8699e-01 9.6636e+04 1.6914e+01 1.9689e+00
4.9216e+01 9.8601e+04 2.9517e-04 8.0461e-01 9.8601e+04 2.9104e+01 2.0158e+00
4.9608e+01 1.0654e+05 2.4916e-04 7.6694e-01 1.0654e+05 2.6546e+01 1.9206e+00
5.0000e+01 1.6492e+04 3.0422e-04 7.6927e-01 1.6492e+04 5.0172e+00 1.9239e+00
5.0392e+01 1.0647e+04 4.1429e-04 7.6608e-01 1.0647e+04 4.4109e+00 1.9161e+00
5.0784e+01 1.0700e+04 5.1474e-04 7.5902e-01 1.0700e+04 5.5075e+00 1.8990e+00
5.1176e+01 1.1304e+04 6.0984e-04 7.5430e-01 1.1304e+04 6.8938e+00 1.8879e+00
5.1569e+01 1.1801e+04 8.9705e-04 7.7437e-01 1.1801e+04 1.0586e+01 1.9407e+00
5.1961e+01 1.2402e+04 1.1583e-03 7.9478e-01 1.2402e+04 1.4365e+01 1.9953e+00
5.2353e+01 1.2662e+04 1.3321e-03 8.0777e-01 1.2662e+04 1.6867e+01 2.0307e+00
5.2745e+01 1.2835e+04 1.3702e-03 8.0608e-01 1.2835e+04 1.7587e+01 2.0273e+00
5.3137e+01 1.2826e+04 1.3766e-03 8.0184e-01 1.2826e+04 1.7656e+01 2.0167e+00
5.3529e+01 1.2861e+04 1.3584e-03 7.9518e-01 1.2861e+04 1.7471e+01 1.9998e+00
5.3922e+01 1.2840e+04 1.3512e-03 7.8951e-01 1.2840e+04 1.7350e+01 1.9855e+00
5.4314e+01 1.2857e+04 1.3336e-03 7.8244e-01 1.2857e+04 1.7146e+01 1.9675e+00
5.4706e+01 1.2845e+04 1.3220e-03 7.7573e-01 1.2845e+04 1.6980e+01 1.9506e+00
5.5098e+01 1.2852e+04 1.3040e-03 7.6808e-01 1.2852e+04 1.6759e+01 1.9311e+00
5.5490e+01 1.2844e+04 1.2889e-03 7.6041e-01 1.2844e+04 1.6555e+01 1.9117e+00
5.5882e+01 1.2846e+04 1.2700e-03 7.5207e-01 1.2846e+04 1.6315e+01 1.8905e+00
5.6275e+01 1.2840e+04 1.2523e-03 7.4353e-01 1.2840e+04 1.6079e+01 1.8689e+00
5.6667e+01 1.2839e+04 1.2321e-03 7.3446e-01 1.2839e+04 1.5819e+01 1.8459e+00
5.7059e+01 1.2833e+04 1.2122e-03 7.2511e-01 1.2833e+04 1.5556e+01 1.8222e+00
5.7451e+01 1.2830e+04 1.1906e-03 7.1530e-01 1.2830e+04 1.5275e+01 1.7973e+00
5.7843e+01 1.2824e+04 1.1688e-03 7.0514e-01 1.2824e+04 1.4989e+01 1.7716e+00
5.8235e+01 1.2819e+04 1.1457e-03 6.9455e-01 1.2819e+04 1.4686e+01 1.7448e+00
5.8627e+01 1.2813e+04 1.1220e-03 6.8357e-01 1.2813e+04 1.4375e+01 1.7170e+00
5.9020e+01 1.2807e+04 1.0971e-03 6.7212e-01 1.2807e+04 1.4051e+01 1.6880e+00
5.9412e+01 1.2800e+04 1.0715e-03 6.6020e-01 1.2800e+04 1.3715e+01 1.6579e+00
5.9804e+01 1.2793e+04 1.0447e-03 6.4777e-01 1.2793e+04 1.3365e+01 1.6264e+00
6.0196e+01 1.2785e+04 1.0169e-03 6.3480e-01 1.2785e+04 1.3002e+01 1.5936e+00
6.0588e+01 1.2777e+04 9.8801e-04 6.2123e-01 1.2777e+04 1.2624e+01 1.5593e+00
6.0980e+01 1.2769e+04 9.5794e-04 6.0702e-01 1.2769e+04 1.2232e+01 1.5234e+00
6.1373e+01 1.2760e+04 9.2662e-04 5.9213e-01 1.2760e+04 1.1824e+01 1.4858e+00
6.1765e+01 1.2751e+04 8.9403e-04 5.7651e-01 1.2751e+04 1.1399e+01 1.4464e+00
6.2157e+01 1.2741e+04 8.6010e-04 5.6011e-01 1.2741e+04 1.0958e+01 1.4050e+00
6.2549e+01 1.2731e+04 8.2478e-04 5.4289e-01 1.2731e+04 1.0500e+01 1.3616e+00
6.2941e+01 1.2720e+04 7.8802e-04 5.2480e-01 1.2720e+04 1.0024e+01 1.3159e+00
6.3333e+01 1.2709e+04 7.4978e-04 5.0579e-01 1.2709e+04 9.5289e+00 1.2680e+00
6.3725e+01 1.2698e+04 7.1000e-04 4.8581e-01 1.2698e+04 9.0152e+00 1.2177e+00
6.4118e+01 1.2686e+04 6.6864e-04 4.6481e-01 1.2686e+04 8.4821e+00 1.1649e+00
6.4510e+01 1.2673e+04 6.2565e-04 4.4274e-01 1.2673e+04 7.9290e+00 1.1093e+00
6.4902e+01 1.2660e+04 5.8098e-04 4.1956e-01 1.2660e+04 7.3554e+00 1.0510e+00
6.5294e+01 1.2647e+04 5.3457e-04 3.9519e-01 1.2647e+04 6.7608e+00 9.8978e-01
6.5686e+01 1.2633e+04 4.8637e-04 3.6958e-01 1.2633e+04 6.1445e+00 9.2545e-01
6.6078e+01 1.2619e+04 4.3630e-04 3.4267e-01 1.2619e+04 5.5058e+00 8.5788e-01
6.6471e+01 1.2605e+04 3.8429e-04 3.1437e-01 1.2605e+04 4.8438e+00 7.8686e-01
6.6863e+01 1.2590e+04 3.3029e-04 2.8462e-01 1.2590e+04 4.1582e+00 7.1224e-01
6.7255e+01 1.2574e+04 2.7440e-04 2.5343e-01 1.2574e+04 3.4504e+00 6.3406e-01
6.7647e+01 1.2559e+04 2.1730e-04 2.2115e-01 1.2559e+04 2.7290e+00 5.5317e-01
6.8039e+01 1.2543e+04 1.6087e-04 1.8890e-01 1.2543e+04 2.0178e+00 4.7241e-01
6.8431e+01 1.2529e+04 1.0878e-04 1.5905e-01 1.2529e+04 1.3630e+00 3.9769e-01
6.8824e+01 1.2518e+04 6.5772e-05 1.3471e-01 1.2518e+04 8.2333e-01 3.3679e-01
6.9216e+01 1.2510e+04 3.5170e-05 1.1792e-01 1.2510e+04 4.3997e-01 2.9481e-01
6.9608e+01 1.2505e+04 1.6742e-05 1.0826e-01 1.2505e+04 2.0936e-01 2.7064e-01
7.0000e+01 1.2502e+04 7.2658e-06 1.0350e-01 1.2502e+04 9.0838e-02 2.5875e-01
7.0392e+01 1.2501e+04 2.9652e-06 1.0141e-01 1.2501e+04 3.7067e-02 2.5353e-01
7.0784e+01 1.2500e+04 1.1684e-06 1.0055e-01 1.2500e+04 1.4606e-02 2.5138e-01
7.1176e+01 1.2500e+04 4.5202e-07 1.0021e-01 1.2500e+04 5.6503e-03 2.5054e-01
7.1569e+01 1.2500e+04 1.7312e-07 1.0008e-01 1.2500e+04 2.1640e-03 2.5021e-01
7.1961e+01 1.2500e+04 6.5880e-08 1.0003e-01 1.2500e+04 8.2350e-04 2.5008e-01
7.2353e+01 1.2500e+04 2.4947e-08 1.0001e-01 1.2500e+04 3.1184e-04 2.5003e-01
7.2745e+01 1.2500e+04 9.4061e-09 1.0000e-01 1.2500e+04 1.1758e-04 2.5001e-01
7.3137e+01 1.2500e+04 3.5317e-09 1.0000e-01 1.2500e+04 4.4146e-05 2.5000e-01
7.3529e+01 1.2500e+04 1.3206e-09 1.0000e-01 1.2500e+04 1.6508e-05 2.5000e-01
7.3922e+01 1.2500e+04 4.9180e-10 1.0000e-01 1.2500e+04 6.1475e-06 2.5000e-01
7.4314e+01 1.2500e+04 1.8239e-10 1.0000e-01 1.2500e+04 2.2799e-06 2.5000e-01
7.4706e+01 1.2500e+04 6.7364e-11 1.0000e-01 1.2500e+04 8.4206e-07 2.5000e-01
7.5098e+01 1.2500e+04 2.4776e-11 1.0000e-01 1.2500e+04 3.0970e-07 2.5000e-01
7.5490e+01 1.2500e+04 9.0742e-12 1.0000e-01 1.2500e+04 1.1343e-07 2.5000e-01
7.5882e+01 1.2500e+04 3.3093e-12 1.0000e-01 1.2500e+04 4.1367e-08 2.5000e-01
7.6275e+01 1.2500e+04 1.2018e-12 1.0000e-01 1.2500e+04 1.5022e-08 2.5000e-01
7.6667e+01 1.2500e+04 4.3453e-13 1.0000e-01 1.2500e+04 5.4316e-09 2.5000e-01
7.7059e+01 1.2500e+04 1.5644e-13 1.0000e-01 1.2500e+04 1.9555e-09 2.5000e-01
7.7451e+01 1.2500e+04 5.6073e-14 1.0000e-01 1.2500e+04 7.0092e-10 2.5000e-01
7.7843e+01 1.2500e+04 2.0010e-14 1.0000e-01 1.2500e+04 2.5012e-10 2.5000e-01
7.8235e+01 1.2500e+04 7.1080e-15 1.0000e-01 1.2500e+04 8.8850e-11 2.5000e-01
7.8627e+01 1.2500e+04 2.5126e-15 1.0000e-01 1.2500e+04 3.1408e-11 2.5000e-01
7.9020e+01 1.2500e+04 8.8333e-16 1.0000e-01 1.2500e+04 1.1042e-11 2.5000e-01
7.9412e+01 1.2500e+04 3.0823e-16 1.0000e-01 1.2500e+04 3.8528e-12 2.5000e-01
7.9804e+01 1.2500e+04 1.0599e-16 1.0000e-01 1.2500e+04 1.3249e-12 2.5000e-01
8.0196e+01 1.2500e+04 3.5418e-17 1.0000e-01 1.2500e+04 4.4272e-13 2.5000e-01
8.0588e+01 1.2500e+04 1.0976e-17 1.0000e-01 1.2500e+04 1.3720e-13 2.5000e-01
8.0980e+01 1.2500e+04 2.7246e-18 1.0000e-01 1.2500e+04 3.4058e-14 2.5000e-01
8.1373e+01 1.2500e+04 2.5678e-19 1.0000e-01 1.2500e+04 3.2097e-15 2.5000e-01
8.1765e+01 1.2500e+04 2.2649e-21 1.0000e-01 1.2500e+04 2.8311e-17 2.5000e-01
8.2157e+01 1.2500e+04 0.0000e+00 1.0000e-01 1.2500e+04 0.0000e+00 2.5000e-01
8.2549e+01 1.2500e+04 0.0000e+00 1.0000e-01 1.2500e+04 0.0000e+00 2.5000e-01
8.2941e+01 1.2500e+04 0.0000e+00 1.0000e-01 1.2500e+04 0.0000e+00 2.5000e-01
8.3333e+01 1.2500e+04 0.0000e+00 1.0000e-01 1.2500e+04 0.0000e+00 2.5000e-01
8.3725e+01 1.2500e+04 0.0000e+00 1.0000e-01 1.2500e+04 0.0000e+00 2.5000e-01
8.4118e+01 1.2500e+04 0.0000e+00 1.0000e-01 1.2500e+04 0.0000e+00 2.5000e-01
8.4510e+01 1.2500e+04 0.0000e+00 1.0000e-01 1.2500e+04 0.0000e+00 2.5000e-01
8.4902e+01 1.2500e+04 0.0000e+00 1.0000e-01 1.2500e+04 0.0000e+00 2.5000e-01
8.5294e+01 1.2500e+04 0.0000e+00 1.0000e-01 1.2500e+04 0.0000e+00 2.5000e-01
8.5686e+01 1.2500e+04 0.0000e+00 1.0000e-01 1.2500e+04 0.0000e+00 2.5000e-01
8.6078e+01 1.2500e+04 0.0000e+00 1.0000e-01 1.2500e+04 0.0000e+00 2.5000e-01
8.6471e+01 1.2500e+04 0.0000e+00 1.0000e-01 1.2500e+04 0.0000e+00 2.5000e-01
8.6863e+01 1.2500e+04 0.0000e+00 1.0000e-01 1.2500e+04 0.0000e+00 2.5000e-01
8.7255e+01 1.2500e+04 0.0000e+00 1.0000e-01 1.2500e+04 0.0000e+00 2.5000e-01
8.7647e+01 1.2500e+04 0.0000e+00 1.0000e-01 1.2500e+04 0.0000e+00 2.5000e-01
8.8039e+01 1.2500e+04 0.0000e+00 1.0000e-01 1.2500e+04 0.0000e+00 2.5000e-01
8.8431e+01 1.2500e+04 0.0000e+00 1.0000e-01 1.2500e+04 0.0000e+00 2.5000e-01
8.8824e+01 1.2500e+04 0.0000e+00 1.0000e-01 1.2500e+04 0.0000e+00 2.5000e-01
8.9216e+01 1.2500e+04 0.0000e+00 1.0000e-01 1.2500e+04 0.0000e+00 2.5000e-01
8.9608e+01 1.2500e+04 0.0000e+00 1.0000e-01 1.2500e+04 0.0000e+00 2.5000e-01
9.0000e+01 1.2500e+04 0.0000e+00 1.0000e-01 1.2500e+04 0.0000e+00 2.5000e-01
9.0392e+01 1.2500e+04 0.0000e+00 1.0000e-01 1.2500e+04 0.0000e+00 2.5000e-01
9.0784e+01 1.2500e+04 0.0000e+00 1.0000e-01 1.2500e+04 0.0000e+00 2.5000e-01
9.1176e+01 1.2500e+04 0.0000e+00 1.0000e-01 1.2500e+04 0.0000e+00 2.5000e-01
9.1569e+01 1.2500e+04 0.0000e+00 1.0000e-01 1.2500e+04 0.0000e+00 2.5000e-01
9.1961e+01 1.2500e+04 0.0000e+00 1.0000e-01 1.2500e+04 0.0000e+00 2.5000e-01
9.2353e+01 1.2500e+04 0.0000e+00 1.0000e-01 1.2500e+04 0.0000e+00 2.5000e-01
9.2745e+01 1.2500e+04 0.0000e+00 1.0000e-01 1.2500e+04 0.0000e+00 2.5000e-01
9.3137e+01 1.2500e+04 0.0000e+00 1.0000e-01 1.2500e+04 0.0000e+00 2.5000e-01
9.3529e+01 1.2500e+04 0.0000e+00 1.0000e-01 1.2500e+04 0.0000e+00 2.5000e-01
9.3922e+01 1.2500e+04 0.0000e+00 1.0000e-01 1.2500e+04 0.0000e+00 2.5000e-01
9.4314e+01 1.2500e+04 0.0000e+00 1.0000e-01 1.2500e+04 0.0000e+00 2.5000e-01
9.4706e+01 1.2500e+04 0.0000e+00 1.0000e-01 1.2500e+04 0.0000e+00 2.5000e-01
9.5098e+01 1.2500e+04 0.0000e+00 1.0000e-01 1.2500e+04 0.0000e+00 2.5000e-01
9.5490e+01 1.2500e+04 0.0000e+00 1.0000e-01 1.2500e+04 0.0000e+00 2.5000e-01
9.5882e+01 1.2500e+04 0.0000e+00 1.0000e-01 1.2500e+04 0.0000e+00 2.5000e-01
9.6275e+01 1.2500e+04 0.0000e+00 1.0000e-01 1.2500e+04 0.0000e+00 2.5000e-01
9.6667e+01 1.2500e+04 0.0000e+00 1.0000e-01 1.2500e+04 0.0000e+00 2.5000e-01
9.7059e+01 1.2500e+04 0.0000e+00 1.0000e-01 1.2500e+04 0.0000e+00 2.5000e-01
9.7451e+01 1.2500e+04 0.0000e+00 1.0000e-01 1.2500e+04 0.0000e+00 2.5000e-01
9.7843e+01 1.2500e+04 0.0000e+00 1.0000e-01 1.2500e+04 0.0000e+00 2.5000e-01
9.8235e+01 1.2500e+04 0.0000e+00 1.0000e-01 1.2500e+04 0.0000e+00 2.5000e-01
9.8627e+01 1.2500e+04 0.0000e+00 1.0000e-01 1.2500e+04 0.0000e+00 2.5000e-01
9.9020e+01 1.2500e+04 0.0000e+00 1.0000e-01 1.2500e+04 0.0000e+00 2.5000e-01
9.9412e+01 1.2500e+04 0.0000e+00 1.0000e-01 1.2500e+04 0.0000e+00 2.5000e-01
9.9804e+01 1.2500e+04 0.0000e+00 1.0000e-01 1.2500e+04 0.0000e+00 2.5000e-01
