# # x Density Velocity Pressure q0 q1 q2
1.9608e-01 1.0000e+05 0.0000e+00 1.0000e+00 1.0000e+05 0.0000e+00 2.5000e+00
5.8824e-01 1.0000e+05 0.0000e+00 1.0000e+00 1.0000e+05 0.0000e+00 2.5000e+00
9.8039e-01 1.0000e+05 0.0000e+00 1.0000e+00 1.0000e+05 0.0000e+00 2.5000e+00
1.3725e+00 1.0000e+05 0.0000e+00 1.0000e+00 1.0000e+05 0.0000e+00 2.5000e+00
1.7647e+00 1.0000e+05 0.0000e+00 1.0000e+00 1.0000e+05 0.0000e+00 2.5000e+00
2.1569e+00 1.0000e+05 0.0000e+00 1.0000e+00 1.0000e+05 0.0000e+00 2.5000e+00
2.5490e+00 1.0000e+05 0.0000e+00 1.0000e+00 1.0000e+05 0.0000e+00 2.5000e+00
2.9412e+00 1.0000e+05 0.0000e+00 1.0000e+00 1.0000e+05 0.0000e+00 2.5000e+00
3.3333e+00 1.0000e+05 0.0000e+00 1.0000e+00 1.0000e+05 0.0000e+00 2.5000e+00
3.7255e+00 1.0000e+05 0.0000e+00 1.0000e+00 1.0000e+05 0.0000e+00 2.5000e+00
4.1176e+00 1.0000e+05 0.0000e+00 1.0000e+00 1.0000e+05 0.0000e+00 2.5000e+00
4.5098e+00 1.0000e+05 0.0000e+00 1.0000e+00 1.0000e+05 0.0000e+00 2.5000e+00
4.9020e+00 1.0000e+05 0.0000e+00 1.0000e+00 1.0000e+05 0.0000e+00 2.5000e+00
5.2941e+00 1.0000e+05 0.0000e+00 1.0000e+00 1.0000e+05 0.0000e+00 2.5000e+00
5.6863e+00 1.0000e+05 0.0000e+00 1.0000e+00 1.0000e+05 0.0000e+00 2.5000e+00
6.0784e+00 1.0000e+05 0.0000e+00 1.0000e+00 1.0000e+05 0.0000e+00 2.5000e+00
6.4706e+00 1.0000e+05 0.0000e+00 1.0000e+00 1.0000e+05 0.0000e+00 2.5000e+00
6.8627e+00 1.0000e+05 0.0000e+00 1.0000e+00 1.0000e+05 0.0000e+00 2.5000e+00
7.2549e+00 1.0000e+05 0.0000e+00 1.0000e+00 1.0000e+05 0.0000e+00 2.5000e+00
7.6471e+00 1.0000e+05 0.0000e+00 1.0000e+00 1.0000e+05 0.0000e+00 2.5000e+00
8.0392e+00 1.0000e+05 0.0000e+00 1.0000e+00 1.0000e+05 0.0000e+00 2.5000e+00
8.4314e+00 1.0000e+05 0.0000e+00 1.0000e+00 1.0000e+05 0.0000e+00 2.5000e+00
8.8235e+00 1.0000e+05 0.0000e+00 1.0000e+00 1.0000e+05 0.0000e+00 2.5000e+00
9.2157e+00 1.0000e+05 0.0000e+00 1.0000e+00 1.0000e+05 0.0000e+00 2.5000e+00
9.6078e+00 1.0000e+05 0.0000e+00 1.0000e+00 1.0000e+05 0.0000e+00 2.5000e+00
1.0000e+01 1.0000e+05 0.0000e+00 1.0000e+00 1.0000e+05 0.0000e+00 2.5000e+00
1.0392e+01 1.0000e+05 0.0000e+00 1.0000e+00 1.0000e+05 0.0000e+00 2.5000e+00
1.0784e+01 1.0000e+05 0.0000e+00 1.0000e+00 1.0000e+05 0.0000e+00 2.5000e+00
1.1176e+01 1.0000e+05 0.0000e+00 1.0000e+00 1.0000e+05 0.0000e+00 2.5000e+00
1.1569e+01 1.0000e+05 0.0000e+00 1.0000e+00 1.0000e+05 0.0000e+00 2.5000e+00
1.1961e+01 1.0000e+05 0.0000e+00 1.0000e+00 1.0000e+05 0.0000e+00 2.5000e+00
1.2353e+01 1.0000e+05 0.0000e+00 1.0000e+00 1.0000e+05 0.0000e+00 2.5000e+00
1.2745e+01 1.0000e+05 0.0000e+00 1.0000e+00 1.0000e+05 0.0000e+00 2.5000e+00
1.3137e+01 1.0000e+05 0.0000e+00 1.0000e+00 1.0000e+05 0.0000e+00 2.5000e+00
1.3529e+01 1.0000e+05 0.0000e+00 1.0000e+00 1.0000e+05 0.0000e+00 2.5000e+00
1.3922e+01 1.0000e+05 0.0000e+00 1.0000e+00 1.0000e+05 0.0000e+00 2.5000e+00
1.4314e+01 1.0000e+05 0.0000e+00 1.0000e+00 1.0000e+05 0.0000e+00 2.5000e+00
1.4706e+01 1.0000e+05 0.0000e+00 1.0000e+00 1.0000e+05 0.0000e+00 2.5000e+00
1.5098e+01 1.0000e+05 0.0000e+00 1.0000e+00 1.0000e+05 0.0000e+00 2.5000e+00
1.5490e+01 1.0000e+05 0.0000e+00 1.0000e+00 1.0000e+05 0.0000e+00 2.5000e+00
1.5882e+01 1.0000e+05 0.0000e+00 1.0000e+00 1.0000e+05 0.0000e+00 2.5000e+00
1.6275e+01 1.0000e+05 0.0000e+00 1.0000e+00 1.0000e+05 0.0000e+00 2.5000e+00
1.6667e+01 1.0000e+05 0.0000e+00 1.0000e+00 1.0000e+05 0.0000e+00 2.5000e+00
1.7059e+01 1.0000e+05 0.0000e+00 1.0000e+00 1.0000e+05 0.0000e+00 2.5000e+00
1.7451e+01 1.0000e+05 0.0000e+00 1.0000e+00 1.0000e+05 0.0000e+00 2.5000e+00
1.7843e+01 1.0000e+05 0.0000e+00 1.0000e+00 1.0000e+05 0.0000e+00 2.5000e+00
1.8235e+01 1.0000e+05 0.0000e+00 1.0000e+00 1.0000e+05 0.0000e+00 2.5000e+00
1.8627e+01 1.0000e+05 0.0000e+00 1.0000e+00 1.0000e+05 0.0000e+00 2.5000e+00
1.9020e+01 1.0000e+05 0.0000e+00 1.0000e+00 1.0000e+05 0.0000e+00 2.5000e+00
1.9412e+01 1.0000e+05 5.6621e-22 1.0000e+00 1.0000e+05 5.6621e-17 2.5000e+00
1.9804e+01 1.0000e+05 2.8141e-19 1.0000e+00 1.0000e+05 2.8141e-14 2.5000e+00
2.0196e+01 1.0000e+05 1.5540e-18 1.0000e+00 1.0000e+05 1.5540e-13 2.5000e+00
2.0588e+01 1.0000e+05 4.1988e-18 1.0000e+00 1.0000e+05 4.1988e-13 2.5000e+00
2.0980e+01 1.0000e+05 8.7302e-18 1.0000e+00 1.0000e+05 8.7302e-13 2.5000e+00
2.1373e+01 1.0000e+05 1.7039e-17 1.0000e+00 1.0000e+05 1.7039e-12 2.5000e+00
2.1765e+01 1.0000e+05 3.3422e-17 1.0000e+00 1.0000e+05 3.3422e-12 2.5000e+00
2.2157e+01 1.0000e+05 6.7414e-17 1.0000e+00 1.0000e+05 6.7414e-12 2.5000e+00
2.2549e+01 1.0000e+05 1.3815e-16 1.0000e+00 1.0000e+05 1.3815e-11 2.5000e+00
2.2941e+01 1.0000e+05 2.8476e-16 1.0000e+00 1.0000e+05 2.8476e-11 2.5000e+00
2.3333e+01 1.0000e+05 5.8712e-16 1.0000e+00 1.0000e+05 5.8712e-11 2.5000e+00
2.3725e+01 1.0000e+05 1.2052e-15 1.0000e+00 1.0000e+05 1.2052e-10 2.5000e+00
2.4118e+01 1.0000e+05 2.4569e-15 1.0000e+00 1.0000e+05 2.4569e-10 2.5000e+00
2.4510e+01 1.0000e+05 4.9686e-15 1.0000e+00 1.0000e+05 4.9686e-10 2.5000e+00
2.4902e+01 1.0000e+05 9.9611e-15 1.0000e+00 1.0000e+05 9.9611e-10 2.5000e+00
2.5294e+01 1.0000e+05 1.9789e-14 1.0000e+00 1.0000e+05 1.9789e-09 2.5000e+00
2.5686e+01 1.0000e+05 3.8952e-14 1.0000e+00 1.0000e+05 3.8952e-09 2.5000e+00
2.6078e+01 1.0000e+05 7.5957e-14 1.0000e+00 1.0000e+05 7.5957e-09 2.5000e+00
2.6471e+01 1.0000e+05 1.4673e-13 1.0000e+00 1.0000e+05 1.4673e-08 2.5000e+00
2.6863e+01 1.0000e+05 2.8077e-13 1.0000e+00 1.0000e+05 2.8077e-08 2.5000e+00
2.7255e+01 1.0000e+05 5.3216e-13 1.0000e+00 1.0000e+05 5.3216e-08 2.5000e+00
2.7647e+01 1.0000e+05 9.9905e-13 1.0000e+00 1.0000e+05 9.9905e-08 2.5000e+00
2.8039e+01 1.0000e+05 1.8576e-12 1.0000e+00 1.0000e+05 1.8576e-07 2.5000e+00
2.8431e+01 1.0000e+05 3.4209e-12 1.0000e+00 1.0000e+05 3.4209e-07 2.5000e+00
2.8824e+01 1.0000e+05 6.2390e-12 1.0000e+00 1.0000e+05 6.2390e-07 2.5000e+00
2.9216e+01 1.0000e+05 1.1268e-11 1.0000e+00 1.0000e+05 1.1268e-06 2.5000e+00
2.9608e+01 1.0000e+05 2.0154e-11 1.0000e+00 1.0000e+05 2.0154e-06 2.5000e+00
3.0000e+01 1.0000e+05 3.5695e-11 1.0000e+00 1.0000e+05 3.5695e-06 2.5000e+00
3.0392e+01 1.0000e+05 6.2601e-11 1.0000e+00 1.0000e+05 6.2601e-06 2.5000e+00
3.0784e+01 1.0000e+05 1.0871e-10 1.0000e+00 1.0000e+05 1.0871e-05 2.5000e+00
3.1176e+01 1.0000e+05 1.8691e-10 1.0000e+00 1.0000e+05 1.8691e-05 2.5000e+00
3.1569e+01 1.0000e+05 3.1818e-10 1.0000e+00 1.0000e+05 3.1818e-05 2.5000e+00
3.1961e+01 1.0000e+05 5.3625e-10 1.0000e+00 1.0000e+05 5.3625e-05 2.5000e+00
3.2353e+01 1.0000e+05 8.9479e-10 1.0000e+00 1.0000e+05 8.9479e-05 2.5000e+00
3.2745e+01 1.0000e+05 1.4781e-09 1.0000e+00 1.0000e+05 1.4781e-04 2.5000e+00
3.3137e+01 1.0000e+05 2.4171e-09 9.9999e-01 1.0000e+05 2.4171e-04 2.5000e+00
3.3529e+01 1.0000e+05 3.9129e-09 9.9999e-01 1.0000e+05 3.9129e-04 2.5000e+00
3.3922e+01 1.0000e+05 6.2702e-09 9.9998e-01 1.0000e+05 6.2702e-04 2.5000e+00
3.4314e+01 1.0000e+05 9.9460e-09 9.9997e-01 1.0000e+05 9.9460e-04 2.4999e+00
3.4706e+01 1.0000e+05 1.5616e-08 9.9996e-01 1.0000e+05 1.5616e-03 2.4999e+00
3.5098e+01 1.0000e+05 2.4269e-08 9.9993e-01 1.0000e+05 2.4269e-03 2.4998e+00
3.5490e+01 1.0000e+05 3.7331e-08 9.9990e-01 1.0000e+05 3.7331e-03 2.4998e+00
3.5882e+01 1.0000e+05 5.6836e-08 9.9985e-01 1.0000e+05 5.6836e-03 2.4996e+00
3.6275e+01 1.0000e+05 8.5643e-08 9.9978e-01 1.0000e+05 8.5643e-03 2.4995e+00
3.6667e+01 9.9999e+04 1.2772e-07 9.9968e-01 9.9999e+04 1.2772e-02 2.4992e+00
3.7059e+01 9.9999e+04 1.8852e-07 9.9954e-01 9.9999e+04 1.8852e-02 2.4989e+00
3.7451e+01 9.9999e+04 2.7538e-07 9.9935e-01 9.9999e+04 2.7537e-02 2.4984e+00
3.7843e+01 9.9998e+04 3.9810e-07 9.9908e-01 9.9998e+04 3.9809e-02 2.4977e+00
3.8235e+01 9.9997e+04 5.6955e-07 9.9872e-01 9.9997e+04 5.6954e-02 2.4968e+00
3.8627e+01 9.9996e+04 8.0641e-07 9.9823e-01 9.9996e+04 8.0638e-02 2.4956e+00
3.9020e+01 9.9995e+04 1.1299e-06 9.9759e-01 9.9995e+04 1.1299e-01 2.4940e+00
3.9412e+01 9.9993e+04 1.5669e-06 9.9675e-01 9.9993e+04 1.5667e-01 2.4919e+00
3.9804e+01 9.9989e+04 2.1503e-06 9.9566e-01 9.9989e+04 2.1500e-01 2.4891e+00
4.0196e+01 9.9985e+04 2.9203e-06 9.9427e-01 9.9985e+04 2.9199e-01 2.4857e+00
4.0588e+01 9.9980e+04 3.9253e-06 9.9251e-01 9.9980e+04 3.9246e-01 2.4813e+00
4.0980e+01 9.9973e+04 5.2219e-06 9.9034e-01 9.9973e+04 5.2205e-01 2.4758e+00
4.1373e+01 9.9963e+04 6.8757e-06 9.8766e-01 9.9963e+04 6.8732e-01 2.4692e+00
4.1765e+01 9.9950e+04 8.9612e-06 9.8442e-01 9.9950e+04 8.9567e-01 2.4611e+00
4.2157e+01 9.9934e+04 1.1561e-05 9.8054e-01 9.9934e+04 1.1554e+00 2.4514e+00
4.2549e+01 9.9914e+04 1.4766e-05 9.7595e-01 9.9914e+04 1.4754e+00 2.4399e+00
4.2941e+01 9.9888e+04 1.8673e-05 9.7060e-01 9.9888e+04 1.8652e+00 2.4265e+00
4.3333e+01 9.9856e+04 2.3384e-05 9.6444e-01 9.9856e+04 2.3350e+00 2.4111e+00
4.3725e+01 9.9816e+04 2.9001e-05 9.5743e-01 9.9816e+04 2.8947e+00 2.3936e+00
4.4118e+01 9.9767e+04 3.5628e-05 9.4955e-01 9.9767e+04 3.5545e+00 2.3739e+00
4.4510e+01 9.9707e+04 4.3366e-05 9.4079e-01 9.9707e+04 4.3239e+00 2.3521e+00
4.4902e+01 9.9636e+04 5.2309e-05 9.3117e-01 9.9636e+04 5.2119e+00 2.3281e+00
4.5294e+01 9.9552e+04 6.2544e-05 9.2072e-01 9.9552e+04 6.2264e+00 2.3020e+00
4.5686e+01 9.9452e+04 7.4147e-05 9.0949e-01 9.9452e+04 7.3741e+00 2.2740e+00
4.6078e+01 9.9336e+04 8.7185e-05 8.9754e-01 9.9336e+04 8.6606e+00 2.2442e+00
4.6471e+01 9.9200e+04 1.0168e-04 8.8493e-01 9.9200e+04 1.0087e+01 2.2128e+00
4.6863e+01 9.9049e+04 1.1783e-04 8.7182e-01 9.9049e+04 1.1671e+01 2.1802e+00
4.7255e+01 9.8853e+04 1.3474e-04 8.5799e-01 9.8853e+04 1.3320e+01 2.1459e+00
4.7647e+01 9.8734e+04 1.5669e-04 8.4504e-01 9.8734e+04 1.5471e+01 2.1138e+00
4.8039e+01 9.8205e+04 1.6667e-04 8.2728e-01 9.8205e+04 1.6367e+01 2.0696e+00
4.8431e+01 9.8849e+04 2.1961e-04 8.2353e-01 9.8849e+04 2.1709e+01 2.0612e+00
4.8824e+01 9.6627e+04 1.7525e-04 7.8687e-01 9.6627e+04 1.6934e+01 1.9687e+00
4.9216e+01 9.8589e+04 2.9542e-04 8.0453e-01 9.8589e+04 2.9125e+01 2.0156e+00
4.9608e+01 1.0657e+05 2.4963e-04 7.6697e-01 1.0657e+05 2.6604e+01 1.9207e+00
5.0000e+01 1.6520e+04 3.0400e-04 7.6918e-01 1.6520e+04 5.0222e+00 1.9237e+00
5.0392e+01 1.0646e+04 4.1533e-04 7.6620e-01 1.0646e+04 4.4217e+00 1.9164e+00
5.0784e+01 1.0697e+04 5.1611e-04 7.5919e-01 1.0697e+04 5.5206e+00 1.8994e+00
5.1176e+01 1.1298e+04 6.0783e-04 7.5412e-01 1.1298e+04 6.8672e+00 1.8874e+00
5.1569e+01 1.1792e+04 8.9212e-04 7.7385e-01 1.1792e+04 1.0520e+01 1.9393e+00
5.1961e+01 1.2394e+04 1.1543e-03 7.9435e-01 1.2394e+04 1.4306e+01 1.9941e+00
5.2353e+01 1.2658e+04 1.3306e-03 8.0763e-01 1.2658e+04 1.6843e+01 2.0303e+00
5.2745e+01 1.2834e+04 1.3708e-03 8.0618e-01 1.2834e+04 1.7593e+01 2.0275e+00
5.3137e+01 1.2826e+04 1.3777e-03 8.0199e-01 1.2826e+04 1.7670e+01 2.0172e+00
5.3529e+01 1.2861e+04 1.3597e-03 7.9536e-01 1.2861e+04 1.7487e+01 2.0003e+00
5.3922e+01 1.2840e+04 1.3525e-03 7.8973e-01 1.2840e+04 1.7367e+01 1.9861e+00
5.4314e+01 1.2857e+04 1.3350e-03 7.8270e-01 1.2857e+04 1.7165e+01 1.9682e+00
5.4706e+01 1.2845e+04 1.3234e-03 7.7603e-01 1.2845e+04 1.7000e+01 1.9513e+00
5.5098e+01 1.2853e+04 1.3055e-03 7.6841e-01 1.2853e+04 1.6780e+01 1.9320e+00
5.5490e+01 1.2845e+04 1.2906e-03 7.6079e-01 1.2845e+04 1.6577e+01 1.9127e+00
5.5882e+01 1.2847e+04 1.2717e-03 7.5248e-01 1.2847e+04 1.6338e+01 1.8916e+00
5.6275e+01 1.2841e+04 1.2541e-03 7.4399e-01 1.2841e+04 1.6103e+01 1.8701e+00
5.6667e+01 1.2839e+04 1.2340e-03 7.3496e-01 1.2839e+04 1.5844e+01 1.8472e+00
5.7059e+01 1.2834e+04 1.2142e-03 7.2565e-01 1.2834e+04 1.5582e+01 1.8236e+00
5.7451e+01 1.2830e+04 1.1927e-03 7.1588e-01 1.2830e+04 1.5302e+01 1.7988e+00
5.7843e+01 1.2825e+04 1.1709e-03 7.0577e-01 1.2825e+04 1.5017e+01 1.7732e+00
5.8235e+01 1.2820e+04 1.1479e-03 6.9523e-01 1.2820e+04 1.4716e+01 1.7465e+00
5.8627e+01 1.2814e+04 1.1242e-03 6.8429e-01 1.2814e+04 1.4406e+01 1.7188e+00
5.9020e+01 1.2808e+04 1.0995e-03 6.7289e-01 1.2808e+04 1.4082e+01 1.6900e+00
5.9412e+01 1.2801e+04 1.0739e-03 6.6103e-01 1.2801e+04 1.3747e+01 1.6600e+00
5.9804e+01 1.2794e+04 1.0473e-03 6.4866e-01 1.2794e+04 1.3399e+01 1.6287e+00
6.0196e+01 1.2786e+04 1.0196e-03 6.3575e-01 1.2786e+04 1.3037e+01 1.5960e+00
6.0588e+01 1.2778e+04 9.9084e-04 6.2225e-01 1.2778e+04 1.2661e+01 1.5619e+00
6.0980e+01 1.2770e+04 9.6090e-04 6.0812e-01 1.2770e+04 1.2271e+01 1.5262e+00
6.1373e+01 1.2761e+04 9.2972e-04 5.9332e-01 1.2761e+04 1.1864e+01 1.4888e+00
6.1765e+01 1.2752e+04 8.9728e-04 5.7779e-01 1.2752e+04 1.1442e+01 1.4496e+00
6.2157e+01 1.2742e+04 8.6350e-04 5.6149e-01 1.2742e+04 1.1003e+01 1.4085e+00
6.2549e+01 1.2732e+04 8.2836e-04 5.4438e-01 1.2732e+04 1.0547e+01 1.3653e+00
6.2941e+01 1.2721e+04 7.9178e-04 5.2640e-01 1.2721e+04 1.0072e+01 1.3200e+00
6.3333e+01 1.2710e+04 7.5372e-04 5.0751e-01 1.2710e+04 9.5801e+00 1.2724e+00
6.3725e+01 1.2699e+04 7.1415e-04 4.8766e-01 1.2699e+04 9.0689e+00 1.2224e+00
6.4118e+01 1.2687e+04 6.7300e-04 4.6681e-01 1.2687e+04 8.5383e+00 1.1699e+00
6.4510e+01 1.2675e+04 6.3023e-04 4.4489e-01 1.2675e+04 7.9879e+00 1.1147e+00
6.4902e+01 1.2662e+04 5.8579e-04 4.2186e-01 1.2662e+04 7.4172e+00 1.0568e+00
6.5294e+01 1.2649e+04 5.3962e-04 3.9767e-01 1.2649e+04 6.8255e+00 9.9602e-01
6.5686e+01 1.2635e+04 4.9167e-04 3.7225e-01 1.2635e+04 6.2123e+00 9.3214e-01
6.6078e+01 1.2621e+04 4.4187e-04 3.4553e-01 1.2621e+04 5.5769e+00 8.6506e-01
6.6471e+01 1.2606e+04 3.9015e-04 3.1744e-01 1.2606e+04 4.9184e+00 7.9456e-01
6.6863e+01 1.2591e+04 3.3644e-04 2.8791e-01 1.2591e+04 4.2362e+00 7.2050e-01
6.7255e+01 1.2576e+04 2.8083e-04 2.5694e-01 1.2576e+04 3.5317e+00 6.4285e-01
6.7647e+01 1.2560e+04 2.2387e-04 2.2481e-01 1.2560e+04 2.8119e+00 5.6234e-01
6.8039e+01 1.2545e+04 1.6728e-04 1.9252e-01 1.2545e+04 2.0985e+00 4.8147e-01
6.8431e+01 1.2531e+04 1.1450e-04 1.6228e-01 1.2531e+04 1.4348e+00 4.0578e-01
6.8824e+01 1.2519e+04 7.0239e-05 1.3718e-01 1.2519e+04 8.7934e-01 3.4299e-01
6.9216e+01 1.2511e+04 3.8128e-05 1.1950e-01 1.2511e+04 4.7701e-01 2.9877e-01
6.9608e+01 1.2505e+04 1.8395e-05 1.0910e-01 1.2505e+04 2.3004e-01 2.7275e-01
7.0000e+01 1.2502e+04 8.0633e-06 1.0389e-01 1.2502e+04 1.0081e-01 2.5973e-01
7.0392e+01 1.2501e+04 3.3116e-06 1.0158e-01 1.2501e+04 4.1399e-02 2.5394e-01
7.0784e+01 1.2500e+04 1.3098e-06 1.0062e-01 1.2500e+04 1.6373e-02 2.5155e-01
7.1176e+01 1.2500e+04 5.0784e-07 1.0024e-01 1.2500e+04 6.3481e-03 2.5060e-01
7.1569e+01 1.2500e+04 1.9480e-07 1.0009e-01 1.2500e+04 2.4350e-03 2.5023e-01
7.1961e+01 1.2500e+04 7.4223e-08 1.0004e-01 1.2500e+04 9.2779e-04 2.5009e-01
7.2353e+01 1.2500e+04 2.8139e-08 1.0001e-01 1.2500e+04 3.5174e-04 2.5003e-01
7.2745e+01 1.2500e+04 1.0621e-08 1.0001e-01 1.2500e+04 1.3277e-04 2.5001e-01
7.3137e+01 1.2500e+04 3.9925e-09 1.0000e-01 1.2500e+04 4.9906e-05 2.5000e-01
7.3529e+01 1.2500e+04 1.4946e-09 1.0000e-01 1.2500e+04 1.8683e-05 2.5000e-01
7.3922e+01 1.2500e+04 5.5723e-10 1.0000e-01 1.2500e+04 6.9654e-06 2.5000e-01
7.4314e+01 1.2500e+04 2.0690e-10 1.0000e-01 1.2500e+04 2.5862e-06 2.5000e-01
7.4706e+01 1.2500e+04 7.6504e-11 1.0000e-01 1.2500e+04 9.5630e-07 2.5000e-01
7.5098e+01 1.2500e+04 2.8171e-11 1.0000e-01 1.2500e+04 3.5214e-07 2.5000e-01
7.5490e+01 1.2500e+04 1.0330e-11 1.0000e-01 1.2500e+04 1.2913e-07 2.5000e-01
7.5882e+01 1.2500e+04 3.7719e-12 1.0000e-01 1.2500e+04 4.7149e-08 2.5000e-01
7.6275e+01 1.2500e+04 1.3714e-12 1.0000e-01 1.2500e+04 1.7143e-08 2.5000e-01
7.6667e+01 1.2500e+04 4.9650e-13 1.0000e-01 1.2500e+04 6.2062e-09 2.5000e-01
7.7059e+01 1.2500e+04 1.7897e-13 1.0000e-01 1.2500e+04 2.2372e-09 2.5000e-01
7.7451e+01 1.2500e+04 6.4233e-14 1.0000e-01 1.2500e+04 8.0292e-10 2.5000e-01
7.7843e+01 1.2500e+04 2.2952e-14 1.0000e-01 1.2500e+04 2.8690e-10 2.5000e-01
7.8235e+01 1.2500e+04 8.1640e-15 1.0000e-01 1.2500e+04 1.0205e-10 2.5000e-01
7.8627e+01 1.2500e+04 2.8900e-15 1.0000e-01 1.2500e+04 3.6125e-11 2.5000e-01
7.9020e+01 1.2500e+04 1.0176e-15 1.0000e-01 1.2500e+04 1.2720e-11 2.5000e-01
7.9412e+01 1.2500e+04 3.5578e-16 1.0000e-01 1.2500e+04 4.4472e-12 2.5000e-01
7.9804e+01 1.2500e+04 1.2275e-16 1.0000e-01 1.2500e+04 1.5343e-12 2.5000e-01
8.0196e+01 1.2500e+04 4.1271e-17 1.0000e-01 1.2500e+04 5.1589e-13 2.5000e-01
8.0588e+01 1.2500e+04 1.2988e-17 1.0000e-01 1.2500e+04 1.6235e-13 2.5000e-01
8.0980e+01 1.2500e+04 3.3760e-18 1.0000e-01 1.2500e+04 4.2201e-14 2.5000e-01
8.1373e+01 1.2500e+04 4.2494e-19 1.0000e-01 1.2500e+04 5.3118e-15 2.5000e-01
8.1765e+01 1.2500e+04 7.9270e-21 1.0000e-01 1.2500e+04 9.9087e-17 2.5000e-01
8.2157e+01 1.2500e+04 0.0000e+00 1.0000e-01 1.2500e+04 0.0000e+00 2.5000e-01
8.2549e+01 1.2500e+04 0.0000e+00 1.0000e-01 1.2500e+04 0.0000e+00 2.5000e-01
8.2941e+01 1.2500e+04 0.0000e+00 1.0000e-01 1.2500e+04 0.0000e+00 2.5000e-01
8.3333e+01 1.2500e+04 0.0000e+00 1.0000e-01 1.2500e+04 0.0000e+00 2.5000e-01
8.3725e+01 1.2500e+04 0.0000e+00 1.0000e-01 1.2500e+04 0.0000e+00 2.5000e-01
8.4118e+01 1.2500e+04 0.0000e+00 1.0000e-01 1.2500e+04 0.0000e+00 2.5000e-01
8.4510e+01 1.2500e+04 0.0000e+00 1.0000e-01 1.2500e+04 0.0000e+00 2.5000e-01
8.4902e+01 1.2500e+04 0.0000e+00 1.0000e-01 1.2500e+04 0.0000e+00 2.5000e-01
8.5294e+01 1.2500e+04 0.0000e+00 1.0000e-01 1.2500e+04 0.0000e+00 2.5000e-01
8.5686e+01 1.2500e+04 0.0000e+00 1.0000e-01 1.2500e+04 0.0000e+00 2.5000e-01
8.6078e+01 1.2500e+04 0.0000e+00 1.0000e-01 1.2500e+04 0.0000e+00 2.5000e-01
8.6471e+01 1.2500e+04 0.0000e+00 1.0000e-01 1.2500e+04 0.0000e+00 2.5000e-01
8.6863e+01 1.2500e+04 0.0000e+00 1.0000e-01 1.2500e+04 0.0000e+00 2.5000e-01
8.7255e+01 1.2500e+04 0.0000e+00 1.0000e-01 1.2500e+04 0.0000e+00 2.5000e-01
8.7647e+01 1.2500e+04 0.0000e+00 1.0000e-01 1.2500e+04 0.0000e+00 2.5000e-01
8.8039e+01 1.2500e+04 0.0000e+00 1.0000e-01 1.2500e+04 0.0000e+00 2.5000e-01
8.8431e+01 1.2500e+04 0.0000e+00 1.0000e-01 1.2500e+04 0.0000e+00 2.5000e-01
8.8824e+01 1.2500e+04 0.0000e+00 1.0000e-01 1.2500e+04 0.0000e+00 2.5000e-01
8.9216e+01 1.2500e+04 0.0000e+00 1.0000e-01 1.2500e+04 0.0000e+00 2.5000e-01
8.9608e+01 1.2500e+04 0.0000e+00 1.0000e-01 1.2500e+04 0.0000e+00 2.5000e-01
9.0000e+01 1.2500e+04 0.0000e+00 1.0000e-01 1.2500e+04 0.0000e+00 2.5000e-01
9.0392e+01 1.2500e+04 0.0000e+00 1.0000e-01 1.2500e+04 0.0000e+00 2.5000e-01
9.0784e+01 1.2500e+04 0.0000e+00 1.0000e-01 1.2500e+04 0.0000e+00 2.5000e-01
9.1176e+01 1.2500e+04 0.0000e+00 1.0000e-01 1.2500e+04 0.0000e+00 2.5000e-01
9.1569e+01 1.2500e+04 0.0000e+00 1.0000e-01 1.2500e+04 0.0000e+00 2.5000e-01
9.1961e+01 1.2500e+04 0.0000e+00 1.0000e-01 1.2500e+04 0.0000e+00 2.5000e-01
9.2353e+01 1.2500e+04 0.0000e+00 1.0000e-01 1.2500e+04 0.0000e+00 2.5000e-01
9.2745e+01 1.2500e+04 0.0000e+00 1.0000e-01 1.2500e+04 0.0000e+00 2.5000e-01
9.3137e+01 1.2500e+04 0.0000e+00 1.0000e-01 1.2500e+04 0.0000e+00 2.5000e-01
9.3529e+01 1.2500e+04 0.0000e+00 1.0000e-01 1.2500e+04 0.0000e+00 2.5000e-01
9.3922e+01 1.2500e+04 0.0000e+00 1.0000e-01 1.2500e+04 0.0000e+00 2.5000e-01
9.4314e+01 1.2500e+04 0.0000e+00 1.0000e-01 1.2500e+04 0.0000e+00 2.5000e-01
9.4706e+01 1.2500e+04 0.0000e+00 1.0000e-01 1.2500e+04 0.0000e+00 2.5000e-01
9.5098e+01 1.2500e+04 0.0000e+00 1.0000e-01 1.2500e+04 0.0000e+00 2.5000e-01
9.5490e+01 1.2500e+04 0.0000e+00 1.0000e-01 1.2500e+04 0.0000e+00 2.5000e-01
9.5882e+01 1.2500e+04 0.0000e+00 1.0000e-01 1.2500e+04 0.0000e+00 2.5000e-01
9.6275e+01 1.2500e+04 0.0000e+00 1.0000e-01 1.2500e+04 0.0000e+00 2.5000e-01
9.6667e+01 1.2500e+04 0.0000e+00 1.0000e-01 1.2500e+04 0.0000e+00 2.5000e-01
9.7059e+01 1.2500e+04 0.0000e+00 1.0000e-01 1.2500e+04 0.0000e+00 2.5000e-01
9.7451e+01 1.2500e+04 0.0000e+00 1.0000e-01 1.2500e+04 0.0000e+00 2.5000e-01
9.7843e+01 1.2500e+04 0.0000e+00 1.0000e-01 1.2500e+04 0.0000e+00 2.5000e-01
9.8235e+01 1.2500e+04 0.0000e+00 1.0000e-01 1.2500e+04 0.0000e+00 2.5000e-01
9.8627e+01 1.2500e+04 0.0000e+00 1.0000e-01 1.2500e+04 0.0000e+00 2.5000e-01
9.9020e+01 1.2500e+04 0.0000e+00 1.0000e-01 1.2500e+04 0.0000e+00 2.5000e-01
9.9412e+01 1.2500e+04 0.0000e+00 1.0000e-01 1.2500e+04 0.0000e+00 2.5000e-01
9.9804e+01 1.2500e+04 0.0000e+00 1.0000e-01 1.2500e+04 0.0000e+00 2.5000e-01
