# # x Density Velocity Pressure q0 q1 q2
1.9608e-01 1.0000e+05 0.0000e+00 1.0000e+00 1.0000e+05 0.0000e+00 2.5000e+00
5.8824e-01 1.0000e+05 0.0000e+00 1.0000e+00 1.0000e+05 0.0000e+00 2.5000e+00
9.8039e-01 1.0000e+05 0.0000e+00 1.0000e+00 1.0000e+05 0.0000e+00 2.5000e+00
1.3725e+00 1.0000e+05 0.0000e+00 1.0000e+00 1.0000e+05 0.0000e+00 2.5000e+00
1.7647e+00 1.0000e+05 0.0000e+00 1.0000e+00 1.0000e+05 0.0000e+00 2.5000e+00
2.1569e+00 1.0000e+05 0.0000e+00 1.0000e+00 1.0000e+05 0.0000e+00 2.5000e+00
2.5490e+00 1.0000e+05 0.0000e+00 1.0000e+00 1.0000e+05 0.0000e+00 2.5000e+00
2.9412e+00 1.0000e+05 0.0000e+00 1.0000e+00 1.0000e+05 0.0000e+00 2.5000e+00
3.3333e+00 1.0000e+05 0.0000e+00 1.0000e+00 1.0000e+05 0.0000e+00 2.5000e+00
3.7255e+00 1.0000e+05 0.0000e+00 1.0000e+00 1.0000e+05 0.0000e+00 2.5000e+00
4.1176e+00 1.0000e+05 0.0000e+00 1.0000e+00 1.0000e+05 0.0000e+00 2.5000e+00
4.5098e+00 1.0000e+05 0.0000e+00 1.0000e+00 1.0000e+05 0.0000e+00 2.5000e+00
4.9020e+00 1.0000e+05 0.0000e+00 1.0000e+00 1.0000e+05 0.0000e+00 2.5000e+00
5.2941e+00 1.0000e+05 0.0000e+00 1.0000e+00 1.0000e+05 0.0000e+00 2.5000e+00
5.6863e+00 1.0000e+05 0.0000e+00 1.0000e+00 1.0000e+05 0.0000e+00 2.5000e+00
6.0784e+00 1.0000e+05 0.0000e+00 1.0000e+00 1.0000e+05 0.0000e+00 2.5000e+00
6.4706e+00 1.0000e+05 0.0000e+00 1.0000e+00 1.0000e+05 0.0000e+00 2.5000e+00
6.8627e+00 1.0000e+05 0.0000e+00 1.0000e+00 1.0000e+05 0.0000e+00 2.5000e+00
7.2549e+00 1.0000e+05 0.0000e+00 1.0000e+00 1.0000e+05 0.0000e+00 2.5000e+00
7.6471e+00 1.0000e+05 0.0000e+00 1.0000e+00 1.0000e+05 0.0000e+00 2.5000e+00
8.0392e+00 1.0000e+05 0.0000e+00 1.0000e+00 1.0000e+05 0.0000e+00 2.5000e+00
8.4314e+00 1.0000e+05 0.0000e+00 1.0000e+00 1.0000e+05 0.0000e+00 2.5000e+00
8.8235e+00 1.0000e+05 0.0000e+00 1.0000e+00 1.0000e+05 0.0000e+00 2.5000e+00
9.2157e+00 1.0000e+05 0.0000e+00 1.0000e+00 1.0000e+05 0.0000e+00 2.5000e+00
9.6078e+00 1.0000e+05 0.0000e+00 1.0000e+00 1.0000e+05 0.0000e+00 2.5000e+00
1.0000e+01 1.0000e+05 0.0000e+00 1.0000e+00 1.0000e+05 0.0000e+00 2.5000e+00
1.0392e+01 1.0000e+05 0.0000e+00 1.0000e+00 1.0000e+05 0.0000e+00 2.5000e+00
1.0784e+01 1.0000e+05 0.0000e+00 1.0000e+00 1.0000e+05 0.0000e+00 2.5000e+00
1.1176e+01 1.0000e+05 0.0000e+00 1.0000e+00 1.0000e+05 0.0000e+00 2.5000e+00
1.1569e+01 1.0000e+05 0.0000e+00 1.0000e+00 1.0000e+05 0.0000e+00 2.5000e+00
1.1961e+01 1.0000e+05 0.0000e+00 1.0000e+00 1.0000e+05 0.0000e+00 2.5000e+00
1.2353e+01 1.0000e+05 0.0000e+00 1.0000e+00 1.0000e+05 0.0000e+00 2.5000e+00
1.2745e+01 1.0000e+05 0.0000e+00 1.0000e+00 1.0000e+05 0.0000e+00 2.5000e+00
1.3137e+01 1.0000e+05 0.0000e+00 1.0000e+00 1.0000e+05 0.0000e+00 2.5000e+00
1.3529e+01 1.0000e+05 0.0000e+00 1.0000e+00 1.0000e+05 0.0000e+00 2.5000e+00
1.3922e+01 1.0000e+05 0.0000e+00 1.0000e+00 1.0000e+05 0.0000e+00 2.5000e+00
1.4314e+01 1.0000e+05 0.0000e+00 1.0000e+00 1.0000e+05 0.0000e+00 2.5000e+00
1.4706e+01 1.0000e+05 0.0000e+00 1.0000e+00 1.0000e+05 0.0000e+00 2.5000e+00
1.5098e+01 1.0000e+05 0.0000e+00 1.0000e+00 1.0000e+05 0.0000e+00 2.5000e+00
1.5490e+01 1.0000e+05 0.0000e+00 1.0000e+00 1.0000e+05 0.0000e+00 2.5000e+00
1.5882e+01 1.0000e+05 0.0000e+00 1.0000e+00 1.0000e+05 0.0000e+00 2.5000e+00
1.6275e+01 1.0000e+05 0.0000e+00 1.0000e+00 1.0000e+05 0.0000e+00 2.5000e+00
1.6667e+01 1.0000e+05 0.0000e+00 1.0000e+00 1.0000e+05 0.0000e+00 2.5000e+00
1.7059e+01 1.0000e+05 0.0000e+00 1.0000e+00 1.0000e+05 0.0000e+00 2.5000e+00
1.7451e+01 1.0000e+05 0.0000e+00 1.0000e+00 1.0000e+05 0.0000e+00 2.5000e+00
1.7843e+01 1.0000e+05 0.0000e+00 1.0000e+00 1.0000e+05 0.0000e+00 2.5000e+00
1.8235e+01 1.0000e+05 0.0000e+00 1.0000e+00 1.0000e+05 0.0000e+00 2.5000e+00
1.8627e+01 1.0000e+05 0.0000e+00 1.0000e+00 1.0000e+05 0.0000e+00 2.5000e+00
1.9020e+01 1.0000e+05 0.0000e+00 1.0000e+00 1.0000e+05 0.0000e+00 2.5000e+00
1.9412e+01 1.0000e+05 3.5105e-20 1.0000e+00 1.0000e+05 3.5105e-15 2.5000e+00
1.9804e+01 1.0000e+05 5.5404e-19 1.0000e+00 1.0000e+05 5.5404e-14 2.5000e+00
2.0196e+01 1.0000e+05 2.3079e-18 1.0000e+00 1.0000e+05 2.3079e-13 2.5000e+00
2.0588e+01 1.0000e+05 5.4897e-18 1.0000e+00 1.0000e+05 5.4897e-13 2.5000e+00
2.0980e+01 1.0000e+05 1.0966e-17 1.0000e+00 1.0000e+05 1.0966e-12 2.5000e+00
2.1373e+01 1.0000e+05 2.1358e-17 1.0000e+00 1.0000e+05 2.1358e-12 2.5000e+00
2.1765e+01 1.0000e+05 4.2101e-17 1.0000e+00 1.0000e+05 4.2101e-12 2.5000e+00
2.2157e+01 1.0000e+05 8.5158e-17 1.0000e+00 1.0000e+05 8.5158e-12 2.5000e+00
2.2549e+01 1.0000e+05 1.7453e-16 1.0000e+00 1.0000e+05 1.7453e-11 2.5000e+00
2.2941e+01 1.0000e+05 3.5885e-16 1.0000e+00 1.0000e+05 3.5885e-11 2.5000e+00
2.3333e+01 1.0000e+05 7.3689e-16 1.0000e+00 1.0000e+05 7.3689e-11 2.5000e+00
2.3725e+01 1.0000e+05 1.5052e-15 1.0000e+00 1.0000e+05 1.5052e-10 2.5000e+00
2.4118e+01 1.0000e+05 3.0523e-15 1.0000e+00 1.0000e+05 3.0523e-10 2.5000e+00
2.4510e+01 1.0000e+05 6.1388e-15 1.0000e+00 1.0000e+05 6.1388e-10 2.5000e+00
2.4902e+01 1.0000e+05 1.2239e-14 1.0000e+00 1.0000e+05 1.2239e-09 2.5000e+00
2.5294e+01 1.0000e+05 2.4180e-14 1.0000e+00 1.0000e+05 2.4180e-09 2.5000e+00
2.5686e+01 1.0000e+05 4.7334e-14 1.0000e+00 1.0000e+05 4.7334e-09 2.5000e+00
2.6078e+01 1.0000e+05 9.1799e-14 1.0000e+00 1.0000e+05 9.1799e-09 2.5000e+00
2.6471e+01 1.0000e+05 1.7638e-13 1.0000e+00 1.0000e+05 1.7638e-08 2.5000e+00
2.6863e+01 1.0000e+05 3.3570e-13 1.0000e+00 1.0000e+05 3.3570e-08 2.5000e+00
2.7255e+01 1.0000e+05 6.3293e-13 1.0000e+00 1.0000e+05 6.3293e-08 2.5000e+00
2.7647e+01 1.0000e+05 1.1820e-12 1.0000e+00 1.0000e+05 1.1820e-07 2.5000e+00
2.8039e+01 1.0000e+05 2.1866e-12 1.0000e+00 1.0000e+05 2.1866e-07 2.5000e+00
2.8431e+01 1.0000e+05 4.0062e-12 1.0000e+00 1.0000e+05 4.0062e-07 2.5000e+00
2.8824e+01 1.0000e+05 7.2697e-12 1.0000e+00 1.0000e+05 7.2697e-07 2.5000e+00
2.9216e+01 1.0000e+05 1.3065e-11 1.0000e+00 1.0000e+05 1.3065e-06 2.5000e+00
2.9608e+01 1.0000e+05 2.3254e-11 1.0000e+00 1.0000e+05 2.3254e-06 2.5000e+00
3.0000e+01 1.0000e+05 4.0986e-11 1.0000e+00 1.0000e+05 4.0986e-06 2.5000e+00
3.0392e+01 1.0000e+05 7.1538e-11 1.0000e+00 1.0000e+05 7.1538e-06 2.5000e+00
3.0784e+01 1.0000e+05 1.2365e-10 1.0000e+00 1.0000e+05 1.2365e-05 2.5000e+00
3.1176e+01 1.0000e+05 2.1161e-10 1.0000e+00 1.0000e+05 2.1161e-05 2.5000e+00
3.1569e+01 1.0000e+05 3.5860e-10 1.0000e+00 1.0000e+05 3.5860e-05 2.5000e+00
3.1961e+01 1.0000e+05 6.0168e-10 1.0000e+00 1.0000e+05 6.0168e-05 2.5000e+00
3.2353e+01 1.0000e+05 9.9955e-10 1.0000e+00 1.0000e+05 9.9955e-05 2.5000e+00
3.2745e+01 1.0000e+05 1.6440e-09 1.0000e+00 1.0000e+05 1.6440e-04 2.5000e+00
3.3137e+01 1.0000e+05 2.6770e-09 9.9999e-01 1.0000e+05 2.6770e-04 2.5000e+00
3.3529e+01 1.0000e+05 4.3156e-09 9.9999e-01 1.0000e+05 4.3156e-04 2.5000e+00
3.3922e+01 1.0000e+05 6.8872e-09 9.9998e-01 1.0000e+05 6.8872e-04 2.5000e+00
3.4314e+01 1.0000e+05 1.0881e-08 9.9997e-01 1.0000e+05 1.0881e-03 2.4999e+00
3.4706e+01 1.0000e+05 1.7017e-08 9.9995e-01 1.0000e+05 1.7017e-03 2.4999e+00
3.5098e+01 1.0000e+05 2.6343e-08 9.9993e-01 1.0000e+05 2.6343e-03 2.4998e+00
3.5490e+01 1.0000e+05 4.0369e-08 9.9989e-01 1.0000e+05 4.0369e-03 2.4997e+00
3.5882e+01 1.0000e+05 6.1233e-08 9.9984e-01 1.0000e+05 6.1233e-03 2.4996e+00
3.6275e+01 1.0000e+05 9.1934e-08 9.9977e-01 1.0000e+05 9.1934e-03 2.4994e+00
3.6667e+01 9.9999e+04 1.3662e-07 9.9966e-01 9.9999e+04 1.3662e-02 2.4992e+00
3.7059e+01 9.9999e+04 2.0095e-07 9.9952e-01 9.9999e+04 2.0095e-02 2.4988e+00
3.7451e+01 9.9999e+04 2.9255e-07 9.9931e-01 9.9999e+04 2.9255e-02 2.4983e+00
3.7843e+01 9.9998e+04 4.2153e-07 9.9904e-01 9.9998e+04 4.2152e-02 2.4976e+00
3.8235e+01 9.9997e+04 6.0115e-07 9.9866e-01 9.9997e+04 6.0113e-02 2.4966e+00
3.8627e+01 9.9996e+04 8.4849e-07 9.9816e-01 9.9996e+04 8.4846e-02 2.4954e+00
3.9020e+01 9.9994e+04 1.1853e-06 9.9749e-01 9.9994e+04 1.1852e-01 2.4937e+00
3.9412e+01 9.9992e+04 1.6388e-06 9.9662e-01 9.9992e+04 1.6387e-01 2.4916e+00
3.9804e+01 9.9989e+04 2.2426e-06 9.9550e-01 9.9989e+04 2.2423e-01 2.4888e+00
4.0196e+01 9.9985e+04 3.0374e-06 9.9408e-01 9.9985e+04 3.0369e-01 2.4852e+00
4.0588e+01 9.9979e+04 4.0718e-06 9.9229e-01 9.9979e+04 4.0709e-01 2.4807e+00
4.0980e+01 9.9971e+04 5.4029e-06 9.9008e-01 9.9971e+04 5.4014e-01 2.4752e+00
4.1373e+01 9.9961e+04 7.0965e-06 9.8736e-01 9.9961e+04 7.0938e-01 2.4684e+00
4.1765e+01 9.9949e+04 9.2272e-06 9.8407e-01 9.9949e+04 9.2224e-01 2.4602e+00
4.2157e+01 9.9932e+04 1.1878e-05 9.8015e-01 9.9932e+04 1.1869e+00 2.4504e+00
4.2549e+01 9.9911e+04 1.5138e-05 9.7552e-01 9.9911e+04 1.5124e+00 2.4388e+00
4.2941e+01 9.9885e+04 1.9104e-05 9.7013e-01 9.9885e+04 1.9082e+00 2.4253e+00
4.3333e+01 9.9852e+04 2.3877e-05 9.6393e-01 9.9852e+04 2.3842e+00 2.4099e+00
4.3725e+01 9.9811e+04 2.9559e-05 9.5689e-01 9.9811e+04 2.9503e+00 2.3923e+00
4.4118e+01 9.9761e+04 3.6252e-05 9.4898e-01 9.9761e+04 3.6166e+00 2.3725e+00
4.4510e+01 9.9701e+04 4.4056e-05 9.4021e-01 9.9701e+04 4.3924e+00 2.3506e+00
4.4902e+01 9.9629e+04 5.3063e-05 9.3058e-01 9.9629e+04 5.2866e+00 2.3266e+00
4.5294e+01 9.9544e+04 6.3360e-05 9.2013e-01 9.9544e+04 6.3071e+00 2.3005e+00
4.5686e+01 9.9443e+04 7.5020e-05 9.0891e-01 9.9443e+04 7.4602e+00 2.2725e+00
4.6078e+01 9.9325e+04 8.8109e-05 8.9697e-01 9.9325e+04 8.7515e+00 2.2428e+00
4.6471e+01 9.9189e+04 1.0265e-04 8.8439e-01 9.9189e+04 1.0181e+01 2.2115e+00
4.6863e+01 9.9036e+04 1.1885e-04 8.7131e-01 9.9036e+04 1.1770e+01 2.1790e+00
4.7255e+01 9.8839e+04 1.3575e-04 8.5751e-01 9.8839e+04 1.3417e+01 2.1447e+00
4.7647e+01 9.8723e+04 1.5786e-04 8.4465e-01 9.8723e+04 1.5584e+01 2.1129e+00
4.8039e+01 9.8181e+04 1.6744e-04 8.2682e-01 9.8181e+04 1.6440e+01 2.0684e+00
4.8431e+01 9.8847e+04 2.2117e-04 8.2339e-01 9.8847e+04 2.1862e+01 2.0609e+00
4.8824e+01 9.6599e+04 1.7590e-04 7.8652e-01 9.6599e+04 1.6992e+01 1.9678e+00
4.9216e+01 9.8552e+04 2.9615e-04 8.0429e-01 9.8552e+04 2.9186e+01 2.0150e+00
4.9608e+01 1.0666e+05 2.5105e-04 7.6706e-01 1.0666e+05 2.6778e+01 1.9210e+00
5.0000e+01 1.6605e+04 3.0333e-04 7.6889e-01 1.6605e+04 5.0370e+00 1.9230e+00
5.0392e+01 1.0644e+04 4.1825e-04 7.6651e-01 1.0644e+04 4.4519e+00 1.9172e+00
5.0784e+01 1.0687e+04 5.2046e-04 7.5974e-01 1.0687e+04 5.5623e+00 1.9008e+00
5.1176e+01 1.1279e+04 6.0232e-04 7.5363e-01 1.1279e+04 6.7936e+00 1.8861e+00
5.1569e+01 1.1764e+04 8.7752e-04 7.7232e-01 1.1764e+04 1.0323e+01 1.9353e+00
5.1961e+01 1.2370e+04 1.1421e-03 7.9303e-01 1.2370e+04 1.4127e+01 1.9906e+00
5.2353e+01 1.2645e+04 1.3259e-03 8.0717e-01 1.2645e+04 1.6766e+01 2.0290e+00
5.2745e+01 1.2831e+04 1.3722e-03 8.0643e-01 1.2831e+04 1.7606e+01 2.0281e+00
5.3137e+01 1.2826e+04 1.3809e-03 8.0244e-01 1.2826e+04 1.7713e+01 2.0183e+00
5.3529e+01 1.2862e+04 1.3634e-03 7.9592e-01 1.2862e+04 1.7537e+01 2.0018e+00
5.3922e+01 1.2842e+04 1.3564e-03 7.9037e-01 1.2842e+04 1.7418e+01 1.9877e+00
5.4314e+01 1.2859e+04 1.3392e-03 7.8346e-01 1.2859e+04 1.7220e+01 1.9702e+00
5.4706e+01 1.2847e+04 1.3278e-03 7.7689e-01 1.2847e+04 1.7058e+01 1.9536e+00
5.5098e+01 1.2854e+04 1.3102e-03 7.6940e-01 1.2854e+04 1.6841e+01 1.9345e+00
5.5490e+01 1.2847e+04 1.2954e-03 7.6189e-01 1.2847e+04 1.6642e+01 1.9155e+00
5.5882e+01 1.2849e+04 1.2768e-03 7.5371e-01 1.2849e+04 1.6405e+01 1.8948e+00
5.6275e+01 1.2843e+04 1.2594e-03 7.4534e-01 1.2843e+04 1.6174e+01 1.8735e+00
5.6667e+01 1.2841e+04 1.2396e-03 7.3644e-01 1.2841e+04 1.5918e+01 1.8510e+00
5.7059e+01 1.2836e+04 1.2200e-03 7.2725e-01 1.2836e+04 1.5660e+01 1.8277e+00
5.7451e+01 1.2832e+04 1.1987e-03 7.1761e-01 1.2832e+04 1.5383e+01 1.8033e+00
5.7843e+01 1.2827e+04 1.1772e-03 7.0763e-01 1.2827e+04 1.5100e+01 1.7780e+00
5.8235e+01 1.2822e+04 1.1544e-03 6.9722e-01 1.2822e+04 1.4802e+01 1.7516e+00
5.8627e+01 1.2816e+04 1.1310e-03 6.8643e-01 1.2816e+04 1.4496e+01 1.7243e+00
5.9020e+01 1.2810e+04 1.1066e-03 6.7518e-01 1.2810e+04 1.4175e+01 1.6958e+00
5.9412e+01 1.2803e+04 1.0813e-03 6.6348e-01 1.2803e+04 1.3844e+01 1.6662e+00
5.9804e+01 1.2796e+04 1.0550e-03 6.5129e-01 1.2796e+04 1.3500e+01 1.6353e+00
6.0196e+01 1.2789e+04 1.0277e-03 6.3857e-01 1.2789e+04 1.3143e+01 1.6032e+00
6.0588e+01 1.2781e+04 9.9922e-04 6.2528e-01 1.2781e+04 1.2771e+01 1.5696e+00
6.0980e+01 1.2773e+04 9.6967e-04 6.1138e-01 1.2773e+04 1.2385e+01 1.5345e+00
6.1373e+01 1.2764e+04 9.3891e-04 5.9682e-01 1.2764e+04 1.1984e+01 1.4977e+00
6.1765e+01 1.2755e+04 9.0691e-04 5.8156e-01 1.2755e+04 1.1568e+01 1.4592e+00
6.2157e+01 1.2745e+04 8.7361e-04 5.6556e-01 1.2745e+04 1.1135e+01 1.4188e+00
6.2549e+01 1.2735e+04 8.3896e-04 5.4876e-01 1.2735e+04 1.0685e+01 1.3764e+00
6.2941e+01 1.2725e+04 8.0291e-04 5.3112e-01 1.2725e+04 1.0217e+01 1.3319e+00
6.3333e+01 1.2714e+04 7.6542e-04 5.1259e-01 1.2714e+04 9.7317e+00 1.2852e+00
6.3725e+01 1.2703e+04 7.2643e-04 4.9313e-01 1.2703e+04 9.2277e+00 1.2362e+00
6.4118e+01 1.2691e+04 6.8590e-04 4.7269e-01 1.2691e+04 8.7048e+00 1.1847e+00
6.4510e+01 1.2679e+04 6.4377e-04 4.5122e-01 1.2679e+04 8.1624e+00 1.1307e+00
6.4902e+01 1.2666e+04 6.0001e-04 4.2866e-01 1.2666e+04 7.6000e+00 1.0739e+00
6.5294e+01 1.2653e+04 5.5456e-04 4.0497e-01 1.2653e+04 7.0170e+00 1.0144e+00
6.5686e+01 1.2640e+04 5.0737e-04 3.8008e-01 1.2640e+04 6.4130e+00 9.5183e-01
6.6078e+01 1.2626e+04 4.5836e-04 3.5394e-01 1.2626e+04 5.7872e+00 8.8617e-01
6.6471e+01 1.2611e+04 4.0747e-04 3.2646e-01 1.2611e+04 5.1388e+00 8.1721e-01
6.6863e+01 1.2597e+04 3.5464e-04 2.9759e-01 1.2597e+04 4.4672e+00 7.4476e-01
6.7255e+01 1.2581e+04 2.9986e-04 2.6727e-01 1.2581e+04 3.7726e+00 6.6875e-01
6.7647e+01 1.2566e+04 2.4347e-04 2.3566e-01 1.2566e+04 3.0594e+00 5.8952e-01
6.8039e+01 1.2550e+04 1.8667e-04 2.0343e-01 1.2550e+04 2.3427e+00 5.0878e-01
6.8431e+01 1.2536e+04 1.3224e-04 1.7231e-01 1.2536e+04 1.6578e+00 4.3089e-01
6.8824e+01 1.2523e+04 8.4596e-05 1.4519e-01 1.2523e+04 1.0594e+00 3.6302e-01
6.9216e+01 1.2513e+04 4.8044e-05 1.2485e-01 1.2513e+04 6.0119e-01 3.1213e-01
6.9608e+01 1.2507e+04 2.4168e-05 1.1207e-01 1.2507e+04 3.0226e-01 2.8018e-01
7.0000e+01 1.2503e+04 1.0944e-05 1.0531e-01 1.2503e+04 1.3683e-01 2.6328e-01
7.0392e+01 1.2501e+04 4.5921e-06 1.0219e-01 1.2501e+04 5.7408e-02 2.5548e-01
7.0784e+01 1.2501e+04 1.8394e-06 1.0087e-01 1.2501e+04 2.2994e-02 2.5218e-01
7.1176e+01 1.2500e+04 7.1853e-07 1.0034e-01 1.2500e+04 8.9818e-03 2.5085e-01
7.1569e+01 1.2500e+04 2.7698e-07 1.0013e-01 1.2500e+04 3.4623e-03 2.5033e-01
7.1961e+01 1.2500e+04 1.0595e-07 1.0005e-01 1.2500e+04 1.3244e-03 2.5013e-01
7.2353e+01 1.2500e+04 4.0308e-08 1.0002e-01 1.2500e+04 5.0385e-04 2.5005e-01
7.2745e+01 1.2500e+04 1.5266e-08 1.0001e-01 1.2500e+04 1.9082e-04 2.5002e-01
7.3137e+01 1.2500e+04 5.7574e-09 1.0000e-01 1.2500e+04 7.1968e-05 2.5001e-01
7.3529e+01 1.2500e+04 2.1626e-09 1.0000e-01 1.2500e+04 2.7032e-05 2.5000e-01
7.3922e+01 1.2500e+04 8.0900e-10 1.0000e-01 1.2500e+04 1.0112e-05 2.5000e-01
7.4314e+01 1.2500e+04 3.0141e-10 1.0000e-01 1.2500e+04 3.7676e-06 2.5000e-01
7.4706e+01 1.2500e+04 1.1184e-10 1.0000e-01 1.2500e+04 1.3980e-06 2.5000e-01
7.5098e+01 1.2500e+04 4.1328e-11 1.0000e-01 1.2500e+04 5.1660e-07 2.5000e-01
7.5490e+01 1.2500e+04 1.5209e-11 1.0000e-01 1.2500e+04 1.9011e-07 2.5000e-01
7.5882e+01 1.2500e+04 5.5734e-12 1.0000e-01 1.2500e+04 6.9667e-08 2.5000e-01
7.6275e+01 1.2500e+04 2.0338e-12 1.0000e-01 1.2500e+04 2.5423e-08 2.5000e-01
7.6667e+01 1.2500e+04 7.3905e-13 1.0000e-01 1.2500e+04 9.2381e-09 2.5000e-01
7.7059e+01 1.2500e+04 2.6741e-13 1.0000e-01 1.2500e+04 3.3426e-09 2.5000e-01
7.7451e+01 1.2500e+04 9.6339e-14 1.0000e-01 1.2500e+04 1.2042e-09 2.5000e-01
7.7843e+01 1.2500e+04 3.4557e-14 1.0000e-01 1.2500e+04 4.3197e-10 2.5000e-01
7.8235e+01 1.2500e+04 1.2341e-14 1.0000e-01 1.2500e+04 1.5426e-10 2.5000e-01
7.8627e+01 1.2500e+04 4.3867e-15 1.0000e-01 1.2500e+04 5.4834e-11 2.5000e-01
7.9020e+01 1.2500e+04 1.5515e-15 1.0000e-01 1.2500e+04 1.9394e-11 2.5000e-01
7.9412e+01 1.2500e+04 5.4543e-16 1.0000e-01 1.2500e+04 6.8179e-12 2.5000e-01
7.9804e+01 1.2500e+04 1.8979e-16 1.0000e-01 1.2500e+04 2.3724e-12 2.5000e-01
8.0196e+01 1.2500e+04 6.4765e-17 1.0000e-01 1.2500e+04 8.0956e-13 2.5000e-01
8.0588e+01 1.2500e+04 2.1118e-17 1.0000e-01 1.2500e+04 2.6398e-13 2.5000e-01
8.0980e+01 1.2500e+04 6.1499e-18 1.0000e-01 1.2500e+04 7.6874e-14 2.5000e-01
8.1373e+01 1.2500e+04 1.2247e-18 1.0000e-01 1.2500e+04 1.5309e-14 2.5000e-01
8.1765e+01 1.2500e+04 2.4913e-20 1.0000e-01 1.2500e+04 3.1142e-16 2.5000e-01
8.2157e+01 1.2500e+04 0.0000e+00 1.0000e-01 1.2500e+04 0.0000e+00 2.5000e-01
8.2549e+01 1.2500e+04 0.0000e+00 1.0000e-01 1.2500e+04 0.0000e+00 2.5000e-01
8.2941e+01 1.2500e+04 0.0000e+00 1.0000e-01 1.2500e+04 0.0000e+00 2.5000e-01
8.3333e+01 1.2500e+04 0.0000e+00 1.0000e-01 1.2500e+04 0.0000e+00 2.5000e-01
8.3725e+01 1.2500e+04 0.0000e+00 1.0000e-01 1.2500e+04 0.0000e+00 2.5000e-01
8.4118e+01 1.2500e+04 0.0000e+00 1.0000e-01 1.2500e+04 0.0000e+00 2.5000e-01
8.4510e+01 1.2500e+04 0.0000e+00 1.0000e-01 1.2500e+04 0.0000e+00 2.5000e-01
8.4902e+01 1.2500e+04 0.0000e+00 1.0000e-01 1.2500e+04 0.0000e+00 2.5000e-01
8.5294e+01 1.2500e+04 0.0000e+00 1.0000e-01 1.2500e+04 0.0000e+00 2.5000e-01
8.5686e+01 1.2500e+04 0.0000e+00 1.0000e-01 1.2500e+04 0.0000e+00 2.5000e-01
8.6078e+01 1.2500e+04 0.0000e+00 1.0000e-01 1.2500e+04 0.0000e+00 2.5000e-01
8.6471e+01 1.2500e+04 0.0000e+00 1.0000e-01 1.2500e+04 0.0000e+00 2.5000e-01
8.6863e+01 1.2500e+04 0.0000e+00 1.0000e-01 1.2500e+04 0.0000e+00 2.5000e-01
8.7255e+01 1.2500e+04 0.0000e+00 1.0000e-01 1.2500e+04 0.0000e+00 2.5000e-01
8.7647e+01 1.2500e+04 0.0000e+00 1.0000e-01 1.2500e+04 0.0000e+00 2.5000e-01
8.8039e+01 1.2500e+04 0.0000e+00 1.0000e-01 1.2500e+04 0.0000e+00 2.5000e-01
8.8431e+01 1.2500e+04 0.0000e+00 1.0000e-01 1.2500e+04 0.0000e+00 2.5000e-01
8.8824e+01 1.2500e+04 0.0000e+00 1.0000e-01 1.2500e+04 0.0000e+00 2.5000e-01
8.9216e+01 1.2500e+04 0.0000e+00 1.0000e-01 1.2500e+04 0.0000e+00 2.5000e-01
8.9608e+01 1.2500e+04 0.0000e+00 1.0000e-01 1.2500e+04 0.0000e+00 2.5000e-01
9.0000e+01 1.2500e+04 0.0000e+00 1.0000e-01 1.2500e+04 0.0000e+00 2.5000e-01
9.0392e+01 1.2500e+04 0.0000e+00 1.0000e-01 1.2500e+04 0.0000e+00 2.5000e-01
9.0784e+01 1.2500e+04 0.0000e+00 1.0000e-01 1.2500e+04 0.0000e+00 2.5000e-01
9.1176e+01 1.2500e+04 0.0000e+00 1.0000e-01 1.2500e+04 0.0000e+00 2.5000e-01
9.1569e+01 1.2500e+04 0.0000e+00 1.0000e-01 1.2500e+04 0.0000e+00 2.5000e-01
9.1961e+01 1.2500e+04 0.0000e+00 1.0000e-01 1.2500e+04 0.0000e+00 2.5000e-01
9.2353e+01 1.2500e+04 0.0000e+00 1.0000e-01 1.2500e+04 0.0000e+00 2.5000e-01
9.2745e+01 1.2500e+04 0.0000e+00 1.0000e-01 1.2500e+04 0.0000e+00 2.5000e-01
9.3137e+01 1.2500e+04 0.0000e+00 1.0000e-01 1.2500e+04 0.0000e+00 2.5000e-01
9.3529e+01 1.2500e+04 0.0000e+00 1.0000e-01 1.2500e+04 0.0000e+00 2.5000e-01
9.3922e+01 1.2500e+04 0.0000e+00 1.0000e-01 1.2500e+04 0.0000e+00 2.5000e-01
9.4314e+01 1.2500e+04 0.0000e+00 1.0000e-01 1.2500e+04 0.0000e+00 2.5000e-01
9.4706e+01 1.2500e+04 0.0000e+00 1.0000e-01 1.2500e+04 0.0000e+00 2.5000e-01
9.5098e+01 1.2500e+04 0.0000e+00 1.0000e-01 1.2500e+04 0.0000e+00 2.5000e-01
9.5490e+01 1.2500e+04 0.0000e+00 1.0000e-01 1.2500e+04 0.0000e+00 2.5000e-01
9.5882e+01 1.2500e+04 0.0000e+00 1.0000e-01 1.2500e+04 0.0000e+00 2.5000e-01
9.6275e+01 1.2500e+04 0.0000e+00 1.0000e-01 1.2500e+04 0.0000e+00 2.5000e-01
9.6667e+01 1.2500e+04 0.0000e+00 1.0000e-01 1.2500e+04 0.0000e+00 2.5000e-01
9.7059e+01 1.2500e+04 0.0000e+00 1.0000e-01 1.2500e+04 0.0000e+00 2.5000e-01
9.7451e+01 1.2500e+04 0.0000e+00 1.0000e-01 1.2500e+04 0.0000e+00 2.5000e-01
9.7843e+01 1.2500e+04 0.0000e+00 1.0000e-01 1.2500e+04 0.0000e+00 2.5000e-01
9.8235e+01 1.2500e+04 0.0000e+00 1.0000e-01 1.2500e+04 0.0000e+00 2.5000e-01
9.8627e+01 1.2500e+04 0.0000e+00 1.0000e-01 1.2500e+04 0.0000e+00 2.5000e-01
9.9020e+01 1.2500e+04 0.0000e+00 1.0000e-01 1.2500e+04 0.0000e+00 2.5000e-01
9.9412e+01 1.2500e+04 0.0000e+00 1.0000e-01 1.2500e+04 0.0000e+00 2.5000e-01
9.9804e+01 1.2500e+04 0.0000e+00 1.0000e-01 1.2500e+04 0.0000e+00 2.5000e-01
