# # x Density Velocity Pressure q0 q1 q2
1.9608e-01 1.0000e+05 0.0000e+00 1.0000e+00 1.0000e+05 0.0000e+00 2.5000e+00
5.8824e-01 1.0000e+05 0.0000e+00 1.0000e+00 1.0000e+05 0.0000e+00 2.5000e+00
9.8039e-01 1.0000e+05 0.0000e+00 1.0000e+00 1.0000e+05 0.0000e+00 2.5000e+00
1.3725e+00 1.0000e+05 0.0000e+00 1.0000e+00 1.0000e+05 0.0000e+00 2.5000e+00
1.7647e+00 1.0000e+05 0.0000e+00 1.0000e+00 1.0000e+05 0.0000e+00 2.5000e+00
2.1569e+00 1.0000e+05 0.0000e+00 1.0000e+00 1.0000e+05 0.0000e+00 2.5000e+00
2.5490e+00 1.0000e+05 0.0000e+00 1.0000e+00 1.0000e+05 0.0000e+00 2.5000e+00
2.9412e+00 1.0000e+05 0.0000e+00 1.0000e+00 1.0000e+05 0.0000e+00 2.5000e+00
3.3333e+00 1.0000e+05 0.0000e+00 1.0000e+00 1.0000e+05 0.0000e+00 2.5000e+00
3.7255e+00 1.0000e+05 0.0000e+00 1.0000e+00 1.0000e+05 0.0000e+00 2.5000e+00
4.1176e+00 1.0000e+05 0.0000e+00 1.0000e+00 1.0000e+05 0.0000e+00 2.5000e+00
4.5098e+00 1.0000e+05 0.0000e+00 1.0000e+00 1.0000e+05 0.0000e+00 2.5000e+00
4.9020e+00 1.0000e+05 0.0000e+00 1.0000e+00 1.0000e+05 0.0000e+00 2.5000e+00
5.2941e+00 1.0000e+05 0.0000e+00 1.0000e+00 1.0000e+05 0.0000e+00 2.5000e+00
5.6863e+00 1.0000e+05 0.0000e+00 1.0000e+00 1.0000e+05 0.0000e+00 2.5000e+00
6.0784e+00 1.0000e+05 0.0000e+00 1.0000e+00 1.0000e+05 0.0000e+00 2.5000e+00
6.4706e+00 1.0000e+05 0.0000e+00 1.0000e+00 1.0000e+05 0.0000e+00 2.5000e+00
6.8627e+00 1.0000e+05 0.0000e+00 1.0000e+00 1.0000e+05 0.0000e+00 2.5000e+00
7.2549e+00 1.0000e+05 0.0000e+00 1.0000e+00 1.0000e+05 0.0000e+00 2.5000e+00
7.6471e+00 1.0000e+05 0.0000e+00 1.0000e+00 1.0000e+05 0.0000e+00 2.5000e+00
8.0392e+00 1.0000e+05 0.0000e+00 1.0000e+00 1.0000e+05 0.0000e+00 2.5000e+00
8.4314e+00 1.0000e+05 0.0000e+00 1.0000e+00 1.0000e+05 0.0000e+00 2.5000e+00
8.8235e+00 1.0000e+05 0.0000e+00 1.0000e+00 1.0000e+05 0.0000e+00 2.5000e+00
9.2157e+00 1.0000e+05 0.0000e+00 1.0000e+00 1.0000e+05 0.0000e+00 2.5000e+00
9.6078e+00 1.0000e+05 0.0000e+00 1.0000e+00 1.0000e+05 0.0000e+00 2.5000e+00
1.0000e+01 1.0000e+05 0.0000e+00 1.0000e+00 1.0000e+05 0.0000e+00 2.5000e+00
1.0392e+01 1.0000e+05 0.0000e+00 1.0000e+00 1.0000e+05 0.0000e+00 2.5000e+00
1.0784e+01 1.0000e+05 0.0000e+00 1.0000e+00 1.0000e+05 0.0000e+00 2.5000e+00
1.1176e+01 1.0000e+05 0.0000e+00 1.0000e+00 1.0000e+05 0.0000e+00 2.5000e+00
1.1569e+01 1.0000e+05 0.0000e+00 1.0000e+00 1.0000e+05 0.0000e+00 2.5000e+00
1.1961e+01 1.0000e+05 0.0000e+00 1.0000e+00 1.0000e+05 0.0000e+00 2.5000e+00
1.2353e+01 1.0000e+05 0.0000e+00 1.0000e+00 1.0000e+05 0.0000e+00 2.5000e+00
1.2745e+01 1.0000e+05 0.0000e+00 1.0000e+00 1.0000e+05 0.0000e+00 2.5000e+00
1.3137e+01 1.0000e+05 0.0000e+00 1.0000e+00 1.0000e+05 0.0000e+00 2.5000e+00
1.3529e+01 1.0000e+05 0.0000e+00 1.0000e+00 1.0000e+05 0.0000e+00 2.5000e+00
1.3922e+01 1.0000e+05 0.0000e+00 1.0000e+00 1.0000e+05 0.0000e+00 2.5000e+00
1.4314e+01 1.0000e+05 0.0000e+00 1.0000e+00 1.0000e+05 0.0000e+00 2.5000e+00
1.4706e+01 1.0000e+05 0.0000e+00 1.0000e+00 1.0000e+05 0.0000e+00 2.5000e+00
1.5098e+01 1.0000e+05 0.0000e+00 1.0000e+00 1.0000e+05 0.0000e+00 2.5000e+00
1.5490e+01 1.0000e+05 0.0000e+00 1.0000e+00 1.0000e+05 0.0000e+00 2.5000e+00
1.5882e+01 1.0000e+05 0.0000e+00 1.0000e+00 1.0000e+05 0.0000e+00 2.5000e+00
1.6275e+01 1.0000e+05 0.0000e+00 1.0000e+00 1.0000e+05 0.0000e+00 2.5000e+00
1.6667e+01 1.0000e+05 0.0000e+00 1.0000e+00 1.0000e+05 0.0000e+00 2.5000e+00
1.7059e+01 1.0000e+05 0.0000e+00 1.0000e+00 1.0000e+05 0.0000e+00 2.5000e+00
1.7451e+01 1.0000e+05 0.0000e+00 1.0000e+00 1.0000e+05 0.0000e+00 2.5000e+00
1.7843e+01 1.0000e+05 0.0000e+00 1.0000e+00 1.0000e+05 0.0000e+00 2.5000e+00
1.8235e+01 1.0000e+05 0.0000e+00 1.0000e+00 1.0000e+05 0.0000e+00 2.5000e+00
1.8627e+01 1.0000e+05 0.0000e+00 1.0000e+00 1.0000e+05 0.0000e+00 2.5000e+00
1.9020e+01 1.0000e+05 0.0000e+00 1.0000e+00 1.0000e+05 0.0000e+00 2.5000e+00
1.9412e+01 1.0000e+05 9.3708e-20 1.0000e+00 1.0000e+05 9.3708e-15 2.5000e+00
1.9804e+01 1.0000e+05 8.2922e-19 1.0000e+00 1.0000e+05 8.2922e-14 2.5000e+00
2.0196e+01 1.0000e+05 2.9007e-18 1.0000e+00 1.0000e+05 2.9007e-13 2.5000e+00
2.0588e+01 1.0000e+05 6.5021e-18 1.0000e+00 1.0000e+05 6.5021e-13 2.5000e+00
2.0980e+01 1.0000e+05 1.2747e-17 1.0000e+00 1.0000e+05 1.2747e-12 2.5000e+00
2.1373e+01 1.0000e+05 2.4771e-17 1.0000e+00 1.0000e+05 2.4771e-12 2.5000e+00
2.1765e+01 1.0000e+05 4.9072e-17 1.0000e+00 1.0000e+05 4.9072e-12 2.5000e+00
2.2157e+01 1.0000e+05 9.9432e-17 1.0000e+00 1.0000e+05 9.9432e-12 2.5000e+00
2.2549e+01 1.0000e+05 2.0368e-16 1.0000e+00 1.0000e+05 2.0368e-11 2.5000e+00
2.2941e+01 1.0000e+05 4.1796e-16 1.0000e+00 1.0000e+05 4.1796e-11 2.5000e+00
2.3333e+01 1.0000e+05 8.5583e-16 1.0000e+00 1.0000e+05 8.5583e-11 2.5000e+00
2.3725e+01 1.0000e+05 1.7425e-15 1.0000e+00 1.0000e+05 1.7425e-10 2.5000e+00
2.4118e+01 1.0000e+05 3.5207e-15 1.0000e+00 1.0000e+05 3.5207e-10 2.5000e+00
2.4510e+01 1.0000e+05 7.0552e-15 1.0000e+00 1.0000e+05 7.0552e-10 2.5000e+00
2.4902e+01 1.0000e+05 1.4014e-14 1.0000e+00 1.0000e+05 1.4014e-09 2.5000e+00
2.5294e+01 1.0000e+05 2.7587e-14 1.0000e+00 1.0000e+05 2.7587e-09 2.5000e+00
2.5686e+01 1.0000e+05 5.3807e-14 1.0000e+00 1.0000e+05 5.3807e-09 2.5000e+00
2.6078e+01 1.0000e+05 1.0398e-13 1.0000e+00 1.0000e+05 1.0398e-08 2.5000e+00
2.6471e+01 1.0000e+05 1.9907e-13 1.0000e+00 1.0000e+05 1.9907e-08 2.5000e+00
2.6863e+01 1.0000e+05 3.7756e-13 1.0000e+00 1.0000e+05 3.7756e-08 2.5000e+00
2.7255e+01 1.0000e+05 7.0938e-13 1.0000e+00 1.0000e+05 7.0938e-08 2.5000e+00
2.7647e+01 1.0000e+05 1.3203e-12 1.0000e+00 1.0000e+05 1.3203e-07 2.5000e+00
2.8039e+01 1.0000e+05 2.4340e-12 1.0000e+00 1.0000e+05 2.4340e-07 2.5000e+00
2.8431e+01 1.0000e+05 4.4446e-12 1.0000e+00 1.0000e+05 4.4446e-07 2.5000e+00
2.8824e+01 1.0000e+05 8.0387e-12 1.0000e+00 1.0000e+05 8.0387e-07 2.5000e+00
2.9216e+01 1.0000e+05 1.4400e-11 1.0000e+00 1.0000e+05 1.4400e-06 2.5000e+00
2.9608e+01 1.0000e+05 2.5547e-11 1.0000e+00 1.0000e+05 2.5547e-06 2.5000e+00
3.0000e+01 1.0000e+05 4.4885e-11 1.0000e+00 1.0000e+05 4.4885e-06 2.5000e+00
3.0392e+01 1.0000e+05 7.8099e-11 1.0000e+00 1.0000e+05 7.8099e-06 2.5000e+00
3.0784e+01 1.0000e+05 1.3457e-10 1.0000e+00 1.0000e+05 1.3457e-05 2.5000e+00
3.1176e+01 1.0000e+05 2.2961e-10 1.0000e+00 1.0000e+05 2.2961e-05 2.5000e+00
3.1569e+01 1.0000e+05 3.8793e-10 1.0000e+00 1.0000e+05 3.8793e-05 2.5000e+00
3.1961e+01 1.0000e+05 6.4899e-10 1.0000e+00 1.0000e+05 6.4899e-05 2.5000e+00
3.2353e+01 1.0000e+05 1.0750e-09 1.0000e+00 1.0000e+05 1.0750e-04 2.5000e+00
3.2745e+01 1.0000e+05 1.7631e-09 9.9999e-01 1.0000e+05 1.7631e-04 2.5000e+00
3.3137e+01 1.0000e+05 2.8629e-09 9.9999e-01 1.0000e+05 2.8629e-04 2.5000e+00
3.3529e+01 1.0000e+05 4.6026e-09 9.9999e-01 1.0000e+05 4.6026e-04 2.5000e+00
3.3922e+01 1.0000e+05 7.3255e-09 9.9998e-01 1.0000e+05 7.3255e-04 2.4999e+00
3.4314e+01 1.0000e+05 1.1543e-08 9.9997e-01 1.0000e+05 1.1543e-03 2.4999e+00
3.4706e+01 1.0000e+05 1.8005e-08 9.9995e-01 1.0000e+05 1.8005e-03 2.4999e+00
3.5098e+01 1.0000e+05 2.7802e-08 9.9993e-01 1.0000e+05 2.7802e-03 2.4998e+00
3.5490e+01 1.0000e+05 4.2499e-08 9.9989e-01 1.0000e+05 4.2498e-03 2.4997e+00
3.5882e+01 1.0000e+05 6.4306e-08 9.9984e-01 1.0000e+05 6.4306e-03 2.4996e+00
3.6275e+01 1.0000e+05 9.6319e-08 9.9976e-01 1.0000e+05 9.6318e-03 2.4994e+00
3.6667e+01 9.9999e+04 1.4280e-07 9.9965e-01 9.9999e+04 1.4280e-02 2.4991e+00
3.7059e+01 9.9999e+04 2.0957e-07 9.9950e-01 9.9999e+04 2.0957e-02 2.4987e+00
3.7451e+01 9.9999e+04 3.0442e-07 9.9929e-01 9.9999e+04 3.0441e-02 2.4982e+00
3.7843e+01 9.9998e+04 4.3768e-07 9.9900e-01 9.9998e+04 4.3767e-02 2.4975e+00
3.8235e+01 9.9997e+04 6.2286e-07 9.9862e-01 9.9997e+04 6.2284e-02 2.4965e+00
3.8627e+01 9.9996e+04 8.7734e-07 9.9810e-01 9.9996e+04 8.7731e-02 2.4953e+00
3.9020e+01 9.9994e+04 1.2232e-06 9.9742e-01 9.9994e+04 1.2231e-01 2.4936e+00
3.9412e+01 9.9992e+04 1.6879e-06 9.9654e-01 9.9992e+04 1.6878e-01 2.4913e+00
3.9804e+01 9.9989e+04 2.3054e-06 9.9540e-01 9.9989e+04 2.3052e-01 2.4885e+00
4.0196e+01 9.9984e+04 3.1168e-06 9.9396e-01 9.9984e+04 3.1164e-01 2.4849e+00
4.0588e+01 9.9978e+04 4.1710e-06 9.9214e-01 9.9978e+04 4.1701e-01 2.4804e+00
4.0980e+01 9.9971e+04 5.5253e-06 9.8990e-01 9.9971e+04 5.5237e-01 2.4748e+00
4.1373e+01 9.9960e+04 7.2455e-06 9.8715e-01 9.9960e+04 7.2427e-01 2.4679e+00
4.1765e+01 9.9947e+04 9.4063e-06 9.8384e-01 9.9947e+04 9.4014e-01 2.4596e+00
4.2157e+01 9.9931e+04 1.2090e-05 9.7989e-01 9.9931e+04 1.2082e+00 2.4497e+00
4.2549e+01 9.9909e+04 1.5387e-05 9.7523e-01 9.9909e+04 1.5373e+00 2.4381e+00
4.2941e+01 9.9882e+04 1.9393e-05 9.6982e-01 9.9882e+04 1.9370e+00 2.4246e+00
4.3333e+01 9.9849e+04 2.4207e-05 9.6359e-01 9.9849e+04 2.4171e+00 2.4090e+00
4.3725e+01 9.9808e+04 2.9932e-05 9.5653e-01 9.9808e+04 2.9875e+00 2.3914e+00
4.4118e+01 9.9758e+04 3.6669e-05 9.4861e-01 9.9758e+04 3.6580e+00 2.3716e+00
4.4510e+01 9.9697e+04 4.4516e-05 9.3983e-01 9.9697e+04 4.4381e+00 2.3497e+00
4.4902e+01 9.9624e+04 5.3566e-05 9.3019e-01 9.9624e+04 5.3365e+00 2.3256e+00
4.5294e+01 9.9538e+04 6.3903e-05 9.1974e-01 9.9538e+04 6.3608e+00 2.2996e+00
4.5686e+01 9.9437e+04 7.5601e-05 9.0852e-01 9.9437e+04 7.5175e+00 2.2716e+00
4.6078e+01 9.9318e+04 8.8725e-05 8.9660e-01 9.9318e+04 8.8120e+00 2.2419e+00
4.6471e+01 9.9181e+04 1.0329e-04 8.8403e-01 9.9181e+04 1.0244e+01 2.2106e+00
4.6863e+01 9.9028e+04 1.1952e-04 8.7098e-01 9.9028e+04 1.1836e+01 2.1781e+00
4.7255e+01 9.8829e+04 1.3642e-04 8.5719e-01 9.8829e+04 1.3482e+01 2.1439e+00
4.7647e+01 9.8715e+04 1.5863e-04 8.4440e-01 9.8715e+04 1.5660e+01 2.1122e+00
4.8039e+01 9.8165e+04 1.6796e-04 8.2651e-01 9.8165e+04 1.6487e+01 2.0677e+00
4.8431e+01 9.8845e+04 2.2220e-04 8.2330e-01 9.8845e+04 2.1964e+01 2.0607e+00
4.8824e+01 9.6580e+04 1.7634e-04 7.8630e-01 9.6580e+04 1.7031e+01 1.9672e+00
4.9216e+01 9.8527e+04 2.9662e-04 8.0413e-01 9.8527e+04 2.9225e+01 2.0146e+00
4.9608e+01 1.0673e+05 2.5200e-04 7.6713e-01 1.0673e+05 2.6895e+01 1.9212e+00
5.0000e+01 1.6662e+04 3.0287e-04 7.6869e-01 1.6662e+04 5.0465e+00 1.9225e+00
5.0392e+01 1.0643e+04 4.2001e-04 7.6670e-01 1.0643e+04 4.4701e+00 1.9177e+00
5.0784e+01 1.0681e+04 5.2352e-04 7.6011e-01 1.0681e+04 5.5919e+00 1.9017e+00
5.1176e+01 1.1267e+04 5.9906e-04 7.5334e-01 1.1267e+04 6.7498e+00 1.8854e+00
5.1569e+01 1.1745e+04 8.6794e-04 7.7131e-01 1.1745e+04 1.0194e+01 1.9327e+00
5.1961e+01 1.2353e+04 1.1337e-03 7.9212e-01 1.2353e+04 1.4005e+01 1.9882e+00
5.2353e+01 1.2636e+04 1.3225e-03 8.0682e-01 1.2636e+04 1.6711e+01 2.0281e+00
5.2745e+01 1.2828e+04 1.3729e-03 8.0657e-01 1.2828e+04 1.7612e+01 2.0285e+00
5.3137e+01 1.2827e+04 1.3831e-03 8.0273e-01 1.2827e+04 1.7740e+01 2.0191e+00
5.3529e+01 1.2863e+04 1.3659e-03 7.9628e-01 1.2863e+04 1.7569e+01 2.0027e+00
5.3922e+01 1.2842e+04 1.3589e-03 7.9079e-01 1.2842e+04 1.7452e+01 1.9888e+00
5.4314e+01 1.2860e+04 1.3419e-03 7.8395e-01 1.2860e+04 1.7257e+01 1.9715e+00
5.4706e+01 1.2848e+04 1.3307e-03 7.7746e-01 1.2848e+04 1.7096e+01 1.9550e+00
5.5098e+01 1.2855e+04 1.3132e-03 7.7004e-01 1.2855e+04 1.6882e+01 1.9362e+00
5.5490e+01 1.2848e+04 1.2986e-03 7.6261e-01 1.2848e+04 1.6684e+01 1.9174e+00
5.5882e+01 1.2850e+04 1.2802e-03 7.5451e-01 1.2850e+04 1.6450e+01 1.8968e+00
5.6275e+01 1.2844e+04 1.2629e-03 7.4622e-01 1.2844e+04 1.6221e+01 1.8758e+00
5.6667e+01 1.2843e+04 1.2433e-03 7.3741e-01 1.2843e+04 1.5967e+01 1.8534e+00
5.7059e+01 1.2837e+04 1.2238e-03 7.2830e-01 1.2837e+04 1.5710e+01 1.8304e+00
5.7451e+01 1.2834e+04 1.2027e-03 7.1875e-01 1.2834e+04 1.5436e+01 1.8061e+00
5.7843e+01 1.2828e+04 1.1813e-03 7.0885e-01 1.2828e+04 1.5155e+01 1.7811e+00
5.8235e+01 1.2824e+04 1.1587e-03 6.9853e-01 1.2824e+04 1.4859e+01 1.7549e+00
5.8627e+01 1.2818e+04 1.1355e-03 6.8783e-01 1.2818e+04 1.4555e+01 1.7278e+00
5.9020e+01 1.2812e+04 1.1112e-03 6.7668e-01 1.2812e+04 1.4237e+01 1.6996e+00
5.9412e+01 1.2805e+04 1.0862e-03 6.6509e-01 1.2805e+04 1.3908e+01 1.6703e+00
5.9804e+01 1.2798e+04 1.0600e-03 6.5301e-01 1.2798e+04 1.3567e+01 1.6397e+00
6.0196e+01 1.2791e+04 1.0329e-03 6.4042e-01 1.2791e+04 1.3212e+01 1.6079e+00
6.0588e+01 1.2783e+04 1.0047e-03 6.2726e-01 1.2783e+04 1.2844e+01 1.5746e+00
6.0980e+01 1.2775e+04 9.7544e-04 6.1351e-01 1.2775e+04 1.2461e+01 1.5399e+00
6.1373e+01 1.2766e+04 9.4495e-04 5.9911e-01 1.2766e+04 1.2063e+01 1.5035e+00
6.1765e+01 1.2757e+04 9.1324e-04 5.8403e-01 1.2757e+04 1.1650e+01 1.4654e+00
6.2157e+01 1.2748e+04 8.8025e-04 5.6821e-01 1.2748e+04 1.1221e+01 1.4255e+00
6.2549e+01 1.2738e+04 8.4593e-04 5.5162e-01 1.2738e+04 1.0775e+01 1.3836e+00
6.2941e+01 1.2727e+04 8.1022e-04 5.3419e-01 1.2727e+04 1.0312e+01 1.3397e+00
6.3333e+01 1.2717e+04 7.7309e-04 5.1590e-01 1.2717e+04 9.8311e+00 1.2936e+00
6.3725e+01 1.2705e+04 7.3448e-04 4.9669e-01 1.2705e+04 9.3319e+00 1.2452e+00
6.4118e+01 1.2694e+04 6.9435e-04 4.7652e-01 1.2694e+04 8.8140e+00 1.1944e+00
6.4510e+01 1.2682e+04 6.5265e-04 4.5533e-01 1.2682e+04 8.2768e+00 1.1410e+00
6.4902e+01 1.2669e+04 6.0934e-04 4.3308e-01 1.2669e+04 7.7198e+00 1.0851e+00
6.5294e+01 1.2656e+04 5.6435e-04 4.0971e-01 1.2656e+04 7.1426e+00 1.0263e+00
6.5686e+01 1.2643e+04 5.1765e-04 3.8517e-01 1.2643e+04 6.5446e+00 9.6463e-01
6.6078e+01 1.2629e+04 4.6916e-04 3.5940e-01 1.2629e+04 5.9250e+00 8.9989e-01
6.6471e+01 1.2615e+04 4.1881e-04 3.3233e-01 1.2615e+04 5.2833e+00 8.3192e-01
6.6863e+01 1.2600e+04 3.6655e-04 3.0388e-01 1.2600e+04 4.6185e+00 7.6054e-01
6.7255e+01 1.2585e+04 3.1233e-04 2.7400e-01 1.2585e+04 3.9307e+00 6.8561e-01
6.7647e+01 1.2569e+04 2.5639e-04 2.4277e-01 1.2569e+04 3.2227e+00 6.0733e-01
6.8039e+01 1.2554e+04 1.9965e-04 2.1069e-01 1.2554e+04 2.5064e+00 5.2698e-01
6.8431e+01 1.2539e+04 1.4446e-04 1.7921e-01 1.2539e+04 1.8114e+00 4.4815e-01
6.8824e+01 1.2526e+04 9.4899e-05 1.5096e-01 1.2526e+04 1.1887e+00 3.7746e-01
6.9216e+01 1.2515e+04 5.5524e-05 1.2892e-01 1.2515e+04 6.9490e-01 3.2232e-01
6.9608e+01 1.2508e+04 2.8749e-05 1.1446e-01 1.2508e+04 3.5960e-01 2.8616e-01
7.0000e+01 1.2504e+04 1.3331e-05 1.0650e-01 1.2504e+04 1.6669e-01 2.6626e-01
7.0392e+01 1.2502e+04 5.6862e-06 1.0272e-01 1.2502e+04 7.1087e-02 2.5680e-01
7.0784e+01 1.2501e+04 2.3003e-06 1.0109e-01 1.2501e+04 2.8756e-02 2.5272e-01
7.1176e+01 1.2500e+04 9.0376e-07 1.0043e-01 1.2500e+04 1.1297e-02 2.5107e-01
7.1569e+01 1.2500e+04 3.4966e-07 1.0017e-01 1.2500e+04 4.3708e-03 2.5041e-01
7.1961e+01 1.2500e+04 1.3411e-07 1.0006e-01 1.2500e+04 1.6764e-03 2.5016e-01
7.2353e+01 1.2500e+04 5.1144e-08 1.0002e-01 1.2500e+04 6.3930e-04 2.5006e-01
7.2745e+01 1.2500e+04 1.9413e-08 1.0001e-01 1.2500e+04 2.4266e-04 2.5002e-01
7.3137e+01 1.2500e+04 7.3377e-09 1.0000e-01 1.2500e+04 9.1721e-05 2.5001e-01
7.3529e+01 1.2500e+04 2.7622e-09 1.0000e-01 1.2500e+04 3.4528e-05 2.5000e-01
7.3922e+01 1.2500e+04 1.0356e-09 1.0000e-01 1.2500e+04 1.2946e-05 2.5000e-01
7.4314e+01 1.2500e+04 3.8673e-10 1.0000e-01 1.2500e+04 4.8341e-06 2.5000e-01
7.4706e+01 1.2500e+04 1.4382e-10 1.0000e-01 1.2500e+04 1.7978e-06 2.5000e-01
7.5098e+01 1.2500e+04 5.3270e-11 1.0000e-01 1.2500e+04 6.6588e-07 2.5000e-01
7.5490e+01 1.2500e+04 1.9649e-11 1.0000e-01 1.2500e+04 2.4562e-07 2.5000e-01
7.5882e+01 1.2500e+04 7.2179e-12 1.0000e-01 1.2500e+04 9.0224e-08 2.5000e-01
7.6275e+01 1.2500e+04 2.6403e-12 1.0000e-01 1.2500e+04 3.3004e-08 2.5000e-01
7.6667e+01 1.2500e+04 9.6177e-13 1.0000e-01 1.2500e+04 1.2022e-08 2.5000e-01
7.7059e+01 1.2500e+04 3.4886e-13 1.0000e-01 1.2500e+04 4.3607e-09 2.5000e-01
7.7451e+01 1.2500e+04 1.2600e-13 1.0000e-01 1.2500e+04 1.5750e-09 2.5000e-01
7.7843e+01 1.2500e+04 4.5311e-14 1.0000e-01 1.2500e+04 5.6638e-10 2.5000e-01
7.8235e+01 1.2500e+04 1.6223e-14 1.0000e-01 1.2500e+04 2.0279e-10 2.5000e-01
7.8627e+01 1.2500e+04 5.7822e-15 1.0000e-01 1.2500e+04 7.2277e-11 2.5000e-01
7.9020e+01 1.2500e+04 2.0510e-15 1.0000e-01 1.2500e+04 2.5637e-11 2.5000e-01
7.9412e+01 1.2500e+04 7.2340e-16 1.0000e-01 1.2500e+04 9.0424e-12 2.5000e-01
7.9804e+01 1.2500e+04 2.5291e-16 1.0000e-01 1.2500e+04 3.1614e-12 2.5000e-01
8.0196e+01 1.2500e+04 8.6996e-17 1.0000e-01 1.2500e+04 1.0875e-12 2.5000e-01
8.0588e+01 1.2500e+04 2.8872e-17 1.0000e-01 1.2500e+04 3.6089e-13 2.5000e-01
8.0980e+01 1.2500e+04 8.8445e-18 1.0000e-01 1.2500e+04 1.1056e-13 2.5000e-01
8.1373e+01 1.2500e+04 2.0633e-18 1.0000e-01 1.2500e+04 2.5791e-14 2.5000e-01
8.1765e+01 1.2500e+04 1.1353e-19 1.0000e-01 1.2500e+04 1.4191e-15 2.5000e-01
8.2157e+01 1.2500e+04 0.0000e+00 1.0000e-01 1.2500e+04 0.0000e+00 2.5000e-01
8.2549e+01 1.2500e+04 0.0000e+00 1.0000e-01 1.2500e+04 0.0000e+00 2.5000e-01
8.2941e+01 1.2500e+04 0.0000e+00 1.0000e-01 1.2500e+04 0.0000e+00 2.5000e-01
8.3333e+01 1.2500e+04 0.0000e+00 1.0000e-01 1.2500e+04 0.0000e+00 2.5000e-01
8.3725e+01 1.2500e+04 0.0000e+00 1.0000e-01 1.2500e+04 0.0000e+00 2.5000e-01
8.4118e+01 1.2500e+04 0.0000e+00 1.0000e-01 1.2500e+04 0.0000e+00 2.5000e-01
8.4510e+01 1.2500e+04 0.0000e+00 1.0000e-01 1.2500e+04 0.0000e+00 2.5000e-01
8.4902e+01 1.2500e+04 0.0000e+00 1.0000e-01 1.2500e+04 0.0000e+00 2.5000e-01
8.5294e+01 1.2500e+04 0.0000e+00 1.0000e-01 1.2500e+04 0.0000e+00 2.5000e-01
8.5686e+01 1.2500e+04 0.0000e+00 1.0000e-01 1.2500e+04 0.0000e+00 2.5000e-01
8.6078e+01 1.2500e+04 0.0000e+00 1.0000e-01 1.2500e+04 0.0000e+00 2.5000e-01
8.6471e+01 1.2500e+04 0.0000e+00 1.0000e-01 1.2500e+04 0.0000e+00 2.5000e-01
8.6863e+01 1.2500e+04 0.0000e+00 1.0000e-01 1.2500e+04 0.0000e+00 2.5000e-01
8.7255e+01 1.2500e+04 0.0000e+00 1.0000e-01 1.2500e+04 0.0000e+00 2.5000e-01
8.7647e+01 1.2500e+04 0.0000e+00 1.0000e-01 1.2500e+04 0.0000e+00 2.5000e-01
8.8039e+01 1.2500e+04 0.0000e+00 1.0000e-01 1.2500e+04 0.0000e+00 2.5000e-01
8.8431e+01 1.2500e+04 0.0000e+00 1.0000e-01 1.2500e+04 0.0000e+00 2.5000e-01
8.8824e+01 1.2500e+04 0.0000e+00 1.0000e-01 1.2500e+04 0.0000e+00 2.5000e-01
8.9216e+01 1.2500e+04 0.0000e+00 1.0000e-01 1.2500e+04 0.0000e+00 2.5000e-01
8.9608e+01 1.2500e+04 0.0000e+00 1.0000e-01 1.2500e+04 0.0000e+00 2.5000e-01
9.0000e+01 1.2500e+04 0.0000e+00 1.0000e-01 1.2500e+04 0.0000e+00 2.5000e-01
9.0392e+01 1.2500e+04 0.0000e+00 1.0000e-01 1.2500e+04 0.0000e+00 2.5000e-01
9.0784e+01 1.2500e+04 0.0000e+00 1.0000e-01 1.2500e+04 0.0000e+00 2.5000e-01
9.1176e+01 1.2500e+04 0.0000e+00 1.0000e-01 1.2500e+04 0.0000e+00 2.5000e-01
9.1569e+01 1.2500e+04 0.0000e+00 1.0000e-01 1.2500e+04 0.0000e+00 2.5000e-01
9.1961e+01 1.2500e+04 0.0000e+00 1.0000e-01 1.2500e+04 0.0000e+00 2.5000e-01
9.2353e+01 1.2500e+04 0.0000e+00 1.0000e-01 1.2500e+04 0.0000e+00 2.5000e-01
9.2745e+01 1.2500e+04 0.0000e+00 1.0000e-01 1.2500e+04 0.0000e+00 2.5000e-01
9.3137e+01 1.2500e+04 0.0000e+00 1.0000e-01 1.2500e+04 0.0000e+00 2.5000e-01
9.3529e+01 1.2500e+04 0.0000e+00 1.0000e-01 1.2500e+04 0.0000e+00 2.5000e-01
9.3922e+01 1.2500e+04 0.0000e+00 1.0000e-01 1.2500e+04 0.0000e+00 2.5000e-01
9.4314e+01 1.2500e+04 0.0000e+00 1.0000e-01 1.2500e+04 0.0000e+00 2.5000e-01
9.4706e+01 1.2500e+04 0.0000e+00 1.0000e-01 1.2500e+04 0.0000e+00 2.5000e-01
9.5098e+01 1.2500e+04 0.0000e+00 1.0000e-01 1.2500e+04 0.0000e+00 2.5000e-01
9.5490e+01 1.2500e+04 0.0000e+00 1.0000e-01 1.2500e+04 0.0000e+00 2.5000e-01
9.5882e+01 1.2500e+04 0.0000e+00 1.0000e-01 1.2500e+04 0.0000e+00 2.5000e-01
9.6275e+01 1.2500e+04 0.0000e+00 1.0000e-01 1.2500e+04 0.0000e+00 2.5000e-01
9.6667e+01 1.2500e+04 0.0000e+00 1.0000e-01 1.2500e+04 0.0000e+00 2.5000e-01
9.7059e+01 1.2500e+04 0.0000e+00 1.0000e-01 1.2500e+04 0.0000e+00 2.5000e-01
9.7451e+01 1.2500e+04 0.0000e+00 1.0000e-01 1.2500e+04 0.0000e+00 2.5000e-01
9.7843e+01 1.2500e+04 0.0000e+00 1.0000e-01 1.2500e+04 0.0000e+00 2.5000e-01
9.8235e+01 1.2500e+04 0.0000e+00 1.0000e-01 1.2500e+04 0.0000e+00 2.5000e-01
9.8627e+01 1.2500e+04 0.0000e+00 1.0000e-01 1.2500e+04 0.0000e+00 2.5000e-01
9.9020e+01 1.2500e+04 0.0000e+00 1.0000e-01 1.2500e+04 0.0000e+00 2.5000e-01
9.9412e+01 1.2500e+04 0.0000e+00 1.0000e-01 1.2500e+04 0.0000e+00 2.5000e-01
9.9804e+01 1.2500e+04 0.0000e+00 1.0000e-01 1.2500e+04 0.0000e+00 2.5000e-01
