# # x Density Velocity Pressure q0 q1 q2
1.9608e-01 1.0000e+05 0.0000e+00 1.0000e+00 1.0000e+05 0.0000e+00 2.5000e+00
5.8824e-01 1.0000e+05 0.0000e+00 1.0000e+00 1.0000e+05 0.0000e+00 2.5000e+00
9.8039e-01 1.0000e+05 0.0000e+00 1.0000e+00 1.0000e+05 0.0000e+00 2.5000e+00
1.3725e+00 1.0000e+05 0.0000e+00 1.0000e+00 1.0000e+05 0.0000e+00 2.5000e+00
1.7647e+00 1.0000e+05 0.0000e+00 1.0000e+00 1.0000e+05 0.0000e+00 2.5000e+00
2.1569e+00 1.0000e+05 0.0000e+00 1.0000e+00 1.0000e+05 0.0000e+00 2.5000e+00
2.5490e+00 1.0000e+05 0.0000e+00 1.0000e+00 1.0000e+05 0.0000e+00 2.5000e+00
2.9412e+00 1.0000e+05 0.0000e+00 1.0000e+00 1.0000e+05 0.0000e+00 2.5000e+00
3.3333e+00 1.0000e+05 0.0000e+00 1.0000e+00 1.0000e+05 0.0000e+00 2.5000e+00
3.7255e+00 1.0000e+05 0.0000e+00 1.0000e+00 1.0000e+05 0.0000e+00 2.5000e+00
4.1176e+00 1.0000e+05 0.0000e+00 1.0000e+00 1.0000e+05 0.0000e+00 2.5000e+00
4.5098e+00 1.0000e+05 0.0000e+00 1.0000e+00 1.0000e+05 0.0000e+00 2.5000e+00
4.9020e+00 1.0000e+05 0.0000e+00 1.0000e+00 1.0000e+05 0.0000e+00 2.5000e+00
5.2941e+00 1.0000e+05 0.0000e+00 1.0000e+00 1.0000e+05 0.0000e+00 2.5000e+00
5.6863e+00 1.0000e+05 0.0000e+00 1.0000e+00 1.0000e+05 0.0000e+00 2.5000e+00
6.0784e+00 1.0000e+05 0.0000e+00 1.0000e+00 1.0000e+05 0.0000e+00 2.5000e+00
6.4706e+00 1.0000e+05 0.0000e+00 1.0000e+00 1.0000e+05 0.0000e+00 2.5000e+00
6.8627e+00 1.0000e+05 0.0000e+00 1.0000e+00 1.0000e+05 0.0000e+00 2.5000e+00
7.2549e+00 1.0000e+05 0.0000e+00 1.0000e+00 1.0000e+05 0.0000e+00 2.5000e+00
7.6471e+00 1.0000e+05 0.0000e+00 1.0000e+00 1.0000e+05 0.0000e+00 2.5000e+00
8.0392e+00 1.0000e+05 0.0000e+00 1.0000e+00 1.0000e+05 0.0000e+00 2.5000e+00
8.4314e+00 1.0000e+05 0.0000e+00 1.0000e+00 1.0000e+05 0.0000e+00 2.5000e+00
8.8235e+00 1.0000e+05 0.0000e+00 1.0000e+00 1.0000e+05 0.0000e+00 2.5000e+00
9.2157e+00 1.0000e+05 0.0000e+00 1.0000e+00 1.0000e+05 0.0000e+00 2.5000e+00
9.6078e+00 1.0000e+05 0.0000e+00 1.0000e+00 1.0000e+05 0.0000e+00 2.5000e+00
1.0000e+01 1.0000e+05 0.0000e+00 1.0000e+00 1.0000e+05 0.0000e+00 2.5000e+00
1.0392e+01 1.0000e+05 0.0000e+00 1.0000e+00 1.0000e+05 0.0000e+00 2.5000e+00
1.0784e+01 1.0000e+05 0.0000e+00 1.0000e+00 1.0000e+05 0.0000e+00 2.5000e+00
1.1176e+01 1.0000e+05 0.0000e+00 1.0000e+00 1.0000e+05 0.0000e+00 2.5000e+00
1.1569e+01 1.0000e+05 0.0000e+00 1.0000e+00 1.0000e+05 0.0000e+00 2.5000e+00
1.1961e+01 1.0000e+05 0.0000e+00 1.0000e+00 1.0000e+05 0.0000e+00 2.5000e+00
1.2353e+01 1.0000e+05 0.0000e+00 1.0000e+00 1.0000e+05 0.0000e+00 2.5000e+00
1.2745e+01 1.0000e+05 0.0000e+00 1.0000e+00 1.0000e+05 0.0000e+00 2.5000e+00
1.3137e+01 1.0000e+05 0.0000e+00 1.0000e+00 1.0000e+05 0.0000e+00 2.5000e+00
1.3529e+01 1.0000e+05 0.0000e+00 1.0000e+00 1.0000e+05 0.0000e+00 2.5000e+00
1.3922e+01 1.0000e+05 0.0000e+00 1.0000e+00 1.0000e+05 0.0000e+00 2.5000e+00
1.4314e+01 1.0000e+05 0.0000e+00 1.0000e+00 1.0000e+05 0.0000e+00 2.5000e+00
1.4706e+01 1.0000e+05 0.0000e+00 1.0000e+00 1.0000e+05 0.0000e+00 2.5000e+00
1.5098e+01 1.0000e+05 0.0000e+00 1.0000e+00 1.0000e+05 0.0000e+00 2.5000e+00
1.5490e+01 1.0000e+05 0.0000e+00 1.0000e+00 1.0000e+05 0.0000e+00 2.5000e+00
1.5882e+01 1.0000e+05 0.0000e+00 1.0000e+00 1.0000e+05 0.0000e+00 2.5000e+00
1.6275e+01 1.0000e+05 0.0000e+00 1.0000e+00 1.0000e+05 0.0000e+00 2.5000e+00
1.6667e+01 1.0000e+05 0.0000e+00 1.0000e+00 1.0000e+05 0.0000e+00 2.5000e+00
1.7059e+01 1.0000e+05 0.0000e+00 1.0000e+00 1.0000e+05 0.0000e+00 2.5000e+00
1.7451e+01 1.0000e+05 0.0000e+00 1.0000e+00 1.0000e+05 0.0000e+00 2.5000e+00
1.7843e+01 1.0000e+05 0.0000e+00 1.0000e+00 1.0000e+05 0.0000e+00 2.5000e+00
1.8235e+01 1.0000e+05 0.0000e+00 1.0000e+00 1.0000e+05 0.0000e+00 2.5000e+00
1.8627e+01 1.0000e+05 0.0000e+00 1.0000e+00 1.0000e+05 0.0000e+00 2.5000e+00
1.9020e+01 1.0000e+05 0.0000e+00 1.0000e+00 1.0000e+05 0.0000e+00 2.5000e+00
1.9412e+01 1.0000e+05 2.3356e-19 1.0000e+00 1.0000e+05 2.3356e-14 2.5000e+00
1.9804e+01 1.0000e+05 1.3858e-18 1.0000e+00 1.0000e+05 1.3858e-13 2.5000e+00
2.0196e+01 1.0000e+05 3.9239e-18 1.0000e+00 1.0000e+05 3.9239e-13 2.5000e+00
2.0588e+01 1.0000e+05 8.2342e-18 1.0000e+00 1.0000e+05 8.2342e-13 2.5000e+00
2.0980e+01 1.0000e+05 1.5938e-17 1.0000e+00 1.0000e+05 1.5938e-12 2.5000e+00
2.1373e+01 1.0000e+05 3.0977e-17 1.0000e+00 1.0000e+05 3.0977e-12 2.5000e+00
2.1765e+01 1.0000e+05 6.1735e-17 1.0000e+00 1.0000e+05 6.1735e-12 2.5000e+00
2.2157e+01 1.0000e+05 1.2527e-16 1.0000e+00 1.0000e+05 1.2527e-11 2.5000e+00
2.2549e+01 1.0000e+05 2.5622e-16 1.0000e+00 1.0000e+05 2.5622e-11 2.5000e+00
2.2941e+01 1.0000e+05 5.2401e-16 1.0000e+00 1.0000e+05 5.2401e-11 2.5000e+00
2.3333e+01 1.0000e+05 1.0683e-15 1.0000e+00 1.0000e+05 1.0683e-10 2.5000e+00
2.3725e+01 1.0000e+05 2.1641e-15 1.0000e+00 1.0000e+05 2.1641e-10 2.5000e+00
2.4118e+01 1.0000e+05 4.3493e-15 1.0000e+00 1.0000e+05 4.3493e-10 2.5000e+00
2.4510e+01 1.0000e+05 8.6684e-15 1.0000e+00 1.0000e+05 8.6684e-10 2.5000e+00
2.4902e+01 1.0000e+05 1.7126e-14 1.0000e+00 1.0000e+05 1.7126e-09 2.5000e+00
2.5294e+01 1.0000e+05 3.3529e-14 1.0000e+00 1.0000e+05 3.3529e-09 2.5000e+00
2.5686e+01 1.0000e+05 6.5046e-14 1.0000e+00 1.0000e+05 6.5046e-09 2.5000e+00
2.6078e+01 1.0000e+05 1.2503e-13 1.0000e+00 1.0000e+05 1.2503e-08 2.5000e+00
2.6471e+01 1.0000e+05 2.3811e-13 1.0000e+00 1.0000e+05 2.3811e-08 2.5000e+00
2.6863e+01 1.0000e+05 4.4927e-13 1.0000e+00 1.0000e+05 4.4927e-08 2.5000e+00
2.7255e+01 1.0000e+05 8.3978e-13 1.0000e+00 1.0000e+05 8.3978e-08 2.5000e+00
2.7647e+01 1.0000e+05 1.5550e-12 1.0000e+00 1.0000e+05 1.5550e-07 2.5000e+00
2.8039e+01 1.0000e+05 2.8524e-12 1.0000e+00 1.0000e+05 2.8524e-07 2.5000e+00
2.8431e+01 1.0000e+05 5.1829e-12 1.0000e+00 1.0000e+05 5.1829e-07 2.5000e+00
2.8824e+01 1.0000e+05 9.3281e-12 1.0000e+00 1.0000e+05 9.3281e-07 2.5000e+00
2.9216e+01 1.0000e+05 1.6629e-11 1.0000e+00 1.0000e+05 1.6629e-06 2.5000e+00
2.9608e+01 1.0000e+05 2.9361e-11 1.0000e+00 1.0000e+05 2.9361e-06 2.5000e+00
3.0000e+01 1.0000e+05 5.1345e-11 1.0000e+00 1.0000e+05 5.1345e-06 2.5000e+00
3.0392e+01 1.0000e+05 8.8926e-11 1.0000e+00 1.0000e+05 8.8926e-06 2.5000e+00
3.0784e+01 1.0000e+05 1.5253e-10 1.0000e+00 1.0000e+05 1.5253e-05 2.5000e+00
3.1176e+01 1.0000e+05 2.5908e-10 1.0000e+00 1.0000e+05 2.5908e-05 2.5000e+00
3.1569e+01 1.0000e+05 4.3579e-10 1.0000e+00 1.0000e+05 4.3579e-05 2.5000e+00
3.1961e+01 1.0000e+05 7.2588e-10 1.0000e+00 1.0000e+05 7.2588e-05 2.5000e+00
3.2353e+01 1.0000e+05 1.1972e-09 1.0000e+00 1.0000e+05 1.1972e-04 2.5000e+00
3.2745e+01 1.0000e+05 1.9553e-09 9.9999e-01 1.0000e+05 1.9553e-04 2.5000e+00
3.3137e+01 1.0000e+05 3.1619e-09 9.9999e-01 1.0000e+05 3.1619e-04 2.5000e+00
3.3529e+01 1.0000e+05 5.0626e-09 9.9999e-01 1.0000e+05 5.0626e-04 2.5000e+00
3.3922e+01 1.0000e+05 8.0255e-09 9.9998e-01 1.0000e+05 8.0255e-04 2.4999e+00
3.4314e+01 1.0000e+05 1.2596e-08 9.9997e-01 1.0000e+05 1.2596e-03 2.4999e+00
3.4706e+01 1.0000e+05 1.9573e-08 9.9995e-01 1.0000e+05 1.9573e-03 2.4999e+00
3.5098e+01 1.0000e+05 3.0110e-08 9.9992e-01 1.0000e+05 3.0110e-03 2.4998e+00
3.5490e+01 1.0000e+05 4.5856e-08 9.9988e-01 1.0000e+05 4.5856e-03 2.4997e+00
3.5882e+01 1.0000e+05 6.9137e-08 9.9982e-01 1.0000e+05 6.9137e-03 2.4996e+00
3.6275e+01 1.0000e+05 1.0319e-07 9.9974e-01 1.0000e+05 1.0319e-02 2.4994e+00
3.6667e+01 9.9999e+04 1.5246e-07 9.9963e-01 9.9999e+04 1.5246e-02 2.4991e+00
3.7059e+01 9.9999e+04 2.2299e-07 9.9947e-01 9.9999e+04 2.2299e-02 2.4987e+00
3.7451e+01 9.9999e+04 3.2285e-07 9.9925e-01 9.9999e+04 3.2285e-02 2.4981e+00
3.7843e+01 9.9998e+04 4.6270e-07 9.9896e-01 9.9998e+04 4.6269e-02 2.4974e+00
3.8235e+01 9.9997e+04 6.5642e-07 9.9855e-01 9.9997e+04 6.5640e-02 2.4964e+00
3.8627e+01 9.9996e+04 9.2181e-07 9.9802e-01 9.9996e+04 9.2177e-02 2.4951e+00
3.9020e+01 9.9994e+04 1.2814e-06 9.9732e-01 9.9994e+04 1.2813e-01 2.4933e+00
3.9412e+01 9.9991e+04 1.7632e-06 9.9641e-01 9.9991e+04 1.7630e-01 2.4910e+00
3.9804e+01 9.9988e+04 2.4016e-06 9.9524e-01 9.9988e+04 2.4013e-01 2.4881e+00
4.0196e+01 9.9984e+04 3.2382e-06 9.9377e-01 9.9984e+04 3.2377e-01 2.4844e+00
4.0588e+01 9.9977e+04 4.3222e-06 9.9192e-01 9.9977e+04 4.3213e-01 2.4798e+00
4.0980e+01 9.9969e+04 5.7114e-06 9.8964e-01 9.9969e+04 5.7096e-01 2.4741e+00
4.1373e+01 9.9959e+04 7.4717e-06 9.8685e-01 9.9959e+04 7.4686e-01 2.4671e+00
4.1765e+01 9.9945e+04 9.6778e-06 9.8349e-01 9.9945e+04 9.6725e-01 2.4587e+00
4.2157e+01 9.9928e+04 1.2412e-05 9.7949e-01 9.9928e+04 1.2403e+00 2.4487e+00
4.2549e+01 9.9906e+04 1.5764e-05 9.7480e-01 9.9906e+04 1.5749e+00 2.4370e+00
4.2941e+01 9.9879e+04 1.9829e-05 9.6934e-01 9.9879e+04 1.9805e+00 2.4234e+00
4.3333e+01 9.9845e+04 2.4705e-05 9.6309e-01 9.9845e+04 2.4667e+00 2.4077e+00
4.3725e+01 9.9803e+04 3.0494e-05 9.5600e-01 9.9803e+04 3.0434e+00 2.3900e+00
4.4118e+01 9.9752e+04 3.7296e-05 9.4805e-01 9.9752e+04 3.7204e+00 2.3702e+00
4.4510e+01 9.9690e+04 4.5208e-05 9.3925e-01 9.9690e+04 4.5068e+00 2.3482e+00
4.4902e+01 9.9617e+04 5.4321e-05 9.2961e-01 9.9617e+04 5.4113e+00 2.3242e+00
4.5294e+01 9.9530e+04 6.4718e-05 9.1916e-01 9.9530e+04 6.4414e+00 2.2981e+00
4.5686e+01 9.9427e+04 7.6472e-05 9.0795e-01 9.9427e+04 7.6034e+00 2.2702e+00
4.6078e+01 9.9308e+04 8.9647e-05 8.9604e-01 9.9308e+04 8.9027e+00 2.2405e+00
4.6471e+01 9.9169e+04 1.0426e-04 8.8349e-01 9.9169e+04 1.0339e+01 2.2093e+00
4.6863e+01 9.9016e+04 1.2053e-04 8.7048e-01 9.9016e+04 1.1935e+01 2.1769e+00
4.7255e+01 9.8814e+04 1.3741e-04 8.5672e-01 9.8814e+04 1.3578e+01 2.1427e+00
4.7647e+01 9.8703e+04 1.5980e-04 8.4402e-01 9.8703e+04 1.5773e+01 2.1113e+00
4.8039e+01 9.8141e+04 1.6872e-04 8.2605e-01 9.8141e+04 1.6558e+01 2.0665e+00
4.8431e+01 9.8843e+04 2.2375e-04 8.2318e-01 9.8843e+04 2.2116e+01 2.0604e+00
4.8824e+01 9.6553e+04 1.7700e-04 7.8596e-01 9.6553e+04 1.7090e+01 1.9664e+00
4.9216e+01 9.8489e+04 2.9732e-04 8.0389e-01 9.8489e+04 2.9283e+01 2.0141e+00
4.9608e+01 1.0682e+05 2.5342e-04 7.6723e-01 1.0682e+05 2.7070e+01 1.9215e+00
5.0000e+01 1.6748e+04 3.0215e-04 7.6840e-01 1.6748e+04 5.0606e+00 1.9218e+00
5.0392e+01 1.0641e+04 4.2237e-04 7.6696e-01 1.0641e+04 4.4944e+00 1.9183e+00
5.0784e+01 1.0673e+04 5.2832e-04 7.6069e-01 1.0673e+04 5.6387e+00 1.9032e+00
5.1176e+01 1.1250e+04 5.9482e-04 7.5298e-01 1.1250e+04 6.6917e+00 1.8844e+00
5.1569e+01 1.1717e+04 8.5384e-04 7.6983e-01 1.1717e+04 1.0005e+01 1.9288e+00
5.1961e+01 1.2328e+04 1.1209e-03 7.9073e-01 1.2328e+04 1.3819e+01 1.9846e+00
5.2353e+01 1.2622e+04 1.3169e-03 8.0624e-01 1.2622e+04 1.6622e+01 2.0265e+00
5.2745e+01 1.2824e+04 1.3738e-03 8.0674e-01 1.2824e+04 1.7617e+01 2.0289e+00
5.3137e+01 1.2827e+04 1.3862e-03 8.0315e-01 1.2827e+04 1.7780e+01 2.0202e+00
5.3529e+01 1.2864e+04 1.3695e-03 7.9680e-01 1.2864e+04 1.7617e+01 2.0041e+00
5.3922e+01 1.2844e+04 1.3627e-03 7.9140e-01 1.2844e+04 1.7502e+01 1.9904e+00
5.4314e+01 1.2861e+04 1.3460e-03 7.8467e-01 1.2861e+04 1.7311e+01 1.9733e+00
5.4706e+01 1.2849e+04 1.3349e-03 7.7828e-01 1.2849e+04 1.7152e+01 1.9571e+00
5.5098e+01 1.2857e+04 1.3177e-03 7.7098e-01 1.2857e+04 1.6942e+01 1.9386e+00
5.5490e+01 1.2849e+04 1.3033e-03 7.6367e-01 1.2849e+04 1.6747e+01 1.9201e+00
5.5882e+01 1.2851e+04 1.2852e-03 7.5569e-01 1.2851e+04 1.6517e+01 1.8998e+00
5.6275e+01 1.2846e+04 1.2681e-03 7.4752e-01 1.2846e+04 1.6290e+01 1.8791e+00
5.6667e+01 1.2845e+04 1.2487e-03 7.3883e-01 1.2845e+04 1.6039e+01 1.8571e+00
5.7059e+01 1.2839e+04 1.2295e-03 7.2985e-01 1.2839e+04 1.5786e+01 1.8343e+00
5.7451e+01 1.2836e+04 1.2087e-03 7.2042e-01 1.2836e+04 1.5514e+01 1.8104e+00
5.7843e+01 1.2831e+04 1.1875e-03 7.1065e-01 1.2831e+04 1.5237e+01 1.7857e+00
5.8235e+01 1.2826e+04 1.1651e-03 7.0046e-01 1.2826e+04 1.4944e+01 1.7599e+00
5.8627e+01 1.2820e+04 1.1422e-03 6.8989e-01 1.2820e+04 1.4643e+01 1.7331e+00
5.9020e+01 1.2814e+04 1.1182e-03 6.7889e-01 1.2814e+04 1.4328e+01 1.7052e+00
5.9412e+01 1.2808e+04 1.0934e-03 6.6746e-01 1.2808e+04 1.4003e+01 1.6763e+00
5.9804e+01 1.2801e+04 1.0675e-03 6.5555e-01 1.2801e+04 1.3665e+01 1.6462e+00
6.0196e+01 1.2794e+04 1.0408e-03 6.4314e-01 1.2794e+04 1.3315e+01 1.6148e+00
6.0588e+01 1.2786e+04 1.0129e-03 6.3018e-01 1.2786e+04 1.2951e+01 1.5820e+00
6.0980e+01 1.2778e+04 9.8397e-04 6.1664e-01 1.2778e+04 1.2573e+01 1.5478e+00
6.1373e+01 1.2769e+04 9.5388e-04 6.0248e-01 1.2769e+04 1.2180e+01 1.5120e+00
6.1765e+01 1.2760e+04 9.2260e-04 5.8765e-01 1.2760e+04 1.1773e+01 1.4746e+00
6.2157e+01 1.2751e+04 8.9006e-04 5.7211e-01 1.2751e+04 1.1349e+01 1.4353e+00
6.2549e+01 1.2741e+04 8.5621e-04 5.5581e-01 1.2741e+04 1.0909e+01 1.3942e+00
6.2941e+01 1.2731e+04 8.2101e-04 5.3871e-01 1.2731e+04 1.0452e+01 1.3511e+00
6.3333e+01 1.2720e+04 7.8442e-04 5.2076e-01 1.2720e+04 9.9781e+00 1.3058e+00
6.3725e+01 1.2709e+04 7.4637e-04 5.0191e-01 1.2709e+04 9.4859e+00 1.2583e+00
6.4118e+01 1.2698e+04 7.0683e-04 4.8213e-01 1.2698e+04 8.9752e+00 1.2085e+00
6.4510e+01 1.2686e+04 6.6575e-04 4.6136e-01 1.2686e+04 8.4457e+00 1.1562e+00
6.4902e+01 1.2674e+04 6.2309e-04 4.3955e-01 1.2674e+04 7.8967e+00 1.1013e+00
6.5294e+01 1.2661e+04 5.7879e-04 4.1666e-01 1.2661e+04 7.3279e+00 1.0438e+00
6.5686e+01 1.2648e+04 5.3280e-04 3.9263e-01 1.2648e+04 6.7386e+00 9.8337e-01
6.6078e+01 1.2634e+04 4.8506e-04 3.6740e-01 1.2634e+04 6.1282e+00 9.1998e-01
6.6471e+01 1.2620e+04 4.3552e-04 3.4090e-01 1.2620e+04 5.4961e+00 8.5345e-01
6.6863e+01 1.2605e+04 3.8409e-04 3.1307e-01 1.2605e+04 4.8415e+00 7.8360e-01
6.7255e+01 1.2590e+04 3.3073e-04 2.8384e-01 1.2590e+04 4.1639e+00 7.1029e-01
6.7647e+01 1.2575e+04 2.7553e-04 2.5322e-01 1.2575e+04 3.4648e+00 6.3352e-01
6.8039e+01 1.2559e+04 2.1911e-04 2.2151e-01 1.2559e+04 2.7519e+00 5.5408e-01
6.8431e+01 1.2544e+04 1.6320e-04 1.8976e-01 1.2544e+04 2.0472e+00 4.7457e-01
6.8824e+01 1.2530e+04 1.1130e-04 1.6018e-01 1.2530e+04 1.3946e+00 4.0052e-01
6.9216e+01 1.2519e+04 6.8020e-05 1.3579e-01 1.2519e+04 8.5152e-01 3.3950e-01
6.9608e+01 1.2510e+04 3.6814e-05 1.1872e-01 1.2510e+04 4.6055e-01 2.9680e-01
7.0000e+01 1.2505e+04 1.7736e-05 1.0873e-01 1.2505e+04 2.2179e-01 2.7182e-01
7.0392e+01 1.2502e+04 7.7784e-06 1.0374e-01 1.2502e+04 9.7248e-02 2.5934e-01
7.0784e+01 1.2501e+04 3.2019e-06 1.0152e-01 1.2501e+04 4.0027e-02 2.5379e-01
7.1176e+01 1.2500e+04 1.2707e-06 1.0060e-01 1.2500e+04 1.5885e-02 2.5150e-01
7.1569e+01 1.2500e+04 4.9467e-07 1.0023e-01 1.2500e+04 6.1834e-03 2.5058e-01
7.1961e+01 1.2500e+04 1.9056e-07 1.0009e-01 1.2500e+04 2.3820e-03 2.5023e-01
7.2353e+01 1.2500e+04 7.2934e-08 1.0003e-01 1.2500e+04 9.1168e-04 2.5009e-01
7.2745e+01 1.2500e+04 2.7778e-08 1.0001e-01 1.2500e+04 3.4722e-04 2.5003e-01
7.3137e+01 1.2500e+04 1.0534e-08 1.0001e-01 1.2500e+04 1.3167e-04 2.5001e-01
7.3529e+01 1.2500e+04 3.9785e-09 1.0000e-01 1.2500e+04 4.9731e-05 2.5000e-01
7.3922e+01 1.2500e+04 1.4966e-09 1.0000e-01 1.2500e+04 1.8707e-05 2.5000e-01
7.4314e+01 1.2500e+04 5.6072e-10 1.0000e-01 1.2500e+04 7.0090e-06 2.5000e-01
7.4706e+01 1.2500e+04 2.0924e-10 1.0000e-01 1.2500e+04 2.6155e-06 2.5000e-01
7.5098e+01 1.2500e+04 7.7766e-11 1.0000e-01 1.2500e+04 9.7208e-07 2.5000e-01
7.5490e+01 1.2500e+04 2.8785e-11 1.0000e-01 1.2500e+04 3.5981e-07 2.5000e-01
7.5882e+01 1.2500e+04 1.0611e-11 1.0000e-01 1.2500e+04 1.3264e-07 2.5000e-01
7.6275e+01 1.2500e+04 3.8953e-12 1.0000e-01 1.2500e+04 4.8692e-08 2.5000e-01
7.6667e+01 1.2500e+04 1.4241e-12 1.0000e-01 1.2500e+04 1.7801e-08 2.5000e-01
7.7059e+01 1.2500e+04 5.1843e-13 1.0000e-01 1.2500e+04 6.4804e-09 2.5000e-01
7.7451e+01 1.2500e+04 1.8794e-13 1.0000e-01 1.2500e+04 2.3492e-09 2.5000e-01
7.7843e+01 1.2500e+04 6.7841e-14 1.0000e-01 1.2500e+04 8.4801e-10 2.5000e-01
7.8235e+01 1.2500e+04 2.4383e-14 1.0000e-01 1.2500e+04 3.0479e-10 2.5000e-01
7.8627e+01 1.2500e+04 8.7248e-15 1.0000e-01 1.2500e+04 1.0906e-10 2.5000e-01
7.9020e+01 1.2500e+04 3.1075e-15 1.0000e-01 1.2500e+04 3.8844e-11 2.5000e-01
7.9412e+01 1.2500e+04 1.1011e-15 1.0000e-01 1.2500e+04 1.3764e-11 2.5000e-01
7.9804e+01 1.2500e+04 3.8732e-16 1.0000e-01 1.2500e+04 4.8415e-12 2.5000e-01
8.0196e+01 1.2500e+04 1.3455e-16 1.0000e-01 1.2500e+04 1.6819e-12 2.5000e-01
8.0588e+01 1.2500e+04 4.5574e-17 1.0000e-01 1.2500e+04 5.6968e-13 2.5000e-01
8.0980e+01 1.2500e+04 1.4633e-17 1.0000e-01 1.2500e+04 1.8292e-13 2.5000e-01
8.1373e+01 1.2500e+04 3.9442e-18 1.0000e-01 1.2500e+04 4.9303e-14 2.5000e-01
8.1765e+01 1.2500e+04 5.7782e-19 1.0000e-01 1.2500e+04 7.2228e-15 2.5000e-01
8.2157e+01 1.2500e+04 1.1890e-20 1.0000e-01 1.2500e+04 1.4863e-16 2.5000e-01
8.2549e+01 1.2500e+04 0.0000e+00 1.0000e-01 1.2500e+04 0.0000e+00 2.5000e-01
8.2941e+01 1.2500e+04 0.0000e+00 1.0000e-01 1.2500e+04 0.0000e+00 2.5000e-01
8.3333e+01 1.2500e+04 0.0000e+00 1.0000e-01 1.2500e+04 0.0000e+00 2.5000e-01
8.3725e+01 1.2500e+04 0.0000e+00 1.0000e-01 1.2500e+04 0.0000e+00 2.5000e-01
8.4118e+01 1.2500e+04 0.0000e+00 1.0000e-01 1.2500e+04 0.0000e+00 2.5000e-01
8.4510e+01 1.2500e+04 0.0000e+00 1.0000e-01 1.2500e+04 0.0000e+00 2.5000e-01
8.4902e+01 1.2500e+04 0.0000e+00 1.0000e-01 1.2500e+04 0.0000e+00 2.5000e-01
8.5294e+01 1.2500e+04 0.0000e+00 1.0000e-01 1.2500e+04 0.0000e+00 2.5000e-01
8.5686e+01 1.2500e+04 0.0000e+00 1.0000e-01 1.2500e+04 0.0000e+00 2.5000e-01
8.6078e+01 1.2500e+04 0.0000e+00 1.0000e-01 1.2500e+04 0.0000e+00 2.5000e-01
8.6471e+01 1.2500e+04 0.0000e+00 1.0000e-01 1.2500e+04 0.0000e+00 2.5000e-01
8.6863e+01 1.2500e+04 0.0000e+00 1.0000e-01 1.2500e+04 0.0000e+00 2.5000e-01
8.7255e+01 1.2500e+04 0.0000e+00 1.0000e-01 1.2500e+04 0.0000e+00 2.5000e-01
8.7647e+01 1.2500e+04 0.0000e+00 1.0000e-01 1.2500e+04 0.0000e+00 2.5000e-01
8.8039e+01 1.2500e+04 0.0000e+00 1.0000e-01 1.2500e+04 0.0000e+00 2.5000e-01
8.8431e+01 1.2500e+04 0.0000e+00 1.0000e-01 1.2500e+04 0.0000e+00 2.5000e-01
8.8824e+01 1.2500e+04 0.0000e+00 1.0000e-01 1.2500e+04 0.0000e+00 2.5000e-01
8.9216e+01 1.2500e+04 0.0000e+00 1.0000e-01 1.2500e+04 0.0000e+00 2.5000e-01
8.9608e+01 1.2500e+04 0.0000e+00 1.0000e-01 1.2500e+04 0.0000e+00 2.5000e-01
9.0000e+01 1.2500e+04 0.0000e+00 1.0000e-01 1.2500e+04 0.0000e+00 2.5000e-01
9.0392e+01 1.2500e+04 0.0000e+00 1.0000e-01 1.2500e+04 0.0000e+00 2.5000e-01
9.0784e+01 1.2500e+04 0.0000e+00 1.0000e-01 1.2500e+04 0.0000e+00 2.5000e-01
9.1176e+01 1.2500e+04 0.0000e+00 1.0000e-01 1.2500e+04 0.0000e+00 2.5000e-01
9.1569e+01 1.2500e+04 0.0000e+00 1.0000e-01 1.2500e+04 0.0000e+00 2.5000e-01
9.1961e+01 1.2500e+04 0.0000e+00 1.0000e-01 1.2500e+04 0.0000e+00 2.5000e-01
9.2353e+01 1.2500e+04 0.0000e+00 1.0000e-01 1.2500e+04 0.0000e+00 2.5000e-01
9.2745e+01 1.2500e+04 0.0000e+00 1.0000e-01 1.2500e+04 0.0000e+00 2.5000e-01
9.3137e+01 1.2500e+04 0.0000e+00 1.0000e-01 1.2500e+04 0.0000e+00 2.5000e-01
9.3529e+01 1.2500e+04 0.0000e+00 1.0000e-01 1.2500e+04 0.0000e+00 2.5000e-01
9.3922e+01 1.2500e+04 0.0000e+00 1.0000e-01 1.2500e+04 0.0000e+00 2.5000e-01
9.4314e+01 1.2500e+04 0.0000e+00 1.0000e-01 1.2500e+04 0.0000e+00 2.5000e-01
9.4706e+01 1.2500e+04 0.0000e+00 1.0000e-01 1.2500e+04 0.0000e+00 2.5000e-01
9.5098e+01 1.2500e+04 0.0000e+00 1.0000e-01 1.2500e+04 0.0000e+00 2.5000e-01
9.5490e+01 1.2500e+04 0.0000e+00 1.0000e-01 1.2500e+04 0.0000e+00 2.5000e-01
9.5882e+01 1.2500e+04 0.0000e+00 1.0000e-01 1.2500e+04 0.0000e+00 2.5000e-01
9.6275e+01 1.2500e+04 0.0000e+00 1.0000e-01 1.2500e+04 0.0000e+00 2.5000e-01
9.6667e+01 1.2500e+04 0.0000e+00 1.0000e-01 1.2500e+04 0.0000e+00 2.5000e-01
9.7059e+01 1.2500e+04 0.0000e+00 1.0000e-01 1.2500e+04 0.0000e+00 2.5000e-01
9.7451e+01 1.2500e+04 0.0000e+00 1.0000e-01 1.2500e+04 0.0000e+00 2.5000e-01
9.7843e+01 1.2500e+04 0.0000e+00 1.0000e-01 1.2500e+04 0.0000e+00 2.5000e-01
9.8235e+01 1.2500e+04 0.0000e+00 1.0000e-01 1.2500e+04 0.0000e+00 2.5000e-01
9.8627e+01 1.2500e+04 0.0000e+00 1.0000e-01 1.2500e+04 0.0000e+00 2.5000e-01
9.9020e+01 1.2500e+04 0.0000e+00 1.0000e-01 1.2500e+04 0.0000e+00 2.5000e-01
9.9412e+01 1.2500e+04 0.0000e+00 1.0000e-01 1.2500e+04 0.0000e+00 2.5000e-01
9.9804e+01 1.2500e+04 0.0000e+00 1.0000e-01 1.2500e+04 0.0000e+00 2.5000e-01
