# # x Density Velocity Pressure q0 q1 q2
1.9608e-01 1.0000e+05 0.0000e+00 1.0000e+00 1.0000e+05 0.0000e+00 2.5000e+00
5.8824e-01 1.0000e+05 0.0000e+00 1.0000e+00 1.0000e+05 0.0000e+00 2.5000e+00
9.8039e-01 1.0000e+05 0.0000e+00 1.0000e+00 1.0000e+05 0.0000e+00 2.5000e+00
1.3725e+00 1.0000e+05 0.0000e+00 1.0000e+00 1.0000e+05 0.0000e+00 2.5000e+00
1.7647e+00 1.0000e+05 0.0000e+00 1.0000e+00 1.0000e+05 0.0000e+00 2.5000e+00
2.1569e+00 1.0000e+05 0.0000e+00 1.0000e+00 1.0000e+05 0.0000e+00 2.5000e+00
2.5490e+00 1.0000e+05 0.0000e+00 1.0000e+00 1.0000e+05 0.0000e+00 2.5000e+00
2.9412e+00 1.0000e+05 0.0000e+00 1.0000e+00 1.0000e+05 0.0000e+00 2.5000e+00
3.3333e+00 1.0000e+05 0.0000e+00 1.0000e+00 1.0000e+05 0.0000e+00 2.5000e+00
3.7255e+00 1.0000e+05 0.0000e+00 1.0000e+00 1.0000e+05 0.0000e+00 2.5000e+00
4.1176e+00 1.0000e+05 0.0000e+00 1.0000e+00 1.0000e+05 0.0000e+00 2.5000e+00
4.5098e+00 1.0000e+05 0.0000e+00 1.0000e+00 1.0000e+05 0.0000e+00 2.5000e+00
4.9020e+00 1.0000e+05 0.0000e+00 1.0000e+00 1.0000e+05 0.0000e+00 2.5000e+00
5.2941e+00 1.0000e+05 0.0000e+00 1.0000e+00 1.0000e+05 0.0000e+00 2.5000e+00
5.6863e+00 1.0000e+05 0.0000e+00 1.0000e+00 1.0000e+05 0.0000e+00 2.5000e+00
6.0784e+00 1.0000e+05 0.0000e+00 1.0000e+00 1.0000e+05 0.0000e+00 2.5000e+00
6.4706e+00 1.0000e+05 0.0000e+00 1.0000e+00 1.0000e+05 0.0000e+00 2.5000e+00
6.8627e+00 1.0000e+05 0.0000e+00 1.0000e+00 1.0000e+05 0.0000e+00 2.5000e+00
7.2549e+00 1.0000e+05 0.0000e+00 1.0000e+00 1.0000e+05 0.0000e+00 2.5000e+00
7.6471e+00 1.0000e+05 0.0000e+00 1.0000e+00 1.0000e+05 0.0000e+00 2.5000e+00
8.0392e+00 1.0000e+05 0.0000e+00 1.0000e+00 1.0000e+05 0.0000e+00 2.5000e+00
8.4314e+00 1.0000e+05 0.0000e+00 1.0000e+00 1.0000e+05 0.0000e+00 2.5000e+00
8.8235e+00 1.0000e+05 0.0000e+00 1.0000e+00 1.0000e+05 0.0000e+00 2.5000e+00
9.2157e+00 1.0000e+05 0.0000e+00 1.0000e+00 1.0000e+05 0.0000e+00 2.5000e+00
9.6078e+00 1.0000e+05 0.0000e+00 1.0000e+00 1.0000e+05 0.0000e+00 2.5000e+00
1.0000e+01 1.0000e+05 0.0000e+00 1.0000e+00 1.0000e+05 0.0000e+00 2.5000e+00
1.0392e+01 1.0000e+05 0.0000e+00 1.0000e+00 1.0000e+05 0.0000e+00 2.5000e+00
1.0784e+01 1.0000e+05 0.0000e+00 1.0000e+00 1.0000e+05 0.0000e+00 2.5000e+00
1.1176e+01 1.0000e+05 0.0000e+00 1.0000e+00 1.0000e+05 0.0000e+00 2.5000e+00
1.1569e+01 1.0000e+05 0.0000e+00 1.0000e+00 1.0000e+05 0.0000e+00 2.5000e+00
1.1961e+01 1.0000e+05 0.0000e+00 1.0000e+00 1.0000e+05 0.0000e+00 2.5000e+00
1.2353e+01 1.0000e+05 0.0000e+00 1.0000e+00 1.0000e+05 0.0000e+00 2.5000e+00
1.2745e+01 1.0000e+05 0.0000e+00 1.0000e+00 1.0000e+05 0.0000e+00 2.5000e+00
1.3137e+01 1.0000e+05 0.0000e+00 1.0000e+00 1.0000e+05 0.0000e+00 2.5000e+00
1.3529e+01 1.0000e+05 0.0000e+00 1.0000e+00 1.0000e+05 0.0000e+00 2.5000e+00
1.3922e+01 1.0000e+05 0.0000e+00 1.0000e+00 1.0000e+05 0.0000e+00 2.5000e+00
1.4314e+01 1.0000e+05 0.0000e+00 1.0000e+00 1.0000e+05 0.0000e+00 2.5000e+00
1.4706e+01 1.0000e+05 0.0000e+00 1.0000e+00 1.0000e+05 0.0000e+00 2.5000e+00
1.5098e+01 1.0000e+05 0.0000e+00 1.0000e+00 1.0000e+05 0.0000e+00 2.5000e+00
1.5490e+01 1.0000e+05 0.0000e+00 1.0000e+00 1.0000e+05 0.0000e+00 2.5000e+00
1.5882e+01 1.0000e+05 0.0000e+00 1.0000e+00 1.0000e+05 0.0000e+00 2.5000e+00
1.6275e+01 1.0000e+05 0.0000e+00 1.0000e+00 1.0000e+05 0.0000e+00 2.5000e+00
1.6667e+01 1.0000e+05 0.0000e+00 1.0000e+00 1.0000e+05 0.0000e+00 2.5000e+00
1.7059e+01 1.0000e+05 0.0000e+00 1.0000e+00 1.0000e+05 0.0000e+00 2.5000e+00
1.7451e+01 1.0000e+05 0.0000e+00 1.0000e+00 1.0000e+05 0.0000e+00 2.5000e+00
1.7843e+01 1.0000e+05 0.0000e+00 1.0000e+00 1.0000e+05 0.0000e+00 2.5000e+00
1.8235e+01 1.0000e+05 0.0000e+00 1.0000e+00 1.0000e+05 0.0000e+00 2.5000e+00
1.8627e+01 1.0000e+05 0.0000e+00 1.0000e+00 1.0000e+05 0.0000e+00 2.5000e+00
1.9020e+01 1.0000e+05 5.6621e-21 1.0000e+00 1.0000e+05 5.6621e-16 2.5000e+00
1.9412e+01 1.0000e+05 3.6719e-19 1.0000e+00 1.0000e+05 3.6719e-14 2.5000e+00
1.9804e+01 1.0000e+05 1.8365e-18 1.0000e+00 1.0000e+05 1.8365e-13 2.5000e+00
2.0196e+01 1.0000e+05 4.6993e-18 1.0000e+00 1.0000e+05 4.6993e-13 2.5000e+00
2.0588e+01 1.0000e+05 9.5696e-18 1.0000e+00 1.0000e+05 9.5696e-13 2.5000e+00
2.0980e+01 1.0000e+05 1.8496e-17 1.0000e+00 1.0000e+05 1.8496e-12 2.5000e+00
2.1373e+01 1.0000e+05 3.5991e-17 1.0000e+00 1.0000e+05 3.5991e-12 2.5000e+00
2.1765e+01 1.0000e+05 7.1911e-17 1.0000e+00 1.0000e+05 7.1911e-12 2.5000e+00
2.2157e+01 1.0000e+05 1.4597e-16 1.0000e+00 1.0000e+05 1.4597e-11 2.5000e+00
2.2549e+01 1.0000e+05 2.9813e-16 1.0000e+00 1.0000e+05 2.9813e-11 2.5000e+00
2.2941e+01 1.0000e+05 6.0823e-16 1.0000e+00 1.0000e+05 6.0823e-11 2.5000e+00
2.3333e+01 1.0000e+05 1.2362e-15 1.0000e+00 1.0000e+05 1.2362e-10 2.5000e+00
2.3725e+01 1.0000e+05 2.4958e-15 1.0000e+00 1.0000e+05 2.4958e-10 2.5000e+00
2.4118e+01 1.0000e+05 4.9983e-15 1.0000e+00 1.0000e+05 4.9983e-10 2.5000e+00
2.4510e+01 1.0000e+05 9.9262e-15 1.0000e+00 1.0000e+05 9.9262e-10 2.5000e+00
2.4902e+01 1.0000e+05 1.9540e-14 1.0000e+00 1.0000e+05 1.9540e-09 2.5000e+00
2.5294e+01 1.0000e+05 3.8120e-14 1.0000e+00 1.0000e+05 3.8120e-09 2.5000e+00
2.5686e+01 1.0000e+05 7.3691e-14 1.0000e+00 1.0000e+05 7.3691e-09 2.5000e+00
2.6078e+01 1.0000e+05 1.4115e-13 1.0000e+00 1.0000e+05 1.4115e-08 2.5000e+00
2.6471e+01 1.0000e+05 2.6788e-13 1.0000e+00 1.0000e+05 2.6788e-08 2.5000e+00
2.6863e+01 1.0000e+05 5.0371e-13 1.0000e+00 1.0000e+05 5.0371e-08 2.5000e+00
2.7255e+01 1.0000e+05 9.3835e-13 1.0000e+00 1.0000e+05 9.3835e-08 2.5000e+00
2.7647e+01 1.0000e+05 1.7317e-12 1.0000e+00 1.0000e+05 1.7317e-07 2.5000e+00
2.8039e+01 1.0000e+05 3.1661e-12 1.0000e+00 1.0000e+05 3.1661e-07 2.5000e+00
2.8431e+01 1.0000e+05 5.7340e-12 1.0000e+00 1.0000e+05 5.7340e-07 2.5000e+00
2.8824e+01 1.0000e+05 1.0287e-11 1.0000e+00 1.0000e+05 1.0287e-06 2.5000e+00
2.9216e+01 1.0000e+05 1.8280e-11 1.0000e+00 1.0000e+05 1.8280e-06 2.5000e+00
2.9608e+01 1.0000e+05 3.2175e-11 1.0000e+00 1.0000e+05 3.2175e-06 2.5000e+00
3.0000e+01 1.0000e+05 5.6092e-11 1.0000e+00 1.0000e+05 5.6092e-06 2.5000e+00
3.0392e+01 1.0000e+05 9.6851e-11 1.0000e+00 1.0000e+05 9.6851e-06 2.5000e+00
3.0784e+01 1.0000e+05 1.6562e-10 1.0000e+00 1.0000e+05 1.6562e-05 2.5000e+00
3.1176e+01 1.0000e+05 2.8049e-10 1.0000e+00 1.0000e+05 2.8049e-05 2.5000e+00
3.1569e+01 1.0000e+05 4.7043e-10 1.0000e+00 1.0000e+05 4.7043e-05 2.5000e+00
3.1961e+01 1.0000e+05 7.8134e-10 1.0000e+00 1.0000e+05 7.8134e-05 2.5000e+00
3.2353e+01 1.0000e+05 1.2851e-09 1.0000e+00 1.0000e+05 1.2851e-04 2.5000e+00
3.2745e+01 1.0000e+05 2.0929e-09 9.9999e-01 1.0000e+05 2.0929e-04 2.5000e+00
3.3137e+01 1.0000e+05 3.3753e-09 9.9999e-01 1.0000e+05 3.3753e-04 2.5000e+00
3.3529e+01 1.0000e+05 5.3898e-09 9.9998e-01 1.0000e+05 5.3898e-04 2.5000e+00
3.3922e+01 1.0000e+05 8.5217e-09 9.9998e-01 1.0000e+05 8.5217e-04 2.4999e+00
3.4314e+01 1.0000e+05 1.3340e-08 9.9996e-01 1.0000e+05 1.3340e-03 2.4999e+00
3.4706e+01 1.0000e+05 2.0677e-08 9.9994e-01 1.0000e+05 2.0677e-03 2.4999e+00
3.5098e+01 1.0000e+05 3.1730e-08 9.9992e-01 1.0000e+05 3.1730e-03 2.4998e+00
3.5490e+01 1.0000e+05 4.8207e-08 9.9988e-01 1.0000e+05 4.8207e-03 2.4997e+00
3.5882e+01 1.0000e+05 7.2509e-08 9.9982e-01 1.0000e+05 7.2509e-03 2.4995e+00
3.6275e+01 1.0000e+05 1.0797e-07 9.9973e-01 1.0000e+05 1.0797e-02 2.4993e+00
3.6667e+01 9.9999e+04 1.5917e-07 9.9962e-01 9.9999e+04 1.5917e-02 2.4990e+00
3.7059e+01 9.9999e+04 2.3228e-07 9.9945e-01 9.9999e+04 2.3228e-02 2.4986e+00
3.7451e+01 9.9999e+04 3.3558e-07 9.9923e-01 9.9999e+04 3.3557e-02 2.4981e+00
3.7843e+01 9.9998e+04 4.7993e-07 9.9892e-01 9.9998e+04 4.7992e-02 2.4973e+00
3.8235e+01 9.9997e+04 6.7946e-07 9.9851e-01 9.9997e+04 6.7944e-02 2.4963e+00
3.8627e+01 9.9996e+04 9.5227e-07 9.9797e-01 9.9996e+04 9.5222e-02 2.4949e+00
3.9020e+01 9.9994e+04 1.3212e-06 9.9725e-01 9.9994e+04 1.3211e-01 2.4931e+00
3.9412e+01 9.9991e+04 1.8145e-06 9.9632e-01 9.9991e+04 1.8143e-01 2.4908e+00
3.9804e+01 9.9988e+04 2.4670e-06 9.9514e-01 9.9988e+04 2.4667e-01 2.4878e+00
4.0196e+01 9.9983e+04 3.3205e-06 9.9364e-01 9.9983e+04 3.3200e-01 2.4841e+00
4.0588e+01 9.9977e+04 4.4246e-06 9.9177e-01 9.9977e+04 4.4236e-01 2.4794e+00
4.0980e+01 9.9969e+04 5.8371e-06 9.8946e-01 9.9969e+04 5.8353e-01 2.4736e+00
4.1373e+01 9.9958e+04 7.6243e-06 9.8664e-01 9.9958e+04 7.6211e-01 2.4666e+00
4.1765e+01 9.9944e+04 9.8605e-06 9.8326e-01 9.9944e+04 9.8550e-01 2.4581e+00
4.2157e+01 9.9927e+04 1.2628e-05 9.7923e-01 9.9927e+04 1.2619e+00 2.4481e+00
4.2549e+01 9.9904e+04 1.6017e-05 9.7451e-01 9.9904e+04 1.6001e+00 2.4363e+00
4.2941e+01 9.9877e+04 2.0121e-05 9.6903e-01 9.9877e+04 2.0096e+00 2.4226e+00
4.3333e+01 9.9842e+04 2.5038e-05 9.6275e-01 9.9842e+04 2.4999e+00 2.4069e+00
4.3725e+01 9.9800e+04 3.0870e-05 9.5564e-01 9.9800e+04 3.0808e+00 2.3891e+00
4.4118e+01 9.9748e+04 3.7715e-05 9.4768e-01 9.9748e+04 3.7620e+00 2.3693e+00
4.4510e+01 9.9686e+04 4.5670e-05 9.3887e-01 9.9686e+04 4.5526e+00 2.3473e+00
4.4902e+01 9.9612e+04 5.4825e-05 9.2922e-01 9.9612e+04 5.4612e+00 2.3232e+00
4.5294e+01 9.9524e+04 6.5262e-05 9.1877e-01 9.9524e+04 6.4951e+00 2.2971e+00
4.5686e+01 9.9421e+04 7.7052e-05 9.0757e-01 9.9421e+04 7.6606e+00 2.2692e+00
4.6078e+01 9.9301e+04 9.0261e-05 8.9567e-01 9.9301e+04 8.9630e+00 2.2396e+00
4.6471e+01 9.9162e+04 1.0490e-04 8.8314e-01 9.9162e+04 1.0402e+01 2.2084e+00
4.6863e+01 9.9007e+04 1.2121e-04 8.7014e-01 9.9007e+04 1.2000e+01 2.1761e+00
4.7255e+01 9.8805e+04 1.3808e-04 8.5640e-01 9.8805e+04 1.3642e+01 2.1419e+00
4.7647e+01 9.8696e+04 1.6058e-04 8.4378e-01 9.8696e+04 1.5848e+01 2.1107e+00
4.8039e+01 9.8125e+04 1.6922e-04 8.2575e-01 9.8125e+04 1.6604e+01 2.0658e+00
4.8431e+01 9.8842e+04 2.2478e-04 8.2310e-01 9.8842e+04 2.2217e+01 2.0602e+00
4.8824e+01 9.6534e+04 1.7745e-04 7.8575e-01 9.6534e+04 1.7130e+01 1.9659e+00
4.9216e+01 9.8463e+04 2.9778e-04 8.0373e-01 9.8463e+04 2.9320e+01 2.0137e+00
4.9608e+01 1.0688e+05 2.5436e-04 7.6730e-01 1.0688e+05 2.7187e+01 1.9217e+00
5.0000e+01 1.6806e+04 3.0167e-04 7.6820e-01 1.6806e+04 5.0699e+00 1.9213e+00
5.0392e+01 1.0639e+04 4.2376e-04 7.6710e-01 1.0639e+04 4.5085e+00 1.9187e+00
5.0784e+01 1.0667e+04 5.3165e-04 7.6109e-01 1.0667e+04 5.6713e+00 1.9042e+00
5.1176e+01 1.1239e+04 5.9241e-04 7.5279e-01 1.1239e+04 6.6581e+00 1.8839e+00
5.1569e+01 1.1699e+04 8.4464e-04 7.6886e-01 1.1699e+04 9.8817e+00 1.9263e+00
5.1961e+01 1.2311e+04 1.1122e-03 7.8978e-01 1.2311e+04 1.3692e+01 1.9821e+00
5.2353e+01 1.2612e+04 1.3129e-03 8.0581e-01 1.2612e+04 1.6558e+01 2.0254e+00
5.2745e+01 1.2821e+04 1.3741e-03 8.0683e-01 1.2821e+04 1.7618e+01 2.0292e+00
5.3137e+01 1.2827e+04 1.3882e-03 8.0342e-01 1.2827e+04 1.7806e+01 2.0209e+00
5.3529e+01 1.2865e+04 1.3719e-03 7.9714e-01 1.2865e+04 1.7649e+01 2.0050e+00
5.3922e+01 1.2844e+04 1.3652e-03 7.9180e-01 1.2844e+04 1.7535e+01 1.9915e+00
5.4314e+01 1.2862e+04 1.3486e-03 7.8514e-01 1.2862e+04 1.7346e+01 1.9745e+00
5.4706e+01 1.2850e+04 1.3377e-03 7.7882e-01 1.2850e+04 1.7189e+01 1.9585e+00
5.5098e+01 1.2858e+04 1.3207e-03 7.7159e-01 1.2858e+04 1.6982e+01 1.9402e+00
5.5490e+01 1.2850e+04 1.3064e-03 7.6435e-01 1.2850e+04 1.6788e+01 1.9219e+00
5.5882e+01 1.2853e+04 1.2885e-03 7.5646e-01 1.2853e+04 1.6560e+01 1.9018e+00
5.6275e+01 1.2847e+04 1.2716e-03 7.4837e-01 1.2847e+04 1.6336e+01 1.8813e+00
5.6667e+01 1.2846e+04 1.2523e-03 7.3976e-01 1.2846e+04 1.6087e+01 1.8595e+00
5.7059e+01 1.2841e+04 1.2332e-03 7.3086e-01 1.2841e+04 1.5836e+01 1.8369e+00
5.7451e+01 1.2837e+04 1.2126e-03 7.2151e-01 1.2837e+04 1.5566e+01 1.8132e+00
5.7843e+01 1.2832e+04 1.1916e-03 7.1183e-01 1.2832e+04 1.5290e+01 1.7887e+00
5.8235e+01 1.2827e+04 1.1694e-03 7.0173e-01 1.2827e+04 1.5000e+01 1.7631e+00
5.8627e+01 1.2822e+04 1.1466e-03 6.9125e-01 1.2822e+04 1.4701e+01 1.7366e+00
5.9020e+01 1.2816e+04 1.1227e-03 6.8035e-01 1.2816e+04 1.4389e+01 1.7089e+00
5.9412e+01 1.2809e+04 1.0981e-03 6.6901e-01 1.2809e+04 1.4066e+01 1.6803e+00
5.9804e+01 1.2803e+04 1.0725e-03 6.5721e-01 1.2803e+04 1.3730e+01 1.6504e+00
6.0196e+01 1.2795e+04 1.0459e-03 6.4492e-01 1.2795e+04 1.3383e+01 1.6193e+00
6.0588e+01 1.2788e+04 1.0183e-03 6.3209e-01 1.2788e+04 1.3022e+01 1.5868e+00
6.0980e+01 1.2780e+04 9.8959e-04 6.1869e-01 1.2780e+04 1.2647e+01 1.5530e+00
6.1373e+01 1.2771e+04 9.5976e-04 6.0468e-01 1.2771e+04 1.2257e+01 1.5176e+00
6.1765e+01 1.2763e+04 9.2875e-04 5.9001e-01 1.2763e+04 1.1853e+01 1.4805e+00
6.2157e+01 1.2753e+04 8.9650e-04 5.7465e-01 1.2753e+04 1.1433e+01 1.4417e+00
6.2549e+01 1.2744e+04 8.6297e-04 5.5854e-01 1.2744e+04 1.0997e+01 1.4011e+00
6.2941e+01 1.2733e+04 8.2810e-04 5.4165e-01 1.2733e+04 1.0545e+01 1.3585e+00
6.3333e+01 1.2723e+04 7.9185e-04 5.2392e-01 1.2723e+04 1.0075e+01 1.3138e+00
6.3725e+01 1.2712e+04 7.5417e-04 5.0531e-01 1.2712e+04 9.5869e+00 1.2669e+00
6.4118e+01 1.2700e+04 7.1502e-04 4.8579e-01 1.2700e+04 9.0811e+00 1.2177e+00
6.4510e+01 1.2689e+04 6.7434e-04 4.6529e-01 1.2689e+04 8.5565e+00 1.1661e+00
6.4902e+01 1.2676e+04 6.3210e-04 4.4377e-01 1.2676e+04 8.0128e+00 1.1120e+00
6.5294e+01 1.2664e+04 5.8825e-04 4.2118e-01 1.2664e+04 7.4494e+00 1.0552e+00
6.5686e+01 1.2651e+04 5.4272e-04 3.9748e-01 1.2651e+04 6.8658e+00 9.9556e-01
6.6078e+01 1.2637e+04 4.9548e-04 3.7260e-01 1.2637e+04 6.2614e+00 9.3304e-01
6.6471e+01 1.2623e+04 4.4645e-04 3.4648e-01 1.2623e+04 5.6356e+00 8.6745e-01
6.6863e+01 1.2609e+04 3.9557e-04 3.1905e-01 1.2609e+04 4.9876e+00 7.9860e-01
6.7255e+01 1.2594e+04 3.4278e-04 2.9024e-01 1.2594e+04 4.3168e+00 7.2634e-01
6.7647e+01 1.2579e+04 2.8811e-04 2.6004e-01 1.2579e+04 3.6240e+00 6.5061e-01
6.8039e+01 1.2563e+04 2.3201e-04 2.2864e-01 1.2563e+04 2.9147e+00 5.7194e-01
6.8431e+01 1.2548e+04 1.7588e-04 1.9687e-01 1.2548e+04 2.2069e+00 4.9236e-01
6.8824e+01 1.2533e+04 1.2277e-04 1.6663e-01 1.2533e+04 1.5387e+00 4.1667e-01
6.9216e+01 1.2521e+04 7.7160e-05 1.4085e-01 1.2521e+04 9.6614e-01 3.5216e-01
6.9608e+01 1.2512e+04 4.3021e-05 1.2203e-01 1.2512e+04 5.3828e-01 3.0509e-01
7.0000e+01 1.2506e+04 2.1294e-05 1.1054e-01 1.2506e+04 2.6630e-01 2.7636e-01
7.0392e+01 1.2503e+04 9.5338e-06 1.0460e-01 1.2503e+04 1.1920e-01 2.6149e-01
7.0784e+01 1.2501e+04 3.9776e-06 1.0189e-01 1.2501e+04 4.9725e-02 2.5472e-01
7.1176e+01 1.2500e+04 1.5911e-06 1.0075e-01 1.2500e+04 1.9889e-02 2.5188e-01
7.1569e+01 1.2500e+04 6.2228e-07 1.0029e-01 1.2500e+04 7.7786e-03 2.5073e-01
7.1961e+01 1.2500e+04 2.4048e-07 1.0011e-01 1.2500e+04 3.0060e-03 2.5028e-01
7.2353e+01 1.2500e+04 9.2269e-08 1.0004e-01 1.2500e+04 1.1534e-03 2.5011e-01
7.2745e+01 1.2500e+04 3.5221e-08 1.0002e-01 1.2500e+04 4.4026e-04 2.5004e-01
7.3137e+01 1.2500e+04 1.3386e-08 1.0001e-01 1.2500e+04 1.6732e-04 2.5002e-01
7.3529e+01 1.2500e+04 5.0665e-09 1.0000e-01 1.2500e+04 6.3331e-05 2.5001e-01
7.3922e+01 1.2500e+04 1.9100e-09 1.0000e-01 1.2500e+04 2.3875e-05 2.5000e-01
7.4314e+01 1.2500e+04 7.1720e-10 1.0000e-01 1.2500e+04 8.9650e-06 2.5000e-01
7.4706e+01 1.2500e+04 2.6823e-10 1.0000e-01 1.2500e+04 3.3529e-06 2.5000e-01
7.5098e+01 1.2500e+04 9.9916e-11 1.0000e-01 1.2500e+04 1.2489e-06 2.5000e-01
7.5490e+01 1.2500e+04 3.7068e-11 1.0000e-01 1.2500e+04 4.6335e-07 2.5000e-01
7.5882e+01 1.2500e+04 1.3696e-11 1.0000e-01 1.2500e+04 1.7120e-07 2.5000e-01
7.6275e+01 1.2500e+04 5.0397e-12 1.0000e-01 1.2500e+04 6.2997e-08 2.5000e-01
7.6667e+01 1.2500e+04 1.8468e-12 1.0000e-01 1.2500e+04 2.3085e-08 2.5000e-01
7.7059e+01 1.2500e+04 6.7396e-13 1.0000e-01 1.2500e+04 8.4244e-09 2.5000e-01
7.7451e+01 1.2500e+04 2.4491e-13 1.0000e-01 1.2500e+04 3.0614e-09 2.5000e-01
7.7843e+01 1.2500e+04 8.8626e-14 1.0000e-01 1.2500e+04 1.1078e-09 2.5000e-01
7.8235e+01 1.2500e+04 3.1934e-14 1.0000e-01 1.2500e+04 3.9917e-10 2.5000e-01
7.8627e+01 1.2500e+04 1.1456e-14 1.0000e-01 1.2500e+04 1.4320e-10 2.5000e-01
7.9020e+01 1.2500e+04 4.0912e-15 1.0000e-01 1.2500e+04 5.1140e-11 2.5000e-01
7.9412e+01 1.2500e+04 1.4539e-15 1.0000e-01 1.2500e+04 1.8173e-11 2.5000e-01
7.9804e+01 1.2500e+04 5.1328e-16 1.0000e-01 1.2500e+04 6.4159e-12 2.5000e-01
8.0196e+01 1.2500e+04 1.7929e-16 1.0000e-01 1.2500e+04 2.2412e-12 2.5000e-01
8.0588e+01 1.2500e+04 6.1343e-17 1.0000e-01 1.2500e+04 7.6678e-13 2.5000e-01
8.0980e+01 1.2500e+04 2.0135e-17 1.0000e-01 1.2500e+04 2.5169e-13 2.5000e-01
8.1373e+01 1.2500e+04 5.8408e-18 1.0000e-01 1.2500e+04 7.3010e-14 2.5000e-01
8.1765e+01 1.2500e+04 1.1290e-18 1.0000e-01 1.2500e+04 1.4113e-14 2.5000e-01
8.2157e+01 1.2500e+04 2.3215e-20 1.0000e-01 1.2500e+04 2.9018e-16 2.5000e-01
8.2549e+01 1.2500e+04 0.0000e+00 1.0000e-01 1.2500e+04 0.0000e+00 2.5000e-01
8.2941e+01 1.2500e+04 0.0000e+00 1.0000e-01 1.2500e+04 0.0000e+00 2.5000e-01
8.3333e+01 1.2500e+04 0.0000e+00 1.0000e-01 1.2500e+04 0.0000e+00 2.5000e-01
8.3725e+01 1.2500e+04 0.0000e+00 1.0000e-01 1.2500e+04 0.0000e+00 2.5000e-01
8.4118e+01 1.2500e+04 0.0000e+00 1.0000e-01 1.2500e+04 0.0000e+00 2.5000e-01
8.4510e+01 1.2500e+04 0.0000e+00 1.0000e-01 1.2500e+04 0.0000e+00 2.5000e-01
8.4902e+01 1.2500e+04 0.0000e+00 1.0000e-01 1.2500e+04 0.0000e+00 2.5000e-01
8.5294e+01 1.2500e+04 0.0000e+00 1.0000e-01 1.2500e+04 0.0000e+00 2.5000e-01
8.5686e+01 1.2500e+04 0.0000e+00 1.0000e-01 1.2500e+04 0.0000e+00 2.5000e-01
8.6078e+01 1.2500e+04 0.0000e+00 1.0000e-01 1.2500e+04 0.0000e+00 2.5000e-01
8.6471e+01 1.2500e+04 0.0000e+00 1.0000e-01 1.2500e+04 0.0000e+00 2.5000e-01
8.6863e+01 1.2500e+04 0.0000e+00 1.0000e-01 1.2500e+04 0.0000e+00 2.5000e-01
8.7255e+01 1.2500e+04 0.0000e+00 1.0000e-01 1.2500e+04 0.0000e+00 2.5000e-01
8.7647e+01 1.2500e+04 0.0000e+00 1.0000e-01 1.2500e+04 0.0000e+00 2.5000e-01
8.8039e+01 1.2500e+04 0.0000e+00 1.0000e-01 1.2500e+04 0.0000e+00 2.5000e-01
8.8431e+01 1.2500e+04 0.0000e+00 1.0000e-01 1.2500e+04 0.0000e+00 2.5000e-01
8.8824e+01 1.2500e+04 0.0000e+00 1.0000e-01 1.2500e+04 0.0000e+00 2.5000e-01
8.9216e+01 1.2500e+04 0.0000e+00 1.0000e-01 1.2500e+04 0.0000e+00 2.5000e-01
8.9608e+01 1.2500e+04 0.0000e+00 1.0000e-01 1.2500e+04 0.0000e+00 2.5000e-01
9.0000e+01 1.2500e+04 0.0000e+00 1.0000e-01 1.2500e+04 0.0000e+00 2.5000e-01
9.0392e+01 1.2500e+04 0.0000e+00 1.0000e-01 1.2500e+04 0.0000e+00 2.5000e-01
9.0784e+01 1.2500e+04 0.0000e+00 1.0000e-01 1.2500e+04 0.0000e+00 2.5000e-01
9.1176e+01 1.2500e+04 0.0000e+00 1.0000e-01 1.2500e+04 0.0000e+00 2.5000e-01
9.1569e+01 1.2500e+04 0.0000e+00 1.0000e-01 1.2500e+04 0.0000e+00 2.5000e-01
9.1961e+01 1.2500e+04 0.0000e+00 1.0000e-01 1.2500e+04 0.0000e+00 2.5000e-01
9.2353e+01 1.2500e+04 0.0000e+00 1.0000e-01 1.2500e+04 0.0000e+00 2.5000e-01
9.2745e+01 1.2500e+04 0.0000e+00 1.0000e-01 1.2500e+04 0.0000e+00 2.5000e-01
9.3137e+01 1.2500e+04 0.0000e+00 1.0000e-01 1.2500e+04 0.0000e+00 2.5000e-01
9.3529e+01 1.2500e+04 0.0000e+00 1.0000e-01 1.2500e+04 0.0000e+00 2.5000e-01
9.3922e+01 1.2500e+04 0.0000e+00 1.0000e-01 1.2500e+04 0.0000e+00 2.5000e-01
9.4314e+01 1.2500e+04 0.0000e+00 1.0000e-01 1.2500e+04 0.0000e+00 2.5000e-01
9.4706e+01 1.2500e+04 0.0000e+00 1.0000e-01 1.2500e+04 0.0000e+00 2.5000e-01
9.5098e+01 1.2500e+04 0.0000e+00 1.0000e-01 1.2500e+04 0.0000e+00 2.5000e-01
9.5490e+01 1.2500e+04 0.0000e+00 1.0000e-01 1.2500e+04 0.0000e+00 2.5000e-01
9.5882e+01 1.2500e+04 0.0000e+00 1.0000e-01 1.2500e+04 0.0000e+00 2.5000e-01
9.6275e+01 1.2500e+04 0.0000e+00 1.0000e-01 1.2500e+04 0.0000e+00 2.5000e-01
9.6667e+01 1.2500e+04 0.0000e+00 1.0000e-01 1.2500e+04 0.0000e+00 2.5000e-01
9.7059e+01 1.2500e+04 0.0000e+00 1.0000e-01 1.2500e+04 0.0000e+00 2.5000e-01
9.7451e+01 1.2500e+04 0.0000e+00 1.0000e-01 1.2500e+04 0.0000e+00 2.5000e-01
9.7843e+01 1.2500e+04 0.0000e+00 1.0000e-01 1.2500e+04 0.0000e+00 2.5000e-01
9.8235e+01 1.2500e+04 0.0000e+00 1.0000e-01 1.2500e+04 0.0000e+00 2.5000e-01
9.8627e+01 1.2500e+04 0.0000e+00 1.0000e-01 1.2500e+04 0.0000e+00 2.5000e-01
9.9020e+01 1.2500e+04 0.0000e+00 1.0000e-01 1.2500e+04 0.0000e+00 2.5000e-01
9.9412e+01 1.2500e+04 0.0000e+00 1.0000e-01 1.2500e+04 0.0000e+00 2.5000e-01
9.9804e+01 1.2500e+04 0.0000e+00 1.0000e-01 1.2500e+04 0.0000e+00 2.5000e-01
