# # x Density Velocity Pressure q0 q1 q2
1.9608e-01 1.0000e+05 0.0000e+00 1.0000e+00 1.0000e+05 0.0000e+00 2.5000e+00
5.8824e-01 1.0000e+05 0.0000e+00 1.0000e+00 1.0000e+05 0.0000e+00 2.5000e+00
9.8039e-01 1.0000e+05 0.0000e+00 1.0000e+00 1.0000e+05 0.0000e+00 2.5000e+00
1.3725e+00 1.0000e+05 0.0000e+00 1.0000e+00 1.0000e+05 0.0000e+00 2.5000e+00
1.7647e+00 1.0000e+05 0.0000e+00 1.0000e+00 1.0000e+05 0.0000e+00 2.5000e+00
2.1569e+00 1.0000e+05 0.0000e+00 1.0000e+00 1.0000e+05 0.0000e+00 2.5000e+00
2.5490e+00 1.0000e+05 0.0000e+00 1.0000e+00 1.0000e+05 0.0000e+00 2.5000e+00
2.9412e+00 1.0000e+05 0.0000e+00 1.0000e+00 1.0000e+05 0.0000e+00 2.5000e+00
3.3333e+00 1.0000e+05 0.0000e+00 1.0000e+00 1.0000e+05 0.0000e+00 2.5000e+00
3.7255e+00 1.0000e+05 0.0000e+00 1.0000e+00 1.0000e+05 0.0000e+00 2.5000e+00
4.1176e+00 1.0000e+05 0.0000e+00 1.0000e+00 1.0000e+05 0.0000e+00 2.5000e+00
4.5098e+00 1.0000e+05 0.0000e+00 1.0000e+00 1.0000e+05 0.0000e+00 2.5000e+00
4.9020e+00 1.0000e+05 0.0000e+00 1.0000e+00 1.0000e+05 0.0000e+00 2.5000e+00
5.2941e+00 1.0000e+05 0.0000e+00 1.0000e+00 1.0000e+05 0.0000e+00 2.5000e+00
5.6863e+00 1.0000e+05 0.0000e+00 1.0000e+00 1.0000e+05 0.0000e+00 2.5000e+00
6.0784e+00 1.0000e+05 0.0000e+00 1.0000e+00 1.0000e+05 0.0000e+00 2.5000e+00
6.4706e+00 1.0000e+05 0.0000e+00 1.0000e+00 1.0000e+05 0.0000e+00 2.5000e+00
6.8627e+00 1.0000e+05 0.0000e+00 1.0000e+00 1.0000e+05 0.0000e+00 2.5000e+00
7.2549e+00 1.0000e+05 0.0000e+00 1.0000e+00 1.0000e+05 0.0000e+00 2.5000e+00
7.6471e+00 1.0000e+05 0.0000e+00 1.0000e+00 1.0000e+05 0.0000e+00 2.5000e+00
8.0392e+00 1.0000e+05 0.0000e+00 1.0000e+00 1.0000e+05 0.0000e+00 2.5000e+00
8.4314e+00 1.0000e+05 0.0000e+00 1.0000e+00 1.0000e+05 0.0000e+00 2.5000e+00
8.8235e+00 1.0000e+05 0.0000e+00 1.0000e+00 1.0000e+05 0.0000e+00 2.5000e+00
9.2157e+00 1.0000e+05 0.0000e+00 1.0000e+00 1.0000e+05 0.0000e+00 2.5000e+00
9.6078e+00 1.0000e+05 0.0000e+00 1.0000e+00 1.0000e+05 0.0000e+00 2.5000e+00
1.0000e+01 1.0000e+05 0.0000e+00 1.0000e+00 1.0000e+05 0.0000e+00 2.5000e+00
1.0392e+01 1.0000e+05 0.0000e+00 1.0000e+00 1.0000e+05 0.0000e+00 2.5000e+00
1.0784e+01 1.0000e+05 0.0000e+00 1.0000e+00 1.0000e+05 0.0000e+00 2.5000e+00
1.1176e+01 1.0000e+05 0.0000e+00 1.0000e+00 1.0000e+05 0.0000e+00 2.5000e+00
1.1569e+01 1.0000e+05 0.0000e+00 1.0000e+00 1.0000e+05 0.0000e+00 2.5000e+00
1.1961e+01 1.0000e+05 0.0000e+00 1.0000e+00 1.0000e+05 0.0000e+00 2.5000e+00
1.2353e+01 1.0000e+05 0.0000e+00 1.0000e+00 1.0000e+05 0.0000e+00 2.5000e+00
1.2745e+01 1.0000e+05 0.0000e+00 1.0000e+00 1.0000e+05 0.0000e+00 2.5000e+00
1.3137e+01 1.0000e+05 0.0000e+00 1.0000e+00 1.0000e+05 0.0000e+00 2.5000e+00
1.3529e+01 1.0000e+05 0.0000e+00 1.0000e+00 1.0000e+05 0.0000e+00 2.5000e+00
1.3922e+01 1.0000e+05 0.0000e+00 1.0000e+00 1.0000e+05 0.0000e+00 2.5000e+00
1.4314e+01 1.0000e+05 0.0000e+00 1.0000e+00 1.0000e+05 0.0000e+00 2.5000e+00
1.4706e+01 1.0000e+05 0.0000e+00 1.0000e+00 1.0000e+05 0.0000e+00 2.5000e+00
1.5098e+01 1.0000e+05 0.0000e+00 1.0000e+00 1.0000e+05 0.0000e+00 2.5000e+00
1.5490e+01 1.0000e+05 0.0000e+00 1.0000e+00 1.0000e+05 0.0000e+00 2.5000e+00
1.5882e+01 1.0000e+05 0.0000e+00 1.0000e+00 1.0000e+05 0.0000e+00 2.5000e+00
1.6275e+01 1.0000e+05 0.0000e+00 1.0000e+00 1.0000e+05 0.0000e+00 2.5000e+00
1.6667e+01 1.0000e+05 0.0000e+00 1.0000e+00 1.0000e+05 0.0000e+00 2.5000e+00
1.7059e+01 1.0000e+05 0.0000e+00 1.0000e+00 1.0000e+05 0.0000e+00 2.5000e+00
1.7451e+01 1.0000e+05 0.0000e+00 1.0000e+00 1.0000e+05 0.0000e+00 2.5000e+00
1.7843e+01 1.0000e+05 0.0000e+00 1.0000e+00 1.0000e+05 0.0000e+00 2.5000e+00
1.8235e+01 1.0000e+05 0.0000e+00 1.0000e+00 1.0000e+05 0.0000e+00 2.5000e+00
1.8627e+01 1.0000e+05 0.0000e+00 1.0000e+00 1.0000e+05 0.0000e+00 2.5000e+00
1.9020e+01 1.0000e+05 1.6986e-20 1.0000e+00 1.0000e+05 1.6986e-15 2.5000e+00
1.9412e+01 1.0000e+05 4.5722e-19 1.0000e+00 1.0000e+05 4.5722e-14 2.5000e+00
1.9804e+01 1.0000e+05 2.0862e-18 1.0000e+00 1.0000e+05 2.0862e-13 2.5000e+00
2.0196e+01 1.0000e+05 5.1254e-18 1.0000e+00 1.0000e+05 5.1254e-13 2.5000e+00
2.0588e+01 1.0000e+05 1.0306e-17 1.0000e+00 1.0000e+05 1.0306e-12 2.5000e+00
2.0980e+01 1.0000e+05 1.9910e-17 1.0000e+00 1.0000e+05 1.9910e-12 2.5000e+00
2.1373e+01 1.0000e+05 3.8795e-17 1.0000e+00 1.0000e+05 3.8795e-12 2.5000e+00
2.1765e+01 1.0000e+05 7.7590e-17 1.0000e+00 1.0000e+05 7.7590e-12 2.5000e+00
2.2157e+01 1.0000e+05 1.5751e-16 1.0000e+00 1.0000e+05 1.5751e-11 2.5000e+00
2.2549e+01 1.0000e+05 3.2144e-16 1.0000e+00 1.0000e+05 3.2144e-11 2.5000e+00
2.2941e+01 1.0000e+05 6.5495e-16 1.0000e+00 1.0000e+05 6.5495e-11 2.5000e+00
2.3333e+01 1.0000e+05 1.3291e-15 1.0000e+00 1.0000e+05 1.3291e-10 2.5000e+00
2.3725e+01 1.0000e+05 2.6787e-15 1.0000e+00 1.0000e+05 2.6787e-10 2.5000e+00
2.4118e+01 1.0000e+05 5.3553e-15 1.0000e+00 1.0000e+05 5.3553e-10 2.5000e+00
2.4510e+01 1.0000e+05 1.0616e-14 1.0000e+00 1.0000e+05 1.0616e-09 2.5000e+00
2.4902e+01 1.0000e+05 2.0861e-14 1.0000e+00 1.0000e+05 2.0861e-09 2.5000e+00
2.5294e+01 1.0000e+05 4.0625e-14 1.0000e+00 1.0000e+05 4.0625e-09 2.5000e+00
2.5686e+01 1.0000e+05 7.8396e-14 1.0000e+00 1.0000e+05 7.8396e-09 2.5000e+00
2.6078e+01 1.0000e+05 1.4990e-13 1.0000e+00 1.0000e+05 1.4990e-08 2.5000e+00
2.6471e+01 1.0000e+05 2.8400e-13 1.0000e+00 1.0000e+05 2.8400e-08 2.5000e+00
2.6863e+01 1.0000e+05 5.3311e-13 1.0000e+00 1.0000e+05 5.3311e-08 2.5000e+00
2.7255e+01 1.0000e+05 9.9145e-13 1.0000e+00 1.0000e+05 9.9145e-08 2.5000e+00
2.7647e+01 1.0000e+05 1.8267e-12 1.0000e+00 1.0000e+05 1.8267e-07 2.5000e+00
2.8039e+01 1.0000e+05 3.3342e-12 1.0000e+00 1.0000e+05 3.3342e-07 2.5000e+00
2.8431e+01 1.0000e+05 6.0288e-12 1.0000e+00 1.0000e+05 6.0288e-07 2.5000e+00
2.8824e+01 1.0000e+05 1.0798e-11 1.0000e+00 1.0000e+05 1.0798e-06 2.5000e+00
2.9216e+01 1.0000e+05 1.9159e-11 1.0000e+00 1.0000e+05 1.9159e-06 2.5000e+00
2.9608e+01 1.0000e+05 3.3669e-11 1.0000e+00 1.0000e+05 3.3669e-06 2.5000e+00
3.0000e+01 1.0000e+05 5.8607e-11 1.0000e+00 1.0000e+05 5.8607e-06 2.5000e+00
3.0392e+01 1.0000e+05 1.0104e-10 1.0000e+00 1.0000e+05 1.0104e-05 2.5000e+00
3.0784e+01 1.0000e+05 1.7253e-10 1.0000e+00 1.0000e+05 1.7253e-05 2.5000e+00
3.1176e+01 1.0000e+05 2.9176e-10 1.0000e+00 1.0000e+05 2.9176e-05 2.5000e+00
3.1569e+01 1.0000e+05 4.8862e-10 1.0000e+00 1.0000e+05 4.8862e-05 2.5000e+00
3.1961e+01 1.0000e+05 8.1039e-10 1.0000e+00 1.0000e+05 8.1039e-05 2.5000e+00
3.2353e+01 1.0000e+05 1.3310e-09 1.0000e+00 1.0000e+05 1.3310e-04 2.5000e+00
3.2745e+01 1.0000e+05 2.1648e-09 9.9999e-01 1.0000e+05 2.1648e-04 2.5000e+00
3.3137e+01 1.0000e+05 3.4864e-09 9.9999e-01 1.0000e+05 3.4864e-04 2.5000e+00
3.3529e+01 1.0000e+05 5.5598e-09 9.9998e-01 1.0000e+05 5.5598e-04 2.5000e+00
3.3922e+01 1.0000e+05 8.7791e-09 9.9998e-01 1.0000e+05 8.7791e-04 2.4999e+00
3.4314e+01 1.0000e+05 1.3726e-08 9.9996e-01 1.0000e+05 1.3726e-03 2.4999e+00
3.4706e+01 1.0000e+05 2.1248e-08 9.9994e-01 1.0000e+05 2.1248e-03 2.4999e+00
3.5098e+01 1.0000e+05 3.2566e-08 9.9991e-01 1.0000e+05 3.2566e-03 2.4998e+00
3.5490e+01 1.0000e+05 4.9417e-08 9.9987e-01 1.0000e+05 4.9417e-03 2.4997e+00
3.5882e+01 1.0000e+05 7.4241e-08 9.9981e-01 1.0000e+05 7.4241e-03 2.4995e+00
3.6275e+01 1.0000e+05 1.1042e-07 9.9973e-01 1.0000e+05 1.1042e-02 2.4993e+00
3.6667e+01 9.9999e+04 1.6260e-07 9.9961e-01 9.9999e+04 1.6260e-02 2.4990e+00
3.7059e+01 9.9999e+04 2.3703e-07 9.9944e-01 9.9999e+04 2.3703e-02 2.4986e+00
3.7451e+01 9.9998e+04 3.4207e-07 9.9921e-01 9.9998e+04 3.4206e-02 2.4980e+00
3.7843e+01 9.9998e+04 4.8870e-07 9.9890e-01 9.9998e+04 4.8869e-02 2.4973e+00
3.8235e+01 9.9997e+04 6.9118e-07 9.9849e-01 9.9997e+04 6.9116e-02 2.4962e+00
3.8627e+01 9.9995e+04 9.6774e-07 9.9794e-01 9.9995e+04 9.6769e-02 2.4948e+00
3.9020e+01 9.9994e+04 1.3413e-06 9.9722e-01 9.9994e+04 1.3412e-01 2.4930e+00
3.9412e+01 9.9991e+04 1.8405e-06 9.9628e-01 9.9991e+04 1.8403e-01 2.4907e+00
3.9804e+01 9.9987e+04 2.5001e-06 9.9509e-01 9.9987e+04 2.4998e-01 2.4877e+00
4.0196e+01 9.9983e+04 3.3621e-06 9.9358e-01 9.9983e+04 3.3616e-01 2.4839e+00
4.0588e+01 9.9976e+04 4.4763e-06 9.9169e-01 9.9976e+04 4.4753e-01 2.4792e+00
4.0980e+01 9.9968e+04 5.9005e-06 9.8937e-01 9.9968e+04 5.8986e-01 2.4734e+00
4.1373e+01 9.9957e+04 7.7011e-06 9.8654e-01 9.9957e+04 7.6978e-01 2.4664e+00
4.1765e+01 9.9944e+04 9.9524e-06 9.8314e-01 9.9944e+04 9.9468e-01 2.4579e+00
4.2157e+01 9.9926e+04 1.2737e-05 9.7910e-01 9.9926e+04 1.2727e+00 2.4478e+00
4.2549e+01 9.9903e+04 1.6144e-05 9.7436e-01 9.9903e+04 1.6128e+00 2.4359e+00
4.2941e+01 9.9875e+04 2.0267e-05 9.6887e-01 9.9875e+04 2.0242e+00 2.4222e+00
4.3333e+01 9.9841e+04 2.5205e-05 9.6258e-01 9.9841e+04 2.5165e+00 2.4065e+00
4.3725e+01 9.9798e+04 3.1058e-05 9.5546e-01 9.9798e+04 3.0995e+00 2.3887e+00
4.4118e+01 9.9746e+04 3.7925e-05 9.4749e-01 9.9746e+04 3.7828e+00 2.3688e+00
4.4510e+01 9.9684e+04 4.5901e-05 9.3868e-01 9.9684e+04 4.5756e+00 2.3468e+00
4.4902e+01 9.9609e+04 5.5076e-05 9.2903e-01 9.9609e+04 5.4861e+00 2.3227e+00
4.5294e+01 9.9521e+04 6.5533e-05 9.1858e-01 9.9521e+04 6.5219e+00 2.2967e+00
4.5686e+01 9.9418e+04 7.7342e-05 9.0738e-01 9.9418e+04 7.6892e+00 2.2687e+00
4.6078e+01 9.9298e+04 9.0568e-05 8.9548e-01 9.9298e+04 8.9932e+00 2.2391e+00
4.6471e+01 9.9158e+04 1.0522e-04 8.8296e-01 9.9158e+04 1.0433e+01 2.2079e+00
4.6863e+01 9.9003e+04 1.2154e-04 8.6998e-01 9.9003e+04 1.2033e+01 2.1757e+00
4.7255e+01 9.8800e+04 1.3841e-04 8.5624e-01 9.8800e+04 1.3674e+01 2.1416e+00
4.7647e+01 9.8692e+04 1.6096e-04 8.4365e-01 9.8692e+04 1.5886e+01 2.1104e+00
4.8039e+01 9.8117e+04 1.6947e-04 8.2560e-01 9.8117e+04 1.6627e+01 2.0654e+00
4.8431e+01 9.8841e+04 2.2529e-04 8.2306e-01 9.8841e+04 2.2268e+01 2.0602e+00
4.8824e+01 9.6525e+04 1.7767e-04 7.8564e-01 9.6525e+04 1.7150e+01 1.9656e+00
4.9216e+01 9.8450e+04 2.9801e-04 8.0365e-01 9.8450e+04 2.9339e+01 2.0135e+00
4.9608e+01 1.0691e+05 2.5484e-04 7.6734e-01 1.0691e+05 2.7245e+01 1.9218e+00
5.0000e+01 1.6835e+04 3.0143e-04 7.6810e-01 1.6835e+04 5.0746e+00 1.9210e+00
5.0392e+01 1.0638e+04 4.2440e-04 7.6716e-01 1.0638e+04 4.5150e+00 1.9189e+00
5.0784e+01 1.0665e+04 5.3335e-04 7.6129e-01 1.0665e+04 5.6879e+00 1.9047e+00
5.1176e+01 1.1234e+04 5.9133e-04 7.5270e-01 1.1234e+04 6.6429e+00 1.8837e+00
5.1569e+01 1.1690e+04 8.4010e-04 7.6839e-01 1.1690e+04 9.8211e+00 1.9251e+00
5.1961e+01 1.2303e+04 1.1078e-03 7.8930e-01 1.2303e+04 1.3629e+01 1.9808e+00
5.2353e+01 1.2607e+04 1.3108e-03 8.0559e-01 1.2607e+04 1.6525e+01 2.0248e+00
5.2745e+01 1.2819e+04 1.3743e-03 8.0687e-01 1.2819e+04 1.7617e+01 2.0293e+00
5.3137e+01 1.2827e+04 1.3892e-03 8.0356e-01 1.2827e+04 1.7818e+01 2.0213e+00
5.3529e+01 1.2865e+04 1.3731e-03 7.9731e-01 1.2865e+04 1.7664e+01 2.0054e+00
5.3922e+01 1.2845e+04 1.3664e-03 7.9200e-01 1.2845e+04 1.7551e+01 1.9920e+00
5.4314e+01 1.2862e+04 1.3500e-03 7.8537e-01 1.2862e+04 1.7364e+01 1.9751e+00
5.4706e+01 1.2851e+04 1.3391e-03 7.7908e-01 1.2851e+04 1.7208e+01 1.9592e+00
5.5098e+01 1.2859e+04 1.3222e-03 7.7189e-01 1.2859e+04 1.7001e+01 1.9410e+00
5.5490e+01 1.2851e+04 1.3080e-03 7.6469e-01 1.2851e+04 1.6809e+01 1.9227e+00
5.5882e+01 1.2853e+04 1.2901e-03 7.5684e-01 1.2853e+04 1.6582e+01 1.9028e+00
5.6275e+01 1.2848e+04 1.2733e-03 7.4879e-01 1.2848e+04 1.6359e+01 1.8824e+00
5.6667e+01 1.2846e+04 1.2541e-03 7.4021e-01 1.2846e+04 1.6111e+01 1.8606e+00
5.7059e+01 1.2841e+04 1.2351e-03 7.3136e-01 1.2841e+04 1.5861e+01 1.8382e+00
5.7451e+01 1.2838e+04 1.2145e-03 7.2205e-01 1.2838e+04 1.5592e+01 1.8146e+00
5.7843e+01 1.2833e+04 1.1936e-03 7.1241e-01 1.2833e+04 1.5317e+01 1.7902e+00
5.8235e+01 1.2828e+04 1.1715e-03 7.0235e-01 1.2828e+04 1.5028e+01 1.7647e+00
5.8627e+01 1.2822e+04 1.1488e-03 6.9192e-01 1.2822e+04 1.4730e+01 1.7383e+00
5.9020e+01 1.2817e+04 1.1250e-03 6.8106e-01 1.2817e+04 1.4419e+01 1.7108e+00
5.9412e+01 1.2810e+04 1.1005e-03 6.6978e-01 1.2810e+04 1.4097e+01 1.6822e+00
5.9804e+01 1.2804e+04 1.0749e-03 6.5803e-01 1.2804e+04 1.3763e+01 1.6525e+00
6.0196e+01 1.2796e+04 1.0485e-03 6.4580e-01 1.2796e+04 1.3416e+01 1.6215e+00
6.0588e+01 1.2789e+04 1.0209e-03 6.3303e-01 1.2789e+04 1.3057e+01 1.5892e+00
6.0980e+01 1.2781e+04 9.9238e-04 6.1970e-01 1.2781e+04 1.2683e+01 1.5555e+00
6.1373e+01 1.2772e+04 9.6267e-04 6.0576e-01 1.2772e+04 1.2296e+01 1.5203e+00
6.1765e+01 1.2764e+04 9.3180e-04 5.9118e-01 1.2764e+04 1.1893e+01 1.4835e+00
6.2157e+01 1.2754e+04 8.9969e-04 5.7590e-01 1.2754e+04 1.1475e+01 1.4449e+00
6.2549e+01 1.2745e+04 8.6632e-04 5.5989e-01 1.2745e+04 1.1041e+01 1.4045e+00
6.2941e+01 1.2735e+04 8.3161e-04 5.4310e-01 1.2735e+04 1.0590e+01 1.3621e+00
6.3333e+01 1.2724e+04 7.9553e-04 5.2548e-01 1.2724e+04 1.0122e+01 1.3177e+00
6.3725e+01 1.2713e+04 7.5804e-04 5.0699e-01 1.2713e+04 9.6370e+00 1.2711e+00
6.4118e+01 1.2702e+04 7.1907e-04 4.8759e-01 1.2702e+04 9.1335e+00 1.2223e+00
6.4510e+01 1.2690e+04 6.7860e-04 4.6722e-01 1.2690e+04 8.6114e+00 1.1710e+00
6.4902e+01 1.2678e+04 6.3657e-04 4.4585e-01 1.2678e+04 8.0702e+00 1.1172e+00
6.5294e+01 1.2665e+04 5.9293e-04 4.2341e-01 1.2665e+04 7.5095e+00 1.0608e+00
6.5686e+01 1.2652e+04 5.4764e-04 3.9987e-01 1.2652e+04 6.9288e+00 1.0016e+00
6.6078e+01 1.2639e+04 5.0064e-04 3.7516e-01 1.2639e+04 6.3273e+00 9.3948e-01
6.6471e+01 1.2625e+04 4.5186e-04 3.4922e-01 1.2625e+04 5.7046e+00 8.7434e-01
6.6863e+01 1.2610e+04 4.0125e-04 3.2199e-01 1.2610e+04 5.0599e+00 8.0599e-01
6.7255e+01 1.2596e+04 3.4874e-04 2.9339e-01 1.2596e+04 4.3925e+00 7.3424e-01
6.7647e+01 1.2580e+04 2.9434e-04 2.6340e-01 1.2580e+04 3.7029e+00 6.5904e-01
6.8039e+01 1.2565e+04 2.3843e-04 2.3217e-01 1.2565e+04 2.9958e+00 5.8079e-01
6.8431e+01 1.2549e+04 1.8225e-04 2.0043e-01 1.2549e+04 2.2871e+00 5.0128e-01
6.8824e+01 1.2535e+04 1.2863e-04 1.6993e-01 1.2535e+04 1.6124e+00 4.2493e-01
6.9216e+01 1.2522e+04 8.1958e-05 1.4351e-01 1.2522e+04 1.0263e+00 3.5882e-01
6.9608e+01 1.2513e+04 4.6379e-05 1.2384e-01 1.2513e+04 5.8033e-01 3.0961e-01
7.0000e+01 1.2507e+04 2.3277e-05 1.1156e-01 1.2507e+04 2.9111e-01 2.7890e-01
7.0392e+01 1.2503e+04 1.0536e-05 1.0509e-01 1.2503e+04 1.3174e-01 2.6273e-01
7.0784e+01 1.2501e+04 4.4282e-06 1.0210e-01 1.2501e+04 5.5358e-02 2.5526e-01
7.1176e+01 1.2501e+04 1.7790e-06 1.0084e-01 1.2501e+04 2.2239e-02 2.5210e-01
7.1569e+01 1.2500e+04 6.9755e-07 1.0033e-01 1.2500e+04 8.7195e-03 2.5082e-01
7.1961e+01 1.2500e+04 2.7001e-07 1.0013e-01 1.2500e+04 3.3752e-03 2.5032e-01
7.2353e+01 1.2500e+04 1.0373e-07 1.0005e-01 1.2500e+04 1.2967e-03 2.5012e-01
7.2745e+01 1.2500e+04 3.9642e-08 1.0002e-01 1.2500e+04 4.9553e-04 2.5005e-01
7.3137e+01 1.2500e+04 1.5083e-08 1.0001e-01 1.2500e+04 1.8853e-04 2.5002e-01
7.3529e+01 1.2500e+04 5.7149e-09 1.0000e-01 1.2500e+04 7.1437e-05 2.5001e-01
7.3922e+01 1.2500e+04 2.1568e-09 1.0000e-01 1.2500e+04 2.6960e-05 2.5000e-01
7.4314e+01 1.2500e+04 8.1076e-10 1.0000e-01 1.2500e+04 1.0134e-05 2.5000e-01
7.4706e+01 1.2500e+04 3.0356e-10 1.0000e-01 1.2500e+04 3.7945e-06 2.5000e-01
7.5098e+01 1.2500e+04 1.1320e-10 1.0000e-01 1.2500e+04 1.4150e-06 2.5000e-01
7.5490e+01 1.2500e+04 4.2044e-11 1.0000e-01 1.2500e+04 5.2555e-07 2.5000e-01
7.5882e+01 1.2500e+04 1.5553e-11 1.0000e-01 1.2500e+04 1.9441e-07 2.5000e-01
7.6275e+01 1.2500e+04 5.7296e-12 1.0000e-01 1.2500e+04 7.1619e-08 2.5000e-01
7.6667e+01 1.2500e+04 2.1021e-12 1.0000e-01 1.2500e+04 2.6276e-08 2.5000e-01
7.7059e+01 1.2500e+04 7.6802e-13 1.0000e-01 1.2500e+04 9.6003e-09 2.5000e-01
7.7451e+01 1.2500e+04 2.7944e-13 1.0000e-01 1.2500e+04 3.4930e-09 2.5000e-01
7.7843e+01 1.2500e+04 1.0124e-13 1.0000e-01 1.2500e+04 1.2655e-09 2.5000e-01
7.8235e+01 1.2500e+04 3.6525e-14 1.0000e-01 1.2500e+04 4.5656e-10 2.5000e-01
7.8627e+01 1.2500e+04 1.3120e-14 1.0000e-01 1.2500e+04 1.6400e-10 2.5000e-01
7.9020e+01 1.2500e+04 4.6916e-15 1.0000e-01 1.2500e+04 5.8645e-11 2.5000e-01
7.9412e+01 1.2500e+04 1.6696e-15 1.0000e-01 1.2500e+04 2.0870e-11 2.5000e-01
7.9804e+01 1.2500e+04 5.9043e-16 1.0000e-01 1.2500e+04 7.3804e-12 2.5000e-01
8.0196e+01 1.2500e+04 2.0677e-16 1.0000e-01 1.2500e+04 2.5846e-12 2.5000e-01
8.0588e+01 1.2500e+04 7.1053e-17 1.0000e-01 1.2500e+04 8.8816e-13 2.5000e-01
8.0980e+01 1.2500e+04 2.3540e-17 1.0000e-01 1.2500e+04 2.9425e-13 2.5000e-01
8.1373e+01 1.2500e+04 7.0358e-18 1.0000e-01 1.2500e+04 8.7947e-14 2.5000e-01
8.1765e+01 1.2500e+04 1.4911e-18 1.0000e-01 1.2500e+04 1.8639e-14 2.5000e-01
8.2157e+01 1.2500e+04 3.7370e-20 1.0000e-01 1.2500e+04 4.6713e-16 2.5000e-01
8.2549e+01 1.2500e+04 0.0000e+00 1.0000e-01 1.2500e+04 0.0000e+00 2.5000e-01
8.2941e+01 1.2500e+04 0.0000e+00 1.0000e-01 1.2500e+04 0.0000e+00 2.5000e-01
8.3333e+01 1.2500e+04 0.0000e+00 1.0000e-01 1.2500e+04 0.0000e+00 2.5000e-01
8.3725e+01 1.2500e+04 0.0000e+00 1.0000e-01 1.2500e+04 0.0000e+00 2.5000e-01
8.4118e+01 1.2500e+04 0.0000e+00 1.0000e-01 1.2500e+04 0.0000e+00 2.5000e-01
8.4510e+01 1.2500e+04 0.0000e+00 1.0000e-01 1.2500e+04 0.0000e+00 2.5000e-01
8.4902e+01 1.2500e+04 0.0000e+00 1.0000e-01 1.2500e+04 0.0000e+00 2.5000e-01
8.5294e+01 1.2500e+04 0.0000e+00 1.0000e-01 1.2500e+04 0.0000e+00 2.5000e-01
8.5686e+01 1.2500e+04 0.0000e+00 1.0000e-01 1.2500e+04 0.0000e+00 2.5000e-01
8.6078e+01 1.2500e+04 0.0000e+00 1.0000e-01 1.2500e+04 0.0000e+00 2.5000e-01
8.6471e+01 1.2500e+04 0.0000e+00 1.0000e-01 1.2500e+04 0.0000e+00 2.5000e-01
8.6863e+01 1.2500e+04 0.0000e+00 1.0000e-01 1.2500e+04 0.0000e+00 2.5000e-01
8.7255e+01 1.2500e+04 0.0000e+00 1.0000e-01 1.2500e+04 0.0000e+00 2.5000e-01
8.7647e+01 1.2500e+04 0.0000e+00 1.0000e-01 1.2500e+04 0.0000e+00 2.5000e-01
8.8039e+01 1.2500e+04 0.0000e+00 1.0000e-01 1.2500e+04 0.0000e+00 2.5000e-01
8.8431e+01 1.2500e+04 0.0000e+00 1.0000e-01 1.2500e+04 0.0000e+00 2.5000e-01
8.8824e+01 1.2500e+04 0.0000e+00 1.0000e-01 1.2500e+04 0.0000e+00 2.5000e-01
8.9216e+01 1.2500e+04 0.0000e+00 1.0000e-01 1.2500e+04 0.0000e+00 2.5000e-01
8.9608e+01 1.2500e+04 0.0000e+00 1.0000e-01 1.2500e+04 0.0000e+00 2.5000e-01
9.0000e+01 1.2500e+04 0.0000e+00 1.0000e-01 1.2500e+04 0.0000e+00 2.5000e-01
9.0392e+01 1.2500e+04 0.0000e+00 1.0000e-01 1.2500e+04 0.0000e+00 2.5000e-01
9.0784e+01 1.2500e+04 0.0000e+00 1.0000e-01 1.2500e+04 0.0000e+00 2.5000e-01
9.1176e+01 1.2500e+04 0.0000e+00 1.0000e-01 1.2500e+04 0.0000e+00 2.5000e-01
9.1569e+01 1.2500e+04 0.0000e+00 1.0000e-01 1.2500e+04 0.0000e+00 2.5000e-01
9.1961e+01 1.2500e+04 0.0000e+00 1.0000e-01 1.2500e+04 0.0000e+00 2.5000e-01
9.2353e+01 1.2500e+04 0.0000e+00 1.0000e-01 1.2500e+04 0.0000e+00 2.5000e-01
9.2745e+01 1.2500e+04 0.0000e+00 1.0000e-01 1.2500e+04 0.0000e+00 2.5000e-01
9.3137e+01 1.2500e+04 0.0000e+00 1.0000e-01 1.2500e+04 0.0000e+00 2.5000e-01
9.3529e+01 1.2500e+04 0.0000e+00 1.0000e-01 1.2500e+04 0.0000e+00 2.5000e-01
9.3922e+01 1.2500e+04 0.0000e+00 1.0000e-01 1.2500e+04 0.0000e+00 2.5000e-01
9.4314e+01 1.2500e+04 0.0000e+00 1.0000e-01 1.2500e+04 0.0000e+00 2.5000e-01
9.4706e+01 1.2500e+04 0.0000e+00 1.0000e-01 1.2500e+04 0.0000e+00 2.5000e-01
9.5098e+01 1.2500e+04 0.0000e+00 1.0000e-01 1.2500e+04 0.0000e+00 2.5000e-01
9.5490e+01 1.2500e+04 0.0000e+00 1.0000e-01 1.2500e+04 0.0000e+00 2.5000e-01
9.5882e+01 1.2500e+04 0.0000e+00 1.0000e-01 1.2500e+04 0.0000e+00 2.5000e-01
9.6275e+01 1.2500e+04 0.0000e+00 1.0000e-01 1.2500e+04 0.0000e+00 2.5000e-01
9.6667e+01 1.2500e+04 0.0000e+00 1.0000e-01 1.2500e+04 0.0000e+00 2.5000e-01
9.7059e+01 1.2500e+04 0.0000e+00 1.0000e-01 1.2500e+04 0.0000e+00 2.5000e-01
9.7451e+01 1.2500e+04 0.0000e+00 1.0000e-01 1.2500e+04 0.0000e+00 2.5000e-01
9.7843e+01 1.2500e+04 0.0000e+00 1.0000e-01 1.2500e+04 0.0000e+00 2.5000e-01
9.8235e+01 1.2500e+04 0.0000e+00 1.0000e-01 1.2500e+04 0.0000e+00 2.5000e-01
9.8627e+01 1.2500e+04 0.0000e+00 1.0000e-01 1.2500e+04 0.0000e+00 2.5000e-01
9.9020e+01 1.2500e+04 0.0000e+00 1.0000e-01 1.2500e+04 0.0000e+00 2.5000e-01
9.9412e+01 1.2500e+04 0.0000e+00 1.0000e-01 1.2500e+04 0.0000e+00 2.5000e-01
9.9804e+01 1.2500e+04 0.0000e+00 1.0000e-01 1.2500e+04 0.0000e+00 2.5000e-01
