# # x Density Velocity Pressure q0 q1 q2
1.9608e-01 1.0000e+05 0.0000e+00 1.0000e+00 1.0000e+05 0.0000e+00 2.5000e+00
5.8824e-01 1.0000e+05 0.0000e+00 1.0000e+00 1.0000e+05 0.0000e+00 2.5000e+00
9.8039e-01 1.0000e+05 0.0000e+00 1.0000e+00 1.0000e+05 0.0000e+00 2.5000e+00
1.3725e+00 1.0000e+05 0.0000e+00 1.0000e+00 1.0000e+05 0.0000e+00 2.5000e+00
1.7647e+00 1.0000e+05 0.0000e+00 1.0000e+00 1.0000e+05 0.0000e+00 2.5000e+00
2.1569e+00 1.0000e+05 0.0000e+00 1.0000e+00 1.0000e+05 0.0000e+00 2.5000e+00
2.5490e+00 1.0000e+05 0.0000e+00 1.0000e+00 1.0000e+05 0.0000e+00 2.5000e+00
2.9412e+00 1.0000e+05 0.0000e+00 1.0000e+00 1.0000e+05 0.0000e+00 2.5000e+00
3.3333e+00 1.0000e+05 0.0000e+00 1.0000e+00 1.0000e+05 0.0000e+00 2.5000e+00
3.7255e+00 1.0000e+05 0.0000e+00 1.0000e+00 1.0000e+05 0.0000e+00 2.5000e+00
4.1176e+00 1.0000e+05 0.0000e+00 1.0000e+00 1.0000e+05 0.0000e+00 2.5000e+00
4.5098e+00 1.0000e+05 0.0000e+00 1.0000e+00 1.0000e+05 0.0000e+00 2.5000e+00
4.9020e+00 1.0000e+05 0.0000e+00 1.0000e+00 1.0000e+05 0.0000e+00 2.5000e+00
5.2941e+00 1.0000e+05 0.0000e+00 1.0000e+00 1.0000e+05 0.0000e+00 2.5000e+00
5.6863e+00 1.0000e+05 0.0000e+00 1.0000e+00 1.0000e+05 0.0000e+00 2.5000e+00
6.0784e+00 1.0000e+05 0.0000e+00 1.0000e+00 1.0000e+05 0.0000e+00 2.5000e+00
6.4706e+00 1.0000e+05 0.0000e+00 1.0000e+00 1.0000e+05 0.0000e+00 2.5000e+00
6.8627e+00 1.0000e+05 0.0000e+00 1.0000e+00 1.0000e+05 0.0000e+00 2.5000e+00
7.2549e+00 1.0000e+05 0.0000e+00 1.0000e+00 1.0000e+05 0.0000e+00 2.5000e+00
7.6471e+00 1.0000e+05 0.0000e+00 1.0000e+00 1.0000e+05 0.0000e+00 2.5000e+00
8.0392e+00 1.0000e+05 0.0000e+00 1.0000e+00 1.0000e+05 0.0000e+00 2.5000e+00
8.4314e+00 1.0000e+05 0.0000e+00 1.0000e+00 1.0000e+05 0.0000e+00 2.5000e+00
8.8235e+00 1.0000e+05 0.0000e+00 1.0000e+00 1.0000e+05 0.0000e+00 2.5000e+00
9.2157e+00 1.0000e+05 0.0000e+00 1.0000e+00 1.0000e+05 0.0000e+00 2.5000e+00
9.6078e+00 1.0000e+05 0.0000e+00 1.0000e+00 1.0000e+05 0.0000e+00 2.5000e+00
1.0000e+01 1.0000e+05 0.0000e+00 1.0000e+00 1.0000e+05 0.0000e+00 2.5000e+00
1.0392e+01 1.0000e+05 0.0000e+00 1.0000e+00 1.0000e+05 0.0000e+00 2.5000e+00
1.0784e+01 1.0000e+05 0.0000e+00 1.0000e+00 1.0000e+05 0.0000e+00 2.5000e+00
1.1176e+01 1.0000e+05 0.0000e+00 1.0000e+00 1.0000e+05 0.0000e+00 2.5000e+00
1.1569e+01 1.0000e+05 0.0000e+00 1.0000e+00 1.0000e+05 0.0000e+00 2.5000e+00
1.1961e+01 1.0000e+05 0.0000e+00 1.0000e+00 1.0000e+05 0.0000e+00 2.5000e+00
1.2353e+01 1.0000e+05 0.0000e+00 1.0000e+00 1.0000e+05 0.0000e+00 2.5000e+00
1.2745e+01 1.0000e+05 0.0000e+00 1.0000e+00 1.0000e+05 0.0000e+00 2.5000e+00
1.3137e+01 1.0000e+05 0.0000e+00 1.0000e+00 1.0000e+05 0.0000e+00 2.5000e+00
1.3529e+01 1.0000e+05 0.0000e+00 1.0000e+00 1.0000e+05 0.0000e+00 2.5000e+00
1.3922e+01 1.0000e+05 0.0000e+00 1.0000e+00 1.0000e+05 0.0000e+00 2.5000e+00
1.4314e+01 1.0000e+05 0.0000e+00 1.0000e+00 1.0000e+05 0.0000e+00 2.5000e+00
1.4706e+01 1.0000e+05 0.0000e+00 1.0000e+00 1.0000e+05 0.0000e+00 2.5000e+00
1.5098e+01 1.0000e+05 0.0000e+00 1.0000e+00 1.0000e+05 0.0000e+00 2.5000e+00
1.5490e+01 1.0000e+05 0.0000e+00 1.0000e+00 1.0000e+05 0.0000e+00 2.5000e+00
1.5882e+01 1.0000e+05 0.0000e+00 1.0000e+00 1.0000e+05 0.0000e+00 2.5000e+00
1.6275e+01 1.0000e+05 0.0000e+00 1.0000e+00 1.0000e+05 0.0000e+00 2.5000e+00
1.6667e+01 1.0000e+05 0.0000e+00 1.0000e+00 1.0000e+05 0.0000e+00 2.5000e+00
1.7059e+01 1.0000e+05 0.0000e+00 1.0000e+00 1.0000e+05 0.0000e+00 2.5000e+00
1.7451e+01 1.0000e+05 0.0000e+00 1.0000e+00 1.0000e+05 0.0000e+00 2.5000e+00
1.7843e+01 1.0000e+05 0.0000e+00 1.0000e+00 1.0000e+05 0.0000e+00 2.5000e+00
1.8235e+01 1.0000e+05 0.0000e+00 1.0000e+00 1.0000e+05 0.0000e+00 2.5000e+00
1.8627e+01 1.0000e+05 0.0000e+00 1.0000e+00 1.0000e+05 0.0000e+00 2.5000e+00
1.9020e+01 1.0000e+05 6.2000e-20 1.0000e+00 1.0000e+05 6.2000e-15 2.5000e+00
1.9412e+01 1.0000e+05 6.9616e-19 1.0000e+00 1.0000e+05 6.9616e-14 2.5000e+00
1.9804e+01 1.0000e+05 2.6451e-18 1.0000e+00 1.0000e+05 2.6451e-13 2.5000e+00
2.0196e+01 1.0000e+05 6.0675e-18 1.0000e+00 1.0000e+05 6.0675e-13 2.5000e+00
2.0588e+01 1.0000e+05 1.1927e-17 1.0000e+00 1.0000e+05 1.1927e-12 2.5000e+00
2.0980e+01 1.0000e+05 2.3013e-17 1.0000e+00 1.0000e+05 2.3013e-12 2.5000e+00
2.1373e+01 1.0000e+05 4.5067e-17 1.0000e+00 1.0000e+05 4.5067e-12 2.5000e+00
2.1765e+01 1.0000e+05 9.0299e-17 1.0000e+00 1.0000e+05 9.0299e-12 2.5000e+00
2.2157e+01 1.0000e+05 1.8325e-16 1.0000e+00 1.0000e+05 1.8325e-11 2.5000e+00
2.2549e+01 1.0000e+05 3.7330e-16 1.0000e+00 1.0000e+05 3.7330e-11 2.5000e+00
2.2941e+01 1.0000e+05 7.5864e-16 1.0000e+00 1.0000e+05 7.5864e-11 2.5000e+00
2.3333e+01 1.0000e+05 1.5347e-15 1.0000e+00 1.0000e+05 1.5347e-10 2.5000e+00
2.3725e+01 1.0000e+05 3.0826e-15 1.0000e+00 1.0000e+05 3.0826e-10 2.5000e+00
2.4118e+01 1.0000e+05 6.1411e-15 1.0000e+00 1.0000e+05 6.1411e-10 2.5000e+00
2.4510e+01 1.0000e+05 1.2131e-14 1.0000e+00 1.0000e+05 1.2131e-09 2.5000e+00
2.4902e+01 1.0000e+05 2.3753e-14 1.0000e+00 1.0000e+05 2.3753e-09 2.5000e+00
2.5294e+01 1.0000e+05 4.6094e-14 1.0000e+00 1.0000e+05 4.6094e-09 2.5000e+00
2.5686e+01 1.0000e+05 8.8640e-14 1.0000e+00 1.0000e+05 8.8640e-09 2.5000e+00
2.6078e+01 1.0000e+05 1.6891e-13 1.0000e+00 1.0000e+05 1.6891e-08 2.5000e+00
2.6471e+01 1.0000e+05 3.1892e-13 1.0000e+00 1.0000e+05 3.1892e-08 2.5000e+00
2.6863e+01 1.0000e+05 5.9663e-13 1.0000e+00 1.0000e+05 5.9663e-08 2.5000e+00
2.7255e+01 1.0000e+05 1.1059e-12 1.0000e+00 1.0000e+05 1.1059e-07 2.5000e+00
2.7647e+01 1.0000e+05 2.0308e-12 1.0000e+00 1.0000e+05 2.0308e-07 2.5000e+00
2.8039e+01 1.0000e+05 3.6947e-12 1.0000e+00 1.0000e+05 3.6947e-07 2.5000e+00
2.8431e+01 1.0000e+05 6.6591e-12 1.0000e+00 1.0000e+05 6.6591e-07 2.5000e+00
2.8824e+01 1.0000e+05 1.1890e-11 1.0000e+00 1.0000e+05 1.1890e-06 2.5000e+00
2.9216e+01 1.0000e+05 2.1029e-11 1.0000e+00 1.0000e+05 2.1029e-06 2.5000e+00
2.9608e+01 1.0000e+05 3.6842e-11 1.0000e+00 1.0000e+05 3.6842e-06 2.5000e+00
3.0000e+01 1.0000e+05 6.3934e-11 1.0000e+00 1.0000e+05 6.3934e-06 2.5000e+00
3.0392e+01 1.0000e+05 1.0989e-10 1.0000e+00 1.0000e+05 1.0989e-05 2.5000e+00
3.0784e+01 1.0000e+05 1.8709e-10 1.0000e+00 1.0000e+05 1.8709e-05 2.5000e+00
3.1176e+01 1.0000e+05 3.1546e-10 1.0000e+00 1.0000e+05 3.1546e-05 2.5000e+00
3.1569e+01 1.0000e+05 5.2681e-10 1.0000e+00 1.0000e+05 5.2681e-05 2.5000e+00
3.1961e+01 1.0000e+05 8.7126e-10 1.0000e+00 1.0000e+05 8.7126e-05 2.5000e+00
3.2353e+01 1.0000e+05 1.4270e-09 1.0000e+00 1.0000e+05 1.4270e-04 2.5000e+00
3.2745e+01 1.0000e+05 2.3146e-09 9.9999e-01 1.0000e+05 2.3146e-04 2.5000e+00
3.3137e+01 1.0000e+05 3.7177e-09 9.9999e-01 1.0000e+05 3.7177e-04 2.5000e+00
3.3529e+01 1.0000e+05 5.9130e-09 9.9998e-01 1.0000e+05 5.9130e-04 2.5000e+00
3.3922e+01 1.0000e+05 9.3128e-09 9.9997e-01 1.0000e+05 9.3128e-04 2.4999e+00
3.4314e+01 1.0000e+05 1.4523e-08 9.9996e-01 1.0000e+05 1.4523e-03 2.4999e+00
3.4706e+01 1.0000e+05 2.2426e-08 9.9994e-01 1.0000e+05 2.2426e-03 2.4999e+00
3.5098e+01 1.0000e+05 3.4289e-08 9.9991e-01 1.0000e+05 3.4289e-03 2.4998e+00
3.5490e+01 1.0000e+05 5.1907e-08 9.9987e-01 1.0000e+05 5.1907e-03 2.4997e+00
3.5882e+01 1.0000e+05 7.7801e-08 9.9981e-01 1.0000e+05 7.7801e-03 2.4995e+00
3.6275e+01 1.0000e+05 1.1545e-07 9.9972e-01 1.0000e+05 1.1545e-02 2.4993e+00
3.6667e+01 9.9999e+04 1.6963e-07 9.9959e-01 9.9999e+04 1.6963e-02 2.4990e+00
3.7059e+01 9.9999e+04 2.4674e-07 9.9942e-01 9.9999e+04 2.4673e-02 2.4986e+00
3.7451e+01 9.9998e+04 3.5532e-07 9.9919e-01 9.9998e+04 3.5532e-02 2.4980e+00
3.7843e+01 9.9998e+04 5.0659e-07 9.9887e-01 9.9998e+04 5.0658e-02 2.4972e+00
3.8235e+01 9.9997e+04 7.1503e-07 9.9844e-01 9.9997e+04 7.1501e-02 2.4961e+00
3.8627e+01 9.9995e+04 9.9917e-07 9.9788e-01 9.9995e+04 9.9912e-02 2.4947e+00
3.9020e+01 9.9993e+04 1.3823e-06 9.9715e-01 9.9993e+04 1.3822e-01 2.4929e+00
3.9412e+01 9.9991e+04 1.8932e-06 9.9619e-01 9.9991e+04 1.8930e-01 2.4905e+00
3.9804e+01 9.9987e+04 2.5670e-06 9.9498e-01 9.9987e+04 2.5667e-01 2.4874e+00
4.0196e+01 9.9982e+04 3.4462e-06 9.9345e-01 9.9982e+04 3.4456e-01 2.4836e+00
4.0588e+01 9.9976e+04 4.5806e-06 9.9154e-01 9.9976e+04 4.5795e-01 2.4788e+00
4.0980e+01 9.9967e+04 6.0283e-06 9.8919e-01 9.9967e+04 6.0263e-01 2.4730e+00
4.1373e+01 9.9956e+04 7.8557e-06 9.8633e-01 9.9956e+04 7.8523e-01 2.4658e+00
4.1765e+01 9.9942e+04 1.0137e-05 9.8291e-01 9.9942e+04 1.0132e+00 2.4573e+00
4.2157e+01 9.9924e+04 1.2955e-05 9.7884e-01 9.9924e+04 1.2946e+00 2.4471e+00
4.2549e+01 9.9902e+04 1.6398e-05 9.7407e-01 9.9902e+04 1.6382e+00 2.4352e+00
4.2941e+01 9.9873e+04 2.0561e-05 9.6856e-01 9.9873e+04 2.0535e+00 2.4214e+00
4.3333e+01 9.9838e+04 2.5540e-05 9.6224e-01 9.9838e+04 2.5499e+00 2.4056e+00
4.3725e+01 9.9795e+04 3.1435e-05 9.5511e-01 9.9795e+04 3.1371e+00 2.3878e+00
4.4118e+01 9.9743e+04 3.8344e-05 9.4712e-01 9.9743e+04 3.8246e+00 2.3679e+00
4.4510e+01 9.9680e+04 4.6363e-05 9.3830e-01 9.9680e+04 4.6214e+00 2.3459e+00
4.4902e+01 9.9604e+04 5.5580e-05 9.2865e-01 9.9604e+04 5.5360e+00 2.3218e+00
4.5294e+01 9.9516e+04 6.6076e-05 9.1820e-01 9.9516e+04 6.5756e+00 2.2957e+00
4.5686e+01 9.9411e+04 7.7922e-05 9.0700e-01 9.9411e+04 7.7463e+00 2.2678e+00
4.6078e+01 9.9291e+04 9.1181e-05 8.9511e-01 9.9291e+04 9.0534e+00 2.2382e+00
4.6471e+01 9.9150e+04 1.0586e-04 8.8261e-01 9.9150e+04 1.0496e+01 2.2071e+00
4.6863e+01 9.8995e+04 1.2221e-04 8.6965e-01 9.8995e+04 1.2098e+01 2.1749e+00
4.7255e+01 9.8790e+04 1.3906e-04 8.5593e-01 9.8790e+04 1.3738e+01 2.1408e+00
4.7647e+01 9.8685e+04 1.6174e-04 8.4341e-01 9.8685e+04 1.5961e+01 2.1098e+00
4.8039e+01 9.8100e+04 1.6996e-04 8.2530e-01 9.8100e+04 1.6673e+01 2.0647e+00
4.8431e+01 9.8840e+04 2.2632e-04 8.2298e-01 9.8840e+04 2.2369e+01 2.0600e+00
4.8824e+01 9.6507e+04 1.7812e-04 7.8543e-01 9.6507e+04 1.7190e+01 1.9651e+00
4.9216e+01 9.8424e+04 2.9845e-04 8.0349e-01 9.8424e+04 2.9375e+01 2.0131e+00
4.9608e+01 1.0697e+05 2.5578e-04 7.6741e-01 1.0697e+05 2.7362e+01 1.9220e+00
5.0000e+01 1.6893e+04 3.0095e-04 7.6790e-01 1.6893e+04 5.0839e+00 1.9205e+00
5.0392e+01 1.0637e+04 4.2556e-04 7.6728e-01 1.0637e+04 4.5266e+00 1.9192e+00
5.0784e+01 1.0659e+04 5.3679e-04 7.6170e-01 1.0659e+04 5.7218e+00 1.9058e+00
5.1176e+01 1.1223e+04 5.8942e-04 7.5255e-01 1.1223e+04 6.6153e+00 1.8833e+00
5.1569e+01 1.1673e+04 8.3116e-04 7.6745e-01 1.1673e+04 9.7019e+00 1.9227e+00
5.1961e+01 1.2285e+04 1.0989e-03 7.8833e-01 1.2285e+04 1.3500e+01 1.9782e+00
5.2353e+01 1.2597e+04 1.3064e-03 8.0512e-01 1.2597e+04 1.6456e+01 2.0236e+00
5.2745e+01 1.2816e+04 1.3744e-03 8.0692e-01 1.2816e+04 1.7614e+01 2.0294e+00
5.3137e+01 1.2826e+04 1.3911e-03 8.0382e-01 1.2826e+04 1.7843e+01 2.0220e+00
5.3529e+01 1.2866e+04 1.3754e-03 7.9764e-01 1.2866e+04 1.7696e+01 2.0063e+00
5.3922e+01 1.2846e+04 1.3688e-03 7.9238e-01 1.2846e+04 1.7583e+01 1.9930e+00
5.4314e+01 1.2863e+04 1.3526e-03 7.8582e-01 1.2863e+04 1.7399e+01 1.9763e+00
5.4706e+01 1.2851e+04 1.3418e-03 7.7960e-01 1.2851e+04 1.7244e+01 1.9606e+00
5.5098e+01 1.2860e+04 1.3251e-03 7.7248e-01 1.2860e+04 1.7040e+01 1.9425e+00
5.5490e+01 1.2852e+04 1.3111e-03 7.6536e-01 1.2852e+04 1.6850e+01 1.9245e+00
5.5882e+01 1.2854e+04 1.2933e-03 7.5758e-01 1.2854e+04 1.6625e+01 1.9047e+00
5.6275e+01 1.2849e+04 1.2767e-03 7.4961e-01 1.2849e+04 1.6404e+01 1.8845e+00
5.6667e+01 1.2848e+04 1.2577e-03 7.4112e-01 1.2848e+04 1.6158e+01 1.8630e+00
5.7059e+01 1.2843e+04 1.2388e-03 7.3234e-01 1.2843e+04 1.5910e+01 1.8407e+00
5.7451e+01 1.2839e+04 1.2184e-03 7.2312e-01 1.2839e+04 1.5643e+01 1.8173e+00
5.7843e+01 1.2834e+04 1.1976e-03 7.1357e-01 1.2834e+04 1.5370e+01 1.7931e+00
5.8235e+01 1.2830e+04 1.1756e-03 7.0360e-01 1.2830e+04 1.5083e+01 1.7679e+00
5.8627e+01 1.2824e+04 1.1531e-03 6.9325e-01 1.2824e+04 1.4787e+01 1.7417e+00
5.9020e+01 1.2818e+04 1.1295e-03 6.8249e-01 1.2818e+04 1.4478e+01 1.7144e+00
5.9412e+01 1.2812e+04 1.1052e-03 6.7130e-01 1.2812e+04 1.4159e+01 1.6861e+00
5.9804e+01 1.2805e+04 1.0798e-03 6.5966e-01 1.2805e+04 1.3827e+01 1.6566e+00
6.0196e+01 1.2798e+04 1.0535e-03 6.4754e-01 1.2798e+04 1.3483e+01 1.6259e+00
6.0588e+01 1.2791e+04 1.0262e-03 6.3490e-01 1.2791e+04 1.3126e+01 1.5940e+00
6.0980e+01 1.2783e+04 9.9791e-04 6.2170e-01 1.2783e+04 1.2756e+01 1.5606e+00
6.1373e+01 1.2774e+04 9.6845e-04 6.0791e-01 1.2774e+04 1.2371e+01 1.5258e+00
6.1765e+01 1.2766e+04 9.3785e-04 5.9349e-01 1.2766e+04 1.1972e+01 1.4893e+00
6.2157e+01 1.2756e+04 9.0603e-04 5.7838e-01 1.2756e+04 1.1558e+01 1.4512e+00
6.2549e+01 1.2747e+04 8.7295e-04 5.6256e-01 1.2747e+04 1.1127e+01 1.4112e+00
6.2941e+01 1.2737e+04 8.3857e-04 5.4596e-01 1.2737e+04 1.0681e+01 1.3694e+00
6.3333e+01 1.2726e+04 8.0283e-04 5.2856e-01 1.2726e+04 1.0217e+01 1.3255e+00
6.3725e+01 1.2716e+04 7.6569e-04 5.1030e-01 1.2716e+04 9.7362e+00 1.2795e+00
6.4118e+01 1.2704e+04 7.2710e-04 4.9114e-01 1.2704e+04 9.2374e+00 1.2312e+00
6.4510e+01 1.2693e+04 6.8702e-04 4.7104e-01 1.2693e+04 8.7201e+00 1.1806e+00
6.4902e+01 1.2681e+04 6.4540e-04 4.4995e-01 1.2681e+04 8.1841e+00 1.1275e+00
6.5294e+01 1.2668e+04 6.0220e-04 4.2781e-01 1.2668e+04 7.6287e+00 1.0718e+00
6.5686e+01 1.2655e+04 5.5736e-04 4.0458e-01 1.2655e+04 7.0535e+00 1.0134e+00
6.6078e+01 1.2642e+04 5.1084e-04 3.8021e-01 1.2642e+04 6.4579e+00 9.5217e-01
6.6471e+01 1.2628e+04 4.6257e-04 3.5463e-01 1.2628e+04 5.8413e+00 8.8793e-01
6.6863e+01 1.2614e+04 4.1249e-04 3.2779e-01 1.2614e+04 5.2030e+00 8.2054e-01
6.7255e+01 1.2599e+04 3.6053e-04 2.9960e-01 1.2599e+04 4.5423e+00 7.4982e-01
6.7647e+01 1.2584e+04 3.0668e-04 2.7003e-01 1.2584e+04 3.8592e+00 6.7566e-01
6.8039e+01 1.2568e+04 2.5118e-04 2.3917e-01 1.2568e+04 3.1570e+00 5.9831e-01
6.8431e+01 1.2553e+04 1.9502e-04 2.0755e-01 1.2553e+04 2.4481e+00 5.1911e-01
6.8824e+01 1.2538e+04 1.4059e-04 1.7665e-01 1.2538e+04 1.7628e+00 4.4175e-01
6.9216e+01 1.2525e+04 9.1978e-05 1.4909e-01 1.2525e+04 1.1520e+00 3.7279e-01
6.9608e+01 1.2515e+04 5.3604e-05 1.2775e-01 1.2515e+04 6.7085e-01 3.1939e-01
7.0000e+01 1.2508e+04 2.7677e-05 1.1384e-01 1.2508e+04 3.4618e-01 2.8460e-01
7.0392e+01 1.2504e+04 1.2821e-05 1.0622e-01 1.2504e+04 1.6031e-01 2.6556e-01
7.0784e+01 1.2502e+04 5.4743e-06 1.0261e-01 1.2502e+04 6.8438e-02 2.5651e-01
7.1176e+01 1.2501e+04 2.2204e-06 1.0105e-01 1.2501e+04 2.7757e-02 2.5262e-01
7.1569e+01 1.2500e+04 8.7547e-07 1.0041e-01 1.2500e+04 1.0944e-02 2.5103e-01
7.1961e+01 1.2500e+04 3.4008e-07 1.0016e-01 1.2500e+04 4.2511e-03 2.5040e-01
7.2353e+01 1.2500e+04 1.3100e-07 1.0006e-01 1.2500e+04 1.6375e-03 2.5015e-01
7.2745e+01 1.2500e+04 5.0178e-08 1.0002e-01 1.2500e+04 6.2722e-04 2.5006e-01
7.3137e+01 1.2500e+04 1.9133e-08 1.0001e-01 1.2500e+04 2.3916e-04 2.5002e-01
7.3529e+01 1.2500e+04 7.2651e-09 1.0000e-01 1.2500e+04 9.0814e-05 2.5001e-01
7.3922e+01 1.2500e+04 2.7478e-09 1.0000e-01 1.2500e+04 3.4347e-05 2.5000e-01
7.4314e+01 1.2500e+04 1.0351e-09 1.0000e-01 1.2500e+04 1.2939e-05 2.5000e-01
7.4706e+01 1.2500e+04 3.8842e-10 1.0000e-01 1.2500e+04 4.8552e-06 2.5000e-01
7.5098e+01 1.2500e+04 1.4517e-10 1.0000e-01 1.2500e+04 1.8146e-06 2.5000e-01
7.5490e+01 1.2500e+04 5.4040e-11 1.0000e-01 1.2500e+04 6.7549e-07 2.5000e-01
7.5882e+01 1.2500e+04 2.0035e-11 1.0000e-01 1.2500e+04 2.5044e-07 2.5000e-01
7.6275e+01 1.2500e+04 7.3981e-12 1.0000e-01 1.2500e+04 9.2476e-08 2.5000e-01
7.6667e+01 1.2500e+04 2.7206e-12 1.0000e-01 1.2500e+04 3.4007e-08 2.5000e-01
7.7059e+01 1.2500e+04 9.9636e-13 1.0000e-01 1.2500e+04 1.2455e-08 2.5000e-01
7.7451e+01 1.2500e+04 3.6339e-13 1.0000e-01 1.2500e+04 4.5423e-09 2.5000e-01
7.7843e+01 1.2500e+04 1.3198e-13 1.0000e-01 1.2500e+04 1.6497e-09 2.5000e-01
7.8235e+01 1.2500e+04 4.7731e-14 1.0000e-01 1.2500e+04 5.9664e-10 2.5000e-01
7.8627e+01 1.2500e+04 1.7188e-14 1.0000e-01 1.2500e+04 2.1485e-10 2.5000e-01
7.9020e+01 1.2500e+04 6.1624e-15 1.0000e-01 1.2500e+04 7.7030e-11 2.5000e-01
7.9412e+01 1.2500e+04 2.1990e-15 1.0000e-01 1.2500e+04 2.7488e-11 2.5000e-01
7.9804e+01 1.2500e+04 7.8021e-16 1.0000e-01 1.2500e+04 9.7526e-12 2.5000e-01
8.0196e+01 1.2500e+04 2.7448e-16 1.0000e-01 1.2500e+04 3.4311e-12 2.5000e-01
8.0588e+01 1.2500e+04 9.5053e-17 1.0000e-01 1.2500e+04 1.1882e-12 2.5000e-01
8.0980e+01 1.2500e+04 3.1985e-17 1.0000e-01 1.2500e+04 3.9982e-13 2.5000e-01
8.1373e+01 1.2500e+04 9.9730e-18 1.0000e-01 1.2500e+04 1.2466e-13 2.5000e-01
8.1765e+01 1.2500e+04 2.4217e-18 1.0000e-01 1.2500e+04 3.0271e-14 2.5000e-01
8.2157e+01 1.2500e+04 1.7836e-19 1.0000e-01 1.2500e+04 2.2295e-15 2.5000e-01
8.2549e+01 1.2500e+04 0.0000e+00 1.0000e-01 1.2500e+04 0.0000e+00 2.5000e-01
8.2941e+01 1.2500e+04 0.0000e+00 1.0000e-01 1.2500e+04 0.0000e+00 2.5000e-01
8.3333e+01 1.2500e+04 0.0000e+00 1.0000e-01 1.2500e+04 0.0000e+00 2.5000e-01
8.3725e+01 1.2500e+04 0.0000e+00 1.0000e-01 1.2500e+04 0.0000e+00 2.5000e-01
8.4118e+01 1.2500e+04 0.0000e+00 1.0000e-01 1.2500e+04 0.0000e+00 2.5000e-01
8.4510e+01 1.2500e+04 0.0000e+00 1.0000e-01 1.2500e+04 0.0000e+00 2.5000e-01
8.4902e+01 1.2500e+04 0.0000e+00 1.0000e-01 1.2500e+04 0.0000e+00 2.5000e-01
8.5294e+01 1.2500e+04 0.0000e+00 1.0000e-01 1.2500e+04 0.0000e+00 2.5000e-01
8.5686e+01 1.2500e+04 0.0000e+00 1.0000e-01 1.2500e+04 0.0000e+00 2.5000e-01
8.6078e+01 1.2500e+04 0.0000e+00 1.0000e-01 1.2500e+04 0.0000e+00 2.5000e-01
8.6471e+01 1.2500e+04 0.0000e+00 1.0000e-01 1.2500e+04 0.0000e+00 2.5000e-01
8.6863e+01 1.2500e+04 0.0000e+00 1.0000e-01 1.2500e+04 0.0000e+00 2.5000e-01
8.7255e+01 1.2500e+04 0.0000e+00 1.0000e-01 1.2500e+04 0.0000e+00 2.5000e-01
8.7647e+01 1.2500e+04 0.0000e+00 1.0000e-01 1.2500e+04 0.0000e+00 2.5000e-01
8.8039e+01 1.2500e+04 0.0000e+00 1.0000e-01 1.2500e+04 0.0000e+00 2.5000e-01
8.8431e+01 1.2500e+04 0.0000e+00 1.0000e-01 1.2500e+04 0.0000e+00 2.5000e-01
8.8824e+01 1.2500e+04 0.0000e+00 1.0000e-01 1.2500e+04 0.0000e+00 2.5000e-01
8.9216e+01 1.2500e+04 0.0000e+00 1.0000e-01 1.2500e+04 0.0000e+00 2.5000e-01
8.9608e+01 1.2500e+04 0.0000e+00 1.0000e-01 1.2500e+04 0.0000e+00 2.5000e-01
9.0000e+01 1.2500e+04 0.0000e+00 1.0000e-01 1.2500e+04 0.0000e+00 2.5000e-01
9.0392e+01 1.2500e+04 0.0000e+00 1.0000e-01 1.2500e+04 0.0000e+00 2.5000e-01
9.0784e+01 1.2500e+04 0.0000e+00 1.0000e-01 1.2500e+04 0.0000e+00 2.5000e-01
9.1176e+01 1.2500e+04 0.0000e+00 1.0000e-01 1.2500e+04 0.0000e+00 2.5000e-01
9.1569e+01 1.2500e+04 0.0000e+00 1.0000e-01 1.2500e+04 0.0000e+00 2.5000e-01
9.1961e+01 1.2500e+04 0.0000e+00 1.0000e-01 1.2500e+04 0.0000e+00 2.5000e-01
9.2353e+01 1.2500e+04 0.0000e+00 1.0000e-01 1.2500e+04 0.0000e+00 2.5000e-01
9.2745e+01 1.2500e+04 0.0000e+00 1.0000e-01 1.2500e+04 0.0000e+00 2.5000e-01
9.3137e+01 1.2500e+04 0.0000e+00 1.0000e-01 1.2500e+04 0.0000e+00 2.5000e-01
9.3529e+01 1.2500e+04 0.0000e+00 1.0000e-01 1.2500e+04 0.0000e+00 2.5000e-01
9.3922e+01 1.2500e+04 0.0000e+00 1.0000e-01 1.2500e+04 0.0000e+00 2.5000e-01
9.4314e+01 1.2500e+04 0.0000e+00 1.0000e-01 1.2500e+04 0.0000e+00 2.5000e-01
9.4706e+01 1.2500e+04 0.0000e+00 1.0000e-01 1.2500e+04 0.0000e+00 2.5000e-01
9.5098e+01 1.2500e+04 0.0000e+00 1.0000e-01 1.2500e+04 0.0000e+00 2.5000e-01
9.5490e+01 1.2500e+04 0.0000e+00 1.0000e-01 1.2500e+04 0.0000e+00 2.5000e-01
9.5882e+01 1.2500e+04 0.0000e+00 1.0000e-01 1.2500e+04 0.0000e+00 2.5000e-01
9.6275e+01 1.2500e+04 0.0000e+00 1.0000e-01 1.2500e+04 0.0000e+00 2.5000e-01
9.6667e+01 1.2500e+04 0.0000e+00 1.0000e-01 1.2500e+04 0.0000e+00 2.5000e-01
9.7059e+01 1.2500e+04 0.0000e+00 1.0000e-01 1.2500e+04 0.0000e+00 2.5000e-01
9.7451e+01 1.2500e+04 0.0000e+00 1.0000e-01 1.2500e+04 0.0000e+00 2.5000e-01
9.7843e+01 1.2500e+04 0.0000e+00 1.0000e-01 1.2500e+04 0.0000e+00 2.5000e-01
9.8235e+01 1.2500e+04 0.0000e+00 1.0000e-01 1.2500e+04 0.0000e+00 2.5000e-01
9.8627e+01 1.2500e+04 0.0000e+00 1.0000e-01 1.2500e+04 0.0000e+00 2.5000e-01
9.9020e+01 1.2500e+04 0.0000e+00 1.0000e-01 1.2500e+04 0.0000e+00 2.5000e-01
9.9412e+01 1.2500e+04 0.0000e+00 1.0000e-01 1.2500e+04 0.0000e+00 2.5000e-01
9.9804e+01 1.2500e+04 0.0000e+00 1.0000e-01 1.2500e+04 0.0000e+00 2.5000e-01
