# # x Density Velocity Pressure q0 q1 q2
1.9608e-01 1.0000e+05 0.0000e+00 1.0000e+00 1.0000e+05 0.0000e+00 2.5000e+00
5.8824e-01 1.0000e+05 0.0000e+00 1.0000e+00 1.0000e+05 0.0000e+00 2.5000e+00
9.8039e-01 1.0000e+05 0.0000e+00 1.0000e+00 1.0000e+05 0.0000e+00 2.5000e+00
1.3725e+00 1.0000e+05 0.0000e+00 1.0000e+00 1.0000e+05 0.0000e+00 2.5000e+00
1.7647e+00 1.0000e+05 0.0000e+00 1.0000e+00 1.0000e+05 0.0000e+00 2.5000e+00
2.1569e+00 1.0000e+05 0.0000e+00 1.0000e+00 1.0000e+05 0.0000e+00 2.5000e+00
2.5490e+00 1.0000e+05 0.0000e+00 1.0000e+00 1.0000e+05 0.0000e+00 2.5000e+00
2.9412e+00 1.0000e+05 0.0000e+00 1.0000e+00 1.0000e+05 0.0000e+00 2.5000e+00
3.3333e+00 1.0000e+05 0.0000e+00 1.0000e+00 1.0000e+05 0.0000e+00 2.5000e+00
3.7255e+00 1.0000e+05 0.0000e+00 1.0000e+00 1.0000e+05 0.0000e+00 2.5000e+00
4.1176e+00 1.0000e+05 0.0000e+00 1.0000e+00 1.0000e+05 0.0000e+00 2.5000e+00
4.5098e+00 1.0000e+05 0.0000e+00 1.0000e+00 1.0000e+05 0.0000e+00 2.5000e+00
4.9020e+00 1.0000e+05 0.0000e+00 1.0000e+00 1.0000e+05 0.0000e+00 2.5000e+00
5.2941e+00 1.0000e+05 0.0000e+00 1.0000e+00 1.0000e+05 0.0000e+00 2.5000e+00
5.6863e+00 1.0000e+05 0.0000e+00 1.0000e+00 1.0000e+05 0.0000e+00 2.5000e+00
6.0784e+00 1.0000e+05 0.0000e+00 1.0000e+00 1.0000e+05 0.0000e+00 2.5000e+00
6.4706e+00 1.0000e+05 0.0000e+00 1.0000e+00 1.0000e+05 0.0000e+00 2.5000e+00
6.8627e+00 1.0000e+05 0.0000e+00 1.0000e+00 1.0000e+05 0.0000e+00 2.5000e+00
7.2549e+00 1.0000e+05 0.0000e+00 1.0000e+00 1.0000e+05 0.0000e+00 2.5000e+00
7.6471e+00 1.0000e+05 0.0000e+00 1.0000e+00 1.0000e+05 0.0000e+00 2.5000e+00
8.0392e+00 1.0000e+05 0.0000e+00 1.0000e+00 1.0000e+05 0.0000e+00 2.5000e+00
8.4314e+00 1.0000e+05 0.0000e+00 1.0000e+00 1.0000e+05 0.0000e+00 2.5000e+00
8.8235e+00 1.0000e+05 0.0000e+00 1.0000e+00 1.0000e+05 0.0000e+00 2.5000e+00
9.2157e+00 1.0000e+05 0.0000e+00 1.0000e+00 1.0000e+05 0.0000e+00 2.5000e+00
9.6078e+00 1.0000e+05 0.0000e+00 1.0000e+00 1.0000e+05 0.0000e+00 2.5000e+00
1.0000e+01 1.0000e+05 0.0000e+00 1.0000e+00 1.0000e+05 0.0000e+00 2.5000e+00
1.0392e+01 1.0000e+05 0.0000e+00 1.0000e+00 1.0000e+05 0.0000e+00 2.5000e+00
1.0784e+01 1.0000e+05 0.0000e+00 1.0000e+00 1.0000e+05 0.0000e+00 2.5000e+00
1.1176e+01 1.0000e+05 0.0000e+00 1.0000e+00 1.0000e+05 0.0000e+00 2.5000e+00
1.1569e+01 1.0000e+05 0.0000e+00 1.0000e+00 1.0000e+05 0.0000e+00 2.5000e+00
1.1961e+01 1.0000e+05 0.0000e+00 1.0000e+00 1.0000e+05 0.0000e+00 2.5000e+00
1.2353e+01 1.0000e+05 0.0000e+00 1.0000e+00 1.0000e+05 0.0000e+00 2.5000e+00
1.2745e+01 1.0000e+05 0.0000e+00 1.0000e+00 1.0000e+05 0.0000e+00 2.5000e+00
1.3137e+01 1.0000e+05 0.0000e+00 1.0000e+00 1.0000e+05 0.0000e+00 2.5000e+00
1.3529e+01 1.0000e+05 0.0000e+00 1.0000e+00 1.0000e+05 0.0000e+00 2.5000e+00
1.3922e+01 1.0000e+05 0.0000e+00 1.0000e+00 1.0000e+05 0.0000e+00 2.5000e+00
1.4314e+01 1.0000e+05 0.0000e+00 1.0000e+00 1.0000e+05 0.0000e+00 2.5000e+00
1.4706e+01 1.0000e+05 0.0000e+00 1.0000e+00 1.0000e+05 0.0000e+00 2.5000e+00
1.5098e+01 1.0000e+05 0.0000e+00 1.0000e+00 1.0000e+05 0.0000e+00 2.5000e+00
1.5490e+01 1.0000e+05 0.0000e+00 1.0000e+00 1.0000e+05 0.0000e+00 2.5000e+00
1.5882e+01 1.0000e+05 0.0000e+00 1.0000e+00 1.0000e+05 0.0000e+00 2.5000e+00
1.6275e+01 1.0000e+05 0.0000e+00 1.0000e+00 1.0000e+05 0.0000e+00 2.5000e+00
1.6667e+01 1.0000e+05 0.0000e+00 1.0000e+00 1.0000e+05 0.0000e+00 2.5000e+00
1.7059e+01 1.0000e+05 0.0000e+00 1.0000e+00 1.0000e+05 0.0000e+00 2.5000e+00
1.7451e+01 1.0000e+05 0.0000e+00 1.0000e+00 1.0000e+05 0.0000e+00 2.5000e+00
1.7843e+01 1.0000e+05 0.0000e+00 1.0000e+00 1.0000e+05 0.0000e+00 2.5000e+00
1.8235e+01 1.0000e+05 8.7763e-20 1.0000e+00 1.0000e+05 8.7763e-15 2.5000e+00
1.8627e+01 1.0000e+05 8.2044e-19 1.0000e+00 1.0000e+05 8.2044e-14 2.5000e+00
1.9020e+01 1.0000e+05 2.9287e-18 1.0000e+00 1.0000e+05 2.9287e-13 2.5000e+00
1.9412e+01 1.0000e+05 6.5593e-18 1.0000e+00 1.0000e+05 6.5593e-13 2.5000e+00
1.9804e+01 1.0000e+05 1.2702e-17 1.0000e+00 1.0000e+05 1.2702e-12 2.5000e+00
2.0196e+01 1.0000e+05 2.4171e-17 1.0000e+00 1.0000e+05 2.4171e-12 2.5000e+00
2.0588e+01 1.0000e+05 4.6557e-17 1.0000e+00 1.0000e+05 4.6557e-12 2.5000e+00
2.0980e+01 1.0000e+05 9.1549e-17 1.0000e+00 1.0000e+05 9.1549e-12 2.5000e+00
2.1373e+01 1.0000e+05 1.8229e-16 1.0000e+00 1.0000e+05 1.8229e-11 2.5000e+00
2.1765e+01 1.0000e+05 3.6461e-16 1.0000e+00 1.0000e+05 3.6461e-11 2.5000e+00
2.2157e+01 1.0000e+05 7.2849e-16 1.0000e+00 1.0000e+05 7.2849e-11 2.5000e+00
2.2549e+01 1.0000e+05 1.4491e-15 1.0000e+00 1.0000e+05 1.4491e-10 2.5000e+00
2.2941e+01 1.0000e+05 2.8631e-15 1.0000e+00 1.0000e+05 2.8631e-10 2.5000e+00
2.3333e+01 1.0000e+05 5.6147e-15 1.0000e+00 1.0000e+05 5.6147e-10 2.5000e+00
2.3725e+01 1.0000e+05 1.0923e-14 1.0000e+00 1.0000e+05 1.0923e-09 2.5000e+00
2.4118e+01 1.0000e+05 2.1070e-14 1.0000e+00 1.0000e+05 2.1070e-09 2.5000e+00
2.4510e+01 1.0000e+05 4.0298e-14 1.0000e+00 1.0000e+05 4.0298e-09 2.5000e+00
2.4902e+01 1.0000e+05 7.6411e-14 1.0000e+00 1.0000e+05 7.6411e-09 2.5000e+00
2.5294e+01 1.0000e+05 1.4363e-13 1.0000e+00 1.0000e+05 1.4363e-08 2.5000e+00
2.5686e+01 1.0000e+05 2.6763e-13 1.0000e+00 1.0000e+05 2.6763e-08 2.5000e+00
2.6078e+01 1.0000e+05 4.9432e-13 1.0000e+00 1.0000e+05 4.9432e-08 2.5000e+00
2.6471e+01 1.0000e+05 9.0499e-13 1.0000e+00 1.0000e+05 9.0499e-08 2.5000e+00
2.6863e+01 1.0000e+05 1.6422e-12 1.0000e+00 1.0000e+05 1.6422e-07 2.5000e+00
2.7255e+01 1.0000e+05 2.9536e-12 1.0000e+00 1.0000e+05 2.9536e-07 2.5000e+00
2.7647e+01 1.0000e+05 5.2648e-12 1.0000e+00 1.0000e+05 5.2648e-07 2.5000e+00
2.8039e+01 1.0000e+05 9.3009e-12 1.0000e+00 1.0000e+05 9.3009e-07 2.5000e+00
2.8431e+01 1.0000e+05 1.6284e-11 1.0000e+00 1.0000e+05 1.6284e-06 2.5000e+00
2.8824e+01 1.0000e+05 2.8253e-11 1.0000e+00 1.0000e+05 2.8253e-06 2.5000e+00
2.9216e+01 1.0000e+05 4.8579e-11 1.0000e+00 1.0000e+05 4.8579e-06 2.5000e+00
2.9608e+01 1.0000e+05 8.2769e-11 1.0000e+00 1.0000e+05 8.2769e-06 2.5000e+00
3.0000e+01 1.0000e+05 1.3974e-10 1.0000e+00 1.0000e+05 1.3974e-05 2.5000e+00
3.0392e+01 1.0000e+05 2.3378e-10 1.0000e+00 1.0000e+05 2.3378e-05 2.5000e+00
3.0784e+01 1.0000e+05 3.8754e-10 1.0000e+00 1.0000e+05 3.8754e-05 2.5000e+00
3.1176e+01 1.0000e+05 6.3651e-10 1.0000e+00 1.0000e+05 6.3651e-05 2.5000e+00
3.1569e+01 1.0000e+05 1.0358e-09 1.0000e+00 1.0000e+05 1.0358e-04 2.5000e+00
3.1961e+01 1.0000e+05 1.6701e-09 1.0000e+00 1.0000e+05 1.6701e-04 2.5000e+00
3.2353e+01 1.0000e+05 2.6679e-09 9.9999e-01 1.0000e+05 2.6679e-04 2.5000e+00
3.2745e+01 1.0000e+05 4.2222e-09 9.9999e-01 1.0000e+05 4.2222e-04 2.5000e+00
3.3137e+01 1.0000e+05 6.6198e-09 9.9998e-01 1.0000e+05 6.6198e-04 2.5000e+00
3.3529e+01 1.0000e+05 1.0282e-08 9.9997e-01 1.0000e+05 1.0282e-03 2.4999e+00
3.3922e+01 1.0000e+05 1.5822e-08 9.9996e-01 1.0000e+05 1.5822e-03 2.4999e+00
3.4314e+01 1.0000e+05 2.4117e-08 9.9994e-01 1.0000e+05 2.4117e-03 2.4998e+00
3.4706e+01 1.0000e+05 3.6417e-08 9.9991e-01 1.0000e+05 3.6417e-03 2.4998e+00
3.5098e+01 1.0000e+05 5.4473e-08 9.9986e-01 1.0000e+05 5.4473e-03 2.4997e+00
3.5490e+01 1.0000e+05 8.0712e-08 9.9980e-01 1.0000e+05 8.0711e-03 2.4995e+00
3.5882e+01 9.9999e+04 1.1846e-07 9.9972e-01 9.9999e+04 1.1846e-02 2.4993e+00
3.6275e+01 9.9999e+04 1.7222e-07 9.9960e-01 9.9999e+04 1.7222e-02 2.4990e+00
3.6667e+01 9.9999e+04 2.4800e-07 9.9943e-01 9.9999e+04 2.4800e-02 2.4986e+00
3.7059e+01 9.9998e+04 3.5374e-07 9.9921e-01 9.9998e+04 3.5374e-02 2.4980e+00
3.7451e+01 9.9998e+04 4.9979e-07 9.9891e-01 9.9998e+04 4.9978e-02 2.4973e+00
3.7843e+01 9.9997e+04 6.9942e-07 9.9851e-01 9.9997e+04 6.9940e-02 2.4963e+00
3.8235e+01 9.9995e+04 9.6950e-07 9.9799e-01 9.9995e+04 9.6946e-02 2.4950e+00
3.8627e+01 9.9993e+04 1.3311e-06 9.9730e-01 9.9993e+04 1.3310e-01 2.4933e+00
3.9020e+01 9.9991e+04 1.8103e-06 9.9643e-01 9.9991e+04 1.8101e-01 2.4911e+00
3.9412e+01 9.9988e+04 2.4387e-06 9.9531e-01 9.9988e+04 2.4384e-01 2.4883e+00
3.9804e+01 9.9983e+04 3.2543e-06 9.9391e-01 9.9983e+04 3.2537e-01 2.4848e+00
4.0196e+01 9.9977e+04 4.3017e-06 9.9217e-01 9.9977e+04 4.3007e-01 2.4804e+00
4.0588e+01 9.9969e+04 5.6331e-06 9.9004e-01 9.9969e+04 5.6313e-01 2.4751e+00
4.0980e+01 9.9959e+04 7.3079e-06 9.8745e-01 9.9959e+04 7.3049e-01 2.4686e+00
4.1373e+01 9.9946e+04 9.3932e-06 9.8434e-01 9.9946e+04 9.3881e-01 2.4609e+00
4.1765e+01 9.9929e+04 1.1963e-05 9.8066e-01 9.9929e+04 1.1955e+00 2.4517e+00
4.2157e+01 9.9908e+04 1.5098e-05 9.7634e-01 9.9908e+04 1.5084e+00 2.4409e+00
4.2549e+01 9.9882e+04 1.8884e-05 9.7133e-01 9.9882e+04 1.8861e+00 2.4283e+00
4.2941e+01 9.9850e+04 2.3411e-05 9.6559e-01 9.9850e+04 2.3376e+00 2.4140e+00
4.3333e+01 9.9811e+04 2.8771e-05 9.5908e-01 9.9811e+04 2.8717e+00 2.3977e+00
4.3725e+01 9.9763e+04 3.5058e-05 9.5177e-01 9.9763e+04 3.4975e+00 2.3795e+00
4.4118e+01 9.9706e+04 4.2363e-05 9.4366e-01 9.9706e+04 4.2238e+00 2.3592e+00
4.4510e+01 9.9637e+04 5.0773e-05 9.3475e-01 9.9637e+04 5.0589e+00 2.3370e+00
4.4902e+01 9.9556e+04 6.0371e-05 9.2506e-01 9.9556e+04 6.0103e+00 2.3128e+00
4.5294e+01 9.9461e+04 7.1228e-05 9.1462e-01 9.9461e+04 7.0845e+00 2.2868e+00
4.5686e+01 9.9351e+04 8.3408e-05 9.0348e-01 9.9351e+04 8.2866e+00 2.2590e+00
4.6078e+01 9.9223e+04 9.6971e-05 8.9170e-01 9.9223e+04 9.6218e+00 2.2297e+00
4.6471e+01 9.9076e+04 1.1189e-04 8.7935e-01 9.9076e+04 1.1086e+01 2.1990e+00
4.6863e+01 9.8916e+04 1.2854e-04 8.6663e-01 9.8916e+04 1.2715e+01 2.1674e+00
4.7255e+01 9.8695e+04 1.4521e-04 8.5306e-01 9.8695e+04 1.4332e+01 2.1337e+00
4.7647e+01 9.8616e+04 1.6911e-04 8.4123e-01 9.8616e+04 1.6676e+01 2.1045e+00
4.8039e+01 9.7942e+04 1.7443e-04 8.2251e-01 9.7942e+04 1.7084e+01 2.0578e+00
4.8431e+01 9.8828e+04 2.3594e-04 8.2234e-01 9.8828e+04 2.3317e+01 2.0586e+00
4.8824e+01 9.6345e+04 1.8252e-04 7.8361e-01 9.6345e+04 1.7585e+01 1.9606e+00
4.9216e+01 9.8169e+04 3.0231e-04 8.0201e-01 9.8169e+04 2.9678e+01 2.0095e+00
4.9608e+01 1.0756e+05 2.6476e-04 7.6835e-01 1.0756e+05 2.8479e+01 1.9246e+00
5.0000e+01 1.7459e+04 2.9702e-04 7.6620e-01 1.7459e+04 5.1857e+00 1.9163e+00
5.0392e+01 1.0618e+04 4.2889e-04 7.6746e-01 1.0618e+04 4.5541e+00 1.9196e+00
5.0784e+01 1.0611e+04 5.7086e-04 7.6559e-01 1.0611e+04 6.0573e+00 1.9157e+00
5.1176e+01 1.1143e+04 5.8703e-04 7.5275e-01 1.1143e+04 6.5415e+00 1.8838e+00
5.1569e+01 1.1519e+04 7.5729e-04 7.5974e-01 1.1519e+04 8.7236e+00 1.9026e+00
5.1961e+01 1.2119e+04 1.0104e-03 7.7863e-01 1.2119e+04 1.2245e+01 1.9528e+00
5.2353e+01 1.2483e+04 1.2534e-03 7.9927e-01 1.2483e+04 1.5646e+01 2.0080e+00
5.2745e+01 1.2771e+04 1.3665e-03 8.0637e-01 1.2771e+04 1.7451e+01 2.0278e+00
5.3137e+01 1.2820e+04 1.4056e-03 8.0591e-01 1.2820e+04 1.8019e+01 2.0274e+00
5.3529e+01 1.2871e+04 1.3965e-03 8.0045e-01 1.2871e+04 1.7974e+01 2.0137e+00
5.3922e+01 1.2852e+04 1.3907e-03 7.9566e-01 1.2852e+04 1.7874e+01 2.0016e+00
5.4314e+01 1.2871e+04 1.3762e-03 7.8969e-01 1.2871e+04 1.7713e+01 1.9864e+00
5.4706e+01 1.2860e+04 1.3665e-03 7.8405e-01 1.2860e+04 1.7573e+01 1.9721e+00
5.5098e+01 1.2869e+04 1.3514e-03 7.7759e-01 1.2869e+04 1.7391e+01 1.9557e+00
5.5490e+01 1.2862e+04 1.3387e-03 7.7113e-01 1.2862e+04 1.7218e+01 1.9394e+00
5.5882e+01 1.2865e+04 1.3225e-03 7.6406e-01 1.2865e+04 1.7014e+01 1.9214e+00
5.6275e+01 1.2860e+04 1.3072e-03 7.5680e-01 1.2860e+04 1.6811e+01 1.9030e+00
5.6667e+01 1.2859e+04 1.2898e-03 7.4905e-01 1.2859e+04 1.6585e+01 1.8833e+00
5.7059e+01 1.2855e+04 1.2723e-03 7.4102e-01 1.2855e+04 1.6355e+01 1.8630e+00
5.7451e+01 1.2852e+04 1.2534e-03 7.3256e-01 1.2852e+04 1.6108e+01 1.8415e+00
5.7843e+01 1.2847e+04 1.2340e-03 7.2377e-01 1.2847e+04 1.5854e+01 1.8192e+00
5.8235e+01 1.2843e+04 1.2135e-03 7.1458e-01 1.2843e+04 1.5586e+01 1.7959e+00
5.8627e+01 1.2838e+04 1.1925e-03 7.0504e-01 1.2838e+04 1.5309e+01 1.7717e+00
5.9020e+01 1.2833e+04 1.1704e-03 6.9511e-01 1.2833e+04 1.5020e+01 1.7466e+00
5.9412e+01 1.2827e+04 1.1477e-03 6.8480e-01 1.2827e+04 1.4721e+01 1.7204e+00
5.9804e+01 1.2821e+04 1.1240e-03 6.7408e-01 1.2821e+04 1.4411e+01 1.6933e+00
6.0196e+01 1.2815e+04 1.0995e-03 6.6295e-01 1.2815e+04 1.4090e+01 1.6651e+00
6.0588e+01 1.2808e+04 1.0741e-03 6.5137e-01 1.2808e+04 1.3757e+01 1.6358e+00
6.0980e+01 1.2800e+04 1.0478e-03 6.3933e-01 1.2800e+04 1.3412e+01 1.6053e+00
6.1373e+01 1.2793e+04 1.0205e-03 6.2678e-01 1.2793e+04 1.3055e+01 1.5736e+00
6.1765e+01 1.2785e+04 9.9222e-04 6.1370e-01 1.2785e+04 1.2685e+01 1.5405e+00
6.2157e+01 1.2776e+04 9.6286e-04 6.0005e-01 1.2776e+04 1.2302e+01 1.5061e+00
6.2549e+01 1.2767e+04 9.3240e-04 5.8580e-01 1.2767e+04 1.1904e+01 1.4700e+00
6.2941e+01 1.2758e+04 9.0079e-04 5.7090e-01 1.2758e+04 1.1492e+01 1.4324e+00
6.3333e+01 1.2748e+04 8.6798e-04 5.5532e-01 1.2748e+04 1.1065e+01 1.3931e+00
6.3725e+01 1.2738e+04 8.3394e-04 5.3902e-01 1.2738e+04 1.0623e+01 1.3520e+00
6.4118e+01 1.2728e+04 7.9861e-04 5.2195e-01 1.2728e+04 1.0165e+01 1.3089e+00
6.4510e+01 1.2717e+04 7.6196e-04 5.0408e-01 1.2717e+04 9.6899e+00 1.2639e+00
6.4902e+01 1.2706e+04 7.2394e-04 4.8536e-01 1.2706e+04 9.1983e+00 1.2167e+00
6.5294e+01 1.2694e+04 6.8451e-04 4.6576e-01 1.2694e+04 8.6893e+00 1.1674e+00
6.5686e+01 1.2682e+04 6.4362e-04 4.4523e-01 1.2682e+04 8.1626e+00 1.1157e+00
6.6078e+01 1.2670e+04 6.0124e-04 4.2373e-01 1.2670e+04 7.6176e+00 1.0616e+00
6.6471e+01 1.2657e+04 5.5732e-04 4.0121e-01 1.2657e+04 7.0540e+00 1.0050e+00
6.6863e+01 1.2644e+04 5.1182e-04 3.7762e-01 1.2644e+04 6.4712e+00 9.4570e-01
6.7255e+01 1.2630e+04 4.6467e-04 3.5291e-01 1.2630e+04 5.8687e+00 8.8363e-01
6.7647e+01 1.2616e+04 4.1581e-04 3.2702e-01 1.2616e+04 5.2459e+00 8.1864e-01
6.8039e+01 1.2601e+04 3.6520e-04 2.9989e-01 1.2601e+04 4.6021e+00 7.5058e-01
6.8431e+01 1.2587e+04 3.1280e-04 2.7148e-01 1.2587e+04 3.9371e+00 6.7932e-01
6.8824e+01 1.2571e+04 2.5878e-04 2.4184e-01 1.2571e+04 3.2533e+00 6.0501e-01
6.9216e+01 1.2556e+04 2.0389e-04 2.1135e-01 1.2556e+04 2.5601e+00 5.2863e-01
6.9608e+01 1.2541e+04 1.5007e-04 1.8118e-01 1.2541e+04 1.8821e+00 4.5309e-01
7.0000e+01 1.2528e+04 1.0092e-04 1.5359e-01 1.2528e+04 1.2643e+00 3.8405e-01
7.0392e+01 1.2517e+04 6.0784e-05 1.3139e-01 1.2517e+04 7.6083e-01 3.2849e-01
7.0784e+01 1.2509e+04 3.2496e-05 1.1622e-01 1.2509e+04 4.0650e-01 2.9057e-01
7.1176e+01 1.2505e+04 1.5545e-05 1.0752e-01 1.2505e+04 1.9439e-01 2.6881e-01
7.1569e+01 1.2502e+04 6.8141e-06 1.0323e-01 1.2502e+04 8.5190e-02 2.5807e-01
7.1961e+01 1.2501e+04 2.8197e-06 1.0132e-01 1.2501e+04 3.5249e-02 2.5330e-01
7.2353e+01 1.2500e+04 1.1292e-06 1.0053e-01 1.2500e+04 1.4116e-02 2.5132e-01
7.2745e+01 1.2500e+04 4.4447e-07 1.0021e-01 1.2500e+04 5.5559e-03 2.5052e-01
7.3137e+01 1.2500e+04 1.7330e-07 1.0008e-01 1.2500e+04 2.1662e-03 2.5020e-01
7.3529e+01 1.2500e+04 6.7163e-08 1.0003e-01 1.2500e+04 8.3954e-04 2.5008e-01
7.3922e+01 1.2500e+04 2.5911e-08 1.0001e-01 1.2500e+04 3.2389e-04 2.5003e-01
7.4314e+01 1.2500e+04 9.9561e-09 1.0000e-01 1.2500e+04 1.2445e-04 2.5001e-01
7.4706e+01 1.2500e+04 3.8109e-09 1.0000e-01 1.2500e+04 4.7636e-05 2.5000e-01
7.5098e+01 1.2500e+04 1.4532e-09 1.0000e-01 1.2500e+04 1.8165e-05 2.5000e-01
7.5490e+01 1.2500e+04 5.5206e-10 1.0000e-01 1.2500e+04 6.9008e-06 2.5000e-01
7.5882e+01 1.2500e+04 2.0893e-10 1.0000e-01 1.2500e+04 2.6117e-06 2.5000e-01
7.6275e+01 1.2500e+04 7.8774e-11 1.0000e-01 1.2500e+04 9.8467e-07 2.5000e-01
7.6667e+01 1.2500e+04 2.9586e-11 1.0000e-01 1.2500e+04 3.6983e-07 2.5000e-01
7.7059e+01 1.2500e+04 1.1069e-11 1.0000e-01 1.2500e+04 1.3837e-07 2.5000e-01
7.7451e+01 1.2500e+04 4.1254e-12 1.0000e-01 1.2500e+04 5.1567e-08 2.5000e-01
7.7843e+01 1.2500e+04 1.5315e-12 1.0000e-01 1.2500e+04 1.9143e-08 2.5000e-01
7.8235e+01 1.2500e+04 5.6629e-13 1.0000e-01 1.2500e+04 7.0787e-09 2.5000e-01
7.8627e+01 1.2500e+04 2.0857e-13 1.0000e-01 1.2500e+04 2.6071e-09 2.5000e-01
7.9020e+01 1.2500e+04 7.6511e-14 1.0000e-01 1.2500e+04 9.5639e-10 2.5000e-01
7.9412e+01 1.2500e+04 2.7954e-14 1.0000e-01 1.2500e+04 3.4942e-10 2.5000e-01
7.9804e+01 1.2500e+04 1.0171e-14 1.0000e-01 1.2500e+04 1.2713e-10 2.5000e-01
8.0196e+01 1.2500e+04 3.6845e-15 1.0000e-01 1.2500e+04 4.6056e-11 2.5000e-01
8.0588e+01 1.2500e+04 1.3281e-15 1.0000e-01 1.2500e+04 1.6601e-11 2.5000e-01
8.0980e+01 1.2500e+04 4.7578e-16 1.0000e-01 1.2500e+04 5.9473e-12 2.5000e-01
8.1373e+01 1.2500e+04 1.6863e-16 1.0000e-01 1.2500e+04 2.1079e-12 2.5000e-01
8.1765e+01 1.2500e+04 5.8516e-17 1.0000e-01 1.2500e+04 7.3145e-13 2.5000e-01
8.2157e+01 1.2500e+04 1.9441e-17 1.0000e-01 1.2500e+04 2.4301e-13 2.5000e-01
8.2549e+01 1.2500e+04 5.6539e-18 1.0000e-01 1.2500e+04 7.0674e-14 2.5000e-01
8.2941e+01 1.2500e+04 1.0684e-18 1.0000e-01 1.2500e+04 1.3356e-14 2.5000e-01
8.3333e+01 1.2500e+04 2.2082e-20 1.0000e-01 1.2500e+04 2.7603e-16 2.5000e-01
8.3725e+01 1.2500e+04 0.0000e+00 1.0000e-01 1.2500e+04 0.0000e+00 2.5000e-01
8.4118e+01 1.2500e+04 0.0000e+00 1.0000e-01 1.2500e+04 0.0000e+00 2.5000e-01
8.4510e+01 1.2500e+04 0.0000e+00 1.0000e-01 1.2500e+04 0.0000e+00 2.5000e-01
8.4902e+01 1.2500e+04 0.0000e+00 1.0000e-01 1.2500e+04 0.0000e+00 2.5000e-01
8.5294e+01 1.2500e+04 0.0000e+00 1.0000e-01 1.2500e+04 0.0000e+00 2.5000e-01
8.5686e+01 1.2500e+04 0.0000e+00 1.0000e-01 1.2500e+04 0.0000e+00 2.5000e-01
8.6078e+01 1.2500e+04 0.0000e+00 1.0000e-01 1.2500e+04 0.0000e+00 2.5000e-01
8.6471e+01 1.2500e+04 0.0000e+00 1.0000e-01 1.2500e+04 0.0000e+00 2.5000e-01
8.6863e+01 1.2500e+04 0.0000e+00 1.0000e-01 1.2500e+04 0.0000e+00 2.5000e-01
8.7255e+01 1.2500e+04 0.0000e+00 1.0000e-01 1.2500e+04 0.0000e+00 2.5000e-01
8.7647e+01 1.2500e+04 0.0000e+00 1.0000e-01 1.2500e+04 0.0000e+00 2.5000e-01
8.8039e+01 1.2500e+04 0.0000e+00 1.0000e-01 1.2500e+04 0.0000e+00 2.5000e-01
8.8431e+01 1.2500e+04 0.0000e+00 1.0000e-01 1.2500e+04 0.0000e+00 2.5000e-01
8.8824e+01 1.2500e+04 0.0000e+00 1.0000e-01 1.2500e+04 0.0000e+00 2.5000e-01
8.9216e+01 1.2500e+04 0.0000e+00 1.0000e-01 1.2500e+04 0.0000e+00 2.5000e-01
8.9608e+01 1.2500e+04 0.0000e+00 1.0000e-01 1.2500e+04 0.0000e+00 2.5000e-01
9.0000e+01 1.2500e+04 0.0000e+00 1.0000e-01 1.2500e+04 0.0000e+00 2.5000e-01
9.0392e+01 1.2500e+04 0.0000e+00 1.0000e-01 1.2500e+04 0.0000e+00 2.5000e-01
9.0784e+01 1.2500e+04 0.0000e+00 1.0000e-01 1.2500e+04 0.0000e+00 2.5000e-01
9.1176e+01 1.2500e+04 0.0000e+00 1.0000e-01 1.2500e+04 0.0000e+00 2.5000e-01
9.1569e+01 1.2500e+04 0.0000e+00 1.0000e-01 1.2500e+04 0.0000e+00 2.5000e-01
9.1961e+01 1.2500e+04 0.0000e+00 1.0000e-01 1.2500e+04 0.0000e+00 2.5000e-01
9.2353e+01 1.2500e+04 0.0000e+00 1.0000e-01 1.2500e+04 0.0000e+00 2.5000e-01
9.2745e+01 1.2500e+04 0.0000e+00 1.0000e-01 1.2500e+04 0.0000e+00 2.5000e-01
9.3137e+01 1.2500e+04 0.0000e+00 1.0000e-01 1.2500e+04 0.0000e+00 2.5000e-01
9.3529e+01 1.2500e+04 0.0000e+00 1.0000e-01 1.2500e+04 0.0000e+00 2.5000e-01
9.3922e+01 1.2500e+04 0.0000e+00 1.0000e-01 1.2500e+04 0.0000e+00 2.5000e-01
9.4314e+01 1.2500e+04 0.0000e+00 1.0000e-01 1.2500e+04 0.0000e+00 2.5000e-01
9.4706e+01 1.2500e+04 0.0000e+00 1.0000e-01 1.2500e+04 0.0000e+00 2.5000e-01
9.5098e+01 1.2500e+04 0.0000e+00 1.0000e-01 1.2500e+04 0.0000e+00 2.5000e-01
9.5490e+01 1.2500e+04 0.0000e+00 1.0000e-01 1.2500e+04 0.0000e+00 2.5000e-01
9.5882e+01 1.2500e+04 0.0000e+00 1.0000e-01 1.2500e+04 0.0000e+00 2.5000e-01
9.6275e+01 1.2500e+04 0.0000e+00 1.0000e-01 1.2500e+04 0.0000e+00 2.5000e-01
9.6667e+01 1.2500e+04 0.0000e+00 1.0000e-01 1.2500e+04 0.0000e+00 2.5000e-01
9.7059e+01 1.2500e+04 0.0000e+00 1.0000e-01 1.2500e+04 0.0000e+00 2.5000e-01
9.7451e+01 1.2500e+04 0.0000e+00 1.0000e-01 1.2500e+04 0.0000e+00 2.5000e-01
9.7843e+01 1.2500e+04 0.0000e+00 1.0000e-01 1.2500e+04 0.0000e+00 2.5000e-01
9.8235e+01 1.2500e+04 0.0000e+00 1.0000e-01 1.2500e+04 0.0000e+00 2.5000e-01
9.8627e+01 1.2500e+04 0.0000e+00 1.0000e-01 1.2500e+04 0.0000e+00 2.5000e-01
9.9020e+01 1.2500e+04 0.0000e+00 1.0000e-01 1.2500e+04 0.0000e+00 2.5000e-01
9.9412e+01 1.2500e+04 0.0000e+00 1.0000e-01 1.2500e+04 0.0000e+00 2.5000e-01
9.9804e+01 1.2500e+04 0.0000e+00 1.0000e-01 1.2500e+04 0.0000e+00 2.5000e-01
