# # x Density Velocity Pressure q0 q1 q2
1.9608e-01 1.0000e+05 0.0000e+00 1.0000e+00 1.0000e+05 0.0000e+00 2.5000e+00
5.8824e-01 1.0000e+05 0.0000e+00 1.0000e+00 1.0000e+05 0.0000e+00 2.5000e+00
9.8039e-01 1.0000e+05 0.0000e+00 1.0000e+00 1.0000e+05 0.0000e+00 2.5000e+00
1.3725e+00 1.0000e+05 0.0000e+00 1.0000e+00 1.0000e+05 0.0000e+00 2.5000e+00
1.7647e+00 1.0000e+05 0.0000e+00 1.0000e+00 1.0000e+05 0.0000e+00 2.5000e+00
2.1569e+00 1.0000e+05 0.0000e+00 1.0000e+00 1.0000e+05 0.0000e+00 2.5000e+00
2.5490e+00 1.0000e+05 0.0000e+00 1.0000e+00 1.0000e+05 0.0000e+00 2.5000e+00
2.9412e+00 1.0000e+05 0.0000e+00 1.0000e+00 1.0000e+05 0.0000e+00 2.5000e+00
3.3333e+00 1.0000e+05 0.0000e+00 1.0000e+00 1.0000e+05 0.0000e+00 2.5000e+00
3.7255e+00 1.0000e+05 0.0000e+00 1.0000e+00 1.0000e+05 0.0000e+00 2.5000e+00
4.1176e+00 1.0000e+05 0.0000e+00 1.0000e+00 1.0000e+05 0.0000e+00 2.5000e+00
4.5098e+00 1.0000e+05 0.0000e+00 1.0000e+00 1.0000e+05 0.0000e+00 2.5000e+00
4.9020e+00 1.0000e+05 0.0000e+00 1.0000e+00 1.0000e+05 0.0000e+00 2.5000e+00
5.2941e+00 1.0000e+05 0.0000e+00 1.0000e+00 1.0000e+05 0.0000e+00 2.5000e+00
5.6863e+00 1.0000e+05 0.0000e+00 1.0000e+00 1.0000e+05 0.0000e+00 2.5000e+00
6.0784e+00 1.0000e+05 0.0000e+00 1.0000e+00 1.0000e+05 0.0000e+00 2.5000e+00
6.4706e+00 1.0000e+05 0.0000e+00 1.0000e+00 1.0000e+05 0.0000e+00 2.5000e+00
6.8627e+00 1.0000e+05 0.0000e+00 1.0000e+00 1.0000e+05 0.0000e+00 2.5000e+00
7.2549e+00 1.0000e+05 0.0000e+00 1.0000e+00 1.0000e+05 0.0000e+00 2.5000e+00
7.6471e+00 1.0000e+05 0.0000e+00 1.0000e+00 1.0000e+05 0.0000e+00 2.5000e+00
8.0392e+00 1.0000e+05 0.0000e+00 1.0000e+00 1.0000e+05 0.0000e+00 2.5000e+00
8.4314e+00 1.0000e+05 0.0000e+00 1.0000e+00 1.0000e+05 0.0000e+00 2.5000e+00
8.8235e+00 1.0000e+05 0.0000e+00 1.0000e+00 1.0000e+05 0.0000e+00 2.5000e+00
9.2157e+00 1.0000e+05 0.0000e+00 1.0000e+00 1.0000e+05 0.0000e+00 2.5000e+00
9.6078e+00 1.0000e+05 0.0000e+00 1.0000e+00 1.0000e+05 0.0000e+00 2.5000e+00
1.0000e+01 1.0000e+05 0.0000e+00 1.0000e+00 1.0000e+05 0.0000e+00 2.5000e+00
1.0392e+01 1.0000e+05 0.0000e+00 1.0000e+00 1.0000e+05 0.0000e+00 2.5000e+00
1.0784e+01 1.0000e+05 0.0000e+00 1.0000e+00 1.0000e+05 0.0000e+00 2.5000e+00
1.1176e+01 1.0000e+05 0.0000e+00 1.0000e+00 1.0000e+05 0.0000e+00 2.5000e+00
1.1569e+01 1.0000e+05 0.0000e+00 1.0000e+00 1.0000e+05 0.0000e+00 2.5000e+00
1.1961e+01 1.0000e+05 0.0000e+00 1.0000e+00 1.0000e+05 0.0000e+00 2.5000e+00
1.2353e+01 1.0000e+05 0.0000e+00 1.0000e+00 1.0000e+05 0.0000e+00 2.5000e+00
1.2745e+01 1.0000e+05 0.0000e+00 1.0000e+00 1.0000e+05 0.0000e+00 2.5000e+00
1.3137e+01 1.0000e+05 0.0000e+00 1.0000e+00 1.0000e+05 0.0000e+00 2.5000e+00
1.3529e+01 1.0000e+05 0.0000e+00 1.0000e+00 1.0000e+05 0.0000e+00 2.5000e+00
1.3922e+01 1.0000e+05 0.0000e+00 1.0000e+00 1.0000e+05 0.0000e+00 2.5000e+00
1.4314e+01 1.0000e+05 0.0000e+00 1.0000e+00 1.0000e+05 0.0000e+00 2.5000e+00
1.4706e+01 1.0000e+05 0.0000e+00 1.0000e+00 1.0000e+05 0.0000e+00 2.5000e+00
1.5098e+01 1.0000e+05 0.0000e+00 1.0000e+00 1.0000e+05 0.0000e+00 2.5000e+00
1.5490e+01 1.0000e+05 0.0000e+00 1.0000e+00 1.0000e+05 0.0000e+00 2.5000e+00
1.5882e+01 1.0000e+05 0.0000e+00 1.0000e+00 1.0000e+05 0.0000e+00 2.5000e+00
1.6275e+01 1.0000e+05 0.0000e+00 1.0000e+00 1.0000e+05 0.0000e+00 2.5000e+00
1.6667e+01 1.0000e+05 0.0000e+00 1.0000e+00 1.0000e+05 0.0000e+00 2.5000e+00
1.7059e+01 1.0000e+05 0.0000e+00 1.0000e+00 1.0000e+05 0.0000e+00 2.5000e+00
1.7451e+01 1.0000e+05 0.0000e+00 1.0000e+00 1.0000e+05 0.0000e+00 2.5000e+00
1.7843e+01 1.0000e+05 0.0000e+00 1.0000e+00 1.0000e+05 0.0000e+00 2.5000e+00
1.8235e+01 1.0000e+05 2.2309e-19 1.0000e+00 1.0000e+05 2.2309e-14 2.5000e+00
1.8627e+01 1.0000e+05 1.3657e-18 1.0000e+00 1.0000e+05 1.3657e-13 2.5000e+00
1.9020e+01 1.0000e+05 3.9414e-18 1.0000e+00 1.0000e+05 3.9414e-13 2.5000e+00
1.9412e+01 1.0000e+05 8.2313e-18 1.0000e+00 1.0000e+05 8.2313e-13 2.5000e+00
1.9804e+01 1.0000e+05 1.5650e-17 1.0000e+00 1.0000e+05 1.5650e-12 2.5000e+00
2.0196e+01 1.0000e+05 2.9730e-17 1.0000e+00 1.0000e+05 2.9730e-12 2.5000e+00
2.0588e+01 1.0000e+05 5.7592e-17 1.0000e+00 1.0000e+05 5.7592e-12 2.5000e+00
2.0980e+01 1.0000e+05 1.1348e-16 1.0000e+00 1.0000e+05 1.1348e-11 2.5000e+00
2.1373e+01 1.0000e+05 2.2582e-16 1.0000e+00 1.0000e+05 2.2582e-11 2.5000e+00
2.1765e+01 1.0000e+05 4.5052e-16 1.0000e+00 1.0000e+05 4.5052e-11 2.5000e+00
2.2157e+01 1.0000e+05 8.9678e-16 1.0000e+00 1.0000e+05 8.9678e-11 2.5000e+00
2.2549e+01 1.0000e+05 1.7760e-15 1.0000e+00 1.0000e+05 1.7760e-10 2.5000e+00
2.2941e+01 1.0000e+05 3.4925e-15 1.0000e+00 1.0000e+05 3.4925e-10 2.5000e+00
2.3333e+01 1.0000e+05 6.8159e-15 1.0000e+00 1.0000e+05 6.8159e-10 2.5000e+00
2.3725e+01 1.0000e+05 1.3194e-14 1.0000e+00 1.0000e+05 1.3194e-09 2.5000e+00
2.4118e+01 1.0000e+05 2.5328e-14 1.0000e+00 1.0000e+05 2.5328e-09 2.5000e+00
2.4510e+01 1.0000e+05 4.8207e-14 1.0000e+00 1.0000e+05 4.8207e-09 2.5000e+00
2.4902e+01 1.0000e+05 9.0968e-14 1.0000e+00 1.0000e+05 9.0968e-09 2.5000e+00
2.5294e+01 1.0000e+05 1.7018e-13 1.0000e+00 1.0000e+05 1.7018e-08 2.5000e+00
2.5686e+01 1.0000e+05 3.1561e-13 1.0000e+00 1.0000e+05 3.1561e-08 2.5000e+00
2.6078e+01 1.0000e+05 5.8022e-13 1.0000e+00 1.0000e+05 5.8022e-08 2.5000e+00
2.6471e+01 1.0000e+05 1.0573e-12 1.0000e+00 1.0000e+05 1.0573e-07 2.5000e+00
2.6863e+01 1.0000e+05 1.9099e-12 1.0000e+00 1.0000e+05 1.9099e-07 2.5000e+00
2.7255e+01 1.0000e+05 3.4196e-12 1.0000e+00 1.0000e+05 3.4196e-07 2.5000e+00
2.7647e+01 1.0000e+05 6.0685e-12 1.0000e+00 1.0000e+05 6.0685e-07 2.5000e+00
2.8039e+01 1.0000e+05 1.0674e-11 1.0000e+00 1.0000e+05 1.0674e-06 2.5000e+00
2.8431e+01 1.0000e+05 1.8607e-11 1.0000e+00 1.0000e+05 1.8607e-06 2.5000e+00
2.8824e+01 1.0000e+05 3.2145e-11 1.0000e+00 1.0000e+05 3.2145e-06 2.5000e+00
2.9216e+01 1.0000e+05 5.5037e-11 1.0000e+00 1.0000e+05 5.5037e-06 2.5000e+00
2.9608e+01 1.0000e+05 9.3384e-11 1.0000e+00 1.0000e+05 9.3384e-06 2.5000e+00
3.0000e+01 1.0000e+05 1.5702e-10 1.0000e+00 1.0000e+05 1.5702e-05 2.5000e+00
3.0392e+01 1.0000e+05 2.6162e-10 1.0000e+00 1.0000e+05 2.6162e-05 2.5000e+00
3.0784e+01 1.0000e+05 4.3196e-10 1.0000e+00 1.0000e+05 4.3196e-05 2.5000e+00
3.1176e+01 1.0000e+05 7.0670e-10 1.0000e+00 1.0000e+05 7.0670e-05 2.5000e+00
3.1569e+01 1.0000e+05 1.1456e-09 1.0000e+00 1.0000e+05 1.1456e-04 2.5000e+00
3.1961e+01 1.0000e+05 1.8401e-09 9.9999e-01 1.0000e+05 1.8401e-04 2.5000e+00
3.2353e+01 1.0000e+05 2.9285e-09 9.9999e-01 1.0000e+05 2.9285e-04 2.5000e+00
3.2745e+01 1.0000e+05 4.6177e-09 9.9999e-01 1.0000e+05 4.6177e-04 2.5000e+00
3.3137e+01 1.0000e+05 7.2139e-09 9.9998e-01 1.0000e+05 7.2139e-04 2.5000e+00
3.3529e+01 1.0000e+05 1.1165e-08 9.9997e-01 1.0000e+05 1.1165e-03 2.4999e+00
3.3922e+01 1.0000e+05 1.7121e-08 9.9995e-01 1.0000e+05 1.7121e-03 2.4999e+00
3.4314e+01 1.0000e+05 2.6009e-08 9.9993e-01 1.0000e+05 2.6009e-03 2.4998e+00
3.4706e+01 1.0000e+05 3.9143e-08 9.9990e-01 1.0000e+05 3.9143e-03 2.4998e+00
3.5098e+01 1.0000e+05 5.8359e-08 9.9986e-01 1.0000e+05 5.8359e-03 2.4996e+00
3.5490e+01 1.0000e+05 8.6194e-08 9.9979e-01 1.0000e+05 8.6193e-03 2.4995e+00
3.5882e+01 9.9999e+04 1.2611e-07 9.9970e-01 9.9999e+04 1.2611e-02 2.4993e+00
3.6275e+01 9.9999e+04 1.8278e-07 9.9958e-01 9.9999e+04 1.8278e-02 2.4989e+00
3.6667e+01 9.9999e+04 2.6243e-07 9.9940e-01 9.9999e+04 2.6242e-02 2.4985e+00
3.7059e+01 9.9998e+04 3.7323e-07 9.9917e-01 9.9998e+04 3.7322e-02 2.4979e+00
3.7451e+01 9.9998e+04 5.2582e-07 9.9886e-01 9.9998e+04 5.2581e-02 2.4972e+00
3.7843e+01 9.9997e+04 7.3381e-07 9.9845e-01 9.9997e+04 7.3379e-02 2.4961e+00
3.8235e+01 9.9995e+04 1.0144e-06 9.9791e-01 9.9995e+04 1.0144e-01 2.4948e+00
3.8627e+01 9.9993e+04 1.3892e-06 9.9721e-01 9.9993e+04 1.3891e-01 2.4930e+00
3.9020e+01 9.9991e+04 1.8845e-06 9.9631e-01 9.9991e+04 1.8843e-01 2.4908e+00
3.9412e+01 9.9987e+04 2.5324e-06 9.9517e-01 9.9987e+04 2.5321e-01 2.4879e+00
3.9804e+01 9.9982e+04 3.3713e-06 9.9374e-01 9.9982e+04 3.3707e-01 2.4843e+00
4.0196e+01 9.9976e+04 4.4461e-06 9.9197e-01 9.9976e+04 4.4451e-01 2.4799e+00
4.0588e+01 9.9968e+04 5.8094e-06 9.8980e-01 9.9968e+04 5.8075e-01 2.4745e+00
4.0980e+01 9.9957e+04 7.5207e-06 9.8717e-01 9.9957e+04 7.5175e-01 2.4679e+00
4.1373e+01 9.9944e+04 9.6470e-06 9.8403e-01 9.9944e+04 9.6416e-01 2.4601e+00
4.1765e+01 9.9927e+04 1.2262e-05 9.8030e-01 9.9927e+04 1.2253e+00 2.4508e+00
4.2157e+01 9.9906e+04 1.5447e-05 9.7594e-01 9.9906e+04 1.5432e+00 2.4399e+00
4.2549e+01 9.9879e+04 1.9286e-05 9.7090e-01 9.9879e+04 1.9263e+00 2.4273e+00
4.2941e+01 9.9846e+04 2.3870e-05 9.6512e-01 9.9846e+04 2.3833e+00 2.4128e+00
4.3333e+01 9.9806e+04 2.9289e-05 9.5858e-01 9.9806e+04 2.9233e+00 2.3965e+00
4.3725e+01 9.9758e+04 3.5637e-05 9.5125e-01 9.9758e+04 3.5550e+00 2.3782e+00
4.4118e+01 9.9700e+04 4.3002e-05 9.4312e-01 9.9700e+04 4.2873e+00 2.3579e+00
4.4510e+01 9.9630e+04 5.1473e-05 9.3420e-01 9.9630e+04 5.1282e+00 2.3356e+00
4.4902e+01 9.9548e+04 6.1128e-05 9.2450e-01 9.9548e+04 6.0852e+00 2.3114e+00
4.5294e+01 9.9453e+04 7.2040e-05 9.1407e-01 9.9453e+04 7.1646e+00 2.2854e+00
4.5686e+01 9.9341e+04 8.4271e-05 9.0293e-01 9.9341e+04 8.3715e+00 2.2577e+00
4.6078e+01 9.9213e+04 9.7880e-05 8.9118e-01 9.9213e+04 9.7109e+00 2.2284e+00
4.6471e+01 9.9064e+04 1.1283e-04 8.7885e-01 9.9064e+04 1.1178e+01 2.1977e+00
4.6863e+01 9.8904e+04 1.2953e-04 8.6617e-01 9.8904e+04 1.2811e+01 2.1663e+00
4.7255e+01 9.8680e+04 1.4616e-04 8.5262e-01 9.8680e+04 1.4423e+01 2.1326e+00
4.7647e+01 9.8605e+04 1.7027e-04 8.4091e-01 9.8605e+04 1.6789e+01 2.1037e+00
4.8039e+01 9.7917e+04 1.7510e-04 8.2208e-01 9.7917e+04 1.7145e+01 2.0567e+00
4.8431e+01 9.8826e+04 2.3743e-04 8.2226e-01 9.8826e+04 2.3464e+01 2.0584e+00
4.8824e+01 9.6321e+04 1.8324e-04 7.8336e-01 9.6321e+04 1.7650e+01 1.9600e+00
4.9216e+01 9.8127e+04 3.0285e-04 8.0181e-01 9.8127e+04 2.9718e+01 2.0090e+00
4.9608e+01 1.0766e+05 2.6617e-04 7.6858e-01 1.0766e+05 2.8655e+01 1.9253e+00
5.0000e+01 1.7551e+04 2.9664e-04 7.6601e-01 1.7551e+04 5.2063e+00 1.9158e+00
5.0392e+01 1.0615e+04 4.2820e-04 7.6736e-01 1.0615e+04 4.5454e+00 1.9194e+00
5.0784e+01 1.0603e+04 5.7606e-04 7.6618e-01 1.0603e+04 6.1081e+00 1.9172e+00
5.1176e+01 1.1134e+04 5.8903e-04 7.5302e-01 1.1134e+04 6.5580e+00 1.8845e+00
5.1569e+01 1.1498e+04 7.4778e-04 7.5875e-01 1.1498e+04 8.5980e+00 1.9001e+00
5.1961e+01 1.2092e+04 9.9622e-04 7.7707e-01 1.2092e+04 1.2046e+01 1.9487e+00
5.2353e+01 1.2463e+04 1.2432e-03 7.9813e-01 1.2463e+04 1.5495e+01 2.0050e+00
5.2745e+01 1.2761e+04 1.3637e-03 8.0607e-01 1.2761e+04 1.7402e+01 2.0271e+00
5.3137e+01 1.2817e+04 1.4072e-03 8.0613e-01 1.2817e+04 1.8036e+01 2.0280e+00
5.3529e+01 1.2871e+04 1.3996e-03 8.0083e-01 1.2871e+04 1.8015e+01 2.0147e+00
5.3922e+01 1.2853e+04 1.3940e-03 7.9611e-01 1.2853e+04 1.7917e+01 2.0028e+00
5.4314e+01 1.2872e+04 1.3797e-03 7.9024e-01 1.2872e+04 1.7760e+01 1.9879e+00
5.4706e+01 1.2861e+04 1.3702e-03 7.8468e-01 1.2861e+04 1.7622e+01 1.9738e+00
5.5098e+01 1.2870e+04 1.3554e-03 7.7832e-01 1.2870e+04 1.7443e+01 1.9576e+00
5.5490e+01 1.2863e+04 1.3428e-03 7.7195e-01 1.2863e+04 1.7272e+01 1.9415e+00
5.5882e+01 1.2866e+04 1.3269e-03 7.6499e-01 1.2866e+04 1.7072e+01 1.9238e+00
5.6275e+01 1.2861e+04 1.3118e-03 7.5784e-01 1.2861e+04 1.6872e+01 1.9057e+00
5.6667e+01 1.2861e+04 1.2946e-03 7.5020e-01 1.2861e+04 1.6649e+01 1.8863e+00
5.7059e+01 1.2857e+04 1.2774e-03 7.4228e-01 1.2857e+04 1.6422e+01 1.8662e+00
5.7451e+01 1.2854e+04 1.2586e-03 7.3393e-01 1.2854e+04 1.6178e+01 1.8450e+00
5.7843e+01 1.2849e+04 1.2395e-03 7.2526e-01 1.2849e+04 1.5927e+01 1.8230e+00
5.8235e+01 1.2845e+04 1.2193e-03 7.1619e-01 1.2845e+04 1.5662e+01 1.8000e+00
5.8627e+01 1.2840e+04 1.1984e-03 7.0677e-01 1.2840e+04 1.5388e+01 1.7761e+00
5.9020e+01 1.2835e+04 1.1766e-03 6.9696e-01 1.2835e+04 1.5102e+01 1.7513e+00
5.9412e+01 1.2829e+04 1.1541e-03 6.8678e-01 1.2829e+04 1.4806e+01 1.7255e+00
5.9804e+01 1.2823e+04 1.1307e-03 6.7620e-01 1.2823e+04 1.4499e+01 1.6987e+00
6.0196e+01 1.2817e+04 1.1064e-03 6.6521e-01 1.2817e+04 1.4181e+01 1.6709e+00
6.0588e+01 1.2810e+04 1.0813e-03 6.5378e-01 1.2810e+04 1.3852e+01 1.6420e+00
6.0980e+01 1.2803e+04 1.0553e-03 6.4190e-01 1.2803e+04 1.3511e+01 1.6119e+00
6.1373e+01 1.2795e+04 1.0283e-03 6.2953e-01 1.2795e+04 1.3158e+01 1.5806e+00
6.1765e+01 1.2787e+04 1.0003e-03 6.1664e-01 1.2787e+04 1.2792e+01 1.5480e+00
6.2157e+01 1.2779e+04 9.7133e-04 6.0319e-01 1.2779e+04 1.2413e+01 1.5140e+00
6.2549e+01 1.2770e+04 9.4124e-04 5.8916e-01 1.2770e+04 1.2020e+01 1.4786e+00
6.2941e+01 1.2761e+04 9.1002e-04 5.7450e-01 1.2761e+04 1.1613e+01 1.4415e+00
6.3333e+01 1.2752e+04 8.7764e-04 5.5917e-01 1.2752e+04 1.1191e+01 1.4028e+00
6.3725e+01 1.2742e+04 8.4404e-04 5.4314e-01 1.2742e+04 1.0755e+01 1.3624e+00
6.4118e+01 1.2732e+04 8.0918e-04 5.2637e-01 1.2732e+04 1.0302e+01 1.3201e+00
6.4510e+01 1.2721e+04 7.7302e-04 5.0881e-01 1.2721e+04 9.8334e+00 1.2758e+00
6.4902e+01 1.2710e+04 7.3552e-04 4.9043e-01 1.2710e+04 9.3482e+00 1.2295e+00
6.5294e+01 1.2698e+04 6.9663e-04 4.7119e-01 1.2698e+04 8.8459e+00 1.1810e+00
6.5686e+01 1.2686e+04 6.5631e-04 4.5104e-01 1.2686e+04 8.3262e+00 1.1303e+00
6.6078e+01 1.2674e+04 6.1453e-04 4.2993e-01 1.2674e+04 7.7885e+00 1.0772e+00
6.6471e+01 1.2661e+04 5.7123e-04 4.0784e-01 1.2661e+04 7.2325e+00 1.0217e+00
6.6863e+01 1.2648e+04 5.2637e-04 3.8470e-01 1.2648e+04 6.6577e+00 9.6351e-01
6.7255e+01 1.2635e+04 4.7991e-04 3.6048e-01 1.2635e+04 6.0635e+00 9.0265e-01
6.7647e+01 1.2621e+04 4.3178e-04 3.3511e-01 1.2621e+04 5.4494e+00 8.3895e-01
6.8039e+01 1.2606e+04 3.8192e-04 3.0853e-01 1.2606e+04 4.8147e+00 7.7225e-01
6.8431e+01 1.2592e+04 3.3029e-04 2.8069e-01 1.2592e+04 4.1589e+00 7.0242e-01
6.8824e+01 1.2577e+04 2.7697e-04 2.5160e-01 1.2577e+04 3.4833e+00 6.2947e-01
6.9216e+01 1.2561e+04 2.2242e-04 2.2147e-01 1.2561e+04 2.7939e+00 5.5399e-01
6.9608e+01 1.2546e+04 1.6810e-04 1.9116e-01 1.2546e+04 2.1091e+00 4.7807e-01
7.0000e+01 1.2532e+04 1.1702e-04 1.6251e-01 1.2532e+04 1.4665e+00 4.0636e-01
7.0392e+01 1.2521e+04 7.3427e-05 1.3826e-01 1.2521e+04 9.1934e-01 3.4569e-01
7.0784e+01 1.2512e+04 4.0969e-05 1.2067e-01 1.2512e+04 5.1259e-01 3.0168e-01
7.1176e+01 1.2506e+04 2.0361e-05 1.0994e-01 1.2506e+04 2.5463e-01 2.7485e-01
7.1569e+01 1.2503e+04 9.1852e-06 1.0437e-01 1.2503e+04 1.1484e-01 2.6093e-01
7.1961e+01 1.2501e+04 3.8719e-06 1.0182e-01 1.2501e+04 4.8403e-02 2.5454e-01
7.2353e+01 1.2500e+04 1.5675e-06 1.0073e-01 1.2500e+04 1.9594e-02 2.5183e-01
7.2745e+01 1.2500e+04 6.2095e-07 1.0029e-01 1.2500e+04 7.7619e-03 2.5072e-01
7.3137e+01 1.2500e+04 2.4316e-07 1.0011e-01 1.2500e+04 3.0395e-03 2.5028e-01
7.3529e+01 1.2500e+04 9.4569e-08 1.0004e-01 1.2500e+04 1.1821e-03 2.5011e-01
7.3922e+01 1.2500e+04 3.6599e-08 1.0002e-01 1.2500e+04 4.5748e-04 2.5004e-01
7.4314e+01 1.2500e+04 1.4105e-08 1.0001e-01 1.2500e+04 1.7632e-04 2.5002e-01
7.4706e+01 1.2500e+04 5.4153e-09 1.0000e-01 1.2500e+04 6.7691e-05 2.5001e-01
7.5098e+01 1.2500e+04 2.0713e-09 1.0000e-01 1.2500e+04 2.5891e-05 2.5000e-01
7.5490e+01 1.2500e+04 7.8926e-10 1.0000e-01 1.2500e+04 9.8657e-06 2.5000e-01
7.5882e+01 1.2500e+04 2.9963e-10 1.0000e-01 1.2500e+04 3.7453e-06 2.5000e-01
7.6275e+01 1.2500e+04 1.1332e-10 1.0000e-01 1.2500e+04 1.4165e-06 2.5000e-01
7.6667e+01 1.2500e+04 4.2695e-11 1.0000e-01 1.2500e+04 5.3369e-07 2.5000e-01
7.7059e+01 1.2500e+04 1.6025e-11 1.0000e-01 1.2500e+04 2.0031e-07 2.5000e-01
7.7451e+01 1.2500e+04 5.9916e-12 1.0000e-01 1.2500e+04 7.4895e-08 2.5000e-01
7.7843e+01 1.2500e+04 2.2316e-12 1.0000e-01 1.2500e+04 2.7895e-08 2.5000e-01
7.8235e+01 1.2500e+04 8.2792e-13 1.0000e-01 1.2500e+04 1.0349e-08 2.5000e-01
7.8627e+01 1.2500e+04 3.0595e-13 1.0000e-01 1.2500e+04 3.8244e-09 2.5000e-01
7.9020e+01 1.2500e+04 1.1262e-13 1.0000e-01 1.2500e+04 1.4077e-09 2.5000e-01
7.9412e+01 1.2500e+04 4.1287e-14 1.0000e-01 1.2500e+04 5.1609e-10 2.5000e-01
7.9804e+01 1.2500e+04 1.5075e-14 1.0000e-01 1.2500e+04 1.8844e-10 2.5000e-01
8.0196e+01 1.2500e+04 5.4811e-15 1.0000e-01 1.2500e+04 6.8514e-11 2.5000e-01
8.0588e+01 1.2500e+04 1.9837e-15 1.0000e-01 1.2500e+04 2.4796e-11 2.5000e-01
8.0980e+01 1.2500e+04 7.1403e-16 1.0000e-01 1.2500e+04 8.9254e-12 2.5000e-01
8.1373e+01 1.2500e+04 2.5485e-16 1.0000e-01 1.2500e+04 3.1857e-12 2.5000e-01
8.1765e+01 1.2500e+04 8.9514e-17 1.0000e-01 1.2500e+04 1.1189e-12 2.5000e-01
8.2157e+01 1.2500e+04 3.0491e-17 1.0000e-01 1.2500e+04 3.8114e-13 2.5000e-01
8.2549e+01 1.2500e+04 9.5492e-18 1.0000e-01 1.2500e+04 1.1936e-13 2.5000e-01
8.2941e+01 1.2500e+04 2.2954e-18 1.0000e-01 1.2500e+04 2.8693e-14 2.5000e-01
8.3333e+01 1.2500e+04 1.4467e-19 1.0000e-01 1.2500e+04 1.8083e-15 2.5000e-01
8.3725e+01 1.2500e+04 0.0000e+00 1.0000e-01 1.2500e+04 0.0000e+00 2.5000e-01
8.4118e+01 1.2500e+04 0.0000e+00 1.0000e-01 1.2500e+04 0.0000e+00 2.5000e-01
8.4510e+01 1.2500e+04 0.0000e+00 1.0000e-01 1.2500e+04 0.0000e+00 2.5000e-01
8.4902e+01 1.2500e+04 0.0000e+00 1.0000e-01 1.2500e+04 0.0000e+00 2.5000e-01
8.5294e+01 1.2500e+04 0.0000e+00 1.0000e-01 1.2500e+04 0.0000e+00 2.5000e-01
8.5686e+01 1.2500e+04 0.0000e+00 1.0000e-01 1.2500e+04 0.0000e+00 2.5000e-01
8.6078e+01 1.2500e+04 0.0000e+00 1.0000e-01 1.2500e+04 0.0000e+00 2.5000e-01
8.6471e+01 1.2500e+04 0.0000e+00 1.0000e-01 1.2500e+04 0.0000e+00 2.5000e-01
8.6863e+01 1.2500e+04 0.0000e+00 1.0000e-01 1.2500e+04 0.0000e+00 2.5000e-01
8.7255e+01 1.2500e+04 0.0000e+00 1.0000e-01 1.2500e+04 0.0000e+00 2.5000e-01
8.7647e+01 1.2500e+04 0.0000e+00 1.0000e-01 1.2500e+04 0.0000e+00 2.5000e-01
8.8039e+01 1.2500e+04 0.0000e+00 1.0000e-01 1.2500e+04 0.0000e+00 2.5000e-01
8.8431e+01 1.2500e+04 0.0000e+00 1.0000e-01 1.2500e+04 0.0000e+00 2.5000e-01
8.8824e+01 1.2500e+04 0.0000e+00 1.0000e-01 1.2500e+04 0.0000e+00 2.5000e-01
8.9216e+01 1.2500e+04 0.0000e+00 1.0000e-01 1.2500e+04 0.0000e+00 2.5000e-01
8.9608e+01 1.2500e+04 0.0000e+00 1.0000e-01 1.2500e+04 0.0000e+00 2.5000e-01
9.0000e+01 1.2500e+04 0.0000e+00 1.0000e-01 1.2500e+04 0.0000e+00 2.5000e-01
9.0392e+01 1.2500e+04 0.0000e+00 1.0000e-01 1.2500e+04 0.0000e+00 2.5000e-01
9.0784e+01 1.2500e+04 0.0000e+00 1.0000e-01 1.2500e+04 0.0000e+00 2.5000e-01
9.1176e+01 1.2500e+04 0.0000e+00 1.0000e-01 1.2500e+04 0.0000e+00 2.5000e-01
9.1569e+01 1.2500e+04 0.0000e+00 1.0000e-01 1.2500e+04 0.0000e+00 2.5000e-01
9.1961e+01 1.2500e+04 0.0000e+00 1.0000e-01 1.2500e+04 0.0000e+00 2.5000e-01
9.2353e+01 1.2500e+04 0.0000e+00 1.0000e-01 1.2500e+04 0.0000e+00 2.5000e-01
9.2745e+01 1.2500e+04 0.0000e+00 1.0000e-01 1.2500e+04 0.0000e+00 2.5000e-01
9.3137e+01 1.2500e+04 0.0000e+00 1.0000e-01 1.2500e+04 0.0000e+00 2.5000e-01
9.3529e+01 1.2500e+04 0.0000e+00 1.0000e-01 1.2500e+04 0.0000e+00 2.5000e-01
9.3922e+01 1.2500e+04 0.0000e+00 1.0000e-01 1.2500e+04 0.0000e+00 2.5000e-01
9.4314e+01 1.2500e+04 0.0000e+00 1.0000e-01 1.2500e+04 0.0000e+00 2.5000e-01
9.4706e+01 1.2500e+04 0.0000e+00 1.0000e-01 1.2500e+04 0.0000e+00 2.5000e-01
9.5098e+01 1.2500e+04 0.0000e+00 1.0000e-01 1.2500e+04 0.0000e+00 2.5000e-01
9.5490e+01 1.2500e+04 0.0000e+00 1.0000e-01 1.2500e+04 0.0000e+00 2.5000e-01
9.5882e+01 1.2500e+04 0.0000e+00 1.0000e-01 1.2500e+04 0.0000e+00 2.5000e-01
9.6275e+01 1.2500e+04 0.0000e+00 1.0000e-01 1.2500e+04 0.0000e+00 2.5000e-01
9.6667e+01 1.2500e+04 0.0000e+00 1.0000e-01 1.2500e+04 0.0000e+00 2.5000e-01
9.7059e+01 1.2500e+04 0.0000e+00 1.0000e-01 1.2500e+04 0.0000e+00 2.5000e-01
9.7451e+01 1.2500e+04 0.0000e+00 1.0000e-01 1.2500e+04 0.0000e+00 2.5000e-01
9.7843e+01 1.2500e+04 0.0000e+00 1.0000e-01 1.2500e+04 0.0000e+00 2.5000e-01
9.8235e+01 1.2500e+04 0.0000e+00 1.0000e-01 1.2500e+04 0.0000e+00 2.5000e-01
9.8627e+01 1.2500e+04 0.0000e+00 1.0000e-01 1.2500e+04 0.0000e+00 2.5000e-01
9.9020e+01 1.2500e+04 0.0000e+00 1.0000e-01 1.2500e+04 0.0000e+00 2.5000e-01
9.9412e+01 1.2500e+04 0.0000e+00 1.0000e-01 1.2500e+04 0.0000e+00 2.5000e-01
9.9804e+01 1.2500e+04 0.0000e+00 1.0000e-01 1.2500e+04 0.0000e+00 2.5000e-01
