# # x Density Velocity Pressure q0 q1 q2
1.9608e-01 1.0000e+05 0.0000e+00 1.0000e+00 1.0000e+05 0.0000e+00 2.5000e+00
5.8824e-01 1.0000e+05 0.0000e+00 1.0000e+00 1.0000e+05 0.0000e+00 2.5000e+00
9.8039e-01 1.0000e+05 0.0000e+00 1.0000e+00 1.0000e+05 0.0000e+00 2.5000e+00
1.3725e+00 1.0000e+05 0.0000e+00 1.0000e+00 1.0000e+05 0.0000e+00 2.5000e+00
1.7647e+00 1.0000e+05 0.0000e+00 1.0000e+00 1.0000e+05 0.0000e+00 2.5000e+00
2.1569e+00 1.0000e+05 0.0000e+00 1.0000e+00 1.0000e+05 0.0000e+00 2.5000e+00
2.5490e+00 1.0000e+05 0.0000e+00 1.0000e+00 1.0000e+05 0.0000e+00 2.5000e+00
2.9412e+00 1.0000e+05 0.0000e+00 1.0000e+00 1.0000e+05 0.0000e+00 2.5000e+00
3.3333e+00 1.0000e+05 0.0000e+00 1.0000e+00 1.0000e+05 0.0000e+00 2.5000e+00
3.7255e+00 1.0000e+05 0.0000e+00 1.0000e+00 1.0000e+05 0.0000e+00 2.5000e+00
4.1176e+00 1.0000e+05 0.0000e+00 1.0000e+00 1.0000e+05 0.0000e+00 2.5000e+00
4.5098e+00 1.0000e+05 0.0000e+00 1.0000e+00 1.0000e+05 0.0000e+00 2.5000e+00
4.9020e+00 1.0000e+05 0.0000e+00 1.0000e+00 1.0000e+05 0.0000e+00 2.5000e+00
5.2941e+00 1.0000e+05 0.0000e+00 1.0000e+00 1.0000e+05 0.0000e+00 2.5000e+00
5.6863e+00 1.0000e+05 0.0000e+00 1.0000e+00 1.0000e+05 0.0000e+00 2.5000e+00
6.0784e+00 1.0000e+05 0.0000e+00 1.0000e+00 1.0000e+05 0.0000e+00 2.5000e+00
6.4706e+00 1.0000e+05 0.0000e+00 1.0000e+00 1.0000e+05 0.0000e+00 2.5000e+00
6.8627e+00 1.0000e+05 0.0000e+00 1.0000e+00 1.0000e+05 0.0000e+00 2.5000e+00
7.2549e+00 1.0000e+05 0.0000e+00 1.0000e+00 1.0000e+05 0.0000e+00 2.5000e+00
7.6471e+00 1.0000e+05 0.0000e+00 1.0000e+00 1.0000e+05 0.0000e+00 2.5000e+00
8.0392e+00 1.0000e+05 0.0000e+00 1.0000e+00 1.0000e+05 0.0000e+00 2.5000e+00
8.4314e+00 1.0000e+05 0.0000e+00 1.0000e+00 1.0000e+05 0.0000e+00 2.5000e+00
8.8235e+00 1.0000e+05 0.0000e+00 1.0000e+00 1.0000e+05 0.0000e+00 2.5000e+00
9.2157e+00 1.0000e+05 0.0000e+00 1.0000e+00 1.0000e+05 0.0000e+00 2.5000e+00
9.6078e+00 1.0000e+05 0.0000e+00 1.0000e+00 1.0000e+05 0.0000e+00 2.5000e+00
1.0000e+01 1.0000e+05 0.0000e+00 1.0000e+00 1.0000e+05 0.0000e+00 2.5000e+00
1.0392e+01 1.0000e+05 0.0000e+00 1.0000e+00 1.0000e+05 0.0000e+00 2.5000e+00
1.0784e+01 1.0000e+05 0.0000e+00 1.0000e+00 1.0000e+05 0.0000e+00 2.5000e+00
1.1176e+01 1.0000e+05 0.0000e+00 1.0000e+00 1.0000e+05 0.0000e+00 2.5000e+00
1.1569e+01 1.0000e+05 0.0000e+00 1.0000e+00 1.0000e+05 0.0000e+00 2.5000e+00
1.1961e+01 1.0000e+05 0.0000e+00 1.0000e+00 1.0000e+05 0.0000e+00 2.5000e+00
1.2353e+01 1.0000e+05 0.0000e+00 1.0000e+00 1.0000e+05 0.0000e+00 2.5000e+00
1.2745e+01 1.0000e+05 0.0000e+00 1.0000e+00 1.0000e+05 0.0000e+00 2.5000e+00
1.3137e+01 1.0000e+05 0.0000e+00 1.0000e+00 1.0000e+05 0.0000e+00 2.5000e+00
1.3529e+01 1.0000e+05 0.0000e+00 1.0000e+00 1.0000e+05 0.0000e+00 2.5000e+00
1.3922e+01 1.0000e+05 0.0000e+00 1.0000e+00 1.0000e+05 0.0000e+00 2.5000e+00
1.4314e+01 1.0000e+05 0.0000e+00 1.0000e+00 1.0000e+05 0.0000e+00 2.5000e+00
1.4706e+01 1.0000e+05 0.0000e+00 1.0000e+00 1.0000e+05 0.0000e+00 2.5000e+00
1.5098e+01 1.0000e+05 0.0000e+00 1.0000e+00 1.0000e+05 0.0000e+00 2.5000e+00
1.5490e+01 1.0000e+05 0.0000e+00 1.0000e+00 1.0000e+05 0.0000e+00 2.5000e+00
1.5882e+01 1.0000e+05 0.0000e+00 1.0000e+00 1.0000e+05 0.0000e+00 2.5000e+00
1.6275e+01 1.0000e+05 0.0000e+00 1.0000e+00 1.0000e+05 0.0000e+00 2.5000e+00
1.6667e+01 1.0000e+05 0.0000e+00 1.0000e+00 1.0000e+05 0.0000e+00 2.5000e+00
1.7059e+01 1.0000e+05 0.0000e+00 1.0000e+00 1.0000e+05 0.0000e+00 2.5000e+00
1.7451e+01 1.0000e+05 0.0000e+00 1.0000e+00 1.0000e+05 0.0000e+00 2.5000e+00
1.7843e+01 1.0000e+05 5.6621e-22 1.0000e+00 1.0000e+05 5.6621e-17 2.5000e+00
1.8235e+01 1.0000e+05 2.8197e-19 1.0000e+00 1.0000e+05 2.8197e-14 2.5000e+00
1.8627e+01 1.0000e+05 1.5814e-18 1.0000e+00 1.0000e+05 1.5814e-13 2.5000e+00
1.9020e+01 1.0000e+05 4.3143e-18 1.0000e+00 1.0000e+05 4.3143e-13 2.5000e+00
1.9412e+01 1.0000e+05 8.8457e-18 1.0000e+00 1.0000e+05 8.8457e-13 2.5000e+00
1.9804e+01 1.0000e+05 1.6772e-17 1.0000e+00 1.0000e+05 1.6772e-12 2.5000e+00
2.0196e+01 1.0000e+05 3.1865e-17 1.0000e+00 1.0000e+05 3.1865e-12 2.5000e+00
2.0588e+01 1.0000e+05 6.1810e-17 1.0000e+00 1.0000e+05 6.1810e-12 2.5000e+00
2.0980e+01 1.0000e+05 1.2186e-16 1.0000e+00 1.0000e+05 1.2186e-11 2.5000e+00
2.1373e+01 1.0000e+05 2.4240e-16 1.0000e+00 1.0000e+05 2.4240e-11 2.5000e+00
2.1765e+01 1.0000e+05 4.8315e-16 1.0000e+00 1.0000e+05 4.8315e-11 2.5000e+00
2.2157e+01 1.0000e+05 9.6052e-16 1.0000e+00 1.0000e+05 9.6052e-11 2.5000e+00
2.2549e+01 1.0000e+05 1.8995e-15 1.0000e+00 1.0000e+05 1.8995e-10 2.5000e+00
2.2941e+01 1.0000e+05 3.7293e-15 1.0000e+00 1.0000e+05 3.7293e-10 2.5000e+00
2.3333e+01 1.0000e+05 7.2662e-15 1.0000e+00 1.0000e+05 7.2662e-10 2.5000e+00
2.3725e+01 1.0000e+05 1.4043e-14 1.0000e+00 1.0000e+05 1.4043e-09 2.5000e+00
2.4118e+01 1.0000e+05 2.6914e-14 1.0000e+00 1.0000e+05 2.6914e-09 2.5000e+00
2.4510e+01 1.0000e+05 5.1144e-14 1.0000e+00 1.0000e+05 5.1144e-09 2.5000e+00
2.4902e+01 1.0000e+05 9.6357e-14 1.0000e+00 1.0000e+05 9.6357e-09 2.5000e+00
2.5294e+01 1.0000e+05 1.7998e-13 1.0000e+00 1.0000e+05 1.7998e-08 2.5000e+00
2.5686e+01 1.0000e+05 3.3326e-13 1.0000e+00 1.0000e+05 3.3326e-08 2.5000e+00
2.6078e+01 1.0000e+05 6.1172e-13 1.0000e+00 1.0000e+05 6.1172e-08 2.5000e+00
2.6471e+01 1.0000e+05 1.1131e-12 1.0000e+00 1.0000e+05 1.1131e-07 2.5000e+00
2.6863e+01 1.0000e+05 2.0075e-12 1.0000e+00 1.0000e+05 2.0075e-07 2.5000e+00
2.7255e+01 1.0000e+05 3.5890e-12 1.0000e+00 1.0000e+05 3.5890e-07 2.5000e+00
2.7647e+01 1.0000e+05 6.3598e-12 1.0000e+00 1.0000e+05 6.3598e-07 2.5000e+00
2.8039e+01 1.0000e+05 1.1170e-11 1.0000e+00 1.0000e+05 1.1170e-06 2.5000e+00
2.8431e+01 1.0000e+05 1.9443e-11 1.0000e+00 1.0000e+05 1.9443e-06 2.5000e+00
2.8824e+01 1.0000e+05 3.3544e-11 1.0000e+00 1.0000e+05 3.3544e-06 2.5000e+00
2.9216e+01 1.0000e+05 5.7351e-11 1.0000e+00 1.0000e+05 5.7351e-06 2.5000e+00
2.9608e+01 1.0000e+05 9.7177e-11 1.0000e+00 1.0000e+05 9.7177e-06 2.5000e+00
3.0000e+01 1.0000e+05 1.6317e-10 1.0000e+00 1.0000e+05 1.6317e-05 2.5000e+00
3.0392e+01 1.0000e+05 2.7152e-10 1.0000e+00 1.0000e+05 2.7152e-05 2.5000e+00
3.0784e+01 1.0000e+05 4.4771e-10 1.0000e+00 1.0000e+05 4.4771e-05 2.5000e+00
3.1176e+01 1.0000e+05 7.3151e-10 1.0000e+00 1.0000e+05 7.3151e-05 2.5000e+00
3.1569e+01 1.0000e+05 1.1843e-09 1.0000e+00 1.0000e+05 1.1843e-04 2.5000e+00
3.1961e+01 1.0000e+05 1.8999e-09 9.9999e-01 1.0000e+05 1.8999e-04 2.5000e+00
3.2353e+01 1.0000e+05 3.0200e-09 9.9999e-01 1.0000e+05 3.0200e-04 2.5000e+00
3.2745e+01 1.0000e+05 4.7561e-09 9.9999e-01 1.0000e+05 4.7561e-04 2.5000e+00
3.3137e+01 1.0000e+05 7.4213e-09 9.9998e-01 1.0000e+05 7.4213e-04 2.4999e+00
3.3529e+01 1.0000e+05 1.1473e-08 9.9997e-01 1.0000e+05 1.1473e-03 2.4999e+00
3.3922e+01 1.0000e+05 1.7573e-08 9.9995e-01 1.0000e+05 1.7573e-03 2.4999e+00
3.4314e+01 1.0000e+05 2.6665e-08 9.9993e-01 1.0000e+05 2.6665e-03 2.4998e+00
3.4706e+01 1.0000e+05 4.0087e-08 9.9990e-01 1.0000e+05 4.0086e-03 2.4997e+00
3.5098e+01 1.0000e+05 5.9701e-08 9.9985e-01 1.0000e+05 5.9701e-03 2.4996e+00
3.5490e+01 1.0000e+05 8.8083e-08 9.9979e-01 1.0000e+05 8.8082e-03 2.4995e+00
3.5882e+01 9.9999e+04 1.2874e-07 9.9970e-01 9.9999e+04 1.2874e-02 2.4992e+00
3.6275e+01 9.9999e+04 1.8640e-07 9.9957e-01 9.9999e+04 1.8640e-02 2.4989e+00
3.6667e+01 9.9999e+04 2.6737e-07 9.9939e-01 9.9999e+04 2.6736e-02 2.4985e+00
3.7059e+01 9.9998e+04 3.7989e-07 9.9916e-01 9.9998e+04 3.7988e-02 2.4979e+00
3.7451e+01 9.9998e+04 5.3470e-07 9.9884e-01 9.9998e+04 5.3469e-02 2.4971e+00
3.7843e+01 9.9996e+04 7.4553e-07 9.9843e-01 9.9996e+04 7.4550e-02 2.4961e+00
3.8235e+01 9.9995e+04 1.0297e-06 9.9788e-01 9.9995e+04 1.0297e-01 2.4947e+00
3.8627e+01 9.9993e+04 1.4089e-06 9.9717e-01 9.9993e+04 1.4088e-01 2.4929e+00
3.9020e+01 9.9990e+04 1.9096e-06 9.9626e-01 9.9990e+04 1.9094e-01 2.4907e+00
3.9412e+01 9.9987e+04 2.5641e-06 9.9512e-01 9.9987e+04 2.5638e-01 2.4878e+00
3.9804e+01 9.9982e+04 3.4108e-06 9.9368e-01 9.9982e+04 3.4101e-01 2.4842e+00
4.0196e+01 9.9976e+04 4.4949e-06 9.9190e-01 9.9976e+04 4.4938e-01 2.4797e+00
4.0588e+01 9.9968e+04 5.8687e-06 9.8972e-01 9.9968e+04 5.8668e-01 2.4743e+00
4.0980e+01 9.9957e+04 7.5922e-06 9.8708e-01 9.9957e+04 7.5889e-01 2.4677e+00
4.1373e+01 9.9943e+04 9.7322e-06 9.8392e-01 9.9943e+04 9.7267e-01 2.4598e+00
4.1765e+01 9.9926e+04 1.2363e-05 9.8018e-01 9.9926e+04 1.2354e+00 2.4505e+00
4.2157e+01 9.9905e+04 1.5564e-05 9.7581e-01 9.9905e+04 1.5549e+00 2.4395e+00
4.2549e+01 9.9878e+04 1.9421e-05 9.7075e-01 9.9878e+04 1.9397e+00 2.4269e+00
4.2941e+01 9.9845e+04 2.4023e-05 9.6497e-01 9.9845e+04 2.3986e+00 2.4124e+00
4.3333e+01 9.9805e+04 2.9463e-05 9.5842e-01 9.9805e+04 2.9405e+00 2.3961e+00
4.3725e+01 9.9756e+04 3.5830e-05 9.5108e-01 9.9756e+04 3.5743e+00 2.3778e+00
4.4118e+01 9.9698e+04 4.3216e-05 9.4294e-01 9.9698e+04 4.3085e+00 2.3575e+00
4.4510e+01 9.9628e+04 5.1706e-05 9.3402e-01 9.9628e+04 5.1514e+00 2.3352e+00
4.4902e+01 9.9546e+04 6.1380e-05 9.2432e-01 9.9546e+04 6.1102e+00 2.3110e+00
4.5294e+01 9.9450e+04 7.2311e-05 9.1388e-01 9.9450e+04 7.1913e+00 2.2850e+00
4.5686e+01 9.9338e+04 8.4558e-05 9.0275e-01 9.9338e+04 8.3998e+00 2.2572e+00
4.6078e+01 9.9209e+04 9.8182e-05 8.9100e-01 9.9209e+04 9.7406e+00 2.2280e+00
4.6471e+01 9.9060e+04 1.1315e-04 8.7868e-01 9.9060e+04 1.1208e+01 2.1973e+00
4.6863e+01 9.8900e+04 1.2986e-04 8.6602e-01 9.8900e+04 1.2843e+01 2.1659e+00
4.7255e+01 9.8675e+04 1.4648e-04 8.5247e-01 9.8675e+04 1.4454e+01 2.1322e+00
4.7647e+01 9.8602e+04 1.7066e-04 8.4081e-01 9.8602e+04 1.6827e+01 2.1035e+00
4.8039e+01 9.7908e+04 1.7532e-04 8.2194e-01 9.7908e+04 1.7166e+01 2.0564e+00
4.8431e+01 9.8825e+04 2.3793e-04 8.2224e-01 9.8825e+04 2.3513e+01 2.0584e+00
4.8824e+01 9.6313e+04 1.8348e-04 7.8328e-01 9.6313e+04 1.7671e+01 1.9598e+00
4.9216e+01 9.8113e+04 3.0303e-04 8.0175e-01 9.8113e+04 2.9731e+01 2.0089e+00
4.9608e+01 1.0769e+05 2.6664e-04 7.6866e-01 1.0769e+05 2.8714e+01 1.9255e+00
5.0000e+01 1.7582e+04 2.9653e-04 7.6595e-01 1.7582e+04 5.2136e+00 1.9157e+00
5.0392e+01 1.0614e+04 4.2791e-04 7.6732e-01 1.0614e+04 4.5418e+00 1.9193e+00
5.0784e+01 1.0601e+04 5.7776e-04 7.6637e-01 1.0601e+04 6.1246e+00 1.9177e+00
5.1176e+01 1.1130e+04 5.8983e-04 7.5312e-01 1.1130e+04 6.5651e+00 1.8847e+00
5.1569e+01 1.1491e+04 7.4475e-04 7.5844e-01 1.1491e+04 8.5580e+00 1.8993e+00
5.1961e+01 1.2083e+04 9.9149e-04 7.7655e-01 1.2083e+04 1.1981e+01 1.9473e+00
5.2353e+01 1.2456e+04 1.2398e-03 7.9774e-01 1.2456e+04 1.5443e+01 2.0039e+00
5.2745e+01 1.2758e+04 1.3626e-03 8.0596e-01 1.2758e+04 1.7384e+01 2.0268e+00
5.3137e+01 1.2817e+04 1.4076e-03 8.0620e-01 1.2817e+04 1.8041e+01 2.0282e+00
5.3529e+01 1.2872e+04 1.4006e-03 8.0096e-01 1.2872e+04 1.8028e+01 2.0150e+00
5.3922e+01 1.2854e+04 1.3951e-03 7.9626e-01 1.2854e+04 1.7932e+01 2.0032e+00
5.4314e+01 1.2873e+04 1.3809e-03 7.9042e-01 1.2873e+04 1.7776e+01 1.9883e+00
5.4706e+01 1.2861e+04 1.3714e-03 7.8489e-01 1.2861e+04 1.7638e+01 1.9743e+00
5.5098e+01 1.2870e+04 1.3567e-03 7.7856e-01 1.2870e+04 1.7461e+01 1.9582e+00
5.5490e+01 1.2864e+04 1.3442e-03 7.7222e-01 1.2864e+04 1.7291e+01 1.9422e+00
5.5882e+01 1.2867e+04 1.3283e-03 7.6529e-01 1.2867e+04 1.7091e+01 1.9246e+00
5.6275e+01 1.2862e+04 1.3133e-03 7.5818e-01 1.2862e+04 1.6892e+01 1.9065e+00
5.6667e+01 1.2862e+04 1.2962e-03 7.5057e-01 1.2862e+04 1.6671e+01 1.8872e+00
5.7059e+01 1.2857e+04 1.2790e-03 7.4269e-01 1.2857e+04 1.6444e+01 1.8672e+00
5.7451e+01 1.2855e+04 1.2604e-03 7.3438e-01 1.2855e+04 1.6201e+01 1.8462e+00
5.7843e+01 1.2850e+04 1.2413e-03 7.2575e-01 1.2850e+04 1.5951e+01 1.8243e+00
5.8235e+01 1.2846e+04 1.2211e-03 7.1672e-01 1.2846e+04 1.5687e+01 1.8014e+00
5.8627e+01 1.2841e+04 1.2004e-03 7.0734e-01 1.2841e+04 1.5414e+01 1.7776e+00
5.9020e+01 1.2836e+04 1.1786e-03 6.9757e-01 1.2836e+04 1.5129e+01 1.7528e+00
5.9412e+01 1.2830e+04 1.1562e-03 6.8744e-01 1.2830e+04 1.4834e+01 1.7272e+00
5.9804e+01 1.2824e+04 1.1329e-03 6.7690e-01 1.2824e+04 1.4528e+01 1.7005e+00
6.0196e+01 1.2818e+04 1.1087e-03 6.6595e-01 1.2818e+04 1.4211e+01 1.6728e+00
6.0588e+01 1.2811e+04 1.0837e-03 6.5458e-01 1.2811e+04 1.3883e+01 1.6440e+00
6.0980e+01 1.2804e+04 1.0578e-03 6.4275e-01 1.2804e+04 1.3543e+01 1.6140e+00
6.1373e+01 1.2796e+04 1.0309e-03 6.3043e-01 1.2796e+04 1.3191e+01 1.5829e+00
6.1765e+01 1.2788e+04 1.0030e-03 6.1760e-01 1.2788e+04 1.2827e+01 1.5504e+00
6.2157e+01 1.2780e+04 9.7412e-04 6.0423e-01 1.2780e+04 1.2449e+01 1.5166e+00
6.2549e+01 1.2771e+04 9.4415e-04 5.9026e-01 1.2771e+04 1.2058e+01 1.4814e+00
6.2941e+01 1.2762e+04 9.1307e-04 5.7568e-01 1.2762e+04 1.1653e+01 1.4445e+00
6.3333e+01 1.2753e+04 8.8082e-04 5.6044e-01 1.2753e+04 1.1233e+01 1.4060e+00
6.3725e+01 1.2743e+04 8.4737e-04 5.4450e-01 1.2743e+04 1.0798e+01 1.3658e+00
6.4118e+01 1.2733e+04 8.1266e-04 5.2782e-01 1.2733e+04 1.0347e+01 1.3238e+00
6.4510e+01 1.2722e+04 7.7666e-04 5.1036e-01 1.2722e+04 9.8807e+00 1.2797e+00
6.4902e+01 1.2711e+04 7.3933e-04 4.9209e-01 1.2711e+04 9.3976e+00 1.2337e+00
6.5294e+01 1.2699e+04 7.0062e-04 4.7296e-01 1.2699e+04 8.8975e+00 1.1855e+00
6.5686e+01 1.2688e+04 6.6049e-04 4.5294e-01 1.2688e+04 8.3801e+00 1.1351e+00
6.6078e+01 1.2675e+04 6.1890e-04 4.3197e-01 1.2675e+04 7.8448e+00 1.0823e+00
6.6471e+01 1.2663e+04 5.7581e-04 4.1001e-01 1.2663e+04 7.2913e+00 1.0271e+00
6.6863e+01 1.2650e+04 5.3117e-04 3.8702e-01 1.2650e+04 6.7191e+00 9.6935e-01
6.7255e+01 1.2636e+04 4.8493e-04 3.6296e-01 1.2636e+04 6.1276e+00 9.0888e-01
6.7647e+01 1.2622e+04 4.3703e-04 3.3775e-01 1.2622e+04 5.5164e+00 8.4559e-01
6.8039e+01 1.2608e+04 3.8742e-04 3.1136e-01 1.2608e+04 4.8846e+00 7.7934e-01
6.8431e+01 1.2593e+04 3.3605e-04 2.8371e-01 1.2593e+04 4.2320e+00 7.0998e-01
6.8824e+01 1.2578e+04 2.8296e-04 2.5480e-01 1.2578e+04 3.5592e+00 6.3750e-01
6.9216e+01 1.2563e+04 2.2857e-04 2.2482e-01 1.2563e+04 2.8715e+00 5.6237e-01
6.9608e+01 1.2548e+04 1.7417e-04 1.9450e-01 1.2548e+04 2.1855e+00 4.8645e-01
7.0000e+01 1.2534e+04 1.2256e-04 1.6558e-01 1.2534e+04 1.5362e+00 4.1405e-01
7.0392e+01 1.2522e+04 7.7931e-05 1.4073e-01 1.2522e+04 9.7583e-01 3.5185e-01
7.0784e+01 1.2513e+04 4.4107e-05 1.2233e-01 1.2513e+04 5.5189e-01 3.0583e-01
7.1176e+01 1.2506e+04 2.2212e-05 1.1088e-01 1.2506e+04 2.7779e-01 2.7720e-01
7.1569e+01 1.2503e+04 1.0125e-05 1.0483e-01 1.2503e+04 1.2659e-01 2.6207e-01
7.1961e+01 1.2501e+04 4.2974e-06 1.0202e-01 1.2501e+04 5.3724e-02 2.5504e-01
7.2353e+01 1.2501e+04 1.7469e-06 1.0081e-01 1.2501e+04 2.1837e-02 2.5203e-01
7.2745e+01 1.2500e+04 6.9368e-07 1.0032e-01 1.2500e+04 8.6712e-03 2.5081e-01
7.3137e+01 1.2500e+04 2.7207e-07 1.0013e-01 1.2500e+04 3.4009e-03 2.5032e-01
7.3529e+01 1.2500e+04 1.0594e-07 1.0005e-01 1.2500e+04 1.3242e-03 2.5012e-01
7.3922e+01 1.2500e+04 4.1042e-08 1.0002e-01 1.2500e+04 5.1303e-04 2.5005e-01
7.4314e+01 1.2500e+04 1.5834e-08 1.0001e-01 1.2500e+04 1.9792e-04 2.5002e-01
7.4706e+01 1.2500e+04 6.0850e-09 1.0000e-01 1.2500e+04 7.6062e-05 2.5001e-01
7.5098e+01 1.2500e+04 2.3297e-09 1.0000e-01 1.2500e+04 2.9121e-05 2.5000e-01
7.5490e+01 1.2500e+04 8.8863e-10 1.0000e-01 1.2500e+04 1.1108e-05 2.5000e-01
7.5882e+01 1.2500e+04 3.3769e-10 1.0000e-01 1.2500e+04 4.2212e-06 2.5000e-01
7.6275e+01 1.2500e+04 1.2785e-10 1.0000e-01 1.2500e+04 1.5981e-06 2.5000e-01
7.6667e+01 1.2500e+04 4.8220e-11 1.0000e-01 1.2500e+04 6.0275e-07 2.5000e-01
7.7059e+01 1.2500e+04 1.8118e-11 1.0000e-01 1.2500e+04 2.2647e-07 2.5000e-01
7.7451e+01 1.2500e+04 6.7813e-12 1.0000e-01 1.2500e+04 8.4766e-08 2.5000e-01
7.7843e+01 1.2500e+04 2.5284e-12 1.0000e-01 1.2500e+04 3.1605e-08 2.5000e-01
7.8235e+01 1.2500e+04 9.3907e-13 1.0000e-01 1.2500e+04 1.1738e-08 2.5000e-01
7.8627e+01 1.2500e+04 3.4741e-13 1.0000e-01 1.2500e+04 4.3427e-09 2.5000e-01
7.9020e+01 1.2500e+04 1.2802e-13 1.0000e-01 1.2500e+04 1.6003e-09 2.5000e-01
7.9412e+01 1.2500e+04 4.6988e-14 1.0000e-01 1.2500e+04 5.8735e-10 2.5000e-01
7.9804e+01 1.2500e+04 1.7177e-14 1.0000e-01 1.2500e+04 2.1471e-10 2.5000e-01
8.0196e+01 1.2500e+04 6.2527e-15 1.0000e-01 1.2500e+04 7.8159e-11 2.5000e-01
8.0588e+01 1.2500e+04 2.2658e-15 1.0000e-01 1.2500e+04 2.8323e-11 2.5000e-01
8.0980e+01 1.2500e+04 8.1680e-16 1.0000e-01 1.2500e+04 1.0210e-11 2.5000e-01
8.1373e+01 1.2500e+04 2.9214e-16 1.0000e-01 1.2500e+04 3.6517e-12 2.5000e-01
8.1765e+01 1.2500e+04 1.0296e-16 1.0000e-01 1.2500e+04 1.2870e-12 2.5000e-01
8.2157e+01 1.2500e+04 3.5308e-17 1.0000e-01 1.2500e+04 4.4135e-13 2.5000e-01
8.2549e+01 1.2500e+04 1.1236e-17 1.0000e-01 1.2500e+04 1.4045e-13 2.5000e-01
8.2941e+01 1.2500e+04 2.8472e-18 1.0000e-01 1.2500e+04 3.5590e-14 2.5000e-01
8.3333e+01 1.2500e+04 2.6612e-19 1.0000e-01 1.2500e+04 3.3265e-15 2.5000e-01
8.3725e+01 1.2500e+04 2.2649e-21 1.0000e-01 1.2500e+04 2.8311e-17 2.5000e-01
8.4118e+01 1.2500e+04 0.0000e+00 1.0000e-01 1.2500e+04 0.0000e+00 2.5000e-01
8.4510e+01 1.2500e+04 0.0000e+00 1.0000e-01 1.2500e+04 0.0000e+00 2.5000e-01
8.4902e+01 1.2500e+04 0.0000e+00 1.0000e-01 1.2500e+04 0.0000e+00 2.5000e-01
8.5294e+01 1.2500e+04 0.0000e+00 1.0000e-01 1.2500e+04 0.0000e+00 2.5000e-01
8.5686e+01 1.2500e+04 0.0000e+00 1.0000e-01 1.2500e+04 0.0000e+00 2.5000e-01
8.6078e+01 1.2500e+04 0.0000e+00 1.0000e-01 1.2500e+04 0.0000e+00 2.5000e-01
8.6471e+01 1.2500e+04 0.0000e+00 1.0000e-01 1.2500e+04 0.0000e+00 2.5000e-01
8.6863e+01 1.2500e+04 0.0000e+00 1.0000e-01 1.2500e+04 0.0000e+00 2.5000e-01
8.7255e+01 1.2500e+04 0.0000e+00 1.0000e-01 1.2500e+04 0.0000e+00 2.5000e-01
8.7647e+01 1.2500e+04 0.0000e+00 1.0000e-01 1.2500e+04 0.0000e+00 2.5000e-01
8.8039e+01 1.2500e+04 0.0000e+00 1.0000e-01 1.2500e+04 0.0000e+00 2.5000e-01
8.8431e+01 1.2500e+04 0.0000e+00 1.0000e-01 1.2500e+04 0.0000e+00 2.5000e-01
8.8824e+01 1.2500e+04 0.0000e+00 1.0000e-01 1.2500e+04 0.0000e+00 2.5000e-01
8.9216e+01 1.2500e+04 0.0000e+00 1.0000e-01 1.2500e+04 0.0000e+00 2.5000e-01
8.9608e+01 1.2500e+04 0.0000e+00 1.0000e-01 1.2500e+04 0.0000e+00 2.5000e-01
9.0000e+01 1.2500e+04 0.0000e+00 1.0000e-01 1.2500e+04 0.0000e+00 2.5000e-01
9.0392e+01 1.2500e+04 0.0000e+00 1.0000e-01 1.2500e+04 0.0000e+00 2.5000e-01
9.0784e+01 1.2500e+04 0.0000e+00 1.0000e-01 1.2500e+04 0.0000e+00 2.5000e-01
9.1176e+01 1.2500e+04 0.0000e+00 1.0000e-01 1.2500e+04 0.0000e+00 2.5000e-01
9.1569e+01 1.2500e+04 0.0000e+00 1.0000e-01 1.2500e+04 0.0000e+00 2.5000e-01
9.1961e+01 1.2500e+04 0.0000e+00 1.0000e-01 1.2500e+04 0.0000e+00 2.5000e-01
9.2353e+01 1.2500e+04 0.0000e+00 1.0000e-01 1.2500e+04 0.0000e+00 2.5000e-01
9.2745e+01 1.2500e+04 0.0000e+00 1.0000e-01 1.2500e+04 0.0000e+00 2.5000e-01
9.3137e+01 1.2500e+04 0.0000e+00 1.0000e-01 1.2500e+04 0.0000e+00 2.5000e-01
9.3529e+01 1.2500e+04 0.0000e+00 1.0000e-01 1.2500e+04 0.0000e+00 2.5000e-01
9.3922e+01 1.2500e+04 0.0000e+00 1.0000e-01 1.2500e+04 0.0000e+00 2.5000e-01
9.4314e+01 1.2500e+04 0.0000e+00 1.0000e-01 1.2500e+04 0.0000e+00 2.5000e-01
9.4706e+01 1.2500e+04 0.0000e+00 1.0000e-01 1.2500e+04 0.0000e+00 2.5000e-01
9.5098e+01 1.2500e+04 0.0000e+00 1.0000e-01 1.2500e+04 0.0000e+00 2.5000e-01
9.5490e+01 1.2500e+04 0.0000e+00 1.0000e-01 1.2500e+04 0.0000e+00 2.5000e-01
9.5882e+01 1.2500e+04 0.0000e+00 1.0000e-01 1.2500e+04 0.0000e+00 2.5000e-01
9.6275e+01 1.2500e+04 0.0000e+00 1.0000e-01 1.2500e+04 0.0000e+00 2.5000e-01
9.6667e+01 1.2500e+04 0.0000e+00 1.0000e-01 1.2500e+04 0.0000e+00 2.5000e-01
9.7059e+01 1.2500e+04 0.0000e+00 1.0000e-01 1.2500e+04 0.0000e+00 2.5000e-01
9.7451e+01 1.2500e+04 0.0000e+00 1.0000e-01 1.2500e+04 0.0000e+00 2.5000e-01
9.7843e+01 1.2500e+04 0.0000e+00 1.0000e-01 1.2500e+04 0.0000e+00 2.5000e-01
9.8235e+01 1.2500e+04 0.0000e+00 1.0000e-01 1.2500e+04 0.0000e+00 2.5000e-01
9.8627e+01 1.2500e+04 0.0000e+00 1.0000e-01 1.2500e+04 0.0000e+00 2.5000e-01
9.9020e+01 1.2500e+04 0.0000e+00 1.0000e-01 1.2500e+04 0.0000e+00 2.5000e-01
9.9412e+01 1.2500e+04 0.0000e+00 1.0000e-01 1.2500e+04 0.0000e+00 2.5000e-01
9.9804e+01 1.2500e+04 0.0000e+00 1.0000e-01 1.2500e+04 0.0000e+00 2.5000e-01
