# # x Density Velocity Pressure q0 q1 q2
1.9608e-01 1.0000e+05 0.0000e+00 1.0000e+00 1.0000e+05 0.0000e+00 2.5000e+00
5.8824e-01 1.0000e+05 0.0000e+00 1.0000e+00 1.0000e+05 0.0000e+00 2.5000e+00
9.8039e-01 1.0000e+05 0.0000e+00 1.0000e+00 1.0000e+05 0.0000e+00 2.5000e+00
1.3725e+00 1.0000e+05 0.0000e+00 1.0000e+00 1.0000e+05 0.0000e+00 2.5000e+00
1.7647e+00 1.0000e+05 0.0000e+00 1.0000e+00 1.0000e+05 0.0000e+00 2.5000e+00
2.1569e+00 1.0000e+05 0.0000e+00 1.0000e+00 1.0000e+05 0.0000e+00 2.5000e+00
2.5490e+00 1.0000e+05 0.0000e+00 1.0000e+00 1.0000e+05 0.0000e+00 2.5000e+00
2.9412e+00 1.0000e+05 0.0000e+00 1.0000e+00 1.0000e+05 0.0000e+00 2.5000e+00
3.3333e+00 1.0000e+05 0.0000e+00 1.0000e+00 1.0000e+05 0.0000e+00 2.5000e+00
3.7255e+00 1.0000e+05 0.0000e+00 1.0000e+00 1.0000e+05 0.0000e+00 2.5000e+00
4.1176e+00 1.0000e+05 0.0000e+00 1.0000e+00 1.0000e+05 0.0000e+00 2.5000e+00
4.5098e+00 1.0000e+05 0.0000e+00 1.0000e+00 1.0000e+05 0.0000e+00 2.5000e+00
4.9020e+00 1.0000e+05 0.0000e+00 1.0000e+00 1.0000e+05 0.0000e+00 2.5000e+00
5.2941e+00 1.0000e+05 0.0000e+00 1.0000e+00 1.0000e+05 0.0000e+00 2.5000e+00
5.6863e+00 1.0000e+05 0.0000e+00 1.0000e+00 1.0000e+05 0.0000e+00 2.5000e+00
6.0784e+00 1.0000e+05 0.0000e+00 1.0000e+00 1.0000e+05 0.0000e+00 2.5000e+00
6.4706e+00 1.0000e+05 0.0000e+00 1.0000e+00 1.0000e+05 0.0000e+00 2.5000e+00
6.8627e+00 1.0000e+05 0.0000e+00 1.0000e+00 1.0000e+05 0.0000e+00 2.5000e+00
7.2549e+00 1.0000e+05 0.0000e+00 1.0000e+00 1.0000e+05 0.0000e+00 2.5000e+00
7.6471e+00 1.0000e+05 0.0000e+00 1.0000e+00 1.0000e+05 0.0000e+00 2.5000e+00
8.0392e+00 1.0000e+05 0.0000e+00 1.0000e+00 1.0000e+05 0.0000e+00 2.5000e+00
8.4314e+00 1.0000e+05 0.0000e+00 1.0000e+00 1.0000e+05 0.0000e+00 2.5000e+00
8.8235e+00 1.0000e+05 0.0000e+00 1.0000e+00 1.0000e+05 0.0000e+00 2.5000e+00
9.2157e+00 1.0000e+05 0.0000e+00 1.0000e+00 1.0000e+05 0.0000e+00 2.5000e+00
9.6078e+00 1.0000e+05 0.0000e+00 1.0000e+00 1.0000e+05 0.0000e+00 2.5000e+00
1.0000e+01 1.0000e+05 0.0000e+00 1.0000e+00 1.0000e+05 0.0000e+00 2.5000e+00
1.0392e+01 1.0000e+05 0.0000e+00 1.0000e+00 1.0000e+05 0.0000e+00 2.5000e+00
1.0784e+01 1.0000e+05 0.0000e+00 1.0000e+00 1.0000e+05 0.0000e+00 2.5000e+00
1.1176e+01 1.0000e+05 0.0000e+00 1.0000e+00 1.0000e+05 0.0000e+00 2.5000e+00
1.1569e+01 1.0000e+05 0.0000e+00 1.0000e+00 1.0000e+05 0.0000e+00 2.5000e+00
1.1961e+01 1.0000e+05 0.0000e+00 1.0000e+00 1.0000e+05 0.0000e+00 2.5000e+00
1.2353e+01 1.0000e+05 0.0000e+00 1.0000e+00 1.0000e+05 0.0000e+00 2.5000e+00
1.2745e+01 1.0000e+05 0.0000e+00 1.0000e+00 1.0000e+05 0.0000e+00 2.5000e+00
1.3137e+01 1.0000e+05 0.0000e+00 1.0000e+00 1.0000e+05 0.0000e+00 2.5000e+00
1.3529e+01 1.0000e+05 0.0000e+00 1.0000e+00 1.0000e+05 0.0000e+00 2.5000e+00
1.3922e+01 1.0000e+05 0.0000e+00 1.0000e+00 1.0000e+05 0.0000e+00 2.5000e+00
1.4314e+01 1.0000e+05 0.0000e+00 1.0000e+00 1.0000e+05 0.0000e+00 2.5000e+00
1.4706e+01 1.0000e+05 0.0000e+00 1.0000e+00 1.0000e+05 0.0000e+00 2.5000e+00
1.5098e+01 1.0000e+05 0.0000e+00 1.0000e+00 1.0000e+05 0.0000e+00 2.5000e+00
1.5490e+01 1.0000e+05 0.0000e+00 1.0000e+00 1.0000e+05 0.0000e+00 2.5000e+00
1.5882e+01 1.0000e+05 0.0000e+00 1.0000e+00 1.0000e+05 0.0000e+00 2.5000e+00
1.6275e+01 1.0000e+05 0.0000e+00 1.0000e+00 1.0000e+05 0.0000e+00 2.5000e+00
1.6667e+01 1.0000e+05 0.0000e+00 1.0000e+00 1.0000e+05 0.0000e+00 2.5000e+00
1.7059e+01 1.0000e+05 0.0000e+00 1.0000e+00 1.0000e+05 0.0000e+00 2.5000e+00
1.7451e+01 1.0000e+05 0.0000e+00 1.0000e+00 1.0000e+05 0.0000e+00 2.5000e+00
1.7843e+01 1.0000e+05 3.0009e-20 1.0000e+00 1.0000e+05 3.0009e-15 2.5000e+00
1.8235e+01 1.0000e+05 5.4017e-19 1.0000e+00 1.0000e+05 5.4017e-14 2.5000e+00
1.8627e+01 1.0000e+05 2.3158e-18 1.0000e+00 1.0000e+05 2.3158e-13 2.5000e+00
1.9020e+01 1.0000e+05 5.5393e-18 1.0000e+00 1.0000e+05 5.5393e-13 2.5000e+00
1.9412e+01 1.0000e+05 1.0902e-17 1.0000e+00 1.0000e+05 1.0902e-12 2.5000e+00
1.9804e+01 1.0000e+05 2.0628e-17 1.0000e+00 1.0000e+05 2.0628e-12 2.5000e+00
2.0196e+01 1.0000e+05 3.9245e-17 1.0000e+00 1.0000e+05 3.9245e-12 2.5000e+00
2.0588e+01 1.0000e+05 7.6377e-17 1.0000e+00 1.0000e+05 7.6377e-12 2.5000e+00
2.0980e+01 1.0000e+05 1.5075e-16 1.0000e+00 1.0000e+05 1.5075e-11 2.5000e+00
2.1373e+01 1.0000e+05 2.9938e-16 1.0000e+00 1.0000e+05 2.9938e-11 2.5000e+00
2.1765e+01 1.0000e+05 5.9490e-16 1.0000e+00 1.0000e+05 5.9490e-11 2.5000e+00
2.2157e+01 1.0000e+05 1.1780e-15 1.0000e+00 1.0000e+05 1.1780e-10 2.5000e+00
2.2549e+01 1.0000e+05 2.3192e-15 1.0000e+00 1.0000e+05 2.3192e-10 2.5000e+00
2.2941e+01 1.0000e+05 4.5319e-15 1.0000e+00 1.0000e+05 4.5319e-10 2.5000e+00
2.3333e+01 1.0000e+05 8.7875e-15 1.0000e+00 1.0000e+05 8.7875e-10 2.5000e+00
2.3725e+01 1.0000e+05 1.6902e-14 1.0000e+00 1.0000e+05 1.6902e-09 2.5000e+00
2.4118e+01 1.0000e+05 3.2237e-14 1.0000e+00 1.0000e+05 3.2237e-09 2.5000e+00
2.4510e+01 1.0000e+05 6.0966e-14 1.0000e+00 1.0000e+05 6.0966e-09 2.5000e+00
2.4902e+01 1.0000e+05 1.1432e-13 1.0000e+00 1.0000e+05 1.1432e-08 2.5000e+00
2.5294e+01 1.0000e+05 2.1253e-13 1.0000e+00 1.0000e+05 2.1253e-08 2.5000e+00
2.5686e+01 1.0000e+05 3.9172e-13 1.0000e+00 1.0000e+05 3.9172e-08 2.5000e+00
2.6078e+01 1.0000e+05 7.1573e-13 1.0000e+00 1.0000e+05 7.1573e-08 2.5000e+00
2.6471e+01 1.0000e+05 1.2964e-12 1.0000e+00 1.0000e+05 1.2964e-07 2.5000e+00
2.6863e+01 1.0000e+05 2.3278e-12 1.0000e+00 1.0000e+05 2.3278e-07 2.5000e+00
2.7255e+01 1.0000e+05 4.1433e-12 1.0000e+00 1.0000e+05 4.1433e-07 2.5000e+00
2.7647e+01 1.0000e+05 7.3099e-12 1.0000e+00 1.0000e+05 7.3099e-07 2.5000e+00
2.8039e+01 1.0000e+05 1.2783e-11 1.0000e+00 1.0000e+05 1.2783e-06 2.5000e+00
2.8431e+01 1.0000e+05 2.2157e-11 1.0000e+00 1.0000e+05 2.2157e-06 2.5000e+00
2.8824e+01 1.0000e+05 3.8065e-11 1.0000e+00 1.0000e+05 3.8065e-06 2.5000e+00
2.9216e+01 1.0000e+05 6.4813e-11 1.0000e+00 1.0000e+05 6.4813e-06 2.5000e+00
2.9608e+01 1.0000e+05 1.0937e-10 1.0000e+00 1.0000e+05 1.0937e-05 2.5000e+00
3.0000e+01 1.0000e+05 1.8292e-10 1.0000e+00 1.0000e+05 1.8292e-05 2.5000e+00
3.0392e+01 1.0000e+05 3.0316e-10 1.0000e+00 1.0000e+05 3.0316e-05 2.5000e+00
3.0784e+01 1.0000e+05 4.9794e-10 1.0000e+00 1.0000e+05 4.9794e-05 2.5000e+00
3.1176e+01 1.0000e+05 8.1046e-10 1.0000e+00 1.0000e+05 8.1046e-05 2.5000e+00
3.1569e+01 1.0000e+05 1.3072e-09 1.0000e+00 1.0000e+05 1.3072e-04 2.5000e+00
3.1961e+01 1.0000e+05 2.0892e-09 9.9999e-01 1.0000e+05 2.0892e-04 2.5000e+00
3.2353e+01 1.0000e+05 3.3087e-09 9.9999e-01 1.0000e+05 3.3087e-04 2.5000e+00
3.2745e+01 1.0000e+05 5.1922e-09 9.9999e-01 1.0000e+05 5.1922e-04 2.5000e+00
3.3137e+01 1.0000e+05 8.0732e-09 9.9998e-01 1.0000e+05 8.0732e-04 2.4999e+00
3.3529e+01 1.0000e+05 1.2438e-08 9.9997e-01 1.0000e+05 1.2438e-03 2.4999e+00
3.3922e+01 1.0000e+05 1.8985e-08 9.9995e-01 1.0000e+05 1.8985e-03 2.4999e+00
3.4314e+01 1.0000e+05 2.8713e-08 9.9993e-01 1.0000e+05 2.8713e-03 2.4998e+00
3.4706e+01 1.0000e+05 4.3023e-08 9.9989e-01 1.0000e+05 4.3023e-03 2.4997e+00
3.5098e+01 1.0000e+05 6.3870e-08 9.9984e-01 1.0000e+05 6.3870e-03 2.4996e+00
3.5490e+01 1.0000e+05 9.3938e-08 9.9977e-01 1.0000e+05 9.3938e-03 2.4994e+00
3.5882e+01 9.9999e+04 1.3688e-07 9.9968e-01 9.9999e+04 1.3688e-02 2.4992e+00
3.6275e+01 9.9999e+04 1.9759e-07 9.9955e-01 9.9999e+04 1.9759e-02 2.4989e+00
3.6667e+01 9.9999e+04 2.8259e-07 9.9936e-01 9.9999e+04 2.8258e-02 2.4984e+00
3.7059e+01 9.9998e+04 4.0037e-07 9.9912e-01 9.9998e+04 4.0036e-02 2.4978e+00
3.7451e+01 9.9997e+04 5.6196e-07 9.9879e-01 9.9997e+04 5.6195e-02 2.4970e+00
3.7843e+01 9.9996e+04 7.8141e-07 9.9836e-01 9.9996e+04 7.8139e-02 2.4959e+00
3.8235e+01 9.9995e+04 1.0764e-06 9.9780e-01 9.9995e+04 1.0764e-01 2.4945e+00
3.8627e+01 9.9993e+04 1.4691e-06 9.9707e-01 9.9993e+04 1.4689e-01 2.4927e+00
3.9020e+01 9.9990e+04 1.9862e-06 9.9614e-01 9.9990e+04 1.9860e-01 2.4904e+00
3.9412e+01 9.9986e+04 2.6605e-06 9.9497e-01 9.9986e+04 2.6602e-01 2.4874e+00
3.9804e+01 9.9981e+04 3.5308e-06 9.9350e-01 9.9981e+04 3.5302e-01 2.4837e+00
4.0196e+01 9.9975e+04 4.6427e-06 9.9168e-01 9.9975e+04 4.6415e-01 2.4792e+00
4.0588e+01 9.9966e+04 6.0487e-06 9.8947e-01 9.9966e+04 6.0466e-01 2.4737e+00
4.0980e+01 9.9955e+04 7.8087e-06 9.8679e-01 9.9955e+04 7.8052e-01 2.4670e+00
4.1373e+01 9.9942e+04 9.9899e-06 9.8360e-01 9.9942e+04 9.9840e-01 2.4590e+00
4.1765e+01 9.9924e+04 1.2666e-05 9.7982e-01 9.9924e+04 1.2656e+00 2.4496e+00
4.2157e+01 9.9902e+04 1.5917e-05 9.7541e-01 9.9902e+04 1.5901e+00 2.4385e+00
4.2549e+01 9.9875e+04 1.9827e-05 9.7032e-01 9.9875e+04 1.9802e+00 2.4258e+00
4.2941e+01 9.9841e+04 2.4486e-05 9.6450e-01 9.9841e+04 2.4447e+00 2.4113e+00
4.3333e+01 9.9800e+04 2.9984e-05 9.5792e-01 9.9800e+04 2.9924e+00 2.3949e+00
4.3725e+01 9.9751e+04 3.6411e-05 9.5056e-01 9.9751e+04 3.6320e+00 2.3765e+00
4.4118e+01 9.9692e+04 4.3857e-05 9.4241e-01 9.9692e+04 4.3721e+00 2.3561e+00
4.4510e+01 9.9621e+04 5.2406e-05 9.3347e-01 9.9621e+04 5.2207e+00 2.3338e+00
4.4902e+01 9.9538e+04 6.2138e-05 9.2377e-01 9.9538e+04 6.1851e+00 2.3096e+00
4.5294e+01 9.9441e+04 7.3123e-05 9.1333e-01 9.9441e+04 7.2714e+00 2.2836e+00
4.5686e+01 9.9328e+04 8.5419e-05 9.0222e-01 9.9328e+04 8.4845e+00 2.2559e+00
4.6078e+01 9.9198e+04 9.9089e-05 8.9048e-01 9.9198e+04 9.8294e+00 2.2267e+00
4.6471e+01 9.9048e+04 1.1409e-04 8.7819e-01 9.9048e+04 1.1300e+01 2.1961e+00
4.6863e+01 9.8887e+04 1.3085e-04 8.6556e-01 9.8887e+04 1.2939e+01 2.1648e+00
4.7255e+01 9.8660e+04 1.4742e-04 8.5204e-01 9.8660e+04 1.4544e+01 2.1312e+00
4.7647e+01 9.8591e+04 1.7182e-04 8.4049e-01 9.8591e+04 1.6940e+01 2.1027e+00
4.8039e+01 9.7883e+04 1.7598e-04 8.2152e-01 9.7883e+04 1.7225e+01 2.0553e+00
4.8431e+01 9.8823e+04 2.3942e-04 8.2216e-01 9.8823e+04 2.3660e+01 2.0582e+00
4.8824e+01 9.6290e+04 1.8421e-04 7.8305e-01 9.6290e+04 1.7737e+01 1.9593e+00
4.9216e+01 9.8071e+04 3.0355e-04 8.0156e-01 9.8071e+04 2.9769e+01 2.0084e+00
4.9608e+01 1.0778e+05 2.6804e-04 7.6892e-01 1.0778e+05 2.8890e+01 1.9262e+00
5.0000e+01 1.7674e+04 2.9629e-04 7.6580e-01 1.7674e+04 5.2367e+00 1.9153e+00
5.0392e+01 1.0610e+04 4.2684e-04 7.6718e-01 1.0610e+04 4.5290e+00 1.9189e+00
5.0784e+01 1.0593e+04 5.8275e-04 7.6692e-01 1.0593e+04 6.1730e+00 1.9191e+00
5.1176e+01 1.1121e+04 5.9259e-04 7.5347e-01 1.1121e+04 6.5905e+00 1.8856e+00
5.1569e+01 1.1471e+04 7.3612e-04 7.5755e-01 1.1471e+04 8.4439e+00 1.8970e+00
5.1961e+01 1.2057e+04 9.7736e-04 7.7500e-01 1.2057e+04 1.1784e+01 1.9433e+00
5.2353e+01 1.2435e+04 1.2291e-03 7.9653e-01 1.2435e+04 1.5284e+01 2.0007e+00
5.2745e+01 1.2748e+04 1.3591e-03 8.0559e-01 1.2748e+04 1.7326e+01 2.0257e+00
5.3137e+01 1.2814e+04 1.4089e-03 8.0638e-01 1.2814e+04 1.8053e+01 2.0287e+00
5.3529e+01 1.2872e+04 1.4036e-03 8.0132e-01 1.2872e+04 1.8068e+01 2.0160e+00
5.3922e+01 1.2855e+04 1.3983e-03 7.9670e-01 1.2855e+04 1.7974e+01 2.0043e+00
5.4314e+01 1.2874e+04 1.3844e-03 7.9094e-01 1.2874e+04 1.7822e+01 1.9897e+00
5.4706e+01 1.2863e+04 1.3750e-03 7.8549e-01 1.2863e+04 1.7686e+01 1.9759e+00
5.5098e+01 1.2872e+04 1.3605e-03 7.7925e-01 1.2872e+04 1.7512e+01 1.9600e+00
5.5490e+01 1.2865e+04 1.3482e-03 7.7301e-01 1.2865e+04 1.7345e+01 1.9442e+00
5.5882e+01 1.2868e+04 1.3326e-03 7.6618e-01 1.2868e+04 1.7148e+01 1.9269e+00
5.6275e+01 1.2863e+04 1.3178e-03 7.5917e-01 1.2863e+04 1.6952e+01 1.9091e+00
5.6667e+01 1.2863e+04 1.3009e-03 7.5168e-01 1.2863e+04 1.6733e+01 1.8901e+00
5.7059e+01 1.2859e+04 1.2839e-03 7.4391e-01 1.2859e+04 1.6510e+01 1.8704e+00
5.7451e+01 1.2857e+04 1.2655e-03 7.3571e-01 1.2857e+04 1.6270e+01 1.8496e+00
5.7843e+01 1.2852e+04 1.2467e-03 7.2719e-01 1.2852e+04 1.6023e+01 1.8280e+00
5.8235e+01 1.2848e+04 1.2268e-03 7.1828e-01 1.2848e+04 1.5761e+01 1.8054e+00
5.8627e+01 1.2843e+04 1.2062e-03 7.0902e-01 1.2843e+04 1.5492e+01 1.7819e+00
5.9020e+01 1.2838e+04 1.1847e-03 6.9938e-01 1.2838e+04 1.5209e+01 1.7575e+00
5.9412e+01 1.2832e+04 1.1625e-03 6.8937e-01 1.2832e+04 1.4918e+01 1.7321e+00
5.9804e+01 1.2827e+04 1.1394e-03 6.7896e-01 1.2827e+04 1.4615e+01 1.7057e+00
6.0196e+01 1.2820e+04 1.1155e-03 6.6816e-01 1.2820e+04 1.4301e+01 1.6784e+00
6.0588e+01 1.2814e+04 1.0907e-03 6.5693e-01 1.2814e+04 1.3976e+01 1.6499e+00
6.0980e+01 1.2807e+04 1.0651e-03 6.4525e-01 1.2807e+04 1.3640e+01 1.6204e+00
6.1373e+01 1.2799e+04 1.0385e-03 6.3311e-01 1.2799e+04 1.3292e+01 1.5897e+00
6.1765e+01 1.2791e+04 1.0110e-03 6.2046e-01 1.2791e+04 1.2932e+01 1.5577e+00
6.2157e+01 1.2783e+04 9.8242e-04 6.0728e-01 1.2783e+04 1.2558e+01 1.5244e+00
6.2549e+01 1.2774e+04 9.5281e-04 5.9353e-01 1.2774e+04 1.2172e+01 1.4896e+00
6.2941e+01 1.2765e+04 9.2211e-04 5.7917e-01 1.2765e+04 1.1771e+01 1.4533e+00
6.3333e+01 1.2756e+04 8.9027e-04 5.6417e-01 1.2756e+04 1.1356e+01 1.4155e+00
6.3725e+01 1.2746e+04 8.5724e-04 5.4849e-01 1.2746e+04 1.0927e+01 1.3759e+00
6.4118e+01 1.2736e+04 8.2299e-04 5.3210e-01 1.2736e+04 1.0482e+01 1.3346e+00
6.4510e+01 1.2726e+04 7.8747e-04 5.1494e-01 1.2726e+04 1.0021e+01 1.2913e+00
6.4902e+01 1.2715e+04 7.5063e-04 4.9699e-01 1.2715e+04 9.5441e+00 1.2461e+00
6.5294e+01 1.2703e+04 7.1245e-04 4.7820e-01 1.2703e+04 9.0505e+00 1.1987e+00
6.5686e+01 1.2692e+04 6.7287e-04 4.5854e-01 1.2692e+04 8.5398e+00 1.1492e+00
6.6078e+01 1.2680e+04 6.3186e-04 4.3796e-01 1.2680e+04 8.0116e+00 1.0974e+00
6.6471e+01 1.2667e+04 5.8937e-04 4.1641e-01 1.2667e+04 7.4655e+00 1.0432e+00
6.6863e+01 1.2654e+04 5.4535e-04 3.9386e-01 1.2654e+04 6.9010e+00 9.8654e-01
6.7255e+01 1.2641e+04 4.9978e-04 3.7026e-01 1.2641e+04 6.3176e+00 9.2722e-01
6.7647e+01 1.2627e+04 4.5258e-04 3.4555e-01 1.2627e+04 5.7147e+00 8.6516e-01
6.8039e+01 1.2613e+04 4.0370e-04 3.1968e-01 1.2613e+04 5.0918e+00 8.0022e-01
6.8431e+01 1.2598e+04 3.5308e-04 2.9258e-01 1.2598e+04 4.4483e+00 7.3224e-01
6.8824e+01 1.2584e+04 3.0073e-04 2.6423e-01 1.2584e+04 3.7843e+00 6.6115e-01
6.9216e+01 1.2568e+04 2.4688e-04 2.3472e-01 1.2568e+04 3.1029e+00 5.8719e-01
6.9608e+01 1.2553e+04 1.9245e-04 2.0455e-01 1.2553e+04 2.4158e+00 5.1160e-01
7.0000e+01 1.2539e+04 1.3964e-04 1.7503e-01 1.2539e+04 1.7508e+00 4.3770e-01
7.0392e+01 1.2526e+04 9.2240e-05 1.4858e-01 1.2526e+04 1.1554e+00 3.7150e-01
7.0784e+01 1.2515e+04 5.4466e-05 1.2785e-01 1.2515e+04 6.8167e-01 3.1965e-01
7.1176e+01 1.2508e+04 2.8572e-05 1.1413e-01 1.2508e+04 3.5739e-01 2.8533e-01
7.1569e+01 1.2504e+04 1.3465e-05 1.0646e-01 1.2504e+04 1.6837e-01 2.6616e-01
7.1961e+01 1.2502e+04 5.8482e-06 1.0275e-01 1.2502e+04 7.3112e-02 2.5688e-01
7.2353e+01 1.2501e+04 2.4106e-06 1.0112e-01 1.2501e+04 3.0134e-02 2.5281e-01
7.2745e+01 1.2500e+04 9.6502e-07 1.0045e-01 1.2500e+04 1.2063e-02 2.5112e-01
7.3137e+01 1.2500e+04 3.8042e-07 1.0018e-01 1.2500e+04 4.7553e-03 2.5044e-01
7.3529e+01 1.2500e+04 1.4869e-07 1.0007e-01 1.2500e+04 1.8586e-03 2.5017e-01
7.3922e+01 1.2500e+04 5.7789e-08 1.0003e-01 1.2500e+04 7.2236e-04 2.5007e-01
7.4314e+01 1.2500e+04 2.2362e-08 1.0001e-01 1.2500e+04 2.7953e-04 2.5003e-01
7.4706e+01 1.2500e+04 8.6194e-09 1.0000e-01 1.2500e+04 1.0774e-04 2.5001e-01
7.5098e+01 1.2500e+04 3.3098e-09 1.0000e-01 1.2500e+04 4.1373e-05 2.5000e-01
7.5490e+01 1.2500e+04 1.2663e-09 1.0000e-01 1.2500e+04 1.5829e-05 2.5000e-01
7.5882e+01 1.2500e+04 4.8266e-10 1.0000e-01 1.2500e+04 6.0333e-06 2.5000e-01
7.6275e+01 1.2500e+04 1.8329e-10 1.0000e-01 1.2500e+04 2.2912e-06 2.5000e-01
7.6667e+01 1.2500e+04 6.9345e-11 1.0000e-01 1.2500e+04 8.6682e-07 2.5000e-01
7.7059e+01 1.2500e+04 2.6137e-11 1.0000e-01 1.2500e+04 3.2671e-07 2.5000e-01
7.7451e+01 1.2500e+04 9.8140e-12 1.0000e-01 1.2500e+04 1.2267e-07 2.5000e-01
7.7843e+01 1.2500e+04 3.6709e-12 1.0000e-01 1.2500e+04 4.5887e-08 2.5000e-01
7.8235e+01 1.2500e+04 1.3678e-12 1.0000e-01 1.2500e+04 1.7098e-08 2.5000e-01
7.8627e+01 1.2500e+04 5.0771e-13 1.0000e-01 1.2500e+04 6.3464e-09 2.5000e-01
7.9020e+01 1.2500e+04 1.8771e-13 1.0000e-01 1.2500e+04 2.3464e-09 2.5000e-01
7.9412e+01 1.2500e+04 6.9131e-14 1.0000e-01 1.2500e+04 8.6413e-10 2.5000e-01
7.9804e+01 1.2500e+04 2.5358e-14 1.0000e-01 1.2500e+04 3.1697e-10 2.5000e-01
8.0196e+01 1.2500e+04 9.2636e-15 1.0000e-01 1.2500e+04 1.1579e-10 2.5000e-01
8.0588e+01 1.2500e+04 3.3695e-15 1.0000e-01 1.2500e+04 4.2118e-11 2.5000e-01
8.0980e+01 1.2500e+04 1.2197e-15 1.0000e-01 1.2500e+04 1.5246e-11 2.5000e-01
8.1373e+01 1.2500e+04 4.3868e-16 1.0000e-01 1.2500e+04 5.4835e-12 2.5000e-01
8.1765e+01 1.2500e+04 1.5598e-16 1.0000e-01 1.2500e+04 1.9498e-12 2.5000e-01
8.2157e+01 1.2500e+04 5.4350e-17 1.0000e-01 1.2500e+04 6.7938e-13 2.5000e-01
8.2549e+01 1.2500e+04 1.7942e-17 1.0000e-01 1.2500e+04 2.2427e-13 2.5000e-01
8.2941e+01 1.2500e+04 5.1364e-18 1.0000e-01 1.2500e+04 6.4205e-14 2.5000e-01
8.3333e+01 1.2500e+04 9.1670e-19 1.0000e-01 1.2500e+04 1.1459e-14 2.5000e-01
8.3725e+01 1.2500e+04 1.9251e-20 1.0000e-01 1.2500e+04 2.4064e-16 2.5000e-01
8.4118e+01 1.2500e+04 0.0000e+00 1.0000e-01 1.2500e+04 0.0000e+00 2.5000e-01
8.4510e+01 1.2500e+04 0.0000e+00 1.0000e-01 1.2500e+04 0.0000e+00 2.5000e-01
8.4902e+01 1.2500e+04 0.0000e+00 1.0000e-01 1.2500e+04 0.0000e+00 2.5000e-01
8.5294e+01 1.2500e+04 0.0000e+00 1.0000e-01 1.2500e+04 0.0000e+00 2.5000e-01
8.5686e+01 1.2500e+04 0.0000e+00 1.0000e-01 1.2500e+04 0.0000e+00 2.5000e-01
8.6078e+01 1.2500e+04 0.0000e+00 1.0000e-01 1.2500e+04 0.0000e+00 2.5000e-01
8.6471e+01 1.2500e+04 0.0000e+00 1.0000e-01 1.2500e+04 0.0000e+00 2.5000e-01
8.6863e+01 1.2500e+04 0.0000e+00 1.0000e-01 1.2500e+04 0.0000e+00 2.5000e-01
8.7255e+01 1.2500e+04 0.0000e+00 1.0000e-01 1.2500e+04 0.0000e+00 2.5000e-01
8.7647e+01 1.2500e+04 0.0000e+00 1.0000e-01 1.2500e+04 0.0000e+00 2.5000e-01
8.8039e+01 1.2500e+04 0.0000e+00 1.0000e-01 1.2500e+04 0.0000e+00 2.5000e-01
8.8431e+01 1.2500e+04 0.0000e+00 1.0000e-01 1.2500e+04 0.0000e+00 2.5000e-01
8.8824e+01 1.2500e+04 0.0000e+00 1.0000e-01 1.2500e+04 0.0000e+00 2.5000e-01
8.9216e+01 1.2500e+04 0.0000e+00 1.0000e-01 1.2500e+04 0.0000e+00 2.5000e-01
8.9608e+01 1.2500e+04 0.0000e+00 1.0000e-01 1.2500e+04 0.0000e+00 2.5000e-01
9.0000e+01 1.2500e+04 0.0000e+00 1.0000e-01 1.2500e+04 0.0000e+00 2.5000e-01
9.0392e+01 1.2500e+04 0.0000e+00 1.0000e-01 1.2500e+04 0.0000e+00 2.5000e-01
9.0784e+01 1.2500e+04 0.0000e+00 1.0000e-01 1.2500e+04 0.0000e+00 2.5000e-01
9.1176e+01 1.2500e+04 0.0000e+00 1.0000e-01 1.2500e+04 0.0000e+00 2.5000e-01
9.1569e+01 1.2500e+04 0.0000e+00 1.0000e-01 1.2500e+04 0.0000e+00 2.5000e-01
9.1961e+01 1.2500e+04 0.0000e+00 1.0000e-01 1.2500e+04 0.0000e+00 2.5000e-01
9.2353e+01 1.2500e+04 0.0000e+00 1.0000e-01 1.2500e+04 0.0000e+00 2.5000e-01
9.2745e+01 1.2500e+04 0.0000e+00 1.0000e-01 1.2500e+04 0.0000e+00 2.5000e-01
9.3137e+01 1.2500e+04 0.0000e+00 1.0000e-01 1.2500e+04 0.0000e+00 2.5000e-01
9.3529e+01 1.2500e+04 0.0000e+00 1.0000e-01 1.2500e+04 0.0000e+00 2.5000e-01
9.3922e+01 1.2500e+04 0.0000e+00 1.0000e-01 1.2500e+04 0.0000e+00 2.5000e-01
9.4314e+01 1.2500e+04 0.0000e+00 1.0000e-01 1.2500e+04 0.0000e+00 2.5000e-01
9.4706e+01 1.2500e+04 0.0000e+00 1.0000e-01 1.2500e+04 0.0000e+00 2.5000e-01
9.5098e+01 1.2500e+04 0.0000e+00 1.0000e-01 1.2500e+04 0.0000e+00 2.5000e-01
9.5490e+01 1.2500e+04 0.0000e+00 1.0000e-01 1.2500e+04 0.0000e+00 2.5000e-01
9.5882e+01 1.2500e+04 0.0000e+00 1.0000e-01 1.2500e+04 0.0000e+00 2.5000e-01
9.6275e+01 1.2500e+04 0.0000e+00 1.0000e-01 1.2500e+04 0.0000e+00 2.5000e-01
9.6667e+01 1.2500e+04 0.0000e+00 1.0000e-01 1.2500e+04 0.0000e+00 2.5000e-01
9.7059e+01 1.2500e+04 0.0000e+00 1.0000e-01 1.2500e+04 0.0000e+00 2.5000e-01
9.7451e+01 1.2500e+04 0.0000e+00 1.0000e-01 1.2500e+04 0.0000e+00 2.5000e-01
9.7843e+01 1.2500e+04 0.0000e+00 1.0000e-01 1.2500e+04 0.0000e+00 2.5000e-01
9.8235e+01 1.2500e+04 0.0000e+00 1.0000e-01 1.2500e+04 0.0000e+00 2.5000e-01
9.8627e+01 1.2500e+04 0.0000e+00 1.0000e-01 1.2500e+04 0.0000e+00 2.5000e-01
9.9020e+01 1.2500e+04 0.0000e+00 1.0000e-01 1.2500e+04 0.0000e+00 2.5000e-01
9.9412e+01 1.2500e+04 0.0000e+00 1.0000e-01 1.2500e+04 0.0000e+00 2.5000e-01
9.9804e+01 1.2500e+04 0.0000e+00 1.0000e-01 1.2500e+04 0.0000e+00 2.5000e-01
