# # x Density Velocity Pressure q0 q1 q2
1.9608e-01 1.0000e+05 0.0000e+00 1.0000e+00 1.0000e+05 0.0000e+00 2.5000e+00
5.8824e-01 1.0000e+05 0.0000e+00 1.0000e+00 1.0000e+05 0.0000e+00 2.5000e+00
9.8039e-01 1.0000e+05 0.0000e+00 1.0000e+00 1.0000e+05 0.0000e+00 2.5000e+00
1.3725e+00 1.0000e+05 0.0000e+00 1.0000e+00 1.0000e+05 0.0000e+00 2.5000e+00
1.7647e+00 1.0000e+05 0.0000e+00 1.0000e+00 1.0000e+05 0.0000e+00 2.5000e+00
2.1569e+00 1.0000e+05 0.0000e+00 1.0000e+00 1.0000e+05 0.0000e+00 2.5000e+00
2.5490e+00 1.0000e+05 0.0000e+00 1.0000e+00 1.0000e+05 0.0000e+00 2.5000e+00
2.9412e+00 1.0000e+05 0.0000e+00 1.0000e+00 1.0000e+05 0.0000e+00 2.5000e+00
3.3333e+00 1.0000e+05 0.0000e+00 1.0000e+00 1.0000e+05 0.0000e+00 2.5000e+00
3.7255e+00 1.0000e+05 0.0000e+00 1.0000e+00 1.0000e+05 0.0000e+00 2.5000e+00
4.1176e+00 1.0000e+05 0.0000e+00 1.0000e+00 1.0000e+05 0.0000e+00 2.5000e+00
4.5098e+00 1.0000e+05 0.0000e+00 1.0000e+00 1.0000e+05 0.0000e+00 2.5000e+00
4.9020e+00 1.0000e+05 0.0000e+00 1.0000e+00 1.0000e+05 0.0000e+00 2.5000e+00
5.2941e+00 1.0000e+05 0.0000e+00 1.0000e+00 1.0000e+05 0.0000e+00 2.5000e+00
5.6863e+00 1.0000e+05 0.0000e+00 1.0000e+00 1.0000e+05 0.0000e+00 2.5000e+00
6.0784e+00 1.0000e+05 0.0000e+00 1.0000e+00 1.0000e+05 0.0000e+00 2.5000e+00
6.4706e+00 1.0000e+05 0.0000e+00 1.0000e+00 1.0000e+05 0.0000e+00 2.5000e+00
6.8627e+00 1.0000e+05 0.0000e+00 1.0000e+00 1.0000e+05 0.0000e+00 2.5000e+00
7.2549e+00 1.0000e+05 0.0000e+00 1.0000e+00 1.0000e+05 0.0000e+00 2.5000e+00
7.6471e+00 1.0000e+05 0.0000e+00 1.0000e+00 1.0000e+05 0.0000e+00 2.5000e+00
8.0392e+00 1.0000e+05 0.0000e+00 1.0000e+00 1.0000e+05 0.0000e+00 2.5000e+00
8.4314e+00 1.0000e+05 0.0000e+00 1.0000e+00 1.0000e+05 0.0000e+00 2.5000e+00
8.8235e+00 1.0000e+05 0.0000e+00 1.0000e+00 1.0000e+05 0.0000e+00 2.5000e+00
9.2157e+00 1.0000e+05 0.0000e+00 1.0000e+00 1.0000e+05 0.0000e+00 2.5000e+00
9.6078e+00 1.0000e+05 0.0000e+00 1.0000e+00 1.0000e+05 0.0000e+00 2.5000e+00
1.0000e+01 1.0000e+05 0.0000e+00 1.0000e+00 1.0000e+05 0.0000e+00 2.5000e+00
1.0392e+01 1.0000e+05 0.0000e+00 1.0000e+00 1.0000e+05 0.0000e+00 2.5000e+00
1.0784e+01 1.0000e+05 0.0000e+00 1.0000e+00 1.0000e+05 0.0000e+00 2.5000e+00
1.1176e+01 1.0000e+05 0.0000e+00 1.0000e+00 1.0000e+05 0.0000e+00 2.5000e+00
1.1569e+01 1.0000e+05 0.0000e+00 1.0000e+00 1.0000e+05 0.0000e+00 2.5000e+00
1.1961e+01 1.0000e+05 0.0000e+00 1.0000e+00 1.0000e+05 0.0000e+00 2.5000e+00
1.2353e+01 1.0000e+05 0.0000e+00 1.0000e+00 1.0000e+05 0.0000e+00 2.5000e+00
1.2745e+01 1.0000e+05 0.0000e+00 1.0000e+00 1.0000e+05 0.0000e+00 2.5000e+00
1.3137e+01 1.0000e+05 0.0000e+00 1.0000e+00 1.0000e+05 0.0000e+00 2.5000e+00
1.3529e+01 1.0000e+05 0.0000e+00 1.0000e+00 1.0000e+05 0.0000e+00 2.5000e+00
1.3922e+01 1.0000e+05 0.0000e+00 1.0000e+00 1.0000e+05 0.0000e+00 2.5000e+00
1.4314e+01 1.0000e+05 0.0000e+00 1.0000e+00 1.0000e+05 0.0000e+00 2.5000e+00
1.4706e+01 1.0000e+05 0.0000e+00 1.0000e+00 1.0000e+05 0.0000e+00 2.5000e+00
1.5098e+01 1.0000e+05 0.0000e+00 1.0000e+00 1.0000e+05 0.0000e+00 2.5000e+00
1.5490e+01 1.0000e+05 0.0000e+00 1.0000e+00 1.0000e+05 0.0000e+00 2.5000e+00
1.5882e+01 1.0000e+05 0.0000e+00 1.0000e+00 1.0000e+05 0.0000e+00 2.5000e+00
1.6275e+01 1.0000e+05 0.0000e+00 1.0000e+00 1.0000e+05 0.0000e+00 2.5000e+00
1.6667e+01 1.0000e+05 0.0000e+00 1.0000e+00 1.0000e+05 0.0000e+00 2.5000e+00
1.7059e+01 1.0000e+05 0.0000e+00 1.0000e+00 1.0000e+05 0.0000e+00 2.5000e+00
1.7451e+01 1.0000e+05 0.0000e+00 1.0000e+00 1.0000e+05 0.0000e+00 2.5000e+00
1.7843e+01 1.0000e+05 1.6675e-19 1.0000e+00 1.0000e+05 1.6675e-14 2.5000e+00
1.8235e+01 1.0000e+05 1.1435e-18 1.0000e+00 1.0000e+05 1.1435e-13 2.5000e+00
1.8627e+01 1.0000e+05 3.5519e-18 1.0000e+00 1.0000e+05 3.5519e-13 2.5000e+00
1.9020e+01 1.0000e+05 7.5524e-18 1.0000e+00 1.0000e+05 7.5524e-13 2.5000e+00
1.9412e+01 1.0000e+05 1.4309e-17 1.0000e+00 1.0000e+05 1.4309e-12 2.5000e+00
1.9804e+01 1.0000e+05 2.7003e-17 1.0000e+00 1.0000e+05 2.7003e-12 2.5000e+00
2.0196e+01 1.0000e+05 5.1776e-17 1.0000e+00 1.0000e+05 5.1776e-12 2.5000e+00
2.0588e+01 1.0000e+05 1.0110e-16 1.0000e+00 1.0000e+05 1.0110e-11 2.5000e+00
2.0980e+01 1.0000e+05 1.9960e-16 1.0000e+00 1.0000e+05 1.9960e-11 2.5000e+00
2.1373e+01 1.0000e+05 3.9527e-16 1.0000e+00 1.0000e+05 3.9527e-11 2.5000e+00
2.1765e+01 1.0000e+05 7.8188e-16 1.0000e+00 1.0000e+05 7.8188e-11 2.5000e+00
2.2157e+01 1.0000e+05 1.5399e-15 1.0000e+00 1.0000e+05 1.5399e-10 2.5000e+00
2.2549e+01 1.0000e+05 3.0133e-15 1.0000e+00 1.0000e+05 3.0133e-10 2.5000e+00
2.2941e+01 1.0000e+05 5.8514e-15 1.0000e+00 1.0000e+05 5.8514e-10 2.5000e+00
2.3333e+01 1.0000e+05 1.1274e-14 1.0000e+00 1.0000e+05 1.1274e-09 2.5000e+00
2.3725e+01 1.0000e+05 2.1547e-14 1.0000e+00 1.0000e+05 2.1547e-09 2.5000e+00
2.4118e+01 1.0000e+05 4.0838e-14 1.0000e+00 1.0000e+05 4.0838e-09 2.5000e+00
2.4510e+01 1.0000e+05 7.6751e-14 1.0000e+00 1.0000e+05 7.6751e-09 2.5000e+00
2.4902e+01 1.0000e+05 1.4303e-13 1.0000e+00 1.0000e+05 1.4303e-08 2.5000e+00
2.5294e+01 1.0000e+05 2.6427e-13 1.0000e+00 1.0000e+05 2.6427e-08 2.5000e+00
2.5686e+01 1.0000e+05 4.8412e-13 1.0000e+00 1.0000e+05 4.8412e-08 2.5000e+00
2.6078e+01 1.0000e+05 8.7927e-13 1.0000e+00 1.0000e+05 8.7927e-08 2.5000e+00
2.6471e+01 1.0000e+05 1.5832e-12 1.0000e+00 1.0000e+05 1.5832e-07 2.5000e+00
2.6863e+01 1.0000e+05 2.8261e-12 1.0000e+00 1.0000e+05 2.8261e-07 2.5000e+00
2.7255e+01 1.0000e+05 5.0011e-12 1.0000e+00 1.0000e+05 5.0011e-07 2.5000e+00
2.7647e+01 1.0000e+05 8.7728e-12 1.0000e+00 1.0000e+05 8.7728e-07 2.5000e+00
2.8039e+01 1.0000e+05 1.5255e-11 1.0000e+00 1.0000e+05 1.5255e-06 2.5000e+00
2.8431e+01 1.0000e+05 2.6294e-11 1.0000e+00 1.0000e+05 2.6294e-06 2.5000e+00
2.8824e+01 1.0000e+05 4.4925e-11 1.0000e+00 1.0000e+05 4.4925e-06 2.5000e+00
2.9216e+01 1.0000e+05 7.6078e-11 1.0000e+00 1.0000e+05 7.6078e-06 2.5000e+00
2.9608e+01 1.0000e+05 1.2770e-10 1.0000e+00 1.0000e+05 1.2770e-05 2.5000e+00
3.0000e+01 1.0000e+05 2.1243e-10 1.0000e+00 1.0000e+05 2.1243e-05 2.5000e+00
3.0392e+01 1.0000e+05 3.5026e-10 1.0000e+00 1.0000e+05 3.5026e-05 2.5000e+00
3.0784e+01 1.0000e+05 5.7235e-10 1.0000e+00 1.0000e+05 5.7235e-05 2.5000e+00
3.1176e+01 1.0000e+05 9.2690e-10 1.0000e+00 1.0000e+05 9.2690e-05 2.5000e+00
3.1569e+01 1.0000e+05 1.4876e-09 1.0000e+00 1.0000e+05 1.4876e-04 2.5000e+00
3.1961e+01 1.0000e+05 2.3660e-09 9.9999e-01 1.0000e+05 2.3660e-04 2.5000e+00
3.2353e+01 1.0000e+05 3.7291e-09 9.9999e-01 1.0000e+05 3.7291e-04 2.5000e+00
3.2745e+01 1.0000e+05 5.8243e-09 9.9998e-01 1.0000e+05 5.8243e-04 2.5000e+00
3.3137e+01 1.0000e+05 9.0143e-09 9.9998e-01 1.0000e+05 9.0143e-04 2.4999e+00
3.3529e+01 1.0000e+05 1.3824e-08 9.9996e-01 1.0000e+05 1.3824e-03 2.4999e+00
3.3922e+01 1.0000e+05 2.1008e-08 9.9995e-01 1.0000e+05 2.1008e-03 2.4999e+00
3.4314e+01 1.0000e+05 3.1634e-08 9.9992e-01 1.0000e+05 3.1634e-03 2.4998e+00
3.4706e+01 1.0000e+05 4.7197e-08 9.9988e-01 1.0000e+05 4.7197e-03 2.4997e+00
3.5098e+01 1.0000e+05 6.9773e-08 9.9983e-01 1.0000e+05 6.9773e-03 2.4996e+00
3.5490e+01 1.0000e+05 1.0220e-07 9.9976e-01 1.0000e+05 1.0220e-02 2.4994e+00
3.5882e+01 9.9999e+04 1.4832e-07 9.9965e-01 9.9999e+04 1.4832e-02 2.4991e+00
3.6275e+01 9.9999e+04 2.1327e-07 9.9951e-01 9.9999e+04 2.1327e-02 2.4988e+00
3.6667e+01 9.9999e+04 3.0384e-07 9.9932e-01 9.9999e+04 3.0383e-02 2.4983e+00
3.7059e+01 9.9998e+04 4.2887e-07 9.9907e-01 9.9998e+04 4.2886e-02 2.4977e+00
3.7451e+01 9.9997e+04 5.9977e-07 9.9872e-01 9.9997e+04 5.9975e-02 2.4968e+00
3.7843e+01 9.9996e+04 8.3104e-07 9.9827e-01 9.9996e+04 8.3100e-02 2.4957e+00
3.8235e+01 9.9994e+04 1.1409e-06 9.9769e-01 9.9994e+04 1.1408e-01 2.4942e+00
3.8627e+01 9.9992e+04 1.5517e-06 9.9693e-01 9.9992e+04 1.5516e-01 2.4923e+00
3.9020e+01 9.9989e+04 2.0912e-06 9.9597e-01 9.9989e+04 2.0910e-01 2.4899e+00
3.9412e+01 9.9985e+04 2.7924e-06 9.9476e-01 9.9985e+04 2.7920e-01 2.4869e+00
3.9804e+01 9.9980e+04 3.6945e-06 9.9326e-01 9.9980e+04 3.6938e-01 2.4831e+00
4.0196e+01 9.9973e+04 4.8437e-06 9.9140e-01 9.9973e+04 4.8424e-01 2.4785e+00
4.0588e+01 9.9965e+04 6.2927e-06 9.8914e-01 9.9965e+04 6.2905e-01 2.4728e+00
4.0980e+01 9.9953e+04 8.1018e-06 9.8641e-01 9.9953e+04 8.0980e-01 2.4660e+00
4.1373e+01 9.9939e+04 1.0338e-05 9.8317e-01 9.9939e+04 1.0332e+00 2.4579e+00
4.1765e+01 9.9921e+04 1.3075e-05 9.7934e-01 9.9921e+04 1.3064e+00 2.4484e+00
4.2157e+01 9.9898e+04 1.6392e-05 9.7489e-01 9.9898e+04 1.6375e+00 2.4372e+00
4.2549e+01 9.9870e+04 2.0373e-05 9.6975e-01 9.9870e+04 2.0346e+00 2.4244e+00
4.2941e+01 9.9836e+04 2.5106e-05 9.6388e-01 9.9836e+04 2.5065e+00 2.4097e+00
4.3333e+01 9.9794e+04 3.0681e-05 9.5727e-01 9.9794e+04 3.0618e+00 2.3932e+00
4.3725e+01 9.9744e+04 3.7188e-05 9.4987e-01 9.9744e+04 3.7092e+00 2.3748e+00
4.4118e+01 9.9683e+04 4.4713e-05 9.4170e-01 9.9683e+04 4.4571e+00 2.3543e+00
4.4510e+01 9.9612e+04 5.3340e-05 9.3275e-01 9.9612e+04 5.3133e+00 2.3320e+00
4.4902e+01 9.9528e+04 6.3148e-05 9.2304e-01 9.9528e+04 6.2849e+00 2.3078e+00
4.5294e+01 9.9429e+04 7.4204e-05 9.1261e-01 9.9429e+04 7.3780e+00 2.2818e+00
4.5686e+01 9.9315e+04 8.6566e-05 9.0150e-01 9.9315e+04 8.5973e+00 2.2541e+00
4.6078e+01 9.9184e+04 1.0029e-04 8.8980e-01 9.9184e+04 9.9476e+00 2.2250e+00
4.6471e+01 9.9032e+04 1.1534e-04 8.7753e-01 9.9032e+04 1.1422e+01 2.1945e+00
4.6863e+01 9.8871e+04 1.3216e-04 8.6496e-01 9.8871e+04 1.3067e+01 2.1633e+00
4.7255e+01 9.8639e+04 1.4867e-04 8.5146e-01 9.8639e+04 1.4665e+01 2.1298e+00
4.7647e+01 9.8578e+04 1.7337e-04 8.4009e-01 9.8578e+04 1.7090e+01 2.1017e+00
4.8039e+01 9.7848e+04 1.7684e-04 8.2096e-01 9.7848e+04 1.7303e+01 2.0539e+00
4.8431e+01 9.8820e+04 2.4139e-04 8.2207e-01 9.8820e+04 2.3854e+01 2.0581e+00
4.8824e+01 9.6259e+04 1.8519e-04 7.8277e-01 9.6259e+04 1.7826e+01 1.9586e+00
4.9216e+01 9.8014e+04 3.0421e-04 8.0132e-01 9.8014e+04 2.9817e+01 2.0078e+00
4.9608e+01 1.0791e+05 2.6990e-04 7.6928e-01 1.0791e+05 2.9125e+01 1.9271e+00
5.0000e+01 1.7799e+04 2.9613e-04 7.6565e-01 1.7799e+04 5.2710e+00 1.9149e+00
5.0392e+01 1.0606e+04 4.2501e-04 7.6696e-01 1.0606e+04 4.5075e+00 1.9184e+00
5.0784e+01 1.0582e+04 5.8910e-04 7.6763e-01 1.0582e+04 6.2339e+00 1.9209e+00
5.1176e+01 1.1110e+04 5.9708e-04 7.5402e-01 1.1110e+04 6.6338e+00 1.8870e+00
5.1569e+01 1.1445e+04 7.2569e-04 7.5648e-01 1.1445e+04 8.3055e+00 1.8942e+00
5.1961e+01 1.2022e+04 9.5870e-04 7.7296e-01 1.2022e+04 1.1526e+01 1.9379e+00
5.2353e+01 1.2407e+04 1.2142e-03 7.9485e-01 1.2407e+04 1.5064e+01 1.9963e+00
5.2745e+01 1.2733e+04 1.3537e-03 8.0500e-01 1.2733e+04 1.7237e+01 2.0242e+00
5.3137e+01 1.2810e+04 1.4101e-03 8.0655e-01 1.2810e+04 1.8064e+01 2.0291e+00
5.3529e+01 1.2872e+04 1.4075e-03 8.0177e-01 1.2872e+04 1.8118e+01 2.0172e+00
5.3922e+01 1.2856e+04 1.4025e-03 7.9726e-01 1.2856e+04 1.8030e+01 2.0058e+00
5.4314e+01 1.2875e+04 1.3889e-03 7.9162e-01 1.2875e+04 1.7882e+01 1.9915e+00
5.4706e+01 1.2864e+04 1.3798e-03 7.8627e-01 1.2864e+04 1.7749e+01 1.9779e+00
5.5098e+01 1.2873e+04 1.3656e-03 7.8016e-01 1.2873e+04 1.7580e+01 1.9624e+00
5.5490e+01 1.2867e+04 1.3535e-03 7.7404e-01 1.2867e+04 1.7415e+01 1.9469e+00
5.5882e+01 1.2870e+04 1.3382e-03 7.6734e-01 1.2870e+04 1.7223e+01 1.9299e+00
5.6275e+01 1.2866e+04 1.3237e-03 7.6046e-01 1.2866e+04 1.7030e+01 1.9124e+00
5.6667e+01 1.2865e+04 1.3071e-03 7.5311e-01 1.2865e+04 1.6816e+01 1.8938e+00
5.7059e+01 1.2861e+04 1.2904e-03 7.4549e-01 1.2861e+04 1.6596e+01 1.8744e+00
5.7451e+01 1.2859e+04 1.2723e-03 7.3744e-01 1.2859e+04 1.6360e+01 1.8540e+00
5.7843e+01 1.2855e+04 1.2538e-03 7.2907e-01 1.2855e+04 1.6117e+01 1.8328e+00
5.8235e+01 1.2851e+04 1.2341e-03 7.2032e-01 1.2851e+04 1.5860e+01 1.8106e+00
5.8627e+01 1.2846e+04 1.2139e-03 7.1121e-01 1.2846e+04 1.5593e+01 1.7875e+00
5.9020e+01 1.2841e+04 1.1927e-03 7.0173e-01 1.2841e+04 1.5315e+01 1.7635e+00
5.9412e+01 1.2836e+04 1.1708e-03 6.9189e-01 1.2836e+04 1.5028e+01 1.7385e+00
5.9804e+01 1.2830e+04 1.1480e-03 6.8165e-01 1.2830e+04 1.4729e+01 1.7126e+00
6.0196e+01 1.2824e+04 1.1245e-03 6.7103e-01 1.2824e+04 1.4419e+01 1.6857e+00
6.0588e+01 1.2817e+04 1.1000e-03 6.5999e-01 1.2817e+04 1.4099e+01 1.6577e+00
6.0980e+01 1.2810e+04 1.0747e-03 6.4852e-01 1.2810e+04 1.3767e+01 1.6287e+00
6.1373e+01 1.2803e+04 1.0485e-03 6.3659e-01 1.2803e+04 1.3424e+01 1.5985e+00
6.1765e+01 1.2795e+04 1.0214e-03 6.2418e-01 1.2795e+04 1.3069e+01 1.5671e+00
6.2157e+01 1.2787e+04 9.9330e-04 6.1124e-01 1.2787e+04 1.2701e+01 1.5344e+00
6.2549e+01 1.2778e+04 9.6416e-04 5.9776e-01 1.2778e+04 1.2320e+01 1.5003e+00
6.2941e+01 1.2770e+04 9.3395e-04 5.8370e-01 1.2770e+04 1.1926e+01 1.4648e+00
6.3333e+01 1.2760e+04 9.0263e-04 5.6901e-01 1.2760e+04 1.1518e+01 1.4277e+00
6.3725e+01 1.2751e+04 8.7016e-04 5.5367e-01 1.2751e+04 1.1095e+01 1.3890e+00
6.4118e+01 1.2741e+04 8.3649e-04 5.3764e-01 1.2741e+04 1.0657e+01 1.3486e+00
6.4510e+01 1.2730e+04 8.0158e-04 5.2087e-01 1.2730e+04 1.0204e+01 1.3063e+00
6.4902e+01 1.2720e+04 7.6540e-04 5.0333e-01 1.2720e+04 9.7355e+00 1.2621e+00
6.5294e+01 1.2708e+04 7.2789e-04 4.8499e-01 1.2708e+04 9.2504e+00 1.2158e+00
6.5686e+01 1.2697e+04 6.8903e-04 4.6579e-01 1.2697e+04 8.7485e+00 1.1675e+00
6.6078e+01 1.2685e+04 6.4876e-04 4.4571e-01 1.2685e+04 8.2295e+00 1.1169e+00
6.6471e+01 1.2673e+04 6.0705e-04 4.2469e-01 1.2673e+04 7.6929e+00 1.0641e+00
6.6863e+01 1.2660e+04 5.6386e-04 4.0270e-01 1.2660e+04 7.1384e+00 1.0088e+00
6.7255e+01 1.2647e+04 5.1914e-04 3.7969e-01 1.2647e+04 6.5654e+00 9.5093e-01
6.7647e+01 1.2633e+04 4.7283e-04 3.5561e-01 1.2633e+04 5.9734e+00 8.9044e-01
6.8039e+01 1.2619e+04 4.2490e-04 3.3042e-01 1.2619e+04 5.3620e+00 8.2718e-01
6.8431e+01 1.2605e+04 3.7527e-04 3.0404e-01 1.2605e+04 4.7303e+00 7.6099e-01
6.8824e+01 1.2590e+04 3.2392e-04 2.7643e-01 1.2590e+04 4.0782e+00 6.9174e-01
6.9216e+01 1.2575e+04 2.7092e-04 2.4761e-01 1.2575e+04 3.4070e+00 6.1950e-01
6.9608e+01 1.2560e+04 2.1682e-04 2.1784e-01 1.2560e+04 2.7233e+00 5.4490e-01
7.0000e+01 1.2545e+04 1.6314e-04 1.8799e-01 1.2545e+04 2.0466e+00 4.7015e-01
7.0392e+01 1.2531e+04 1.1293e-04 1.5997e-01 1.2531e+04 1.4152e+00 4.0001e-01
7.0784e+01 1.2520e+04 7.0431e-05 1.3647e-01 1.2520e+04 8.8178e-01 3.4121e-01
7.1176e+01 1.2511e+04 3.9074e-05 1.1959e-01 1.2511e+04 4.8887e-01 2.9898e-01
7.1569e+01 1.2506e+04 1.9339e-05 1.0939e-01 1.2506e+04 2.4185e-01 2.7347e-01
7.1961e+01 1.2503e+04 8.7090e-06 1.0412e-01 1.2503e+04 1.0888e-01 2.6031e-01
7.2353e+01 1.2501e+04 3.6731e-06 1.0172e-01 1.2501e+04 4.5918e-02 2.5429e-01
7.2745e+01 1.2500e+04 1.4903e-06 1.0069e-01 1.2500e+04 1.8629e-02 2.5173e-01
7.3137e+01 1.2500e+04 5.9224e-07 1.0027e-01 1.2500e+04 7.4031e-03 2.5069e-01
7.3529e+01 1.2500e+04 2.3276e-07 1.0011e-01 1.2500e+04 2.9095e-03 2.5027e-01
7.3922e+01 1.2500e+04 9.0869e-08 1.0004e-01 1.2500e+04 1.1359e-03 2.5011e-01
7.4314e+01 1.2500e+04 3.5306e-08 1.0002e-01 1.2500e+04 4.4133e-04 2.5004e-01
7.4706e+01 1.2500e+04 1.3662e-08 1.0001e-01 1.2500e+04 1.7078e-04 2.5002e-01
7.5098e+01 1.2500e+04 5.2669e-09 1.0000e-01 1.2500e+04 6.5836e-05 2.5001e-01
7.5490e+01 1.2500e+04 2.0229e-09 1.0000e-01 1.2500e+04 2.5287e-05 2.5000e-01
7.5882e+01 1.2500e+04 7.7414e-10 1.0000e-01 1.2500e+04 9.6768e-06 2.5000e-01
7.6275e+01 1.2500e+04 2.9516e-10 1.0000e-01 1.2500e+04 3.6896e-06 2.5000e-01
7.6667e+01 1.2500e+04 1.1212e-10 1.0000e-01 1.2500e+04 1.4016e-06 2.5000e-01
7.7059e+01 1.2500e+04 4.2435e-11 1.0000e-01 1.2500e+04 5.3044e-07 2.5000e-01
7.7451e+01 1.2500e+04 1.6000e-11 1.0000e-01 1.2500e+04 2.0000e-07 2.5000e-01
7.7843e+01 1.2500e+04 6.0101e-12 1.0000e-01 1.2500e+04 7.5126e-08 2.5000e-01
7.8235e+01 1.2500e+04 2.2490e-12 1.0000e-01 1.2500e+04 2.8113e-08 2.5000e-01
7.8627e+01 1.2500e+04 8.3839e-13 1.0000e-01 1.2500e+04 1.0480e-08 2.5000e-01
7.9020e+01 1.2500e+04 3.1133e-13 1.0000e-01 1.2500e+04 3.8917e-09 2.5000e-01
7.9412e+01 1.2500e+04 1.1516e-13 1.0000e-01 1.2500e+04 1.4396e-09 2.5000e-01
7.9804e+01 1.2500e+04 4.2434e-14 1.0000e-01 1.2500e+04 5.3042e-10 2.5000e-01
8.0196e+01 1.2500e+04 1.5573e-14 1.0000e-01 1.2500e+04 1.9466e-10 2.5000e-01
8.0588e+01 1.2500e+04 5.6915e-15 1.0000e-01 1.2500e+04 7.1144e-11 2.5000e-01
8.0980e+01 1.2500e+04 2.0709e-15 1.0000e-01 1.2500e+04 2.5887e-11 2.5000e-01
8.1373e+01 1.2500e+04 7.4954e-16 1.0000e-01 1.2500e+04 9.3693e-12 2.5000e-01
8.1765e+01 1.2500e+04 2.6902e-16 1.0000e-01 1.2500e+04 3.3627e-12 2.5000e-01
8.2157e+01 1.2500e+04 9.5170e-17 1.0000e-01 1.2500e+04 1.1896e-12 2.5000e-01
8.2549e+01 1.2500e+04 3.2546e-17 1.0000e-01 1.2500e+04 4.0682e-13 2.5000e-01
8.2941e+01 1.2500e+04 1.0322e-17 1.0000e-01 1.2500e+04 1.2903e-13 2.5000e-01
8.3333e+01 1.2500e+04 2.5514e-18 1.0000e-01 1.2500e+04 3.1892e-14 2.5000e-01
8.3725e+01 1.2500e+04 1.9619e-19 1.0000e-01 1.2500e+04 2.4524e-15 2.5000e-01
8.4118e+01 1.2500e+04 0.0000e+00 1.0000e-01 1.2500e+04 0.0000e+00 2.5000e-01
8.4510e+01 1.2500e+04 0.0000e+00 1.0000e-01 1.2500e+04 0.0000e+00 2.5000e-01
8.4902e+01 1.2500e+04 0.0000e+00 1.0000e-01 1.2500e+04 0.0000e+00 2.5000e-01
8.5294e+01 1.2500e+04 0.0000e+00 1.0000e-01 1.2500e+04 0.0000e+00 2.5000e-01
8.5686e+01 1.2500e+04 0.0000e+00 1.0000e-01 1.2500e+04 0.0000e+00 2.5000e-01
8.6078e+01 1.2500e+04 0.0000e+00 1.0000e-01 1.2500e+04 0.0000e+00 2.5000e-01
8.6471e+01 1.2500e+04 0.0000e+00 1.0000e-01 1.2500e+04 0.0000e+00 2.5000e-01
8.6863e+01 1.2500e+04 0.0000e+00 1.0000e-01 1.2500e+04 0.0000e+00 2.5000e-01
8.7255e+01 1.2500e+04 0.0000e+00 1.0000e-01 1.2500e+04 0.0000e+00 2.5000e-01
8.7647e+01 1.2500e+04 0.0000e+00 1.0000e-01 1.2500e+04 0.0000e+00 2.5000e-01
8.8039e+01 1.2500e+04 0.0000e+00 1.0000e-01 1.2500e+04 0.0000e+00 2.5000e-01
8.8431e+01 1.2500e+04 0.0000e+00 1.0000e-01 1.2500e+04 0.0000e+00 2.5000e-01
8.8824e+01 1.2500e+04 0.0000e+00 1.0000e-01 1.2500e+04 0.0000e+00 2.5000e-01
8.9216e+01 1.2500e+04 0.0000e+00 1.0000e-01 1.2500e+04 0.0000e+00 2.5000e-01
8.9608e+01 1.2500e+04 0.0000e+00 1.0000e-01 1.2500e+04 0.0000e+00 2.5000e-01
9.0000e+01 1.2500e+04 0.0000e+00 1.0000e-01 1.2500e+04 0.0000e+00 2.5000e-01
9.0392e+01 1.2500e+04 0.0000e+00 1.0000e-01 1.2500e+04 0.0000e+00 2.5000e-01
9.0784e+01 1.2500e+04 0.0000e+00 1.0000e-01 1.2500e+04 0.0000e+00 2.5000e-01
9.1176e+01 1.2500e+04 0.0000e+00 1.0000e-01 1.2500e+04 0.0000e+00 2.5000e-01
9.1569e+01 1.2500e+04 0.0000e+00 1.0000e-01 1.2500e+04 0.0000e+00 2.5000e-01
9.1961e+01 1.2500e+04 0.0000e+00 1.0000e-01 1.2500e+04 0.0000e+00 2.5000e-01
9.2353e+01 1.2500e+04 0.0000e+00 1.0000e-01 1.2500e+04 0.0000e+00 2.5000e-01
9.2745e+01 1.2500e+04 0.0000e+00 1.0000e-01 1.2500e+04 0.0000e+00 2.5000e-01
9.3137e+01 1.2500e+04 0.0000e+00 1.0000e-01 1.2500e+04 0.0000e+00 2.5000e-01
9.3529e+01 1.2500e+04 0.0000e+00 1.0000e-01 1.2500e+04 0.0000e+00 2.5000e-01
9.3922e+01 1.2500e+04 0.0000e+00 1.0000e-01 1.2500e+04 0.0000e+00 2.5000e-01
9.4314e+01 1.2500e+04 0.0000e+00 1.0000e-01 1.2500e+04 0.0000e+00 2.5000e-01
9.4706e+01 1.2500e+04 0.0000e+00 1.0000e-01 1.2500e+04 0.0000e+00 2.5000e-01
9.5098e+01 1.2500e+04 0.0000e+00 1.0000e-01 1.2500e+04 0.0000e+00 2.5000e-01
9.5490e+01 1.2500e+04 0.0000e+00 1.0000e-01 1.2500e+04 0.0000e+00 2.5000e-01
9.5882e+01 1.2500e+04 0.0000e+00 1.0000e-01 1.2500e+04 0.0000e+00 2.5000e-01
9.6275e+01 1.2500e+04 0.0000e+00 1.0000e-01 1.2500e+04 0.0000e+00 2.5000e-01
9.6667e+01 1.2500e+04 0.0000e+00 1.0000e-01 1.2500e+04 0.0000e+00 2.5000e-01
9.7059e+01 1.2500e+04 0.0000e+00 1.0000e-01 1.2500e+04 0.0000e+00 2.5000e-01
9.7451e+01 1.2500e+04 0.0000e+00 1.0000e-01 1.2500e+04 0.0000e+00 2.5000e-01
9.7843e+01 1.2500e+04 0.0000e+00 1.0000e-01 1.2500e+04 0.0000e+00 2.5000e-01
9.8235e+01 1.2500e+04 0.0000e+00 1.0000e-01 1.2500e+04 0.0000e+00 2.5000e-01
9.8627e+01 1.2500e+04 0.0000e+00 1.0000e-01 1.2500e+04 0.0000e+00 2.5000e-01
9.9020e+01 1.2500e+04 0.0000e+00 1.0000e-01 1.2500e+04 0.0000e+00 2.5000e-01
9.9412e+01 1.2500e+04 0.0000e+00 1.0000e-01 1.2500e+04 0.0000e+00 2.5000e-01
9.9804e+01 1.2500e+04 0.0000e+00 1.0000e-01 1.2500e+04 0.0000e+00 2.5000e-01
