# # x Density Velocity Pressure q0 q1 q2
1.9608e-01 1.0000e+05 0.0000e+00 1.0000e+00 1.0000e+05 0.0000e+00 2.5000e+00
5.8824e-01 1.0000e+05 0.0000e+00 1.0000e+00 1.0000e+05 0.0000e+00 2.5000e+00
9.8039e-01 1.0000e+05 0.0000e+00 1.0000e+00 1.0000e+05 0.0000e+00 2.5000e+00
1.3725e+00 1.0000e+05 0.0000e+00 1.0000e+00 1.0000e+05 0.0000e+00 2.5000e+00
1.7647e+00 1.0000e+05 0.0000e+00 1.0000e+00 1.0000e+05 0.0000e+00 2.5000e+00
2.1569e+00 1.0000e+05 0.0000e+00 1.0000e+00 1.0000e+05 0.0000e+00 2.5000e+00
2.5490e+00 1.0000e+05 0.0000e+00 1.0000e+00 1.0000e+05 0.0000e+00 2.5000e+00
2.9412e+00 1.0000e+05 0.0000e+00 1.0000e+00 1.0000e+05 0.0000e+00 2.5000e+00
3.3333e+00 1.0000e+05 0.0000e+00 1.0000e+00 1.0000e+05 0.0000e+00 2.5000e+00
3.7255e+00 1.0000e+05 0.0000e+00 1.0000e+00 1.0000e+05 0.0000e+00 2.5000e+00
4.1176e+00 1.0000e+05 0.0000e+00 1.0000e+00 1.0000e+05 0.0000e+00 2.5000e+00
4.5098e+00 1.0000e+05 0.0000e+00 1.0000e+00 1.0000e+05 0.0000e+00 2.5000e+00
4.9020e+00 1.0000e+05 0.0000e+00 1.0000e+00 1.0000e+05 0.0000e+00 2.5000e+00
5.2941e+00 1.0000e+05 0.0000e+00 1.0000e+00 1.0000e+05 0.0000e+00 2.5000e+00
5.6863e+00 1.0000e+05 0.0000e+00 1.0000e+00 1.0000e+05 0.0000e+00 2.5000e+00
6.0784e+00 1.0000e+05 0.0000e+00 1.0000e+00 1.0000e+05 0.0000e+00 2.5000e+00
6.4706e+00 1.0000e+05 0.0000e+00 1.0000e+00 1.0000e+05 0.0000e+00 2.5000e+00
6.8627e+00 1.0000e+05 0.0000e+00 1.0000e+00 1.0000e+05 0.0000e+00 2.5000e+00
7.2549e+00 1.0000e+05 0.0000e+00 1.0000e+00 1.0000e+05 0.0000e+00 2.5000e+00
7.6471e+00 1.0000e+05 0.0000e+00 1.0000e+00 1.0000e+05 0.0000e+00 2.5000e+00
8.0392e+00 1.0000e+05 0.0000e+00 1.0000e+00 1.0000e+05 0.0000e+00 2.5000e+00
8.4314e+00 1.0000e+05 0.0000e+00 1.0000e+00 1.0000e+05 0.0000e+00 2.5000e+00
8.8235e+00 1.0000e+05 0.0000e+00 1.0000e+00 1.0000e+05 0.0000e+00 2.5000e+00
9.2157e+00 1.0000e+05 0.0000e+00 1.0000e+00 1.0000e+05 0.0000e+00 2.5000e+00
9.6078e+00 1.0000e+05 0.0000e+00 1.0000e+00 1.0000e+05 0.0000e+00 2.5000e+00
1.0000e+01 1.0000e+05 0.0000e+00 1.0000e+00 1.0000e+05 0.0000e+00 2.5000e+00
1.0392e+01 1.0000e+05 0.0000e+00 1.0000e+00 1.0000e+05 0.0000e+00 2.5000e+00
1.0784e+01 1.0000e+05 0.0000e+00 1.0000e+00 1.0000e+05 0.0000e+00 2.5000e+00
1.1176e+01 1.0000e+05 0.0000e+00 1.0000e+00 1.0000e+05 0.0000e+00 2.5000e+00
1.1569e+01 1.0000e+05 0.0000e+00 1.0000e+00 1.0000e+05 0.0000e+00 2.5000e+00
1.1961e+01 1.0000e+05 0.0000e+00 1.0000e+00 1.0000e+05 0.0000e+00 2.5000e+00
1.2353e+01 1.0000e+05 0.0000e+00 1.0000e+00 1.0000e+05 0.0000e+00 2.5000e+00
1.2745e+01 1.0000e+05 0.0000e+00 1.0000e+00 1.0000e+05 0.0000e+00 2.5000e+00
1.3137e+01 1.0000e+05 0.0000e+00 1.0000e+00 1.0000e+05 0.0000e+00 2.5000e+00
1.3529e+01 1.0000e+05 0.0000e+00 1.0000e+00 1.0000e+05 0.0000e+00 2.5000e+00
1.3922e+01 1.0000e+05 0.0000e+00 1.0000e+00 1.0000e+05 0.0000e+00 2.5000e+00
1.4314e+01 1.0000e+05 0.0000e+00 1.0000e+00 1.0000e+05 0.0000e+00 2.5000e+00
1.4706e+01 1.0000e+05 0.0000e+00 1.0000e+00 1.0000e+05 0.0000e+00 2.5000e+00
1.5098e+01 1.0000e+05 0.0000e+00 1.0000e+00 1.0000e+05 0.0000e+00 2.5000e+00
1.5490e+01 1.0000e+05 0.0000e+00 1.0000e+00 1.0000e+05 0.0000e+00 2.5000e+00
1.5882e+01 1.0000e+05 0.0000e+00 1.0000e+00 1.0000e+05 0.0000e+00 2.5000e+00
1.6275e+01 1.0000e+05 0.0000e+00 1.0000e+00 1.0000e+05 0.0000e+00 2.5000e+00
1.6667e+01 1.0000e+05 0.0000e+00 1.0000e+00 1.0000e+05 0.0000e+00 2.5000e+00
1.7059e+01 1.0000e+05 0.0000e+00 1.0000e+00 1.0000e+05 0.0000e+00 2.5000e+00
1.7451e+01 1.0000e+05 3.1142e-21 1.0000e+00 1.0000e+05 3.1142e-16 2.5000e+00
1.7843e+01 1.0000e+05 3.4397e-19 1.0000e+00 1.0000e+05 3.4397e-14 2.5000e+00
1.8235e+01 1.0000e+05 1.7850e-18 1.0000e+00 1.0000e+05 1.7850e-13 2.5000e+00
1.8627e+01 1.0000e+05 4.6656e-18 1.0000e+00 1.0000e+05 4.6656e-13 2.5000e+00
1.9020e+01 1.0000e+05 9.3677e-18 1.0000e+00 1.0000e+05 9.3677e-13 2.5000e+00
1.9412e+01 1.0000e+05 1.7530e-17 1.0000e+00 1.0000e+05 1.7530e-12 2.5000e+00
1.9804e+01 1.0000e+05 3.3050e-17 1.0000e+00 1.0000e+05 3.3050e-12 2.5000e+00
2.0196e+01 1.0000e+05 6.3676e-17 1.0000e+00 1.0000e+05 6.3676e-12 2.5000e+00
2.0588e+01 1.0000e+05 1.2461e-16 1.0000e+00 1.0000e+05 1.2461e-11 2.5000e+00
2.0980e+01 1.0000e+05 2.4579e-16 1.0000e+00 1.0000e+05 2.4579e-11 2.5000e+00
2.1373e+01 1.0000e+05 4.8546e-16 1.0000e+00 1.0000e+05 4.8546e-11 2.5000e+00
2.1765e+01 1.0000e+05 9.5685e-16 1.0000e+00 1.0000e+05 9.5685e-11 2.5000e+00
2.2157e+01 1.0000e+05 1.8764e-15 1.0000e+00 1.0000e+05 1.8764e-10 2.5000e+00
2.2549e+01 1.0000e+05 3.6551e-15 1.0000e+00 1.0000e+05 3.6551e-10 2.5000e+00
2.2941e+01 1.0000e+05 7.0649e-15 1.0000e+00 1.0000e+05 7.0649e-10 2.5000e+00
2.3333e+01 1.0000e+05 1.3548e-14 1.0000e+00 1.0000e+05 1.3548e-09 2.5000e+00
2.3725e+01 1.0000e+05 2.5772e-14 1.0000e+00 1.0000e+05 2.5772e-09 2.5000e+00
2.4118e+01 1.0000e+05 4.8618e-14 1.0000e+00 1.0000e+05 4.8618e-09 2.5000e+00
2.4510e+01 1.0000e+05 9.0951e-14 1.0000e+00 1.0000e+05 9.0951e-09 2.5000e+00
2.4902e+01 1.0000e+05 1.6871e-13 1.0000e+00 1.0000e+05 1.6871e-08 2.5000e+00
2.5294e+01 1.0000e+05 3.1032e-13 1.0000e+00 1.0000e+05 3.1032e-08 2.5000e+00
2.5686e+01 1.0000e+05 5.6593e-13 1.0000e+00 1.0000e+05 5.6593e-08 2.5000e+00
2.6078e+01 1.0000e+05 1.0233e-12 1.0000e+00 1.0000e+05 1.0233e-07 2.5000e+00
2.6471e+01 1.0000e+05 1.8345e-12 1.0000e+00 1.0000e+05 1.8345e-07 2.5000e+00
2.6863e+01 1.0000e+05 3.2605e-12 1.0000e+00 1.0000e+05 3.2605e-07 2.5000e+00
2.7255e+01 1.0000e+05 5.7451e-12 1.0000e+00 1.0000e+05 5.7451e-07 2.5000e+00
2.7647e+01 1.0000e+05 1.0036e-11 1.0000e+00 1.0000e+05 1.0036e-06 2.5000e+00
2.8039e+01 1.0000e+05 1.7378e-11 1.0000e+00 1.0000e+05 1.7378e-06 2.5000e+00
2.8431e+01 1.0000e+05 2.9831e-11 1.0000e+00 1.0000e+05 2.9831e-06 2.5000e+00
2.8824e+01 1.0000e+05 5.0760e-11 1.0000e+00 1.0000e+05 5.0760e-06 2.5000e+00
2.9216e+01 1.0000e+05 8.5615e-11 1.0000e+00 1.0000e+05 8.5615e-06 2.5000e+00
2.9608e+01 1.0000e+05 1.4314e-10 1.0000e+00 1.0000e+05 1.4314e-05 2.5000e+00
3.0000e+01 1.0000e+05 2.3720e-10 1.0000e+00 1.0000e+05 2.3720e-05 2.5000e+00
3.0392e+01 1.0000e+05 3.8959e-10 1.0000e+00 1.0000e+05 3.8959e-05 2.5000e+00
3.0784e+01 1.0000e+05 6.3423e-10 1.0000e+00 1.0000e+05 6.3423e-05 2.5000e+00
3.1176e+01 1.0000e+05 1.0233e-09 1.0000e+00 1.0000e+05 1.0233e-04 2.5000e+00
3.1569e+01 1.0000e+05 1.6363e-09 1.0000e+00 1.0000e+05 1.6363e-04 2.5000e+00
3.1961e+01 1.0000e+05 2.5931e-09 9.9999e-01 1.0000e+05 2.5931e-04 2.5000e+00
3.2353e+01 1.0000e+05 4.0727e-09 9.9999e-01 1.0000e+05 4.0727e-04 2.5000e+00
3.2745e+01 1.0000e+05 6.3389e-09 9.9998e-01 1.0000e+05 6.3389e-04 2.5000e+00
3.3137e+01 1.0000e+05 9.7772e-09 9.9997e-01 1.0000e+05 9.7772e-04 2.4999e+00
3.3529e+01 1.0000e+05 1.4944e-08 9.9996e-01 1.0000e+05 1.4944e-03 2.4999e+00
3.3922e+01 1.0000e+05 2.2636e-08 9.9994e-01 1.0000e+05 2.2636e-03 2.4999e+00
3.4314e+01 1.0000e+05 3.3974e-08 9.9991e-01 1.0000e+05 3.3974e-03 2.4998e+00
3.4706e+01 1.0000e+05 5.0530e-08 9.9988e-01 1.0000e+05 5.0530e-03 2.4997e+00
3.5098e+01 1.0000e+05 7.4468e-08 9.9982e-01 1.0000e+05 7.4468e-03 2.4996e+00
3.5490e+01 1.0000e+05 1.0875e-07 9.9974e-01 1.0000e+05 1.0875e-02 2.4994e+00
3.5882e+01 9.9999e+04 1.5735e-07 9.9964e-01 9.9999e+04 1.5735e-02 2.4991e+00
3.6275e+01 9.9999e+04 2.2561e-07 9.9949e-01 9.9999e+04 2.2561e-02 2.4987e+00
3.6667e+01 9.9999e+04 3.2051e-07 9.9929e-01 9.9999e+04 3.2050e-02 2.4982e+00
3.7059e+01 9.9998e+04 4.5116e-07 9.9902e-01 9.9998e+04 4.5115e-02 2.4976e+00
3.7451e+01 9.9997e+04 6.2924e-07 9.9867e-01 9.9997e+04 6.2923e-02 2.4967e+00
3.7843e+01 9.9996e+04 8.6960e-07 9.9821e-01 9.9996e+04 8.6956e-02 2.4955e+00
3.8235e+01 9.9994e+04 1.1908e-06 9.9760e-01 9.9994e+04 1.1907e-01 2.4940e+00
3.8627e+01 9.9992e+04 1.6156e-06 9.9683e-01 9.9992e+04 1.6155e-01 2.4921e+00
3.9020e+01 9.9989e+04 2.1721e-06 9.9585e-01 9.9989e+04 2.1719e-01 2.4896e+00
3.9412e+01 9.9985e+04 2.8937e-06 9.9461e-01 9.9985e+04 2.8932e-01 2.4865e+00
3.9804e+01 9.9979e+04 3.8200e-06 9.9307e-01 9.9979e+04 3.8192e-01 2.4827e+00
4.0196e+01 9.9972e+04 4.9973e-06 9.9119e-01 9.9972e+04 4.9960e-01 2.4780e+00
4.0588e+01 9.9963e+04 6.4789e-06 9.8889e-01 9.9963e+04 6.4765e-01 2.4722e+00
4.0980e+01 9.9952e+04 8.3248e-06 9.8613e-01 9.9952e+04 8.3208e-01 2.4653e+00
4.1373e+01 9.9937e+04 1.0602e-05 9.8285e-01 9.9937e+04 1.0596e+00 2.4571e+00
4.1765e+01 9.9919e+04 1.3385e-05 9.7898e-01 9.9919e+04 1.3374e+00 2.4475e+00
4.2157e+01 9.9896e+04 1.6751e-05 9.7449e-01 9.9896e+04 1.6733e+00 2.4362e+00
4.2549e+01 9.9867e+04 2.0785e-05 9.6931e-01 9.9867e+04 2.0757e+00 2.4233e+00
4.2941e+01 9.9832e+04 2.5574e-05 9.6342e-01 9.9832e+04 2.5531e+00 2.4086e+00
4.3333e+01 9.9790e+04 3.1207e-05 9.5678e-01 9.9790e+04 3.1141e+00 2.3920e+00
4.3725e+01 9.9738e+04 3.7772e-05 9.4936e-01 9.9738e+04 3.7673e+00 2.3735e+00
4.4118e+01 9.9677e+04 4.5356e-05 9.4117e-01 9.9677e+04 4.5210e+00 2.3530e+00
4.4510e+01 9.9605e+04 5.4042e-05 9.3220e-01 9.9605e+04 5.3829e+00 2.3307e+00
4.4902e+01 9.9520e+04 6.3905e-05 9.2249e-01 9.9520e+04 6.3598e+00 2.3064e+00
4.5294e+01 9.9420e+04 7.5014e-05 9.1207e-01 9.9420e+04 7.4580e+00 2.2804e+00
4.5686e+01 9.9305e+04 8.7425e-05 9.0097e-01 9.9305e+04 8.6817e+00 2.2528e+00
4.6078e+01 9.9173e+04 1.0120e-04 8.8929e-01 9.9173e+04 1.0036e+01 2.2237e+00
4.6471e+01 9.9020e+04 1.1627e-04 8.7705e-01 9.9020e+04 1.1513e+01 2.1933e+00
4.6863e+01 9.8858e+04 1.3315e-04 8.6452e-01 9.8858e+04 1.3163e+01 2.1622e+00
4.7255e+01 9.8624e+04 1.4960e-04 8.5104e-01 9.8624e+04 1.4754e+01 2.1287e+00
4.7647e+01 9.8568e+04 1.7453e-04 8.3979e-01 9.8568e+04 1.7203e+01 2.1010e+00
4.8039e+01 9.7822e+04 1.7747e-04 8.2055e-01 9.7822e+04 1.7361e+01 2.0529e+00
4.8431e+01 9.8818e+04 2.4285e-04 8.2202e-01 9.8818e+04 2.3999e+01 2.0580e+00
4.8824e+01 9.6236e+04 1.8593e-04 7.8258e-01 9.6236e+04 1.7893e+01 1.9581e+00
4.9216e+01 9.7970e+04 3.0468e-04 8.0115e-01 9.7970e+04 2.9850e+01 2.0074e+00
4.9608e+01 1.0800e+05 2.7129e-04 7.6955e-01 1.0800e+05 2.9300e+01 1.9278e+00
5.0000e+01 1.7894e+04 2.9615e-04 7.6557e-01 1.7894e+04 5.2992e+00 1.9147e+00
5.0392e+01 1.0602e+04 4.2336e-04 7.6677e-01 1.0602e+04 4.4884e+00 1.9179e+00
5.0784e+01 1.0574e+04 5.9359e-04 7.6814e-01 1.0574e+04 6.2766e+00 1.9222e+00
5.1176e+01 1.1103e+04 6.0102e-04 7.5449e-01 1.1103e+04 6.6729e+00 1.8882e+00
5.1569e+01 1.1427e+04 7.1869e-04 7.5576e-01 1.1427e+04 8.2123e+00 1.8924e+00
5.1961e+01 1.1997e+04 9.4489e-04 7.7144e-01 1.1997e+04 1.1336e+01 1.9340e+00
5.2353e+01 1.2385e+04 1.2026e-03 7.9353e-01 1.2385e+04 1.4893e+01 1.9928e+00
5.2745e+01 1.2721e+04 1.3491e-03 8.0448e-01 1.2721e+04 1.7163e+01 2.0228e+00
5.3137e+01 1.2806e+04 1.4107e-03 8.0664e-01 1.2806e+04 1.8066e+01 2.0293e+00
5.3529e+01 1.2872e+04 1.4103e-03 8.0210e-01 1.2872e+04 1.8154e+01 2.0180e+00
5.3922e+01 1.2857e+04 1.4055e-03 7.9766e-01 1.2857e+04 1.8071e+01 2.0068e+00
5.4314e+01 1.2876e+04 1.3922e-03 7.9210e-01 1.2876e+04 1.7927e+01 1.9927e+00
5.4706e+01 1.2865e+04 1.3832e-03 7.8684e-01 1.2865e+04 1.7796e+01 1.9794e+00
5.5098e+01 1.2875e+04 1.3693e-03 7.8081e-01 1.2875e+04 1.7629e+01 1.9641e+00
5.5490e+01 1.2868e+04 1.3574e-03 7.7478e-01 1.2868e+04 1.7467e+01 1.9488e+00
5.5882e+01 1.2872e+04 1.3424e-03 7.6818e-01 1.2872e+04 1.7278e+01 1.9320e+00
5.6275e+01 1.2867e+04 1.3280e-03 7.6140e-01 1.2867e+04 1.7088e+01 1.9149e+00
5.6667e+01 1.2867e+04 1.3116e-03 7.5416e-01 1.2867e+04 1.6877e+01 1.8965e+00
5.7059e+01 1.2863e+04 1.2952e-03 7.4664e-01 1.2863e+04 1.6660e+01 1.8774e+00
5.7451e+01 1.2861e+04 1.2773e-03 7.3870e-01 1.2861e+04 1.6427e+01 1.8572e+00
5.7843e+01 1.2856e+04 1.2590e-03 7.3045e-01 1.2856e+04 1.6186e+01 1.8363e+00
5.8235e+01 1.2853e+04 1.2396e-03 7.2180e-01 1.2853e+04 1.5932e+01 1.8144e+00
5.8627e+01 1.2848e+04 1.2195e-03 7.1282e-01 1.2848e+04 1.5669e+01 1.7916e+00
5.9020e+01 1.2843e+04 1.1986e-03 7.0346e-01 1.2843e+04 1.5394e+01 1.7679e+00
5.9412e+01 1.2838e+04 1.1769e-03 6.9373e-01 1.2838e+04 1.5109e+01 1.7432e+00
5.9804e+01 1.2832e+04 1.1544e-03 6.8363e-01 1.2832e+04 1.4813e+01 1.7176e+00
6.0196e+01 1.2826e+04 1.1311e-03 6.7314e-01 1.2826e+04 1.4507e+01 1.6910e+00
6.0588e+01 1.2819e+04 1.1069e-03 6.6224e-01 1.2819e+04 1.4190e+01 1.6634e+00
6.0980e+01 1.2813e+04 1.0819e-03 6.5091e-01 1.2813e+04 1.3861e+01 1.6348e+00
6.1373e+01 1.2805e+04 1.0560e-03 6.3914e-01 1.2805e+04 1.3522e+01 1.6050e+00
6.1765e+01 1.2798e+04 1.0291e-03 6.2690e-01 1.2798e+04 1.3170e+01 1.5740e+00
6.2157e+01 1.2790e+04 1.0013e-03 6.1415e-01 1.2790e+04 1.2807e+01 1.5418e+00
6.2549e+01 1.2781e+04 9.7252e-04 6.0086e-01 1.2781e+04 1.2430e+01 1.5082e+00
6.2941e+01 1.2773e+04 9.4267e-04 5.8701e-01 1.2773e+04 1.2040e+01 1.4732e+00
6.3333e+01 1.2764e+04 9.1173e-04 5.7255e-01 1.2764e+04 1.1637e+01 1.4367e+00
6.3725e+01 1.2754e+04 8.7966e-04 5.5745e-01 1.2754e+04 1.1219e+01 1.3986e+00
6.4118e+01 1.2744e+04 8.4642e-04 5.4168e-01 1.2744e+04 1.0787e+01 1.3588e+00
6.4510e+01 1.2734e+04 8.1196e-04 5.2519e-01 1.2734e+04 1.0339e+01 1.3172e+00
6.4902e+01 1.2723e+04 7.7625e-04 5.0796e-01 1.2723e+04 9.8764e+00 1.2737e+00
6.5294e+01 1.2712e+04 7.3924e-04 4.8993e-01 1.2712e+04 9.3974e+00 1.2283e+00
6.5686e+01 1.2701e+04 7.0089e-04 4.7107e-01 1.2701e+04 8.9019e+00 1.1808e+00
6.6078e+01 1.2689e+04 6.6117e-04 4.5134e-01 1.2689e+04 8.3896e+00 1.1311e+00
6.6471e+01 1.2677e+04 6.2003e-04 4.3071e-01 1.2677e+04 7.8600e+00 1.0792e+00
6.6863e+01 1.2664e+04 5.7744e-04 4.0912e-01 1.2664e+04 7.3127e+00 1.0249e+00
6.7255e+01 1.2651e+04 5.3334e-04 3.8655e-01 1.2651e+04 6.7473e+00 9.6816e-01
6.7647e+01 1.2638e+04 4.8769e-04 3.6293e-01 1.2638e+04 6.1633e+00 9.0882e-01
6.8039e+01 1.2624e+04 4.4044e-04 3.3822e-01 1.2624e+04 5.5601e+00 8.4677e-01
6.8431e+01 1.2610e+04 3.9153e-04 3.1236e-01 1.2610e+04 4.9372e+00 7.8186e-01
6.8824e+01 1.2595e+04 3.4092e-04 2.8530e-01 1.2595e+04 4.2940e+00 7.1398e-01
6.9216e+01 1.2580e+04 2.8862e-04 2.5702e-01 1.2580e+04 3.6310e+00 6.4306e-01
6.9608e+01 1.2565e+04 2.3498e-04 2.2766e-01 1.2565e+04 2.9525e+00 5.6949e-01
7.0000e+01 1.2550e+04 1.8107e-04 1.9783e-01 1.2550e+04 2.2725e+00 4.9479e-01
7.0392e+01 1.2536e+04 1.2940e-04 1.6905e-01 1.2536e+04 1.6221e+00 4.2273e-01
7.0784e+01 1.2523e+04 8.3900e-05 1.4380e-01 1.2523e+04 1.0507e+00 3.5955e-01
7.1176e+01 1.2514e+04 4.8550e-05 1.2459e-01 1.2514e+04 6.0755e-01 3.1149e-01
7.1569e+01 1.2507e+04 2.4995e-05 1.1225e-01 1.2507e+04 3.1262e-01 2.8062e-01
7.1961e+01 1.2503e+04 1.1613e-05 1.0553e-01 1.2503e+04 1.4520e-01 2.6383e-01
7.2353e+01 1.2502e+04 5.0014e-06 1.0234e-01 1.2502e+04 6.2526e-02 2.5585e-01
7.2745e+01 1.2501e+04 2.0547e-06 1.0095e-01 1.2501e+04 2.5686e-02 2.5238e-01
7.3137e+01 1.2500e+04 8.2253e-07 1.0038e-01 1.2500e+04 1.0282e-02 2.5095e-01
7.3529e+01 1.2500e+04 3.2479e-07 1.0015e-01 1.2500e+04 4.0599e-03 2.5038e-01
7.3922e+01 1.2500e+04 1.2725e-07 1.0006e-01 1.2500e+04 1.5906e-03 2.5015e-01
7.4314e+01 1.2500e+04 4.9596e-08 1.0002e-01 1.2500e+04 6.1995e-04 2.5006e-01
7.4706e+01 1.2500e+04 1.9248e-08 1.0001e-01 1.2500e+04 2.4061e-04 2.5002e-01
7.5098e+01 1.2500e+04 7.4420e-09 1.0000e-01 1.2500e+04 9.3025e-05 2.5001e-01
7.5490e+01 1.2500e+04 2.8667e-09 1.0000e-01 1.2500e+04 3.5834e-05 2.5000e-01
7.5882e+01 1.2500e+04 1.1003e-09 1.0000e-01 1.2500e+04 1.3753e-05 2.5000e-01
7.6275e+01 1.2500e+04 4.2075e-10 1.0000e-01 1.2500e+04 5.2593e-06 2.5000e-01
7.6667e+01 1.2500e+04 1.6031e-10 1.0000e-01 1.2500e+04 2.0039e-06 2.5000e-01
7.7059e+01 1.2500e+04 6.0856e-11 1.0000e-01 1.2500e+04 7.6070e-07 2.5000e-01
7.7451e+01 1.2500e+04 2.3016e-11 1.0000e-01 1.2500e+04 2.8770e-07 2.5000e-01
7.7843e+01 1.2500e+04 8.6724e-12 1.0000e-01 1.2500e+04 1.0841e-07 2.5000e-01
7.8235e+01 1.2500e+04 3.2555e-12 1.0000e-01 1.2500e+04 4.0694e-08 2.5000e-01
7.8627e+01 1.2500e+04 1.2175e-12 1.0000e-01 1.2500e+04 1.5218e-08 2.5000e-01
7.9020e+01 1.2500e+04 4.5355e-13 1.0000e-01 1.2500e+04 5.6694e-09 2.5000e-01
7.9412e+01 1.2500e+04 1.6832e-13 1.0000e-01 1.2500e+04 2.1040e-09 2.5000e-01
7.9804e+01 1.2500e+04 6.2225e-14 1.0000e-01 1.2500e+04 7.7782e-10 2.5000e-01
8.0196e+01 1.2500e+04 2.2913e-14 1.0000e-01 1.2500e+04 2.8642e-10 2.5000e-01
8.0588e+01 1.2500e+04 8.4034e-15 1.0000e-01 1.2500e+04 1.0504e-10 2.5000e-01
8.0980e+01 1.2500e+04 3.0689e-15 1.0000e-01 1.2500e+04 3.8361e-11 2.5000e-01
8.1373e+01 1.2500e+04 1.1154e-15 1.0000e-01 1.2500e+04 1.3942e-11 2.5000e-01
8.1765e+01 1.2500e+04 4.0258e-16 1.0000e-01 1.2500e+04 5.0322e-12 2.5000e-01
8.2157e+01 1.2500e+04 1.4366e-16 1.0000e-01 1.2500e+04 1.7958e-12 2.5000e-01
8.2549e+01 1.2500e+04 5.0030e-17 1.0000e-01 1.2500e+04 6.2538e-13 2.5000e-01
8.2941e+01 1.2500e+04 1.6527e-17 1.0000e-01 1.2500e+04 2.0658e-13 2.5000e-01
8.3333e+01 1.2500e+04 4.6503e-18 1.0000e-01 1.2500e+04 5.8129e-14 2.5000e-01
8.3725e+01 1.2500e+04 7.7458e-19 1.0000e-01 1.2500e+04 9.6823e-15 2.5000e-01
8.4118e+01 1.2500e+04 1.6420e-20 1.0000e-01 1.2500e+04 2.0525e-16 2.5000e-01
8.4510e+01 1.2500e+04 0.0000e+00 1.0000e-01 1.2500e+04 0.0000e+00 2.5000e-01
8.4902e+01 1.2500e+04 0.0000e+00 1.0000e-01 1.2500e+04 0.0000e+00 2.5000e-01
8.5294e+01 1.2500e+04 0.0000e+00 1.0000e-01 1.2500e+04 0.0000e+00 2.5000e-01
8.5686e+01 1.2500e+04 0.0000e+00 1.0000e-01 1.2500e+04 0.0000e+00 2.5000e-01
8.6078e+01 1.2500e+04 0.0000e+00 1.0000e-01 1.2500e+04 0.0000e+00 2.5000e-01
8.6471e+01 1.2500e+04 0.0000e+00 1.0000e-01 1.2500e+04 0.0000e+00 2.5000e-01
8.6863e+01 1.2500e+04 0.0000e+00 1.0000e-01 1.2500e+04 0.0000e+00 2.5000e-01
8.7255e+01 1.2500e+04 0.0000e+00 1.0000e-01 1.2500e+04 0.0000e+00 2.5000e-01
8.7647e+01 1.2500e+04 0.0000e+00 1.0000e-01 1.2500e+04 0.0000e+00 2.5000e-01
8.8039e+01 1.2500e+04 0.0000e+00 1.0000e-01 1.2500e+04 0.0000e+00 2.5000e-01
8.8431e+01 1.2500e+04 0.0000e+00 1.0000e-01 1.2500e+04 0.0000e+00 2.5000e-01
8.8824e+01 1.2500e+04 0.0000e+00 1.0000e-01 1.2500e+04 0.0000e+00 2.5000e-01
8.9216e+01 1.2500e+04 0.0000e+00 1.0000e-01 1.2500e+04 0.0000e+00 2.5000e-01
8.9608e+01 1.2500e+04 0.0000e+00 1.0000e-01 1.2500e+04 0.0000e+00 2.5000e-01
9.0000e+01 1.2500e+04 0.0000e+00 1.0000e-01 1.2500e+04 0.0000e+00 2.5000e-01
9.0392e+01 1.2500e+04 0.0000e+00 1.0000e-01 1.2500e+04 0.0000e+00 2.5000e-01
9.0784e+01 1.2500e+04 0.0000e+00 1.0000e-01 1.2500e+04 0.0000e+00 2.5000e-01
9.1176e+01 1.2500e+04 0.0000e+00 1.0000e-01 1.2500e+04 0.0000e+00 2.5000e-01
9.1569e+01 1.2500e+04 0.0000e+00 1.0000e-01 1.2500e+04 0.0000e+00 2.5000e-01
9.1961e+01 1.2500e+04 0.0000e+00 1.0000e-01 1.2500e+04 0.0000e+00 2.5000e-01
9.2353e+01 1.2500e+04 0.0000e+00 1.0000e-01 1.2500e+04 0.0000e+00 2.5000e-01
9.2745e+01 1.2500e+04 0.0000e+00 1.0000e-01 1.2500e+04 0.0000e+00 2.5000e-01
9.3137e+01 1.2500e+04 0.0000e+00 1.0000e-01 1.2500e+04 0.0000e+00 2.5000e-01
9.3529e+01 1.2500e+04 0.0000e+00 1.0000e-01 1.2500e+04 0.0000e+00 2.5000e-01
9.3922e+01 1.2500e+04 0.0000e+00 1.0000e-01 1.2500e+04 0.0000e+00 2.5000e-01
9.4314e+01 1.2500e+04 0.0000e+00 1.0000e-01 1.2500e+04 0.0000e+00 2.5000e-01
9.4706e+01 1.2500e+04 0.0000e+00 1.0000e-01 1.2500e+04 0.0000e+00 2.5000e-01
9.5098e+01 1.2500e+04 0.0000e+00 1.0000e-01 1.2500e+04 0.0000e+00 2.5000e-01
9.5490e+01 1.2500e+04 0.0000e+00 1.0000e-01 1.2500e+04 0.0000e+00 2.5000e-01
9.5882e+01 1.2500e+04 0.0000e+00 1.0000e-01 1.2500e+04 0.0000e+00 2.5000e-01
9.6275e+01 1.2500e+04 0.0000e+00 1.0000e-01 1.2500e+04 0.0000e+00 2.5000e-01
9.6667e+01 1.2500e+04 0.0000e+00 1.0000e-01 1.2500e+04 0.0000e+00 2.5000e-01
9.7059e+01 1.2500e+04 0.0000e+00 1.0000e-01 1.2500e+04 0.0000e+00 2.5000e-01
9.7451e+01 1.2500e+04 0.0000e+00 1.0000e-01 1.2500e+04 0.0000e+00 2.5000e-01
9.7843e+01 1.2500e+04 0.0000e+00 1.0000e-01 1.2500e+04 0.0000e+00 2.5000e-01
9.8235e+01 1.2500e+04 0.0000e+00 1.0000e-01 1.2500e+04 0.0000e+00 2.5000e-01
9.8627e+01 1.2500e+04 0.0000e+00 1.0000e-01 1.2500e+04 0.0000e+00 2.5000e-01
9.9020e+01 1.2500e+04 0.0000e+00 1.0000e-01 1.2500e+04 0.0000e+00 2.5000e-01
9.9412e+01 1.2500e+04 0.0000e+00 1.0000e-01 1.2500e+04 0.0000e+00 2.5000e-01
9.9804e+01 1.2500e+04 0.0000e+00 1.0000e-01 1.2500e+04 0.0000e+00 2.5000e-01
