# # x Density Velocity Pressure q0 q1 q2
1.9608e-01 1.0000e+05 0.0000e+00 1.0000e+00 1.0000e+05 0.0000e+00 2.5000e+00
5.8824e-01 1.0000e+05 0.0000e+00 1.0000e+00 1.0000e+05 0.0000e+00 2.5000e+00
9.8039e-01 1.0000e+05 0.0000e+00 1.0000e+00 1.0000e+05 0.0000e+00 2.5000e+00
1.3725e+00 1.0000e+05 0.0000e+00 1.0000e+00 1.0000e+05 0.0000e+00 2.5000e+00
1.7647e+00 1.0000e+05 0.0000e+00 1.0000e+00 1.0000e+05 0.0000e+00 2.5000e+00
2.1569e+00 1.0000e+05 0.0000e+00 1.0000e+00 1.0000e+05 0.0000e+00 2.5000e+00
2.5490e+00 1.0000e+05 0.0000e+00 1.0000e+00 1.0000e+05 0.0000e+00 2.5000e+00
2.9412e+00 1.0000e+05 0.0000e+00 1.0000e+00 1.0000e+05 0.0000e+00 2.5000e+00
3.3333e+00 1.0000e+05 0.0000e+00 1.0000e+00 1.0000e+05 0.0000e+00 2.5000e+00
3.7255e+00 1.0000e+05 0.0000e+00 1.0000e+00 1.0000e+05 0.0000e+00 2.5000e+00
4.1176e+00 1.0000e+05 0.0000e+00 1.0000e+00 1.0000e+05 0.0000e+00 2.5000e+00
4.5098e+00 1.0000e+05 0.0000e+00 1.0000e+00 1.0000e+05 0.0000e+00 2.5000e+00
4.9020e+00 1.0000e+05 0.0000e+00 1.0000e+00 1.0000e+05 0.0000e+00 2.5000e+00
5.2941e+00 1.0000e+05 0.0000e+00 1.0000e+00 1.0000e+05 0.0000e+00 2.5000e+00
5.6863e+00 1.0000e+05 0.0000e+00 1.0000e+00 1.0000e+05 0.0000e+00 2.5000e+00
6.0784e+00 1.0000e+05 0.0000e+00 1.0000e+00 1.0000e+05 0.0000e+00 2.5000e+00
6.4706e+00 1.0000e+05 0.0000e+00 1.0000e+00 1.0000e+05 0.0000e+00 2.5000e+00
6.8627e+00 1.0000e+05 0.0000e+00 1.0000e+00 1.0000e+05 0.0000e+00 2.5000e+00
7.2549e+00 1.0000e+05 0.0000e+00 1.0000e+00 1.0000e+05 0.0000e+00 2.5000e+00
7.6471e+00 1.0000e+05 0.0000e+00 1.0000e+00 1.0000e+05 0.0000e+00 2.5000e+00
8.0392e+00 1.0000e+05 0.0000e+00 1.0000e+00 1.0000e+05 0.0000e+00 2.5000e+00
8.4314e+00 1.0000e+05 0.0000e+00 1.0000e+00 1.0000e+05 0.0000e+00 2.5000e+00
8.8235e+00 1.0000e+05 0.0000e+00 1.0000e+00 1.0000e+05 0.0000e+00 2.5000e+00
9.2157e+00 1.0000e+05 0.0000e+00 1.0000e+00 1.0000e+05 0.0000e+00 2.5000e+00
9.6078e+00 1.0000e+05 0.0000e+00 1.0000e+00 1.0000e+05 0.0000e+00 2.5000e+00
1.0000e+01 1.0000e+05 0.0000e+00 1.0000e+00 1.0000e+05 0.0000e+00 2.5000e+00
1.0392e+01 1.0000e+05 0.0000e+00 1.0000e+00 1.0000e+05 0.0000e+00 2.5000e+00
1.0784e+01 1.0000e+05 0.0000e+00 1.0000e+00 1.0000e+05 0.0000e+00 2.5000e+00
1.1176e+01 1.0000e+05 0.0000e+00 1.0000e+00 1.0000e+05 0.0000e+00 2.5000e+00
1.1569e+01 1.0000e+05 0.0000e+00 1.0000e+00 1.0000e+05 0.0000e+00 2.5000e+00
1.1961e+01 1.0000e+05 0.0000e+00 1.0000e+00 1.0000e+05 0.0000e+00 2.5000e+00
1.2353e+01 1.0000e+05 0.0000e+00 1.0000e+00 1.0000e+05 0.0000e+00 2.5000e+00
1.2745e+01 1.0000e+05 0.0000e+00 1.0000e+00 1.0000e+05 0.0000e+00 2.5000e+00
1.3137e+01 1.0000e+05 0.0000e+00 1.0000e+00 1.0000e+05 0.0000e+00 2.5000e+00
1.3529e+01 1.0000e+05 0.0000e+00 1.0000e+00 1.0000e+05 0.0000e+00 2.5000e+00
1.3922e+01 1.0000e+05 0.0000e+00 1.0000e+00 1.0000e+05 0.0000e+00 2.5000e+00
1.4314e+01 1.0000e+05 0.0000e+00 1.0000e+00 1.0000e+05 0.0000e+00 2.5000e+00
1.4706e+01 1.0000e+05 0.0000e+00 1.0000e+00 1.0000e+05 0.0000e+00 2.5000e+00
1.5098e+01 1.0000e+05 0.0000e+00 1.0000e+00 1.0000e+05 0.0000e+00 2.5000e+00
1.5490e+01 1.0000e+05 0.0000e+00 1.0000e+00 1.0000e+05 0.0000e+00 2.5000e+00
1.5882e+01 1.0000e+05 0.0000e+00 1.0000e+00 1.0000e+05 0.0000e+00 2.5000e+00
1.6275e+01 1.0000e+05 0.0000e+00 1.0000e+00 1.0000e+05 0.0000e+00 2.5000e+00
1.6667e+01 1.0000e+05 0.0000e+00 1.0000e+00 1.0000e+05 0.0000e+00 2.5000e+00
1.7059e+01 1.0000e+05 0.0000e+00 1.0000e+00 1.0000e+05 0.0000e+00 2.5000e+00
1.7451e+01 1.0000e+05 7.9270e-20 1.0000e+00 1.0000e+05 7.9270e-15 2.5000e+00
1.7843e+01 1.0000e+05 7.8590e-19 1.0000e+00 1.0000e+05 7.8590e-14 2.5000e+00
1.8235e+01 1.0000e+05 2.8622e-18 1.0000e+00 1.0000e+05 2.8622e-13 2.5000e+00
1.8627e+01 1.0000e+05 6.4129e-18 1.0000e+00 1.0000e+05 6.4129e-13 2.5000e+00
1.9020e+01 1.0000e+05 1.2268e-17 1.0000e+00 1.0000e+05 1.2268e-12 2.5000e+00
1.9412e+01 1.0000e+05 2.2915e-17 1.0000e+00 1.0000e+05 2.2915e-12 2.5000e+00
1.9804e+01 1.0000e+05 4.3316e-17 1.0000e+00 1.0000e+05 4.3316e-12 2.5000e+00
2.0196e+01 1.0000e+05 8.3828e-17 1.0000e+00 1.0000e+05 8.3828e-12 2.5000e+00
2.0588e+01 1.0000e+05 1.6428e-16 1.0000e+00 1.0000e+05 1.6428e-11 2.5000e+00
2.0980e+01 1.0000e+05 3.2329e-16 1.0000e+00 1.0000e+05 3.2329e-11 2.5000e+00
2.1373e+01 1.0000e+05 6.3601e-16 1.0000e+00 1.0000e+05 6.3601e-11 2.5000e+00
2.1765e+01 1.0000e+05 1.2473e-15 1.0000e+00 1.0000e+05 1.2473e-10 2.5000e+00
2.2157e+01 1.0000e+05 2.4320e-15 1.0000e+00 1.0000e+05 2.4320e-10 2.5000e+00
2.2549e+01 1.0000e+05 4.7086e-15 1.0000e+00 1.0000e+05 4.7086e-10 2.5000e+00
2.2941e+01 1.0000e+05 9.0454e-15 1.0000e+00 1.0000e+05 9.0454e-10 2.5000e+00
2.3333e+01 1.0000e+05 1.7239e-14 1.0000e+00 1.0000e+05 1.7239e-09 2.5000e+00
2.3725e+01 1.0000e+05 3.2591e-14 1.0000e+00 1.0000e+05 3.2591e-09 2.5000e+00
2.4118e+01 1.0000e+05 6.1106e-14 1.0000e+00 1.0000e+05 6.1106e-09 2.5000e+00
2.4510e+01 1.0000e+05 1.1362e-13 1.0000e+00 1.0000e+05 1.1362e-08 2.5000e+00
2.4902e+01 1.0000e+05 2.0950e-13 1.0000e+00 1.0000e+05 2.0950e-08 2.5000e+00
2.5294e+01 1.0000e+05 3.8305e-13 1.0000e+00 1.0000e+05 3.8305e-08 2.5000e+00
2.5686e+01 1.0000e+05 6.9447e-13 1.0000e+00 1.0000e+05 6.9447e-08 2.5000e+00
2.6078e+01 1.0000e+05 1.2484e-12 1.0000e+00 1.0000e+05 1.2484e-07 2.5000e+00
2.6471e+01 1.0000e+05 2.2252e-12 1.0000e+00 1.0000e+05 2.2252e-07 2.5000e+00
2.6863e+01 1.0000e+05 3.9326e-12 1.0000e+00 1.0000e+05 3.9326e-07 2.5000e+00
2.7255e+01 1.0000e+05 6.8904e-12 1.0000e+00 1.0000e+05 6.8904e-07 2.5000e+00
2.7647e+01 1.0000e+05 1.1970e-11 1.0000e+00 1.0000e+05 1.1970e-06 2.5000e+00
2.8039e+01 1.0000e+05 2.0614e-11 1.0000e+00 1.0000e+05 2.0614e-06 2.5000e+00
2.8431e+01 1.0000e+05 3.5195e-11 1.0000e+00 1.0000e+05 3.5195e-06 2.5000e+00
2.8824e+01 1.0000e+05 5.9569e-11 1.0000e+00 1.0000e+05 5.9569e-06 2.5000e+00
2.9216e+01 1.0000e+05 9.9947e-11 1.0000e+00 1.0000e+05 9.9947e-06 2.5000e+00
2.9608e+01 1.0000e+05 1.6623e-10 1.0000e+00 1.0000e+05 1.6623e-05 2.5000e+00
3.0000e+01 1.0000e+05 2.7407e-10 1.0000e+00 1.0000e+05 2.7407e-05 2.5000e+00
3.0392e+01 1.0000e+05 4.4790e-10 1.0000e+00 1.0000e+05 4.4790e-05 2.5000e+00
3.0784e+01 1.0000e+05 7.2554e-10 1.0000e+00 1.0000e+05 7.2554e-05 2.5000e+00
3.1176e+01 1.0000e+05 1.1649e-09 1.0000e+00 1.0000e+05 1.1649e-04 2.5000e+00
3.1569e+01 1.0000e+05 1.8539e-09 9.9999e-01 1.0000e+05 1.8539e-04 2.5000e+00
3.1961e+01 1.0000e+05 2.9241e-09 9.9999e-01 1.0000e+05 2.9241e-04 2.5000e+00
3.2353e+01 1.0000e+05 4.5712e-09 9.9999e-01 1.0000e+05 4.5712e-04 2.5000e+00
3.2745e+01 1.0000e+05 7.0824e-09 9.9998e-01 1.0000e+05 7.0824e-04 2.5000e+00
3.3137e+01 1.0000e+05 1.0875e-08 9.9997e-01 1.0000e+05 1.0875e-03 2.4999e+00
3.3529e+01 1.0000e+05 1.6550e-08 9.9996e-01 1.0000e+05 1.6550e-03 2.4999e+00
3.3922e+01 1.0000e+05 2.4960e-08 9.9994e-01 1.0000e+05 2.4960e-03 2.4998e+00
3.4314e+01 1.0000e+05 3.7305e-08 9.9991e-01 1.0000e+05 3.7305e-03 2.4998e+00
3.4706e+01 1.0000e+05 5.5254e-08 9.9987e-01 1.0000e+05 5.5253e-03 2.4997e+00
3.5098e+01 1.0000e+05 8.1100e-08 9.9981e-01 1.0000e+05 8.1100e-03 2.4995e+00
3.5490e+01 9.9999e+04 1.1796e-07 9.9972e-01 9.9999e+04 1.1796e-02 2.4993e+00
3.5882e+01 9.9999e+04 1.7003e-07 9.9961e-01 9.9999e+04 1.7003e-02 2.4990e+00
3.6275e+01 9.9999e+04 2.4286e-07 9.9946e-01 9.9999e+04 2.4285e-02 2.4986e+00
3.6667e+01 9.9998e+04 3.4374e-07 9.9925e-01 9.9998e+04 3.4373e-02 2.4981e+00
3.7059e+01 9.9998e+04 4.8211e-07 9.9897e-01 9.9998e+04 4.8210e-02 2.4974e+00
3.7451e+01 9.9997e+04 6.7005e-07 9.9860e-01 9.9997e+04 6.7003e-02 2.4965e+00
3.7843e+01 9.9996e+04 9.2283e-07 9.9811e-01 9.9996e+04 9.2279e-02 2.4953e+00
3.8235e+01 9.9994e+04 1.2594e-06 9.9749e-01 9.9994e+04 1.2594e-01 2.4937e+00
3.8627e+01 9.9991e+04 1.7033e-06 9.9669e-01 9.9991e+04 1.7032e-01 2.4917e+00
3.9020e+01 9.9988e+04 2.2828e-06 9.9567e-01 9.9988e+04 2.2825e-01 2.4892e+00
3.9412e+01 9.9984e+04 3.0320e-06 9.9440e-01 9.9984e+04 3.0315e-01 2.4860e+00
3.9804e+01 9.9978e+04 3.9908e-06 9.9283e-01 9.9978e+04 3.9900e-01 2.4821e+00
4.0196e+01 9.9971e+04 5.2061e-06 9.9089e-01 9.9971e+04 5.2046e-01 2.4772e+00
4.0588e+01 9.9962e+04 6.7313e-06 9.8855e-01 9.9962e+04 6.7287e-01 2.4714e+00
4.0980e+01 9.9950e+04 8.6266e-06 9.8574e-01 9.9950e+04 8.6222e-01 2.4644e+00
4.1373e+01 9.9935e+04 1.0959e-05 9.8241e-01 9.9935e+04 1.0952e+00 2.4560e+00
4.1765e+01 9.9916e+04 1.3802e-05 9.7850e-01 9.9916e+04 1.3790e+00 2.4463e+00
4.2157e+01 9.9892e+04 1.7234e-05 9.7396e-01 9.9892e+04 1.7215e+00 2.4349e+00
4.2549e+01 9.9863e+04 2.1339e-05 9.6874e-01 9.9863e+04 2.1309e+00 2.4219e+00
4.2941e+01 9.9827e+04 2.6202e-05 9.6280e-01 9.9827e+04 2.6156e+00 2.4070e+00
4.3333e+01 9.9783e+04 3.1911e-05 9.5612e-01 9.9783e+04 3.1842e+00 2.3904e+00
4.3725e+01 9.9731e+04 3.8554e-05 9.4868e-01 9.9731e+04 3.8450e+00 2.3718e+00
4.4118e+01 9.9669e+04 4.6216e-05 9.4046e-01 9.9669e+04 4.6063e+00 2.3513e+00
4.4510e+01 9.9595e+04 5.4978e-05 9.3149e-01 9.9595e+04 5.4756e+00 2.3289e+00
4.4902e+01 9.9509e+04 6.4916e-05 9.2177e-01 9.9509e+04 6.4597e+00 2.3046e+00
4.5294e+01 9.9408e+04 7.6094e-05 9.1135e-01 9.9408e+04 7.5644e+00 2.2787e+00
4.5686e+01 9.9292e+04 8.8568e-05 9.0027e-01 9.9292e+04 8.7941e+00 2.2511e+00
4.6078e+01 9.9159e+04 1.0240e-04 8.8861e-01 9.9159e+04 1.0154e+01 2.2220e+00
4.6471e+01 9.9004e+04 1.1752e-04 8.7641e-01 9.9004e+04 1.1635e+01 2.1917e+00
4.6863e+01 9.8842e+04 1.3445e-04 8.6393e-01 9.8842e+04 1.3290e+01 2.1607e+00
4.7255e+01 9.8603e+04 1.5083e-04 8.5048e-01 9.8603e+04 1.4873e+01 2.1273e+00
4.7647e+01 9.8555e+04 1.7608e-04 8.3940e-01 9.8555e+04 1.7354e+01 2.1000e+00
4.8039e+01 9.7788e+04 1.7830e-04 8.2000e-01 9.7788e+04 1.7436e+01 2.0516e+00
4.8431e+01 9.8816e+04 2.4480e-04 8.2195e-01 9.8816e+04 2.4190e+01 2.0578e+00
4.8824e+01 9.6207e+04 1.8692e-04 7.8234e-01 9.6207e+04 1.7983e+01 1.9575e+00
4.9216e+01 9.7912e+04 3.0528e-04 8.0093e-01 9.7912e+04 2.9891e+01 2.0069e+00
4.9608e+01 1.0813e+05 2.7313e-04 7.6990e-01 1.0813e+05 2.9533e+01 1.9288e+00
5.0000e+01 1.8021e+04 2.9635e-04 7.6551e-01 1.8021e+04 5.3406e+00 1.9146e+00
5.0392e+01 1.0597e+04 4.2081e-04 7.6649e-01 1.0597e+04 4.4593e+00 1.9172e+00
5.0784e+01 1.0563e+04 5.9919e-04 7.6877e-01 1.0563e+04 6.3290e+00 1.9238e+00
5.1176e+01 1.1093e+04 6.0694e-04 7.5519e-01 1.1093e+04 6.7329e+00 1.8900e+00
5.1569e+01 1.1404e+04 7.1047e-04 7.5493e-01 1.1404e+04 8.1021e+00 1.8902e+00
5.1961e+01 1.1963e+04 9.2681e-04 7.6946e-01 1.1963e+04 1.1087e+01 1.9288e+00
5.2353e+01 1.2355e+04 1.1866e-03 7.9171e-01 1.2355e+04 1.4660e+01 1.9880e+00
5.2745e+01 1.2705e+04 1.3423e-03 8.0369e-01 1.2705e+04 1.7053e+01 2.0207e+00
5.3137e+01 1.2801e+04 1.4111e-03 8.0669e-01 1.2801e+04 1.8063e+01 2.0295e+00
5.3529e+01 1.2872e+04 1.4139e-03 8.0251e-01 1.2872e+04 1.8200e+01 2.0191e+00
5.3922e+01 1.2858e+04 1.4096e-03 7.9817e-01 1.2858e+04 1.8124e+01 2.0082e+00
5.4314e+01 1.2878e+04 1.3966e-03 7.9272e-01 1.2878e+04 1.7985e+01 1.9944e+00
5.4706e+01 1.2867e+04 1.3878e-03 7.8756e-01 1.2867e+04 1.7857e+01 1.9813e+00
5.5098e+01 1.2876e+04 1.3742e-03 7.8165e-01 1.2876e+04 1.7694e+01 1.9663e+00
5.5490e+01 1.2870e+04 1.3625e-03 7.7574e-01 1.2870e+04 1.7536e+01 1.9513e+00
5.5882e+01 1.2874e+04 1.3478e-03 7.6927e-01 1.2874e+04 1.7351e+01 1.9349e+00
5.6275e+01 1.2869e+04 1.3337e-03 7.6262e-01 1.2869e+04 1.7164e+01 1.9180e+00
5.6667e+01 1.2869e+04 1.3176e-03 7.5551e-01 1.2869e+04 1.6957e+01 1.8999e+00
5.7059e+01 1.2865e+04 1.3015e-03 7.4813e-01 1.2865e+04 1.6744e+01 1.8812e+00
5.7451e+01 1.2863e+04 1.2839e-03 7.4034e-01 1.2863e+04 1.6515e+01 1.8614e+00
5.7843e+01 1.2859e+04 1.2659e-03 7.3223e-01 1.2859e+04 1.6278e+01 1.8409e+00
5.8235e+01 1.2855e+04 1.2467e-03 7.2374e-01 1.2855e+04 1.6027e+01 1.8193e+00
5.8627e+01 1.2851e+04 1.2270e-03 7.1491e-01 1.2851e+04 1.5768e+01 1.7969e+00
5.9020e+01 1.2846e+04 1.2063e-03 7.0570e-01 1.2846e+04 1.5496e+01 1.7736e+00
5.9412e+01 1.2841e+04 1.1849e-03 6.9614e-01 1.2841e+04 1.5216e+01 1.7494e+00
5.9804e+01 1.2835e+04 1.1627e-03 6.8620e-01 1.2835e+04 1.4924e+01 1.7242e+00
6.0196e+01 1.2829e+04 1.1397e-03 6.7588e-01 1.2829e+04 1.4622e+01 1.6980e+00
6.0588e+01 1.2823e+04 1.1159e-03 6.6516e-01 1.2823e+04 1.4309e+01 1.6709e+00
6.0980e+01 1.2816e+04 1.0912e-03 6.5403e-01 1.2816e+04 1.3985e+01 1.6427e+00
6.1373e+01 1.2809e+04 1.0657e-03 6.4247e-01 1.2809e+04 1.3650e+01 1.6134e+00
6.1765e+01 1.2801e+04 1.0392e-03 6.3044e-01 1.2801e+04 1.3303e+01 1.5830e+00
6.2157e+01 1.2793e+04 1.0118e-03 6.1793e-01 1.2793e+04 1.2945e+01 1.5514e+00
6.2549e+01 1.2785e+04 9.8348e-04 6.0489e-01 1.2785e+04 1.2574e+01 1.5184e+00
6.2941e+01 1.2777e+04 9.5409e-04 5.9131e-01 1.2777e+04 1.2190e+01 1.4841e+00
6.3333e+01 1.2768e+04 9.2365e-04 5.7715e-01 1.2768e+04 1.1793e+01 1.4483e+00
6.3725e+01 1.2758e+04 8.9210e-04 5.6236e-01 1.2758e+04 1.1382e+01 1.4110e+00
6.4118e+01 1.2749e+04 8.5941e-04 5.4693e-01 1.2749e+04 1.0956e+01 1.3720e+00
6.4510e+01 1.2738e+04 8.2553e-04 5.3080e-01 1.2738e+04 1.0516e+01 1.3313e+00
6.4902e+01 1.2728e+04 7.9043e-04 5.1394e-01 1.2728e+04 1.0061e+01 1.2888e+00
6.5294e+01 1.2717e+04 7.5407e-04 4.9632e-01 1.2717e+04 9.5896e+00 1.2444e+00
6.5686e+01 1.2706e+04 7.1640e-04 4.7790e-01 1.2706e+04 9.1024e+00 1.1980e+00
6.6078e+01 1.2694e+04 6.7738e-04 4.5864e-01 1.2694e+04 8.5988e+00 1.1495e+00
6.6471e+01 1.2682e+04 6.3698e-04 4.3850e-01 1.2682e+04 8.0783e+00 1.0988e+00
6.6863e+01 1.2670e+04 5.9515e-04 4.1744e-01 1.2670e+04 7.5405e+00 1.0458e+00
6.7255e+01 1.2657e+04 5.5186e-04 3.9541e-01 1.2657e+04 6.9849e+00 9.9046e-01
6.7647e+01 1.2644e+04 5.0706e-04 3.7238e-01 1.2644e+04 6.4112e+00 9.3258e-01
6.8039e+01 1.2630e+04 4.6070e-04 3.4830e-01 1.2630e+04 5.8187e+00 8.7208e-01
6.8431e+01 1.2616e+04 4.1272e-04 3.2310e-01 1.2616e+04 5.2070e+00 8.0883e-01
6.8824e+01 1.2602e+04 3.6308e-04 2.9675e-01 1.2602e+04 4.5755e+00 7.4270e-01
6.9216e+01 1.2587e+04 3.1174e-04 2.6919e-01 1.2587e+04 3.9240e+00 6.7357e-01
6.9608e+01 1.2572e+04 2.5886e-04 2.4047e-01 1.2572e+04 3.2545e+00 6.0158e-01
7.0000e+01 1.2557e+04 2.0511e-04 2.1093e-01 1.2557e+04 2.5756e+00 5.2759e-01
7.0392e+01 1.2542e+04 1.5224e-04 1.8161e-01 1.2542e+04 1.9095e+00 4.5417e-01
7.0784e+01 1.2529e+04 1.0358e-04 1.5458e-01 1.2529e+04 1.2977e+00 3.8651e-01
7.1176e+01 1.2518e+04 6.3323e-05 1.3248e-01 1.2518e+04 7.9267e-01 3.3124e-01
7.1569e+01 1.2510e+04 3.4434e-05 1.1710e-01 1.2510e+04 4.3077e-01 2.9275e-01
7.1961e+01 1.2505e+04 1.6758e-05 1.0807e-01 1.2505e+04 2.0956e-01 2.7017e-01
7.2353e+01 1.2502e+04 7.4620e-06 1.0351e-01 1.2502e+04 9.3291e-02 2.5878e-01
7.2745e+01 1.2501e+04 3.1296e-06 1.0145e-01 1.2501e+04 3.9123e-02 2.5364e-01
7.3137e+01 1.2500e+04 1.2680e-06 1.0059e-01 1.2500e+04 1.5850e-02 2.5147e-01
7.3529e+01 1.2500e+04 5.0436e-07 1.0023e-01 1.2500e+04 6.3046e-03 2.5058e-01
7.3922e+01 1.2500e+04 1.9863e-07 1.0009e-01 1.2500e+04 2.4829e-03 2.5023e-01
7.4314e+01 1.2500e+04 7.7750e-08 1.0004e-01 1.2500e+04 9.7188e-04 2.5009e-01
7.4706e+01 1.2500e+04 3.0295e-08 1.0001e-01 1.2500e+04 3.7868e-04 2.5004e-01
7.5098e+01 1.2500e+04 1.1758e-08 1.0001e-01 1.2500e+04 1.4697e-04 2.5001e-01
7.5490e+01 1.2500e+04 4.5466e-09 1.0000e-01 1.2500e+04 5.6832e-05 2.5001e-01
7.5882e+01 1.2500e+04 1.7517e-09 1.0000e-01 1.2500e+04 2.1897e-05 2.5000e-01
7.6275e+01 1.2500e+04 6.7249e-10 1.0000e-01 1.2500e+04 8.4062e-06 2.5000e-01
7.6667e+01 1.2500e+04 2.5724e-10 1.0000e-01 1.2500e+04 3.2155e-06 2.5000e-01
7.7059e+01 1.2500e+04 9.8040e-11 1.0000e-01 1.2500e+04 1.2255e-06 2.5000e-01
7.7451e+01 1.2500e+04 3.7229e-11 1.0000e-01 1.2500e+04 4.6537e-07 2.5000e-01
7.7843e+01 1.2500e+04 1.4085e-11 1.0000e-01 1.2500e+04 1.7607e-07 2.5000e-01
7.8235e+01 1.2500e+04 5.3092e-12 1.0000e-01 1.2500e+04 6.6365e-08 2.5000e-01
7.8627e+01 1.2500e+04 1.9938e-12 1.0000e-01 1.2500e+04 2.4922e-08 2.5000e-01
7.9020e+01 1.2500e+04 7.4592e-13 1.0000e-01 1.2500e+04 9.3240e-09 2.5000e-01
7.9412e+01 1.2500e+04 2.7801e-13 1.0000e-01 1.2500e+04 3.4751e-09 2.5000e-01
7.9804e+01 1.2500e+04 1.0322e-13 1.0000e-01 1.2500e+04 1.2903e-09 2.5000e-01
8.0196e+01 1.2500e+04 3.8177e-14 1.0000e-01 1.2500e+04 4.7721e-10 2.5000e-01
8.0588e+01 1.2500e+04 1.4064e-14 1.0000e-01 1.2500e+04 1.7581e-10 2.5000e-01
8.0980e+01 1.2500e+04 5.1604e-15 1.0000e-01 1.2500e+04 6.4505e-11 2.5000e-01
8.1373e+01 1.2500e+04 1.8851e-15 1.0000e-01 1.2500e+04 2.3564e-11 2.5000e-01
8.1765e+01 1.2500e+04 6.8477e-16 1.0000e-01 1.2500e+04 8.5597e-12 2.5000e-01
8.2157e+01 1.2500e+04 2.4664e-16 1.0000e-01 1.2500e+04 3.0830e-12 2.5000e-01
8.2549e+01 1.2500e+04 8.7350e-17 1.0000e-01 1.2500e+04 1.0919e-12 2.5000e-01
8.2941e+01 1.2500e+04 2.9918e-17 1.0000e-01 1.2500e+04 3.7398e-13 2.5000e-01
8.3333e+01 1.2500e+04 9.4294e-18 1.0000e-01 1.2500e+04 1.1787e-13 2.5000e-01
8.3725e+01 1.2500e+04 2.2745e-18 1.0000e-01 1.2500e+04 2.8431e-14 2.5000e-01
8.4118e+01 1.2500e+04 1.3561e-19 1.0000e-01 1.2500e+04 1.6951e-15 2.5000e-01
8.4510e+01 1.2500e+04 0.0000e+00 1.0000e-01 1.2500e+04 0.0000e+00 2.5000e-01
8.4902e+01 1.2500e+04 0.0000e+00 1.0000e-01 1.2500e+04 0.0000e+00 2.5000e-01
8.5294e+01 1.2500e+04 0.0000e+00 1.0000e-01 1.2500e+04 0.0000e+00 2.5000e-01
8.5686e+01 1.2500e+04 0.0000e+00 1.0000e-01 1.2500e+04 0.0000e+00 2.5000e-01
8.6078e+01 1.2500e+04 0.0000e+00 1.0000e-01 1.2500e+04 0.0000e+00 2.5000e-01
8.6471e+01 1.2500e+04 0.0000e+00 1.0000e-01 1.2500e+04 0.0000e+00 2.5000e-01
8.6863e+01 1.2500e+04 0.0000e+00 1.0000e-01 1.2500e+04 0.0000e+00 2.5000e-01
8.7255e+01 1.2500e+04 0.0000e+00 1.0000e-01 1.2500e+04 0.0000e+00 2.5000e-01
8.7647e+01 1.2500e+04 0.0000e+00 1.0000e-01 1.2500e+04 0.0000e+00 2.5000e-01
8.8039e+01 1.2500e+04 0.0000e+00 1.0000e-01 1.2500e+04 0.0000e+00 2.5000e-01
8.8431e+01 1.2500e+04 0.0000e+00 1.0000e-01 1.2500e+04 0.0000e+00 2.5000e-01
8.8824e+01 1.2500e+04 0.0000e+00 1.0000e-01 1.2500e+04 0.0000e+00 2.5000e-01
8.9216e+01 1.2500e+04 0.0000e+00 1.0000e-01 1.2500e+04 0.0000e+00 2.5000e-01
8.9608e+01 1.2500e+04 0.0000e+00 1.0000e-01 1.2500e+04 0.0000e+00 2.5000e-01
9.0000e+01 1.2500e+04 0.0000e+00 1.0000e-01 1.2500e+04 0.0000e+00 2.5000e-01
9.0392e+01 1.2500e+04 0.0000e+00 1.0000e-01 1.2500e+04 0.0000e+00 2.5000e-01
9.0784e+01 1.2500e+04 0.0000e+00 1.0000e-01 1.2500e+04 0.0000e+00 2.5000e-01
9.1176e+01 1.2500e+04 0.0000e+00 1.0000e-01 1.2500e+04 0.0000e+00 2.5000e-01
9.1569e+01 1.2500e+04 0.0000e+00 1.0000e-01 1.2500e+04 0.0000e+00 2.5000e-01
9.1961e+01 1.2500e+04 0.0000e+00 1.0000e-01 1.2500e+04 0.0000e+00 2.5000e-01
9.2353e+01 1.2500e+04 0.0000e+00 1.0000e-01 1.2500e+04 0.0000e+00 2.5000e-01
9.2745e+01 1.2500e+04 0.0000e+00 1.0000e-01 1.2500e+04 0.0000e+00 2.5000e-01
9.3137e+01 1.2500e+04 0.0000e+00 1.0000e-01 1.2500e+04 0.0000e+00 2.5000e-01
9.3529e+01 1.2500e+04 0.0000e+00 1.0000e-01 1.2500e+04 0.0000e+00 2.5000e-01
9.3922e+01 1.2500e+04 0.0000e+00 1.0000e-01 1.2500e+04 0.0000e+00 2.5000e-01
9.4314e+01 1.2500e+04 0.0000e+00 1.0000e-01 1.2500e+04 0.0000e+00 2.5000e-01
9.4706e+01 1.2500e+04 0.0000e+00 1.0000e-01 1.2500e+04 0.0000e+00 2.5000e-01
9.5098e+01 1.2500e+04 0.0000e+00 1.0000e-01 1.2500e+04 0.0000e+00 2.5000e-01
9.5490e+01 1.2500e+04 0.0000e+00 1.0000e-01 1.2500e+04 0.0000e+00 2.5000e-01
9.5882e+01 1.2500e+04 0.0000e+00 1.0000e-01 1.2500e+04 0.0000e+00 2.5000e-01
9.6275e+01 1.2500e+04 0.0000e+00 1.0000e-01 1.2500e+04 0.0000e+00 2.5000e-01
9.6667e+01 1.2500e+04 0.0000e+00 1.0000e-01 1.2500e+04 0.0000e+00 2.5000e-01
9.7059e+01 1.2500e+04 0.0000e+00 1.0000e-01 1.2500e+04 0.0000e+00 2.5000e-01
9.7451e+01 1.2500e+04 0.0000e+00 1.0000e-01 1.2500e+04 0.0000e+00 2.5000e-01
9.7843e+01 1.2500e+04 0.0000e+00 1.0000e-01 1.2500e+04 0.0000e+00 2.5000e-01
9.8235e+01 1.2500e+04 0.0000e+00 1.0000e-01 1.2500e+04 0.0000e+00 2.5000e-01
9.8627e+01 1.2500e+04 0.0000e+00 1.0000e-01 1.2500e+04 0.0000e+00 2.5000e-01
9.9020e+01 1.2500e+04 0.0000e+00 1.0000e-01 1.2500e+04 0.0000e+00 2.5000e-01
9.9412e+01 1.2500e+04 0.0000e+00 1.0000e-01 1.2500e+04 0.0000e+00 2.5000e-01
9.9804e+01 1.2500e+04 0.0000e+00 1.0000e-01 1.2500e+04 0.0000e+00 2.5000e-01
