# # x Density Velocity Pressure q0 q1 q2
1.9608e-01 1.0000e+05 0.0000e+00 1.0000e+00 1.0000e+05 0.0000e+00 2.5000e+00
5.8824e-01 1.0000e+05 0.0000e+00 1.0000e+00 1.0000e+05 0.0000e+00 2.5000e+00
9.8039e-01 1.0000e+05 0.0000e+00 1.0000e+00 1.0000e+05 0.0000e+00 2.5000e+00
1.3725e+00 1.0000e+05 0.0000e+00 1.0000e+00 1.0000e+05 0.0000e+00 2.5000e+00
1.7647e+00 1.0000e+05 0.0000e+00 1.0000e+00 1.0000e+05 0.0000e+00 2.5000e+00
2.1569e+00 1.0000e+05 0.0000e+00 1.0000e+00 1.0000e+05 0.0000e+00 2.5000e+00
2.5490e+00 1.0000e+05 0.0000e+00 1.0000e+00 1.0000e+05 0.0000e+00 2.5000e+00
2.9412e+00 1.0000e+05 0.0000e+00 1.0000e+00 1.0000e+05 0.0000e+00 2.5000e+00
3.3333e+00 1.0000e+05 0.0000e+00 1.0000e+00 1.0000e+05 0.0000e+00 2.5000e+00
3.7255e+00 1.0000e+05 0.0000e+00 1.0000e+00 1.0000e+05 0.0000e+00 2.5000e+00
4.1176e+00 1.0000e+05 0.0000e+00 1.0000e+00 1.0000e+05 0.0000e+00 2.5000e+00
4.5098e+00 1.0000e+05 0.0000e+00 1.0000e+00 1.0000e+05 0.0000e+00 2.5000e+00
4.9020e+00 1.0000e+05 0.0000e+00 1.0000e+00 1.0000e+05 0.0000e+00 2.5000e+00
5.2941e+00 1.0000e+05 0.0000e+00 1.0000e+00 1.0000e+05 0.0000e+00 2.5000e+00
5.6863e+00 1.0000e+05 0.0000e+00 1.0000e+00 1.0000e+05 0.0000e+00 2.5000e+00
6.0784e+00 1.0000e+05 0.0000e+00 1.0000e+00 1.0000e+05 0.0000e+00 2.5000e+00
6.4706e+00 1.0000e+05 0.0000e+00 1.0000e+00 1.0000e+05 0.0000e+00 2.5000e+00
6.8627e+00 1.0000e+05 0.0000e+00 1.0000e+00 1.0000e+05 0.0000e+00 2.5000e+00
7.2549e+00 1.0000e+05 0.0000e+00 1.0000e+00 1.0000e+05 0.0000e+00 2.5000e+00
7.6471e+00 1.0000e+05 0.0000e+00 1.0000e+00 1.0000e+05 0.0000e+00 2.5000e+00
8.0392e+00 1.0000e+05 0.0000e+00 1.0000e+00 1.0000e+05 0.0000e+00 2.5000e+00
8.4314e+00 1.0000e+05 0.0000e+00 1.0000e+00 1.0000e+05 0.0000e+00 2.5000e+00
8.8235e+00 1.0000e+05 0.0000e+00 1.0000e+00 1.0000e+05 0.0000e+00 2.5000e+00
9.2157e+00 1.0000e+05 0.0000e+00 1.0000e+00 1.0000e+05 0.0000e+00 2.5000e+00
9.6078e+00 1.0000e+05 0.0000e+00 1.0000e+00 1.0000e+05 0.0000e+00 2.5000e+00
1.0000e+01 1.0000e+05 0.0000e+00 1.0000e+00 1.0000e+05 0.0000e+00 2.5000e+00
1.0392e+01 1.0000e+05 0.0000e+00 1.0000e+00 1.0000e+05 0.0000e+00 2.5000e+00
1.0784e+01 1.0000e+05 0.0000e+00 1.0000e+00 1.0000e+05 0.0000e+00 2.5000e+00
1.1176e+01 1.0000e+05 0.0000e+00 1.0000e+00 1.0000e+05 0.0000e+00 2.5000e+00
1.1569e+01 1.0000e+05 0.0000e+00 1.0000e+00 1.0000e+05 0.0000e+00 2.5000e+00
1.1961e+01 1.0000e+05 0.0000e+00 1.0000e+00 1.0000e+05 0.0000e+00 2.5000e+00
1.2353e+01 1.0000e+05 0.0000e+00 1.0000e+00 1.0000e+05 0.0000e+00 2.5000e+00
1.2745e+01 1.0000e+05 0.0000e+00 1.0000e+00 1.0000e+05 0.0000e+00 2.5000e+00
1.3137e+01 1.0000e+05 0.0000e+00 1.0000e+00 1.0000e+05 0.0000e+00 2.5000e+00
1.3529e+01 1.0000e+05 0.0000e+00 1.0000e+00 1.0000e+05 0.0000e+00 2.5000e+00
1.3922e+01 1.0000e+05 0.0000e+00 1.0000e+00 1.0000e+05 0.0000e+00 2.5000e+00
1.4314e+01 1.0000e+05 0.0000e+00 1.0000e+00 1.0000e+05 0.0000e+00 2.5000e+00
1.4706e+01 1.0000e+05 0.0000e+00 1.0000e+00 1.0000e+05 0.0000e+00 2.5000e+00
1.5098e+01 1.0000e+05 0.0000e+00 1.0000e+00 1.0000e+05 0.0000e+00 2.5000e+00
1.5490e+01 1.0000e+05 0.0000e+00 1.0000e+00 1.0000e+05 0.0000e+00 2.5000e+00
1.5882e+01 1.0000e+05 0.0000e+00 1.0000e+00 1.0000e+05 0.0000e+00 2.5000e+00
1.6275e+01 1.0000e+05 0.0000e+00 1.0000e+00 1.0000e+05 0.0000e+00 2.5000e+00
1.6667e+01 1.0000e+05 0.0000e+00 1.0000e+00 1.0000e+05 0.0000e+00 2.5000e+00
1.7059e+01 1.0000e+05 2.4121e-19 1.0000e+00 1.0000e+05 2.4121e-14 2.5000e+00
1.7451e+01 1.0000e+05 1.4492e-18 1.0000e+00 1.0000e+05 1.4492e-13 2.5000e+00
1.7843e+01 1.0000e+05 4.1283e-18 1.0000e+00 1.0000e+05 4.1283e-13 2.5000e+00
1.8235e+01 1.0000e+05 8.4397e-18 1.0000e+00 1.0000e+05 8.4397e-13 2.5000e+00
1.8627e+01 1.0000e+05 1.5572e-17 1.0000e+00 1.0000e+05 1.5572e-12 2.5000e+00
1.9020e+01 1.0000e+05 2.8712e-17 1.0000e+00 1.0000e+05 2.8712e-12 2.5000e+00
1.9412e+01 1.0000e+05 5.4053e-17 1.0000e+00 1.0000e+05 5.4053e-12 2.5000e+00
1.9804e+01 1.0000e+05 1.0389e-16 1.0000e+00 1.0000e+05 1.0389e-11 2.5000e+00
2.0196e+01 1.0000e+05 2.0186e-16 1.0000e+00 1.0000e+05 2.0186e-11 2.5000e+00
2.0588e+01 1.0000e+05 3.9362e-16 1.0000e+00 1.0000e+05 3.9362e-11 2.5000e+00
2.0980e+01 1.0000e+05 7.6581e-16 1.0000e+00 1.0000e+05 7.6581e-11 2.5000e+00
2.1373e+01 1.0000e+05 1.4839e-15 1.0000e+00 1.0000e+05 1.4839e-10 2.5000e+00
2.1765e+01 1.0000e+05 2.8593e-15 1.0000e+00 1.0000e+05 2.8593e-10 2.5000e+00
2.2157e+01 1.0000e+05 5.4703e-15 1.0000e+00 1.0000e+05 5.4703e-10 2.5000e+00
2.2549e+01 1.0000e+05 1.0387e-14 1.0000e+00 1.0000e+05 1.0387e-09 2.5000e+00
2.2941e+01 1.0000e+05 1.9570e-14 1.0000e+00 1.0000e+05 1.9570e-09 2.5000e+00
2.3333e+01 1.0000e+05 3.6577e-14 1.0000e+00 1.0000e+05 3.6577e-09 2.5000e+00
2.3725e+01 1.0000e+05 6.7822e-14 1.0000e+00 1.0000e+05 6.7822e-09 2.5000e+00
2.4118e+01 1.0000e+05 1.2474e-13 1.0000e+00 1.0000e+05 1.2474e-08 2.5000e+00
2.4510e+01 1.0000e+05 2.2757e-13 1.0000e+00 1.0000e+05 2.2757e-08 2.5000e+00
2.4902e+01 1.0000e+05 4.1178e-13 1.0000e+00 1.0000e+05 4.1178e-08 2.5000e+00
2.5294e+01 1.0000e+05 7.3899e-13 1.0000e+00 1.0000e+05 7.3899e-08 2.5000e+00
2.5686e+01 1.0000e+05 1.3153e-12 1.0000e+00 1.0000e+05 1.3153e-07 2.5000e+00
2.6078e+01 1.0000e+05 2.3219e-12 1.0000e+00 1.0000e+05 2.3219e-07 2.5000e+00
2.6471e+01 1.0000e+05 4.0648e-12 1.0000e+00 1.0000e+05 4.0648e-07 2.5000e+00
2.6863e+01 1.0000e+05 7.0569e-12 1.0000e+00 1.0000e+05 7.0569e-07 2.5000e+00
2.7255e+01 1.0000e+05 1.2149e-11 1.0000e+00 1.0000e+05 1.2149e-06 2.5000e+00
2.7647e+01 1.0000e+05 2.0742e-11 1.0000e+00 1.0000e+05 2.0742e-06 2.5000e+00
2.8039e+01 1.0000e+05 3.5116e-11 1.0000e+00 1.0000e+05 3.5116e-06 2.5000e+00
2.8431e+01 1.0000e+05 5.8951e-11 1.0000e+00 1.0000e+05 5.8951e-06 2.5000e+00
2.8824e+01 1.0000e+05 9.8129e-11 1.0000e+00 1.0000e+05 9.8129e-06 2.5000e+00
2.9216e+01 1.0000e+05 1.6196e-10 1.0000e+00 1.0000e+05 1.6196e-05 2.5000e+00
2.9608e+01 1.0000e+05 2.6505e-10 1.0000e+00 1.0000e+05 2.6505e-05 2.5000e+00
3.0000e+01 1.0000e+05 4.3008e-10 1.0000e+00 1.0000e+05 4.3008e-05 2.5000e+00
3.0392e+01 1.0000e+05 6.9189e-10 1.0000e+00 1.0000e+05 6.9189e-05 2.5000e+00
3.0784e+01 1.0000e+05 1.1036e-09 1.0000e+00 1.0000e+05 1.1036e-04 2.5000e+00
3.1176e+01 1.0000e+05 1.7451e-09 1.0000e+00 1.0000e+05 1.7451e-04 2.5000e+00
3.1569e+01 1.0000e+05 2.7359e-09 9.9999e-01 1.0000e+05 2.7359e-04 2.5000e+00
3.1961e+01 1.0000e+05 4.2522e-09 9.9999e-01 1.0000e+05 4.2522e-04 2.5000e+00
3.2353e+01 1.0000e+05 6.5519e-09 9.9998e-01 1.0000e+05 6.5519e-04 2.5000e+00
3.2745e+01 1.0000e+05 1.0008e-08 9.9997e-01 1.0000e+05 1.0008e-03 2.4999e+00
3.3137e+01 1.0000e+05 1.5154e-08 9.9996e-01 1.0000e+05 1.5154e-03 2.4999e+00
3.3529e+01 1.0000e+05 2.2747e-08 9.9994e-01 1.0000e+05 2.2747e-03 2.4999e+00
3.3922e+01 1.0000e+05 3.3848e-08 9.9992e-01 1.0000e+05 3.3848e-03 2.4998e+00
3.4314e+01 1.0000e+05 4.9927e-08 9.9988e-01 1.0000e+05 4.9927e-03 2.4997e+00
3.4706e+01 1.0000e+05 7.2999e-08 9.9983e-01 1.0000e+05 7.2999e-03 2.4996e+00
3.5098e+01 1.0000e+05 1.0580e-07 9.9975e-01 1.0000e+05 1.0580e-02 2.4994e+00
3.5490e+01 9.9999e+04 1.5200e-07 9.9965e-01 9.9999e+04 1.5200e-02 2.4991e+00
3.5882e+01 9.9999e+04 2.1645e-07 9.9952e-01 9.9999e+04 2.1645e-02 2.4988e+00
3.6275e+01 9.9999e+04 3.0553e-07 9.9933e-01 9.9999e+04 3.0552e-02 2.4983e+00
3.6667e+01 9.9998e+04 4.2748e-07 9.9909e-01 9.9998e+04 4.2747e-02 2.4977e+00
3.7059e+01 9.9997e+04 5.9285e-07 9.9877e-01 9.9997e+04 5.9283e-02 2.4969e+00
3.7451e+01 9.9996e+04 8.1498e-07 9.9834e-01 9.9996e+04 8.1495e-02 2.4959e+00
3.7843e+01 9.9994e+04 1.1105e-06 9.9779e-01 9.9994e+04 1.1105e-01 2.4945e+00
3.8235e+01 9.9992e+04 1.5000e-06 9.9709e-01 9.9992e+04 1.4999e-01 2.4927e+00
3.8627e+01 9.9990e+04 2.0083e-06 9.9620e-01 9.9990e+04 2.0081e-01 2.4905e+00
3.9020e+01 9.9986e+04 2.6655e-06 9.9509e-01 9.9986e+04 2.6651e-01 2.4877e+00
3.9412e+01 9.9981e+04 3.5070e-06 9.9370e-01 9.9981e+04 3.5063e-01 2.4843e+00
3.9804e+01 9.9975e+04 4.5743e-06 9.9200e-01 9.9975e+04 4.5731e-01 2.4800e+00
4.0196e+01 9.9966e+04 5.9151e-06 9.8993e-01 9.9966e+04 5.9131e-01 2.4748e+00
4.0588e+01 9.9956e+04 7.5836e-06 9.8744e-01 9.9956e+04 7.5803e-01 2.4686e+00
4.0980e+01 9.9942e+04 9.6406e-06 9.8448e-01 9.9942e+04 9.6350e-01 2.4612e+00
4.1373e+01 9.9926e+04 1.2153e-05 9.8099e-01 9.9926e+04 1.2144e+00 2.4525e+00
4.1765e+01 9.9905e+04 1.5192e-05 9.7693e-01 9.9905e+04 1.5178e+00 2.4423e+00
4.2157e+01 9.9879e+04 1.8837e-05 9.7224e-01 9.9879e+04 1.8814e+00 2.4306e+00
4.2549e+01 9.9847e+04 2.3167e-05 9.6687e-01 9.9847e+04 2.3132e+00 2.4172e+00
4.2941e+01 9.9809e+04 2.8267e-05 9.6081e-01 9.9809e+04 2.8213e+00 2.4021e+00
4.3333e+01 9.9763e+04 3.4221e-05 9.5402e-01 9.9763e+04 3.4140e+00 2.3851e+00
4.3725e+01 9.9707e+04 4.1113e-05 9.4648e-01 9.9707e+04 4.0992e+00 2.3663e+00
4.4118e+01 9.9642e+04 4.9023e-05 9.3820e-01 9.9642e+04 4.8847e+00 2.3456e+00
4.4510e+01 9.9564e+04 5.8028e-05 9.2919e-01 9.9564e+04 5.7775e+00 2.3231e+00
4.4902e+01 9.9474e+04 6.8199e-05 9.1946e-01 9.9474e+04 6.7840e+00 2.2989e+00
4.5294e+01 9.9369e+04 7.9597e-05 9.0906e-01 9.9369e+04 7.9095e+00 2.2730e+00
4.5686e+01 9.9249e+04 9.2270e-05 8.9804e-01 9.9249e+04 9.1576e+00 2.2455e+00
4.6078e+01 9.9111e+04 1.0628e-04 8.8646e-01 9.9111e+04 1.0534e+01 2.2167e+00
4.6471e+01 9.8952e+04 1.2152e-04 8.7437e-01 9.8952e+04 1.2025e+01 2.1867e+00
4.6863e+01 9.8788e+04 1.3868e-04 8.6209e-01 9.8788e+04 1.3700e+01 2.1562e+00
4.7255e+01 9.8535e+04 1.5477e-04 8.4871e-01 9.8535e+04 1.5250e+01 2.1229e+00
4.7647e+01 9.8513e+04 1.8111e-04 8.3823e-01 9.8513e+04 1.7842e+01 2.0972e+00
4.8039e+01 9.7673e+04 1.8088e-04 8.1830e-01 9.7673e+04 1.7667e+01 2.0473e+00
4.8431e+01 9.8806e+04 2.5101e-04 8.2181e-01 9.8806e+04 2.4801e+01 2.0576e+00
4.8824e+01 9.6116e+04 1.9025e-04 7.8167e-01 9.6116e+04 1.8287e+01 1.9559e+00
4.9216e+01 9.7717e+04 3.0704e-04 8.0012e-01 9.7717e+04 3.0003e+01 2.0049e+00
4.9608e+01 1.0853e+05 2.7900e-04 7.7080e-01 1.0853e+05 3.0282e+01 1.9312e+00
5.0000e+01 1.8444e+04 2.9839e-04 7.6553e-01 1.8444e+04 5.5034e+00 1.9146e+00
5.0392e+01 1.0581e+04 4.1040e-04 7.6539e-01 1.0581e+04 4.3423e+00 1.9144e+00
5.0784e+01 1.0522e+04 6.1359e-04 7.7043e-01 1.0522e+04 6.4563e+00 1.9281e+00
5.1176e+01 1.1067e+04 6.3044e-04 7.5789e-01 1.1067e+04 6.9773e+00 1.8969e+00
5.1569e+01 1.1340e+04 6.9278e-04 7.5318e-01 1.1340e+04 7.8560e+00 1.8857e+00
5.1961e+01 1.1859e+04 8.7183e-04 7.6345e-01 1.1859e+04 1.0339e+01 1.9131e+00
5.2353e+01 1.2253e+04 1.1312e-03 7.8540e-01 1.2253e+04 1.3861e+01 1.9713e+00
5.2745e+01 1.2642e+04 1.3141e-03 8.0041e-01 1.2642e+04 1.6613e+01 2.0119e+00
5.3137e+01 1.2777e+04 1.4081e-03 8.0636e-01 1.2777e+04 1.7992e+01 2.0286e+00
5.3529e+01 1.2869e+04 1.4238e-03 8.0371e-01 1.2869e+04 1.8324e+01 2.0223e+00
5.3922e+01 1.2861e+04 1.4221e-03 7.9970e-01 1.2861e+04 1.8290e+01 2.0123e+00
5.4314e+01 1.2882e+04 1.4102e-03 7.9458e-01 1.2882e+04 1.8166e+01 1.9993e+00
5.4706e+01 1.2871e+04 1.4021e-03 7.8973e-01 1.2871e+04 1.8047e+01 1.9870e+00
5.5098e+01 1.2881e+04 1.3894e-03 7.8418e-01 1.2881e+04 1.7897e+01 1.9729e+00
5.5490e+01 1.2875e+04 1.3785e-03 7.7862e-01 1.2875e+04 1.7749e+01 1.9588e+00
5.5882e+01 1.2880e+04 1.3647e-03 7.7254e-01 1.2880e+04 1.7577e+01 1.9433e+00
5.6275e+01 1.2875e+04 1.3515e-03 7.6629e-01 1.2875e+04 1.7401e+01 1.9275e+00
5.6667e+01 1.2876e+04 1.3363e-03 7.5961e-01 1.2876e+04 1.7206e+01 1.9105e+00
5.7059e+01 1.2872e+04 1.3211e-03 7.5266e-01 1.2872e+04 1.7005e+01 1.8929e+00
5.7451e+01 1.2871e+04 1.3044e-03 7.4533e-01 1.2871e+04 1.6789e+01 1.8743e+00
5.7843e+01 1.2867e+04 1.2873e-03 7.3768e-01 1.2867e+04 1.6564e+01 1.8549e+00
5.8235e+01 1.2864e+04 1.2691e-03 7.2966e-01 1.2864e+04 1.6326e+01 1.8345e+00
5.8627e+01 1.2859e+04 1.2503e-03 7.2132e-01 1.2859e+04 1.6078e+01 1.8133e+00
5.9020e+01 1.2855e+04 1.2306e-03 7.1261e-01 1.2855e+04 1.5819e+01 1.7912e+00
5.9412e+01 1.2850e+04 1.2102e-03 7.0355e-01 1.2850e+04 1.5551e+01 1.7683e+00
5.9804e+01 1.2845e+04 1.1889e-03 6.9413e-01 1.2845e+04 1.5272e+01 1.7444e+00
6.0196e+01 1.2839e+04 1.1669e-03 6.8435e-01 1.2839e+04 1.4982e+01 1.7196e+00
6.0588e+01 1.2833e+04 1.1441e-03 6.7419e-01 1.2833e+04 1.4683e+01 1.6939e+00
6.0980e+01 1.2827e+04 1.1205e-03 6.6364e-01 1.2827e+04 1.4373e+01 1.6672e+00
6.1373e+01 1.2820e+04 1.0961e-03 6.5270e-01 1.2820e+04 1.4052e+01 1.6394e+00
6.1765e+01 1.2813e+04 1.0709e-03 6.4133e-01 1.2813e+04 1.3721e+01 1.6107e+00
6.2157e+01 1.2805e+04 1.0447e-03 6.2953e-01 1.2805e+04 1.3378e+01 1.5808e+00
6.2549e+01 1.2797e+04 1.0177e-03 6.1725e-01 1.2797e+04 1.3024e+01 1.5498e+00
6.2941e+01 1.2789e+04 9.8972e-04 6.0448e-01 1.2789e+04 1.2658e+01 1.5175e+00
6.3333e+01 1.2781e+04 9.6077e-04 5.9119e-01 1.2781e+04 1.2279e+01 1.4839e+00
6.3725e+01 1.2772e+04 9.3081e-04 5.7734e-01 1.2772e+04 1.1888e+01 1.4489e+00
6.4118e+01 1.2763e+04 8.9979e-04 5.6291e-01 1.2763e+04 1.1484e+01 1.4124e+00
6.4510e+01 1.2753e+04 8.6767e-04 5.4785e-01 1.2753e+04 1.1065e+01 1.3744e+00
6.4902e+01 1.2743e+04 8.3443e-04 5.3215e-01 1.2743e+04 1.0633e+01 1.3348e+00
6.5294e+01 1.2733e+04 8.0001e-04 5.1575e-01 1.2733e+04 1.0186e+01 1.2935e+00
6.5686e+01 1.2722e+04 7.6438e-04 4.9863e-01 1.2722e+04 9.7244e+00 1.2503e+00
6.6078e+01 1.2711e+04 7.2751e-04 4.8076e-01 1.2711e+04 9.2472e+00 1.2053e+00
6.6471e+01 1.2699e+04 6.8935e-04 4.6209e-01 1.2699e+04 8.7543e+00 1.1582e+00
6.6863e+01 1.2687e+04 6.4988e-04 4.4259e-01 1.2687e+04 8.2453e+00 1.1091e+00
6.7255e+01 1.2675e+04 6.0904e-04 4.2222e-01 1.2675e+04 7.7197e+00 1.0579e+00
6.7647e+01 1.2663e+04 5.6680e-04 4.0094e-01 1.2663e+04 7.1772e+00 1.0044e+00
6.8039e+01 1.2650e+04 5.2312e-04 3.7871e-01 1.2650e+04 6.6173e+00 9.4851e-01
6.8431e+01 1.2636e+04 4.7796e-04 3.5550e-01 1.2636e+04 6.0397e+00 8.9018e-01
6.8824e+01 1.2623e+04 4.3126e-04 3.3124e-01 1.2623e+04 5.4437e+00 8.2928e-01
6.9216e+01 1.2609e+04 3.8298e-04 3.0590e-01 1.2609e+04 4.8289e+00 7.6566e-01
6.9608e+01 1.2594e+04 3.3308e-04 2.7941e-01 1.2594e+04 4.1948e+00 6.9923e-01
7.0000e+01 1.2579e+04 2.8159e-04 2.5178e-01 1.2579e+04 3.5421e+00 6.2995e-01
7.0392e+01 1.2564e+04 2.2886e-04 2.2317e-01 1.2564e+04 2.8755e+00 5.5824e-01
7.0784e+01 1.2549e+04 1.7603e-04 1.9419e-01 1.2549e+04 2.2090e+00 4.8566e-01
7.1176e+01 1.2535e+04 1.2556e-04 1.6634e-01 1.2535e+04 1.5739e+00 4.1594e-01
7.1569e+01 1.2523e+04 8.1304e-05 1.4203e-01 1.2523e+04 1.0182e+00 3.5511e-01
7.1961e+01 1.2514e+04 4.7046e-05 1.2360e-01 1.2514e+04 5.8871e-01 3.0901e-01
7.2353e+01 1.2507e+04 2.4266e-05 1.1178e-01 1.2507e+04 3.0350e-01 2.7946e-01
7.2745e+01 1.2503e+04 1.1320e-05 1.0535e-01 1.2503e+04 1.4153e-01 2.6337e-01
7.3137e+01 1.2501e+04 4.9042e-06 1.0228e-01 1.2501e+04 6.1310e-02 2.5570e-01
7.3529e+01 1.2501e+04 2.0292e-06 1.0093e-01 1.2501e+04 2.5367e-02 2.5234e-01
7.3922e+01 1.2500e+04 8.1865e-07 1.0038e-01 1.2500e+04 1.0233e-02 2.5094e-01
7.4314e+01 1.2500e+04 3.2588e-07 1.0015e-01 1.2500e+04 4.0735e-03 2.5037e-01
7.4706e+01 1.2500e+04 1.2874e-07 1.0006e-01 1.2500e+04 1.6092e-03 2.5015e-01
7.5098e+01 1.2500e+04 5.0599e-08 1.0002e-01 1.2500e+04 6.3249e-04 2.5006e-01
7.5490e+01 1.2500e+04 1.9806e-08 1.0001e-01 1.2500e+04 2.4758e-04 2.5002e-01
7.5882e+01 1.2500e+04 7.7243e-09 1.0000e-01 1.2500e+04 9.6554e-05 2.5001e-01
7.6275e+01 1.2500e+04 3.0018e-09 1.0000e-01 1.2500e+04 3.7522e-05 2.5000e-01
7.6667e+01 1.2500e+04 1.1625e-09 1.0000e-01 1.2500e+04 1.4531e-05 2.5000e-01
7.7059e+01 1.2500e+04 4.4859e-10 1.0000e-01 1.2500e+04 5.6074e-06 2.5000e-01
7.7451e+01 1.2500e+04 1.7251e-10 1.0000e-01 1.2500e+04 2.1563e-06 2.5000e-01
7.7843e+01 1.2500e+04 6.6103e-11 1.0000e-01 1.2500e+04 8.2628e-07 2.5000e-01
7.8235e+01 1.2500e+04 2.5240e-11 1.0000e-01 1.2500e+04 3.1550e-07 2.5000e-01
7.8627e+01 1.2500e+04 9.6029e-12 1.0000e-01 1.2500e+04 1.2004e-07 2.5000e-01
7.9020e+01 1.2500e+04 3.6404e-12 1.0000e-01 1.2500e+04 4.5505e-08 2.5000e-01
7.9412e+01 1.2500e+04 1.3750e-12 1.0000e-01 1.2500e+04 1.7188e-08 2.5000e-01
7.9804e+01 1.2500e+04 5.1748e-13 1.0000e-01 1.2500e+04 6.4685e-09 2.5000e-01
8.0196e+01 1.2500e+04 1.9403e-13 1.0000e-01 1.2500e+04 2.4254e-09 2.5000e-01
8.0588e+01 1.2500e+04 7.2484e-14 1.0000e-01 1.2500e+04 9.0606e-10 2.5000e-01
8.0980e+01 1.2500e+04 2.6976e-14 1.0000e-01 1.2500e+04 3.3720e-10 2.5000e-01
8.1373e+01 1.2500e+04 1.0001e-14 1.0000e-01 1.2500e+04 1.2501e-10 2.5000e-01
8.1765e+01 1.2500e+04 3.6927e-15 1.0000e-01 1.2500e+04 4.6158e-11 2.5000e-01
8.2157e+01 1.2500e+04 1.3572e-15 1.0000e-01 1.2500e+04 1.6965e-11 2.5000e-01
8.2549e+01 1.2500e+04 4.9574e-16 1.0000e-01 1.2500e+04 6.1967e-12 2.5000e-01
8.2941e+01 1.2500e+04 1.7924e-16 1.0000e-01 1.2500e+04 2.2405e-12 2.5000e-01
8.3333e+01 1.2500e+04 6.3488e-17 1.0000e-01 1.2500e+04 7.9360e-13 2.5000e-01
8.3725e+01 1.2500e+04 2.1531e-17 1.0000e-01 1.2500e+04 2.6914e-13 2.5000e-01
8.4118e+01 1.2500e+04 6.4424e-18 1.0000e-01 1.2500e+04 8.0530e-14 2.5000e-01
8.4510e+01 1.2500e+04 1.3031e-18 1.0000e-01 1.2500e+04 1.6289e-14 2.5000e-01
8.4902e+01 1.2500e+04 2.6046e-20 1.0000e-01 1.2500e+04 3.2557e-16 2.5000e-01
8.5294e+01 1.2500e+04 0.0000e+00 1.0000e-01 1.2500e+04 0.0000e+00 2.5000e-01
8.5686e+01 1.2500e+04 0.0000e+00 1.0000e-01 1.2500e+04 0.0000e+00 2.5000e-01
8.6078e+01 1.2500e+04 0.0000e+00 1.0000e-01 1.2500e+04 0.0000e+00 2.5000e-01
8.6471e+01 1.2500e+04 0.0000e+00 1.0000e-01 1.2500e+04 0.0000e+00 2.5000e-01
8.6863e+01 1.2500e+04 0.0000e+00 1.0000e-01 1.2500e+04 0.0000e+00 2.5000e-01
8.7255e+01 1.2500e+04 0.0000e+00 1.0000e-01 1.2500e+04 0.0000e+00 2.5000e-01
8.7647e+01 1.2500e+04 0.0000e+00 1.0000e-01 1.2500e+04 0.0000e+00 2.5000e-01
8.8039e+01 1.2500e+04 0.0000e+00 1.0000e-01 1.2500e+04 0.0000e+00 2.5000e-01
8.8431e+01 1.2500e+04 0.0000e+00 1.0000e-01 1.2500e+04 0.0000e+00 2.5000e-01
8.8824e+01 1.2500e+04 0.0000e+00 1.0000e-01 1.2500e+04 0.0000e+00 2.5000e-01
8.9216e+01 1.2500e+04 0.0000e+00 1.0000e-01 1.2500e+04 0.0000e+00 2.5000e-01
8.9608e+01 1.2500e+04 0.0000e+00 1.0000e-01 1.2500e+04 0.0000e+00 2.5000e-01
9.0000e+01 1.2500e+04 0.0000e+00 1.0000e-01 1.2500e+04 0.0000e+00 2.5000e-01
9.0392e+01 1.2500e+04 0.0000e+00 1.0000e-01 1.2500e+04 0.0000e+00 2.5000e-01
9.0784e+01 1.2500e+04 0.0000e+00 1.0000e-01 1.2500e+04 0.0000e+00 2.5000e-01
9.1176e+01 1.2500e+04 0.0000e+00 1.0000e-01 1.2500e+04 0.0000e+00 2.5000e-01
9.1569e+01 1.2500e+04 0.0000e+00 1.0000e-01 1.2500e+04 0.0000e+00 2.5000e-01
9.1961e+01 1.2500e+04 0.0000e+00 1.0000e-01 1.2500e+04 0.0000e+00 2.5000e-01
9.2353e+01 1.2500e+04 0.0000e+00 1.0000e-01 1.2500e+04 0.0000e+00 2.5000e-01
9.2745e+01 1.2500e+04 0.0000e+00 1.0000e-01 1.2500e+04 0.0000e+00 2.5000e-01
9.3137e+01 1.2500e+04 0.0000e+00 1.0000e-01 1.2500e+04 0.0000e+00 2.5000e-01
9.3529e+01 1.2500e+04 0.0000e+00 1.0000e-01 1.2500e+04 0.0000e+00 2.5000e-01
9.3922e+01 1.2500e+04 0.0000e+00 1.0000e-01 1.2500e+04 0.0000e+00 2.5000e-01
9.4314e+01 1.2500e+04 0.0000e+00 1.0000e-01 1.2500e+04 0.0000e+00 2.5000e-01
9.4706e+01 1.2500e+04 0.0000e+00 1.0000e-01 1.2500e+04 0.0000e+00 2.5000e-01
9.5098e+01 1.2500e+04 0.0000e+00 1.0000e-01 1.2500e+04 0.0000e+00 2.5000e-01
9.5490e+01 1.2500e+04 0.0000e+00 1.0000e-01 1.2500e+04 0.0000e+00 2.5000e-01
9.5882e+01 1.2500e+04 0.0000e+00 1.0000e-01 1.2500e+04 0.0000e+00 2.5000e-01
9.6275e+01 1.2500e+04 0.0000e+00 1.0000e-01 1.2500e+04 0.0000e+00 2.5000e-01
9.6667e+01 1.2500e+04 0.0000e+00 1.0000e-01 1.2500e+04 0.0000e+00 2.5000e-01
9.7059e+01 1.2500e+04 0.0000e+00 1.0000e-01 1.2500e+04 0.0000e+00 2.5000e-01
9.7451e+01 1.2500e+04 0.0000e+00 1.0000e-01 1.2500e+04 0.0000e+00 2.5000e-01
9.7843e+01 1.2500e+04 0.0000e+00 1.0000e-01 1.2500e+04 0.0000e+00 2.5000e-01
9.8235e+01 1.2500e+04 0.0000e+00 1.0000e-01 1.2500e+04 0.0000e+00 2.5000e-01
9.8627e+01 1.2500e+04 0.0000e+00 1.0000e-01 1.2500e+04 0.0000e+00 2.5000e-01
9.9020e+01 1.2500e+04 0.0000e+00 1.0000e-01 1.2500e+04 0.0000e+00 2.5000e-01
9.9412e+01 1.2500e+04 0.0000e+00 1.0000e-01 1.2500e+04 0.0000e+00 2.5000e-01
9.9804e+01 1.2500e+04 0.0000e+00 1.0000e-01 1.2500e+04 0.0000e+00 2.5000e-01
