# # x Density Velocity Pressure q0 q1 q2
1.9608e-01 1.0000e+05 0.0000e+00 1.0000e+00 1.0000e+05 0.0000e+00 2.5000e+00
5.8824e-01 1.0000e+05 0.0000e+00 1.0000e+00 1.0000e+05 0.0000e+00 2.5000e+00
9.8039e-01 1.0000e+05 0.0000e+00 1.0000e+00 1.0000e+05 0.0000e+00 2.5000e+00
1.3725e+00 1.0000e+05 0.0000e+00 1.0000e+00 1.0000e+05 0.0000e+00 2.5000e+00
1.7647e+00 1.0000e+05 0.0000e+00 1.0000e+00 1.0000e+05 0.0000e+00 2.5000e+00
2.1569e+00 1.0000e+05 0.0000e+00 1.0000e+00 1.0000e+05 0.0000e+00 2.5000e+00
2.5490e+00 1.0000e+05 0.0000e+00 1.0000e+00 1.0000e+05 0.0000e+00 2.5000e+00
2.9412e+00 1.0000e+05 0.0000e+00 1.0000e+00 1.0000e+05 0.0000e+00 2.5000e+00
3.3333e+00 1.0000e+05 0.0000e+00 1.0000e+00 1.0000e+05 0.0000e+00 2.5000e+00
3.7255e+00 1.0000e+05 0.0000e+00 1.0000e+00 1.0000e+05 0.0000e+00 2.5000e+00
4.1176e+00 1.0000e+05 0.0000e+00 1.0000e+00 1.0000e+05 0.0000e+00 2.5000e+00
4.5098e+00 1.0000e+05 0.0000e+00 1.0000e+00 1.0000e+05 0.0000e+00 2.5000e+00
4.9020e+00 1.0000e+05 0.0000e+00 1.0000e+00 1.0000e+05 0.0000e+00 2.5000e+00
5.2941e+00 1.0000e+05 0.0000e+00 1.0000e+00 1.0000e+05 0.0000e+00 2.5000e+00
5.6863e+00 1.0000e+05 0.0000e+00 1.0000e+00 1.0000e+05 0.0000e+00 2.5000e+00
6.0784e+00 1.0000e+05 0.0000e+00 1.0000e+00 1.0000e+05 0.0000e+00 2.5000e+00
6.4706e+00 1.0000e+05 0.0000e+00 1.0000e+00 1.0000e+05 0.0000e+00 2.5000e+00
6.8627e+00 1.0000e+05 0.0000e+00 1.0000e+00 1.0000e+05 0.0000e+00 2.5000e+00
7.2549e+00 1.0000e+05 0.0000e+00 1.0000e+00 1.0000e+05 0.0000e+00 2.5000e+00
7.6471e+00 1.0000e+05 0.0000e+00 1.0000e+00 1.0000e+05 0.0000e+00 2.5000e+00
8.0392e+00 1.0000e+05 0.0000e+00 1.0000e+00 1.0000e+05 0.0000e+00 2.5000e+00
8.4314e+00 1.0000e+05 0.0000e+00 1.0000e+00 1.0000e+05 0.0000e+00 2.5000e+00
8.8235e+00 1.0000e+05 0.0000e+00 1.0000e+00 1.0000e+05 0.0000e+00 2.5000e+00
9.2157e+00 1.0000e+05 0.0000e+00 1.0000e+00 1.0000e+05 0.0000e+00 2.5000e+00
9.6078e+00 1.0000e+05 0.0000e+00 1.0000e+00 1.0000e+05 0.0000e+00 2.5000e+00
1.0000e+01 1.0000e+05 0.0000e+00 1.0000e+00 1.0000e+05 0.0000e+00 2.5000e+00
1.0392e+01 1.0000e+05 0.0000e+00 1.0000e+00 1.0000e+05 0.0000e+00 2.5000e+00
1.0784e+01 1.0000e+05 0.0000e+00 1.0000e+00 1.0000e+05 0.0000e+00 2.5000e+00
1.1176e+01 1.0000e+05 0.0000e+00 1.0000e+00 1.0000e+05 0.0000e+00 2.5000e+00
1.1569e+01 1.0000e+05 0.0000e+00 1.0000e+00 1.0000e+05 0.0000e+00 2.5000e+00
1.1961e+01 1.0000e+05 0.0000e+00 1.0000e+00 1.0000e+05 0.0000e+00 2.5000e+00
1.2353e+01 1.0000e+05 0.0000e+00 1.0000e+00 1.0000e+05 0.0000e+00 2.5000e+00
1.2745e+01 1.0000e+05 0.0000e+00 1.0000e+00 1.0000e+05 0.0000e+00 2.5000e+00
1.3137e+01 1.0000e+05 0.0000e+00 1.0000e+00 1.0000e+05 0.0000e+00 2.5000e+00
1.3529e+01 1.0000e+05 0.0000e+00 1.0000e+00 1.0000e+05 0.0000e+00 2.5000e+00
1.3922e+01 1.0000e+05 0.0000e+00 1.0000e+00 1.0000e+05 0.0000e+00 2.5000e+00
1.4314e+01 1.0000e+05 0.0000e+00 1.0000e+00 1.0000e+05 0.0000e+00 2.5000e+00
1.4706e+01 1.0000e+05 0.0000e+00 1.0000e+00 1.0000e+05 0.0000e+00 2.5000e+00
1.5098e+01 1.0000e+05 8.4932e-22 1.0000e+00 1.0000e+05 8.4932e-17 2.5000e+00
1.5490e+01 1.0000e+05 3.0632e-19 1.0000e+00 1.0000e+05 3.0632e-14 2.5000e+00
1.5882e+01 1.0000e+05 1.7139e-18 1.0000e+00 1.0000e+05 1.7139e-13 2.5000e+00
1.6275e+01 1.0000e+05 4.6574e-18 1.0000e+00 1.0000e+05 4.6574e-13 2.5000e+00
1.6667e+01 1.0000e+05 9.2788e-18 1.0000e+00 1.0000e+05 9.2788e-13 2.5000e+00
1.7059e+01 1.0000e+05 1.6751e-17 1.0000e+00 1.0000e+05 1.6751e-12 2.5000e+00
1.7451e+01 1.0000e+05 3.0006e-17 1.0000e+00 1.0000e+05 3.0006e-12 2.5000e+00
1.7843e+01 1.0000e+05 5.4470e-17 1.0000e+00 1.0000e+05 5.4470e-12 2.5000e+00
1.8235e+01 1.0000e+05 1.0112e-16 1.0000e+00 1.0000e+05 1.0112e-11 2.5000e+00
1.8627e+01 1.0000e+05 1.9006e-16 1.0000e+00 1.0000e+05 1.9006e-11 2.5000e+00
1.9020e+01 1.0000e+05 3.5918e-16 1.0000e+00 1.0000e+05 3.5918e-11 2.5000e+00
1.9412e+01 1.0000e+05 6.7858e-16 1.0000e+00 1.0000e+05 6.7858e-11 2.5000e+00
1.9804e+01 1.0000e+05 1.2786e-15 1.0000e+00 1.0000e+05 1.2786e-10 2.5000e+00
2.0196e+01 1.0000e+05 2.3978e-15 1.0000e+00 1.0000e+05 2.3978e-10 2.5000e+00
2.0588e+01 1.0000e+05 4.4686e-15 1.0000e+00 1.0000e+05 4.4686e-10 2.5000e+00
2.0980e+01 1.0000e+05 8.2707e-15 1.0000e+00 1.0000e+05 8.2707e-10 2.5000e+00
2.1373e+01 1.0000e+05 1.5199e-14 1.0000e+00 1.0000e+05 1.5199e-09 2.5000e+00
2.1765e+01 1.0000e+05 2.7731e-14 1.0000e+00 1.0000e+05 2.7731e-09 2.5000e+00
2.2157e+01 1.0000e+05 5.0224e-14 1.0000e+00 1.0000e+05 5.0224e-09 2.5000e+00
2.2549e+01 1.0000e+05 9.0289e-14 1.0000e+00 1.0000e+05 9.0289e-09 2.5000e+00
2.2941e+01 1.0000e+05 1.6111e-13 1.0000e+00 1.0000e+05 1.6111e-08 2.5000e+00
2.3333e+01 1.0000e+05 2.8532e-13 1.0000e+00 1.0000e+05 2.8532e-08 2.5000e+00
2.3725e+01 1.0000e+05 5.0151e-13 1.0000e+00 1.0000e+05 5.0151e-08 2.5000e+00
2.4118e+01 1.0000e+05 8.7487e-13 1.0000e+00 1.0000e+05 8.7487e-08 2.5000e+00
2.4510e+01 1.0000e+05 1.5147e-12 1.0000e+00 1.0000e+05 1.5147e-07 2.5000e+00
2.4902e+01 1.0000e+05 2.6024e-12 1.0000e+00 1.0000e+05 2.6024e-07 2.5000e+00
2.5294e+01 1.0000e+05 4.4375e-12 1.0000e+00 1.0000e+05 4.4375e-07 2.5000e+00
2.5686e+01 1.0000e+05 7.5086e-12 1.0000e+00 1.0000e+05 7.5086e-07 2.5000e+00
2.6078e+01 1.0000e+05 1.2608e-11 1.0000e+00 1.0000e+05 1.2608e-06 2.5000e+00
2.6471e+01 1.0000e+05 2.1009e-11 1.0000e+00 1.0000e+05 2.1009e-06 2.5000e+00
2.6863e+01 1.0000e+05 3.4738e-11 1.0000e+00 1.0000e+05 3.4738e-06 2.5000e+00
2.7255e+01 1.0000e+05 5.6995e-11 1.0000e+00 1.0000e+05 5.6995e-06 2.5000e+00
2.7647e+01 1.0000e+05 9.2790e-11 1.0000e+00 1.0000e+05 9.2790e-06 2.5000e+00
2.8039e+01 1.0000e+05 1.4989e-10 1.0000e+00 1.0000e+05 1.4989e-05 2.5000e+00
2.8431e+01 1.0000e+05 2.4026e-10 1.0000e+00 1.0000e+05 2.4026e-05 2.5000e+00
2.8824e+01 1.0000e+05 3.8210e-10 1.0000e+00 1.0000e+05 3.8210e-05 2.5000e+00
2.9216e+01 1.0000e+05 6.0293e-10 1.0000e+00 1.0000e+05 6.0293e-05 2.5000e+00
2.9608e+01 1.0000e+05 9.4395e-10 1.0000e+00 1.0000e+05 9.4395e-05 2.5000e+00
3.0000e+01 1.0000e+05 1.4662e-09 1.0000e+00 1.0000e+05 1.4662e-04 2.5000e+00
3.0392e+01 1.0000e+05 2.2596e-09 9.9999e-01 1.0000e+05 2.2596e-04 2.5000e+00
3.0784e+01 1.0000e+05 3.4548e-09 9.9999e-01 1.0000e+05 3.4548e-04 2.5000e+00
3.1176e+01 1.0000e+05 5.2406e-09 9.9999e-01 1.0000e+05 5.2406e-04 2.5000e+00
3.1569e+01 1.0000e+05 7.8864e-09 9.9998e-01 1.0000e+05 7.8864e-04 2.5000e+00
3.1961e+01 1.0000e+05 1.1774e-08 9.9997e-01 1.0000e+05 1.1774e-03 2.4999e+00
3.2353e+01 1.0000e+05 1.7438e-08 9.9996e-01 1.0000e+05 1.7438e-03 2.4999e+00
3.2745e+01 1.0000e+05 2.5622e-08 9.9994e-01 1.0000e+05 2.5622e-03 2.4998e+00
3.3137e+01 1.0000e+05 3.7346e-08 9.9991e-01 1.0000e+05 3.7346e-03 2.4998e+00
3.3529e+01 1.0000e+05 5.4002e-08 9.9988e-01 1.0000e+05 5.4002e-03 2.4997e+00
3.3922e+01 1.0000e+05 7.7462e-08 9.9982e-01 1.0000e+05 7.7461e-03 2.4996e+00
3.4314e+01 9.9999e+04 1.1022e-07 9.9975e-01 9.9999e+04 1.1022e-02 2.4994e+00
3.4706e+01 9.9999e+04 1.5559e-07 9.9966e-01 9.9999e+04 1.5559e-02 2.4992e+00
3.5098e+01 9.9999e+04 2.1787e-07 9.9953e-01 9.9999e+04 2.1787e-02 2.4988e+00
3.5490e+01 9.9999e+04 3.0264e-07 9.9937e-01 9.9999e+04 3.0263e-02 2.4984e+00
3.5882e+01 9.9998e+04 4.1702e-07 9.9914e-01 9.9998e+04 4.1701e-02 2.4979e+00
3.6275e+01 9.9997e+04 5.7003e-07 9.9886e-01 9.9997e+04 5.7001e-02 2.4971e+00
3.6667e+01 9.9996e+04 7.7296e-07 9.9848e-01 9.9996e+04 7.7293e-02 2.4962e+00
3.7059e+01 9.9995e+04 1.0398e-06 9.9800e-01 9.9995e+04 1.0397e-01 2.4950e+00
3.7451e+01 9.9993e+04 1.3875e-06 9.9740e-01 9.9993e+04 1.3874e-01 2.4935e+00
3.7843e+01 9.9990e+04 1.8369e-06 9.9663e-01 9.9990e+04 1.8367e-01 2.4916e+00
3.8235e+01 9.9987e+04 2.4125e-06 9.9568e-01 9.9987e+04 2.4122e-01 2.4892e+00
3.8627e+01 9.9982e+04 3.1436e-06 9.9451e-01 9.9982e+04 3.1430e-01 2.4863e+00
3.9020e+01 9.9977e+04 4.0640e-06 9.9308e-01 9.9977e+04 4.0630e-01 2.4827e+00
3.9412e+01 9.9970e+04 5.2129e-06 9.9134e-01 9.9970e+04 5.2113e-01 2.4783e+00
3.9804e+01 9.9960e+04 6.6348e-06 9.8926e-01 9.9960e+04 6.6322e-01 2.4731e+00
4.0196e+01 9.9949e+04 8.3797e-06 9.8678e-01 9.9949e+04 8.3754e-01 2.4670e+00
4.0588e+01 9.9934e+04 1.0503e-05 9.8387e-01 9.9934e+04 1.0496e+00 2.4597e+00
4.0980e+01 9.9916e+04 1.3065e-05 9.8047e-01 9.9916e+04 1.3054e+00 2.4512e+00
4.1373e+01 9.9894e+04 1.6130e-05 9.7654e-01 9.9894e+04 1.6113e+00 2.4414e+00
4.1765e+01 9.9868e+04 1.9769e-05 9.7204e-01 9.9868e+04 1.9743e+00 2.4301e+00
4.2157e+01 9.9835e+04 2.4053e-05 9.6694e-01 9.9835e+04 2.4013e+00 2.4174e+00
4.2549e+01 9.9796e+04 2.9056e-05 9.6119e-01 9.9796e+04 2.8997e+00 2.4030e+00
4.2941e+01 9.9749e+04 3.4855e-05 9.5479e-01 9.9749e+04 3.4767e+00 2.3870e+00
4.3333e+01 9.9694e+04 4.1523e-05 9.4770e-01 9.9694e+04 4.1396e+00 2.3693e+00
4.3725e+01 9.9629e+04 4.9133e-05 9.3994e-01 9.9629e+04 4.8951e+00 2.3500e+00
4.4118e+01 9.9552e+04 5.7755e-05 9.3151e-01 9.9552e+04 5.7496e+00 2.3289e+00
4.4510e+01 9.9464e+04 6.7452e-05 9.2242e-01 9.9464e+04 6.7090e+00 2.3063e+00
4.4902e+01 9.9362e+04 7.8279e-05 9.1270e-01 9.9362e+04 7.7780e+00 2.2821e+00
4.5294e+01 9.9245e+04 9.0288e-05 9.0240e-01 9.9245e+04 8.9607e+00 2.2564e+00
4.5686e+01 9.9112e+04 1.0350e-04 8.9158e-01 9.9112e+04 1.0258e+01 2.2295e+00
4.6078e+01 9.8963e+04 1.1801e-04 8.8032e-01 9.8963e+04 1.1679e+01 2.2015e+00
4.6471e+01 9.8788e+04 1.3352e-04 8.6859e-01 9.8788e+04 1.3190e+01 2.1724e+00
4.6863e+01 9.8626e+04 1.5141e-04 8.5698e-01 9.8626e+04 1.4933e+01 2.1436e+00
4.7255e+01 9.8317e+04 1.6612e-04 8.4367e-01 9.8317e+04 1.6332e+01 2.1105e+00
4.7647e+01 9.8402e+04 1.9662e-04 8.3526e-01 9.8402e+04 1.9348e+01 2.0900e+00
4.8039e+01 9.7311e+04 1.8779e-04 8.1320e-01 9.7311e+04 1.8274e+01 2.0347e+00
4.8431e+01 9.8764e+04 2.6906e-04 8.2114e-01 9.8764e+04 2.6574e+01 2.0564e+00
4.8824e+01 9.5891e+04 2.0174e-04 7.7953e-01 9.5891e+04 1.9345e+01 1.9508e+00
4.9216e+01 9.7075e+04 3.1126e-04 7.9591e-01 9.7075e+04 3.0216e+01 1.9945e+00
4.9608e+01 1.0977e+05 2.9562e-04 7.7087e-01 1.0977e+05 3.2451e+01 1.9320e+00
5.0000e+01 1.9834e+04 3.1446e-04 7.6615e-01 1.9834e+04 6.2368e+00 1.9164e+00
5.0392e+01 1.0549e+04 3.7159e-04 7.6079e-01 1.0549e+04 3.9198e+00 1.9027e+00
5.0784e+01 1.0354e+04 6.1242e-04 7.7038e-01 1.0354e+04 6.3412e+00 1.9279e+00
5.1176e+01 1.0997e+04 7.1170e-04 7.6691e-01 1.0997e+04 7.8264e+00 1.9201e+00
5.1569e+01 1.1234e+04 7.1628e-04 7.5606e-01 1.1234e+04 8.0468e+00 1.8930e+00
5.1961e+01 1.1616e+04 7.6352e-04 7.5172e-01 1.1616e+04 8.8689e+00 1.8827e+00
5.2353e+01 1.1937e+04 9.5534e-04 7.6544e-01 1.1937e+04 1.1404e+01 1.9190e+00
5.2745e+01 1.2386e+04 1.1789e-03 7.8456e-01 1.2386e+04 1.4602e+01 1.9700e+00
5.3137e+01 1.2639e+04 1.3517e-03 7.9953e-01 1.2639e+04 1.7084e+01 2.0104e+00
5.3529e+01 1.2825e+04 1.4295e-03 8.0420e-01 1.2825e+04 1.8333e+01 2.0236e+00
5.3922e+01 1.2859e+04 1.4525e-03 8.0303e-01 1.2859e+04 1.8678e+01 2.0211e+00
5.4314e+01 1.2892e+04 1.4473e-03 7.9894e-01 1.2892e+04 1.8658e+01 2.0108e+00
5.4706e+01 1.2884e+04 1.4409e-03 7.9487e-01 1.2884e+04 1.8564e+01 2.0005e+00
5.5098e+01 1.2895e+04 1.4309e-03 7.9024e-01 1.2895e+04 1.8451e+01 1.9888e+00
5.5490e+01 1.2890e+04 1.4220e-03 7.8560e-01 1.2890e+04 1.8330e+01 1.9770e+00
5.5882e+01 1.2896e+04 1.4107e-03 7.8054e-01 1.2896e+04 1.8192e+01 1.9642e+00
5.6275e+01 1.2893e+04 1.3998e-03 7.7533e-01 1.2893e+04 1.8047e+01 1.9510e+00
5.6667e+01 1.2894e+04 1.3873e-03 7.6976e-01 1.2894e+04 1.7888e+01 1.9368e+00
5.7059e+01 1.2892e+04 1.3745e-03 7.6397e-01 1.2892e+04 1.7720e+01 1.9221e+00
5.7451e+01 1.2891e+04 1.3605e-03 7.5784e-01 1.2891e+04 1.7539e+01 1.9065e+00
5.7843e+01 1.2889e+04 1.3460e-03 7.5145e-01 1.2889e+04 1.7349e+01 1.8903e+00
5.8235e+01 1.2887e+04 1.3306e-03 7.4473e-01 1.2887e+04 1.7146e+01 1.8732e+00
5.8627e+01 1.2883e+04 1.3145e-03 7.3771e-01 1.2883e+04 1.6935e+01 1.8554e+00
5.9020e+01 1.2880e+04 1.2975e-03 7.3037e-01 1.2880e+04 1.6712e+01 1.8368e+00
5.9412e+01 1.2876e+04 1.2799e-03 7.2272e-01 1.2876e+04 1.6479e+01 1.8173e+00
5.9804e+01 1.2872e+04 1.2614e-03 7.1473e-01 1.2872e+04 1.6237e+01 1.7971e+00
6.0196e+01 1.2867e+04 1.2422e-03 7.0643e-01 1.2867e+04 1.5984e+01 1.7760e+00
6.0588e+01 1.2862e+04 1.2223e-03 6.9778e-01 1.2862e+04 1.5722e+01 1.7541e+00
6.0980e+01 1.2857e+04 1.2017e-03 6.8881e-01 1.2857e+04 1.5450e+01 1.7313e+00
6.1373e+01 1.2851e+04 1.1803e-03 6.7949e-01 1.2851e+04 1.5168e+01 1.7077e+00
6.1765e+01 1.2845e+04 1.1582e-03 6.6982e-01 1.2845e+04 1.4876e+01 1.6832e+00
6.2157e+01 1.2839e+04 1.1353e-03 6.5980e-01 1.2839e+04 1.4575e+01 1.6578e+00
6.2549e+01 1.2832e+04 1.1117e-03 6.4941e-01 1.2832e+04 1.4265e+01 1.6314e+00
6.2941e+01 1.2825e+04 1.0873e-03 6.3863e-01 1.2825e+04 1.3944e+01 1.6042e+00
6.3333e+01 1.2817e+04 1.0621e-03 6.2746e-01 1.2817e+04 1.3613e+01 1.5759e+00
6.3725e+01 1.2810e+04 1.0361e-03 6.1588e-01 1.2810e+04 1.3272e+01 1.5466e+00
6.4118e+01 1.2802e+04 1.0092e-03 6.0386e-01 1.2802e+04 1.2920e+01 1.5162e+00
6.4510e+01 1.2793e+04 9.8152e-04 5.9138e-01 1.2793e+04 1.2557e+01 1.4846e+00
6.4902e+01 1.2785e+04 9.5291e-04 5.7842e-01 1.2785e+04 1.2183e+01 1.4519e+00
6.5294e+01 1.2776e+04 9.2338e-04 5.6496e-01 1.2776e+04 1.1797e+01 1.4179e+00
6.5686e+01 1.2766e+04 8.9289e-04 5.5097e-01 1.2766e+04 1.1399e+01 1.3825e+00
6.6078e+01 1.2757e+04 8.6141e-04 5.3642e-01 1.2757e+04 1.0989e+01 1.3458e+00
6.6471e+01 1.2747e+04 8.2890e-04 5.2129e-01 1.2747e+04 1.0566e+01 1.3076e+00
6.6863e+01 1.2736e+04 7.9533e-04 5.0554e-01 1.2736e+04 1.0130e+01 1.2679e+00
6.7255e+01 1.2726e+04 7.6068e-04 4.8915e-01 1.2726e+04 9.6800e+00 1.2266e+00
6.7647e+01 1.2715e+04 7.2490e-04 4.7209e-01 1.2715e+04 9.2168e+00 1.1836e+00
6.8039e+01 1.2703e+04 6.8797e-04 4.5432e-01 1.2703e+04 8.7394e+00 1.1388e+00
6.8431e+01 1.2692e+04 6.4985e-04 4.3582e-01 1.2692e+04 8.2476e+00 1.0922e+00
6.8824e+01 1.2679e+04 6.1051e-04 4.1656e-01 1.2679e+04 7.7409e+00 1.0438e+00
6.9216e+01 1.2667e+04 5.6991e-04 3.9650e-01 1.2667e+04 7.2192e+00 9.9330e-01
6.9608e+01 1.2654e+04 5.2803e-04 3.7560e-01 1.2654e+04 6.6819e+00 9.4077e-01
7.0000e+01 1.2641e+04 4.8482e-04 3.5384e-01 1.2641e+04 6.1288e+00 8.8610e-01
7.0392e+01 1.2628e+04 4.4025e-04 3.3118e-01 1.2628e+04 5.5595e+00 8.2918e-01
7.0784e+01 1.2614e+04 3.9427e-04 3.0757e-01 1.2614e+04 4.9734e+00 7.6991e-01
7.1176e+01 1.2600e+04 3.4684e-04 2.8298e-01 1.2600e+04 4.3702e+00 7.0820e-01
7.1569e+01 1.2586e+04 2.9796e-04 2.5737e-01 1.2586e+04 3.7501e+00 6.4399e-01
7.1961e+01 1.2571e+04 2.4779e-04 2.3081e-01 1.2571e+04 3.1150e+00 5.7742e-01
7.2353e+01 1.2556e+04 1.9696e-04 2.0363e-01 1.2556e+04 2.4731e+00 5.0931e-01
7.2745e+01 1.2542e+04 1.4707e-04 1.7672e-01 1.2542e+04 1.8445e+00 4.4193e-01
7.3137e+01 1.2529e+04 1.0107e-04 1.5187e-01 1.2529e+04 1.2663e+00 3.7975e-01
7.3529e+01 1.2518e+04 6.2729e-05 1.3140e-01 1.2518e+04 7.8525e-01 3.2853e-01
7.3922e+01 1.2510e+04 3.4811e-05 1.1690e-01 1.2510e+04 4.3549e-01 2.9225e-01
7.4314e+01 1.2505e+04 1.7358e-05 1.0818e-01 1.2505e+04 2.1707e-01 2.7045e-01
7.4706e+01 1.2502e+04 7.9347e-06 1.0366e-01 1.2502e+04 9.9203e-02 2.5914e-01
7.5098e+01 1.2501e+04 3.4172e-06 1.0155e-01 1.2501e+04 4.2718e-02 2.5389e-01
7.5490e+01 1.2500e+04 1.4208e-06 1.0064e-01 1.2500e+04 1.7760e-02 2.5161e-01
7.5882e+01 1.2500e+04 5.7964e-07 1.0026e-01 1.2500e+04 7.2456e-03 2.5066e-01
7.6275e+01 1.2500e+04 2.3409e-07 1.0011e-01 1.2500e+04 2.9261e-03 2.5026e-01
7.6667e+01 1.2500e+04 9.3963e-08 1.0004e-01 1.2500e+04 1.1745e-03 2.5011e-01
7.7059e+01 1.2500e+04 3.7553e-08 1.0002e-01 1.2500e+04 4.6942e-04 2.5004e-01
7.7451e+01 1.2500e+04 1.4955e-08 1.0001e-01 1.2500e+04 1.8693e-04 2.5002e-01
7.7843e+01 1.2500e+04 5.9354e-09 1.0000e-01 1.2500e+04 7.4192e-05 2.5001e-01
7.8235e+01 1.2500e+04 2.3481e-09 1.0000e-01 1.2500e+04 2.9351e-05 2.5000e-01
7.8627e+01 1.2500e+04 9.2597e-10 1.0000e-01 1.2500e+04 1.1575e-05 2.5000e-01
7.9020e+01 1.2500e+04 3.6398e-10 1.0000e-01 1.2500e+04 4.5498e-06 2.5000e-01
7.9412e+01 1.2500e+04 1.4261e-10 1.0000e-01 1.2500e+04 1.7827e-06 2.5000e-01
7.9804e+01 1.2500e+04 5.5697e-11 1.0000e-01 1.2500e+04 6.9622e-07 2.5000e-01
8.0196e+01 1.2500e+04 2.1682e-11 1.0000e-01 1.2500e+04 2.7102e-07 2.5000e-01
8.0588e+01 1.2500e+04 8.4124e-12 1.0000e-01 1.2500e+04 1.0516e-07 2.5000e-01
8.0980e+01 1.2500e+04 3.2532e-12 1.0000e-01 1.2500e+04 4.0666e-08 2.5000e-01
8.1373e+01 1.2500e+04 1.2539e-12 1.0000e-01 1.2500e+04 1.5674e-08 2.5000e-01
8.1765e+01 1.2500e+04 4.8169e-13 1.0000e-01 1.2500e+04 6.0211e-09 2.5000e-01
8.2157e+01 1.2500e+04 1.8442e-13 1.0000e-01 1.2500e+04 2.3052e-09 2.5000e-01
8.2549e+01 1.2500e+04 7.0365e-14 1.0000e-01 1.2500e+04 8.7956e-10 2.5000e-01
8.2941e+01 1.2500e+04 2.6756e-14 1.0000e-01 1.2500e+04 3.3445e-10 2.5000e-01
8.3333e+01 1.2500e+04 1.0137e-14 1.0000e-01 1.2500e+04 1.2672e-10 2.5000e-01
8.3725e+01 1.2500e+04 3.8265e-15 1.0000e-01 1.2500e+04 4.7831e-11 2.5000e-01
8.4118e+01 1.2500e+04 1.4382e-15 1.0000e-01 1.2500e+04 1.7978e-11 2.5000e-01
8.4510e+01 1.2500e+04 5.3727e-16 1.0000e-01 1.2500e+04 6.7159e-12 2.5000e-01
8.4902e+01 1.2500e+04 1.9875e-16 1.0000e-01 1.2500e+04 2.4844e-12 2.5000e-01
8.5294e+01 1.2500e+04 7.2176e-17 1.0000e-01 1.2500e+04 9.0219e-13 2.5000e-01
8.5686e+01 1.2500e+04 2.5194e-17 1.0000e-01 1.2500e+04 3.1492e-13 2.5000e-01
8.6078e+01 1.2500e+04 7.9499e-18 1.0000e-01 1.2500e+04 9.9374e-14 2.5000e-01
8.6471e+01 1.2500e+04 1.8023e-18 1.0000e-01 1.2500e+04 2.2528e-14 2.5000e-01
8.6863e+01 1.2500e+04 5.4073e-20 1.0000e-01 1.2500e+04 6.7592e-16 2.5000e-01
8.7255e+01 1.2500e+04 0.0000e+00 1.0000e-01 1.2500e+04 0.0000e+00 2.5000e-01
8.7647e+01 1.2500e+04 0.0000e+00 1.0000e-01 1.2500e+04 0.0000e+00 2.5000e-01
8.8039e+01 1.2500e+04 0.0000e+00 1.0000e-01 1.2500e+04 0.0000e+00 2.5000e-01
8.8431e+01 1.2500e+04 0.0000e+00 1.0000e-01 1.2500e+04 0.0000e+00 2.5000e-01
8.8824e+01 1.2500e+04 0.0000e+00 1.0000e-01 1.2500e+04 0.0000e+00 2.5000e-01
8.9216e+01 1.2500e+04 0.0000e+00 1.0000e-01 1.2500e+04 0.0000e+00 2.5000e-01
8.9608e+01 1.2500e+04 0.0000e+00 1.0000e-01 1.2500e+04 0.0000e+00 2.5000e-01
9.0000e+01 1.2500e+04 0.0000e+00 1.0000e-01 1.2500e+04 0.0000e+00 2.5000e-01
9.0392e+01 1.2500e+04 0.0000e+00 1.0000e-01 1.2500e+04 0.0000e+00 2.5000e-01
9.0784e+01 1.2500e+04 0.0000e+00 1.0000e-01 1.2500e+04 0.0000e+00 2.5000e-01
9.1176e+01 1.2500e+04 0.0000e+00 1.0000e-01 1.2500e+04 0.0000e+00 2.5000e-01
9.1569e+01 1.2500e+04 0.0000e+00 1.0000e-01 1.2500e+04 0.0000e+00 2.5000e-01
9.1961e+01 1.2500e+04 0.0000e+00 1.0000e-01 1.2500e+04 0.0000e+00 2.5000e-01
9.2353e+01 1.2500e+04 0.0000e+00 1.0000e-01 1.2500e+04 0.0000e+00 2.5000e-01
9.2745e+01 1.2500e+04 0.0000e+00 1.0000e-01 1.2500e+04 0.0000e+00 2.5000e-01
9.3137e+01 1.2500e+04 0.0000e+00 1.0000e-01 1.2500e+04 0.0000e+00 2.5000e-01
9.3529e+01 1.2500e+04 0.0000e+00 1.0000e-01 1.2500e+04 0.0000e+00 2.5000e-01
9.3922e+01 1.2500e+04 0.0000e+00 1.0000e-01 1.2500e+04 0.0000e+00 2.5000e-01
9.4314e+01 1.2500e+04 0.0000e+00 1.0000e-01 1.2500e+04 0.0000e+00 2.5000e-01
9.4706e+01 1.2500e+04 0.0000e+00 1.0000e-01 1.2500e+04 0.0000e+00 2.5000e-01
9.5098e+01 1.2500e+04 0.0000e+00 1.0000e-01 1.2500e+04 0.0000e+00 2.5000e-01
9.5490e+01 1.2500e+04 0.0000e+00 1.0000e-01 1.2500e+04 0.0000e+00 2.5000e-01
9.5882e+01 1.2500e+04 0.0000e+00 1.0000e-01 1.2500e+04 0.0000e+00 2.5000e-01
9.6275e+01 1.2500e+04 0.0000e+00 1.0000e-01 1.2500e+04 0.0000e+00 2.5000e-01
9.6667e+01 1.2500e+04 0.0000e+00 1.0000e-01 1.2500e+04 0.0000e+00 2.5000e-01
9.7059e+01 1.2500e+04 0.0000e+00 1.0000e-01 1.2500e+04 0.0000e+00 2.5000e-01
9.7451e+01 1.2500e+04 0.0000e+00 1.0000e-01 1.2500e+04 0.0000e+00 2.5000e-01
9.7843e+01 1.2500e+04 0.0000e+00 1.0000e-01 1.2500e+04 0.0000e+00 2.5000e-01
9.8235e+01 1.2500e+04 0.0000e+00 1.0000e-01 1.2500e+04 0.0000e+00 2.5000e-01
9.8627e+01 1.2500e+04 0.0000e+00 1.0000e-01 1.2500e+04 0.0000e+00 2.5000e-01
9.9020e+01 1.2500e+04 0.0000e+00 1.0000e-01 1.2500e+04 0.0000e+00 2.5000e-01
9.9412e+01 1.2500e+04 0.0000e+00 1.0000e-01 1.2500e+04 0.0000e+00 2.5000e-01
9.9804e+01 1.2500e+04 0.0000e+00 1.0000e-01 1.2500e+04 0.0000e+00 2.5000e-01
