# # x Density Velocity Pressure q0 q1 q2
1.9608e-01 1.0000e+05 0.0000e+00 1.0000e+00 1.0000e+05 0.0000e+00 2.5000e+00
5.8824e-01 1.0000e+05 0.0000e+00 1.0000e+00 1.0000e+05 0.0000e+00 2.5000e+00
9.8039e-01 1.0000e+05 0.0000e+00 1.0000e+00 1.0000e+05 0.0000e+00 2.5000e+00
1.3725e+00 1.0000e+05 0.0000e+00 1.0000e+00 1.0000e+05 0.0000e+00 2.5000e+00
1.7647e+00 1.0000e+05 0.0000e+00 1.0000e+00 1.0000e+05 0.0000e+00 2.5000e+00
2.1569e+00 1.0000e+05 0.0000e+00 1.0000e+00 1.0000e+05 0.0000e+00 2.5000e+00
2.5490e+00 1.0000e+05 0.0000e+00 1.0000e+00 1.0000e+05 0.0000e+00 2.5000e+00
2.9412e+00 1.0000e+05 0.0000e+00 1.0000e+00 1.0000e+05 0.0000e+00 2.5000e+00
3.3333e+00 1.0000e+05 0.0000e+00 1.0000e+00 1.0000e+05 0.0000e+00 2.5000e+00
3.7255e+00 1.0000e+05 0.0000e+00 1.0000e+00 1.0000e+05 0.0000e+00 2.5000e+00
4.1176e+00 1.0000e+05 0.0000e+00 1.0000e+00 1.0000e+05 0.0000e+00 2.5000e+00
4.5098e+00 1.0000e+05 0.0000e+00 1.0000e+00 1.0000e+05 0.0000e+00 2.5000e+00
4.9020e+00 1.0000e+05 0.0000e+00 1.0000e+00 1.0000e+05 0.0000e+00 2.5000e+00
5.2941e+00 1.0000e+05 0.0000e+00 1.0000e+00 1.0000e+05 0.0000e+00 2.5000e+00
5.6863e+00 1.0000e+05 0.0000e+00 1.0000e+00 1.0000e+05 0.0000e+00 2.5000e+00
6.0784e+00 1.0000e+05 0.0000e+00 1.0000e+00 1.0000e+05 0.0000e+00 2.5000e+00
6.4706e+00 1.0000e+05 0.0000e+00 1.0000e+00 1.0000e+05 0.0000e+00 2.5000e+00
6.8627e+00 1.0000e+05 0.0000e+00 1.0000e+00 1.0000e+05 0.0000e+00 2.5000e+00
7.2549e+00 1.0000e+05 0.0000e+00 1.0000e+00 1.0000e+05 0.0000e+00 2.5000e+00
7.6471e+00 1.0000e+05 0.0000e+00 1.0000e+00 1.0000e+05 0.0000e+00 2.5000e+00
8.0392e+00 1.0000e+05 0.0000e+00 1.0000e+00 1.0000e+05 0.0000e+00 2.5000e+00
8.4314e+00 1.0000e+05 0.0000e+00 1.0000e+00 1.0000e+05 0.0000e+00 2.5000e+00
8.8235e+00 1.0000e+05 0.0000e+00 1.0000e+00 1.0000e+05 0.0000e+00 2.5000e+00
9.2157e+00 1.0000e+05 0.0000e+00 1.0000e+00 1.0000e+05 0.0000e+00 2.5000e+00
9.6078e+00 1.0000e+05 0.0000e+00 1.0000e+00 1.0000e+05 0.0000e+00 2.5000e+00
1.0000e+01 1.0000e+05 0.0000e+00 1.0000e+00 1.0000e+05 0.0000e+00 2.5000e+00
1.0392e+01 1.0000e+05 0.0000e+00 1.0000e+00 1.0000e+05 0.0000e+00 2.5000e+00
1.0784e+01 1.0000e+05 0.0000e+00 1.0000e+00 1.0000e+05 0.0000e+00 2.5000e+00
1.1176e+01 1.0000e+05 0.0000e+00 1.0000e+00 1.0000e+05 0.0000e+00 2.5000e+00
1.1569e+01 1.0000e+05 0.0000e+00 1.0000e+00 1.0000e+05 0.0000e+00 2.5000e+00
1.1961e+01 1.0000e+05 0.0000e+00 1.0000e+00 1.0000e+05 0.0000e+00 2.5000e+00
1.2353e+01 1.0000e+05 0.0000e+00 1.0000e+00 1.0000e+05 0.0000e+00 2.5000e+00
1.2745e+01 1.0000e+05 0.0000e+00 1.0000e+00 1.0000e+05 0.0000e+00 2.5000e+00
1.3137e+01 1.0000e+05 0.0000e+00 1.0000e+00 1.0000e+05 0.0000e+00 2.5000e+00
1.3529e+01 1.0000e+05 0.0000e+00 1.0000e+00 1.0000e+05 0.0000e+00 2.5000e+00
1.3922e+01 1.0000e+05 0.0000e+00 1.0000e+00 1.0000e+05 0.0000e+00 2.5000e+00
1.4314e+01 1.0000e+05 0.0000e+00 1.0000e+00 1.0000e+05 0.0000e+00 2.5000e+00
1.4706e+01 1.0000e+05 1.6986e-21 1.0000e+00 1.0000e+05 1.6986e-16 2.5000e+00
1.5098e+01 1.0000e+05 3.1453e-19 1.0000e+00 1.0000e+05 3.1453e-14 2.5000e+00
1.5490e+01 1.0000e+05 1.7391e-18 1.0000e+00 1.0000e+05 1.7391e-13 2.5000e+00
1.5882e+01 1.0000e+05 4.7123e-18 1.0000e+00 1.0000e+05 4.7123e-13 2.5000e+00
1.6275e+01 1.0000e+05 9.3417e-18 1.0000e+00 1.0000e+05 9.3417e-13 2.5000e+00
1.6667e+01 1.0000e+05 1.6743e-17 1.0000e+00 1.0000e+05 1.6743e-12 2.5000e+00
1.7059e+01 1.0000e+05 2.9835e-17 1.0000e+00 1.0000e+05 2.9835e-12 2.5000e+00
1.7451e+01 1.0000e+05 5.3728e-17 1.0000e+00 1.0000e+05 5.3728e-12 2.5000e+00
1.7843e+01 1.0000e+05 9.8875e-17 1.0000e+00 1.0000e+05 9.8875e-12 2.5000e+00
1.8235e+01 1.0000e+05 1.8449e-16 1.0000e+00 1.0000e+05 1.8449e-11 2.5000e+00
1.8627e+01 1.0000e+05 3.4600e-16 1.0000e+00 1.0000e+05 3.4600e-11 2.5000e+00
1.9020e+01 1.0000e+05 6.4965e-16 1.0000e+00 1.0000e+05 6.4965e-11 2.5000e+00
1.9412e+01 1.0000e+05 1.2161e-15 1.0000e+00 1.0000e+05 1.2161e-10 2.5000e+00
1.9804e+01 1.0000e+05 2.2659e-15 1.0000e+00 1.0000e+05 2.2659e-10 2.5000e+00
2.0196e+01 1.0000e+05 4.1978e-15 1.0000e+00 1.0000e+05 4.1978e-10 2.5000e+00
2.0588e+01 1.0000e+05 7.7251e-15 1.0000e+00 1.0000e+05 7.7251e-10 2.5000e+00
2.0980e+01 1.0000e+05 1.4118e-14 1.0000e+00 1.0000e+05 1.4118e-09 2.5000e+00
2.1373e+01 1.0000e+05 2.5619e-14 1.0000e+00 1.0000e+05 2.5619e-09 2.5000e+00
2.1765e+01 1.0000e+05 4.6156e-14 1.0000e+00 1.0000e+05 4.6156e-09 2.5000e+00
2.2157e+01 1.0000e+05 8.2553e-14 1.0000e+00 1.0000e+05 8.2553e-09 2.5000e+00
2.2549e+01 1.0000e+05 1.4658e-13 1.0000e+00 1.0000e+05 1.4658e-08 2.5000e+00
2.2941e+01 1.0000e+05 2.5834e-13 1.0000e+00 1.0000e+05 2.5834e-08 2.5000e+00
2.3333e+01 1.0000e+05 4.5199e-13 1.0000e+00 1.0000e+05 4.5199e-08 2.5000e+00
2.3725e+01 1.0000e+05 7.8494e-13 1.0000e+00 1.0000e+05 7.8494e-08 2.5000e+00
2.4118e+01 1.0000e+05 1.3531e-12 1.0000e+00 1.0000e+05 1.3531e-07 2.5000e+00
2.4510e+01 1.0000e+05 2.3151e-12 1.0000e+00 1.0000e+05 2.3151e-07 2.5000e+00
2.4902e+01 1.0000e+05 3.9317e-12 1.0000e+00 1.0000e+05 3.9317e-07 2.5000e+00
2.5294e+01 1.0000e+05 6.6272e-12 1.0000e+00 1.0000e+05 6.6272e-07 2.5000e+00
2.5686e+01 1.0000e+05 1.1087e-11 1.0000e+00 1.0000e+05 1.1087e-06 2.5000e+00
2.6078e+01 1.0000e+05 1.8409e-11 1.0000e+00 1.0000e+05 1.8409e-06 2.5000e+00
2.6471e+01 1.0000e+05 3.0336e-11 1.0000e+00 1.0000e+05 3.0336e-06 2.5000e+00
2.6863e+01 1.0000e+05 4.9612e-11 1.0000e+00 1.0000e+05 4.9612e-06 2.5000e+00
2.7255e+01 1.0000e+05 8.0523e-11 1.0000e+00 1.0000e+05 8.0523e-06 2.5000e+00
2.7647e+01 1.0000e+05 1.2970e-10 1.0000e+00 1.0000e+05 1.2970e-05 2.5000e+00
2.8039e+01 1.0000e+05 2.0733e-10 1.0000e+00 1.0000e+05 2.0733e-05 2.5000e+00
2.8431e+01 1.0000e+05 3.2888e-10 1.0000e+00 1.0000e+05 3.2888e-05 2.5000e+00
2.8824e+01 1.0000e+05 5.1772e-10 1.0000e+00 1.0000e+05 5.1772e-05 2.5000e+00
2.9216e+01 1.0000e+05 8.0873e-10 1.0000e+00 1.0000e+05 8.0873e-05 2.5000e+00
2.9608e+01 1.0000e+05 1.2536e-09 1.0000e+00 1.0000e+05 1.2536e-04 2.5000e+00
3.0000e+01 1.0000e+05 1.9283e-09 9.9999e-01 1.0000e+05 1.9283e-04 2.5000e+00
3.0392e+01 1.0000e+05 2.9432e-09 9.9999e-01 1.0000e+05 2.9432e-04 2.5000e+00
3.0784e+01 1.0000e+05 4.4575e-09 9.9999e-01 1.0000e+05 4.4575e-04 2.5000e+00
3.1176e+01 1.0000e+05 6.6987e-09 9.9998e-01 1.0000e+05 6.6987e-04 2.5000e+00
3.1569e+01 1.0000e+05 9.9886e-09 9.9998e-01 1.0000e+05 9.9886e-04 2.4999e+00
3.1961e+01 1.0000e+05 1.4779e-08 9.9996e-01 1.0000e+05 1.4779e-03 2.4999e+00
3.2353e+01 1.0000e+05 2.1695e-08 9.9995e-01 1.0000e+05 2.1695e-03 2.4999e+00
3.2745e+01 1.0000e+05 3.1601e-08 9.9993e-01 1.0000e+05 3.1601e-03 2.4998e+00
3.3137e+01 1.0000e+05 4.5671e-08 9.9989e-01 1.0000e+05 4.5671e-03 2.4997e+00
3.3529e+01 1.0000e+05 6.5489e-08 9.9985e-01 1.0000e+05 6.5489e-03 2.4996e+00
3.3922e+01 1.0000e+05 9.3172e-08 9.9979e-01 1.0000e+05 9.3172e-03 2.4995e+00
3.4314e+01 9.9999e+04 1.3152e-07 9.9971e-01 9.9999e+04 1.3152e-02 2.4993e+00
3.4706e+01 9.9999e+04 1.8420e-07 9.9961e-01 9.9999e+04 1.8420e-02 2.4990e+00
3.5098e+01 9.9999e+04 2.5595e-07 9.9946e-01 9.9999e+04 2.5595e-02 2.4987e+00
3.5490e+01 9.9998e+04 3.5288e-07 9.9928e-01 9.9998e+04 3.5287e-02 2.4982e+00
3.5882e+01 9.9998e+04 4.8270e-07 9.9903e-01 9.9998e+04 4.8268e-02 2.4976e+00
3.6275e+01 9.9997e+04 6.5511e-07 9.9871e-01 9.9997e+04 6.5509e-02 2.4968e+00
3.6667e+01 9.9995e+04 8.8216e-07 9.9830e-01 9.9995e+04 8.8212e-02 2.4958e+00
3.7059e+01 9.9994e+04 1.1786e-06 9.9778e-01 9.9994e+04 1.1786e-01 2.4945e+00
3.7451e+01 9.9992e+04 1.5625e-06 9.9712e-01 9.9992e+04 1.5624e-01 2.4928e+00
3.7843e+01 9.9989e+04 2.0553e-06 9.9630e-01 9.9989e+04 2.0551e-01 2.4908e+00
3.8235e+01 9.9985e+04 2.6827e-06 9.9529e-01 9.9985e+04 2.6823e-01 2.4882e+00
3.8627e+01 9.9980e+04 3.4746e-06 9.9404e-01 9.9980e+04 3.4740e-01 2.4851e+00
3.9020e+01 9.9974e+04 4.4660e-06 9.9253e-01 9.9974e+04 4.4648e-01 2.4813e+00
3.9412e+01 9.9966e+04 5.6964e-06 9.9071e-01 9.9966e+04 5.6945e-01 2.4768e+00
3.9804e+01 9.9956e+04 7.2111e-06 9.8853e-01 9.9956e+04 7.2080e-01 2.4713e+00
4.0196e+01 9.9944e+04 9.0603e-06 9.8596e-01 9.9944e+04 9.0552e-01 2.4649e+00
4.0588e+01 9.9928e+04 1.1299e-05 9.8294e-01 9.9928e+04 1.1291e+00 2.4574e+00
4.0980e+01 9.9909e+04 1.3988e-05 9.7944e-01 9.9909e+04 1.3976e+00 2.4486e+00
4.1373e+01 9.9886e+04 1.7192e-05 9.7541e-01 9.9886e+04 1.7172e+00 2.4385e+00
4.1765e+01 9.9857e+04 2.0978e-05 9.7081e-01 9.9857e+04 2.0948e+00 2.4271e+00
4.2157e+01 9.9823e+04 2.5418e-05 9.6562e-01 9.9823e+04 2.5373e+00 2.4141e+00
4.2549e+01 9.9782e+04 3.0584e-05 9.5979e-01 9.9782e+04 3.0517e+00 2.3995e+00
4.2941e+01 9.9733e+04 3.6550e-05 9.5331e-01 9.9733e+04 3.6452e+00 2.3833e+00
4.3333e+01 9.9675e+04 4.3387e-05 9.4616e-01 9.9675e+04 4.3247e+00 2.3655e+00
4.3725e+01 9.9608e+04 5.1167e-05 9.3836e-01 9.9608e+04 5.0966e+00 2.3460e+00
4.4118e+01 9.9529e+04 5.9955e-05 9.2989e-01 9.9529e+04 5.9673e+00 2.3249e+00
4.4510e+01 9.9438e+04 6.9811e-05 9.2079e-01 9.9438e+04 6.9419e+00 2.3022e+00
4.4902e+01 9.9333e+04 8.0789e-05 9.1109e-01 9.9333e+04 8.0251e+00 2.2781e+00
4.5294e+01 9.9214e+04 9.2936e-05 9.0083e-01 9.9214e+04 9.2205e+00 2.2525e+00
4.5686e+01 9.9078e+04 1.0627e-04 8.9006e-01 9.9078e+04 1.0529e+01 2.2257e+00
4.6078e+01 9.8926e+04 1.2089e-04 8.7888e-01 9.8926e+04 1.1959e+01 2.1979e+00
4.6471e+01 9.8747e+04 1.3643e-04 8.6724e-01 9.8747e+04 1.3472e+01 2.1690e+00
4.6863e+01 9.8586e+04 1.5455e-04 8.5580e-01 9.8586e+04 1.5236e+01 2.1407e+00
4.7255e+01 9.8260e+04 1.6878e-04 8.4245e-01 9.8260e+04 1.6585e+01 2.1075e+00
4.7647e+01 9.8378e+04 2.0052e-04 8.3458e-01 9.8378e+04 1.9727e+01 2.0884e+00
4.8039e+01 9.7218e+04 1.8935e-04 8.1188e-01 9.7218e+04 1.8408e+01 2.0314e+00
4.8431e+01 9.8750e+04 2.7333e-04 8.2084e-01 9.8750e+04 2.6991e+01 2.0558e+00
4.8824e+01 9.5847e+04 2.0496e-04 7.7902e-01 9.5847e+04 1.9645e+01 1.9496e+00
4.9216e+01 9.6906e+04 3.1214e-04 7.9472e-01 9.6906e+04 3.0248e+01 1.9915e+00
4.9608e+01 1.1008e+05 2.9932e-04 7.7075e-01 1.1008e+05 3.2949e+01 1.9318e+00
5.0000e+01 2.0201e+04 3.2014e-04 7.6652e-01 2.0201e+04 6.4672e+00 1.9173e+00
5.0392e+01 1.0550e+04 3.6417e-04 7.5981e-01 1.0550e+04 3.8419e+00 1.9002e+00
5.0784e+01 1.0303e+04 6.0155e-04 7.6915e-01 1.0303e+04 6.1978e+00 1.9247e+00
5.1176e+01 1.0973e+04 7.2642e-04 7.6847e-01 1.0973e+04 7.9710e+00 1.9241e+00
5.1569e+01 1.1223e+04 7.3520e-04 7.5813e-01 1.1223e+04 8.2511e+00 1.8984e+00
5.1961e+01 1.1578e+04 7.5470e-04 7.5077e-01 1.1578e+04 8.7376e+00 1.8802e+00
5.2353e+01 1.1867e+04 9.1736e-04 7.6116e-01 1.1867e+04 1.0886e+01 1.9079e+00
5.2745e+01 1.2313e+04 1.1376e-03 7.7974e-01 1.2313e+04 1.4007e+01 1.9573e+00
5.3137e+01 1.2589e+04 1.3258e-03 7.9640e-01 1.2589e+04 1.6690e+01 2.0021e+00
5.3529e+01 1.2802e+04 1.4225e-03 8.0328e-01 1.2802e+04 1.8211e+01 2.0211e+00
5.3922e+01 1.2854e+04 1.4566e-03 8.0340e-01 1.2854e+04 1.8722e+01 2.0221e+00
5.4314e+01 1.2893e+04 1.4553e-03 7.9974e-01 1.2893e+04 1.8762e+01 2.0130e+00
5.4706e+01 1.2886e+04 1.4496e-03 7.9586e-01 1.2886e+04 1.8680e+01 2.0032e+00
5.5098e+01 1.2898e+04 1.4401e-03 7.9143e-01 1.2898e+04 1.8574e+01 1.9920e+00
5.5490e+01 1.2893e+04 1.4317e-03 7.8699e-01 1.2893e+04 1.8459e+01 1.9807e+00
5.5882e+01 1.2899e+04 1.4210e-03 7.8213e-01 1.2899e+04 1.8330e+01 1.9684e+00
5.6275e+01 1.2896e+04 1.4106e-03 7.7715e-01 1.2896e+04 1.8192e+01 1.9557e+00
5.6667e+01 1.2898e+04 1.3986e-03 7.7181e-01 1.2898e+04 1.8040e+01 1.9421e+00
5.7059e+01 1.2896e+04 1.3864e-03 7.6627e-01 1.2896e+04 1.7880e+01 1.9281e+00
5.7451e+01 1.2896e+04 1.3730e-03 7.6040e-01 1.2896e+04 1.7707e+01 1.9132e+00
5.7843e+01 1.2894e+04 1.3592e-03 7.5428e-01 1.2894e+04 1.7525e+01 1.8976e+00
5.8235e+01 1.2892e+04 1.3443e-03 7.4785e-01 1.2892e+04 1.7331e+01 1.8813e+00
5.8627e+01 1.2889e+04 1.3289e-03 7.4113e-01 1.2889e+04 1.7127e+01 1.8642e+00
5.9020e+01 1.2886e+04 1.3125e-03 7.3409e-01 1.2886e+04 1.6913e+01 1.8463e+00
5.9412e+01 1.2882e+04 1.2955e-03 7.2675e-01 1.2882e+04 1.6689e+01 1.8277e+00
5.9804e+01 1.2878e+04 1.2777e-03 7.1909e-01 1.2878e+04 1.6455e+01 1.8082e+00
6.0196e+01 1.2874e+04 1.2592e-03 7.1112e-01 1.2874e+04 1.6211e+01 1.7880e+00
6.0588e+01 1.2869e+04 1.2400e-03 7.0282e-01 1.2869e+04 1.5957e+01 1.7669e+00
6.0980e+01 1.2864e+04 1.2200e-03 6.9419e-01 1.2864e+04 1.5694e+01 1.7450e+00
6.1373e+01 1.2858e+04 1.1993e-03 6.8523e-01 1.2858e+04 1.5421e+01 1.7223e+00
6.1765e+01 1.2852e+04 1.1779e-03 6.7594e-01 1.2852e+04 1.5139e+01 1.6988e+00
6.2157e+01 1.2846e+04 1.1558e-03 6.6630e-01 1.2846e+04 1.4847e+01 1.6743e+00
6.2549e+01 1.2840e+04 1.1329e-03 6.5630e-01 1.2840e+04 1.4546e+01 1.6490e+00
6.2941e+01 1.2833e+04 1.1092e-03 6.4595e-01 1.2833e+04 1.4235e+01 1.6228e+00
6.3333e+01 1.2826e+04 1.0848e-03 6.3521e-01 1.2826e+04 1.3914e+01 1.5956e+00
6.3725e+01 1.2818e+04 1.0597e-03 6.2409e-01 1.2818e+04 1.3583e+01 1.5674e+00
6.4118e+01 1.2811e+04 1.0337e-03 6.1255e-01 1.2811e+04 1.3242e+01 1.5382e+00
6.4510e+01 1.2803e+04 1.0069e-03 6.0059e-01 1.2803e+04 1.2891e+01 1.5080e+00
6.4902e+01 1.2794e+04 9.7927e-04 5.8818e-01 1.2794e+04 1.2529e+01 1.4766e+00
6.5294e+01 1.2785e+04 9.5074e-04 5.7530e-01 1.2785e+04 1.2156e+01 1.4440e+00
6.5686e+01 1.2776e+04 9.2131e-04 5.6193e-01 1.2776e+04 1.1771e+01 1.4103e+00
6.6078e+01 1.2767e+04 8.9094e-04 5.4804e-01 1.2767e+04 1.1375e+01 1.3752e+00
6.6471e+01 1.2757e+04 8.5960e-04 5.3361e-01 1.2757e+04 1.0966e+01 1.3387e+00
6.6863e+01 1.2747e+04 8.2725e-04 5.1860e-01 1.2747e+04 1.0545e+01 1.3009e+00
6.7255e+01 1.2737e+04 7.9388e-04 5.0300e-01 1.2737e+04 1.0112e+01 1.2615e+00
6.7647e+01 1.2726e+04 7.5944e-04 4.8677e-01 1.2726e+04 9.6649e+00 1.2206e+00
6.8039e+01 1.2715e+04 7.2391e-04 4.6989e-01 1.2715e+04 9.2047e+00 1.1781e+00
6.8431e+01 1.2704e+04 6.8725e-04 4.5232e-01 1.2704e+04 8.7308e+00 1.1338e+00
6.8824e+01 1.2692e+04 6.4943e-04 4.3405e-01 1.2692e+04 8.2428e+00 1.0878e+00
6.9216e+01 1.2680e+04 6.1042e-04 4.1502e-01 1.2680e+04 7.7404e+00 1.0399e+00
6.9608e+01 1.2668e+04 5.7019e-04 3.9523e-01 1.2668e+04 7.2232e+00 9.9013e-01
7.0000e+01 1.2655e+04 5.2870e-04 3.7463e-01 1.2655e+04 6.6910e+00 9.3834e-01
7.0392e+01 1.2642e+04 4.8593e-04 3.5319e-01 1.2642e+04 6.1433e+00 8.8446e-01
7.0784e+01 1.2629e+04 4.4182e-04 3.3087e-01 1.2629e+04 5.5798e+00 8.2841e-01
7.1176e+01 1.2615e+04 3.9635e-04 3.0764e-01 1.2615e+04 5.0001e+00 7.7010e-01
7.1569e+01 1.2601e+04 3.4946e-04 2.8346e-01 1.2601e+04 4.4038e+00 7.0942e-01
7.1961e+01 1.2587e+04 3.0116e-04 2.5830e-01 1.2587e+04 3.7908e+00 6.4631e-01
7.2353e+01 1.2573e+04 2.5158e-04 2.3220e-01 1.2573e+04 3.1630e+00 5.8089e-01
7.2745e+01 1.2558e+04 2.0127e-04 2.0544e-01 1.2558e+04 2.5275e+00 5.1386e-01
7.3137e+01 1.2544e+04 1.5165e-04 1.7883e-01 1.2544e+04 1.9022e+00 4.4723e-01
7.3529e+01 1.2530e+04 1.0548e-04 1.5401e-01 1.2530e+04 1.3218e+00 3.8510e-01
7.3922e+01 1.2519e+04 6.6445e-05 1.3322e-01 1.2519e+04 8.3185e-01 3.3309e-01
7.4314e+01 1.2511e+04 3.7474e-05 1.1818e-01 1.2511e+04 4.6884e-01 2.9546e-01
7.4706e+01 1.2506e+04 1.8978e-05 1.0893e-01 1.2506e+04 2.3733e-01 2.7234e-01
7.5098e+01 1.2503e+04 8.7889e-06 1.0404e-01 1.2503e+04 1.0989e-01 2.6011e-01
7.5490e+01 1.2501e+04 3.8231e-06 1.0173e-01 1.2501e+04 4.7793e-02 2.5434e-01
7.5882e+01 1.2501e+04 1.6015e-06 1.0072e-01 1.2501e+04 2.0020e-02 2.5181e-01
7.6275e+01 1.2500e+04 6.5730e-07 1.0030e-01 1.2500e+04 8.2164e-03 2.5074e-01
7.6667e+01 1.2500e+04 2.6684e-07 1.0012e-01 1.2500e+04 3.3356e-03 2.5030e-01
7.7059e+01 1.2500e+04 1.0764e-07 1.0005e-01 1.2500e+04 1.3455e-03 2.5012e-01
7.7451e+01 1.2500e+04 4.3226e-08 1.0002e-01 1.2500e+04 5.4033e-04 2.5005e-01
7.7843e+01 1.2500e+04 1.7297e-08 1.0001e-01 1.2500e+04 2.1621e-04 2.5002e-01
7.8235e+01 1.2500e+04 6.8983e-09 1.0000e-01 1.2500e+04 8.6229e-05 2.5001e-01
7.8627e+01 1.2500e+04 2.7425e-09 1.0000e-01 1.2500e+04 3.4281e-05 2.5000e-01
7.9020e+01 1.2500e+04 1.0869e-09 1.0000e-01 1.2500e+04 1.3586e-05 2.5000e-01
7.9412e+01 1.2500e+04 4.2938e-10 1.0000e-01 1.2500e+04 5.3672e-06 2.5000e-01
7.9804e+01 1.2500e+04 1.6910e-10 1.0000e-01 1.2500e+04 2.1137e-06 2.5000e-01
8.0196e+01 1.2500e+04 6.6383e-11 1.0000e-01 1.2500e+04 8.2979e-07 2.5000e-01
8.0588e+01 1.2500e+04 2.5977e-11 1.0000e-01 1.2500e+04 3.2471e-07 2.5000e-01
8.0980e+01 1.2500e+04 1.0133e-11 1.0000e-01 1.2500e+04 1.2666e-07 2.5000e-01
8.1373e+01 1.2500e+04 3.9397e-12 1.0000e-01 1.2500e+04 4.9247e-08 2.5000e-01
8.1765e+01 1.2500e+04 1.5268e-12 1.0000e-01 1.2500e+04 1.9085e-08 2.5000e-01
8.2157e+01 1.2500e+04 5.8978e-13 1.0000e-01 1.2500e+04 7.3722e-09 2.5000e-01
8.2549e+01 1.2500e+04 2.2707e-13 1.0000e-01 1.2500e+04 2.8384e-09 2.5000e-01
8.2941e+01 1.2500e+04 8.7134e-14 1.0000e-01 1.2500e+04 1.0892e-09 2.5000e-01
8.3333e+01 1.2500e+04 3.3323e-14 1.0000e-01 1.2500e+04 4.1654e-10 2.5000e-01
8.3725e+01 1.2500e+04 1.2700e-14 1.0000e-01 1.2500e+04 1.5875e-10 2.5000e-01
8.4118e+01 1.2500e+04 4.8230e-15 1.0000e-01 1.2500e+04 6.0287e-11 2.5000e-01
8.4510e+01 1.2500e+04 1.8238e-15 1.0000e-01 1.2500e+04 2.2798e-11 2.5000e-01
8.4902e+01 1.2500e+04 6.8603e-16 1.0000e-01 1.2500e+04 8.5753e-12 2.5000e-01
8.5294e+01 1.2500e+04 2.5595e-16 1.0000e-01 1.2500e+04 3.1994e-12 2.5000e-01
8.5686e+01 1.2500e+04 9.4050e-17 1.0000e-01 1.2500e+04 1.1756e-12 2.5000e-01
8.6078e+01 1.2500e+04 3.3470e-17 1.0000e-01 1.2500e+04 4.1838e-13 2.5000e-01
8.6471e+01 1.2500e+04 1.1031e-17 1.0000e-01 1.2500e+04 1.3789e-13 2.5000e-01
8.6863e+01 1.2500e+04 2.8319e-18 1.0000e-01 1.2500e+04 3.5399e-14 2.5000e-01
8.7255e+01 1.2500e+04 2.3300e-19 1.0000e-01 1.2500e+04 2.9125e-15 2.5000e-01
8.7647e+01 1.2500e+04 0.0000e+00 1.0000e-01 1.2500e+04 0.0000e+00 2.5000e-01
8.8039e+01 1.2500e+04 0.0000e+00 1.0000e-01 1.2500e+04 0.0000e+00 2.5000e-01
8.8431e+01 1.2500e+04 0.0000e+00 1.0000e-01 1.2500e+04 0.0000e+00 2.5000e-01
8.8824e+01 1.2500e+04 0.0000e+00 1.0000e-01 1.2500e+04 0.0000e+00 2.5000e-01
8.9216e+01 1.2500e+04 0.0000e+00 1.0000e-01 1.2500e+04 0.0000e+00 2.5000e-01
8.9608e+01 1.2500e+04 0.0000e+00 1.0000e-01 1.2500e+04 0.0000e+00 2.5000e-01
9.0000e+01 1.2500e+04 0.0000e+00 1.0000e-01 1.2500e+04 0.0000e+00 2.5000e-01
9.0392e+01 1.2500e+04 0.0000e+00 1.0000e-01 1.2500e+04 0.0000e+00 2.5000e-01
9.0784e+01 1.2500e+04 0.0000e+00 1.0000e-01 1.2500e+04 0.0000e+00 2.5000e-01
9.1176e+01 1.2500e+04 0.0000e+00 1.0000e-01 1.2500e+04 0.0000e+00 2.5000e-01
9.1569e+01 1.2500e+04 0.0000e+00 1.0000e-01 1.2500e+04 0.0000e+00 2.5000e-01
9.1961e+01 1.2500e+04 0.0000e+00 1.0000e-01 1.2500e+04 0.0000e+00 2.5000e-01
9.2353e+01 1.2500e+04 0.0000e+00 1.0000e-01 1.2500e+04 0.0000e+00 2.5000e-01
9.2745e+01 1.2500e+04 0.0000e+00 1.0000e-01 1.2500e+04 0.0000e+00 2.5000e-01
9.3137e+01 1.2500e+04 0.0000e+00 1.0000e-01 1.2500e+04 0.0000e+00 2.5000e-01
9.3529e+01 1.2500e+04 0.0000e+00 1.0000e-01 1.2500e+04 0.0000e+00 2.5000e-01
9.3922e+01 1.2500e+04 0.0000e+00 1.0000e-01 1.2500e+04 0.0000e+00 2.5000e-01
9.4314e+01 1.2500e+04 0.0000e+00 1.0000e-01 1.2500e+04 0.0000e+00 2.5000e-01
9.4706e+01 1.2500e+04 0.0000e+00 1.0000e-01 1.2500e+04 0.0000e+00 2.5000e-01
9.5098e+01 1.2500e+04 0.0000e+00 1.0000e-01 1.2500e+04 0.0000e+00 2.5000e-01
9.5490e+01 1.2500e+04 0.0000e+00 1.0000e-01 1.2500e+04 0.0000e+00 2.5000e-01
9.5882e+01 1.2500e+04 0.0000e+00 1.0000e-01 1.2500e+04 0.0000e+00 2.5000e-01
9.6275e+01 1.2500e+04 0.0000e+00 1.0000e-01 1.2500e+04 0.0000e+00 2.5000e-01
9.6667e+01 1.2500e+04 0.0000e+00 1.0000e-01 1.2500e+04 0.0000e+00 2.5000e-01
9.7059e+01 1.2500e+04 0.0000e+00 1.0000e-01 1.2500e+04 0.0000e+00 2.5000e-01
9.7451e+01 1.2500e+04 0.0000e+00 1.0000e-01 1.2500e+04 0.0000e+00 2.5000e-01
9.7843e+01 1.2500e+04 0.0000e+00 1.0000e-01 1.2500e+04 0.0000e+00 2.5000e-01
9.8235e+01 1.2500e+04 0.0000e+00 1.0000e-01 1.2500e+04 0.0000e+00 2.5000e-01
9.8627e+01 1.2500e+04 0.0000e+00 1.0000e-01 1.2500e+04 0.0000e+00 2.5000e-01
9.9020e+01 1.2500e+04 0.0000e+00 1.0000e-01 1.2500e+04 0.0000e+00 2.5000e-01
9.9412e+01 1.2500e+04 0.0000e+00 1.0000e-01 1.2500e+04 0.0000e+00 2.5000e-01
9.9804e+01 1.2500e+04 0.0000e+00 1.0000e-01 1.2500e+04 0.0000e+00 2.5000e-01
