# # x Density Velocity Pressure q0 q1 q2
1.9608e-01 1.0000e+05 0.0000e+00 1.0000e+00 1.0000e+05 0.0000e+00 2.5000e+00
5.8824e-01 1.0000e+05 0.0000e+00 1.0000e+00 1.0000e+05 0.0000e+00 2.5000e+00
9.8039e-01 1.0000e+05 0.0000e+00 1.0000e+00 1.0000e+05 0.0000e+00 2.5000e+00
1.3725e+00 1.0000e+05 0.0000e+00 1.0000e+00 1.0000e+05 0.0000e+00 2.5000e+00
1.7647e+00 1.0000e+05 0.0000e+00 1.0000e+00 1.0000e+05 0.0000e+00 2.5000e+00
2.1569e+00 1.0000e+05 0.0000e+00 1.0000e+00 1.0000e+05 0.0000e+00 2.5000e+00
2.5490e+00 1.0000e+05 0.0000e+00 1.0000e+00 1.0000e+05 0.0000e+00 2.5000e+00
2.9412e+00 1.0000e+05 0.0000e+00 1.0000e+00 1.0000e+05 0.0000e+00 2.5000e+00
3.3333e+00 1.0000e+05 0.0000e+00 1.0000e+00 1.0000e+05 0.0000e+00 2.5000e+00
3.7255e+00 1.0000e+05 0.0000e+00 1.0000e+00 1.0000e+05 0.0000e+00 2.5000e+00
4.1176e+00 1.0000e+05 0.0000e+00 1.0000e+00 1.0000e+05 0.0000e+00 2.5000e+00
4.5098e+00 1.0000e+05 0.0000e+00 1.0000e+00 1.0000e+05 0.0000e+00 2.5000e+00
4.9020e+00 1.0000e+05 0.0000e+00 1.0000e+00 1.0000e+05 0.0000e+00 2.5000e+00
5.2941e+00 1.0000e+05 0.0000e+00 1.0000e+00 1.0000e+05 0.0000e+00 2.5000e+00
5.6863e+00 1.0000e+05 0.0000e+00 1.0000e+00 1.0000e+05 0.0000e+00 2.5000e+00
6.0784e+00 1.0000e+05 0.0000e+00 1.0000e+00 1.0000e+05 0.0000e+00 2.5000e+00
6.4706e+00 1.0000e+05 0.0000e+00 1.0000e+00 1.0000e+05 0.0000e+00 2.5000e+00
6.8627e+00 1.0000e+05 0.0000e+00 1.0000e+00 1.0000e+05 0.0000e+00 2.5000e+00
7.2549e+00 1.0000e+05 0.0000e+00 1.0000e+00 1.0000e+05 0.0000e+00 2.5000e+00
7.6471e+00 1.0000e+05 0.0000e+00 1.0000e+00 1.0000e+05 0.0000e+00 2.5000e+00
8.0392e+00 1.0000e+05 0.0000e+00 1.0000e+00 1.0000e+05 0.0000e+00 2.5000e+00
8.4314e+00 1.0000e+05 0.0000e+00 1.0000e+00 1.0000e+05 0.0000e+00 2.5000e+00
8.8235e+00 1.0000e+05 0.0000e+00 1.0000e+00 1.0000e+05 0.0000e+00 2.5000e+00
9.2157e+00 1.0000e+05 0.0000e+00 1.0000e+00 1.0000e+05 0.0000e+00 2.5000e+00
9.6078e+00 1.0000e+05 0.0000e+00 1.0000e+00 1.0000e+05 0.0000e+00 2.5000e+00
1.0000e+01 1.0000e+05 0.0000e+00 1.0000e+00 1.0000e+05 0.0000e+00 2.5000e+00
1.0392e+01 1.0000e+05 0.0000e+00 1.0000e+00 1.0000e+05 0.0000e+00 2.5000e+00
1.0784e+01 1.0000e+05 0.0000e+00 1.0000e+00 1.0000e+05 0.0000e+00 2.5000e+00
1.1176e+01 1.0000e+05 0.0000e+00 1.0000e+00 1.0000e+05 0.0000e+00 2.5000e+00
1.1569e+01 1.0000e+05 0.0000e+00 1.0000e+00 1.0000e+05 0.0000e+00 2.5000e+00
1.1961e+01 1.0000e+05 0.0000e+00 1.0000e+00 1.0000e+05 0.0000e+00 2.5000e+00
1.2353e+01 1.0000e+05 0.0000e+00 1.0000e+00 1.0000e+05 0.0000e+00 2.5000e+00
1.2745e+01 1.0000e+05 0.0000e+00 1.0000e+00 1.0000e+05 0.0000e+00 2.5000e+00
1.3137e+01 1.0000e+05 0.0000e+00 1.0000e+00 1.0000e+05 0.0000e+00 2.5000e+00
1.3529e+01 1.0000e+05 0.0000e+00 1.0000e+00 1.0000e+05 0.0000e+00 2.5000e+00
1.3922e+01 1.0000e+05 1.4155e-21 1.0000e+00 1.0000e+05 1.4155e-16 2.5000e+00
1.4314e+01 1.0000e+05 3.1708e-19 1.0000e+00 1.0000e+05 3.1708e-14 2.5000e+00
1.4706e+01 1.0000e+05 1.7544e-18 1.0000e+00 1.0000e+05 1.7544e-13 2.5000e+00
1.5098e+01 1.0000e+05 4.7573e-18 1.0000e+00 1.0000e+05 4.7573e-13 2.5000e+00
1.5490e+01 1.0000e+05 9.3711e-18 1.0000e+00 1.0000e+05 9.3711e-13 2.5000e+00
1.5882e+01 1.0000e+05 1.6609e-17 1.0000e+00 1.0000e+05 1.6609e-12 2.5000e+00
1.6275e+01 1.0000e+05 2.9082e-17 1.0000e+00 1.0000e+05 2.9082e-12 2.5000e+00
1.6667e+01 1.0000e+05 5.1426e-17 1.0000e+00 1.0000e+05 5.1426e-12 2.5000e+00
1.7059e+01 1.0000e+05 9.3158e-17 1.0000e+00 1.0000e+05 9.3158e-12 2.5000e+00
1.7451e+01 1.0000e+05 1.7118e-16 1.0000e+00 1.0000e+05 1.7118e-11 2.5000e+00
1.7843e+01 1.0000e+05 3.1659e-16 1.0000e+00 1.0000e+05 3.1659e-11 2.5000e+00
1.8235e+01 1.0000e+05 5.8657e-16 1.0000e+00 1.0000e+05 5.8657e-11 2.5000e+00
1.8627e+01 1.0000e+05 1.0849e-15 1.0000e+00 1.0000e+05 1.0849e-10 2.5000e+00
1.9020e+01 1.0000e+05 1.9983e-15 1.0000e+00 1.0000e+05 1.9983e-10 2.5000e+00
1.9412e+01 1.0000e+05 3.6600e-15 1.0000e+00 1.0000e+05 3.6600e-10 2.5000e+00
1.9804e+01 1.0000e+05 6.6625e-15 1.0000e+00 1.0000e+05 6.6625e-10 2.5000e+00
2.0196e+01 1.0000e+05 1.2049e-14 1.0000e+00 1.0000e+05 1.2049e-09 2.5000e+00
2.0588e+01 1.0000e+05 2.1644e-14 1.0000e+00 1.0000e+05 2.1644e-09 2.5000e+00
2.0980e+01 1.0000e+05 3.8610e-14 1.0000e+00 1.0000e+05 3.8610e-09 2.5000e+00
2.1373e+01 1.0000e+05 6.8398e-14 1.0000e+00 1.0000e+05 6.8398e-09 2.5000e+00
2.1765e+01 1.0000e+05 1.2032e-13 1.0000e+00 1.0000e+05 1.2032e-08 2.5000e+00
2.2157e+01 1.0000e+05 2.1016e-13 1.0000e+00 1.0000e+05 2.1016e-08 2.5000e+00
2.2549e+01 1.0000e+05 3.6449e-13 1.0000e+00 1.0000e+05 3.6449e-08 2.5000e+00
2.2941e+01 1.0000e+05 6.2768e-13 1.0000e+00 1.0000e+05 6.2768e-08 2.5000e+00
2.3333e+01 1.0000e+05 1.0732e-12 1.0000e+00 1.0000e+05 1.0732e-07 2.5000e+00
2.3725e+01 1.0000e+05 1.8219e-12 1.0000e+00 1.0000e+05 1.8219e-07 2.5000e+00
2.4118e+01 1.0000e+05 3.0708e-12 1.0000e+00 1.0000e+05 3.0708e-07 2.5000e+00
2.4510e+01 1.0000e+05 5.1387e-12 1.0000e+00 1.0000e+05 5.1387e-07 2.5000e+00
2.4902e+01 1.0000e+05 8.5372e-12 1.0000e+00 1.0000e+05 8.5372e-07 2.5000e+00
2.5294e+01 1.0000e+05 1.4081e-11 1.0000e+00 1.0000e+05 1.4081e-06 2.5000e+00
2.5686e+01 1.0000e+05 2.3057e-11 1.0000e+00 1.0000e+05 2.3057e-06 2.5000e+00
2.6078e+01 1.0000e+05 3.7481e-11 1.0000e+00 1.0000e+05 3.7481e-06 2.5000e+00
2.6471e+01 1.0000e+05 6.0486e-11 1.0000e+00 1.0000e+05 6.0486e-06 2.5000e+00
2.6863e+01 1.0000e+05 9.6900e-11 1.0000e+00 1.0000e+05 9.6900e-06 2.5000e+00
2.7255e+01 1.0000e+05 1.5410e-10 1.0000e+00 1.0000e+05 1.5410e-05 2.5000e+00
2.7647e+01 1.0000e+05 2.4328e-10 1.0000e+00 1.0000e+05 2.4328e-05 2.5000e+00
2.8039e+01 1.0000e+05 3.8124e-10 1.0000e+00 1.0000e+05 3.8124e-05 2.5000e+00
2.8431e+01 1.0000e+05 5.9305e-10 1.0000e+00 1.0000e+05 5.9305e-05 2.5000e+00
2.8824e+01 1.0000e+05 9.1573e-10 1.0000e+00 1.0000e+05 9.1573e-05 2.5000e+00
2.9216e+01 1.0000e+05 1.4036e-09 1.0000e+00 1.0000e+05 1.4036e-04 2.5000e+00
2.9608e+01 1.0000e+05 2.1354e-09 9.9999e-01 1.0000e+05 2.1354e-04 2.5000e+00
3.0000e+01 1.0000e+05 3.2246e-09 9.9999e-01 1.0000e+05 3.2246e-04 2.5000e+00
3.0392e+01 1.0000e+05 4.8334e-09 9.9999e-01 1.0000e+05 4.8334e-04 2.5000e+00
3.0784e+01 1.0000e+05 7.1909e-09 9.9998e-01 1.0000e+05 7.1909e-04 2.5000e+00
3.1176e+01 1.0000e+05 1.0619e-08 9.9997e-01 1.0000e+05 1.0619e-03 2.4999e+00
3.1569e+01 1.0000e+05 1.5563e-08 9.9996e-01 1.0000e+05 1.5563e-03 2.4999e+00
3.1961e+01 1.0000e+05 2.2640e-08 9.9995e-01 1.0000e+05 2.2640e-03 2.4999e+00
3.2353e+01 1.0000e+05 3.2687e-08 9.9992e-01 1.0000e+05 3.2687e-03 2.4998e+00
3.2745e+01 1.0000e+05 4.6841e-08 9.9989e-01 1.0000e+05 4.6841e-03 2.4997e+00
3.3137e+01 1.0000e+05 6.6620e-08 9.9985e-01 1.0000e+05 6.6620e-03 2.4996e+00
3.3529e+01 1.0000e+05 9.4041e-08 9.9979e-01 1.0000e+05 9.4040e-03 2.4995e+00
3.3922e+01 9.9999e+04 1.3175e-07 9.9972e-01 9.9999e+04 1.3175e-02 2.4993e+00
3.4314e+01 9.9999e+04 1.8320e-07 9.9962e-01 9.9999e+04 1.8319e-02 2.4990e+00
3.4706e+01 9.9999e+04 2.5282e-07 9.9948e-01 9.9999e+04 2.5281e-02 2.4987e+00
3.5098e+01 9.9998e+04 3.4628e-07 9.9930e-01 9.9998e+04 3.4627e-02 2.4983e+00
3.5490e+01 9.9998e+04 4.7074e-07 9.9907e-01 9.9998e+04 4.7072e-02 2.4977e+00
3.5882e+01 9.9997e+04 6.3513e-07 9.9877e-01 9.9997e+04 6.3511e-02 2.4969e+00
3.6275e+01 9.9996e+04 8.5052e-07 9.9839e-01 9.9996e+04 8.5048e-02 2.4960e+00
3.6667e+01 9.9994e+04 1.1304e-06 9.9790e-01 9.9994e+04 1.1304e-01 2.4948e+00
3.7059e+01 9.9992e+04 1.4913e-06 9.9729e-01 9.9992e+04 1.4912e-01 2.4932e+00
3.7451e+01 9.9989e+04 1.9528e-06 9.9653e-01 9.9989e+04 1.9526e-01 2.4913e+00
3.7843e+01 9.9986e+04 2.5381e-06 9.9560e-01 9.9986e+04 2.5378e-01 2.4890e+00
3.8235e+01 9.9981e+04 3.2747e-06 9.9445e-01 9.9981e+04 3.2741e-01 2.4861e+00
3.8627e+01 9.9975e+04 4.1940e-06 9.9306e-01 9.9975e+04 4.1930e-01 2.4826e+00
3.9020e+01 9.9968e+04 5.3324e-06 9.9139e-01 9.9968e+04 5.3307e-01 2.4785e+00
3.9412e+01 9.9959e+04 6.7307e-06 9.8939e-01 9.9959e+04 6.7279e-01 2.4735e+00
3.9804e+01 9.9947e+04 8.4349e-06 9.8703e-01 9.9947e+04 8.4304e-01 2.4676e+00
4.0196e+01 9.9933e+04 1.0496e-05 9.8427e-01 9.9933e+04 1.0488e+00 2.4607e+00
4.0588e+01 9.9915e+04 1.2968e-05 9.8106e-01 9.9915e+04 1.2957e+00 2.4527e+00
4.0980e+01 9.9893e+04 1.5911e-05 9.7736e-01 9.9893e+04 1.5894e+00 2.4434e+00
4.1373e+01 9.9867e+04 1.9389e-05 9.7314e-01 9.9867e+04 1.9363e+00 2.4329e+00
4.1765e+01 9.9836e+04 2.3467e-05 9.6836e-01 9.9836e+04 2.3428e+00 2.4209e+00
4.2157e+01 9.9798e+04 2.8213e-05 9.6298e-01 9.9798e+04 2.8156e+00 2.4075e+00
4.2549e+01 9.9753e+04 3.3698e-05 9.5700e-01 9.9753e+04 3.3615e+00 2.3926e+00
4.2941e+01 9.9700e+04 3.9989e-05 9.5038e-01 9.9700e+04 3.9869e+00 2.3760e+00
4.3333e+01 9.9638e+04 4.7156e-05 9.4313e-01 9.9638e+04 4.6985e+00 2.3579e+00
4.3725e+01 9.9565e+04 5.5262e-05 9.3525e-01 9.9565e+04 5.5021e+00 2.3383e+00
4.4118e+01 9.9481e+04 6.4368e-05 9.2674e-01 9.9481e+04 6.4034e+00 2.3171e+00
4.4510e+01 9.9385e+04 7.4529e-05 9.1763e-01 9.9385e+04 7.4070e+00 2.2944e+00
4.4902e+01 9.9274e+04 8.5791e-05 9.0797e-01 9.9274e+04 8.5169e+00 2.2703e+00
4.5294e+01 9.9149e+04 9.8198e-05 8.9778e-01 9.9149e+04 9.7362e+00 2.2449e+00
4.5686e+01 9.9007e+04 1.1175e-04 8.8713e-01 9.9007e+04 1.1064e+01 2.2184e+00
4.6078e+01 9.8851e+04 1.2659e-04 8.7611e-01 9.8851e+04 1.2514e+01 2.1911e+00
4.6471e+01 9.8663e+04 1.4216e-04 8.6462e-01 9.8663e+04 1.4026e+01 2.1626e+00
4.6863e+01 9.8507e+04 1.6078e-04 8.5353e-01 9.8507e+04 1.5838e+01 2.1351e+00
4.7255e+01 9.8144e+04 1.7391e-04 8.4002e-01 9.8144e+04 1.7068e+01 2.1015e+00
4.7647e+01 9.8334e+04 2.0837e-04 8.3331e-01 9.8334e+04 2.0490e+01 2.0854e+00
4.8039e+01 9.7033e+04 1.9231e-04 8.0922e-01 9.7033e+04 1.8660e+01 2.0249e+00
4.8431e+01 9.8713e+04 2.8152e-04 8.2014e-01 9.8713e+04 2.7790e+01 2.0543e+00
4.8824e+01 9.5773e+04 2.1180e-04 7.7815e-01 9.5773e+04 2.0284e+01 1.9475e+00
4.9216e+01 9.6563e+04 3.1375e-04 7.9236e-01 9.6563e+04 3.0297e+01 1.9856e+00
4.9608e+01 1.1068e+05 3.0610e-04 7.7036e-01 1.1068e+05 3.3878e+01 1.9311e+00
5.0000e+01 2.0956e+04 3.3235e-04 7.6740e-01 2.0956e+04 6.9648e+00 1.9197e+00
5.0392e+01 1.0567e+04 3.5671e-04 7.5869e-01 1.0567e+04 3.7694e+00 1.8974e+00
5.0784e+01 1.0195e+04 5.7183e-04 7.6586e-01 1.0195e+04 5.8296e+00 1.9163e+00
5.1176e+01 1.0910e+04 7.4219e-04 7.7007e-01 1.0910e+04 8.0974e+00 1.9282e+00
5.1569e+01 1.1206e+04 7.7843e-04 7.6279e-01 1.1206e+04 8.7231e+00 1.9104e+00
5.1961e+01 1.1527e+04 7.5900e-04 7.5122e-01 1.1527e+04 8.7493e+00 1.8814e+00
5.2353e+01 1.1747e+04 8.5733e-04 7.5439e-01 1.1747e+04 1.0071e+01 1.8903e+00
5.2745e+01 1.2165e+04 1.0537e-03 7.6999e-01 1.2165e+04 1.2818e+01 1.9317e+00
5.3137e+01 1.2471e+04 1.2618e-03 7.8868e-01 1.2471e+04 1.5736e+01 1.9816e+00
5.3529e+01 1.2738e+04 1.3960e-03 7.9986e-01 1.2738e+04 1.7782e+01 2.0121e+00
5.3922e+01 1.2832e+04 1.4576e-03 8.0324e-01 1.2832e+04 1.8705e+01 2.0217e+00
5.4314e+01 1.2891e+04 1.4687e-03 8.0102e-01 1.2891e+04 1.8934e+01 2.0165e+00
5.4706e+01 1.2890e+04 1.4658e-03 7.9755e-01 1.2890e+04 1.8894e+01 2.0077e+00
5.5098e+01 1.2903e+04 1.4575e-03 7.9348e-01 1.2903e+04 1.8806e+01 1.9974e+00
5.5490e+01 1.2899e+04 1.4499e-03 7.8939e-01 1.2899e+04 1.8703e+01 1.9870e+00
5.5882e+01 1.2906e+04 1.4403e-03 7.8493e-01 1.2906e+04 1.8588e+01 1.9757e+00
5.6275e+01 1.2903e+04 1.4309e-03 7.8035e-01 1.2903e+04 1.8463e+01 1.9641e+00
5.6667e+01 1.2906e+04 1.4200e-03 7.7545e-01 1.2906e+04 1.8326e+01 1.9516e+00
5.7059e+01 1.2904e+04 1.4088e-03 7.7035e-01 1.2904e+04 1.8180e+01 1.9387e+00
5.7451e+01 1.2905e+04 1.3966e-03 7.6497e-01 1.2905e+04 1.8022e+01 1.9250e+00
5.7843e+01 1.2903e+04 1.3838e-03 7.5934e-01 1.2903e+04 1.7855e+01 1.9107e+00
5.8235e+01 1.2901e+04 1.3702e-03 7.5343e-01 1.2901e+04 1.7677e+01 1.8957e+00
5.8627e+01 1.2899e+04 1.3559e-03 7.4726e-01 1.2899e+04 1.7489e+01 1.8800e+00
5.9020e+01 1.2896e+04 1.3408e-03 7.4079e-01 1.2896e+04 1.7291e+01 1.8636e+00
5.9412e+01 1.2893e+04 1.3250e-03 7.3403e-01 1.2893e+04 1.7084e+01 1.8464e+00
5.9804e+01 1.2890e+04 1.3085e-03 7.2698e-01 1.2890e+04 1.6866e+01 1.8285e+00
6.0196e+01 1.2886e+04 1.2912e-03 7.1963e-01 1.2886e+04 1.6639e+01 1.8098e+00
6.0588e+01 1.2882e+04 1.2733e-03 7.1197e-01 1.2882e+04 1.6402e+01 1.7904e+00
6.0980e+01 1.2877e+04 1.2546e-03 7.0400e-01 1.2877e+04 1.6156e+01 1.7701e+00
6.1373e+01 1.2872e+04 1.2352e-03 6.9572e-01 1.2872e+04 1.5900e+01 1.7491e+00
6.1765e+01 1.2867e+04 1.2152e-03 6.8712e-01 1.2867e+04 1.5635e+01 1.7273e+00
6.2157e+01 1.2861e+04 1.1944e-03 6.7820e-01 1.2861e+04 1.5361e+01 1.7047e+00
6.2549e+01 1.2855e+04 1.1729e-03 6.6895e-01 1.2855e+04 1.5078e+01 1.6812e+00
6.2941e+01 1.2849e+04 1.1507e-03 6.5936e-01 1.2849e+04 1.4785e+01 1.6569e+00
6.3333e+01 1.2842e+04 1.1278e-03 6.4942e-01 1.2842e+04 1.4483e+01 1.6317e+00
6.3725e+01 1.2835e+04 1.1042e-03 6.3913e-01 1.2835e+04 1.4172e+01 1.6057e+00
6.4118e+01 1.2828e+04 1.0798e-03 6.2847e-01 1.2828e+04 1.3851e+01 1.5787e+00
6.4510e+01 1.2820e+04 1.0547e-03 6.1744e-01 1.2820e+04 1.3521e+01 1.5507e+00
6.4902e+01 1.2812e+04 1.0288e-03 6.0600e-01 1.2812e+04 1.3181e+01 1.5218e+00
6.5294e+01 1.2804e+04 1.0021e-03 5.9416e-01 1.2804e+04 1.2831e+01 1.4918e+00
6.5686e+01 1.2796e+04 9.7454e-04 5.8188e-01 1.2796e+04 1.2470e+01 1.4608e+00
6.6078e+01 1.2787e+04 9.4617e-04 5.6915e-01 1.2787e+04 1.2099e+01 1.4286e+00
6.6471e+01 1.2778e+04 9.1692e-04 5.5594e-01 1.2778e+04 1.1716e+01 1.3952e+00
6.6863e+01 1.2768e+04 8.8678e-04 5.4224e-01 1.2768e+04 1.1323e+01 1.3606e+00
6.7255e+01 1.2759e+04 8.5571e-04 5.2802e-01 1.2759e+04 1.0918e+01 1.3247e+00
6.7647e+01 1.2749e+04 8.2368e-04 5.1326e-01 1.2749e+04 1.0501e+01 1.2875e+00
6.8039e+01 1.2738e+04 7.9066e-04 4.9793e-01 1.2738e+04 1.0072e+01 1.2488e+00
6.8431e+01 1.2728e+04 7.5663e-04 4.8200e-01 1.2728e+04 9.6301e+00 1.2087e+00
6.8824e+01 1.2717e+04 7.2155e-04 4.6546e-01 1.2717e+04 9.1758e+00 1.1670e+00
6.9216e+01 1.2705e+04 6.8540e-04 4.4827e-01 1.2705e+04 8.7083e+00 1.1237e+00
6.9608e+01 1.2694e+04 6.4815e-04 4.3040e-01 1.2694e+04 8.2275e+00 1.0787e+00
7.0000e+01 1.2682e+04 6.0976e-04 4.1183e-01 1.2682e+04 7.7330e+00 1.0319e+00
7.0392e+01 1.2670e+04 5.7021e-04 3.9254e-01 1.2670e+04 7.2244e+00 9.8340e-01
7.0784e+01 1.2657e+04 5.2947e-04 3.7248e-01 1.2657e+04 6.7016e+00 9.3298e-01
7.1176e+01 1.2644e+04 4.8750e-04 3.5163e-01 1.2644e+04 6.1641e+00 8.8059e-01
7.1569e+01 1.2631e+04 4.4426e-04 3.2996e-01 1.2631e+04 5.6116e+00 8.2616e-01
7.1961e+01 1.2618e+04 3.9973e-04 3.0744e-01 1.2618e+04 5.0437e+00 7.6960e-01
7.2353e+01 1.2604e+04 3.5386e-04 2.8401e-01 1.2604e+04 4.4600e+00 7.1082e-01
7.2745e+01 1.2590e+04 3.0665e-04 2.5967e-01 1.2590e+04 3.8606e+00 6.4977e-01
7.3137e+01 1.2575e+04 2.5817e-04 2.3443e-01 1.2575e+04 3.2466e+00 5.8650e-01
7.3529e+01 1.2561e+04 2.0887e-04 2.0850e-01 1.2561e+04 2.6235e+00 5.2153e-01
7.3922e+01 1.2546e+04 1.5989e-04 1.8252e-01 1.2546e+04 2.0060e+00 4.5647e-01
7.4314e+01 1.2533e+04 1.1362e-04 1.5788e-01 1.2533e+04 1.4240e+00 3.9478e-01
7.4706e+01 1.2522e+04 7.3501e-05 1.3665e-01 1.2522e+04 9.2034e-01 3.4165e-01
7.5098e+01 1.2513e+04 4.2704e-05 1.2069e-01 1.2513e+04 5.3434e-01 3.0174e-01
7.5490e+01 1.2507e+04 2.2269e-05 1.1047e-01 1.2507e+04 2.7851e-01 2.7617e-01
7.5882e+01 1.2503e+04 1.0577e-05 1.0485e-01 1.2503e+04 1.3225e-01 2.6213e-01
7.6275e+01 1.2501e+04 4.6928e-06 1.0212e-01 1.2501e+04 5.8666e-02 2.5530e-01
7.6667e+01 1.2501e+04 1.9953e-06 1.0089e-01 1.2501e+04 2.4943e-02 2.5223e-01
7.7059e+01 1.2500e+04 8.2865e-07 1.0037e-01 1.2500e+04 1.0358e-02 2.5093e-01
7.7451e+01 1.2500e+04 3.3984e-07 1.0015e-01 1.2500e+04 4.2481e-03 2.5038e-01
7.7843e+01 1.2500e+04 1.3839e-07 1.0006e-01 1.2500e+04 1.7299e-03 2.5016e-01
7.8235e+01 1.2500e+04 5.6090e-08 1.0003e-01 1.2500e+04 7.0113e-04 2.5006e-01
7.8627e+01 1.2500e+04 2.2651e-08 1.0001e-01 1.2500e+04 2.8314e-04 2.5003e-01
7.9020e+01 1.2500e+04 9.1177e-09 1.0000e-01 1.2500e+04 1.1397e-04 2.5001e-01
7.9412e+01 1.2500e+04 3.6589e-09 1.0000e-01 1.2500e+04 4.5736e-05 2.5000e-01
7.9804e+01 1.2500e+04 1.4638e-09 1.0000e-01 1.2500e+04 1.8298e-05 2.5000e-01
8.0196e+01 1.2500e+04 5.8388e-10 1.0000e-01 1.2500e+04 7.2984e-06 2.5000e-01
8.0588e+01 1.2500e+04 2.3219e-10 1.0000e-01 1.2500e+04 2.9023e-06 2.5000e-01
8.0980e+01 1.2500e+04 9.2052e-11 1.0000e-01 1.2500e+04 1.1507e-06 2.5000e-01
8.1373e+01 1.2500e+04 3.6383e-11 1.0000e-01 1.2500e+04 4.5479e-07 2.5000e-01
8.1765e+01 1.2500e+04 1.4336e-11 1.0000e-01 1.2500e+04 1.7920e-07 2.5000e-01
8.2157e+01 1.2500e+04 5.6315e-12 1.0000e-01 1.2500e+04 7.0394e-08 2.5000e-01
8.2549e+01 1.2500e+04 2.2052e-12 1.0000e-01 1.2500e+04 2.7566e-08 2.5000e-01
8.2941e+01 1.2500e+04 8.6086e-13 1.0000e-01 1.2500e+04 1.0761e-08 2.5000e-01
8.3333e+01 1.2500e+04 3.3499e-13 1.0000e-01 1.2500e+04 4.1874e-09 2.5000e-01
8.3725e+01 1.2500e+04 1.2994e-13 1.0000e-01 1.2500e+04 1.6243e-09 2.5000e-01
8.4118e+01 1.2500e+04 5.0243e-14 1.0000e-01 1.2500e+04 6.2804e-10 2.5000e-01
8.4510e+01 1.2500e+04 1.9363e-14 1.0000e-01 1.2500e+04 2.4204e-10 2.5000e-01
8.4902e+01 1.2500e+04 7.4370e-15 1.0000e-01 1.2500e+04 9.2963e-11 2.5000e-01
8.5294e+01 1.2500e+04 2.8459e-15 1.0000e-01 1.2500e+04 3.5574e-11 2.5000e-01
8.5686e+01 1.2500e+04 1.0843e-15 1.0000e-01 1.2500e+04 1.3554e-11 2.5000e-01
8.6078e+01 1.2500e+04 4.1055e-16 1.0000e-01 1.2500e+04 5.1318e-12 2.5000e-01
8.6471e+01 1.2500e+04 1.5356e-16 1.0000e-01 1.2500e+04 1.9195e-12 2.5000e-01
8.6863e+01 1.2500e+04 5.6207e-17 1.0000e-01 1.2500e+04 7.0258e-13 2.5000e-01
8.7255e+01 1.2500e+04 1.9549e-17 1.0000e-01 1.2500e+04 2.4437e-13 2.5000e-01
8.7647e+01 1.2500e+04 5.9266e-18 1.0000e-01 1.2500e+04 7.4082e-14 2.5000e-01
8.8039e+01 1.2500e+04 1.1251e-18 1.0000e-01 1.2500e+04 1.4063e-14 2.5000e-01
8.8431e+01 1.2500e+04 2.2649e-20 1.0000e-01 1.2500e+04 2.8311e-16 2.5000e-01
8.8824e+01 1.2500e+04 0.0000e+00 1.0000e-01 1.2500e+04 0.0000e+00 2.5000e-01
8.9216e+01 1.2500e+04 0.0000e+00 1.0000e-01 1.2500e+04 0.0000e+00 2.5000e-01
8.9608e+01 1.2500e+04 0.0000e+00 1.0000e-01 1.2500e+04 0.0000e+00 2.5000e-01
9.0000e+01 1.2500e+04 0.0000e+00 1.0000e-01 1.2500e+04 0.0000e+00 2.5000e-01
9.0392e+01 1.2500e+04 0.0000e+00 1.0000e-01 1.2500e+04 0.0000e+00 2.5000e-01
9.0784e+01 1.2500e+04 0.0000e+00 1.0000e-01 1.2500e+04 0.0000e+00 2.5000e-01
9.1176e+01 1.2500e+04 0.0000e+00 1.0000e-01 1.2500e+04 0.0000e+00 2.5000e-01
9.1569e+01 1.2500e+04 0.0000e+00 1.0000e-01 1.2500e+04 0.0000e+00 2.5000e-01
9.1961e+01 1.2500e+04 0.0000e+00 1.0000e-01 1.2500e+04 0.0000e+00 2.5000e-01
9.2353e+01 1.2500e+04 0.0000e+00 1.0000e-01 1.2500e+04 0.0000e+00 2.5000e-01
9.2745e+01 1.2500e+04 0.0000e+00 1.0000e-01 1.2500e+04 0.0000e+00 2.5000e-01
9.3137e+01 1.2500e+04 0.0000e+00 1.0000e-01 1.2500e+04 0.0000e+00 2.5000e-01
9.3529e+01 1.2500e+04 0.0000e+00 1.0000e-01 1.2500e+04 0.0000e+00 2.5000e-01
9.3922e+01 1.2500e+04 0.0000e+00 1.0000e-01 1.2500e+04 0.0000e+00 2.5000e-01
9.4314e+01 1.2500e+04 0.0000e+00 1.0000e-01 1.2500e+04 0.0000e+00 2.5000e-01
9.4706e+01 1.2500e+04 0.0000e+00 1.0000e-01 1.2500e+04 0.0000e+00 2.5000e-01
9.5098e+01 1.2500e+04 0.0000e+00 1.0000e-01 1.2500e+04 0.0000e+00 2.5000e-01
9.5490e+01 1.2500e+04 0.0000e+00 1.0000e-01 1.2500e+04 0.0000e+00 2.5000e-01
9.5882e+01 1.2500e+04 0.0000e+00 1.0000e-01 1.2500e+04 0.0000e+00 2.5000e-01
9.6275e+01 1.2500e+04 0.0000e+00 1.0000e-01 1.2500e+04 0.0000e+00 2.5000e-01
9.6667e+01 1.2500e+04 0.0000e+00 1.0000e-01 1.2500e+04 0.0000e+00 2.5000e-01
9.7059e+01 1.2500e+04 0.0000e+00 1.0000e-01 1.2500e+04 0.0000e+00 2.5000e-01
9.7451e+01 1.2500e+04 0.0000e+00 1.0000e-01 1.2500e+04 0.0000e+00 2.5000e-01
9.7843e+01 1.2500e+04 0.0000e+00 1.0000e-01 1.2500e+04 0.0000e+00 2.5000e-01
9.8235e+01 1.2500e+04 0.0000e+00 1.0000e-01 1.2500e+04 0.0000e+00 2.5000e-01
9.8627e+01 1.2500e+04 0.0000e+00 1.0000e-01 1.2500e+04 0.0000e+00 2.5000e-01
9.9020e+01 1.2500e+04 0.0000e+00 1.0000e-01 1.2500e+04 0.0000e+00 2.5000e-01
9.9412e+01 1.2500e+04 0.0000e+00 1.0000e-01 1.2500e+04 0.0000e+00 2.5000e-01
9.9804e+01 1.2500e+04 0.0000e+00 1.0000e-01 1.2500e+04 0.0000e+00 2.5000e-01
