# # x Density Velocity Pressure q0 q1 q2
1.9608e-01 1.0000e+05 0.0000e+00 1.0000e+00 1.0000e+05 0.0000e+00 2.5000e+00
5.8824e-01 1.0000e+05 0.0000e+00 1.0000e+00 1.0000e+05 0.0000e+00 2.5000e+00
9.8039e-01 1.0000e+05 0.0000e+00 1.0000e+00 1.0000e+05 0.0000e+00 2.5000e+00
1.3725e+00 1.0000e+05 0.0000e+00 1.0000e+00 1.0000e+05 0.0000e+00 2.5000e+00
1.7647e+00 1.0000e+05 0.0000e+00 1.0000e+00 1.0000e+05 0.0000e+00 2.5000e+00
2.1569e+00 1.0000e+05 0.0000e+00 1.0000e+00 1.0000e+05 0.0000e+00 2.5000e+00
2.5490e+00 1.0000e+05 0.0000e+00 1.0000e+00 1.0000e+05 0.0000e+00 2.5000e+00
2.9412e+00 1.0000e+05 0.0000e+00 1.0000e+00 1.0000e+05 0.0000e+00 2.5000e+00
3.3333e+00 1.0000e+05 0.0000e+00 1.0000e+00 1.0000e+05 0.0000e+00 2.5000e+00
3.7255e+00 1.0000e+05 0.0000e+00 1.0000e+00 1.0000e+05 0.0000e+00 2.5000e+00
4.1176e+00 1.0000e+05 0.0000e+00 1.0000e+00 1.0000e+05 0.0000e+00 2.5000e+00
4.5098e+00 1.0000e+05 0.0000e+00 1.0000e+00 1.0000e+05 0.0000e+00 2.5000e+00
4.9020e+00 1.0000e+05 0.0000e+00 1.0000e+00 1.0000e+05 0.0000e+00 2.5000e+00
5.2941e+00 1.0000e+05 0.0000e+00 1.0000e+00 1.0000e+05 0.0000e+00 2.5000e+00
5.6863e+00 1.0000e+05 0.0000e+00 1.0000e+00 1.0000e+05 0.0000e+00 2.5000e+00
6.0784e+00 1.0000e+05 0.0000e+00 1.0000e+00 1.0000e+05 0.0000e+00 2.5000e+00
6.4706e+00 1.0000e+05 0.0000e+00 1.0000e+00 1.0000e+05 0.0000e+00 2.5000e+00
6.8627e+00 1.0000e+05 0.0000e+00 1.0000e+00 1.0000e+05 0.0000e+00 2.5000e+00
7.2549e+00 1.0000e+05 0.0000e+00 1.0000e+00 1.0000e+05 0.0000e+00 2.5000e+00
7.6471e+00 1.0000e+05 0.0000e+00 1.0000e+00 1.0000e+05 0.0000e+00 2.5000e+00
8.0392e+00 1.0000e+05 0.0000e+00 1.0000e+00 1.0000e+05 0.0000e+00 2.5000e+00
8.4314e+00 1.0000e+05 0.0000e+00 1.0000e+00 1.0000e+05 0.0000e+00 2.5000e+00
8.8235e+00 1.0000e+05 0.0000e+00 1.0000e+00 1.0000e+05 0.0000e+00 2.5000e+00
9.2157e+00 1.0000e+05 0.0000e+00 1.0000e+00 1.0000e+05 0.0000e+00 2.5000e+00
9.6078e+00 1.0000e+05 0.0000e+00 1.0000e+00 1.0000e+05 0.0000e+00 2.5000e+00
1.0000e+01 1.0000e+05 0.0000e+00 1.0000e+00 1.0000e+05 0.0000e+00 2.5000e+00
1.0392e+01 1.0000e+05 0.0000e+00 1.0000e+00 1.0000e+05 0.0000e+00 2.5000e+00
1.0784e+01 1.0000e+05 0.0000e+00 1.0000e+00 1.0000e+05 0.0000e+00 2.5000e+00
1.1176e+01 1.0000e+05 0.0000e+00 1.0000e+00 1.0000e+05 0.0000e+00 2.5000e+00
1.1569e+01 1.0000e+05 0.0000e+00 1.0000e+00 1.0000e+05 0.0000e+00 2.5000e+00
1.1961e+01 1.0000e+05 0.0000e+00 1.0000e+00 1.0000e+05 0.0000e+00 2.5000e+00
1.2353e+01 1.0000e+05 0.0000e+00 1.0000e+00 1.0000e+05 0.0000e+00 2.5000e+00
1.2745e+01 1.0000e+05 0.0000e+00 1.0000e+00 1.0000e+05 0.0000e+00 2.5000e+00
1.3137e+01 1.0000e+05 0.0000e+00 1.0000e+00 1.0000e+05 0.0000e+00 2.5000e+00
1.3529e+01 1.0000e+05 5.6621e-22 1.0000e+00 1.0000e+05 5.6621e-17 2.5000e+00
1.3922e+01 1.0000e+05 3.0632e-19 1.0000e+00 1.0000e+05 3.0632e-14 2.5000e+00
1.4314e+01 1.0000e+05 1.7264e-18 1.0000e+00 1.0000e+05 1.7264e-13 2.5000e+00
1.4706e+01 1.0000e+05 4.7256e-18 1.0000e+00 1.0000e+05 4.7256e-13 2.5000e+00
1.5098e+01 1.0000e+05 9.3329e-18 1.0000e+00 1.0000e+05 9.3329e-13 2.5000e+00
1.5490e+01 1.0000e+05 1.6467e-17 1.0000e+00 1.0000e+05 1.6467e-12 2.5000e+00
1.5882e+01 1.0000e+05 2.8570e-17 1.0000e+00 1.0000e+05 2.8570e-12 2.5000e+00
1.6275e+01 1.0000e+05 5.0031e-17 1.0000e+00 1.0000e+05 5.0031e-12 2.5000e+00
1.6667e+01 1.0000e+05 8.9860e-17 1.0000e+00 1.0000e+05 8.9860e-12 2.5000e+00
1.7059e+01 1.0000e+05 1.6376e-16 1.0000e+00 1.0000e+05 1.6376e-11 2.5000e+00
1.7451e+01 1.0000e+05 3.0093e-16 1.0000e+00 1.0000e+05 3.0093e-11 2.5000e+00
1.7843e+01 1.0000e+05 5.5395e-16 1.0000e+00 1.0000e+05 5.5395e-11 2.5000e+00
1.8235e+01 1.0000e+05 1.0183e-15 1.0000e+00 1.0000e+05 1.0183e-10 2.5000e+00
1.8627e+01 1.0000e+05 1.8652e-15 1.0000e+00 1.0000e+05 1.8652e-10 2.5000e+00
1.9020e+01 1.0000e+05 3.3986e-15 1.0000e+00 1.0000e+05 3.3986e-10 2.5000e+00
1.9412e+01 1.0000e+05 6.1549e-15 1.0000e+00 1.0000e+05 6.1549e-10 2.5000e+00
1.9804e+01 1.0000e+05 1.1076e-14 1.0000e+00 1.0000e+05 1.1076e-09 2.5000e+00
2.0196e+01 1.0000e+05 1.9801e-14 1.0000e+00 1.0000e+05 1.9801e-09 2.5000e+00
2.0588e+01 1.0000e+05 3.5159e-14 1.0000e+00 1.0000e+05 3.5159e-09 2.5000e+00
2.0980e+01 1.0000e+05 6.2003e-14 1.0000e+00 1.0000e+05 6.2003e-09 2.5000e+00
2.1373e+01 1.0000e+05 1.0859e-13 1.0000e+00 1.0000e+05 1.0859e-08 2.5000e+00
2.1765e+01 1.0000e+05 1.8888e-13 1.0000e+00 1.0000e+05 1.8888e-08 2.5000e+00
2.2157e+01 1.0000e+05 3.2624e-13 1.0000e+00 1.0000e+05 3.2624e-08 2.5000e+00
2.2549e+01 1.0000e+05 5.5958e-13 1.0000e+00 1.0000e+05 5.5958e-08 2.5000e+00
2.2941e+01 1.0000e+05 9.5313e-13 1.0000e+00 1.0000e+05 9.5313e-08 2.5000e+00
2.3333e+01 1.0000e+05 1.6121e-12 1.0000e+00 1.0000e+05 1.6121e-07 2.5000e+00
2.3725e+01 1.0000e+05 2.7075e-12 1.0000e+00 1.0000e+05 2.7075e-07 2.5000e+00
2.4118e+01 1.0000e+05 4.5154e-12 1.0000e+00 1.0000e+05 4.5154e-07 2.5000e+00
2.4510e+01 1.0000e+05 7.4771e-12 1.0000e+00 1.0000e+05 7.4771e-07 2.5000e+00
2.4902e+01 1.0000e+05 1.2294e-11 1.0000e+00 1.0000e+05 1.2294e-06 2.5000e+00
2.5294e+01 1.0000e+05 2.0071e-11 1.0000e+00 1.0000e+05 2.0071e-06 2.5000e+00
2.5686e+01 1.0000e+05 3.2535e-11 1.0000e+00 1.0000e+05 3.2535e-06 2.5000e+00
2.6078e+01 1.0000e+05 5.2362e-11 1.0000e+00 1.0000e+05 5.2362e-06 2.5000e+00
2.6471e+01 1.0000e+05 8.3671e-11 1.0000e+00 1.0000e+05 8.3671e-06 2.5000e+00
2.6863e+01 1.0000e+05 1.3274e-10 1.0000e+00 1.0000e+05 1.3274e-05 2.5000e+00
2.7255e+01 1.0000e+05 2.0909e-10 1.0000e+00 1.0000e+05 2.0909e-05 2.5000e+00
2.7647e+01 1.0000e+05 3.2697e-10 1.0000e+00 1.0000e+05 3.2697e-05 2.5000e+00
2.8039e+01 1.0000e+05 5.0762e-10 1.0000e+00 1.0000e+05 5.0762e-05 2.5000e+00
2.8431e+01 1.0000e+05 7.8241e-10 1.0000e+00 1.0000e+05 7.8241e-05 2.5000e+00
2.8824e+01 1.0000e+05 1.1972e-09 1.0000e+00 1.0000e+05 1.1972e-04 2.5000e+00
2.9216e+01 1.0000e+05 1.8187e-09 1.0000e+00 1.0000e+05 1.8187e-04 2.5000e+00
2.9608e+01 1.0000e+05 2.7426e-09 9.9999e-01 1.0000e+05 2.7426e-04 2.5000e+00
3.0000e+01 1.0000e+05 4.1059e-09 9.9999e-01 1.0000e+05 4.1059e-04 2.5000e+00
3.0392e+01 1.0000e+05 6.1020e-09 9.9998e-01 1.0000e+05 6.1020e-04 2.5000e+00
3.0784e+01 1.0000e+05 9.0024e-09 9.9998e-01 1.0000e+05 9.0024e-04 2.4999e+00
3.1176e+01 1.0000e+05 1.3184e-08 9.9997e-01 1.0000e+05 1.3184e-03 2.4999e+00
3.1569e+01 1.0000e+05 1.9167e-08 9.9996e-01 1.0000e+05 1.9167e-03 2.4999e+00
3.1961e+01 1.0000e+05 2.7662e-08 9.9994e-01 1.0000e+05 2.7662e-03 2.4998e+00
3.2353e+01 1.0000e+05 3.9627e-08 9.9991e-01 1.0000e+05 3.9627e-03 2.4998e+00
3.2745e+01 1.0000e+05 5.6352e-08 9.9987e-01 1.0000e+05 5.6352e-03 2.4997e+00
3.3137e+01 1.0000e+05 7.9546e-08 9.9983e-01 1.0000e+05 7.9546e-03 2.4996e+00
3.3529e+01 9.9999e+04 1.1146e-07 9.9976e-01 9.9999e+04 1.1146e-02 2.4994e+00
3.3922e+01 9.9999e+04 1.5503e-07 9.9967e-01 9.9999e+04 1.5503e-02 2.4992e+00
3.4314e+01 9.9999e+04 2.1405e-07 9.9956e-01 9.9999e+04 2.1405e-02 2.4989e+00
3.4706e+01 9.9999e+04 2.9336e-07 9.9941e-01 9.9999e+04 2.9336e-02 2.4985e+00
3.5098e+01 9.9998e+04 3.9910e-07 9.9921e-01 9.9998e+04 3.9909e-02 2.4980e+00
3.5490e+01 9.9997e+04 5.3897e-07 9.9895e-01 9.9997e+04 5.3896e-02 2.4974e+00
3.5882e+01 9.9996e+04 7.2253e-07 9.9863e-01 9.9996e+04 7.2250e-02 2.4966e+00
3.6275e+01 9.9995e+04 9.6150e-07 9.9821e-01 9.9995e+04 9.6145e-02 2.4955e+00
3.6667e+01 9.9993e+04 1.2702e-06 9.9768e-01 9.9993e+04 1.2701e-01 2.4942e+00
3.7059e+01 9.9991e+04 1.6657e-06 9.9703e-01 9.9991e+04 1.6656e-01 2.4926e+00
3.7451e+01 9.9988e+04 2.1686e-06 9.9622e-01 9.9988e+04 2.1683e-01 2.4905e+00
3.7843e+01 9.9984e+04 2.8029e-06 9.9522e-01 9.9984e+04 2.8025e-01 2.4881e+00
3.8235e+01 9.9979e+04 3.5967e-06 9.9401e-01 9.9979e+04 3.5960e-01 2.4850e+00
3.8627e+01 9.9973e+04 4.5823e-06 9.9254e-01 9.9973e+04 4.5811e-01 2.4814e+00
3.9020e+01 9.9965e+04 5.7966e-06 9.9079e-01 9.9965e+04 5.7946e-01 2.4770e+00
3.9412e+01 9.9955e+04 7.2810e-06 9.8871e-01 9.9955e+04 7.2777e-01 2.4718e+00
3.9804e+01 9.9942e+04 9.0816e-06 9.8627e-01 9.9942e+04 9.0763e-01 2.4657e+00
4.0196e+01 9.9927e+04 1.1249e-05 9.8341e-01 9.9927e+04 1.1241e+00 2.4585e+00
4.0588e+01 9.9908e+04 1.3839e-05 9.8011e-01 9.9908e+04 1.3826e+00 2.4503e+00
4.0980e+01 9.9885e+04 1.6909e-05 9.7632e-01 9.9885e+04 1.6890e+00 2.4408e+00
4.1373e+01 9.9857e+04 2.0523e-05 9.7200e-01 9.9857e+04 2.0494e+00 2.4300e+00
4.1765e+01 9.9824e+04 2.4745e-05 9.6713e-01 9.9824e+04 2.4701e+00 2.4179e+00
4.2157e+01 9.9785e+04 2.9642e-05 9.6168e-01 9.9785e+04 2.9578e+00 2.4042e+00
4.2549e+01 9.9738e+04 3.5282e-05 9.5562e-01 9.9738e+04 3.5190e+00 2.3891e+00
4.2941e+01 9.9683e+04 4.1732e-05 9.4894e-01 9.9683e+04 4.1600e+00 2.3724e+00
4.3333e+01 9.9618e+04 4.9057e-05 9.4164e-01 9.9618e+04 4.8870e+00 2.3542e+00
4.3725e+01 9.9543e+04 5.7320e-05 9.3372e-01 9.9543e+04 5.7058e+00 2.3345e+00
4.4118e+01 9.9457e+04 6.6579e-05 9.2520e-01 9.9457e+04 6.6217e+00 2.3132e+00
4.4510e+01 9.9358e+04 7.6885e-05 9.1610e-01 9.9358e+04 7.6391e+00 2.2905e+00
4.4902e+01 9.9245e+04 8.8282e-05 9.0645e-01 9.9245e+04 8.7615e+00 2.2665e+00
4.5294e+01 9.9117e+04 1.0081e-04 8.9630e-01 9.9117e+04 9.9920e+00 2.2413e+00
4.5686e+01 9.8972e+04 1.1447e-04 8.8571e-01 9.8972e+04 1.1329e+01 2.2149e+00
4.6078e+01 9.8813e+04 1.2941e-04 8.7477e-01 9.8813e+04 1.2788e+01 2.1878e+00
4.6471e+01 9.8620e+04 1.4498e-04 8.6335e-01 9.8620e+04 1.4298e+01 2.1594e+00
4.6863e+01 9.8469e+04 1.6388e-04 8.5244e-01 9.8469e+04 1.6137e+01 2.1324e+00
4.7255e+01 9.8084e+04 1.7637e-04 8.3880e-01 9.8084e+04 1.7299e+01 2.0985e+00
4.7647e+01 9.8315e+04 2.1233e-04 8.3271e-01 9.8315e+04 2.0875e+01 2.0840e+00
4.8039e+01 9.6940e+04 1.9373e-04 8.0790e-01 9.6940e+04 1.8780e+01 2.0216e+00
4.8431e+01 9.8691e+04 2.8544e-04 8.1976e-01 9.8691e+04 2.8170e+01 2.0534e+00
4.8824e+01 9.5744e+04 2.1540e-04 7.7780e-01 9.5744e+04 2.0624e+01 1.9467e+00
4.9216e+01 9.6389e+04 3.1452e-04 7.9118e-01 9.6389e+04 3.0316e+01 1.9827e+00
4.9608e+01 1.1097e+05 3.0917e-04 7.7007e-01 1.1097e+05 3.4310e+01 1.9305e+00
5.0000e+01 2.1343e+04 3.3836e-04 7.6781e-01 2.1343e+04 7.2217e+00 1.9207e+00
5.0392e+01 1.0585e+04 3.5721e-04 7.5860e-01 1.0585e+04 3.7809e+00 1.8972e+00
5.0784e+01 1.0140e+04 5.5513e-04 7.6404e-01 1.0140e+04 5.6287e+00 1.9117e+00
5.1176e+01 1.0871e+04 7.4251e-04 7.7003e-01 1.0871e+04 8.0716e+00 1.9281e+00
5.1569e+01 1.1197e+04 7.9962e-04 7.6506e-01 1.1197e+04 8.9532e+00 1.9162e+00
5.1961e+01 1.1513e+04 7.7071e-04 7.5246e-01 1.1513e+04 8.8735e+00 1.8846e+00
5.2353e+01 1.1699e+04 8.3703e-04 7.5209e-01 1.1699e+04 9.7927e+00 1.8843e+00
5.2745e+01 1.2095e+04 1.0135e-03 7.6535e-01 1.2095e+04 1.2258e+01 1.9196e+00
5.3137e+01 1.2406e+04 1.2250e-03 7.8426e-01 1.2406e+04 1.5197e+01 1.9700e+00
5.3529e+01 1.2697e+04 1.3761e-03 7.9737e-01 1.2697e+04 1.7473e+01 2.0054e+00
5.3922e+01 1.2815e+04 1.4536e-03 8.0261e-01 1.2815e+04 1.8629e+01 2.0201e+00
5.4314e+01 1.2888e+04 1.4736e-03 8.0145e-01 1.2888e+04 1.8991e+01 2.0176e+00
5.4706e+01 1.2891e+04 1.4732e-03 7.9826e-01 1.2891e+04 1.8992e+01 2.0096e+00
5.5098e+01 1.2906e+04 1.4656e-03 7.9437e-01 1.2906e+04 1.8914e+01 1.9998e+00
5.5490e+01 1.2902e+04 1.4585e-03 7.9044e-01 1.2902e+04 1.8817e+01 1.9898e+00
5.5882e+01 1.2909e+04 1.4494e-03 7.8616e-01 1.2909e+04 1.8709e+01 1.9790e+00
5.6275e+01 1.2907e+04 1.4404e-03 7.8176e-01 1.2907e+04 1.8591e+01 1.9678e+00
5.6667e+01 1.2910e+04 1.4300e-03 7.7705e-01 1.2910e+04 1.8461e+01 1.9558e+00
5.7059e+01 1.2908e+04 1.4193e-03 7.7216e-01 1.2908e+04 1.8321e+01 1.9434e+00
5.7451e+01 1.2909e+04 1.4076e-03 7.6700e-01 1.2909e+04 1.8171e+01 1.9303e+00
5.7843e+01 1.2907e+04 1.3954e-03 7.6160e-01 1.2907e+04 1.8011e+01 1.9166e+00
5.8235e+01 1.2906e+04 1.3823e-03 7.5593e-01 1.2906e+04 1.7840e+01 1.9022e+00
5.8627e+01 1.2904e+04 1.3686e-03 7.5000e-01 1.2904e+04 1.7660e+01 1.8871e+00
5.9020e+01 1.2902e+04 1.3540e-03 7.4380e-01 1.2902e+04 1.7469e+01 1.8713e+00
5.9412e+01 1.2899e+04 1.3389e-03 7.3732e-01 1.2899e+04 1.7269e+01 1.8549e+00
5.9804e+01 1.2895e+04 1.3229e-03 7.3055e-01 1.2895e+04 1.7060e+01 1.8376e+00
6.0196e+01 1.2892e+04 1.3063e-03 7.2349e-01 1.2892e+04 1.6840e+01 1.8197e+00
6.0588e+01 1.2888e+04 1.2890e-03 7.1613e-01 1.2888e+04 1.6612e+01 1.8010e+00
6.0980e+01 1.2883e+04 1.2709e-03 7.0847e-01 1.2883e+04 1.6374e+01 1.7816e+00
6.1373e+01 1.2878e+04 1.2522e-03 7.0051e-01 1.2878e+04 1.6126e+01 1.7614e+00
6.1765e+01 1.2873e+04 1.2328e-03 6.9223e-01 1.2873e+04 1.5870e+01 1.7404e+00
6.2157e+01 1.2868e+04 1.2126e-03 6.8365e-01 1.2868e+04 1.5604e+01 1.7186e+00
6.2549e+01 1.2862e+04 1.1918e-03 6.7474e-01 1.2862e+04 1.5329e+01 1.6960e+00
6.2941e+01 1.2856e+04 1.1703e-03 6.6550e-01 1.2856e+04 1.5046e+01 1.6726e+00
6.3333e+01 1.2850e+04 1.1481e-03 6.5594e-01 1.2850e+04 1.4753e+01 1.6483e+00
6.3725e+01 1.2843e+04 1.1252e-03 6.4603e-01 1.2843e+04 1.4451e+01 1.6232e+00
6.4118e+01 1.2836e+04 1.1015e-03 6.3577e-01 1.2836e+04 1.4139e+01 1.5972e+00
6.4510e+01 1.2829e+04 1.0772e-03 6.2515e-01 1.2829e+04 1.3819e+01 1.5703e+00
6.4902e+01 1.2821e+04 1.0521e-03 6.1416e-01 1.2821e+04 1.3489e+01 1.5425e+00
6.5294e+01 1.2813e+04 1.0262e-03 6.0277e-01 1.2813e+04 1.3149e+01 1.5137e+00
6.5686e+01 1.2805e+04 9.9953e-04 5.9098e-01 1.2805e+04 1.2799e+01 1.4838e+00
6.6078e+01 1.2796e+04 9.7207e-04 5.7876e-01 1.2796e+04 1.2439e+01 1.4530e+00
6.6471e+01 1.2787e+04 9.4377e-04 5.6610e-01 1.2787e+04 1.2068e+01 1.4210e+00
6.6863e+01 1.2778e+04 9.1462e-04 5.5298e-01 1.2778e+04 1.1687e+01 1.3878e+00
6.7255e+01 1.2769e+04 8.8458e-04 5.3937e-01 1.2769e+04 1.1295e+01 1.3534e+00
6.7647e+01 1.2759e+04 8.5364e-04 5.2525e-01 1.2759e+04 1.0892e+01 1.3178e+00
6.8039e+01 1.2749e+04 8.2175e-04 5.1060e-01 1.2749e+04 1.0477e+01 1.2808e+00
6.8431e+01 1.2739e+04 7.8891e-04 4.9540e-01 1.2739e+04 1.0050e+01 1.2425e+00
6.8824e+01 1.2728e+04 7.5507e-04 4.7962e-01 1.2728e+04 9.6107e+00 1.2027e+00
6.9216e+01 1.2717e+04 7.2020e-04 4.6323e-01 1.2717e+04 9.1591e+00 1.1614e+00
6.9608e+01 1.2706e+04 6.8429e-04 4.4621e-01 1.2706e+04 8.6947e+00 1.1185e+00
7.0000e+01 1.2695e+04 6.4730e-04 4.2854e-01 1.2695e+04 8.2172e+00 1.0740e+00
7.0392e+01 1.2683e+04 6.0921e-04 4.1019e-01 1.2683e+04 7.7264e+00 1.0278e+00
7.0784e+01 1.2670e+04 5.6997e-04 3.9112e-01 1.2670e+04 7.2219e+00 9.7986e-01
7.1176e+01 1.2658e+04 5.2958e-04 3.7132e-01 1.2658e+04 6.7034e+00 9.3007e-01
7.1569e+01 1.2645e+04 4.8798e-04 3.5075e-01 1.2645e+04 6.1706e+00 8.7837e-01
7.1961e+01 1.2632e+04 4.4516e-04 3.2938e-01 1.2632e+04 5.6233e+00 8.2469e-01
7.2353e+01 1.2619e+04 4.0107e-04 3.0717e-01 1.2619e+04 5.0609e+00 7.6895e-01
7.2745e+01 1.2605e+04 3.5567e-04 2.8411e-01 1.2605e+04 4.4832e+00 7.1106e-01
7.3137e+01 1.2591e+04 3.0896e-04 2.6014e-01 1.2591e+04 3.8901e+00 6.5096e-01
7.3529e+01 1.2576e+04 2.6101e-04 2.3531e-01 1.2576e+04 3.2826e+00 5.8869e-01
7.3922e+01 1.2562e+04 2.1219e-04 2.0977e-01 1.2562e+04 2.6656e+00 5.2471e-01
7.4314e+01 1.2548e+04 1.6356e-04 1.8411e-01 1.2548e+04 2.0524e+00 4.6045e-01
7.4706e+01 1.2534e+04 1.1733e-04 1.5960e-01 1.2534e+04 1.4707e+00 3.9909e-01
7.5098e+01 1.2523e+04 7.6814e-05 1.3823e-01 1.2523e+04 9.6191e-01 3.4561e-01
7.5490e+01 1.2514e+04 4.5240e-05 1.2190e-01 1.2514e+04 5.6611e-01 3.0476e-01
7.5882e+01 1.2507e+04 2.3917e-05 1.1123e-01 1.2507e+04 2.9914e-01 2.7809e-01
7.6275e+01 1.2504e+04 1.1499e-05 1.0527e-01 1.2504e+04 1.4378e-01 2.6316e-01
7.6667e+01 1.2502e+04 5.1516e-06 1.0232e-01 1.2502e+04 6.4403e-02 2.5580e-01
7.7059e+01 1.2501e+04 2.2067e-06 1.0099e-01 1.2501e+04 2.7585e-02 2.5246e-01
7.7451e+01 1.2500e+04 9.2174e-07 1.0041e-01 1.2500e+04 1.1522e-02 2.5103e-01
7.7843e+01 1.2500e+04 3.7989e-07 1.0017e-01 1.2500e+04 4.7487e-03 2.5042e-01
7.8235e+01 1.2500e+04 1.5540e-07 1.0007e-01 1.2500e+04 1.9426e-03 2.5017e-01
7.8627e+01 1.2500e+04 6.3266e-08 1.0003e-01 1.2500e+04 7.9083e-04 2.5007e-01
7.9020e+01 1.2500e+04 2.5662e-08 1.0001e-01 1.2500e+04 3.2077e-04 2.5003e-01
7.9412e+01 1.2500e+04 1.0375e-08 1.0000e-01 1.2500e+04 1.2969e-04 2.5001e-01
7.9804e+01 1.2500e+04 4.1821e-09 1.0000e-01 1.2500e+04 5.2276e-05 2.5000e-01
8.0196e+01 1.2500e+04 1.6807e-09 1.0000e-01 1.2500e+04 2.1009e-05 2.5000e-01
8.0588e+01 1.2500e+04 6.7347e-10 1.0000e-01 1.2500e+04 8.4183e-06 2.5000e-01
8.0980e+01 1.2500e+04 2.6906e-10 1.0000e-01 1.2500e+04 3.3632e-06 2.5000e-01
8.1373e+01 1.2500e+04 1.0717e-10 1.0000e-01 1.2500e+04 1.3396e-06 2.5000e-01
8.1765e+01 1.2500e+04 4.2561e-11 1.0000e-01 1.2500e+04 5.3202e-07 2.5000e-01
8.2157e+01 1.2500e+04 1.6852e-11 1.0000e-01 1.2500e+04 2.1064e-07 2.5000e-01
8.2549e+01 1.2500e+04 6.6520e-12 1.0000e-01 1.2500e+04 8.3149e-08 2.5000e-01
8.2941e+01 1.2500e+04 2.6178e-12 1.0000e-01 1.2500e+04 3.2722e-08 2.5000e-01
8.3333e+01 1.2500e+04 1.0270e-12 1.0000e-01 1.2500e+04 1.2838e-08 2.5000e-01
8.3725e+01 1.2500e+04 4.0169e-13 1.0000e-01 1.2500e+04 5.0211e-09 2.5000e-01
8.4118e+01 1.2500e+04 1.5662e-13 1.0000e-01 1.2500e+04 1.9577e-09 2.5000e-01
8.4510e+01 1.2500e+04 6.0874e-14 1.0000e-01 1.2500e+04 7.6093e-10 2.5000e-01
8.4902e+01 1.2500e+04 2.3585e-14 1.0000e-01 1.2500e+04 2.9481e-10 2.5000e-01
8.5294e+01 1.2500e+04 9.1077e-15 1.0000e-01 1.2500e+04 1.1385e-10 2.5000e-01
8.5686e+01 1.2500e+04 3.5047e-15 1.0000e-01 1.2500e+04 4.3808e-11 2.5000e-01
8.6078e+01 1.2500e+04 1.3431e-15 1.0000e-01 1.2500e+04 1.6789e-11 2.5000e-01
8.6471e+01 1.2500e+04 5.1173e-16 1.0000e-01 1.2500e+04 6.3966e-12 2.5000e-01
8.6863e+01 1.2500e+04 1.9302e-16 1.0000e-01 1.2500e+04 2.4127e-12 2.5000e-01
8.7255e+01 1.2500e+04 7.1382e-17 1.0000e-01 1.2500e+04 8.9228e-13 2.5000e-01
8.7647e+01 1.2500e+04 2.5415e-17 1.0000e-01 1.2500e+04 3.1769e-13 2.5000e-01
8.8039e+01 1.2500e+04 8.1263e-18 1.0000e-01 1.2500e+04 1.0158e-13 2.5000e-01
8.8431e+01 1.2500e+04 1.8529e-18 1.0000e-01 1.2500e+04 2.3162e-14 2.5000e-01
8.8824e+01 1.2500e+04 5.6338e-20 1.0000e-01 1.2500e+04 7.0423e-16 2.5000e-01
8.9216e+01 1.2500e+04 0.0000e+00 1.0000e-01 1.2500e+04 0.0000e+00 2.5000e-01
8.9608e+01 1.2500e+04 0.0000e+00 1.0000e-01 1.2500e+04 0.0000e+00 2.5000e-01
9.0000e+01 1.2500e+04 0.0000e+00 1.0000e-01 1.2500e+04 0.0000e+00 2.5000e-01
9.0392e+01 1.2500e+04 0.0000e+00 1.0000e-01 1.2500e+04 0.0000e+00 2.5000e-01
9.0784e+01 1.2500e+04 0.0000e+00 1.0000e-01 1.2500e+04 0.0000e+00 2.5000e-01
9.1176e+01 1.2500e+04 0.0000e+00 1.0000e-01 1.2500e+04 0.0000e+00 2.5000e-01
9.1569e+01 1.2500e+04 0.0000e+00 1.0000e-01 1.2500e+04 0.0000e+00 2.5000e-01
9.1961e+01 1.2500e+04 0.0000e+00 1.0000e-01 1.2500e+04 0.0000e+00 2.5000e-01
9.2353e+01 1.2500e+04 0.0000e+00 1.0000e-01 1.2500e+04 0.0000e+00 2.5000e-01
9.2745e+01 1.2500e+04 0.0000e+00 1.0000e-01 1.2500e+04 0.0000e+00 2.5000e-01
9.3137e+01 1.2500e+04 0.0000e+00 1.0000e-01 1.2500e+04 0.0000e+00 2.5000e-01
9.3529e+01 1.2500e+04 0.0000e+00 1.0000e-01 1.2500e+04 0.0000e+00 2.5000e-01
9.3922e+01 1.2500e+04 0.0000e+00 1.0000e-01 1.2500e+04 0.0000e+00 2.5000e-01
9.4314e+01 1.2500e+04 0.0000e+00 1.0000e-01 1.2500e+04 0.0000e+00 2.5000e-01
9.4706e+01 1.2500e+04 0.0000e+00 1.0000e-01 1.2500e+04 0.0000e+00 2.5000e-01
9.5098e+01 1.2500e+04 0.0000e+00 1.0000e-01 1.2500e+04 0.0000e+00 2.5000e-01
9.5490e+01 1.2500e+04 0.0000e+00 1.0000e-01 1.2500e+04 0.0000e+00 2.5000e-01
9.5882e+01 1.2500e+04 0.0000e+00 1.0000e-01 1.2500e+04 0.0000e+00 2.5000e-01
9.6275e+01 1.2500e+04 0.0000e+00 1.0000e-01 1.2500e+04 0.0000e+00 2.5000e-01
9.6667e+01 1.2500e+04 0.0000e+00 1.0000e-01 1.2500e+04 0.0000e+00 2.5000e-01
9.7059e+01 1.2500e+04 0.0000e+00 1.0000e-01 1.2500e+04 0.0000e+00 2.5000e-01
9.7451e+01 1.2500e+04 0.0000e+00 1.0000e-01 1.2500e+04 0.0000e+00 2.5000e-01
9.7843e+01 1.2500e+04 0.0000e+00 1.0000e-01 1.2500e+04 0.0000e+00 2.5000e-01
9.8235e+01 1.2500e+04 0.0000e+00 1.0000e-01 1.2500e+04 0.0000e+00 2.5000e-01
9.8627e+01 1.2500e+04 0.0000e+00 1.0000e-01 1.2500e+04 0.0000e+00 2.5000e-01
9.9020e+01 1.2500e+04 0.0000e+00 1.0000e-01 1.2500e+04 0.0000e+00 2.5000e-01
9.9412e+01 1.2500e+04 0.0000e+00 1.0000e-01 1.2500e+04 0.0000e+00 2.5000e-01
9.9804e+01 1.2500e+04 0.0000e+00 1.0000e-01 1.2500e+04 0.0000e+00 2.5000e-01
