# # x Density Velocity Pressure q0 q1 q2
1.9608e-01 1.0000e+05 0.0000e+00 1.0000e+00 1.0000e+05 0.0000e+00 2.5000e+00
5.8824e-01 1.0000e+05 0.0000e+00 1.0000e+00 1.0000e+05 0.0000e+00 2.5000e+00
9.8039e-01 1.0000e+05 0.0000e+00 1.0000e+00 1.0000e+05 0.0000e+00 2.5000e+00
1.3725e+00 1.0000e+05 0.0000e+00 1.0000e+00 1.0000e+05 0.0000e+00 2.5000e+00
1.7647e+00 1.0000e+05 0.0000e+00 1.0000e+00 1.0000e+05 0.0000e+00 2.5000e+00
2.1569e+00 1.0000e+05 0.0000e+00 1.0000e+00 1.0000e+05 0.0000e+00 2.5000e+00
2.5490e+00 1.0000e+05 0.0000e+00 1.0000e+00 1.0000e+05 0.0000e+00 2.5000e+00
2.9412e+00 1.0000e+05 0.0000e+00 1.0000e+00 1.0000e+05 0.0000e+00 2.5000e+00
3.3333e+00 1.0000e+05 0.0000e+00 1.0000e+00 1.0000e+05 0.0000e+00 2.5000e+00
3.7255e+00 1.0000e+05 0.0000e+00 1.0000e+00 1.0000e+05 0.0000e+00 2.5000e+00
4.1176e+00 1.0000e+05 0.0000e+00 1.0000e+00 1.0000e+05 0.0000e+00 2.5000e+00
4.5098e+00 1.0000e+05 0.0000e+00 1.0000e+00 1.0000e+05 0.0000e+00 2.5000e+00
4.9020e+00 1.0000e+05 0.0000e+00 1.0000e+00 1.0000e+05 0.0000e+00 2.5000e+00
5.2941e+00 1.0000e+05 0.0000e+00 1.0000e+00 1.0000e+05 0.0000e+00 2.5000e+00
5.6863e+00 1.0000e+05 0.0000e+00 1.0000e+00 1.0000e+05 0.0000e+00 2.5000e+00
6.0784e+00 1.0000e+05 0.0000e+00 1.0000e+00 1.0000e+05 0.0000e+00 2.5000e+00
6.4706e+00 1.0000e+05 0.0000e+00 1.0000e+00 1.0000e+05 0.0000e+00 2.5000e+00
6.8627e+00 1.0000e+05 0.0000e+00 1.0000e+00 1.0000e+05 0.0000e+00 2.5000e+00
7.2549e+00 1.0000e+05 0.0000e+00 1.0000e+00 1.0000e+05 0.0000e+00 2.5000e+00
7.6471e+00 1.0000e+05 0.0000e+00 1.0000e+00 1.0000e+05 0.0000e+00 2.5000e+00
8.0392e+00 1.0000e+05 0.0000e+00 1.0000e+00 1.0000e+05 0.0000e+00 2.5000e+00
8.4314e+00 1.0000e+05 0.0000e+00 1.0000e+00 1.0000e+05 0.0000e+00 2.5000e+00
8.8235e+00 1.0000e+05 0.0000e+00 1.0000e+00 1.0000e+05 0.0000e+00 2.5000e+00
9.2157e+00 1.0000e+05 0.0000e+00 1.0000e+00 1.0000e+05 0.0000e+00 2.5000e+00
9.6078e+00 1.0000e+05 0.0000e+00 1.0000e+00 1.0000e+05 0.0000e+00 2.5000e+00
1.0000e+01 1.0000e+05 0.0000e+00 1.0000e+00 1.0000e+05 0.0000e+00 2.5000e+00
1.0392e+01 1.0000e+05 0.0000e+00 1.0000e+00 1.0000e+05 0.0000e+00 2.5000e+00
1.0784e+01 1.0000e+05 0.0000e+00 1.0000e+00 1.0000e+05 0.0000e+00 2.5000e+00
1.1176e+01 1.0000e+05 0.0000e+00 1.0000e+00 1.0000e+05 0.0000e+00 2.5000e+00
1.1569e+01 1.0000e+05 0.0000e+00 1.0000e+00 1.0000e+05 0.0000e+00 2.5000e+00
1.1961e+01 1.0000e+05 0.0000e+00 1.0000e+00 1.0000e+05 0.0000e+00 2.5000e+00
1.2353e+01 1.0000e+05 0.0000e+00 1.0000e+00 1.0000e+05 0.0000e+00 2.5000e+00
1.2745e+01 1.0000e+05 0.0000e+00 1.0000e+00 1.0000e+05 0.0000e+00 2.5000e+00
1.3137e+01 1.0000e+05 0.0000e+00 1.0000e+00 1.0000e+05 0.0000e+00 2.5000e+00
1.3529e+01 1.0000e+05 2.8707e-19 1.0000e+00 1.0000e+05 2.8707e-14 2.5000e+00
1.3922e+01 1.0000e+05 1.6675e-18 1.0000e+00 1.0000e+05 1.6675e-13 2.5000e+00
1.4314e+01 1.0000e+05 4.6447e-18 1.0000e+00 1.0000e+05 4.6447e-13 2.5000e+00
1.4706e+01 1.0000e+05 9.2301e-18 1.0000e+00 1.0000e+05 9.2301e-13 2.5000e+00
1.5098e+01 1.0000e+05 1.6274e-17 1.0000e+00 1.0000e+05 1.6274e-12 2.5000e+00
1.5490e+01 1.0000e+05 2.8057e-17 1.0000e+00 1.0000e+05 2.8057e-12 2.5000e+00
1.5882e+01 1.0000e+05 4.8588e-17 1.0000e+00 1.0000e+05 4.8588e-12 2.5000e+00
1.6275e+01 1.0000e+05 8.6315e-17 1.0000e+00 1.0000e+05 8.6315e-12 2.5000e+00
1.6667e+01 1.0000e+05 1.5608e-16 1.0000e+00 1.0000e+05 1.5608e-11 2.5000e+00
1.7059e+01 1.0000e+05 2.8475e-16 1.0000e+00 1.0000e+05 2.8475e-11 2.5000e+00
1.7451e+01 1.0000e+05 5.2097e-16 1.0000e+00 1.0000e+05 5.2097e-11 2.5000e+00
1.7843e+01 1.0000e+05 9.5225e-16 1.0000e+00 1.0000e+05 9.5225e-11 2.5000e+00
1.8235e+01 1.0000e+05 1.7347e-15 1.0000e+00 1.0000e+05 1.7347e-10 2.5000e+00
1.8627e+01 1.0000e+05 3.1448e-15 1.0000e+00 1.0000e+05 3.1448e-10 2.5000e+00
1.9020e+01 1.0000e+05 5.6678e-15 1.0000e+00 1.0000e+05 5.6678e-10 2.5000e+00
1.9412e+01 1.0000e+05 1.0151e-14 1.0000e+00 1.0000e+05 1.0151e-09 2.5000e+00
1.9804e+01 1.0000e+05 1.8063e-14 1.0000e+00 1.0000e+05 1.8063e-09 2.5000e+00
2.0196e+01 1.0000e+05 3.1930e-14 1.0000e+00 1.0000e+05 3.1930e-09 2.5000e+00
2.0588e+01 1.0000e+05 5.6065e-14 1.0000e+00 1.0000e+05 5.6065e-09 2.5000e+00
2.0980e+01 1.0000e+05 9.7779e-14 1.0000e+00 1.0000e+05 9.7779e-09 2.5000e+00
2.1373e+01 1.0000e+05 1.6938e-13 1.0000e+00 1.0000e+05 1.6938e-08 2.5000e+00
2.1765e+01 1.0000e+05 2.9141e-13 1.0000e+00 1.0000e+05 2.9141e-08 2.5000e+00
2.2157e+01 1.0000e+05 4.9794e-13 1.0000e+00 1.0000e+05 4.9794e-08 2.5000e+00
2.2549e+01 1.0000e+05 8.4502e-13 1.0000e+00 1.0000e+05 8.4502e-08 2.5000e+00
2.2941e+01 1.0000e+05 1.4242e-12 1.0000e+00 1.0000e+05 1.4242e-07 2.5000e+00
2.3333e+01 1.0000e+05 2.3838e-12 1.0000e+00 1.0000e+05 2.3838e-07 2.5000e+00
2.3725e+01 1.0000e+05 3.9625e-12 1.0000e+00 1.0000e+05 3.9625e-07 2.5000e+00
2.4118e+01 1.0000e+05 6.5410e-12 1.0000e+00 1.0000e+05 6.5410e-07 2.5000e+00
2.4510e+01 1.0000e+05 1.0723e-11 1.0000e+00 1.0000e+05 1.0723e-06 2.5000e+00
2.4902e+01 1.0000e+05 1.7455e-11 1.0000e+00 1.0000e+05 1.7455e-06 2.5000e+00
2.5294e+01 1.0000e+05 2.8218e-11 1.0000e+00 1.0000e+05 2.8218e-06 2.5000e+00
2.5686e+01 1.0000e+05 4.5297e-11 1.0000e+00 1.0000e+05 4.5297e-06 2.5000e+00
2.6078e+01 1.0000e+05 7.2204e-11 1.0000e+00 1.0000e+05 7.2204e-06 2.5000e+00
2.6471e+01 1.0000e+05 1.1429e-10 1.0000e+00 1.0000e+05 1.1429e-05 2.5000e+00
2.6863e+01 1.0000e+05 1.7962e-10 1.0000e+00 1.0000e+05 1.7962e-05 2.5000e+00
2.7255e+01 1.0000e+05 2.8032e-10 1.0000e+00 1.0000e+05 2.8032e-05 2.5000e+00
2.7647e+01 1.0000e+05 4.3439e-10 1.0000e+00 1.0000e+05 4.3439e-05 2.5000e+00
2.8039e+01 1.0000e+05 6.6836e-10 1.0000e+00 1.0000e+05 6.6836e-05 2.5000e+00
2.8431e+01 1.0000e+05 1.0211e-09 1.0000e+00 1.0000e+05 1.0211e-04 2.5000e+00
2.8824e+01 1.0000e+05 1.5488e-09 1.0000e+00 1.0000e+05 1.5488e-04 2.5000e+00
2.9216e+01 1.0000e+05 2.3326e-09 9.9999e-01 1.0000e+05 2.3326e-04 2.5000e+00
2.9608e+01 1.0000e+05 3.4880e-09 9.9999e-01 1.0000e+05 3.4880e-04 2.5000e+00
3.0000e+01 1.0000e+05 5.1785e-09 9.9999e-01 1.0000e+05 5.1785e-04 2.5000e+00
3.0392e+01 1.0000e+05 7.6331e-09 9.9998e-01 1.0000e+05 7.6331e-04 2.5000e+00
3.0784e+01 1.0000e+05 1.1171e-08 9.9997e-01 1.0000e+05 1.1171e-03 2.4999e+00
3.1176e+01 1.0000e+05 1.6231e-08 9.9996e-01 1.0000e+05 1.6231e-03 2.4999e+00
3.1569e+01 1.0000e+05 2.3413e-08 9.9995e-01 1.0000e+05 2.3413e-03 2.4999e+00
3.1961e+01 1.0000e+05 3.3531e-08 9.9992e-01 1.0000e+05 3.3531e-03 2.4998e+00
3.2353e+01 1.0000e+05 4.7676e-08 9.9989e-01 1.0000e+05 4.7676e-03 2.4997e+00
3.2745e+01 1.0000e+05 6.7299e-08 9.9985e-01 1.0000e+05 6.7299e-03 2.4996e+00
3.3137e+01 1.0000e+05 9.4315e-08 9.9980e-01 1.0000e+05 9.4314e-03 2.4995e+00
3.3529e+01 9.9999e+04 1.3122e-07 9.9972e-01 9.9999e+04 1.3122e-02 2.4993e+00
3.3922e+01 9.9999e+04 1.8126e-07 9.9963e-01 9.9999e+04 1.8125e-02 2.4991e+00
3.4314e+01 9.9999e+04 2.4856e-07 9.9950e-01 9.9999e+04 2.4856e-02 2.4987e+00
3.4706e+01 9.9998e+04 3.3841e-07 9.9933e-01 9.9998e+04 3.3840e-02 2.4983e+00
3.5098e+01 9.9998e+04 4.5741e-07 9.9911e-01 9.9998e+04 4.5740e-02 2.4978e+00
3.5490e+01 9.9997e+04 6.1382e-07 9.9883e-01 9.9997e+04 6.1380e-02 2.4971e+00
3.5882e+01 9.9996e+04 8.1779e-07 9.9847e-01 9.9996e+04 8.1776e-02 2.4962e+00
3.6275e+01 9.9994e+04 1.0817e-06 9.9802e-01 9.9994e+04 1.0817e-01 2.4950e+00
3.6667e+01 9.9992e+04 1.4207e-06 9.9745e-01 9.9992e+04 1.4206e-01 2.4936e+00
3.7059e+01 9.9990e+04 1.8525e-06 9.9675e-01 9.9990e+04 1.8523e-01 2.4919e+00
3.7451e+01 9.9986e+04 2.3985e-06 9.9589e-01 9.9986e+04 2.3982e-01 2.4897e+00
3.7843e+01 9.9982e+04 3.0835e-06 9.9483e-01 9.9982e+04 3.0829e-01 2.4871e+00
3.8235e+01 9.9977e+04 3.9362e-06 9.9355e-01 9.9977e+04 3.9353e-01 2.4839e+00
3.8627e+01 9.9970e+04 4.9897e-06 9.9201e-01 9.9970e+04 4.9882e-01 2.4800e+00
3.9020e+01 9.9961e+04 6.2814e-06 9.9018e-01 9.9961e+04 6.2789e-01 2.4755e+00
3.9412e+01 9.9950e+04 7.8530e-06 9.8802e-01 9.9950e+04 7.8491e-01 2.4701e+00
3.9804e+01 9.9937e+04 9.7510e-06 9.8549e-01 9.9937e+04 9.7449e-01 2.4637e+00
4.0196e+01 9.9921e+04 1.2026e-05 9.8254e-01 9.9921e+04 1.2017e+00 2.4564e+00
4.0588e+01 9.9901e+04 1.4733e-05 9.7914e-01 9.9901e+04 1.4718e+00 2.4479e+00
4.0980e+01 9.9876e+04 1.7930e-05 9.7526e-01 9.9876e+04 1.7908e+00 2.4382e+00
4.1373e+01 9.9847e+04 2.1679e-05 9.7086e-01 9.9847e+04 2.1646e+00 2.4272e+00
4.1765e+01 9.9813e+04 2.6044e-05 9.6590e-01 9.9813e+04 2.5995e+00 2.4148e+00
4.2157e+01 9.9771e+04 3.1090e-05 9.6037e-01 9.9771e+04 3.1019e+00 2.4010e+00
4.2549e+01 9.9722e+04 3.6883e-05 9.5425e-01 9.9722e+04 3.6781e+00 2.3857e+00
4.2941e+01 9.9665e+04 4.3488e-05 9.4751e-01 9.9665e+04 4.3343e+00 2.3689e+00
4.3333e+01 9.9598e+04 5.0969e-05 9.4017e-01 9.9598e+04 5.0764e+00 2.3505e+00
4.3725e+01 9.9521e+04 5.9385e-05 9.3222e-01 9.9521e+04 5.9101e+00 2.3307e+00
4.4118e+01 9.9432e+04 6.8792e-05 9.2368e-01 9.9432e+04 6.8401e+00 2.3094e+00
4.4510e+01 9.9330e+04 7.9238e-05 9.1458e-01 9.9330e+04 7.8707e+00 2.2868e+00
4.4902e+01 9.9214e+04 9.0765e-05 9.0496e-01 9.9214e+04 9.0052e+00 2.2628e+00
4.5294e+01 9.9084e+04 1.0341e-04 8.9485e-01 9.9084e+04 1.0246e+01 2.2377e+00
4.5686e+01 9.8936e+04 1.1717e-04 8.8431e-01 9.8936e+04 1.1592e+01 2.2115e+00
4.6078e+01 9.8775e+04 1.3222e-04 8.7346e-01 9.8775e+04 1.3060e+01 2.1845e+00
4.6471e+01 9.8577e+04 1.4777e-04 8.6209e-01 9.8577e+04 1.4567e+01 2.1563e+00
4.6863e+01 9.8431e+04 1.6697e-04 8.5137e-01 9.8431e+04 1.6435e+01 2.1298e+00
4.7255e+01 9.8023e+04 1.7876e-04 8.3759e-01 9.8023e+04 1.7523e+01 2.0955e+00
4.7647e+01 9.8297e+04 2.1630e-04 8.3213e-01 9.8297e+04 2.1261e+01 2.0826e+00
4.8039e+01 9.6847e+04 1.9513e-04 8.0659e-01 9.6847e+04 1.8897e+01 2.0183e+00
4.8431e+01 9.8666e+04 2.8922e-04 8.1934e-01 9.8666e+04 2.8536e+01 2.0525e+00
4.8824e+01 9.5719e+04 2.1913e-04 7.7750e-01 9.5719e+04 2.0975e+01 1.9460e+00
4.9216e+01 9.6214e+04 3.1528e-04 7.9001e-01 9.6214e+04 3.0334e+01 1.9798e+00
4.9608e+01 1.1127e+05 3.1204e-04 7.6972e-01 1.1127e+05 3.4720e+01 1.9297e+00
5.0000e+01 2.1735e+04 3.4401e-04 7.6812e-01 2.1735e+04 7.4770e+00 1.9216e+00
5.0392e+01 1.0608e+04 3.6050e-04 7.5882e-01 1.0608e+04 3.8241e+00 1.8977e+00
5.0784e+01 1.0086e+04 5.3873e-04 7.6226e-01 1.0086e+04 5.4333e+00 1.9071e+00
5.1176e+01 1.0826e+04 7.3788e-04 7.6946e-01 1.0826e+04 7.9880e+00 1.9266e+00
5.1569e+01 1.1185e+04 8.1861e-04 7.6707e-01 1.1185e+04 9.1563e+00 1.9214e+00
5.1961e+01 1.1505e+04 7.8736e-04 7.5423e-01 1.1505e+04 9.0588e+00 1.8891e+00
5.2353e+01 1.1661e+04 8.2388e-04 7.5057e-01 1.1661e+04 9.6071e+00 1.8804e+00
5.2745e+01 1.2028e+04 9.7635e-04 7.6105e-01 1.2028e+04 1.1744e+01 1.9084e+00
5.3137e+01 1.2339e+04 1.1860e-03 7.7961e-01 1.2339e+04 1.4633e+01 1.9577e+00
5.3529e+01 1.2651e+04 1.3521e-03 7.9437e-01 1.2651e+04 1.7104e+01 1.9975e+00
5.3922e+01 1.2794e+04 1.4462e-03 8.0156e-01 1.2794e+04 1.8502e+01 2.0173e+00
5.4314e+01 1.2882e+04 1.4767e-03 8.0164e-01 1.2882e+04 1.9023e+01 2.0181e+00
5.4706e+01 1.2892e+04 1.4801e-03 7.9888e-01 1.2892e+04 1.9081e+01 2.0113e+00
5.5098e+01 1.2908e+04 1.4734e-03 7.9516e-01 1.2908e+04 1.9018e+01 2.0019e+00
5.5490e+01 1.2904e+04 1.4667e-03 7.9139e-01 1.2904e+04 1.8927e+01 1.9924e+00
5.5882e+01 1.2911e+04 1.4581e-03 7.8728e-01 1.2911e+04 1.8826e+01 1.9819e+00
5.6275e+01 1.2910e+04 1.4495e-03 7.8305e-01 1.2910e+04 1.8713e+01 1.9712e+00
5.6667e+01 1.2913e+04 1.4396e-03 7.7853e-01 1.2913e+04 1.8590e+01 1.9597e+00
5.7059e+01 1.2912e+04 1.4294e-03 7.7384e-01 1.2912e+04 1.8457e+01 1.9478e+00
5.7451e+01 1.2913e+04 1.4182e-03 7.6888e-01 1.2913e+04 1.8313e+01 1.9352e+00
5.7843e+01 1.2911e+04 1.4065e-03 7.6370e-01 1.2911e+04 1.8160e+01 1.9220e+00
5.8235e+01 1.2910e+04 1.3939e-03 7.5825e-01 1.2910e+04 1.7996e+01 1.9082e+00
5.8627e+01 1.2908e+04 1.3807e-03 7.5256e-01 1.2908e+04 1.7823e+01 1.8937e+00
5.9020e+01 1.2906e+04 1.3668e-03 7.4660e-01 1.2906e+04 1.7640e+01 1.8786e+00
5.9412e+01 1.2904e+04 1.3522e-03 7.4038e-01 1.2904e+04 1.7448e+01 1.8627e+00
5.9804e+01 1.2901e+04 1.3368e-03 7.3388e-01 1.2901e+04 1.7246e+01 1.8462e+00
6.0196e+01 1.2897e+04 1.3208e-03 7.2710e-01 1.2897e+04 1.7034e+01 1.8290e+00
6.0588e+01 1.2894e+04 1.3040e-03 7.2003e-01 1.2894e+04 1.6814e+01 1.8110e+00
6.0980e+01 1.2889e+04 1.2866e-03 7.1266e-01 1.2889e+04 1.6584e+01 1.7923e+00
6.1373e+01 1.2885e+04 1.2685e-03 7.0501e-01 1.2885e+04 1.6344e+01 1.7729e+00
6.1765e+01 1.2880e+04 1.2497e-03 6.9705e-01 1.2880e+04 1.6096e+01 1.7527e+00
6.2157e+01 1.2875e+04 1.2302e-03 6.8878e-01 1.2875e+04 1.5838e+01 1.7317e+00
6.2549e+01 1.2869e+04 1.2100e-03 6.8020e-01 1.2869e+04 1.5572e+01 1.7099e+00
6.2941e+01 1.2863e+04 1.1892e-03 6.7131e-01 1.2863e+04 1.5297e+01 1.6874e+00
6.3333e+01 1.2857e+04 1.1676e-03 6.6210e-01 1.2857e+04 1.5012e+01 1.6640e+00
6.3725e+01 1.2851e+04 1.1454e-03 6.5256e-01 1.2851e+04 1.4719e+01 1.6398e+00
6.4118e+01 1.2844e+04 1.1225e-03 6.4268e-01 1.2844e+04 1.4417e+01 1.6148e+00
6.4510e+01 1.2837e+04 1.0988e-03 6.3245e-01 1.2837e+04 1.4106e+01 1.5889e+00
6.4902e+01 1.2829e+04 1.0745e-03 6.2187e-01 1.2829e+04 1.3785e+01 1.5621e+00
6.5294e+01 1.2822e+04 1.0494e-03 6.1091e-01 1.2822e+04 1.3455e+01 1.5343e+00
6.5686e+01 1.2814e+04 1.0236e-03 5.9957e-01 1.2814e+04 1.3116e+01 1.5056e+00
6.6078e+01 1.2805e+04 9.9694e-04 5.8783e-01 1.2805e+04 1.2766e+01 1.4759e+00
6.6471e+01 1.2797e+04 9.6953e-04 5.7568e-01 1.2797e+04 1.2407e+01 1.4452e+00
6.6863e+01 1.2788e+04 9.4131e-04 5.6308e-01 1.2788e+04 1.2037e+01 1.4134e+00
6.7255e+01 1.2779e+04 9.1224e-04 5.5004e-01 1.2779e+04 1.1657e+01 1.3804e+00
6.7647e+01 1.2770e+04 8.8231e-04 5.3651e-01 1.2770e+04 1.1267e+01 1.3463e+00
6.8039e+01 1.2760e+04 8.5149e-04 5.2249e-01 1.2760e+04 1.0865e+01 1.3109e+00
6.8431e+01 1.2750e+04 8.1975e-04 5.0796e-01 1.2750e+04 1.0452e+01 1.2742e+00
6.8824e+01 1.2739e+04 7.8706e-04 4.9288e-01 1.2739e+04 1.0027e+01 1.2361e+00
6.9216e+01 1.2729e+04 7.5340e-04 4.7723e-01 1.2729e+04 9.5899e+00 1.1967e+00
6.9608e+01 1.2718e+04 7.1875e-04 4.6100e-01 1.2718e+04 9.1409e+00 1.1558e+00
7.0000e+01 1.2707e+04 6.8306e-04 4.4415e-01 1.2707e+04 8.6795e+00 1.1133e+00
7.0392e+01 1.2695e+04 6.4633e-04 4.2666e-01 1.2695e+04 8.2052e+00 1.0693e+00
7.0784e+01 1.2683e+04 6.0851e-04 4.0851e-01 1.2683e+04 7.7179e+00 1.0236e+00
7.1176e+01 1.2671e+04 5.6958e-04 3.8966e-01 1.2671e+04 7.2173e+00 9.7621e-01
7.1569e+01 1.2659e+04 5.2952e-04 3.7010e-01 1.2659e+04 6.7030e+00 9.2703e-01
7.1961e+01 1.2646e+04 4.8828e-04 3.4979e-01 1.2646e+04 6.1748e+00 8.7599e-01
7.2353e+01 1.2633e+04 4.4585e-04 3.2871e-01 1.2633e+04 5.6324e+00 8.2303e-01
7.2745e+01 1.2620e+04 4.0218e-04 3.0682e-01 1.2620e+04 5.0753e+00 7.6807e-01
7.3137e+01 1.2606e+04 3.5724e-04 2.8409e-01 1.2606e+04 4.5033e+00 7.1102e-01
7.3529e+01 1.2592e+04 3.1101e-04 2.6049e-01 1.2592e+04 3.9162e+00 6.5182e-01
7.3922e+01 1.2578e+04 2.6356e-04 2.3603e-01 1.2578e+04 3.3150e+00 5.9052e-01
7.4314e+01 1.2563e+04 2.1522e-04 2.1088e-01 1.2563e+04 2.7039e+00 5.2749e-01
7.4706e+01 1.2549e+04 1.6695e-04 1.8554e-01 1.2549e+04 2.0951e+00 4.6403e-01
7.5098e+01 1.2535e+04 1.2081e-04 1.6119e-01 1.2535e+04 1.5144e+00 4.0307e-01
7.5490e+01 1.2524e+04 7.9970e-05 1.3973e-01 1.2524e+04 1.0015e+00 3.4935e-01
7.5882e+01 1.2514e+04 4.7706e-05 1.2307e-01 1.2514e+04 5.9700e-01 3.0768e-01
7.6275e+01 1.2508e+04 2.5553e-05 1.1199e-01 1.2508e+04 3.1962e-01 2.7998e-01
7.6667e+01 1.2504e+04 1.2432e-05 1.0568e-01 1.2504e+04 1.5545e-01 2.6421e-01
7.7059e+01 1.2502e+04 5.6227e-06 1.0253e-01 1.2502e+04 7.0294e-02 2.5632e-01
7.7451e+01 1.2501e+04 2.4261e-06 1.0108e-01 1.2501e+04 3.0328e-02 2.5270e-01
7.7843e+01 1.2500e+04 1.0192e-06 1.0045e-01 1.2500e+04 1.2741e-02 2.5113e-01
7.8235e+01 1.2500e+04 4.2212e-07 1.0019e-01 1.2500e+04 5.2765e-03 2.5047e-01
7.8627e+01 1.2500e+04 1.7345e-07 1.0008e-01 1.2500e+04 2.1681e-03 2.5019e-01
7.9020e+01 1.2500e+04 7.0917e-08 1.0003e-01 1.2500e+04 8.8646e-04 2.5008e-01
7.9412e+01 1.2500e+04 2.8888e-08 1.0001e-01 1.2500e+04 3.6110e-04 2.5003e-01
7.9804e+01 1.2500e+04 1.1730e-08 1.0001e-01 1.2500e+04 1.4662e-04 2.5001e-01
8.0196e+01 1.2500e+04 4.7486e-09 1.0000e-01 1.2500e+04 5.9358e-05 2.5001e-01
8.0588e+01 1.2500e+04 1.9168e-09 1.0000e-01 1.2500e+04 2.3960e-05 2.5000e-01
8.0980e+01 1.2500e+04 7.7147e-10 1.0000e-01 1.2500e+04 9.6434e-06 2.5000e-01
8.1373e+01 1.2500e+04 3.0960e-10 1.0000e-01 1.2500e+04 3.8700e-06 2.5000e-01
8.1765e+01 1.2500e+04 1.2388e-10 1.0000e-01 1.2500e+04 1.5485e-06 2.5000e-01
8.2157e+01 1.2500e+04 4.9425e-11 1.0000e-01 1.2500e+04 6.1782e-07 2.5000e-01
8.2549e+01 1.2500e+04 1.9661e-11 1.0000e-01 1.2500e+04 2.4576e-07 2.5000e-01
8.2941e+01 1.2500e+04 7.7977e-12 1.0000e-01 1.2500e+04 9.7472e-08 2.5000e-01
8.3333e+01 1.2500e+04 3.0834e-12 1.0000e-01 1.2500e+04 3.8543e-08 2.5000e-01
8.3725e+01 1.2500e+04 1.2156e-12 1.0000e-01 1.2500e+04 1.5195e-08 2.5000e-01
8.4118e+01 1.2500e+04 4.7779e-13 1.0000e-01 1.2500e+04 5.9724e-09 2.5000e-01
8.4510e+01 1.2500e+04 1.8722e-13 1.0000e-01 1.2500e+04 2.3403e-09 2.5000e-01
8.4902e+01 1.2500e+04 7.3137e-14 1.0000e-01 1.2500e+04 9.1421e-10 2.5000e-01
8.5294e+01 1.2500e+04 2.8482e-14 1.0000e-01 1.2500e+04 3.5602e-10 2.5000e-01
8.5686e+01 1.2500e+04 1.1056e-14 1.0000e-01 1.2500e+04 1.3820e-10 2.5000e-01
8.6078e+01 1.2500e+04 4.2772e-15 1.0000e-01 1.2500e+04 5.3465e-11 2.5000e-01
8.6471e+01 1.2500e+04 1.6481e-15 1.0000e-01 1.2500e+04 2.0602e-11 2.5000e-01
8.6863e+01 1.2500e+04 6.3171e-16 1.0000e-01 1.2500e+04 7.8964e-12 2.5000e-01
8.7255e+01 1.2500e+04 2.4006e-16 1.0000e-01 1.2500e+04 3.0007e-12 2.5000e-01
8.7647e+01 1.2500e+04 8.9889e-17 1.0000e-01 1.2500e+04 1.1236e-12 2.5000e-01
8.8039e+01 1.2500e+04 3.2526e-17 1.0000e-01 1.2500e+04 4.0658e-13 2.5000e-01
8.8431e+01 1.2500e+04 1.0848e-17 1.0000e-01 1.2500e+04 1.3559e-13 2.5000e-01
8.8824e+01 1.2500e+04 2.7795e-18 1.0000e-01 1.2500e+04 3.4744e-14 2.5000e-01
8.9216e+01 1.2500e+04 2.1375e-19 1.0000e-01 1.2500e+04 2.6718e-15 2.5000e-01
8.9608e+01 1.2500e+04 0.0000e+00 1.0000e-01 1.2500e+04 0.0000e+00 2.5000e-01
9.0000e+01 1.2500e+04 0.0000e+00 1.0000e-01 1.2500e+04 0.0000e+00 2.5000e-01
9.0392e+01 1.2500e+04 0.0000e+00 1.0000e-01 1.2500e+04 0.0000e+00 2.5000e-01
9.0784e+01 1.2500e+04 0.0000e+00 1.0000e-01 1.2500e+04 0.0000e+00 2.5000e-01
9.1176e+01 1.2500e+04 0.0000e+00 1.0000e-01 1.2500e+04 0.0000e+00 2.5000e-01
9.1569e+01 1.2500e+04 0.0000e+00 1.0000e-01 1.2500e+04 0.0000e+00 2.5000e-01
9.1961e+01 1.2500e+04 0.0000e+00 1.0000e-01 1.2500e+04 0.0000e+00 2.5000e-01
9.2353e+01 1.2500e+04 0.0000e+00 1.0000e-01 1.2500e+04 0.0000e+00 2.5000e-01
9.2745e+01 1.2500e+04 0.0000e+00 1.0000e-01 1.2500e+04 0.0000e+00 2.5000e-01
9.3137e+01 1.2500e+04 0.0000e+00 1.0000e-01 1.2500e+04 0.0000e+00 2.5000e-01
9.3529e+01 1.2500e+04 0.0000e+00 1.0000e-01 1.2500e+04 0.0000e+00 2.5000e-01
9.3922e+01 1.2500e+04 0.0000e+00 1.0000e-01 1.2500e+04 0.0000e+00 2.5000e-01
9.4314e+01 1.2500e+04 0.0000e+00 1.0000e-01 1.2500e+04 0.0000e+00 2.5000e-01
9.4706e+01 1.2500e+04 0.0000e+00 1.0000e-01 1.2500e+04 0.0000e+00 2.5000e-01
9.5098e+01 1.2500e+04 0.0000e+00 1.0000e-01 1.2500e+04 0.0000e+00 2.5000e-01
9.5490e+01 1.2500e+04 0.0000e+00 1.0000e-01 1.2500e+04 0.0000e+00 2.5000e-01
9.5882e+01 1.2500e+04 0.0000e+00 1.0000e-01 1.2500e+04 0.0000e+00 2.5000e-01
9.6275e+01 1.2500e+04 0.0000e+00 1.0000e-01 1.2500e+04 0.0000e+00 2.5000e-01
9.6667e+01 1.2500e+04 0.0000e+00 1.0000e-01 1.2500e+04 0.0000e+00 2.5000e-01
9.7059e+01 1.2500e+04 0.0000e+00 1.0000e-01 1.2500e+04 0.0000e+00 2.5000e-01
9.7451e+01 1.2500e+04 0.0000e+00 1.0000e-01 1.2500e+04 0.0000e+00 2.5000e-01
9.7843e+01 1.2500e+04 0.0000e+00 1.0000e-01 1.2500e+04 0.0000e+00 2.5000e-01
9.8235e+01 1.2500e+04 0.0000e+00 1.0000e-01 1.2500e+04 0.0000e+00 2.5000e-01
9.8627e+01 1.2500e+04 0.0000e+00 1.0000e-01 1.2500e+04 0.0000e+00 2.5000e-01
9.9020e+01 1.2500e+04 0.0000e+00 1.0000e-01 1.2500e+04 0.0000e+00 2.5000e-01
9.9412e+01 1.2500e+04 0.0000e+00 1.0000e-01 1.2500e+04 0.0000e+00 2.5000e-01
9.9804e+01 1.2500e+04 0.0000e+00 1.0000e-01 1.2500e+04 0.0000e+00 2.5000e-01
