# # x Density Velocity Pressure q0 q1 q2
1.9608e-01 1.0000e+05 0.0000e+00 1.0000e+00 1.0000e+05 0.0000e+00 2.5000e+00
5.8824e-01 1.0000e+05 0.0000e+00 1.0000e+00 1.0000e+05 0.0000e+00 2.5000e+00
9.8039e-01 1.0000e+05 0.0000e+00 1.0000e+00 1.0000e+05 0.0000e+00 2.5000e+00
1.3725e+00 1.0000e+05 0.0000e+00 1.0000e+00 1.0000e+05 0.0000e+00 2.5000e+00
1.7647e+00 1.0000e+05 0.0000e+00 1.0000e+00 1.0000e+05 0.0000e+00 2.5000e+00
2.1569e+00 1.0000e+05 0.0000e+00 1.0000e+00 1.0000e+05 0.0000e+00 2.5000e+00
2.5490e+00 1.0000e+05 0.0000e+00 1.0000e+00 1.0000e+05 0.0000e+00 2.5000e+00
2.9412e+00 1.0000e+05 0.0000e+00 1.0000e+00 1.0000e+05 0.0000e+00 2.5000e+00
3.3333e+00 1.0000e+05 0.0000e+00 1.0000e+00 1.0000e+05 0.0000e+00 2.5000e+00
3.7255e+00 1.0000e+05 0.0000e+00 1.0000e+00 1.0000e+05 0.0000e+00 2.5000e+00
4.1176e+00 1.0000e+05 0.0000e+00 1.0000e+00 1.0000e+05 0.0000e+00 2.5000e+00
4.5098e+00 1.0000e+05 0.0000e+00 1.0000e+00 1.0000e+05 0.0000e+00 2.5000e+00
4.9020e+00 1.0000e+05 0.0000e+00 1.0000e+00 1.0000e+05 0.0000e+00 2.5000e+00
5.2941e+00 1.0000e+05 0.0000e+00 1.0000e+00 1.0000e+05 0.0000e+00 2.5000e+00
5.6863e+00 1.0000e+05 0.0000e+00 1.0000e+00 1.0000e+05 0.0000e+00 2.5000e+00
6.0784e+00 1.0000e+05 0.0000e+00 1.0000e+00 1.0000e+05 0.0000e+00 2.5000e+00
6.4706e+00 1.0000e+05 0.0000e+00 1.0000e+00 1.0000e+05 0.0000e+00 2.5000e+00
6.8627e+00 1.0000e+05 0.0000e+00 1.0000e+00 1.0000e+05 0.0000e+00 2.5000e+00
7.2549e+00 1.0000e+05 0.0000e+00 1.0000e+00 1.0000e+05 0.0000e+00 2.5000e+00
7.6471e+00 1.0000e+05 0.0000e+00 1.0000e+00 1.0000e+05 0.0000e+00 2.5000e+00
8.0392e+00 1.0000e+05 0.0000e+00 1.0000e+00 1.0000e+05 0.0000e+00 2.5000e+00
8.4314e+00 1.0000e+05 0.0000e+00 1.0000e+00 1.0000e+05 0.0000e+00 2.5000e+00
8.8235e+00 1.0000e+05 0.0000e+00 1.0000e+00 1.0000e+05 0.0000e+00 2.5000e+00
9.2157e+00 1.0000e+05 0.0000e+00 1.0000e+00 1.0000e+05 0.0000e+00 2.5000e+00
9.6078e+00 1.0000e+05 0.0000e+00 1.0000e+00 1.0000e+05 0.0000e+00 2.5000e+00
1.0000e+01 1.0000e+05 0.0000e+00 1.0000e+00 1.0000e+05 0.0000e+00 2.5000e+00
1.0392e+01 1.0000e+05 0.0000e+00 1.0000e+00 1.0000e+05 0.0000e+00 2.5000e+00
1.0784e+01 1.0000e+05 0.0000e+00 1.0000e+00 1.0000e+05 0.0000e+00 2.5000e+00
1.1176e+01 1.0000e+05 0.0000e+00 1.0000e+00 1.0000e+05 0.0000e+00 2.5000e+00
1.1569e+01 1.0000e+05 0.0000e+00 1.0000e+00 1.0000e+05 0.0000e+00 2.5000e+00
1.1961e+01 1.0000e+05 0.0000e+00 1.0000e+00 1.0000e+05 0.0000e+00 2.5000e+00
1.2353e+01 1.0000e+05 0.0000e+00 1.0000e+00 1.0000e+05 0.0000e+00 2.5000e+00
1.2745e+01 1.0000e+05 0.0000e+00 1.0000e+00 1.0000e+05 0.0000e+00 2.5000e+00
1.3137e+01 1.0000e+05 2.6244e-19 1.0000e+00 1.0000e+05 2.6244e-14 2.5000e+00
1.3529e+01 1.0000e+05 1.5868e-18 1.0000e+00 1.0000e+05 1.5868e-13 2.5000e+00
1.3922e+01 1.0000e+05 4.5207e-18 1.0000e+00 1.0000e+05 4.5207e-13 2.5000e+00
1.4314e+01 1.0000e+05 9.0761e-18 1.0000e+00 1.0000e+05 9.0761e-13 2.5000e+00
1.4706e+01 1.0000e+05 1.6009e-17 1.0000e+00 1.0000e+05 1.6009e-12 2.5000e+00
1.5098e+01 1.0000e+05 2.7410e-17 1.0000e+00 1.0000e+05 2.7410e-12 2.5000e+00
1.5490e+01 1.0000e+05 4.7017e-17 1.0000e+00 1.0000e+05 4.7017e-12 2.5000e+00
1.5882e+01 1.0000e+05 8.2729e-17 1.0000e+00 1.0000e+05 8.2729e-12 2.5000e+00
1.6275e+01 1.0000e+05 1.4828e-16 1.0000e+00 1.0000e+05 1.4828e-11 2.5000e+00
1.6667e+01 1.0000e+05 2.6855e-16 1.0000e+00 1.0000e+05 2.6855e-11 2.5000e+00
1.7059e+01 1.0000e+05 4.8817e-16 1.0000e+00 1.0000e+05 4.8817e-11 2.5000e+00
1.7451e+01 1.0000e+05 8.8731e-16 1.0000e+00 1.0000e+05 8.8731e-11 2.5000e+00
1.7843e+01 1.0000e+05 1.6080e-15 1.0000e+00 1.0000e+05 1.6080e-10 2.5000e+00
1.8235e+01 1.0000e+05 2.9005e-15 1.0000e+00 1.0000e+05 2.9005e-10 2.5000e+00
1.8627e+01 1.0000e+05 5.2032e-15 1.0000e+00 1.0000e+05 5.2032e-10 2.5000e+00
1.9020e+01 1.0000e+05 9.2763e-15 1.0000e+00 1.0000e+05 9.2763e-10 2.5000e+00
1.9412e+01 1.0000e+05 1.6433e-14 1.0000e+00 1.0000e+05 1.6433e-09 2.5000e+00
1.9804e+01 1.0000e+05 2.8924e-14 1.0000e+00 1.0000e+05 2.8924e-09 2.5000e+00
2.0196e+01 1.0000e+05 5.0575e-14 1.0000e+00 1.0000e+05 5.0575e-09 2.5000e+00
2.0588e+01 1.0000e+05 8.7849e-14 1.0000e+00 1.0000e+05 8.7849e-09 2.5000e+00
2.0980e+01 1.0000e+05 1.5158e-13 1.0000e+00 1.0000e+05 1.5158e-08 2.5000e+00
2.1373e+01 1.0000e+05 2.5980e-13 1.0000e+00 1.0000e+05 2.5980e-08 2.5000e+00
2.1765e+01 1.0000e+05 4.4231e-13 1.0000e+00 1.0000e+05 4.4231e-08 2.5000e+00
2.2157e+01 1.0000e+05 7.4797e-13 1.0000e+00 1.0000e+05 7.4797e-08 2.5000e+00
2.2549e+01 1.0000e+05 1.2563e-12 1.0000e+00 1.0000e+05 1.2563e-07 2.5000e+00
2.2941e+01 1.0000e+05 2.0960e-12 1.0000e+00 1.0000e+05 2.0960e-07 2.5000e+00
2.3333e+01 1.0000e+05 3.4730e-12 1.0000e+00 1.0000e+05 3.4730e-07 2.5000e+00
2.3725e+01 1.0000e+05 5.7158e-12 1.0000e+00 1.0000e+05 5.7158e-07 2.5000e+00
2.4118e+01 1.0000e+05 9.3429e-12 1.0000e+00 1.0000e+05 9.3429e-07 2.5000e+00
2.4510e+01 1.0000e+05 1.5167e-11 1.0000e+00 1.0000e+05 1.5167e-06 2.5000e+00
2.4902e+01 1.0000e+05 2.4455e-11 1.0000e+00 1.0000e+05 2.4455e-06 2.5000e+00
2.5294e+01 1.0000e+05 3.9159e-11 1.0000e+00 1.0000e+05 3.9159e-06 2.5000e+00
2.5686e+01 1.0000e+05 6.2273e-11 1.0000e+00 1.0000e+05 6.2273e-06 2.5000e+00
2.6078e+01 1.0000e+05 9.8348e-11 1.0000e+00 1.0000e+05 9.8348e-06 2.5000e+00
2.6471e+01 1.0000e+05 1.5425e-10 1.0000e+00 1.0000e+05 1.5425e-05 2.5000e+00
2.6863e+01 1.0000e+05 2.4026e-10 1.0000e+00 1.0000e+05 2.4026e-05 2.5000e+00
2.7255e+01 1.0000e+05 3.7163e-10 1.0000e+00 1.0000e+05 3.7163e-05 2.5000e+00
2.7647e+01 1.0000e+05 5.7084e-10 1.0000e+00 1.0000e+05 5.7084e-05 2.5000e+00
2.8039e+01 1.0000e+05 8.7074e-10 1.0000e+00 1.0000e+05 8.7074e-05 2.5000e+00
2.8431e+01 1.0000e+05 1.3189e-09 1.0000e+00 1.0000e+05 1.3189e-04 2.5000e+00
2.8824e+01 1.0000e+05 1.9839e-09 9.9999e-01 1.0000e+05 1.9839e-04 2.5000e+00
2.9216e+01 1.0000e+05 2.9632e-09 9.9999e-01 1.0000e+05 2.9632e-04 2.5000e+00
2.9608e+01 1.0000e+05 4.3950e-09 9.9999e-01 1.0000e+05 4.3950e-04 2.5000e+00
3.0000e+01 1.0000e+05 6.4729e-09 9.9998e-01 1.0000e+05 6.4729e-04 2.5000e+00
3.0392e+01 1.0000e+05 9.4661e-09 9.9998e-01 1.0000e+05 9.4661e-04 2.4999e+00
3.0784e+01 1.0000e+05 1.3746e-08 9.9997e-01 1.0000e+05 1.3746e-03 2.4999e+00
3.1176e+01 1.0000e+05 1.9821e-08 9.9995e-01 1.0000e+05 1.9821e-03 2.4999e+00
3.1569e+01 1.0000e+05 2.8378e-08 9.9994e-01 1.0000e+05 2.8378e-03 2.4998e+00
3.1961e+01 1.0000e+05 4.0344e-08 9.9991e-01 1.0000e+05 4.0344e-03 2.4998e+00
3.2353e+01 1.0000e+05 5.6949e-08 9.9988e-01 1.0000e+05 5.6949e-03 2.4997e+00
3.2745e+01 1.0000e+05 7.9821e-08 9.9983e-01 1.0000e+05 7.9821e-03 2.4996e+00
3.3137e+01 9.9999e+04 1.1109e-07 9.9977e-01 9.9999e+04 1.1109e-02 2.4994e+00
3.3529e+01 9.9999e+04 1.5351e-07 9.9968e-01 9.9999e+04 1.5351e-02 2.4992e+00
3.3922e+01 9.9999e+04 2.1064e-07 9.9957e-01 9.9999e+04 2.1063e-02 2.4989e+00
3.4314e+01 9.9999e+04 2.8697e-07 9.9943e-01 9.9999e+04 2.8697e-02 2.4986e+00
3.4706e+01 9.9998e+04 3.8822e-07 9.9924e-01 9.9998e+04 3.8821e-02 2.4981e+00
3.5098e+01 9.9997e+04 5.2148e-07 9.9900e-01 9.9997e+04 5.2147e-02 2.4975e+00
3.5490e+01 9.9996e+04 6.9555e-07 9.9869e-01 9.9996e+04 6.9553e-02 2.4967e+00
3.5882e+01 9.9995e+04 9.2121e-07 9.9831e-01 9.9995e+04 9.2117e-02 2.4958e+00
3.6275e+01 9.9993e+04 1.2115e-06 9.9782e-01 9.9993e+04 1.2115e-01 2.4945e+00
3.6667e+01 9.9991e+04 1.5822e-06 9.9721e-01 9.9991e+04 1.5821e-01 2.4930e+00
3.7059e+01 9.9988e+04 2.0519e-06 9.9646e-01 9.9988e+04 2.0517e-01 2.4912e+00
3.7451e+01 9.9985e+04 2.6426e-06 9.9554e-01 9.9985e+04 2.6422e-01 2.4889e+00
3.7843e+01 9.9980e+04 3.3799e-06 9.9443e-01 9.9980e+04 3.3792e-01 2.4861e+00
3.8235e+01 9.9974e+04 4.2932e-06 9.9308e-01 9.9974e+04 4.2920e-01 2.4827e+00
3.8627e+01 9.9967e+04 5.4161e-06 9.9147e-01 9.9967e+04 5.4143e-01 2.4787e+00
3.9020e+01 9.9957e+04 6.7864e-06 9.8956e-01 9.9957e+04 6.7835e-01 2.4739e+00
3.9412e+01 9.9946e+04 8.4465e-06 9.8731e-01 9.9946e+04 8.4419e-01 2.4683e+00
3.9804e+01 9.9932e+04 1.0443e-05 9.8469e-01 9.9932e+04 1.0436e+00 2.4617e+00
4.0196e+01 9.9914e+04 1.2826e-05 9.8166e-01 9.9914e+04 1.2815e+00 2.4542e+00
4.0588e+01 9.9893e+04 1.5650e-05 9.7817e-01 9.9893e+04 1.5633e+00 2.4454e+00
4.0980e+01 9.9867e+04 1.8974e-05 9.7420e-01 9.9867e+04 1.8949e+00 2.4355e+00
4.1373e+01 9.9837e+04 2.2857e-05 9.6971e-01 9.9837e+04 2.2820e+00 2.4243e+00
4.1765e+01 9.9800e+04 2.7363e-05 9.6468e-01 9.9800e+04 2.7309e+00 2.4117e+00
4.2157e+01 9.9757e+04 3.2556e-05 9.5907e-01 9.9757e+04 3.2477e+00 2.3977e+00
4.2549e+01 9.9706e+04 3.8500e-05 9.5288e-01 9.9706e+04 3.8387e+00 2.3823e+00
4.2941e+01 9.9647e+04 4.5258e-05 9.4609e-01 9.9647e+04 4.5098e+00 2.3653e+00
4.3333e+01 9.9578e+04 5.2890e-05 9.3871e-01 9.9578e+04 5.2667e+00 2.3469e+00
4.3725e+01 9.9498e+04 6.1455e-05 9.3074e-01 9.9498e+04 6.1147e+00 2.3270e+00
4.4118e+01 9.9407e+04 7.1006e-05 9.2219e-01 9.9407e+04 7.0585e+00 2.3057e+00
4.4510e+01 9.9302e+04 8.1588e-05 9.1310e-01 9.9302e+04 8.1019e+00 2.2831e+00
4.4902e+01 9.9184e+04 9.3241e-05 9.0349e-01 9.9184e+04 9.2480e+00 2.2592e+00
4.5294e+01 9.9051e+04 1.0600e-04 8.9343e-01 9.9051e+04 1.0500e+01 2.2341e+00
4.5686e+01 9.8900e+04 1.1985e-04 8.8294e-01 9.8900e+04 1.1853e+01 2.2081e+00
4.6078e+01 9.8737e+04 1.3500e-04 8.7217e-01 9.8737e+04 1.3330e+01 2.1813e+00
4.6471e+01 9.8534e+04 1.5053e-04 8.6085e-01 9.8534e+04 1.4832e+01 2.1532e+00
4.6863e+01 9.8393e+04 1.7007e-04 8.5033e-01 9.8393e+04 1.6733e+01 2.1272e+00
4.7255e+01 9.7961e+04 1.8109e-04 8.3638e-01 9.7961e+04 1.7740e+01 2.0926e+00
4.7647e+01 9.8280e+04 2.2028e-04 8.3158e-01 9.8280e+04 2.1649e+01 2.0813e+00
4.8039e+01 9.6754e+04 1.9650e-04 8.0529e-01 9.6754e+04 1.9012e+01 2.0151e+00
4.8431e+01 9.8638e+04 2.9287e-04 8.1888e-01 9.8638e+04 2.8888e+01 2.0514e+00
4.8824e+01 9.5698e+04 2.2297e-04 7.7724e-01 9.5698e+04 2.1338e+01 1.9455e+00
4.9216e+01 9.6039e+04 3.1604e-04 7.8885e-01 9.6039e+04 3.0352e+01 1.9769e+00
4.9608e+01 1.1156e+05 3.1473e-04 7.6932e-01 1.1156e+05 3.5111e+01 1.9288e+00
5.0000e+01 2.2131e+04 3.4911e-04 7.6831e-01 2.2131e+04 7.7259e+00 1.9221e+00
5.0392e+01 1.0636e+04 3.6629e-04 7.5931e-01 1.0636e+04 3.8960e+00 1.8990e+00
5.0784e+01 1.0034e+04 5.2372e-04 7.6064e-01 1.0034e+04 5.2548e+00 1.9030e+00
5.1176e+01 1.0776e+04 7.2874e-04 7.6842e-01 1.0776e+04 7.8529e+00 1.9239e+00
5.1569e+01 1.1169e+04 8.3421e-04 7.6873e-01 1.1169e+04 9.3174e+00 1.9257e+00
5.1961e+01 1.1501e+04 8.0758e-04 7.5652e-01 1.1501e+04 9.2883e+00 1.8950e+00
5.2353e+01 1.1631e+04 8.1804e-04 7.4987e-01 1.1631e+04 9.5145e+00 1.8786e+00
5.2745e+01 1.1967e+04 9.4326e-04 7.5724e-01 1.1967e+04 1.1288e+01 1.8984e+00
5.3137e+01 1.2270e+04 1.1459e-03 7.7486e-01 1.2270e+04 1.4060e+01 1.9452e+00
5.3529e+01 1.2599e+04 1.3240e-03 7.9090e-01 1.2599e+04 1.6681e+01 1.9883e+00
5.3922e+01 1.2767e+04 1.4350e-03 8.0004e-01 1.2767e+04 1.8320e+01 2.0132e+00
5.4314e+01 1.2873e+04 1.4778e-03 8.0157e-01 1.2873e+04 1.9023e+01 2.0180e+00
5.4706e+01 1.2892e+04 1.4862e-03 7.9940e-01 1.2892e+04 1.9159e+01 2.0127e+00
5.5098e+01 1.2909e+04 1.4809e-03 7.9588e-01 1.2909e+04 1.9117e+01 2.0039e+00
5.5490e+01 1.2907e+04 1.4746e-03 7.9226e-01 1.2907e+04 1.9032e+01 1.9947e+00
5.5882e+01 1.2914e+04 1.4664e-03 7.8831e-01 1.2914e+04 1.8937e+01 1.9847e+00
5.6275e+01 1.2913e+04 1.4583e-03 7.8424e-01 1.2913e+04 1.8830e+01 1.9743e+00
5.6667e+01 1.2916e+04 1.4489e-03 7.7990e-01 1.2916e+04 1.8714e+01 1.9633e+00
5.7059e+01 1.2915e+04 1.4391e-03 7.7539e-01 1.2915e+04 1.8587e+01 1.9518e+00
5.7451e+01 1.2916e+04 1.4284e-03 7.7062e-01 1.2916e+04 1.8450e+01 1.9397e+00
5.7843e+01 1.2915e+04 1.4172e-03 7.6564e-01 1.2915e+04 1.8303e+01 1.9271e+00
5.8235e+01 1.2915e+04 1.4051e-03 7.6041e-01 1.2915e+04 1.8146e+01 1.9138e+00
5.8627e+01 1.2913e+04 1.3924e-03 7.5494e-01 1.2913e+04 1.7980e+01 1.8999e+00
5.9020e+01 1.2911e+04 1.3790e-03 7.4922e-01 1.2911e+04 1.7805e+01 1.8853e+00
5.9412e+01 1.2909e+04 1.3649e-03 7.4324e-01 1.2909e+04 1.7620e+01 1.8701e+00
5.9804e+01 1.2906e+04 1.3501e-03 7.3699e-01 1.2906e+04 1.7425e+01 1.8542e+00
6.0196e+01 1.2903e+04 1.3347e-03 7.3048e-01 1.2903e+04 1.7221e+01 1.8377e+00
6.0588e+01 1.2899e+04 1.3185e-03 7.2368e-01 1.2899e+04 1.7008e+01 1.8204e+00
6.0980e+01 1.2895e+04 1.3017e-03 7.1660e-01 1.2895e+04 1.6786e+01 1.8024e+00
6.1373e+01 1.2891e+04 1.2842e-03 7.0924e-01 1.2891e+04 1.6554e+01 1.7837e+00
6.1765e+01 1.2886e+04 1.2660e-03 7.0158e-01 1.2886e+04 1.6314e+01 1.7643e+00
6.2157e+01 1.2881e+04 1.2471e-03 6.9362e-01 1.2881e+04 1.6064e+01 1.7441e+00
6.2549e+01 1.2876e+04 1.2276e-03 6.8536e-01 1.2876e+04 1.5806e+01 1.7231e+00
6.2941e+01 1.2870e+04 1.2074e-03 6.7680e-01 1.2870e+04 1.5539e+01 1.7014e+00
6.3333e+01 1.2864e+04 1.1865e-03 6.6792e-01 1.2864e+04 1.5263e+01 1.6789e+00
6.3725e+01 1.2858e+04 1.1649e-03 6.5872e-01 1.2858e+04 1.4978e+01 1.6555e+00
6.4118e+01 1.2852e+04 1.1427e-03 6.4920e-01 1.2852e+04 1.4685e+01 1.6314e+00
6.4510e+01 1.2845e+04 1.1197e-03 6.3935e-01 1.2845e+04 1.4382e+01 1.6064e+00
6.4902e+01 1.2838e+04 1.0961e-03 6.2916e-01 1.2838e+04 1.4071e+01 1.5806e+00
6.5294e+01 1.2830e+04 1.0717e-03 6.1861e-01 1.2830e+04 1.3750e+01 1.5539e+00
6.5686e+01 1.2822e+04 1.0467e-03 6.0769e-01 1.2822e+04 1.3421e+01 1.5263e+00
6.6078e+01 1.2814e+04 1.0209e-03 5.9640e-01 1.2814e+04 1.3082e+01 1.4977e+00
6.6471e+01 1.2806e+04 9.9428e-04 5.8471e-01 1.2806e+04 1.2733e+01 1.4681e+00
6.6863e+01 1.2798e+04 9.6693e-04 5.7261e-01 1.2798e+04 1.2374e+01 1.4375e+00
6.7255e+01 1.2789e+04 9.3877e-04 5.6009e-01 1.2789e+04 1.2006e+01 1.4058e+00
6.7647e+01 1.2779e+04 9.0979e-04 5.4711e-01 1.2779e+04 1.1627e+01 1.3731e+00
6.8039e+01 1.2770e+04 8.7996e-04 5.3368e-01 1.2770e+04 1.1237e+01 1.3391e+00
6.8431e+01 1.2760e+04 8.4926e-04 5.1975e-01 1.2760e+04 1.0837e+01 1.3040e+00
6.8824e+01 1.2750e+04 8.1765e-04 5.0532e-01 1.2750e+04 1.0425e+01 1.2676e+00
6.9216e+01 1.2740e+04 7.8512e-04 4.9036e-01 1.2740e+04 1.0002e+01 1.2298e+00
6.9608e+01 1.2729e+04 7.5164e-04 4.7484e-01 1.2729e+04 9.5679e+00 1.1907e+00
7.0000e+01 1.2718e+04 7.1719e-04 4.5875e-01 1.2718e+04 9.1215e+00 1.1502e+00
7.0392e+01 1.2707e+04 6.8172e-04 4.4207e-01 1.2707e+04 8.6628e+00 1.1081e+00
7.0784e+01 1.2696e+04 6.4523e-04 4.2476e-01 1.2696e+04 8.1916e+00 1.0645e+00
7.1176e+01 1.2684e+04 6.0768e-04 4.0680e-01 1.2684e+04 7.7077e+00 1.0193e+00
7.1569e+01 1.2672e+04 5.6904e-04 3.8817e-01 1.2672e+04 7.2108e+00 9.7247e-01
7.1961e+01 1.2659e+04 5.2930e-04 3.6884e-01 1.2659e+04 6.7006e+00 9.2387e-01
7.2353e+01 1.2647e+04 4.8841e-04 3.4878e-01 1.2647e+04 6.1767e+00 8.7346e-01
7.2745e+01 1.2634e+04 4.4635e-04 3.2797e-01 1.2634e+04 5.6390e+00 8.2119e-01
7.3137e+01 1.2620e+04 4.0308e-04 3.0638e-01 1.2620e+04 5.0870e+00 7.6696e-01
7.3529e+01 1.2607e+04 3.5857e-04 2.8396e-01 1.2607e+04 4.5204e+00 7.1072e-01
7.3922e+01 1.2593e+04 3.1281e-04 2.6071e-01 1.2593e+04 3.9391e+00 6.5239e-01
7.4314e+01 1.2579e+04 2.6584e-04 2.3662e-01 1.2579e+04 3.3439e+00 5.9200e-01
7.4706e+01 1.2564e+04 2.1797e-04 2.1184e-01 1.2564e+04 2.7387e+00 5.2989e-01
7.5098e+01 1.2550e+04 1.7007e-04 1.8682e-01 1.2550e+04 2.1344e+00 4.6722e-01
7.5490e+01 1.2537e+04 1.2405e-04 1.6265e-01 1.2537e+04 1.5552e+00 4.0671e-01
7.5882e+01 1.2525e+04 8.2963e-05 1.4113e-01 1.2525e+04 1.0391e+00 3.5286e-01
7.6275e+01 1.2515e+04 5.0089e-05 1.2419e-01 1.2515e+04 6.2687e-01 3.1049e-01
7.6667e+01 1.2508e+04 2.7167e-05 1.1274e-01 1.2508e+04 3.3981e-01 2.8184e-01
7.7059e+01 1.2504e+04 1.3369e-05 1.0610e-01 1.2504e+04 1.6716e-01 2.6526e-01
7.7451e+01 1.2502e+04 6.1031e-06 1.0274e-01 1.2502e+04 7.6301e-02 2.5684e-01
7.7843e+01 1.2501e+04 2.6524e-06 1.0118e-01 1.2501e+04 3.3158e-02 2.5294e-01
7.8235e+01 1.2500e+04 1.1206e-06 1.0050e-01 1.2500e+04 1.4008e-02 2.5124e-01
7.8627e+01 1.2500e+04 4.6633e-07 1.0021e-01 1.2500e+04 5.8292e-03 2.5052e-01
7.9020e+01 1.2500e+04 1.9245e-07 1.0009e-01 1.2500e+04 2.4057e-03 2.5021e-01
7.9412e+01 1.2500e+04 7.9017e-08 1.0004e-01 1.2500e+04 9.8772e-04 2.5009e-01
7.9804e+01 1.2500e+04 3.2322e-08 1.0001e-01 1.2500e+04 4.0402e-04 2.5004e-01
8.0196e+01 1.2500e+04 1.3179e-08 1.0001e-01 1.2500e+04 1.6474e-04 2.5001e-01
8.0588e+01 1.2500e+04 5.3577e-09 1.0000e-01 1.2500e+04 6.6972e-05 2.5001e-01
8.0980e+01 1.2500e+04 2.1719e-09 1.0000e-01 1.2500e+04 2.7148e-05 2.5000e-01
8.1373e+01 1.2500e+04 8.7791e-10 1.0000e-01 1.2500e+04 1.0974e-05 2.5000e-01
8.1765e+01 1.2500e+04 3.5385e-10 1.0000e-01 1.2500e+04 4.4232e-06 2.5000e-01
8.2157e+01 1.2500e+04 1.4222e-10 1.0000e-01 1.2500e+04 1.7777e-06 2.5000e-01
8.2549e+01 1.2500e+04 5.6995e-11 1.0000e-01 1.2500e+04 7.1243e-07 2.5000e-01
8.2941e+01 1.2500e+04 2.2775e-11 1.0000e-01 1.2500e+04 2.8469e-07 2.5000e-01
8.3333e+01 1.2500e+04 9.0743e-12 1.0000e-01 1.2500e+04 1.1343e-07 2.5000e-01
8.3725e+01 1.2500e+04 3.6049e-12 1.0000e-01 1.2500e+04 4.5062e-08 2.5000e-01
8.4118e+01 1.2500e+04 1.4279e-12 1.0000e-01 1.2500e+04 1.7849e-08 2.5000e-01
8.4510e+01 1.2500e+04 5.6392e-13 1.0000e-01 1.2500e+04 7.0490e-09 2.5000e-01
8.4902e+01 1.2500e+04 2.2204e-13 1.0000e-01 1.2500e+04 2.7755e-09 2.5000e-01
8.5294e+01 1.2500e+04 8.7166e-14 1.0000e-01 1.2500e+04 1.0896e-09 2.5000e-01
8.5686e+01 1.2500e+04 3.4114e-14 1.0000e-01 1.2500e+04 4.2642e-10 2.5000e-01
8.6078e+01 1.2500e+04 1.3309e-14 1.0000e-01 1.2500e+04 1.6636e-10 2.5000e-01
8.6471e+01 1.2500e+04 5.1754e-15 1.0000e-01 1.2500e+04 6.4692e-11 2.5000e-01
8.6863e+01 1.2500e+04 2.0049e-15 1.0000e-01 1.2500e+04 2.5061e-11 2.5000e-01
8.7255e+01 1.2500e+04 7.7290e-16 1.0000e-01 1.2500e+04 9.6612e-12 2.5000e-01
8.7647e+01 1.2500e+04 2.9591e-16 1.0000e-01 1.2500e+04 3.6989e-12 2.5000e-01
8.8039e+01 1.2500e+04 1.1172e-16 1.0000e-01 1.2500e+04 1.3966e-12 2.5000e-01
8.8431e+01 1.2500e+04 4.1028e-17 1.0000e-01 1.2500e+04 5.1285e-13 2.5000e-01
8.8824e+01 1.2500e+04 1.4099e-17 1.0000e-01 1.2500e+04 1.7623e-13 2.5000e-01
8.9216e+01 1.2500e+04 3.9547e-18 1.0000e-01 1.2500e+04 4.9434e-14 2.5000e-01
8.9608e+01 1.2500e+04 5.1695e-19 1.0000e-01 1.2500e+04 6.4619e-15 2.5000e-01
9.0000e+01 1.2500e+04 9.6256e-21 1.0000e-01 1.2500e+04 1.2032e-16 2.5000e-01
9.0392e+01 1.2500e+04 0.0000e+00 1.0000e-01 1.2500e+04 0.0000e+00 2.5000e-01
9.0784e+01 1.2500e+04 0.0000e+00 1.0000e-01 1.2500e+04 0.0000e+00 2.5000e-01
9.1176e+01 1.2500e+04 0.0000e+00 1.0000e-01 1.2500e+04 0.0000e+00 2.5000e-01
9.1569e+01 1.2500e+04 0.0000e+00 1.0000e-01 1.2500e+04 0.0000e+00 2.5000e-01
9.1961e+01 1.2500e+04 0.0000e+00 1.0000e-01 1.2500e+04 0.0000e+00 2.5000e-01
9.2353e+01 1.2500e+04 0.0000e+00 1.0000e-01 1.2500e+04 0.0000e+00 2.5000e-01
9.2745e+01 1.2500e+04 0.0000e+00 1.0000e-01 1.2500e+04 0.0000e+00 2.5000e-01
9.3137e+01 1.2500e+04 0.0000e+00 1.0000e-01 1.2500e+04 0.0000e+00 2.5000e-01
9.3529e+01 1.2500e+04 0.0000e+00 1.0000e-01 1.2500e+04 0.0000e+00 2.5000e-01
9.3922e+01 1.2500e+04 0.0000e+00 1.0000e-01 1.2500e+04 0.0000e+00 2.5000e-01
9.4314e+01 1.2500e+04 0.0000e+00 1.0000e-01 1.2500e+04 0.0000e+00 2.5000e-01
9.4706e+01 1.2500e+04 0.0000e+00 1.0000e-01 1.2500e+04 0.0000e+00 2.5000e-01
9.5098e+01 1.2500e+04 0.0000e+00 1.0000e-01 1.2500e+04 0.0000e+00 2.5000e-01
9.5490e+01 1.2500e+04 0.0000e+00 1.0000e-01 1.2500e+04 0.0000e+00 2.5000e-01
9.5882e+01 1.2500e+04 0.0000e+00 1.0000e-01 1.2500e+04 0.0000e+00 2.5000e-01
9.6275e+01 1.2500e+04 0.0000e+00 1.0000e-01 1.2500e+04 0.0000e+00 2.5000e-01
9.6667e+01 1.2500e+04 0.0000e+00 1.0000e-01 1.2500e+04 0.0000e+00 2.5000e-01
9.7059e+01 1.2500e+04 0.0000e+00 1.0000e-01 1.2500e+04 0.0000e+00 2.5000e-01
9.7451e+01 1.2500e+04 0.0000e+00 1.0000e-01 1.2500e+04 0.0000e+00 2.5000e-01
9.7843e+01 1.2500e+04 0.0000e+00 1.0000e-01 1.2500e+04 0.0000e+00 2.5000e-01
9.8235e+01 1.2500e+04 0.0000e+00 1.0000e-01 1.2500e+04 0.0000e+00 2.5000e-01
9.8627e+01 1.2500e+04 0.0000e+00 1.0000e-01 1.2500e+04 0.0000e+00 2.5000e-01
9.9020e+01 1.2500e+04 0.0000e+00 1.0000e-01 1.2500e+04 0.0000e+00 2.5000e-01
9.9412e+01 1.2500e+04 0.0000e+00 1.0000e-01 1.2500e+04 0.0000e+00 2.5000e-01
9.9804e+01 1.2500e+04 0.0000e+00 1.0000e-01 1.2500e+04 0.0000e+00 2.5000e-01
