# # x Density Velocity Pressure q0 q1 q2
1.9608e-01 1.0000e+05 0.0000e+00 1.0000e+00 1.0000e+05 0.0000e+00 2.5000e+00
5.8824e-01 1.0000e+05 0.0000e+00 1.0000e+00 1.0000e+05 0.0000e+00 2.5000e+00
9.8039e-01 1.0000e+05 0.0000e+00 1.0000e+00 1.0000e+05 0.0000e+00 2.5000e+00
1.3725e+00 1.0000e+05 0.0000e+00 1.0000e+00 1.0000e+05 0.0000e+00 2.5000e+00
1.7647e+00 1.0000e+05 0.0000e+00 1.0000e+00 1.0000e+05 0.0000e+00 2.5000e+00
2.1569e+00 1.0000e+05 0.0000e+00 1.0000e+00 1.0000e+05 0.0000e+00 2.5000e+00
2.5490e+00 1.0000e+05 0.0000e+00 1.0000e+00 1.0000e+05 0.0000e+00 2.5000e+00
2.9412e+00 1.0000e+05 0.0000e+00 1.0000e+00 1.0000e+05 0.0000e+00 2.5000e+00
3.3333e+00 1.0000e+05 0.0000e+00 1.0000e+00 1.0000e+05 0.0000e+00 2.5000e+00
3.7255e+00 1.0000e+05 0.0000e+00 1.0000e+00 1.0000e+05 0.0000e+00 2.5000e+00
4.1176e+00 1.0000e+05 0.0000e+00 1.0000e+00 1.0000e+05 0.0000e+00 2.5000e+00
4.5098e+00 1.0000e+05 0.0000e+00 1.0000e+00 1.0000e+05 0.0000e+00 2.5000e+00
4.9020e+00 1.0000e+05 0.0000e+00 1.0000e+00 1.0000e+05 0.0000e+00 2.5000e+00
5.2941e+00 1.0000e+05 0.0000e+00 1.0000e+00 1.0000e+05 0.0000e+00 2.5000e+00
5.6863e+00 1.0000e+05 0.0000e+00 1.0000e+00 1.0000e+05 0.0000e+00 2.5000e+00
6.0784e+00 1.0000e+05 0.0000e+00 1.0000e+00 1.0000e+05 0.0000e+00 2.5000e+00
6.4706e+00 1.0000e+05 0.0000e+00 1.0000e+00 1.0000e+05 0.0000e+00 2.5000e+00
6.8627e+00 1.0000e+05 0.0000e+00 1.0000e+00 1.0000e+05 0.0000e+00 2.5000e+00
7.2549e+00 1.0000e+05 0.0000e+00 1.0000e+00 1.0000e+05 0.0000e+00 2.5000e+00
7.6471e+00 1.0000e+05 0.0000e+00 1.0000e+00 1.0000e+05 0.0000e+00 2.5000e+00
8.0392e+00 1.0000e+05 0.0000e+00 1.0000e+00 1.0000e+05 0.0000e+00 2.5000e+00
8.4314e+00 1.0000e+05 0.0000e+00 1.0000e+00 1.0000e+05 0.0000e+00 2.5000e+00
8.8235e+00 1.0000e+05 0.0000e+00 1.0000e+00 1.0000e+05 0.0000e+00 2.5000e+00
9.2157e+00 1.0000e+05 0.0000e+00 1.0000e+00 1.0000e+05 0.0000e+00 2.5000e+00
9.6078e+00 1.0000e+05 0.0000e+00 1.0000e+00 1.0000e+05 0.0000e+00 2.5000e+00
1.0000e+01 1.0000e+05 0.0000e+00 1.0000e+00 1.0000e+05 0.0000e+00 2.5000e+00
1.0392e+01 1.0000e+05 0.0000e+00 1.0000e+00 1.0000e+05 0.0000e+00 2.5000e+00
1.0784e+01 1.0000e+05 0.0000e+00 1.0000e+00 1.0000e+05 0.0000e+00 2.5000e+00
1.1176e+01 1.0000e+05 0.0000e+00 1.0000e+00 1.0000e+05 0.0000e+00 2.5000e+00
1.1569e+01 1.0000e+05 0.0000e+00 1.0000e+00 1.0000e+05 0.0000e+00 2.5000e+00
1.1961e+01 1.0000e+05 0.0000e+00 1.0000e+00 1.0000e+05 0.0000e+00 2.5000e+00
1.2353e+01 1.0000e+05 2.0525e-19 1.0000e+00 1.0000e+05 2.0525e-14 2.5000e+00
1.2745e+01 1.0000e+05 1.3759e-18 1.0000e+00 1.0000e+05 1.3759e-13 2.5000e+00
1.3137e+01 1.0000e+05 4.1775e-18 1.0000e+00 1.0000e+05 4.1775e-13 2.5000e+00
1.3529e+01 1.0000e+05 8.6232e-18 1.0000e+00 1.0000e+05 8.6232e-13 2.5000e+00
1.3922e+01 1.0000e+05 1.5212e-17 1.0000e+00 1.0000e+05 1.5212e-12 2.5000e+00
1.4314e+01 1.0000e+05 2.5706e-17 1.0000e+00 1.0000e+05 2.5706e-12 2.5000e+00
1.4706e+01 1.0000e+05 4.3542e-17 1.0000e+00 1.0000e+05 4.3542e-12 2.5000e+00
1.5098e+01 1.0000e+05 7.5228e-17 1.0000e+00 1.0000e+05 7.5228e-12 2.5000e+00
1.5490e+01 1.0000e+05 1.3248e-16 1.0000e+00 1.0000e+05 1.3248e-11 2.5000e+00
1.5882e+01 1.0000e+05 2.3655e-16 1.0000e+00 1.0000e+05 2.3655e-11 2.5000e+00
1.6275e+01 1.0000e+05 4.2472e-16 1.0000e+00 1.0000e+05 4.2472e-11 2.5000e+00
1.6667e+01 1.0000e+05 7.6330e-16 1.0000e+00 1.0000e+05 7.6330e-11 2.5000e+00
1.7059e+01 1.0000e+05 1.3691e-15 1.0000e+00 1.0000e+05 1.3691e-10 2.5000e+00
1.7451e+01 1.0000e+05 2.4462e-15 1.0000e+00 1.0000e+05 2.4462e-10 2.5000e+00
1.7843e+01 1.0000e+05 4.3479e-15 1.0000e+00 1.0000e+05 4.3479e-10 2.5000e+00
1.8235e+01 1.0000e+05 7.6845e-15 1.0000e+00 1.0000e+05 7.6845e-10 2.5000e+00
1.8627e+01 1.0000e+05 1.3500e-14 1.0000e+00 1.0000e+05 1.3500e-09 2.5000e+00
1.9020e+01 1.0000e+05 2.3569e-14 1.0000e+00 1.0000e+05 2.3569e-09 2.5000e+00
1.9412e+01 1.0000e+05 4.0887e-14 1.0000e+00 1.0000e+05 4.0887e-09 2.5000e+00
1.9804e+01 1.0000e+05 7.0480e-14 1.0000e+00 1.0000e+05 7.0480e-09 2.5000e+00
2.0196e+01 1.0000e+05 1.2071e-13 1.0000e+00 1.0000e+05 1.2071e-08 2.5000e+00
2.0588e+01 1.0000e+05 2.0542e-13 1.0000e+00 1.0000e+05 2.0542e-08 2.5000e+00
2.0980e+01 1.0000e+05 3.4731e-13 1.0000e+00 1.0000e+05 3.4731e-08 2.5000e+00
2.1373e+01 1.0000e+05 5.8341e-13 1.0000e+00 1.0000e+05 5.8341e-08 2.5000e+00
2.1765e+01 1.0000e+05 9.7365e-13 1.0000e+00 1.0000e+05 9.7365e-08 2.5000e+00
2.2157e+01 1.0000e+05 1.6143e-12 1.0000e+00 1.0000e+05 1.6143e-07 2.5000e+00
2.2549e+01 1.0000e+05 2.6591e-12 1.0000e+00 1.0000e+05 2.6591e-07 2.5000e+00
2.2941e+01 1.0000e+05 4.3514e-12 1.0000e+00 1.0000e+05 4.3514e-07 2.5000e+00
2.3333e+01 1.0000e+05 7.0739e-12 1.0000e+00 1.0000e+05 7.0739e-07 2.5000e+00
2.3725e+01 1.0000e+05 1.1424e-11 1.0000e+00 1.0000e+05 1.1424e-06 2.5000e+00
2.4118e+01 1.0000e+05 1.8329e-11 1.0000e+00 1.0000e+05 1.8329e-06 2.5000e+00
2.4510e+01 1.0000e+05 2.9211e-11 1.0000e+00 1.0000e+05 2.9211e-06 2.5000e+00
2.4902e+01 1.0000e+05 4.6248e-11 1.0000e+00 1.0000e+05 4.6248e-06 2.5000e+00
2.5294e+01 1.0000e+05 7.2734e-11 1.0000e+00 1.0000e+05 7.2734e-06 2.5000e+00
2.5686e+01 1.0000e+05 1.1363e-10 1.0000e+00 1.0000e+05 1.1363e-05 2.5000e+00
2.6078e+01 1.0000e+05 1.7634e-10 1.0000e+00 1.0000e+05 1.7634e-05 2.5000e+00
2.6471e+01 1.0000e+05 2.7182e-10 1.0000e+00 1.0000e+05 2.7182e-05 2.5000e+00
2.6863e+01 1.0000e+05 4.1621e-10 1.0000e+00 1.0000e+05 4.1621e-05 2.5000e+00
2.7255e+01 1.0000e+05 6.3303e-10 1.0000e+00 1.0000e+05 6.3303e-05 2.5000e+00
2.7647e+01 1.0000e+05 9.5634e-10 1.0000e+00 1.0000e+05 9.5634e-05 2.5000e+00
2.8039e+01 1.0000e+05 1.4351e-09 1.0000e+00 1.0000e+05 1.4351e-04 2.5000e+00
2.8431e+01 1.0000e+05 2.1389e-09 9.9999e-01 1.0000e+05 2.1389e-04 2.5000e+00
2.8824e+01 1.0000e+05 3.1665e-09 9.9999e-01 1.0000e+05 3.1665e-04 2.5000e+00
2.9216e+01 1.0000e+05 4.6561e-09 9.9999e-01 1.0000e+05 4.6561e-04 2.5000e+00
2.9608e+01 1.0000e+05 6.8002e-09 9.9998e-01 1.0000e+05 6.8002e-04 2.5000e+00
3.0000e+01 1.0000e+05 9.8644e-09 9.9998e-01 1.0000e+05 9.8644e-04 2.4999e+00
3.0392e+01 1.0000e+05 1.4212e-08 9.9997e-01 1.0000e+05 1.4212e-03 2.4999e+00
3.0784e+01 1.0000e+05 2.0337e-08 9.9995e-01 1.0000e+05 2.0337e-03 2.4999e+00
3.1176e+01 1.0000e+05 2.8905e-08 9.9994e-01 1.0000e+05 2.8905e-03 2.4998e+00
3.1569e+01 1.0000e+05 4.0802e-08 9.9991e-01 1.0000e+05 4.0802e-03 2.4998e+00
3.1961e+01 1.0000e+05 5.7205e-08 9.9988e-01 1.0000e+05 5.7205e-03 2.4997e+00
3.2353e+01 1.0000e+05 7.9656e-08 9.9983e-01 1.0000e+05 7.9656e-03 2.4996e+00
3.2745e+01 9.9999e+04 1.1016e-07 9.9977e-01 9.9999e+04 1.1016e-02 2.4994e+00
3.3137e+01 9.9999e+04 1.5132e-07 9.9969e-01 9.9999e+04 1.5132e-02 2.4992e+00
3.3529e+01 9.9999e+04 2.0644e-07 9.9959e-01 9.9999e+04 2.0643e-02 2.4990e+00
3.3922e+01 9.9999e+04 2.7971e-07 9.9945e-01 9.9999e+04 2.7971e-02 2.4986e+00
3.4314e+01 9.9998e+04 3.7643e-07 9.9928e-01 9.9998e+04 3.7642e-02 2.4982e+00
3.4706e+01 9.9997e+04 5.0315e-07 9.9905e-01 9.9997e+04 5.0314e-02 2.4976e+00
3.5098e+01 9.9996e+04 6.6798e-07 9.9876e-01 9.9996e+04 6.6795e-02 2.4969e+00
3.5490e+01 9.9995e+04 8.8081e-07 9.9840e-01 9.9995e+04 8.8076e-02 2.4960e+00
3.5882e+01 9.9994e+04 1.1536e-06 9.9795e-01 9.9994e+04 1.1535e-01 2.4949e+00
3.6275e+01 9.9991e+04 1.5008e-06 9.9739e-01 9.9991e+04 1.5007e-01 2.4935e+00
3.6667e+01 9.9989e+04 1.9393e-06 9.9669e-01 9.9989e+04 1.9391e-01 2.4917e+00
3.7059e+01 9.9985e+04 2.4894e-06 9.9584e-01 9.9985e+04 2.4890e-01 2.4896e+00
3.7451e+01 9.9981e+04 3.1742e-06 9.9481e-01 9.9981e+04 3.1736e-01 2.4870e+00
3.7843e+01 9.9975e+04 4.0207e-06 9.9358e-01 9.9975e+04 4.0197e-01 2.4839e+00
3.8235e+01 9.9969e+04 5.0595e-06 9.9210e-01 9.9969e+04 5.0579e-01 2.4802e+00
3.8627e+01 9.9960e+04 6.3254e-06 9.9034e-01 9.9960e+04 6.3228e-01 2.4759e+00
3.9020e+01 9.9949e+04 7.8569e-06 9.8828e-01 9.9949e+04 7.8529e-01 2.4707e+00
3.9412e+01 9.9936e+04 9.6967e-06 9.8587e-01 9.9936e+04 9.6905e-01 2.4647e+00
3.9804e+01 9.9920e+04 1.1892e-05 9.8308e-01 9.9920e+04 1.1882e+00 2.4577e+00
4.0196e+01 9.9900e+04 1.4492e-05 9.7987e-01 9.9900e+04 1.4477e+00 2.4497e+00
4.0588e+01 9.9877e+04 1.7551e-05 9.7622e-01 9.9877e+04 1.7529e+00 2.4406e+00
4.0980e+01 9.9848e+04 2.1126e-05 9.7208e-01 9.9848e+04 2.1094e+00 2.4302e+00
4.1373e+01 9.9815e+04 2.5275e-05 9.6743e-01 9.9815e+04 2.5228e+00 2.4186e+00
4.1765e+01 9.9775e+04 3.0060e-05 9.6224e-01 9.9775e+04 2.9992e+00 2.4056e+00
4.2157e+01 9.9728e+04 3.5540e-05 9.5650e-01 9.9728e+04 3.5443e+00 2.3913e+00
4.2549e+01 9.9673e+04 4.1777e-05 9.5019e-01 9.9673e+04 4.1641e+00 2.3756e+00
4.2941e+01 9.9610e+04 4.8831e-05 9.4330e-01 9.9610e+04 4.8640e+00 2.3584e+00
4.3333e+01 9.9536e+04 5.6757e-05 9.3585e-01 9.9536e+04 5.6494e+00 2.3398e+00
4.3725e+01 9.9452e+04 6.5610e-05 9.2783e-01 9.9452e+04 6.5250e+00 2.3198e+00
4.4118e+01 9.9355e+04 7.5436e-05 9.1927e-01 9.9355e+04 7.4949e+00 2.2984e+00
4.4510e+01 9.9246e+04 8.6278e-05 9.1019e-01 9.9246e+04 8.5627e+00 2.2759e+00
4.4902e+01 9.9122e+04 9.8168e-05 9.0064e-01 9.9122e+04 9.7306e+00 2.2521e+00
4.5294e+01 9.8984e+04 1.1115e-04 8.9066e-01 9.8984e+04 1.1002e+01 2.2273e+00
4.5686e+01 9.8827e+04 1.2516e-04 8.8028e-01 9.8827e+04 1.2369e+01 2.2015e+00
4.6078e+01 9.8661e+04 1.4053e-04 8.6966e-01 9.8661e+04 1.3865e+01 2.1751e+00
4.6471e+01 9.8446e+04 1.5594e-04 8.5843e-01 9.8446e+04 1.5352e+01 2.1473e+00
4.6863e+01 9.8321e+04 1.7625e-04 8.4831e-01 9.8321e+04 1.7329e+01 2.1223e+00
4.7255e+01 9.7833e+04 1.8554e-04 8.3396e-01 9.7833e+04 1.8152e+01 2.0866e+00
4.7647e+01 9.8250e+04 2.2829e-04 8.3055e-01 9.8250e+04 2.2430e+01 2.0789e+00
4.8039e+01 9.6571e+04 1.9922e-04 8.0273e-01 9.6571e+04 1.9239e+01 2.0087e+00
4.8431e+01 9.8572e+04 2.9974e-04 8.1788e-01 9.8572e+04 2.9546e+01 2.0491e+00
4.8824e+01 9.5668e+04 2.3096e-04 7.7687e-01 9.5668e+04 2.2096e+01 1.9447e+00
4.9216e+01 9.5688e+04 3.1765e-04 7.8661e-01 9.5688e+04 3.0395e+01 1.9714e+00
4.9608e+01 1.1213e+05 3.1964e-04 7.6843e-01 1.1213e+05 3.5841e+01 1.9268e+00
5.0000e+01 2.2933e+04 3.5711e-04 7.6823e-01 2.2933e+04 8.1898e+00 1.9220e+00
5.0392e+01 1.0709e+04 3.8327e-04 7.6088e-01 1.0709e+04 4.1045e+00 1.9030e+00
5.0784e+01 9.9399e+03 5.0134e-04 7.5835e-01 9.9399e+03 4.9832e+00 1.8971e+00
5.1176e+01 1.0666e+04 6.9971e-04 7.6548e-01 1.0666e+04 7.4633e+00 1.9163e+00
5.1569e+01 1.1122e+04 8.5084e-04 7.7098e-01 1.1122e+04 9.4627e+00 1.9315e+00
5.1961e+01 1.1498e+04 8.5230e-04 7.6219e-01 1.1498e+04 9.8000e+00 1.9096e+00
5.2353e+01 1.1596e+04 8.2804e-04 7.5129e-01 1.1596e+04 9.6017e+00 1.8822e+00
5.2745e+01 1.1866e+04 8.9390e-04 7.5172e-01 1.1866e+04 1.0607e+01 1.8840e+00
5.3137e+01 1.2135e+04 1.0672e-03 7.6565e-01 1.2135e+04 1.2950e+01 1.9210e+00
5.3529e+01 1.2482e+04 1.2581e-03 7.8287e-01 1.2482e+04 1.5704e+01 1.9671e+00
5.3922e+01 1.2696e+04 1.4006e-03 7.9558e-01 1.2696e+04 1.7782e+01 2.0014e+00
5.4314e+01 1.2843e+04 1.4718e-03 8.0046e-01 1.2843e+04 1.8903e+01 2.0151e+00
5.4706e+01 1.2886e+04 1.4950e-03 8.0006e-01 1.2886e+04 1.9264e+01 2.0145e+00
5.5098e+01 1.2912e+04 1.4946e-03 7.9710e-01 1.2912e+04 1.9298e+01 2.0072e+00
5.5490e+01 1.2911e+04 1.4894e-03 7.9376e-01 1.2911e+04 1.9230e+01 1.9987e+00
5.5882e+01 1.2919e+04 1.4822e-03 7.9010e-01 1.2919e+04 1.9148e+01 1.9894e+00
5.6275e+01 1.2918e+04 1.4748e-03 7.8634e-01 1.2918e+04 1.9052e+01 1.9799e+00
5.6667e+01 1.2922e+04 1.4663e-03 7.8232e-01 1.2922e+04 1.8947e+01 1.9697e+00
5.7059e+01 1.2922e+04 1.4574e-03 7.7814e-01 1.2922e+04 1.8832e+01 1.9591e+00
5.7451e+01 1.2923e+04 1.4476e-03 7.7373e-01 1.2923e+04 1.8708e+01 1.9479e+00
5.7843e+01 1.2923e+04 1.4373e-03 7.6912e-01 1.2923e+04 1.8573e+01 1.9361e+00
5.8235e+01 1.2923e+04 1.4262e-03 7.6428e-01 1.2923e+04 1.8430e+01 1.9238e+00
5.8627e+01 1.2921e+04 1.4145e-03 7.5923e-01 1.2921e+04 1.8277e+01 1.9110e+00
5.9020e+01 1.2920e+04 1.4021e-03 7.5394e-01 1.2920e+04 1.8115e+01 1.8975e+00
5.9412e+01 1.2918e+04 1.3890e-03 7.4841e-01 1.2918e+04 1.7943e+01 1.8835e+00
5.9804e+01 1.2916e+04 1.3753e-03 7.4263e-01 1.2916e+04 1.7763e+01 1.8688e+00
6.0196e+01 1.2913e+04 1.3609e-03 7.3661e-01 1.2913e+04 1.7574e+01 1.8535e+00
6.0588e+01 1.2910e+04 1.3459e-03 7.3032e-01 1.2910e+04 1.7375e+01 1.8375e+00
6.0980e+01 1.2906e+04 1.3302e-03 7.2377e-01 1.2906e+04 1.7168e+01 1.8208e+00
6.1373e+01 1.2903e+04 1.3138e-03 7.1695e-01 1.2903e+04 1.6951e+01 1.8035e+00
6.1765e+01 1.2898e+04 1.2968e-03 7.0985e-01 1.2898e+04 1.6726e+01 1.7855e+00
6.2157e+01 1.2894e+04 1.2791e-03 7.0248e-01 1.2894e+04 1.6492e+01 1.7667e+00
6.2549e+01 1.2889e+04 1.2607e-03 6.9482e-01 1.2889e+04 1.6250e+01 1.7473e+00
6.2941e+01 1.2884e+04 1.2418e-03 6.8687e-01 1.2884e+04 1.5998e+01 1.7271e+00
6.3333e+01 1.2878e+04 1.2221e-03 6.7862e-01 1.2878e+04 1.5739e+01 1.7062e+00
6.3725e+01 1.2872e+04 1.2018e-03 6.7008e-01 1.2872e+04 1.5470e+01 1.6845e+00
6.4118e+01 1.2866e+04 1.1809e-03 6.6123e-01 1.2866e+04 1.5193e+01 1.6620e+00
6.4510e+01 1.2860e+04 1.1592e-03 6.5207e-01 1.2860e+04 1.4908e+01 1.6388e+00
6.4902e+01 1.2853e+04 1.1370e-03 6.4259e-01 1.2853e+04 1.4614e+01 1.6148e+00
6.5294e+01 1.2846e+04 1.1140e-03 6.3279e-01 1.2846e+04 1.4311e+01 1.5899e+00
6.5686e+01 1.2839e+04 1.0904e-03 6.2265e-01 1.2839e+04 1.3999e+01 1.5643e+00
6.6078e+01 1.2831e+04 1.0660e-03 6.1217e-01 1.2831e+04 1.3679e+01 1.5377e+00
6.6471e+01 1.2824e+04 1.0410e-03 6.0133e-01 1.2824e+04 1.3350e+01 1.5103e+00
6.6863e+01 1.2816e+04 1.0153e-03 5.9013e-01 1.2816e+04 1.3011e+01 1.4819e+00
6.7255e+01 1.2807e+04 9.8878e-04 5.7854e-01 1.2807e+04 1.2663e+01 1.4526e+00
6.7647e+01 1.2798e+04 9.6153e-04 5.6655e-01 1.2798e+04 1.2306e+01 1.4223e+00
6.8039e+01 1.2790e+04 9.3351e-04 5.5415e-01 1.2790e+04 1.1939e+01 1.3910e+00
6.8431e+01 1.2780e+04 9.0469e-04 5.4132e-01 1.2780e+04 1.1562e+01 1.3585e+00
6.8824e+01 1.2771e+04 8.7506e-04 5.2805e-01 1.2771e+04 1.1175e+01 1.3250e+00
6.9216e+01 1.2761e+04 8.4458e-04 5.1430e-01 1.2761e+04 1.0778e+01 1.2903e+00
6.9608e+01 1.2751e+04 8.1323e-04 5.0007e-01 1.2751e+04 1.0370e+01 1.2544e+00
7.0000e+01 1.2741e+04 7.8100e-04 4.8533e-01 1.2741e+04 9.9506e+00 1.2172e+00
7.0392e+01 1.2730e+04 7.4785e-04 4.7007e-01 1.2730e+04 9.5203e+00 1.1787e+00
7.0784e+01 1.2719e+04 7.1377e-04 4.5425e-01 1.2719e+04 9.0786e+00 1.1389e+00
7.1176e+01 1.2708e+04 6.7872e-04 4.3787e-01 1.2708e+04 8.6253e+00 1.0976e+00
7.1569e+01 1.2697e+04 6.4269e-04 4.2089e-01 1.2697e+04 8.1600e+00 1.0549e+00
7.1961e+01 1.2685e+04 6.0564e-04 4.0330e-01 1.2685e+04 7.6825e+00 1.0106e+00
7.2353e+01 1.2673e+04 5.6755e-04 3.8507e-01 1.2673e+04 7.1925e+00 9.6471e-01
7.2745e+01 1.2661e+04 5.2841e-04 3.6617e-01 1.2661e+04 6.6899e+00 9.1719e-01
7.3137e+01 1.2648e+04 4.8816e-04 3.4659e-01 1.2648e+04 6.1743e+00 8.6797e-01
7.3529e+01 1.2635e+04 4.4680e-04 3.2629e-01 1.2635e+04 5.6454e+00 8.1698e-01
7.3922e+01 1.2622e+04 4.0429e-04 3.0525e-01 1.2622e+04 5.1029e+00 7.6415e-01
7.4314e+01 1.2608e+04 3.6060e-04 2.8343e-01 1.2608e+04 4.5465e+00 7.0940e-01
7.4706e+01 1.2595e+04 3.1570e-04 2.6082e-01 1.2595e+04 3.9761e+00 6.5268e-01
7.5098e+01 1.2581e+04 2.6965e-04 2.3742e-01 1.2581e+04 3.3923e+00 5.9401e-01
7.5490e+01 1.2566e+04 2.2267e-04 2.1333e-01 1.2566e+04 2.7982e+00 5.3364e-01
7.5882e+01 1.2552e+04 1.7551e-04 1.8894e-01 1.2552e+04 2.2031e+00 4.7253e-01
7.6275e+01 1.2539e+04 1.2984e-04 1.6516e-01 1.2539e+04 1.6280e+00 4.1302e-01
7.6667e+01 1.2526e+04 8.8440e-05 1.4365e-01 1.2526e+04 1.1078e+00 3.5916e-01
7.7059e+01 1.2517e+04 5.4571e-05 1.2628e-01 1.2517e+04 6.8304e-01 3.1571e-01
7.7451e+01 1.2509e+04 3.0288e-05 1.1417e-01 1.2509e+04 3.7889e-01 2.8542e-01
7.7843e+01 1.2505e+04 1.5230e-05 1.0693e-01 1.2505e+04 1.9045e-01 2.6734e-01
7.8235e+01 1.2502e+04 7.0791e-06 1.0316e-01 1.2502e+04 8.8505e-02 2.5790e-01
7.8627e+01 1.2501e+04 3.1201e-06 1.0138e-01 1.2501e+04 3.9005e-02 2.5344e-01
7.9020e+01 1.2500e+04 1.3329e-06 1.0059e-01 1.2500e+04 1.6661e-02 2.5146e-01
7.9412e+01 1.2500e+04 5.5983e-07 1.0025e-01 1.2500e+04 6.9980e-03 2.5061e-01
7.9804e+01 1.2500e+04 2.3299e-07 1.0010e-01 1.2500e+04 2.9124e-03 2.5026e-01
8.0196e+01 1.2500e+04 9.6439e-08 1.0004e-01 1.2500e+04 1.2055e-03 2.5011e-01
8.0588e+01 1.2500e+04 3.9764e-08 1.0002e-01 1.2500e+04 4.9705e-04 2.5004e-01
8.0980e+01 1.2500e+04 1.6343e-08 1.0001e-01 1.2500e+04 2.0429e-04 2.5002e-01
8.1373e+01 1.2500e+04 6.6980e-09 1.0000e-01 1.2500e+04 8.3725e-05 2.5001e-01
8.1765e+01 1.2500e+04 2.7374e-09 1.0000e-01 1.2500e+04 3.4217e-05 2.5000e-01
8.2157e+01 1.2500e+04 1.1156e-09 1.0000e-01 1.2500e+04 1.3946e-05 2.5000e-01
8.2549e+01 1.2500e+04 4.5345e-10 1.0000e-01 1.2500e+04 5.6681e-06 2.5000e-01
8.2941e+01 1.2500e+04 1.8379e-10 1.0000e-01 1.2500e+04 2.2974e-06 2.5000e-01
8.3333e+01 1.2500e+04 7.4290e-11 1.0000e-01 1.2500e+04 9.2862e-07 2.5000e-01
8.3725e+01 1.2500e+04 2.9945e-11 1.0000e-01 1.2500e+04 3.7431e-07 2.5000e-01
8.4118e+01 1.2500e+04 1.2036e-11 1.0000e-01 1.2500e+04 1.5045e-07 2.5000e-01
8.4510e+01 1.2500e+04 4.8243e-12 1.0000e-01 1.2500e+04 6.0304e-08 2.5000e-01
8.4902e+01 1.2500e+04 1.9282e-12 1.0000e-01 1.2500e+04 2.4102e-08 2.5000e-01
8.5294e+01 1.2500e+04 7.6847e-13 1.0000e-01 1.2500e+04 9.6058e-09 2.5000e-01
8.5686e+01 1.2500e+04 3.0539e-13 1.0000e-01 1.2500e+04 3.8174e-09 2.5000e-01
8.6078e+01 1.2500e+04 1.2101e-13 1.0000e-01 1.2500e+04 1.5126e-09 2.5000e-01
8.6471e+01 1.2500e+04 4.7810e-14 1.0000e-01 1.2500e+04 5.9762e-10 2.5000e-01
8.6863e+01 1.2500e+04 1.8833e-14 1.0000e-01 1.2500e+04 2.3541e-10 2.5000e-01
8.7255e+01 1.2500e+04 7.3955e-15 1.0000e-01 1.2500e+04 9.2444e-11 2.5000e-01
8.7647e+01 1.2500e+04 2.8944e-15 1.0000e-01 1.2500e+04 3.6180e-11 2.5000e-01
8.8039e+01 1.2500e+04 1.1282e-15 1.0000e-01 1.2500e+04 1.4103e-11 2.5000e-01
8.8431e+01 1.2500e+04 4.3712e-16 1.0000e-01 1.2500e+04 5.4640e-12 2.5000e-01
8.8824e+01 1.2500e+04 1.6760e-16 1.0000e-01 1.2500e+04 2.0950e-12 2.5000e-01
8.9216e+01 1.2500e+04 6.3071e-17 1.0000e-01 1.2500e+04 7.8839e-13 2.5000e-01
8.9608e+01 1.2500e+04 2.2661e-17 1.0000e-01 1.2500e+04 2.8326e-13 2.5000e-01
9.0000e+01 1.2500e+04 7.1986e-18 1.0000e-01 1.2500e+04 8.9982e-14 2.5000e-01
9.0392e+01 1.2500e+04 1.5797e-18 1.0000e-01 1.2500e+04 1.9747e-14 2.5000e-01
9.0784e+01 1.2500e+04 3.4256e-20 1.0000e-01 1.2500e+04 4.2820e-16 2.5000e-01
9.1176e+01 1.2500e+04 0.0000e+00 1.0000e-01 1.2500e+04 0.0000e+00 2.5000e-01
9.1569e+01 1.2500e+04 0.0000e+00 1.0000e-01 1.2500e+04 0.0000e+00 2.5000e-01
9.1961e+01 1.2500e+04 0.0000e+00 1.0000e-01 1.2500e+04 0.0000e+00 2.5000e-01
9.2353e+01 1.2500e+04 0.0000e+00 1.0000e-01 1.2500e+04 0.0000e+00 2.5000e-01
9.2745e+01 1.2500e+04 0.0000e+00 1.0000e-01 1.2500e+04 0.0000e+00 2.5000e-01
9.3137e+01 1.2500e+04 0.0000e+00 1.0000e-01 1.2500e+04 0.0000e+00 2.5000e-01
9.3529e+01 1.2500e+04 0.0000e+00 1.0000e-01 1.2500e+04 0.0000e+00 2.5000e-01
9.3922e+01 1.2500e+04 0.0000e+00 1.0000e-01 1.2500e+04 0.0000e+00 2.5000e-01
9.4314e+01 1.2500e+04 0.0000e+00 1.0000e-01 1.2500e+04 0.0000e+00 2.5000e-01
9.4706e+01 1.2500e+04 0.0000e+00 1.0000e-01 1.2500e+04 0.0000e+00 2.5000e-01
9.5098e+01 1.2500e+04 0.0000e+00 1.0000e-01 1.2500e+04 0.0000e+00 2.5000e-01
9.5490e+01 1.2500e+04 0.0000e+00 1.0000e-01 1.2500e+04 0.0000e+00 2.5000e-01
9.5882e+01 1.2500e+04 0.0000e+00 1.0000e-01 1.2500e+04 0.0000e+00 2.5000e-01
9.6275e+01 1.2500e+04 0.0000e+00 1.0000e-01 1.2500e+04 0.0000e+00 2.5000e-01
9.6667e+01 1.2500e+04 0.0000e+00 1.0000e-01 1.2500e+04 0.0000e+00 2.5000e-01
9.7059e+01 1.2500e+04 0.0000e+00 1.0000e-01 1.2500e+04 0.0000e+00 2.5000e-01
9.7451e+01 1.2500e+04 0.0000e+00 1.0000e-01 1.2500e+04 0.0000e+00 2.5000e-01
9.7843e+01 1.2500e+04 0.0000e+00 1.0000e-01 1.2500e+04 0.0000e+00 2.5000e-01
9.8235e+01 1.2500e+04 0.0000e+00 1.0000e-01 1.2500e+04 0.0000e+00 2.5000e-01
9.8627e+01 1.2500e+04 0.0000e+00 1.0000e-01 1.2500e+04 0.0000e+00 2.5000e-01
9.9020e+01 1.2500e+04 0.0000e+00 1.0000e-01 1.2500e+04 0.0000e+00 2.5000e-01
9.9412e+01 1.2500e+04 0.0000e+00 1.0000e-01 1.2500e+04 0.0000e+00 2.5000e-01
9.9804e+01 1.2500e+04 0.0000e+00 1.0000e-01 1.2500e+04 0.0000e+00 2.5000e-01
