# # x Density Velocity Pressure q0 q1 q2
1.9608e-01 1.0000e+05 0.0000e+00 1.0000e+00 1.0000e+05 0.0000e+00 2.5000e+00
5.8824e-01 1.0000e+05 0.0000e+00 1.0000e+00 1.0000e+05 0.0000e+00 2.5000e+00
9.8039e-01 1.0000e+05 0.0000e+00 1.0000e+00 1.0000e+05 0.0000e+00 2.5000e+00
1.3725e+00 1.0000e+05 0.0000e+00 1.0000e+00 1.0000e+05 0.0000e+00 2.5000e+00
1.7647e+00 1.0000e+05 0.0000e+00 1.0000e+00 1.0000e+05 0.0000e+00 2.5000e+00
2.1569e+00 1.0000e+05 0.0000e+00 1.0000e+00 1.0000e+05 0.0000e+00 2.5000e+00
2.5490e+00 1.0000e+05 0.0000e+00 1.0000e+00 1.0000e+05 0.0000e+00 2.5000e+00
2.9412e+00 1.0000e+05 0.0000e+00 1.0000e+00 1.0000e+05 0.0000e+00 2.5000e+00
3.3333e+00 1.0000e+05 0.0000e+00 1.0000e+00 1.0000e+05 0.0000e+00 2.5000e+00
3.7255e+00 1.0000e+05 0.0000e+00 1.0000e+00 1.0000e+05 0.0000e+00 2.5000e+00
4.1176e+00 1.0000e+05 0.0000e+00 1.0000e+00 1.0000e+05 0.0000e+00 2.5000e+00
4.5098e+00 1.0000e+05 0.0000e+00 1.0000e+00 1.0000e+05 0.0000e+00 2.5000e+00
4.9020e+00 1.0000e+05 0.0000e+00 1.0000e+00 1.0000e+05 0.0000e+00 2.5000e+00
5.2941e+00 1.0000e+05 0.0000e+00 1.0000e+00 1.0000e+05 0.0000e+00 2.5000e+00
5.6863e+00 1.0000e+05 0.0000e+00 1.0000e+00 1.0000e+05 0.0000e+00 2.5000e+00
6.0784e+00 1.0000e+05 0.0000e+00 1.0000e+00 1.0000e+05 0.0000e+00 2.5000e+00
6.4706e+00 1.0000e+05 0.0000e+00 1.0000e+00 1.0000e+05 0.0000e+00 2.5000e+00
6.8627e+00 1.0000e+05 0.0000e+00 1.0000e+00 1.0000e+05 0.0000e+00 2.5000e+00
7.2549e+00 1.0000e+05 0.0000e+00 1.0000e+00 1.0000e+05 0.0000e+00 2.5000e+00
7.6471e+00 1.0000e+05 0.0000e+00 1.0000e+00 1.0000e+05 0.0000e+00 2.5000e+00
8.0392e+00 1.0000e+05 0.0000e+00 1.0000e+00 1.0000e+05 0.0000e+00 2.5000e+00
8.4314e+00 1.0000e+05 0.0000e+00 1.0000e+00 1.0000e+05 0.0000e+00 2.5000e+00
8.8235e+00 1.0000e+05 0.0000e+00 1.0000e+00 1.0000e+05 0.0000e+00 2.5000e+00
9.2157e+00 1.0000e+05 0.0000e+00 1.0000e+00 1.0000e+05 0.0000e+00 2.5000e+00
9.6078e+00 1.0000e+05 0.0000e+00 1.0000e+00 1.0000e+05 0.0000e+00 2.5000e+00
1.0000e+01 1.0000e+05 0.0000e+00 1.0000e+00 1.0000e+05 0.0000e+00 2.5000e+00
1.0392e+01 1.0000e+05 0.0000e+00 1.0000e+00 1.0000e+05 0.0000e+00 2.5000e+00
1.0784e+01 1.0000e+05 0.0000e+00 1.0000e+00 1.0000e+05 0.0000e+00 2.5000e+00
1.1176e+01 1.0000e+05 1.0815e-19 1.0000e+00 1.0000e+05 1.0815e-14 2.5000e+00
1.1569e+01 1.0000e+05 9.8634e-19 1.0000e+00 1.0000e+05 9.8634e-14 2.5000e+00
1.1961e+01 1.0000e+05 3.4774e-18 1.0000e+00 1.0000e+05 3.4774e-13 2.5000e+00
1.2353e+01 1.0000e+05 7.6498e-18 1.0000e+00 1.0000e+05 7.6498e-13 2.5000e+00
1.2745e+01 1.0000e+05 1.3643e-17 1.0000e+00 1.0000e+05 1.3643e-12 2.5000e+00
1.3137e+01 1.0000e+05 2.2750e-17 1.0000e+00 1.0000e+05 2.2750e-12 2.5000e+00
1.3529e+01 1.0000e+05 3.7936e-17 1.0000e+00 1.0000e+05 3.7936e-12 2.5000e+00
1.3922e+01 1.0000e+05 6.3893e-17 1.0000e+00 1.0000e+05 6.3893e-12 2.5000e+00
1.4314e+01 1.0000e+05 1.0975e-16 1.0000e+00 1.0000e+05 1.0975e-11 2.5000e+00
1.4706e+01 1.0000e+05 1.9152e-16 1.0000e+00 1.0000e+05 1.9152e-11 2.5000e+00
1.5098e+01 1.0000e+05 3.3750e-16 1.0000e+00 1.0000e+05 3.3750e-11 2.5000e+00
1.5490e+01 1.0000e+05 5.9637e-16 1.0000e+00 1.0000e+05 5.9637e-11 2.5000e+00
1.5882e+01 1.0000e+05 1.0539e-15 1.0000e+00 1.0000e+05 1.0539e-10 2.5000e+00
1.6275e+01 1.0000e+05 1.8576e-15 1.0000e+00 1.0000e+05 1.8576e-10 2.5000e+00
1.6667e+01 1.0000e+05 3.2603e-15 1.0000e+00 1.0000e+05 3.2603e-10 2.5000e+00
1.7059e+01 1.0000e+05 5.6929e-15 1.0000e+00 1.0000e+05 5.6929e-10 2.5000e+00
1.7451e+01 1.0000e+05 9.8862e-15 1.0000e+00 1.0000e+05 9.8862e-10 2.5000e+00
1.7843e+01 1.0000e+05 1.7067e-14 1.0000e+00 1.0000e+05 1.7067e-09 2.5000e+00
1.8235e+01 1.0000e+05 2.9289e-14 1.0000e+00 1.0000e+05 2.9289e-09 2.5000e+00
1.8627e+01 1.0000e+05 4.9962e-14 1.0000e+00 1.0000e+05 4.9962e-09 2.5000e+00
1.9020e+01 1.0000e+05 8.4710e-14 1.0000e+00 1.0000e+05 8.4710e-09 2.5000e+00
1.9412e+01 1.0000e+05 1.4274e-13 1.0000e+00 1.0000e+05 1.4274e-08 2.5000e+00
1.9804e+01 1.0000e+05 2.3907e-13 1.0000e+00 1.0000e+05 2.3907e-08 2.5000e+00
2.0196e+01 1.0000e+05 3.9792e-13 1.0000e+00 1.0000e+05 3.9792e-08 2.5000e+00
2.0588e+01 1.0000e+05 6.5826e-13 1.0000e+00 1.0000e+05 6.5826e-08 2.5000e+00
2.0980e+01 1.0000e+05 1.0822e-12 1.0000e+00 1.0000e+05 1.0822e-07 2.5000e+00
2.1373e+01 1.0000e+05 1.7681e-12 1.0000e+00 1.0000e+05 1.7681e-07 2.5000e+00
2.1765e+01 1.0000e+05 2.8709e-12 1.0000e+00 1.0000e+05 2.8709e-07 2.5000e+00
2.2157e+01 1.0000e+05 4.6325e-12 1.0000e+00 1.0000e+05 4.6325e-07 2.5000e+00
2.2549e+01 1.0000e+05 7.4285e-12 1.0000e+00 1.0000e+05 7.4285e-07 2.5000e+00
2.2941e+01 1.0000e+05 1.1837e-11 1.0000e+00 1.0000e+05 1.1837e-06 2.5000e+00
2.3333e+01 1.0000e+05 1.8745e-11 1.0000e+00 1.0000e+05 1.8745e-06 2.5000e+00
2.3725e+01 1.0000e+05 2.9497e-11 1.0000e+00 1.0000e+05 2.9497e-06 2.5000e+00
2.4118e+01 1.0000e+05 4.6125e-11 1.0000e+00 1.0000e+05 4.6125e-06 2.5000e+00
2.4510e+01 1.0000e+05 7.1673e-11 1.0000e+00 1.0000e+05 7.1673e-06 2.5000e+00
2.4902e+01 1.0000e+05 1.1067e-10 1.0000e+00 1.0000e+05 1.1067e-05 2.5000e+00
2.5294e+01 1.0000e+05 1.6980e-10 1.0000e+00 1.0000e+05 1.6980e-05 2.5000e+00
2.5686e+01 1.0000e+05 2.5887e-10 1.0000e+00 1.0000e+05 2.5887e-05 2.5000e+00
2.6078e+01 1.0000e+05 3.9216e-10 1.0000e+00 1.0000e+05 3.9216e-05 2.5000e+00
2.6471e+01 1.0000e+05 5.9030e-10 1.0000e+00 1.0000e+05 5.9030e-05 2.5000e+00
2.6863e+01 1.0000e+05 8.8291e-10 1.0000e+00 1.0000e+05 8.8291e-05 2.5000e+00
2.7255e+01 1.0000e+05 1.3121e-09 1.0000e+00 1.0000e+05 1.3121e-04 2.5000e+00
2.7647e+01 1.0000e+05 1.9376e-09 1.0000e+00 1.0000e+05 1.9376e-04 2.5000e+00
2.8039e+01 1.0000e+05 2.8429e-09 9.9999e-01 1.0000e+05 2.8429e-04 2.5000e+00
2.8431e+01 1.0000e+05 4.1444e-09 9.9999e-01 1.0000e+05 4.1444e-04 2.5000e+00
2.8824e+01 1.0000e+05 6.0031e-09 9.9999e-01 1.0000e+05 6.0031e-04 2.5000e+00
2.9216e+01 1.0000e+05 8.6397e-09 9.9998e-01 1.0000e+05 8.6397e-04 2.5000e+00
2.9608e+01 1.0000e+05 1.2354e-08 9.9997e-01 1.0000e+05 1.2354e-03 2.4999e+00
3.0000e+01 1.0000e+05 1.7552e-08 9.9996e-01 1.0000e+05 1.7552e-03 2.4999e+00
3.0392e+01 1.0000e+05 2.4777e-08 9.9995e-01 1.0000e+05 2.4777e-03 2.4999e+00
3.0784e+01 1.0000e+05 3.4750e-08 9.9993e-01 1.0000e+05 3.4750e-03 2.4998e+00
3.1176e+01 1.0000e+05 4.8424e-08 9.9990e-01 1.0000e+05 4.8424e-03 2.4997e+00
3.1569e+01 1.0000e+05 6.7043e-08 9.9986e-01 1.0000e+05 6.7043e-03 2.4997e+00
3.1961e+01 1.0000e+05 9.2224e-08 9.9981e-01 1.0000e+05 9.2223e-03 2.4995e+00
3.2353e+01 9.9999e+04 1.2604e-07 9.9975e-01 9.9999e+04 1.2604e-02 2.4994e+00
3.2745e+01 9.9999e+04 1.7116e-07 9.9966e-01 9.9999e+04 1.7116e-02 2.4992e+00
3.3137e+01 9.9999e+04 2.3093e-07 9.9955e-01 9.9999e+04 2.3093e-02 2.4989e+00
3.3529e+01 9.9998e+04 3.0956e-07 9.9941e-01 9.9998e+04 3.0956e-02 2.4985e+00
3.3922e+01 9.9998e+04 4.1231e-07 9.9923e-01 9.9998e+04 4.1230e-02 2.4981e+00
3.4314e+01 9.9997e+04 5.4565e-07 9.9900e-01 9.9997e+04 5.4563e-02 2.4975e+00
3.4706e+01 9.9996e+04 7.1748e-07 9.9871e-01 9.9996e+04 7.1745e-02 2.4968e+00
3.5098e+01 9.9995e+04 9.3741e-07 9.9834e-01 9.9995e+04 9.3736e-02 2.4959e+00
3.5490e+01 9.9993e+04 1.2170e-06 9.9789e-01 9.9993e+04 1.2169e-01 2.4947e+00
3.5882e+01 9.9991e+04 1.5699e-06 9.9734e-01 9.9991e+04 1.5697e-01 2.4933e+00
3.6275e+01 9.9988e+04 2.0123e-06 9.9665e-01 9.9988e+04 2.0121e-01 2.4916e+00
3.6667e+01 9.9985e+04 2.5632e-06 9.9582e-01 9.9985e+04 2.5628e-01 2.4896e+00
3.7059e+01 9.9980e+04 3.2445e-06 9.9482e-01 9.9980e+04 3.2439e-01 2.4871e+00
3.7451e+01 9.9975e+04 4.0814e-06 9.9363e-01 9.9975e+04 4.0804e-01 2.4841e+00
3.7843e+01 9.9968e+04 5.1024e-06 9.9220e-01 9.9968e+04 5.1008e-01 2.4805e+00
3.8235e+01 9.9959e+04 6.3397e-06 9.9052e-01 9.9959e+04 6.3371e-01 2.4763e+00
3.8627e+01 9.9948e+04 7.8290e-06 9.8855e-01 9.9948e+04 7.8250e-01 2.4714e+00
3.9020e+01 9.9935e+04 9.6098e-06 9.8626e-01 9.9935e+04 9.6036e-01 2.4657e+00
3.9412e+01 9.9919e+04 1.1725e-05 9.8362e-01 9.9919e+04 1.1716e+00 2.4591e+00
3.9804e+01 9.9900e+04 1.4222e-05 9.8059e-01 9.9900e+04 1.4207e+00 2.4515e+00
4.0196e+01 9.9877e+04 1.7148e-05 9.7714e-01 9.9877e+04 1.7127e+00 2.4429e+00
4.0588e+01 9.9850e+04 2.0558e-05 9.7324e-01 9.9850e+04 2.0527e+00 2.4331e+00
4.0980e+01 9.9818e+04 2.4505e-05 9.6887e-01 9.9818e+04 2.4460e+00 2.4222e+00
4.1373e+01 9.9779e+04 2.9045e-05 9.6400e-01 9.9779e+04 2.8981e+00 2.4100e+00
4.1765e+01 9.9734e+04 3.4235e-05 9.5861e-01 9.9734e+04 3.4144e+00 2.3966e+00
4.2157e+01 9.9682e+04 4.0131e-05 9.5268e-01 9.9682e+04 4.0004e+00 2.3818e+00
4.2549e+01 9.9621e+04 4.6791e-05 9.4622e-01 9.9621e+04 4.6613e+00 2.3657e+00
4.2941e+01 9.9551e+04 5.4266e-05 9.3921e-01 9.9551e+04 5.4023e+00 2.3482e+00
4.3333e+01 9.9471e+04 6.2608e-05 9.3167e-01 9.9471e+04 6.2277e+00 2.3294e+00
4.3725e+01 9.9380e+04 7.1865e-05 9.2360e-01 9.9380e+04 7.1419e+00 2.3093e+00
4.4118e+01 9.9276e+04 8.2076e-05 9.1504e-01 9.9276e+04 8.1482e+00 2.2879e+00
4.4510e+01 9.9159e+04 9.3279e-05 9.0600e-01 9.9159e+04 9.2494e+00 2.2654e+00
4.4902e+01 9.9028e+04 1.0550e-04 8.9653e-01 9.9028e+04 1.0447e+01 2.2419e+00
4.5294e+01 9.8882e+04 1.1877e-04 8.8667e-01 9.8882e+04 1.1745e+01 2.2174e+00
4.5686e+01 9.8717e+04 1.3300e-04 8.7644e-01 9.8717e+04 1.3129e+01 2.1920e+00
4.6078e+01 9.8547e+04 1.4872e-04 8.6607e-01 9.8547e+04 1.4656e+01 2.1663e+00
4.6471e+01 9.8312e+04 1.6381e-04 8.5490e-01 9.8312e+04 1.6105e+01 2.1386e+00
4.6863e+01 9.8217e+04 1.8557e-04 8.4549e-01 9.8217e+04 1.8226e+01 2.1154e+00
4.7255e+01 9.7633e+04 1.9171e-04 8.3032e-01 9.7633e+04 1.8717e+01 2.0776e+00
4.7647e+01 9.8213e+04 2.4036e-04 8.2918e-01 9.8213e+04 2.3607e+01 2.0758e+00
4.8039e+01 9.6304e+04 2.0336e-04 7.9906e-01 9.6304e+04 1.9584e+01 1.9996e+00
4.8431e+01 9.8447e+04 3.0891e-04 8.1615e-01 9.8447e+04 3.0412e+01 2.0451e+00
4.8824e+01 9.5651e+04 2.4356e-04 7.7668e-01 9.5651e+04 2.3297e+01 1.9445e+00
4.9216e+01 9.5165e+04 3.2039e-04 7.8360e-01 9.5165e+04 3.0490e+01 1.9639e+00
4.9608e+01 1.1297e+05 3.2618e-04 7.6712e-01 1.1297e+05 3.6849e+01 1.9238e+00
5.0000e+01 2.4160e+04 3.6313e-04 7.6702e-01 2.4160e+04 8.7731e+00 1.9191e+00
5.0392e+01 1.0847e+04 4.1226e-04 7.6354e-01 1.0847e+04 4.4716e+00 1.9098e+00
5.0784e+01 9.8315e+03 4.9428e-04 7.5763e-01 9.8315e+03 4.8595e+00 1.8953e+00
5.1176e+01 1.0494e+04 6.4660e-04 7.5982e-01 1.0494e+04 6.7857e+00 1.9018e+00
5.1569e+01 1.1006e+04 8.3816e-04 7.6940e-01 1.1006e+04 9.2247e+00 1.9274e+00
5.1961e+01 1.1480e+04 9.0866e-04 7.6813e-01 1.1480e+04 1.0431e+01 1.9251e+00
5.2353e+01 1.1587e+04 8.7957e-04 7.5802e-01 1.1587e+04 1.0192e+01 1.8995e+00
5.2745e+01 1.1775e+04 8.7016e-04 7.4932e-01 1.1775e+04 1.0246e+01 1.8778e+00
5.3137e+01 1.1961e+04 9.7041e-04 7.5455e-01 1.1961e+04 1.1607e+01 1.8920e+00
5.3529e+01 1.2292e+04 1.1467e-03 7.6959e-01 1.2292e+04 1.4095e+01 1.9321e+00
5.3922e+01 1.2552e+04 1.3212e-03 7.8568e-01 1.2552e+04 1.6584e+01 1.9752e+00
5.4314e+01 1.2765e+04 1.4382e-03 7.9584e-01 1.2765e+04 1.8359e+01 2.0028e+00
5.4706e+01 1.2858e+04 1.4949e-03 7.9937e-01 1.2858e+04 1.9220e+01 2.0128e+00
5.5098e+01 1.2908e+04 1.5101e-03 7.9826e-01 1.2908e+04 1.9493e+01 2.0104e+00
5.5490e+01 1.2915e+04 1.5093e-03 7.9549e-01 1.2915e+04 1.9493e+01 2.0034e+00
5.5882e+01 1.2925e+04 1.5036e-03 7.9224e-01 1.2925e+04 1.9434e+01 1.9952e+00
5.6275e+01 1.2925e+04 1.4974e-03 7.8887e-01 1.2925e+04 1.9354e+01 1.9867e+00
5.6667e+01 1.2930e+04 1.4901e-03 7.8528e-01 1.2930e+04 1.9266e+01 1.9775e+00
5.7059e+01 1.2930e+04 1.4823e-03 7.8153e-01 1.2930e+04 1.9167e+01 1.9680e+00
5.7451e+01 1.2932e+04 1.4738e-03 7.7759e-01 1.2932e+04 1.9060e+01 1.9580e+00
5.7843e+01 1.2932e+04 1.4647e-03 7.7347e-01 1.2932e+04 1.8942e+01 1.9475e+00
5.8235e+01 1.2933e+04 1.4549e-03 7.6914e-01 1.2933e+04 1.8817e+01 1.9365e+00
5.8627e+01 1.2933e+04 1.4446e-03 7.6463e-01 1.2933e+04 1.8682e+01 1.9251e+00
5.9020e+01 1.2932e+04 1.4335e-03 7.5990e-01 1.2932e+04 1.8538e+01 1.9130e+00
5.9412e+01 1.2931e+04 1.4219e-03 7.5496e-01 1.2931e+04 1.8386e+01 1.9005e+00
5.9804e+01 1.2929e+04 1.4096e-03 7.4981e-01 1.2929e+04 1.8225e+01 1.8874e+00
6.0196e+01 1.2927e+04 1.3967e-03 7.4443e-01 1.2927e+04 1.8055e+01 1.8737e+00
6.0588e+01 1.2925e+04 1.3832e-03 7.3882e-01 1.2925e+04 1.7877e+01 1.8594e+00
6.0980e+01 1.2922e+04 1.3690e-03 7.3297e-01 1.2922e+04 1.7690e+01 1.8445e+00
6.1373e+01 1.2919e+04 1.3542e-03 7.2688e-01 1.2919e+04 1.7495e+01 1.8290e+00
6.1765e+01 1.2915e+04 1.3388e-03 7.2054e-01 1.2915e+04 1.7291e+01 1.8129e+00
6.2157e+01 1.2911e+04 1.3228e-03 7.1394e-01 1.2911e+04 1.7079e+01 1.7961e+00
6.2549e+01 1.2907e+04 1.3061e-03 7.0708e-01 1.2907e+04 1.6858e+01 1.7787e+00
6.2941e+01 1.2902e+04 1.2889e-03 6.9997e-01 1.2902e+04 1.6629e+01 1.7606e+00
6.3333e+01 1.2898e+04 1.2709e-03 6.9258e-01 1.2898e+04 1.6392e+01 1.7419e+00
6.3725e+01 1.2892e+04 1.2524e-03 6.8491e-01 1.2892e+04 1.6147e+01 1.7224e+00
6.4118e+01 1.2887e+04 1.2332e-03 6.7697e-01 1.2887e+04 1.5893e+01 1.7022e+00
6.4510e+01 1.2881e+04 1.2135e-03 6.6874e-01 1.2881e+04 1.5631e+01 1.6813e+00
6.4902e+01 1.2875e+04 1.1930e-03 6.6023e-01 1.2875e+04 1.5361e+01 1.6597e+00
6.5294e+01 1.2869e+04 1.1720e-03 6.5142e-01 1.2869e+04 1.5082e+01 1.6374e+00
6.5686e+01 1.2862e+04 1.1503e-03 6.4231e-01 1.2862e+04 1.4795e+01 1.6143e+00
6.6078e+01 1.2855e+04 1.1280e-03 6.3289e-01 1.2855e+04 1.4501e+01 1.5904e+00
6.6471e+01 1.2848e+04 1.1050e-03 6.2316e-01 1.2848e+04 1.4197e+01 1.5657e+00
6.6863e+01 1.2841e+04 1.0814e-03 6.1310e-01 1.2841e+04 1.3886e+01 1.5403e+00
6.7255e+01 1.2833e+04 1.0571e-03 6.0272e-01 1.2833e+04 1.3566e+01 1.5140e+00
6.7647e+01 1.2825e+04 1.0321e-03 5.9199e-01 1.2825e+04 1.3237e+01 1.4868e+00
6.8039e+01 1.2817e+04 1.0065e-03 5.8090e-01 1.2817e+04 1.2900e+01 1.4587e+00
6.8431e+01 1.2808e+04 9.8009e-04 5.6945e-01 1.2808e+04 1.2553e+01 1.4298e+00
6.8824e+01 1.2800e+04 9.5300e-04 5.5762e-01 1.2800e+04 1.2198e+01 1.3999e+00
6.9216e+01 1.2791e+04 9.2517e-04 5.4540e-01 1.2791e+04 1.1833e+01 1.3690e+00
6.9608e+01 1.2781e+04 8.9658e-04 5.3277e-01 1.2781e+04 1.1460e+01 1.3371e+00
7.0000e+01 1.2772e+04 8.6721e-04 5.1972e-01 1.2772e+04 1.1076e+01 1.3041e+00
7.0392e+01 1.2762e+04 8.3704e-04 5.0622e-01 1.2762e+04 1.0682e+01 1.2700e+00
7.0784e+01 1.2752e+04 8.0606e-04 4.9227e-01 1.2752e+04 1.0279e+01 1.2348e+00
7.1176e+01 1.2742e+04 7.7423e-04 4.7783e-01 1.2742e+04 9.8650e+00 1.1984e+00
7.1569e+01 1.2731e+04 7.4154e-04 4.6291e-01 1.2731e+04 9.4406e+00 1.1608e+00
7.1961e+01 1.2720e+04 7.0797e-04 4.4747e-01 1.2720e+04 9.0055e+00 1.1219e+00
7.2353e+01 1.2709e+04 6.7348e-04 4.3150e-01 1.2709e+04 8.5594e+00 1.0816e+00
7.2745e+01 1.2698e+04 6.3807e-04 4.1497e-01 1.2698e+04 8.1021e+00 1.0400e+00
7.3137e+01 1.2686e+04 6.0171e-04 3.9788e-01 1.2686e+04 7.6333e+00 9.9699e-01
7.3529e+01 1.2674e+04 5.6437e-04 3.8018e-01 1.2674e+04 7.1529e+00 9.5248e-01
7.3922e+01 1.2662e+04 5.2604e-04 3.6187e-01 1.2662e+04 6.6606e+00 9.0644e-01
7.4314e+01 1.2649e+04 4.8667e-04 3.4293e-01 1.2649e+04 6.1561e+00 8.5882e-01
7.4706e+01 1.2637e+04 4.4626e-04 3.2332e-01 1.2637e+04 5.6392e+00 8.0955e-01
7.5098e+01 1.2624e+04 4.0477e-04 3.0302e-01 1.2624e+04 5.1097e+00 7.5859e-01
7.5490e+01 1.2610e+04 3.6218e-04 2.8201e-01 1.2610e+04 4.5672e+00 7.0586e-01
7.5882e+01 1.2597e+04 3.1846e-04 2.6027e-01 1.2597e+04 4.0115e+00 6.5132e-01
7.6275e+01 1.2583e+04 2.7365e-04 2.3779e-01 1.2583e+04 3.4432e+00 5.9495e-01
7.6667e+01 1.2569e+04 2.2792e-04 2.1465e-01 1.2569e+04 2.8646e+00 5.3696e-01
7.7059e+01 1.2555e+04 1.8186e-04 1.9115e-01 1.2555e+04 2.2832e+00 4.7808e-01
7.7451e+01 1.2541e+04 1.3685e-04 1.6803e-01 1.2541e+04 1.7163e+00 4.2020e-01
7.7843e+01 1.2529e+04 9.5351e-05 1.4670e-01 1.2529e+04 1.1946e+00 3.6682e-01
7.8235e+01 1.2518e+04 6.0476e-05 1.2896e-01 1.2518e+04 7.5707e-01 3.2243e-01
7.8627e+01 1.2511e+04 3.4588e-05 1.1611e-01 1.2511e+04 4.3272e-01 2.9028e-01
7.9020e+01 1.2506e+04 1.7903e-05 1.0811e-01 1.2506e+04 2.2389e-01 2.7029e-01
7.9412e+01 1.2503e+04 8.5326e-06 1.0379e-01 1.2503e+04 1.0668e-01 2.5946e-01
7.9804e+01 1.2501e+04 3.8367e-06 1.0168e-01 1.2501e+04 4.7964e-02 2.5420e-01
8.0196e+01 1.2501e+04 1.6652e-06 1.0072e-01 1.2501e+04 2.0816e-02 2.5181e-01
8.0588e+01 1.2500e+04 7.0874e-07 1.0031e-01 1.2500e+04 8.8595e-03 2.5077e-01
8.0980e+01 1.2500e+04 2.9852e-07 1.0013e-01 1.2500e+04 3.7315e-03 2.5032e-01
8.1373e+01 1.2500e+04 1.2497e-07 1.0005e-01 1.2500e+04 1.5622e-03 2.5014e-01
8.1765e+01 1.2500e+04 5.2110e-08 1.0002e-01 1.2500e+04 6.5137e-04 2.5006e-01
8.2157e+01 1.2500e+04 2.1659e-08 1.0001e-01 1.2500e+04 2.7074e-04 2.5002e-01
8.2549e+01 1.2500e+04 8.9772e-09 1.0000e-01 1.2500e+04 1.1222e-04 2.5001e-01
8.2941e+01 1.2500e+04 3.7109e-09 1.0000e-01 1.2500e+04 4.6387e-05 2.5000e-01
8.3333e+01 1.2500e+04 1.5300e-09 1.0000e-01 1.2500e+04 1.9125e-05 2.5000e-01
8.3725e+01 1.2500e+04 6.2915e-10 1.0000e-01 1.2500e+04 7.8644e-06 2.5000e-01
8.4118e+01 1.2500e+04 2.5804e-10 1.0000e-01 1.2500e+04 3.2255e-06 2.5000e-01
8.4510e+01 1.2500e+04 1.0556e-10 1.0000e-01 1.2500e+04 1.3195e-06 2.5000e-01
8.4902e+01 1.2500e+04 4.3066e-11 1.0000e-01 1.2500e+04 5.3833e-07 2.5000e-01
8.5294e+01 1.2500e+04 1.7524e-11 1.0000e-01 1.2500e+04 2.1905e-07 2.5000e-01
8.5686e+01 1.2500e+04 7.1117e-12 1.0000e-01 1.2500e+04 8.8896e-08 2.5000e-01
8.6078e+01 1.2500e+04 2.8784e-12 1.0000e-01 1.2500e+04 3.5980e-08 2.5000e-01
8.6471e+01 1.2500e+04 1.1619e-12 1.0000e-01 1.2500e+04 1.4523e-08 2.5000e-01
8.6863e+01 1.2500e+04 4.6771e-13 1.0000e-01 1.2500e+04 5.8463e-09 2.5000e-01
8.7255e+01 1.2500e+04 1.8776e-13 1.0000e-01 1.2500e+04 2.3470e-09 2.5000e-01
8.7647e+01 1.2500e+04 7.5169e-14 1.0000e-01 1.2500e+04 9.3962e-10 2.5000e-01
8.8039e+01 1.2500e+04 3.0010e-14 1.0000e-01 1.2500e+04 3.7512e-10 2.5000e-01
8.8431e+01 1.2500e+04 1.1947e-14 1.0000e-01 1.2500e+04 1.4933e-10 2.5000e-01
8.8824e+01 1.2500e+04 4.7414e-15 1.0000e-01 1.2500e+04 5.9267e-11 2.5000e-01
8.9216e+01 1.2500e+04 1.8751e-15 1.0000e-01 1.2500e+04 2.3438e-11 2.5000e-01
8.9608e+01 1.2500e+04 7.3815e-16 1.0000e-01 1.2500e+04 9.2269e-12 2.5000e-01
9.0000e+01 1.2500e+04 2.8844e-16 1.0000e-01 1.2500e+04 3.6056e-12 2.5000e-01
9.0392e+01 1.2500e+04 1.1116e-16 1.0000e-01 1.2500e+04 1.3895e-12 2.5000e-01
9.0784e+01 1.2500e+04 4.1699e-17 1.0000e-01 1.2500e+04 5.2123e-13 2.5000e-01
9.1176e+01 1.2500e+04 1.4648e-17 1.0000e-01 1.2500e+04 1.8310e-13 2.5000e-01
9.1569e+01 1.2500e+04 4.2172e-18 1.0000e-01 1.2500e+04 5.2714e-14 2.5000e-01
9.1961e+01 1.2500e+04 5.7301e-19 1.0000e-01 1.2500e+04 7.1626e-15 2.5000e-01
9.2353e+01 1.2500e+04 1.0758e-20 1.0000e-01 1.2500e+04 1.3448e-16 2.5000e-01
9.2745e+01 1.2500e+04 0.0000e+00 1.0000e-01 1.2500e+04 0.0000e+00 2.5000e-01
9.3137e+01 1.2500e+04 0.0000e+00 1.0000e-01 1.2500e+04 0.0000e+00 2.5000e-01
9.3529e+01 1.2500e+04 0.0000e+00 1.0000e-01 1.2500e+04 0.0000e+00 2.5000e-01
9.3922e+01 1.2500e+04 0.0000e+00 1.0000e-01 1.2500e+04 0.0000e+00 2.5000e-01
9.4314e+01 1.2500e+04 0.0000e+00 1.0000e-01 1.2500e+04 0.0000e+00 2.5000e-01
9.4706e+01 1.2500e+04 0.0000e+00 1.0000e-01 1.2500e+04 0.0000e+00 2.5000e-01
9.5098e+01 1.2500e+04 0.0000e+00 1.0000e-01 1.2500e+04 0.0000e+00 2.5000e-01
9.5490e+01 1.2500e+04 0.0000e+00 1.0000e-01 1.2500e+04 0.0000e+00 2.5000e-01
9.5882e+01 1.2500e+04 0.0000e+00 1.0000e-01 1.2500e+04 0.0000e+00 2.5000e-01
9.6275e+01 1.2500e+04 0.0000e+00 1.0000e-01 1.2500e+04 0.0000e+00 2.5000e-01
9.6667e+01 1.2500e+04 0.0000e+00 1.0000e-01 1.2500e+04 0.0000e+00 2.5000e-01
9.7059e+01 1.2500e+04 0.0000e+00 1.0000e-01 1.2500e+04 0.0000e+00 2.5000e-01
9.7451e+01 1.2500e+04 0.0000e+00 1.0000e-01 1.2500e+04 0.0000e+00 2.5000e-01
9.7843e+01 1.2500e+04 0.0000e+00 1.0000e-01 1.2500e+04 0.0000e+00 2.5000e-01
9.8235e+01 1.2500e+04 0.0000e+00 1.0000e-01 1.2500e+04 0.0000e+00 2.5000e-01
9.8627e+01 1.2500e+04 0.0000e+00 1.0000e-01 1.2500e+04 0.0000e+00 2.5000e-01
9.9020e+01 1.2500e+04 0.0000e+00 1.0000e-01 1.2500e+04 0.0000e+00 2.5000e-01
9.9412e+01 1.2500e+04 0.0000e+00 1.0000e-01 1.2500e+04 0.0000e+00 2.5000e-01
9.9804e+01 1.2500e+04 0.0000e+00 1.0000e-01 1.2500e+04 0.0000e+00 2.5000e-01
