# # x Density Velocity Pressure q0 q1 q2
1.9608e-01 1.0000e+05 0.0000e+00 1.0000e+00 1.0000e+05 0.0000e+00 2.5000e+00
5.8824e-01 1.0000e+05 0.0000e+00 1.0000e+00 1.0000e+05 0.0000e+00 2.5000e+00
9.8039e-01 1.0000e+05 0.0000e+00 1.0000e+00 1.0000e+05 0.0000e+00 2.5000e+00
1.3725e+00 1.0000e+05 0.0000e+00 1.0000e+00 1.0000e+05 0.0000e+00 2.5000e+00
1.7647e+00 1.0000e+05 0.0000e+00 1.0000e+00 1.0000e+05 0.0000e+00 2.5000e+00
2.1569e+00 1.0000e+05 0.0000e+00 1.0000e+00 1.0000e+05 0.0000e+00 2.5000e+00
2.5490e+00 1.0000e+05 0.0000e+00 1.0000e+00 1.0000e+05 0.0000e+00 2.5000e+00
2.9412e+00 1.0000e+05 0.0000e+00 1.0000e+00 1.0000e+05 0.0000e+00 2.5000e+00
3.3333e+00 1.0000e+05 0.0000e+00 1.0000e+00 1.0000e+05 0.0000e+00 2.5000e+00
3.7255e+00 1.0000e+05 0.0000e+00 1.0000e+00 1.0000e+05 0.0000e+00 2.5000e+00
4.1176e+00 1.0000e+05 0.0000e+00 1.0000e+00 1.0000e+05 0.0000e+00 2.5000e+00
4.5098e+00 1.0000e+05 0.0000e+00 1.0000e+00 1.0000e+05 0.0000e+00 2.5000e+00
4.9020e+00 1.0000e+05 0.0000e+00 1.0000e+00 1.0000e+05 0.0000e+00 2.5000e+00
5.2941e+00 1.0000e+05 0.0000e+00 1.0000e+00 1.0000e+05 0.0000e+00 2.5000e+00
5.6863e+00 1.0000e+05 0.0000e+00 1.0000e+00 1.0000e+05 0.0000e+00 2.5000e+00
6.0784e+00 1.0000e+05 0.0000e+00 1.0000e+00 1.0000e+05 0.0000e+00 2.5000e+00
6.4706e+00 1.0000e+05 0.0000e+00 1.0000e+00 1.0000e+05 0.0000e+00 2.5000e+00
6.8627e+00 1.0000e+05 0.0000e+00 1.0000e+00 1.0000e+05 0.0000e+00 2.5000e+00
7.2549e+00 1.0000e+05 0.0000e+00 1.0000e+00 1.0000e+05 0.0000e+00 2.5000e+00
7.6471e+00 1.0000e+05 0.0000e+00 1.0000e+00 1.0000e+05 0.0000e+00 2.5000e+00
8.0392e+00 1.0000e+05 0.0000e+00 1.0000e+00 1.0000e+05 0.0000e+00 2.5000e+00
8.4314e+00 1.0000e+05 0.0000e+00 1.0000e+00 1.0000e+05 0.0000e+00 2.5000e+00
8.8235e+00 1.0000e+05 0.0000e+00 1.0000e+00 1.0000e+05 0.0000e+00 2.5000e+00
9.2157e+00 1.0000e+05 0.0000e+00 1.0000e+00 1.0000e+05 0.0000e+00 2.5000e+00
9.6078e+00 1.0000e+05 0.0000e+00 1.0000e+00 1.0000e+05 0.0000e+00 2.5000e+00
1.0000e+01 1.0000e+05 0.0000e+00 1.0000e+00 1.0000e+05 0.0000e+00 2.5000e+00
1.0392e+01 1.0000e+05 0.0000e+00 1.0000e+00 1.0000e+05 0.0000e+00 2.5000e+00
1.0784e+01 1.0000e+05 7.6439e-20 1.0000e+00 1.0000e+05 7.6439e-15 2.5000e+00
1.1176e+01 1.0000e+05 8.4989e-19 1.0000e+00 1.0000e+05 8.4989e-14 2.5000e+00
1.1569e+01 1.0000e+05 3.2065e-18 1.0000e+00 1.0000e+05 3.2065e-13 2.5000e+00
1.1961e+01 1.0000e+05 7.2557e-18 1.0000e+00 1.0000e+05 7.2557e-13 2.5000e+00
1.2353e+01 1.0000e+05 1.3061e-17 1.0000e+00 1.0000e+05 1.3061e-12 2.5000e+00
1.2745e+01 1.0000e+05 2.1755e-17 1.0000e+00 1.0000e+05 2.1755e-12 2.5000e+00
1.3137e+01 1.0000e+05 3.6050e-17 1.0000e+00 1.0000e+05 3.6050e-12 2.5000e+00
1.3529e+01 1.0000e+05 6.0151e-17 1.0000e+00 1.0000e+05 6.0151e-12 2.5000e+00
1.3922e+01 1.0000e+05 1.0262e-16 1.0000e+00 1.0000e+05 1.0262e-11 2.5000e+00
1.4314e+01 1.0000e+05 1.7774e-16 1.0000e+00 1.0000e+05 1.7774e-11 2.5000e+00
1.4706e+01 1.0000e+05 3.1110e-16 1.0000e+00 1.0000e+05 3.1110e-11 2.5000e+00
1.5098e+01 1.0000e+05 5.4687e-16 1.0000e+00 1.0000e+05 5.4687e-11 2.5000e+00
1.5490e+01 1.0000e+05 9.6132e-16 1.0000e+00 1.0000e+05 9.6132e-11 2.5000e+00
1.5882e+01 1.0000e+05 1.6869e-15 1.0000e+00 1.0000e+05 1.6869e-10 2.5000e+00
1.6275e+01 1.0000e+05 2.9488e-15 1.0000e+00 1.0000e+05 2.9488e-10 2.5000e+00
1.6667e+01 1.0000e+05 5.1298e-15 1.0000e+00 1.0000e+05 5.1298e-10 2.5000e+00
1.7059e+01 1.0000e+05 8.8752e-15 1.0000e+00 1.0000e+05 8.8752e-10 2.5000e+00
1.7451e+01 1.0000e+05 1.5270e-14 1.0000e+00 1.0000e+05 1.5270e-09 2.5000e+00
1.7843e+01 1.0000e+05 2.6117e-14 1.0000e+00 1.0000e+05 2.6117e-09 2.5000e+00
1.8235e+01 1.0000e+05 4.4404e-14 1.0000e+00 1.0000e+05 4.4404e-09 2.5000e+00
1.8627e+01 1.0000e+05 7.5049e-14 1.0000e+00 1.0000e+05 7.5049e-09 2.5000e+00
1.9020e+01 1.0000e+05 1.2608e-13 1.0000e+00 1.0000e+05 1.2608e-08 2.5000e+00
1.9412e+01 1.0000e+05 2.1054e-13 1.0000e+00 1.0000e+05 2.1054e-08 2.5000e+00
1.9804e+01 1.0000e+05 3.4945e-13 1.0000e+00 1.0000e+05 3.4945e-08 2.5000e+00
2.0196e+01 1.0000e+05 5.7650e-13 1.0000e+00 1.0000e+05 5.7650e-08 2.5000e+00
2.0588e+01 1.0000e+05 9.4528e-13 1.0000e+00 1.0000e+05 9.4528e-08 2.5000e+00
2.0980e+01 1.0000e+05 1.5405e-12 1.0000e+00 1.0000e+05 1.5405e-07 2.5000e+00
2.1373e+01 1.0000e+05 2.4953e-12 1.0000e+00 1.0000e+05 2.4953e-07 2.5000e+00
2.1765e+01 1.0000e+05 4.0172e-12 1.0000e+00 1.0000e+05 4.0172e-07 2.5000e+00
2.2157e+01 1.0000e+05 6.4275e-12 1.0000e+00 1.0000e+05 6.4275e-07 2.5000e+00
2.2549e+01 1.0000e+05 1.0221e-11 1.0000e+00 1.0000e+05 1.0221e-06 2.5000e+00
2.2941e+01 1.0000e+05 1.6153e-11 1.0000e+00 1.0000e+05 1.6153e-06 2.5000e+00
2.3333e+01 1.0000e+05 2.5370e-11 1.0000e+00 1.0000e+05 2.5370e-06 2.5000e+00
2.3725e+01 1.0000e+05 3.9601e-11 1.0000e+00 1.0000e+05 3.9601e-06 2.5000e+00
2.4118e+01 1.0000e+05 6.1432e-11 1.0000e+00 1.0000e+05 6.1432e-06 2.5000e+00
2.4510e+01 1.0000e+05 9.4707e-11 1.0000e+00 1.0000e+05 9.4707e-06 2.5000e+00
2.4902e+01 1.0000e+05 1.4510e-10 1.0000e+00 1.0000e+05 1.4510e-05 2.5000e+00
2.5294e+01 1.0000e+05 2.2092e-10 1.0000e+00 1.0000e+05 2.2092e-05 2.5000e+00
2.5686e+01 1.0000e+05 3.3425e-10 1.0000e+00 1.0000e+05 3.3425e-05 2.5000e+00
2.6078e+01 1.0000e+05 5.0258e-10 1.0000e+00 1.0000e+05 5.0258e-05 2.5000e+00
2.6471e+01 1.0000e+05 7.5094e-10 1.0000e+00 1.0000e+05 7.5094e-05 2.5000e+00
2.6863e+01 1.0000e+05 1.1150e-09 1.0000e+00 1.0000e+05 1.1150e-04 2.5000e+00
2.7255e+01 1.0000e+05 1.6452e-09 1.0000e+00 1.0000e+05 1.6452e-04 2.5000e+00
2.7647e+01 1.0000e+05 2.4123e-09 9.9999e-01 1.0000e+05 2.4123e-04 2.5000e+00
2.8039e+01 1.0000e+05 3.5147e-09 9.9999e-01 1.0000e+05 3.5147e-04 2.5000e+00
2.8431e+01 1.0000e+05 5.0886e-09 9.9999e-01 1.0000e+05 5.0886e-04 2.5000e+00
2.8824e+01 1.0000e+05 7.3210e-09 9.9998e-01 1.0000e+05 7.3210e-04 2.5000e+00
2.9216e+01 1.0000e+05 1.0466e-08 9.9998e-01 1.0000e+05 1.0466e-03 2.4999e+00
2.9608e+01 1.0000e+05 1.4868e-08 9.9997e-01 1.0000e+05 1.4868e-03 2.4999e+00
3.0000e+01 1.0000e+05 2.0988e-08 9.9995e-01 1.0000e+05 2.0988e-03 2.4999e+00
3.0392e+01 1.0000e+05 2.9440e-08 9.9994e-01 1.0000e+05 2.9439e-03 2.4998e+00
3.0784e+01 1.0000e+05 4.1033e-08 9.9991e-01 1.0000e+05 4.1033e-03 2.4998e+00
3.1176e+01 1.0000e+05 5.6830e-08 9.9988e-01 1.0000e+05 5.6829e-03 2.4997e+00
3.1569e+01 1.0000e+05 7.8210e-08 9.9984e-01 1.0000e+05 7.8209e-03 2.4996e+00
3.1961e+01 9.9999e+04 1.0695e-07 9.9978e-01 9.9999e+04 1.0695e-02 2.4995e+00
3.2353e+01 9.9999e+04 1.4533e-07 9.9971e-01 9.9999e+04 1.4533e-02 2.4993e+00
3.2745e+01 9.9999e+04 1.9623e-07 9.9962e-01 9.9999e+04 1.9623e-02 2.4990e+00
3.3137e+01 9.9999e+04 2.6329e-07 9.9950e-01 9.9999e+04 2.6329e-02 2.4987e+00
3.3529e+01 9.9998e+04 3.5104e-07 9.9934e-01 9.9998e+04 3.5103e-02 2.4984e+00
3.3922e+01 9.9997e+04 4.6508e-07 9.9914e-01 9.9997e+04 4.6506e-02 2.4979e+00
3.4314e+01 9.9997e+04 6.1229e-07 9.9889e-01 9.9997e+04 6.1227e-02 2.4972e+00
3.4706e+01 9.9996e+04 8.0104e-07 9.9858e-01 9.9996e+04 8.0100e-02 2.4964e+00
3.5098e+01 9.9994e+04 1.0414e-06 9.9819e-01 9.9994e+04 1.0414e-01 2.4955e+00
3.5490e+01 9.9992e+04 1.3455e-06 9.9770e-01 9.9992e+04 1.3454e-01 2.4943e+00
3.5882e+01 9.9990e+04 1.7275e-06 9.9711e-01 9.9990e+04 1.7273e-01 2.4928e+00
3.6275e+01 9.9987e+04 2.2043e-06 9.9639e-01 9.9987e+04 2.2040e-01 2.4910e+00
3.6667e+01 9.9983e+04 2.7954e-06 9.9551e-01 9.9983e+04 2.7949e-01 2.4888e+00
3.7059e+01 9.9978e+04 3.5232e-06 9.9446e-01 9.9978e+04 3.5224e-01 2.4861e+00
3.7451e+01 9.9972e+04 4.4134e-06 9.9321e-01 9.9972e+04 4.4122e-01 2.4830e+00
3.7843e+01 9.9965e+04 5.4951e-06 9.9172e-01 9.9965e+04 5.4932e-01 2.4793e+00
3.8235e+01 9.9955e+04 6.8009e-06 9.8997e-01 9.9955e+04 6.7979e-01 2.4749e+00
3.8627e+01 9.9944e+04 8.3668e-06 9.8793e-01 9.9944e+04 8.3621e-01 2.4698e+00
3.9020e+01 9.9930e+04 1.0232e-05 9.8557e-01 9.9930e+04 1.0225e+00 2.4639e+00
3.9412e+01 9.9913e+04 1.2441e-05 9.8285e-01 9.9913e+04 1.2430e+00 2.4571e+00
3.9804e+01 9.9893e+04 1.5038e-05 9.7975e-01 9.9893e+04 1.5022e+00 2.4494e+00
4.0196e+01 9.9869e+04 1.8074e-05 9.7622e-01 9.9869e+04 1.8050e+00 2.4406e+00
4.0588e+01 9.9841e+04 2.1600e-05 9.7225e-01 9.9841e+04 2.1565e+00 2.4306e+00
4.0980e+01 9.9807e+04 2.5669e-05 9.6780e-01 9.9807e+04 2.5619e+00 2.4195e+00
4.1373e+01 9.9767e+04 3.0337e-05 9.6286e-01 9.9767e+04 3.0266e+00 2.4072e+00
4.1765e+01 9.9720e+04 3.5658e-05 9.5741e-01 9.9720e+04 3.5559e+00 2.3936e+00
4.2157e+01 9.9666e+04 4.1690e-05 9.5143e-01 9.9666e+04 4.1550e+00 2.3787e+00
4.2549e+01 9.9603e+04 4.8484e-05 9.4492e-01 9.9603e+04 4.8292e+00 2.3624e+00
4.2941e+01 9.9531e+04 5.6095e-05 9.3787e-01 9.9531e+04 5.5832e+00 2.3448e+00
4.3333e+01 9.9449e+04 6.4570e-05 9.3031e-01 9.9449e+04 6.4214e+00 2.3260e+00
4.3725e+01 9.9355e+04 7.3954e-05 9.2223e-01 9.9355e+04 7.3477e+00 2.3059e+00
4.4118e+01 9.9249e+04 8.4286e-05 9.1367e-01 9.9249e+04 8.3654e+00 2.2845e+00
4.4510e+01 9.9130e+04 9.5602e-05 9.0465e-01 9.9130e+04 9.4770e+00 2.2621e+00
4.4902e+01 9.8996e+04 1.0792e-04 8.9520e-01 9.8996e+04 1.0684e+01 2.2386e+00
4.5294e+01 9.8848e+04 1.2129e-04 8.8539e-01 9.8848e+04 1.1990e+01 2.2142e+00
4.5686e+01 9.8680e+04 1.3558e-04 8.7520e-01 9.8680e+04 1.3379e+01 2.1889e+00
4.6078e+01 9.8509e+04 1.5142e-04 8.6491e-01 9.8509e+04 1.4916e+01 2.1634e+00
4.6471e+01 9.8266e+04 1.6637e-04 8.5375e-01 9.8266e+04 1.6348e+01 2.1357e+00
4.6863e+01 9.8184e+04 1.8869e-04 8.4460e-01 9.8184e+04 1.8526e+01 2.1132e+00
4.7255e+01 9.7563e+04 1.9363e-04 8.2911e-01 9.7563e+04 1.8891e+01 2.0746e+00
4.7647e+01 9.8202e+04 2.4439e-04 8.2876e-01 9.8202e+04 2.3999e+01 2.0748e+00
4.8039e+01 9.6218e+04 2.0478e-04 7.9790e-01 9.6218e+04 1.9704e+01 1.9968e+00
4.8431e+01 9.8398e+04 3.1166e-04 8.1552e-01 9.8398e+04 3.0667e+01 2.0436e+00
4.8824e+01 9.5652e+04 2.4788e-04 7.7671e-01 9.5652e+04 2.3710e+01 1.9447e+00
4.9216e+01 9.4993e+04 3.2141e-04 7.8270e-01 9.4993e+04 3.0532e+01 1.9617e+00
4.9608e+01 1.1325e+05 3.2824e-04 7.6671e-01 1.1325e+05 3.7172e+01 1.9229e+00
5.0000e+01 2.4574e+04 3.6381e-04 7.6635e-01 2.4574e+04 8.9403e+00 1.9175e+00
5.0392e+01 1.0897e+04 4.2035e-04 7.6416e-01 1.0897e+04 4.5807e+00 1.9114e+00
5.0784e+01 9.8040e+03 4.9916e-04 7.5810e-01 9.8040e+03 4.8937e+00 1.8965e+00
5.1176e+01 1.0440e+04 6.3103e-04 7.5829e-01 1.0440e+04 6.5879e+00 1.8978e+00
5.1569e+01 1.0957e+04 8.2459e-04 7.6825e-01 1.0957e+04 9.0354e+00 1.9243e+00
5.1961e+01 1.1465e+04 9.1877e-04 7.6996e-01 1.1465e+04 1.0534e+01 1.9297e+00
5.2353e+01 1.1590e+04 9.0074e-04 7.6147e-01 1.1590e+04 1.0440e+01 1.9084e+00
5.2745e+01 1.1760e+04 8.7678e-04 7.5065e-01 1.1760e+04 1.0311e+01 1.8812e+00
5.3137e+01 1.1916e+04 9.4848e-04 7.5229e-01 1.1916e+04 1.1302e+01 1.8861e+00
5.3529e+01 1.2229e+04 1.1103e-03 7.6540e-01 1.2229e+04 1.3578e+01 1.9210e+00
5.3922e+01 1.2496e+04 1.2889e-03 7.8175e-01 1.2496e+04 1.6106e+01 1.9648e+00
5.4314e+01 1.2729e+04 1.4199e-03 7.9346e-01 1.2729e+04 1.8074e+01 1.9965e+00
5.4706e+01 1.2841e+04 1.4898e-03 7.9855e-01 1.2841e+04 1.9131e+01 2.0106e+00
5.5098e+01 1.2903e+04 1.5131e-03 7.9838e-01 1.2903e+04 1.9524e+01 2.0107e+00
5.5490e+01 1.2916e+04 1.5152e-03 7.9594e-01 1.2916e+04 1.9569e+01 2.0047e+00
5.5882e+01 1.2927e+04 1.5102e-03 7.9283e-01 1.2927e+04 1.9522e+01 1.9968e+00
5.6275e+01 1.2927e+04 1.5043e-03 7.8958e-01 1.2927e+04 1.9447e+01 1.9886e+00
5.6667e+01 1.2932e+04 1.4974e-03 7.8611e-01 1.2932e+04 1.9365e+01 1.9798e+00
5.7059e+01 1.2933e+04 1.4901e-03 7.8250e-01 1.2933e+04 1.9271e+01 1.9706e+00
5.7451e+01 1.2935e+04 1.4819e-03 7.7869e-01 1.2935e+04 1.9169e+01 1.9609e+00
5.7843e+01 1.2935e+04 1.4732e-03 7.7472e-01 1.2935e+04 1.9057e+01 1.9508e+00
5.8235e+01 1.2936e+04 1.4638e-03 7.7055e-01 1.2936e+04 1.8936e+01 1.9402e+00
5.8627e+01 1.2936e+04 1.4539e-03 7.6619e-01 1.2936e+04 1.8807e+01 1.9291e+00
5.9020e+01 1.2936e+04 1.4432e-03 7.6163e-01 1.2936e+04 1.8669e+01 1.9176e+00
5.9412e+01 1.2935e+04 1.4320e-03 7.5687e-01 1.2935e+04 1.8523e+01 1.9054e+00
5.9804e+01 1.2933e+04 1.4202e-03 7.5190e-01 1.2933e+04 1.8368e+01 1.8928e+00
6.0196e+01 1.2931e+04 1.4078e-03 7.4672e-01 1.2931e+04 1.8204e+01 1.8796e+00
6.0588e+01 1.2929e+04 1.3947e-03 7.4131e-01 1.2929e+04 1.8032e+01 1.8658e+00
6.0980e+01 1.2927e+04 1.3810e-03 7.3567e-01 1.2927e+04 1.7852e+01 1.8515e+00
6.1373e+01 1.2924e+04 1.3667e-03 7.2980e-01 1.2924e+04 1.7663e+01 1.8366e+00
6.1765e+01 1.2920e+04 1.3518e-03 7.2369e-01 1.2920e+04 1.7466e+01 1.8210e+00
6.2157e+01 1.2917e+04 1.3363e-03 7.1733e-01 1.2917e+04 1.7261e+01 1.8049e+00
6.2549e+01 1.2913e+04 1.3202e-03 7.1072e-01 1.2913e+04 1.7047e+01 1.7881e+00
6.2941e+01 1.2908e+04 1.3034e-03 7.0385e-01 1.2908e+04 1.6825e+01 1.7706e+00
6.3333e+01 1.2904e+04 1.2861e-03 6.9673e-01 1.2904e+04 1.6595e+01 1.7525e+00
6.3725e+01 1.2899e+04 1.2681e-03 6.8933e-01 1.2899e+04 1.6357e+01 1.7337e+00
6.4118e+01 1.2893e+04 1.2495e-03 6.8167e-01 1.2893e+04 1.6110e+01 1.7142e+00
6.4510e+01 1.2888e+04 1.2303e-03 6.7373e-01 1.2888e+04 1.5856e+01 1.6941e+00
6.4902e+01 1.2882e+04 1.2105e-03 6.6551e-01 1.2882e+04 1.5593e+01 1.6732e+00
6.5294e+01 1.2876e+04 1.1900e-03 6.5700e-01 1.2876e+04 1.5322e+01 1.6516e+00
6.5686e+01 1.2869e+04 1.1689e-03 6.4820e-01 1.2869e+04 1.5043e+01 1.6293e+00
6.6078e+01 1.2863e+04 1.1472e-03 6.3911e-01 1.2863e+04 1.4756e+01 1.6062e+00
6.6471e+01 1.2856e+04 1.1249e-03 6.2971e-01 1.2856e+04 1.4461e+01 1.5824e+00
6.6863e+01 1.2849e+04 1.1019e-03 6.2000e-01 1.2849e+04 1.4158e+01 1.5578e+00
6.7255e+01 1.2841e+04 1.0783e-03 6.0997e-01 1.2841e+04 1.3846e+01 1.5324e+00
6.7647e+01 1.2833e+04 1.0540e-03 5.9961e-01 1.2833e+04 1.3526e+01 1.5062e+00
6.8039e+01 1.2825e+04 1.0291e-03 5.8892e-01 1.2825e+04 1.3198e+01 1.4791e+00
6.8431e+01 1.2817e+04 1.0034e-03 5.7787e-01 1.2817e+04 1.2861e+01 1.4511e+00
6.8824e+01 1.2809e+04 9.7709e-04 5.6647e-01 1.2809e+04 1.2515e+01 1.4223e+00
6.9216e+01 1.2800e+04 9.5005e-04 5.5469e-01 1.2800e+04 1.2161e+01 1.3925e+00
6.9608e+01 1.2791e+04 9.2228e-04 5.4252e-01 1.2791e+04 1.1797e+01 1.3617e+00
7.0000e+01 1.2782e+04 8.9376e-04 5.2995e-01 1.2782e+04 1.1424e+01 1.3300e+00
7.0392e+01 1.2772e+04 8.6447e-04 5.1697e-01 1.2772e+04 1.1041e+01 1.2972e+00
7.0784e+01 1.2762e+04 8.3440e-04 5.0355e-01 1.2762e+04 1.0649e+01 1.2633e+00
7.1176e+01 1.2752e+04 8.0353e-04 4.8968e-01 1.2752e+04 1.0247e+01 1.2283e+00
7.1569e+01 1.2742e+04 7.7183e-04 4.7535e-01 1.2742e+04 9.8345e+00 1.1922e+00
7.1961e+01 1.2731e+04 7.3928e-04 4.6053e-01 1.2731e+04 9.4120e+00 1.1548e+00
7.2353e+01 1.2720e+04 7.0586e-04 4.4520e-01 1.2720e+04 8.9789e+00 1.1162e+00
7.2745e+01 1.2709e+04 6.7156e-04 4.2936e-01 1.2709e+04 8.5350e+00 1.0763e+00
7.3137e+01 1.2698e+04 6.3634e-04 4.1297e-01 1.2698e+04 8.0802e+00 1.0350e+00
7.3529e+01 1.2686e+04 6.0019e-04 3.9603e-01 1.2686e+04 7.6142e+00 9.9236e-01
7.3922e+01 1.2674e+04 5.6308e-04 3.7850e-01 1.2674e+04 7.1367e+00 9.4827e-01
7.4314e+01 1.2662e+04 5.2499e-04 3.6037e-01 1.2662e+04 6.6476e+00 9.0268e-01
7.4706e+01 1.2650e+04 4.8590e-04 3.4162e-01 1.2650e+04 6.1466e+00 8.5555e-01
7.5098e+01 1.2637e+04 4.4578e-04 3.2223e-01 1.2637e+04 5.6334e+00 8.0682e-01
7.5490e+01 1.2624e+04 4.0461e-04 3.0216e-01 1.2624e+04 5.1078e+00 7.5643e-01
7.5882e+01 1.2611e+04 3.6235e-04 2.8140e-01 1.2611e+04 4.5696e+00 7.0432e-01
7.6275e+01 1.2597e+04 3.1900e-04 2.5992e-01 1.2597e+04 4.0185e+00 6.5043e-01
7.6667e+01 1.2583e+04 2.7457e-04 2.3772e-01 1.2583e+04 3.4550e+00 5.9478e-01
7.7059e+01 1.2569e+04 2.2923e-04 2.1488e-01 1.2569e+04 2.8812e+00 5.3752e-01
7.7451e+01 1.2555e+04 1.8353e-04 1.9166e-01 1.2555e+04 2.3042e+00 4.7935e-01
7.7843e+01 1.2542e+04 1.3877e-04 1.6876e-01 1.2542e+04 1.7404e+00 4.2203e-01
7.8235e+01 1.2530e+04 9.7307e-05 1.4754e-01 1.2530e+04 1.2192e+00 3.6890e-01
7.8627e+01 1.2519e+04 6.2207e-05 1.2973e-01 1.2519e+04 7.7877e-01 3.2435e-01
7.9020e+01 1.2511e+04 3.5893e-05 1.1669e-01 1.2511e+04 4.4906e-01 2.9174e-01
7.9412e+01 1.2506e+04 1.8742e-05 1.0848e-01 1.2506e+04 2.3439e-01 2.7120e-01
7.9804e+01 1.2503e+04 9.0016e-06 1.0399e-01 1.2503e+04 1.1255e-01 2.5996e-01
8.0196e+01 1.2501e+04 4.0733e-06 1.0178e-01 1.2501e+04 5.0921e-02 2.5445e-01
8.0588e+01 1.2501e+04 1.7768e-06 1.0077e-01 1.2501e+04 2.2211e-02 2.5193e-01
8.0980e+01 1.2500e+04 7.5947e-07 1.0033e-01 1.2500e+04 9.4936e-03 2.5082e-01
8.1373e+01 1.2500e+04 3.2110e-07 1.0014e-01 1.2500e+04 4.0138e-03 2.5035e-01
8.1765e+01 1.2500e+04 1.3492e-07 1.0006e-01 1.2500e+04 1.6865e-03 2.5015e-01
8.2157e+01 1.2500e+04 5.6456e-08 1.0002e-01 1.2500e+04 7.0570e-04 2.5006e-01
8.2549e+01 1.2500e+04 2.3549e-08 1.0001e-01 1.2500e+04 2.9436e-04 2.5003e-01
8.2941e+01 1.2500e+04 9.7953e-09 1.0000e-01 1.2500e+04 1.2244e-04 2.5001e-01
8.3333e+01 1.2500e+04 4.0637e-09 1.0000e-01 1.2500e+04 5.0796e-05 2.5000e-01
8.3725e+01 1.2500e+04 1.6815e-09 1.0000e-01 1.2500e+04 2.1019e-05 2.5000e-01
8.4118e+01 1.2500e+04 6.9403e-10 1.0000e-01 1.2500e+04 8.6754e-06 2.5000e-01
8.4510e+01 1.2500e+04 2.8572e-10 1.0000e-01 1.2500e+04 3.5714e-06 2.5000e-01
8.4902e+01 1.2500e+04 1.1732e-10 1.0000e-01 1.2500e+04 1.4665e-06 2.5000e-01
8.5294e+01 1.2500e+04 4.8048e-11 1.0000e-01 1.2500e+04 6.0061e-07 2.5000e-01
8.5686e+01 1.2500e+04 1.9627e-11 1.0000e-01 1.2500e+04 2.4534e-07 2.5000e-01
8.6078e+01 1.2500e+04 7.9965e-12 1.0000e-01 1.2500e+04 9.9956e-08 2.5000e-01
8.6471e+01 1.2500e+04 3.2493e-12 1.0000e-01 1.2500e+04 4.0617e-08 2.5000e-01
8.6863e+01 1.2500e+04 1.3169e-12 1.0000e-01 1.2500e+04 1.6461e-08 2.5000e-01
8.7255e+01 1.2500e+04 5.3226e-13 1.0000e-01 1.2500e+04 6.6532e-09 2.5000e-01
8.7647e+01 1.2500e+04 2.1456e-13 1.0000e-01 1.2500e+04 2.6820e-09 2.5000e-01
8.8039e+01 1.2500e+04 8.6255e-14 1.0000e-01 1.2500e+04 1.0782e-09 2.5000e-01
8.8431e+01 1.2500e+04 3.4581e-14 1.0000e-01 1.2500e+04 4.3227e-10 2.5000e-01
8.8824e+01 1.2500e+04 1.3825e-14 1.0000e-01 1.2500e+04 1.7282e-10 2.5000e-01
8.9216e+01 1.2500e+04 5.5107e-15 1.0000e-01 1.2500e+04 6.8884e-11 2.5000e-01
8.9608e+01 1.2500e+04 2.1892e-15 1.0000e-01 1.2500e+04 2.7365e-11 2.5000e-01
9.0000e+01 1.2500e+04 8.6600e-16 1.0000e-01 1.2500e+04 1.0825e-11 2.5000e-01
9.0392e+01 1.2500e+04 3.4025e-16 1.0000e-01 1.2500e+04 4.2532e-12 2.5000e-01
9.0784e+01 1.2500e+04 1.3209e-16 1.0000e-01 1.2500e+04 1.6511e-12 2.5000e-01
9.1176e+01 1.2500e+04 5.0018e-17 1.0000e-01 1.2500e+04 6.2522e-13 2.5000e-01
9.1569e+01 1.2500e+04 1.7951e-17 1.0000e-01 1.2500e+04 2.2439e-13 2.5000e-01
9.1961e+01 1.2500e+04 5.4824e-18 1.0000e-01 1.2500e+04 6.8530e-14 2.5000e-01
9.2353e+01 1.2500e+04 9.8266e-19 1.0000e-01 1.2500e+04 1.2283e-14 2.5000e-01
9.2745e+01 1.2500e+04 1.9817e-20 1.0000e-01 1.2500e+04 2.4772e-16 2.5000e-01
9.3137e+01 1.2500e+04 0.0000e+00 1.0000e-01 1.2500e+04 0.0000e+00 2.5000e-01
9.3529e+01 1.2500e+04 0.0000e+00 1.0000e-01 1.2500e+04 0.0000e+00 2.5000e-01
9.3922e+01 1.2500e+04 0.0000e+00 1.0000e-01 1.2500e+04 0.0000e+00 2.5000e-01
9.4314e+01 1.2500e+04 0.0000e+00 1.0000e-01 1.2500e+04 0.0000e+00 2.5000e-01
9.4706e+01 1.2500e+04 0.0000e+00 1.0000e-01 1.2500e+04 0.0000e+00 2.5000e-01
9.5098e+01 1.2500e+04 0.0000e+00 1.0000e-01 1.2500e+04 0.0000e+00 2.5000e-01
9.5490e+01 1.2500e+04 0.0000e+00 1.0000e-01 1.2500e+04 0.0000e+00 2.5000e-01
9.5882e+01 1.2500e+04 0.0000e+00 1.0000e-01 1.2500e+04 0.0000e+00 2.5000e-01
9.6275e+01 1.2500e+04 0.0000e+00 1.0000e-01 1.2500e+04 0.0000e+00 2.5000e-01
9.6667e+01 1.2500e+04 0.0000e+00 1.0000e-01 1.2500e+04 0.0000e+00 2.5000e-01
9.7059e+01 1.2500e+04 0.0000e+00 1.0000e-01 1.2500e+04 0.0000e+00 2.5000e-01
9.7451e+01 1.2500e+04 0.0000e+00 1.0000e-01 1.2500e+04 0.0000e+00 2.5000e-01
9.7843e+01 1.2500e+04 0.0000e+00 1.0000e-01 1.2500e+04 0.0000e+00 2.5000e-01
9.8235e+01 1.2500e+04 0.0000e+00 1.0000e-01 1.2500e+04 0.0000e+00 2.5000e-01
9.8627e+01 1.2500e+04 0.0000e+00 1.0000e-01 1.2500e+04 0.0000e+00 2.5000e-01
9.9020e+01 1.2500e+04 0.0000e+00 1.0000e-01 1.2500e+04 0.0000e+00 2.5000e-01
9.9412e+01 1.2500e+04 0.0000e+00 1.0000e-01 1.2500e+04 0.0000e+00 2.5000e-01
9.9804e+01 1.2500e+04 0.0000e+00 1.0000e-01 1.2500e+04 0.0000e+00 2.5000e-01
