# # x Density Velocity Pressure q0 q1 q2
1.9608e-01 1.0000e+05 0.0000e+00 1.0000e+00 1.0000e+05 0.0000e+00 2.5000e+00
5.8824e-01 1.0000e+05 0.0000e+00 1.0000e+00 1.0000e+05 0.0000e+00 2.5000e+00
9.8039e-01 1.0000e+05 0.0000e+00 1.0000e+00 1.0000e+05 0.0000e+00 2.5000e+00
1.3725e+00 1.0000e+05 0.0000e+00 1.0000e+00 1.0000e+05 0.0000e+00 2.5000e+00
1.7647e+00 1.0000e+05 0.0000e+00 1.0000e+00 1.0000e+05 0.0000e+00 2.5000e+00
2.1569e+00 1.0000e+05 0.0000e+00 1.0000e+00 1.0000e+05 0.0000e+00 2.5000e+00
2.5490e+00 1.0000e+05 0.0000e+00 1.0000e+00 1.0000e+05 0.0000e+00 2.5000e+00
2.9412e+00 1.0000e+05 0.0000e+00 1.0000e+00 1.0000e+05 0.0000e+00 2.5000e+00
3.3333e+00 1.0000e+05 0.0000e+00 1.0000e+00 1.0000e+05 0.0000e+00 2.5000e+00
3.7255e+00 1.0000e+05 0.0000e+00 1.0000e+00 1.0000e+05 0.0000e+00 2.5000e+00
4.1176e+00 1.0000e+05 0.0000e+00 1.0000e+00 1.0000e+05 0.0000e+00 2.5000e+00
4.5098e+00 1.0000e+05 0.0000e+00 1.0000e+00 1.0000e+05 0.0000e+00 2.5000e+00
4.9020e+00 1.0000e+05 0.0000e+00 1.0000e+00 1.0000e+05 0.0000e+00 2.5000e+00
5.2941e+00 1.0000e+05 0.0000e+00 1.0000e+00 1.0000e+05 0.0000e+00 2.5000e+00
5.6863e+00 1.0000e+05 0.0000e+00 1.0000e+00 1.0000e+05 0.0000e+00 2.5000e+00
6.0784e+00 1.0000e+05 0.0000e+00 1.0000e+00 1.0000e+05 0.0000e+00 2.5000e+00
6.4706e+00 1.0000e+05 0.0000e+00 1.0000e+00 1.0000e+05 0.0000e+00 2.5000e+00
6.8627e+00 1.0000e+05 0.0000e+00 1.0000e+00 1.0000e+05 0.0000e+00 2.5000e+00
7.2549e+00 1.0000e+05 0.0000e+00 1.0000e+00 1.0000e+05 0.0000e+00 2.5000e+00
7.6471e+00 1.0000e+05 0.0000e+00 1.0000e+00 1.0000e+05 0.0000e+00 2.5000e+00
8.0392e+00 1.0000e+05 0.0000e+00 1.0000e+00 1.0000e+05 0.0000e+00 2.5000e+00
8.4314e+00 1.0000e+05 0.0000e+00 1.0000e+00 1.0000e+05 0.0000e+00 2.5000e+00
8.8235e+00 1.0000e+05 0.0000e+00 1.0000e+00 1.0000e+05 0.0000e+00 2.5000e+00
9.2157e+00 1.0000e+05 0.0000e+00 1.0000e+00 1.0000e+05 0.0000e+00 2.5000e+00
9.6078e+00 1.0000e+05 0.0000e+00 1.0000e+00 1.0000e+05 0.0000e+00 2.5000e+00
1.0000e+01 1.0000e+05 0.0000e+00 1.0000e+00 1.0000e+05 0.0000e+00 2.5000e+00
1.0392e+01 1.0000e+05 4.6146e-20 1.0000e+00 1.0000e+05 4.6146e-15 2.5000e+00
1.0784e+01 1.0000e+05 7.1371e-19 1.0000e+00 1.0000e+05 7.1371e-14 2.5000e+00
1.1176e+01 1.0000e+05 2.9183e-18 1.0000e+00 1.0000e+05 2.9183e-13 2.5000e+00
1.1569e+01 1.0000e+05 6.8274e-18 1.0000e+00 1.0000e+05 6.8274e-13 2.5000e+00
1.1961e+01 1.0000e+05 1.2463e-17 1.0000e+00 1.0000e+05 1.2463e-12 2.5000e+00
1.2353e+01 1.0000e+05 2.0767e-17 1.0000e+00 1.0000e+05 2.0767e-12 2.5000e+00
1.2745e+01 1.0000e+05 3.4196e-17 1.0000e+00 1.0000e+05 3.4196e-12 2.5000e+00
1.3137e+01 1.0000e+05 5.6562e-17 1.0000e+00 1.0000e+05 5.6562e-12 2.5000e+00
1.3529e+01 1.0000e+05 9.5637e-17 1.0000e+00 1.0000e+05 9.5637e-12 2.5000e+00
1.3922e+01 1.0000e+05 1.6457e-16 1.0000e+00 1.0000e+05 1.6457e-11 2.5000e+00
1.4314e+01 1.0000e+05 2.8613e-16 1.0000e+00 1.0000e+05 2.8613e-11 2.5000e+00
1.4706e+01 1.0000e+05 5.0017e-16 1.0000e+00 1.0000e+05 5.0017e-11 2.5000e+00
1.5098e+01 1.0000e+05 8.7533e-16 1.0000e+00 1.0000e+05 8.7533e-11 2.5000e+00
1.5490e+01 1.0000e+05 1.5290e-15 1.0000e+00 1.0000e+05 1.5290e-10 2.5000e+00
1.5882e+01 1.0000e+05 2.6618e-15 1.0000e+00 1.0000e+05 2.6618e-10 2.5000e+00
1.6275e+01 1.0000e+05 4.6132e-15 1.0000e+00 1.0000e+05 4.6132e-10 2.5000e+00
1.6667e+01 1.0000e+05 7.9540e-15 1.0000e+00 1.0000e+05 7.9540e-10 2.5000e+00
1.7059e+01 1.0000e+05 1.3638e-14 1.0000e+00 1.0000e+05 1.3638e-09 2.5000e+00
1.7451e+01 1.0000e+05 2.3250e-14 1.0000e+00 1.0000e+05 2.3250e-09 2.5000e+00
1.7843e+01 1.0000e+05 3.9407e-14 1.0000e+00 1.0000e+05 3.9407e-09 2.5000e+00
1.8235e+01 1.0000e+05 6.6399e-14 1.0000e+00 1.0000e+05 6.6399e-09 2.5000e+00
1.8627e+01 1.0000e+05 1.1122e-13 1.0000e+00 1.0000e+05 1.1122e-08 2.5000e+00
1.9020e+01 1.0000e+05 1.8520e-13 1.0000e+00 1.0000e+05 1.8520e-08 2.5000e+00
1.9412e+01 1.0000e+05 3.0655e-13 1.0000e+00 1.0000e+05 3.0655e-08 2.5000e+00
1.9804e+01 1.0000e+05 5.0439e-13 1.0000e+00 1.0000e+05 5.0439e-08 2.5000e+00
2.0196e+01 1.0000e+05 8.2495e-13 1.0000e+00 1.0000e+05 8.2495e-08 2.5000e+00
2.0588e+01 1.0000e+05 1.3412e-12 1.0000e+00 1.0000e+05 1.3412e-07 2.5000e+00
2.0980e+01 1.0000e+05 2.1673e-12 1.0000e+00 1.0000e+05 2.1673e-07 2.5000e+00
2.1373e+01 1.0000e+05 3.4813e-12 1.0000e+00 1.0000e+05 3.4813e-07 2.5000e+00
2.1765e+01 1.0000e+05 5.5582e-12 1.0000e+00 1.0000e+05 5.5582e-07 2.5000e+00
2.2157e+01 1.0000e+05 8.8206e-12 1.0000e+00 1.0000e+05 8.8206e-07 2.5000e+00
2.2549e+01 1.0000e+05 1.3913e-11 1.0000e+00 1.0000e+05 1.3913e-06 2.5000e+00
2.2941e+01 1.0000e+05 2.1813e-11 1.0000e+00 1.0000e+05 2.1813e-06 2.5000e+00
2.3333e+01 1.0000e+05 3.3990e-11 1.0000e+00 1.0000e+05 3.3990e-06 2.5000e+00
2.3725e+01 1.0000e+05 5.2642e-11 1.0000e+00 1.0000e+05 5.2642e-06 2.5000e+00
2.4118e+01 1.0000e+05 8.1033e-11 1.0000e+00 1.0000e+05 8.1033e-06 2.5000e+00
2.4510e+01 1.0000e+05 1.2397e-10 1.0000e+00 1.0000e+05 1.2397e-05 2.5000e+00
2.4902e+01 1.0000e+05 1.8851e-10 1.0000e+00 1.0000e+05 1.8851e-05 2.5000e+00
2.5294e+01 1.0000e+05 2.8488e-10 1.0000e+00 1.0000e+05 2.8488e-05 2.5000e+00
2.5686e+01 1.0000e+05 4.2788e-10 1.0000e+00 1.0000e+05 4.2788e-05 2.5000e+00
2.6078e+01 1.0000e+05 6.3871e-10 1.0000e+00 1.0000e+05 6.3871e-05 2.5000e+00
2.6471e+01 1.0000e+05 9.4755e-10 1.0000e+00 1.0000e+05 9.4755e-05 2.5000e+00
2.6863e+01 1.0000e+05 1.3970e-09 1.0000e+00 1.0000e+05 1.3970e-04 2.5000e+00
2.7255e+01 1.0000e+05 2.0470e-09 1.0000e+00 1.0000e+05 2.0470e-04 2.5000e+00
2.7647e+01 1.0000e+05 2.9809e-09 9.9999e-01 1.0000e+05 2.9809e-04 2.5000e+00
2.8039e+01 1.0000e+05 4.3140e-09 9.9999e-01 1.0000e+05 4.3140e-04 2.5000e+00
2.8431e+01 1.0000e+05 6.2045e-09 9.9999e-01 1.0000e+05 6.2045e-04 2.5000e+00
2.8824e+01 1.0000e+05 8.8681e-09 9.9998e-01 1.0000e+05 8.8681e-04 2.5000e+00
2.9216e+01 1.0000e+05 1.2597e-08 9.9997e-01 1.0000e+05 1.2597e-03 2.4999e+00
2.9608e+01 1.0000e+05 1.7781e-08 9.9996e-01 1.0000e+05 1.7781e-03 2.4999e+00
3.0000e+01 1.0000e+05 2.4944e-08 9.9995e-01 1.0000e+05 2.4944e-03 2.4999e+00
3.0392e+01 1.0000e+05 3.4775e-08 9.9993e-01 1.0000e+05 3.4775e-03 2.4998e+00
3.0784e+01 1.0000e+05 4.8178e-08 9.9990e-01 1.0000e+05 4.8178e-03 2.4997e+00
3.1176e+01 1.0000e+05 6.6332e-08 9.9986e-01 1.0000e+05 6.6332e-03 2.4997e+00
3.1569e+01 1.0000e+05 9.0759e-08 9.9982e-01 1.0000e+05 9.0759e-03 2.4995e+00
3.1961e+01 9.9999e+04 1.2341e-07 9.9976e-01 9.9999e+04 1.2341e-02 2.4994e+00
3.2353e+01 9.9999e+04 1.6676e-07 9.9967e-01 9.9999e+04 1.6676e-02 2.4992e+00
3.2745e+01 9.9999e+04 2.2394e-07 9.9957e-01 9.9999e+04 2.2394e-02 2.4989e+00
3.3137e+01 9.9998e+04 2.9886e-07 9.9944e-01 9.9998e+04 2.9886e-02 2.4986e+00
3.3529e+01 9.9998e+04 3.9638e-07 9.9927e-01 9.9998e+04 3.9637e-02 2.4982e+00
3.3922e+01 9.9997e+04 5.2246e-07 9.9905e-01 9.9997e+04 5.2245e-02 2.4976e+00
3.4314e+01 9.9996e+04 6.8440e-07 9.9878e-01 9.9996e+04 6.8438e-02 2.4970e+00
3.4706e+01 9.9995e+04 8.9102e-07 9.9844e-01 9.9995e+04 8.9097e-02 2.4961e+00
3.5098e+01 9.9993e+04 1.1529e-06 9.9802e-01 9.9993e+04 1.1528e-01 2.4951e+00
3.5490e+01 9.9991e+04 1.4826e-06 9.9751e-01 9.9991e+04 1.4825e-01 2.4938e+00
3.5882e+01 9.9989e+04 1.8950e-06 9.9688e-01 9.9989e+04 1.8948e-01 2.4922e+00
3.6275e+01 9.9985e+04 2.4074e-06 9.9611e-01 9.9985e+04 2.4070e-01 2.4903e+00
3.6667e+01 9.9981e+04 3.0398e-06 9.9519e-01 9.9981e+04 3.0392e-01 2.4880e+00
3.7059e+01 9.9976e+04 3.8154e-06 9.9408e-01 9.9976e+04 3.8145e-01 2.4852e+00
3.7451e+01 9.9969e+04 4.7603e-06 9.9277e-01 9.9969e+04 4.7588e-01 2.4819e+00
3.7843e+01 9.9961e+04 5.9039e-06 9.9123e-01 9.9961e+04 5.9016e-01 2.4781e+00
3.8235e+01 9.9952e+04 7.2793e-06 9.8941e-01 9.9952e+04 7.2757e-01 2.4735e+00
3.8627e+01 9.9940e+04 8.9227e-06 9.8731e-01 9.9940e+04 8.9173e-01 2.4683e+00
3.9020e+01 9.9925e+04 1.0874e-05 9.8487e-01 9.9925e+04 1.0866e+00 2.4622e+00
3.9412e+01 9.9907e+04 1.3176e-05 9.8208e-01 9.9907e+04 1.3164e+00 2.4552e+00
3.9804e+01 9.9886e+04 1.5874e-05 9.7889e-01 9.9886e+04 1.5856e+00 2.4472e+00
4.0196e+01 9.9861e+04 1.9019e-05 9.7529e-01 9.9861e+04 1.8992e+00 2.4383e+00
4.0588e+01 9.9831e+04 2.2660e-05 9.7125e-01 9.9831e+04 2.2622e+00 2.4281e+00
4.0980e+01 9.9795e+04 2.6851e-05 9.6673e-01 9.9795e+04 2.6796e+00 2.4169e+00
4.1373e+01 9.9754e+04 3.1645e-05 9.6172e-01 9.9754e+04 3.1567e+00 2.4044e+00
4.1765e+01 9.9706e+04 3.7097e-05 9.5621e-01 9.9706e+04 3.6987e+00 2.3906e+00
4.2157e+01 9.9650e+04 4.3260e-05 9.5018e-01 9.9650e+04 4.3109e+00 2.3755e+00
4.2549e+01 9.9585e+04 5.0188e-05 9.4363e-01 9.9585e+04 4.9980e+00 2.3592e+00
4.2941e+01 9.9511e+04 5.7931e-05 9.3655e-01 9.9511e+04 5.7648e+00 2.3415e+00
4.3333e+01 9.9426e+04 6.6535e-05 9.2896e-01 9.9426e+04 6.6154e+00 2.3226e+00
4.3725e+01 9.9330e+04 7.6044e-05 9.2088e-01 9.9330e+04 7.5535e+00 2.3025e+00
4.4118e+01 9.9222e+04 8.6495e-05 9.1232e-01 9.9222e+04 8.5822e+00 2.2812e+00
4.4510e+01 9.9100e+04 9.7921e-05 9.0331e-01 9.9100e+04 9.7040e+00 2.2588e+00
4.4902e+01 9.8964e+04 1.1034e-04 8.9389e-01 9.8964e+04 1.0919e+01 2.2353e+00
4.5294e+01 9.8813e+04 1.2380e-04 8.8412e-01 9.8813e+04 1.2233e+01 2.2111e+00
4.5686e+01 9.8642e+04 1.3814e-04 8.7398e-01 9.8642e+04 1.3627e+01 2.1859e+00
4.6078e+01 9.8471e+04 1.5412e-04 8.6378e-01 9.8471e+04 1.5176e+01 2.1606e+00
4.6471e+01 9.8220e+04 1.6889e-04 8.5261e-01 9.8220e+04 1.6588e+01 2.1329e+00
4.6863e+01 9.8152e+04 1.9182e-04 8.4374e-01 9.8152e+04 1.8828e+01 2.1112e+00
4.7255e+01 9.7493e+04 1.9548e-04 8.2791e-01 9.7493e+04 1.9058e+01 2.0716e+00
4.7647e+01 9.8192e+04 2.4841e-04 8.2837e-01 9.8192e+04 2.4391e+01 2.0740e+00
4.8039e+01 9.6134e+04 2.0624e-04 7.9678e-01 9.6134e+04 1.9827e+01 1.9940e+00
4.8431e+01 9.8345e+04 3.1425e-04 8.1487e-01 9.8345e+04 3.0905e+01 2.0420e+00
4.8824e+01 9.5655e+04 2.5224e-04 7.7678e-01 9.5655e+04 2.4127e+01 1.9450e+00
4.9216e+01 9.4822e+04 3.2250e-04 7.8186e-01 9.4822e+04 3.0580e+01 1.9596e+00
4.9608e+01 1.1352e+05 3.3027e-04 7.6633e-01 1.1352e+05 3.7492e+01 1.9220e+00
5.0000e+01 2.4991e+04 3.6404e-04 7.6563e-01 2.4991e+04 9.0976e+00 1.9157e+00
5.0392e+01 1.0950e+04 4.2672e-04 7.6461e-01 1.0950e+04 4.6724e+00 1.9125e+00
5.0784e+01 9.7801e+03 5.0668e-04 7.5894e-01 9.7801e+03 4.9554e+00 1.8986e+00
5.1176e+01 1.0389e+04 6.1794e-04 7.5716e-01 1.0389e+04 6.4198e+00 1.8949e+00
5.1569e+01 1.0906e+04 8.0744e-04 7.6681e-01 1.0906e+04 8.8058e+00 1.9206e+00
5.1961e+01 1.1444e+04 9.2362e-04 7.7101e-01 1.1444e+04 1.0570e+01 1.9324e+00
5.2353e+01 1.1593e+04 9.2164e-04 7.6408e-01 1.1593e+04 1.0684e+01 1.9151e+00
5.2745e+01 1.1752e+04 8.8923e-04 7.5245e-01 1.1752e+04 1.0451e+01 1.8858e+00
5.3137e+01 1.1878e+04 9.3317e-04 7.5083e-01 1.1878e+04 1.1084e+01 1.8822e+00
5.3529e+01 1.2170e+04 1.0763e-03 7.6157e-01 1.2170e+04 1.3098e+01 1.9110e+00
5.3922e+01 1.2438e+04 1.2548e-03 7.7769e-01 1.2438e+04 1.5606e+01 1.9540e+00
5.4314e+01 1.2688e+04 1.3980e-03 7.9070e-01 1.2688e+04 1.7739e+01 1.9892e+00
5.4706e+01 1.2820e+04 1.4818e-03 7.9737e-01 1.2820e+04 1.8997e+01 2.0075e+00
5.5098e+01 1.2897e+04 1.5144e-03 7.9830e-01 1.2897e+04 1.9530e+01 2.0105e+00
5.5490e+01 1.2915e+04 1.5204e-03 7.9632e-01 1.2915e+04 1.9637e+01 2.0057e+00
5.5882e+01 1.2928e+04 1.5166e-03 7.9336e-01 1.2928e+04 1.9606e+01 1.9983e+00
5.6275e+01 1.2929e+04 1.5111e-03 7.9022e-01 1.2929e+04 1.9537e+01 1.9903e+00
5.6667e+01 1.2934e+04 1.5045e-03 7.8688e-01 1.2934e+04 1.9460e+01 1.9818e+00
5.7059e+01 1.2935e+04 1.4975e-03 7.8339e-01 1.2935e+04 1.9371e+01 1.9730e+00
5.7451e+01 1.2938e+04 1.4897e-03 7.7971e-01 1.2938e+04 1.9274e+01 1.9636e+00
5.7843e+01 1.2938e+04 1.4814e-03 7.7588e-01 1.2938e+04 1.9167e+01 1.9539e+00
5.8235e+01 1.2940e+04 1.4724e-03 7.7185e-01 1.2940e+04 1.9052e+01 1.9437e+00
5.8627e+01 1.2939e+04 1.4628e-03 7.6765e-01 1.2939e+04 1.8928e+01 1.9330e+00
5.9020e+01 1.2939e+04 1.4526e-03 7.6325e-01 1.2939e+04 1.8796e+01 1.9218e+00
5.9412e+01 1.2938e+04 1.4418e-03 7.5866e-01 1.2938e+04 1.8655e+01 1.9101e+00
5.9804e+01 1.2937e+04 1.4304e-03 7.5386e-01 1.2937e+04 1.8506e+01 1.8979e+00
6.0196e+01 1.2936e+04 1.4184e-03 7.4886e-01 1.2936e+04 1.8348e+01 1.8852e+00
6.0588e+01 1.2934e+04 1.4058e-03 7.4365e-01 1.2934e+04 1.8182e+01 1.8719e+00
6.0980e+01 1.2931e+04 1.3926e-03 7.3821e-01 1.2931e+04 1.8008e+01 1.8581e+00
6.1373e+01 1.2928e+04 1.3788e-03 7.3255e-01 1.2928e+04 1.7826e+01 1.8437e+00
6.1765e+01 1.2925e+04 1.3644e-03 7.2665e-01 1.2925e+04 1.7635e+01 1.8287e+00
6.2157e+01 1.2922e+04 1.3494e-03 7.2052e-01 1.2922e+04 1.7437e+01 1.8131e+00
6.2549e+01 1.2918e+04 1.3338e-03 7.1415e-01 1.2918e+04 1.7230e+01 1.7969e+00
6.2941e+01 1.2914e+04 1.3175e-03 7.0752e-01 1.2914e+04 1.7015e+01 1.7800e+00
6.3333e+01 1.2910e+04 1.3007e-03 7.0065e-01 1.2910e+04 1.6791e+01 1.7625e+00
6.3725e+01 1.2905e+04 1.2833e-03 6.9351e-01 1.2905e+04 1.6560e+01 1.7444e+00
6.4118e+01 1.2900e+04 1.2652e-03 6.8612e-01 1.2900e+04 1.6321e+01 1.7256e+00
6.4510e+01 1.2894e+04 1.2465e-03 6.7845e-01 1.2894e+04 1.6073e+01 1.7061e+00
6.4902e+01 1.2889e+04 1.2273e-03 6.7051e-01 1.2889e+04 1.5818e+01 1.6860e+00
6.5294e+01 1.2883e+04 1.2074e-03 6.6230e-01 1.2883e+04 1.5555e+01 1.6651e+00
6.5686e+01 1.2877e+04 1.1869e-03 6.5380e-01 1.2877e+04 1.5283e+01 1.6436e+00
6.6078e+01 1.2870e+04 1.1658e-03 6.4501e-01 1.2870e+04 1.5004e+01 1.6213e+00
6.6471e+01 1.2863e+04 1.1441e-03 6.3593e-01 1.2863e+04 1.4717e+01 1.5982e+00
6.6863e+01 1.2856e+04 1.1217e-03 6.2655e-01 1.2856e+04 1.4421e+01 1.5745e+00
6.7255e+01 1.2849e+04 1.0988e-03 6.1686e-01 1.2849e+04 1.4118e+01 1.5499e+00
6.7647e+01 1.2842e+04 1.0751e-03 6.0686e-01 1.2842e+04 1.3806e+01 1.5246e+00
6.8039e+01 1.2834e+04 1.0509e-03 5.9653e-01 1.2834e+04 1.3487e+01 1.4984e+00
6.8431e+01 1.2826e+04 1.0259e-03 5.8587e-01 1.2826e+04 1.3158e+01 1.4714e+00
6.8824e+01 1.2817e+04 1.0003e-03 5.7486e-01 1.2817e+04 1.2822e+01 1.4436e+00
6.9216e+01 1.2809e+04 9.7404e-04 5.6350e-01 1.2809e+04 1.2476e+01 1.4148e+00
6.9608e+01 1.2800e+04 9.4704e-04 5.5177e-01 1.2800e+04 1.2122e+01 1.3852e+00
7.0000e+01 1.2791e+04 9.1933e-04 5.3965e-01 1.2791e+04 1.1759e+01 1.3545e+00
7.0392e+01 1.2782e+04 8.9088e-04 5.2715e-01 1.2782e+04 1.1387e+01 1.3229e+00
7.0784e+01 1.2772e+04 8.6168e-04 5.1423e-01 1.2772e+04 1.1006e+01 1.2903e+00
7.1176e+01 1.2762e+04 8.3170e-04 5.0089e-01 1.2762e+04 1.0615e+01 1.2566e+00
7.1569e+01 1.2752e+04 8.0093e-04 4.8710e-01 1.2752e+04 1.0214e+01 1.2218e+00
7.1961e+01 1.2742e+04 7.6935e-04 4.7286e-01 1.2742e+04 9.8031e+00 1.1859e+00
7.2353e+01 1.2731e+04 7.3694e-04 4.5814e-01 1.2731e+04 9.3824e+00 1.1488e+00
7.2745e+01 1.2721e+04 7.0368e-04 4.4293e-01 1.2721e+04 8.9512e+00 1.1105e+00
7.3137e+01 1.2709e+04 6.6954e-04 4.2721e-01 1.2709e+04 8.5096e+00 1.0709e+00
7.3529e+01 1.2698e+04 6.3451e-04 4.1096e-01 1.2698e+04 8.0571e+00 1.0300e+00
7.3922e+01 1.2687e+04 5.9857e-04 3.9416e-01 1.2687e+04 7.5937e+00 9.8768e-01
7.4314e+01 1.2675e+04 5.6168e-04 3.7680e-01 1.2675e+04 7.1191e+00 9.4399e-01
7.4706e+01 1.2662e+04 5.2384e-04 3.5884e-01 1.2662e+04 6.6331e+00 8.9884e-01
7.5098e+01 1.2650e+04 4.8501e-04 3.4028e-01 1.2650e+04 6.1354e+00 8.5219e-01
7.5490e+01 1.2637e+04 4.4517e-04 3.2109e-01 1.2637e+04 5.6258e+00 8.0397e-01
7.5882e+01 1.2624e+04 4.0430e-04 3.0124e-01 1.2624e+04 5.1040e+00 7.5413e-01
7.6275e+01 1.2611e+04 3.6237e-04 2.8071e-01 1.2611e+04 4.5699e+00 7.0261e-01
7.6667e+01 1.2598e+04 3.1936e-04 2.5949e-01 1.2598e+04 4.0232e+00 6.4936e-01
7.7059e+01 1.2584e+04 2.7530e-04 2.3756e-01 1.2584e+04 3.4643e+00 5.9438e-01
7.7451e+01 1.2570e+04 2.3033e-04 2.1500e-01 1.2570e+04 2.8953e+00 5.3784e-01
7.7843e+01 1.2556e+04 1.8498e-04 1.9206e-01 1.2556e+04 2.3227e+00 4.8035e-01
7.8235e+01 1.2543e+04 1.4048e-04 1.6939e-01 1.2543e+04 1.7620e+00 4.2360e-01
7.8627e+01 1.2530e+04 9.9092e-05 1.4828e-01 1.2530e+04 1.2416e+00 3.7075e-01
7.9020e+01 1.2520e+04 6.3814e-05 1.3044e-01 1.2520e+04 7.9893e-01 3.2611e-01
7.9412e+01 1.2512e+04 3.7125e-05 1.1724e-01 1.2512e+04 4.6450e-01 2.9310e-01
7.9804e+01 1.2506e+04 1.9547e-05 1.0883e-01 1.2506e+04 2.4446e-01 2.7208e-01
8.0196e+01 1.2503e+04 9.4581e-06 1.0418e-01 1.2503e+04 1.1825e-01 2.6045e-01
8.0588e+01 1.2501e+04 4.3061e-06 1.0188e-01 1.2501e+04 5.3832e-02 2.5469e-01
8.0980e+01 1.2501e+04 1.8877e-06 1.0082e-01 1.2501e+04 2.3597e-02 2.5204e-01
8.1373e+01 1.2500e+04 8.1021e-07 1.0035e-01 1.2500e+04 1.0128e-02 2.5087e-01
8.1765e+01 1.2500e+04 3.4383e-07 1.0015e-01 1.2500e+04 4.2979e-03 2.5037e-01
8.2157e+01 1.2500e+04 1.4498e-07 1.0006e-01 1.2500e+04 1.8122e-03 2.5016e-01
8.2549e+01 1.2500e+04 6.0875e-08 1.0003e-01 1.2500e+04 7.6094e-04 2.5007e-01
8.2941e+01 1.2500e+04 2.5480e-08 1.0001e-01 1.2500e+04 3.1850e-04 2.5003e-01
8.3333e+01 1.2500e+04 1.0636e-08 1.0000e-01 1.2500e+04 1.3295e-04 2.5001e-01
8.3725e+01 1.2500e+04 4.4278e-09 1.0000e-01 1.2500e+04 5.5348e-05 2.5000e-01
8.4118e+01 1.2500e+04 1.8387e-09 1.0000e-01 1.2500e+04 2.2984e-05 2.5000e-01
8.4510e+01 1.2500e+04 7.6164e-10 1.0000e-01 1.2500e+04 9.5204e-06 2.5000e-01
8.4902e+01 1.2500e+04 3.1469e-10 1.0000e-01 1.2500e+04 3.9336e-06 2.5000e-01
8.5294e+01 1.2500e+04 1.2969e-10 1.0000e-01 1.2500e+04 1.6212e-06 2.5000e-01
8.5686e+01 1.2500e+04 5.3314e-11 1.0000e-01 1.2500e+04 6.6642e-07 2.5000e-01
8.6078e+01 1.2500e+04 2.1860e-11 1.0000e-01 1.2500e+04 2.7325e-07 2.5000e-01
8.6471e+01 1.2500e+04 8.9403e-12 1.0000e-01 1.2500e+04 1.1175e-07 2.5000e-01
8.6863e+01 1.2500e+04 3.6469e-12 1.0000e-01 1.2500e+04 4.5586e-08 2.5000e-01
8.7255e+01 1.2500e+04 1.4838e-12 1.0000e-01 1.2500e+04 1.8547e-08 2.5000e-01
8.7647e+01 1.2500e+04 6.0209e-13 1.0000e-01 1.2500e+04 7.5262e-09 2.5000e-01
8.8039e+01 1.2500e+04 2.4368e-13 1.0000e-01 1.2500e+04 3.0460e-09 2.5000e-01
8.8431e+01 1.2500e+04 9.8361e-14 1.0000e-01 1.2500e+04 1.2295e-09 2.5000e-01
8.8824e+01 1.2500e+04 3.9597e-14 1.0000e-01 1.2500e+04 4.9496e-10 2.5000e-01
8.9216e+01 1.2500e+04 1.5896e-14 1.0000e-01 1.2500e+04 1.9870e-10 2.5000e-01
8.9608e+01 1.2500e+04 6.3631e-15 1.0000e-01 1.2500e+04 7.9539e-11 2.5000e-01
9.0000e+01 1.2500e+04 2.5388e-15 1.0000e-01 1.2500e+04 3.1735e-11 2.5000e-01
9.0392e+01 1.2500e+04 1.0089e-15 1.0000e-01 1.2500e+04 1.2611e-11 2.5000e-01
9.0784e+01 1.2500e+04 3.9848e-16 1.0000e-01 1.2500e+04 4.9810e-12 2.5000e-01
9.1176e+01 1.2500e+04 1.5554e-16 1.0000e-01 1.2500e+04 1.9442e-12 2.5000e-01
9.1569e+01 1.2500e+04 5.9544e-17 1.0000e-01 1.2500e+04 7.4430e-13 2.5000e-01
9.1961e+01 1.2500e+04 2.1787e-17 1.0000e-01 1.2500e+04 2.7233e-13 2.5000e-01
9.2353e+01 1.2500e+04 6.9927e-18 1.0000e-01 1.2500e+04 8.7409e-14 2.5000e-01
9.2745e+01 1.2500e+04 1.4880e-18 1.0000e-01 1.2500e+04 1.8600e-14 2.5000e-01
9.3137e+01 1.2500e+04 2.9160e-20 1.0000e-01 1.2500e+04 3.6450e-16 2.5000e-01
9.3529e+01 1.2500e+04 0.0000e+00 1.0000e-01 1.2500e+04 0.0000e+00 2.5000e-01
9.3922e+01 1.2500e+04 0.0000e+00 1.0000e-01 1.2500e+04 0.0000e+00 2.5000e-01
9.4314e+01 1.2500e+04 0.0000e+00 1.0000e-01 1.2500e+04 0.0000e+00 2.5000e-01
9.4706e+01 1.2500e+04 0.0000e+00 1.0000e-01 1.2500e+04 0.0000e+00 2.5000e-01
9.5098e+01 1.2500e+04 0.0000e+00 1.0000e-01 1.2500e+04 0.0000e+00 2.5000e-01
9.5490e+01 1.2500e+04 0.0000e+00 1.0000e-01 1.2500e+04 0.0000e+00 2.5000e-01
9.5882e+01 1.2500e+04 0.0000e+00 1.0000e-01 1.2500e+04 0.0000e+00 2.5000e-01
9.6275e+01 1.2500e+04 0.0000e+00 1.0000e-01 1.2500e+04 0.0000e+00 2.5000e-01
9.6667e+01 1.2500e+04 0.0000e+00 1.0000e-01 1.2500e+04 0.0000e+00 2.5000e-01
9.7059e+01 1.2500e+04 0.0000e+00 1.0000e-01 1.2500e+04 0.0000e+00 2.5000e-01
9.7451e+01 1.2500e+04 0.0000e+00 1.0000e-01 1.2500e+04 0.0000e+00 2.5000e-01
9.7843e+01 1.2500e+04 0.0000e+00 1.0000e-01 1.2500e+04 0.0000e+00 2.5000e-01
9.8235e+01 1.2500e+04 0.0000e+00 1.0000e-01 1.2500e+04 0.0000e+00 2.5000e-01
9.8627e+01 1.2500e+04 0.0000e+00 1.0000e-01 1.2500e+04 0.0000e+00 2.5000e-01
9.9020e+01 1.2500e+04 0.0000e+00 1.0000e-01 1.2500e+04 0.0000e+00 2.5000e-01
9.9412e+01 1.2500e+04 0.0000e+00 1.0000e-01 1.2500e+04 0.0000e+00 2.5000e-01
9.9804e+01 1.2500e+04 0.0000e+00 1.0000e-01 1.2500e+04 0.0000e+00 2.5000e-01
