# # x Density Velocity Pressure q0 q1 q2
1.9608e-01 1.0000e+05 0.0000e+00 1.0000e+00 1.0000e+05 0.0000e+00 2.5000e+00
5.8824e-01 1.0000e+05 0.0000e+00 1.0000e+00 1.0000e+05 0.0000e+00 2.5000e+00
9.8039e-01 1.0000e+05 0.0000e+00 1.0000e+00 1.0000e+05 0.0000e+00 2.5000e+00
1.3725e+00 1.0000e+05 0.0000e+00 1.0000e+00 1.0000e+05 0.0000e+00 2.5000e+00
1.7647e+00 1.0000e+05 0.0000e+00 1.0000e+00 1.0000e+05 0.0000e+00 2.5000e+00
2.1569e+00 1.0000e+05 0.0000e+00 1.0000e+00 1.0000e+05 0.0000e+00 2.5000e+00
2.5490e+00 1.0000e+05 0.0000e+00 1.0000e+00 1.0000e+05 0.0000e+00 2.5000e+00
2.9412e+00 1.0000e+05 0.0000e+00 1.0000e+00 1.0000e+05 0.0000e+00 2.5000e+00
3.3333e+00 1.0000e+05 0.0000e+00 1.0000e+00 1.0000e+05 0.0000e+00 2.5000e+00
3.7255e+00 1.0000e+05 0.0000e+00 1.0000e+00 1.0000e+05 0.0000e+00 2.5000e+00
4.1176e+00 1.0000e+05 0.0000e+00 1.0000e+00 1.0000e+05 0.0000e+00 2.5000e+00
4.5098e+00 1.0000e+05 0.0000e+00 1.0000e+00 1.0000e+05 0.0000e+00 2.5000e+00
4.9020e+00 1.0000e+05 0.0000e+00 1.0000e+00 1.0000e+05 0.0000e+00 2.5000e+00
5.2941e+00 1.0000e+05 0.0000e+00 1.0000e+00 1.0000e+05 0.0000e+00 2.5000e+00
5.6863e+00 1.0000e+05 0.0000e+00 1.0000e+00 1.0000e+05 0.0000e+00 2.5000e+00
6.0784e+00 1.0000e+05 0.0000e+00 1.0000e+00 1.0000e+05 0.0000e+00 2.5000e+00
6.4706e+00 1.0000e+05 0.0000e+00 1.0000e+00 1.0000e+05 0.0000e+00 2.5000e+00
6.8627e+00 1.0000e+05 0.0000e+00 1.0000e+00 1.0000e+05 0.0000e+00 2.5000e+00
7.2549e+00 1.0000e+05 0.0000e+00 1.0000e+00 1.0000e+05 0.0000e+00 2.5000e+00
7.6471e+00 1.0000e+05 0.0000e+00 1.0000e+00 1.0000e+05 0.0000e+00 2.5000e+00
8.0392e+00 1.0000e+05 0.0000e+00 1.0000e+00 1.0000e+05 0.0000e+00 2.5000e+00
8.4314e+00 1.0000e+05 0.0000e+00 1.0000e+00 1.0000e+05 0.0000e+00 2.5000e+00
8.8235e+00 1.0000e+05 0.0000e+00 1.0000e+00 1.0000e+05 0.0000e+00 2.5000e+00
9.2157e+00 1.0000e+05 0.0000e+00 1.0000e+00 1.0000e+05 0.0000e+00 2.5000e+00
9.6078e+00 1.0000e+05 0.0000e+00 1.0000e+00 1.0000e+05 0.0000e+00 2.5000e+00
1.0000e+01 1.0000e+05 2.3215e-20 1.0000e+00 1.0000e+05 2.3215e-15 2.5000e+00
1.0392e+01 1.0000e+05 5.7924e-19 1.0000e+00 1.0000e+05 5.7924e-14 2.5000e+00
1.0784e+01 1.0000e+05 2.6108e-18 1.0000e+00 1.0000e+05 2.6108e-13 2.5000e+00
1.1176e+01 1.0000e+05 6.3665e-18 1.0000e+00 1.0000e+05 6.3665e-13 2.5000e+00
1.1569e+01 1.0000e+05 1.1845e-17 1.0000e+00 1.0000e+05 1.1845e-12 2.5000e+00
1.1961e+01 1.0000e+05 1.9814e-17 1.0000e+00 1.0000e+05 1.9814e-12 2.5000e+00
1.2353e+01 1.0000e+05 3.2351e-17 1.0000e+00 1.0000e+05 3.2351e-12 2.5000e+00
1.2745e+01 1.0000e+05 5.3035e-17 1.0000e+00 1.0000e+05 5.3035e-12 2.5000e+00
1.3137e+01 1.0000e+05 8.9010e-17 1.0000e+00 1.0000e+05 8.9010e-12 2.5000e+00
1.3529e+01 1.0000e+05 1.5197e-16 1.0000e+00 1.0000e+05 1.5197e-11 2.5000e+00
1.3922e+01 1.0000e+05 2.6268e-16 1.0000e+00 1.0000e+05 2.6268e-11 2.5000e+00
1.4314e+01 1.0000e+05 4.5657e-16 1.0000e+00 1.0000e+05 4.5657e-11 2.5000e+00
1.4706e+01 1.0000e+05 7.9511e-16 1.0000e+00 1.0000e+05 7.9511e-11 2.5000e+00
1.5098e+01 1.0000e+05 1.3834e-15 1.0000e+00 1.0000e+05 1.3834e-10 2.5000e+00
1.5490e+01 1.0000e+05 2.3987e-15 1.0000e+00 1.0000e+05 2.3987e-10 2.5000e+00
1.5882e+01 1.0000e+05 4.1416e-15 1.0000e+00 1.0000e+05 4.1416e-10 2.5000e+00
1.6275e+01 1.0000e+05 7.1159e-15 1.0000e+00 1.0000e+05 7.1159e-10 2.5000e+00
1.6667e+01 1.0000e+05 1.2161e-14 1.0000e+00 1.0000e+05 1.2161e-09 2.5000e+00
1.7059e+01 1.0000e+05 2.0667e-14 1.0000e+00 1.0000e+05 2.0667e-09 2.5000e+00
1.7451e+01 1.0000e+05 3.4923e-14 1.0000e+00 1.0000e+05 3.4923e-09 2.5000e+00
1.7843e+01 1.0000e+05 5.8671e-14 1.0000e+00 1.0000e+05 5.8671e-09 2.5000e+00
1.8235e+01 1.0000e+05 9.7997e-14 1.0000e+00 1.0000e+05 9.7997e-09 2.5000e+00
1.8627e+01 1.0000e+05 1.6273e-13 1.0000e+00 1.0000e+05 1.6273e-08 2.5000e+00
1.9020e+01 1.0000e+05 2.6864e-13 1.0000e+00 1.0000e+05 2.6864e-08 2.5000e+00
1.9412e+01 1.0000e+05 4.4089e-13 1.0000e+00 1.0000e+05 4.4089e-08 2.5000e+00
1.9804e+01 1.0000e+05 7.1933e-13 1.0000e+00 1.0000e+05 7.1933e-08 2.5000e+00
2.0196e+01 1.0000e+05 1.1667e-12 1.0000e+00 1.0000e+05 1.1667e-07 2.5000e+00
2.0588e+01 1.0000e+05 1.8811e-12 1.0000e+00 1.0000e+05 1.8811e-07 2.5000e+00
2.0980e+01 1.0000e+05 3.0151e-12 1.0000e+00 1.0000e+05 3.0151e-07 2.5000e+00
2.1373e+01 1.0000e+05 4.8039e-12 1.0000e+00 1.0000e+05 4.8039e-07 2.5000e+00
2.1765e+01 1.0000e+05 7.6086e-12 1.0000e+00 1.0000e+05 7.6086e-07 2.5000e+00
2.2157e+01 1.0000e+05 1.1979e-11 1.0000e+00 1.0000e+05 1.1979e-06 2.5000e+00
2.2549e+01 1.0000e+05 1.8747e-11 1.0000e+00 1.0000e+05 1.8747e-06 2.5000e+00
2.2941e+01 1.0000e+05 2.9165e-11 1.0000e+00 1.0000e+05 2.9165e-06 2.5000e+00
2.3333e+01 1.0000e+05 4.5099e-11 1.0000e+00 1.0000e+05 4.5099e-06 2.5000e+00
2.3725e+01 1.0000e+05 6.9321e-11 1.0000e+00 1.0000e+05 6.9321e-06 2.5000e+00
2.4118e+01 1.0000e+05 1.0591e-10 1.0000e+00 1.0000e+05 1.0591e-05 2.5000e+00
2.4510e+01 1.0000e+05 1.6084e-10 1.0000e+00 1.0000e+05 1.6084e-05 2.5000e+00
2.4902e+01 1.0000e+05 2.4279e-10 1.0000e+00 1.0000e+05 2.4279e-05 2.5000e+00
2.5294e+01 1.0000e+05 3.6428e-10 1.0000e+00 1.0000e+05 3.6428e-05 2.5000e+00
2.5686e+01 1.0000e+05 5.4326e-10 1.0000e+00 1.0000e+05 5.4326e-05 2.5000e+00
2.6078e+01 1.0000e+05 8.0526e-10 1.0000e+00 1.0000e+05 8.0526e-05 2.5000e+00
2.6471e+01 1.0000e+05 1.1864e-09 1.0000e+00 1.0000e+05 1.1864e-04 2.5000e+00
2.6863e+01 1.0000e+05 1.7373e-09 1.0000e+00 1.0000e+05 1.7373e-04 2.5000e+00
2.7255e+01 1.0000e+05 2.5285e-09 9.9999e-01 1.0000e+05 2.5285e-04 2.5000e+00
2.7647e+01 1.0000e+05 3.6577e-09 9.9999e-01 1.0000e+05 3.6577e-04 2.5000e+00
2.8039e+01 1.0000e+05 5.2590e-09 9.9999e-01 1.0000e+05 5.2590e-04 2.5000e+00
2.8431e+01 1.0000e+05 7.5151e-09 9.9998e-01 1.0000e+05 7.5151e-04 2.5000e+00
2.8824e+01 1.0000e+05 1.0674e-08 9.9998e-01 1.0000e+05 1.0674e-03 2.4999e+00
2.9216e+01 1.0000e+05 1.5067e-08 9.9997e-01 1.0000e+05 1.5067e-03 2.4999e+00
2.9608e+01 1.0000e+05 2.1138e-08 9.9995e-01 1.0000e+05 2.1138e-03 2.4999e+00
3.0000e+01 1.0000e+05 2.9475e-08 9.9994e-01 1.0000e+05 2.9475e-03 2.4998e+00
3.0392e+01 1.0000e+05 4.0849e-08 9.9991e-01 1.0000e+05 4.0849e-03 2.4998e+00
3.0784e+01 1.0000e+05 5.6265e-08 9.9988e-01 1.0000e+05 5.6265e-03 2.4997e+00
3.1176e+01 1.0000e+05 7.7025e-08 9.9984e-01 1.0000e+05 7.7025e-03 2.4996e+00
3.1569e+01 9.9999e+04 1.0480e-07 9.9979e-01 9.9999e+04 1.0480e-02 2.4995e+00
3.1961e+01 9.9999e+04 1.4172e-07 9.9972e-01 9.9999e+04 1.4172e-02 2.4993e+00
3.2353e+01 9.9999e+04 1.9047e-07 9.9963e-01 9.9999e+04 1.9047e-02 2.4991e+00
3.2745e+01 9.9999e+04 2.5444e-07 9.9952e-01 9.9999e+04 2.5443e-02 2.4988e+00
3.3137e+01 9.9998e+04 3.3781e-07 9.9937e-01 9.9998e+04 3.3780e-02 2.4984e+00
3.3529e+01 9.9998e+04 4.4577e-07 9.9919e-01 9.9998e+04 4.4576e-02 2.4980e+00
3.3922e+01 9.9997e+04 5.8467e-07 9.9895e-01 9.9997e+04 5.8465e-02 2.4974e+00
3.4314e+01 9.9996e+04 7.6220e-07 9.9866e-01 9.9996e+04 7.6217e-02 2.4967e+00
3.4706e+01 9.9994e+04 9.8764e-07 9.9830e-01 9.9994e+04 9.8758e-02 2.4957e+00
3.5098e+01 9.9993e+04 1.2720e-06 9.9785e-01 9.9993e+04 1.2719e-01 2.4946e+00
3.5490e+01 9.9990e+04 1.6285e-06 9.9730e-01 9.9990e+04 1.6283e-01 2.4933e+00
3.5882e+01 9.9987e+04 2.0724e-06 9.9663e-01 9.9987e+04 2.0721e-01 2.4916e+00
3.6275e+01 9.9984e+04 2.6216e-06 9.9582e-01 9.9984e+04 2.6212e-01 2.4896e+00
3.6667e+01 9.9979e+04 3.2967e-06 9.9485e-01 9.9979e+04 3.2960e-01 2.4871e+00
3.7059e+01 9.9974e+04 4.1213e-06 9.9370e-01 9.9974e+04 4.1202e-01 2.4842e+00
3.7451e+01 9.9967e+04 5.1220e-06 9.9233e-01 9.9967e+04 5.1203e-01 2.4808e+00
3.7843e+01 9.9958e+04 6.3287e-06 9.9072e-01 9.9958e+04 6.3260e-01 2.4768e+00
3.8235e+01 9.9948e+04 7.7746e-06 9.8884e-01 9.9948e+04 7.7705e-01 2.4721e+00
3.8627e+01 9.9935e+04 9.4963e-06 9.8667e-01 9.9935e+04 9.4901e-01 2.4667e+00
3.9020e+01 9.9919e+04 1.1534e-05 9.8416e-01 9.9919e+04 1.1524e+00 2.4604e+00
3.9412e+01 9.9901e+04 1.3929e-05 9.8129e-01 9.9901e+04 1.3916e+00 2.4532e+00
3.9804e+01 9.9878e+04 1.6730e-05 9.7804e-01 9.9878e+04 1.6709e+00 2.4451e+00
4.0196e+01 9.9852e+04 1.9982e-05 9.7436e-01 9.9852e+04 1.9953e+00 2.4359e+00
4.0588e+01 9.9821e+04 2.3738e-05 9.7024e-01 9.9821e+04 2.3696e+00 2.4256e+00
4.0980e+01 9.9784e+04 2.8049e-05 9.6566e-01 9.9784e+04 2.7989e+00 2.4142e+00
4.1373e+01 9.9741e+04 3.2969e-05 9.6059e-01 9.9741e+04 3.2883e+00 2.4015e+00
4.1765e+01 9.9691e+04 3.8549e-05 9.5502e-01 9.9691e+04 3.8430e+00 2.3876e+00
4.2157e+01 9.9633e+04 4.4843e-05 9.4894e-01 9.9633e+04 4.4679e+00 2.3724e+00
4.2549e+01 9.9566e+04 5.1902e-05 9.4234e-01 9.9566e+04 5.1677e+00 2.3560e+00
4.2941e+01 9.9490e+04 5.9774e-05 9.3524e-01 9.9490e+04 5.9469e+00 2.3383e+00
4.3333e+01 9.9403e+04 6.8505e-05 9.2763e-01 9.9403e+04 6.8096e+00 2.3193e+00
4.3725e+01 9.9305e+04 7.8136e-05 9.1954e-01 9.9305e+04 7.7593e+00 2.2992e+00
4.4118e+01 9.9194e+04 8.8701e-05 9.1098e-01 9.9194e+04 8.7987e+00 2.2778e+00
4.4510e+01 9.9070e+04 1.0023e-04 9.0199e-01 9.9070e+04 9.9302e+00 2.2555e+00
4.4902e+01 9.8932e+04 1.1275e-04 8.9261e-01 9.8932e+04 1.1154e+01 2.2321e+00
4.5294e+01 9.8779e+04 1.2630e-04 8.8288e-01 9.8779e+04 1.2476e+01 2.2080e+00
4.5686e+01 9.8605e+04 1.4069e-04 8.7278e-01 9.8605e+04 1.3873e+01 2.1829e+00
4.6078e+01 9.8433e+04 1.5680e-04 8.6267e-01 9.8433e+04 1.5435e+01 2.1579e+00
4.6471e+01 9.8173e+04 1.7137e-04 8.5148e-01 9.8173e+04 1.6824e+01 2.1301e+00
4.6863e+01 9.8121e+04 1.9496e-04 8.4291e-01 9.8121e+04 1.9130e+01 2.1091e+00
4.7255e+01 9.7422e+04 1.9727e-04 8.2670e-01 9.7422e+04 1.9219e+01 2.0686e+00
4.7647e+01 9.8182e+04 2.5241e-04 8.2800e-01 9.8182e+04 2.4782e+01 2.0731e+00
4.8039e+01 9.6052e+04 2.0774e-04 7.9570e-01 9.6052e+04 1.9954e+01 1.9913e+00
4.8431e+01 9.8288e+04 3.1668e-04 8.1419e-01 9.8288e+04 3.1126e+01 2.0404e+00
4.8824e+01 9.5660e+04 2.5662e-04 7.7689e-01 9.5660e+04 2.4548e+01 1.9454e+00
4.9216e+01 9.4652e+04 3.2365e-04 7.8108e-01 9.4652e+04 3.0634e+01 1.9576e+00
4.9608e+01 1.1379e+05 3.3227e-04 7.6601e-01 1.1379e+05 3.7810e+01 1.9213e+00
5.0000e+01 2.5411e+04 3.6396e-04 7.6491e-01 2.5411e+04 9.2484e+00 1.9140e+00
5.0392e+01 1.1003e+04 4.3099e-04 7.6486e-01 1.1003e+04 4.7421e+00 1.9132e+00
5.0784e+01 9.7592e+03 5.1607e-04 7.5999e-01 9.7592e+03 5.0364e+00 1.9013e+00
5.1176e+01 1.0342e+04 6.0822e-04 7.5635e-01 1.0342e+04 6.2902e+00 1.8928e+00
5.1569e+01 1.0852e+04 7.8824e-04 7.6493e-01 1.0852e+04 8.5541e+00 1.9157e+00
5.1961e+01 1.1417e+04 9.2386e-04 7.7098e-01 1.1417e+04 1.0548e+01 1.9323e+00
5.2353e+01 1.1593e+04 9.4123e-04 7.6565e-01 1.1593e+04 1.0912e+01 1.9192e+00
5.2745e+01 1.1750e+04 9.0545e-04 7.5431e-01 1.1750e+04 1.0639e+01 1.8906e+00
5.3137e+01 1.1848e+04 9.2431e-04 7.4994e-01 1.1848e+04 1.0951e+01 1.8799e+00
5.3529e+01 1.2114e+04 1.0456e-03 7.5813e-01 1.2114e+04 1.2666e+01 1.9019e+00
5.3922e+01 1.2378e+04 1.2197e-03 7.7357e-01 1.2378e+04 1.5098e+01 1.9431e+00
5.4314e+01 1.2643e+04 1.3730e-03 7.8760e-01 1.2643e+04 1.7359e+01 1.9809e+00
5.4706e+01 1.2795e+04 1.4706e-03 7.9584e-01 1.2795e+04 1.8817e+01 2.0034e+00
5.5098e+01 1.2887e+04 1.5138e-03 7.9799e-01 1.2887e+04 1.9508e+01 2.0098e+00
5.5490e+01 1.2914e+04 1.5249e-03 7.9662e-01 1.2914e+04 1.9692e+01 2.0066e+00
5.5882e+01 1.2929e+04 1.5226e-03 7.9385e-01 1.2929e+04 1.9686e+01 1.9996e+00
5.6275e+01 1.2931e+04 1.5176e-03 7.9081e-01 1.2931e+04 1.9624e+01 1.9919e+00
5.6667e+01 1.2936e+04 1.5114e-03 7.8758e-01 1.2936e+04 1.9551e+01 1.9837e+00
5.7059e+01 1.2937e+04 1.5047e-03 7.8421e-01 1.2937e+04 1.9467e+01 1.9752e+00
5.7451e+01 1.2940e+04 1.4973e-03 7.8066e-01 1.2940e+04 1.9375e+01 1.9662e+00
5.7843e+01 1.2941e+04 1.4893e-03 7.7696e-01 1.2941e+04 1.9273e+01 1.9567e+00
5.8235e+01 1.2943e+04 1.4807e-03 7.7307e-01 1.2943e+04 1.9163e+01 1.9469e+00
5.8627e+01 1.2943e+04 1.4715e-03 7.6901e-01 1.2943e+04 1.9045e+01 1.9365e+00
5.9020e+01 1.2943e+04 1.4617e-03 7.6476e-01 1.2943e+04 1.8918e+01 1.9257e+00
5.9412e+01 1.2942e+04 1.4513e-03 7.6033e-01 1.2942e+04 1.8782e+01 1.9145e+00
5.9804e+01 1.2941e+04 1.4403e-03 7.5570e-01 1.2941e+04 1.8639e+01 1.9027e+00
6.0196e+01 1.2940e+04 1.4287e-03 7.5088e-01 1.2940e+04 1.8487e+01 1.8904e+00
6.0588e+01 1.2938e+04 1.4166e-03 7.4584e-01 1.2938e+04 1.8327e+01 1.8776e+00
6.0980e+01 1.2936e+04 1.4038e-03 7.4060e-01 1.2936e+04 1.8159e+01 1.8642e+00
6.1373e+01 1.2933e+04 1.3905e-03 7.3514e-01 1.2933e+04 1.7983e+01 1.8503e+00
6.1765e+01 1.2930e+04 1.3765e-03 7.2945e-01 1.2930e+04 1.7799e+01 1.8359e+00
6.2157e+01 1.2927e+04 1.3620e-03 7.2353e-01 1.2927e+04 1.7606e+01 1.8208e+00
6.2549e+01 1.2923e+04 1.3468e-03 7.1738e-01 1.2923e+04 1.7406e+01 1.8052e+00
6.2941e+01 1.2919e+04 1.3311e-03 7.1099e-01 1.2919e+04 1.7197e+01 1.7889e+00
6.3333e+01 1.2915e+04 1.3148e-03 7.0436e-01 1.2915e+04 1.6981e+01 1.7721e+00
6.3725e+01 1.2911e+04 1.2979e-03 6.9747e-01 1.2911e+04 1.6756e+01 1.7545e+00
6.4118e+01 1.2906e+04 1.2804e-03 6.9033e-01 1.2906e+04 1.6524e+01 1.7364e+00
6.4510e+01 1.2901e+04 1.2622e-03 6.8292e-01 1.2901e+04 1.6284e+01 1.7176e+00
6.4902e+01 1.2895e+04 1.2435e-03 6.7526e-01 1.2895e+04 1.6036e+01 1.6981e+00
6.5294e+01 1.2890e+04 1.2242e-03 6.6732e-01 1.2890e+04 1.5780e+01 1.6780e+00
6.5686e+01 1.2884e+04 1.2043e-03 6.5911e-01 1.2884e+04 1.5516e+01 1.6571e+00
6.6078e+01 1.2877e+04 1.1838e-03 6.5062e-01 1.2877e+04 1.5244e+01 1.6356e+00
6.6471e+01 1.2871e+04 1.1626e-03 6.4185e-01 1.2871e+04 1.4964e+01 1.6133e+00
6.6863e+01 1.2864e+04 1.1409e-03 6.3278e-01 1.2864e+04 1.4676e+01 1.5903e+00
6.7255e+01 1.2857e+04 1.1185e-03 6.2342e-01 1.2857e+04 1.4381e+01 1.5666e+00
6.7647e+01 1.2850e+04 1.0956e-03 6.1375e-01 1.2850e+04 1.4077e+01 1.5421e+00
6.8039e+01 1.2842e+04 1.0719e-03 6.0377e-01 1.2842e+04 1.3766e+01 1.5168e+00
6.8431e+01 1.2834e+04 1.0477e-03 5.9347e-01 1.2834e+04 1.3446e+01 1.4907e+00
6.8824e+01 1.2826e+04 1.0228e-03 5.8284e-01 1.2826e+04 1.3118e+01 1.4638e+00
6.9216e+01 1.2818e+04 9.9719e-04 5.7187e-01 1.2818e+04 1.2782e+01 1.4360e+00
6.9608e+01 1.2809e+04 9.7093e-04 5.6055e-01 1.2809e+04 1.2437e+01 1.4074e+00
7.0000e+01 1.2800e+04 9.4398e-04 5.4887e-01 1.2800e+04 1.2083e+01 1.3779e+00
7.0392e+01 1.2791e+04 9.1633e-04 5.3681e-01 1.2791e+04 1.1721e+01 1.3474e+00
7.0784e+01 1.2782e+04 8.8795e-04 5.2436e-01 1.2782e+04 1.1350e+01 1.3159e+00
7.1176e+01 1.2772e+04 8.5882e-04 5.1151e-01 1.2772e+04 1.0969e+01 1.2835e+00
7.1569e+01 1.2763e+04 8.2894e-04 4.9824e-01 1.2763e+04 1.0579e+01 1.2500e+00
7.1961e+01 1.2752e+04 7.9828e-04 4.8453e-01 1.2752e+04 1.0180e+01 1.2154e+00
7.2353e+01 1.2742e+04 7.6682e-04 4.7038e-01 1.2742e+04 9.7709e+00 1.1797e+00
7.2745e+01 1.2732e+04 7.3454e-04 4.5576e-01 1.2732e+04 9.3518e+00 1.1428e+00
7.3137e+01 1.2721e+04 7.0142e-04 4.4066e-01 1.2721e+04 8.9226e+00 1.1048e+00
7.3529e+01 1.2710e+04 6.6745e-04 4.2506e-01 1.2710e+04 8.4830e+00 1.0655e+00
7.3922e+01 1.2698e+04 6.3260e-04 4.0894e-01 1.2698e+04 8.0329e+00 1.0249e+00
7.4314e+01 1.2687e+04 5.9685e-04 3.9228e-01 1.2687e+04 7.5720e+00 9.8297e-01
7.4706e+01 1.2675e+04 5.6018e-04 3.7507e-01 1.2675e+04 7.1002e+00 9.3966e-01
7.5098e+01 1.2663e+04 5.2257e-04 3.5728e-01 1.2663e+04 6.6171e+00 8.9494e-01
7.5490e+01 1.2650e+04 4.8399e-04 3.3890e-01 1.2650e+04 6.1226e+00 8.4873e-01
7.5882e+01 1.2638e+04 4.4442e-04 3.1990e-01 1.2638e+04 5.6165e+00 8.0100e-01
7.6275e+01 1.2625e+04 4.0384e-04 3.0026e-01 1.2625e+04 5.0984e+00 7.5169e-01
7.6667e+01 1.2612e+04 3.6223e-04 2.7997e-01 1.2612e+04 4.5682e+00 7.0074e-01
7.7059e+01 1.2598e+04 3.1955e-04 2.5899e-01 1.2598e+04 4.0258e+00 6.4811e-01
7.7451e+01 1.2584e+04 2.7584e-04 2.3732e-01 1.2584e+04 3.4714e+00 5.9378e-01
7.7843e+01 1.2571e+04 2.3125e-04 2.1503e-01 1.2571e+04 2.9069e+00 5.3792e-01
7.8235e+01 1.2557e+04 1.8624e-04 1.9236e-01 1.2557e+04 2.3386e+00 4.8111e-01
7.8627e+01 1.2543e+04 1.4200e-04 1.6991e-01 1.2543e+04 1.7812e+00 4.2491e-01
7.9020e+01 1.2531e+04 1.0071e-04 1.4893e-01 1.2531e+04 1.2619e+00 3.7238e-01
7.9412e+01 1.2520e+04 6.5296e-05 1.3107e-01 1.2520e+04 8.1751e-01 3.2771e-01
7.9804e+01 1.2512e+04 3.8282e-05 1.1774e-01 1.2512e+04 4.7898e-01 2.9436e-01
8.0196e+01 1.2506e+04 2.0314e-05 1.0916e-01 1.2506e+04 2.5405e-01 2.7290e-01
8.0588e+01 1.2503e+04 9.8991e-06 1.0437e-01 1.2503e+04 1.2377e-01 2.6091e-01
8.0980e+01 1.2501e+04 4.5336e-06 1.0197e-01 1.2501e+04 5.6676e-02 2.5493e-01
8.1373e+01 1.2501e+04 1.9970e-06 1.0086e-01 1.2501e+04 2.4963e-02 2.5215e-01
8.1765e+01 1.2500e+04 8.6060e-07 1.0037e-01 1.2500e+04 1.0758e-02 2.5093e-01
8.2157e+01 1.2500e+04 3.6655e-07 1.0016e-01 1.2500e+04 4.5819e-03 2.5039e-01
8.2549e+01 1.2500e+04 1.5509e-07 1.0007e-01 1.2500e+04 1.9386e-03 2.5017e-01
8.2941e+01 1.2500e+04 6.5342e-08 1.0003e-01 1.2500e+04 8.1677e-04 2.5007e-01
8.3333e+01 1.2500e+04 2.7442e-08 1.0001e-01 1.2500e+04 3.4303e-04 2.5003e-01
8.3725e+01 1.2500e+04 1.1493e-08 1.0000e-01 1.2500e+04 1.4367e-04 2.5001e-01
8.4118e+01 1.2500e+04 4.8013e-09 1.0000e-01 1.2500e+04 6.0017e-05 2.5001e-01
8.4510e+01 1.2500e+04 2.0007e-09 1.0000e-01 1.2500e+04 2.5009e-05 2.5000e-01
8.4902e+01 1.2500e+04 8.3165e-10 1.0000e-01 1.2500e+04 1.0396e-05 2.5000e-01
8.5294e+01 1.2500e+04 3.4483e-10 1.0000e-01 1.2500e+04 4.3104e-06 2.5000e-01
8.5686e+01 1.2500e+04 1.4263e-10 1.0000e-01 1.2500e+04 1.7828e-06 2.5000e-01
8.6078e+01 1.2500e+04 5.8844e-11 1.0000e-01 1.2500e+04 7.3555e-07 2.5000e-01
8.6471e+01 1.2500e+04 2.4216e-11 1.0000e-01 1.2500e+04 3.0270e-07 2.5000e-01
8.6863e+01 1.2500e+04 9.9407e-12 1.0000e-01 1.2500e+04 1.2426e-07 2.5000e-01
8.7255e+01 1.2500e+04 4.0703e-12 1.0000e-01 1.2500e+04 5.0878e-08 2.5000e-01
8.7647e+01 1.2500e+04 1.6623e-12 1.0000e-01 1.2500e+04 2.0779e-08 2.5000e-01
8.8039e+01 1.2500e+04 6.7715e-13 1.0000e-01 1.2500e+04 8.4644e-09 2.5000e-01
8.8431e+01 1.2500e+04 2.7513e-13 1.0000e-01 1.2500e+04 3.4391e-09 2.5000e-01
8.8824e+01 1.2500e+04 1.1149e-13 1.0000e-01 1.2500e+04 1.3937e-09 2.5000e-01
8.9216e+01 1.2500e+04 4.5062e-14 1.0000e-01 1.2500e+04 5.6328e-10 2.5000e-01
8.9608e+01 1.2500e+04 1.8164e-14 1.0000e-01 1.2500e+04 2.2705e-10 2.5000e-01
9.0000e+01 1.2500e+04 7.3006e-15 1.0000e-01 1.2500e+04 9.1258e-11 2.5000e-01
9.0392e+01 1.2500e+04 2.9252e-15 1.0000e-01 1.2500e+04 3.6565e-11 2.5000e-01
9.0784e+01 1.2500e+04 1.1676e-15 1.0000e-01 1.2500e+04 1.4595e-11 2.5000e-01
9.1176e+01 1.2500e+04 4.6329e-16 1.0000e-01 1.2500e+04 5.7911e-12 2.5000e-01
9.1569e+01 1.2500e+04 1.8215e-16 1.0000e-01 1.2500e+04 2.2768e-12 2.5000e-01
9.1961e+01 1.2500e+04 7.0392e-17 1.0000e-01 1.2500e+04 8.7990e-13 2.5000e-01
9.2353e+01 1.2500e+04 2.6042e-17 1.0000e-01 1.2500e+04 3.2553e-13 2.5000e-01
9.2745e+01 1.2500e+04 8.7016e-18 1.0000e-01 1.2500e+04 1.0877e-13 2.5000e-01
9.3137e+01 1.2500e+04 2.0837e-18 1.0000e-01 1.2500e+04 2.6046e-14 2.5000e-01
9.3529e+01 1.2500e+04 7.7288e-20 1.0000e-01 1.2500e+04 9.6610e-16 2.5000e-01
9.3922e+01 1.2500e+04 0.0000e+00 1.0000e-01 1.2500e+04 0.0000e+00 2.5000e-01
9.4314e+01 1.2500e+04 0.0000e+00 1.0000e-01 1.2500e+04 0.0000e+00 2.5000e-01
9.4706e+01 1.2500e+04 0.0000e+00 1.0000e-01 1.2500e+04 0.0000e+00 2.5000e-01
9.5098e+01 1.2500e+04 0.0000e+00 1.0000e-01 1.2500e+04 0.0000e+00 2.5000e-01
9.5490e+01 1.2500e+04 0.0000e+00 1.0000e-01 1.2500e+04 0.0000e+00 2.5000e-01
9.5882e+01 1.2500e+04 0.0000e+00 1.0000e-01 1.2500e+04 0.0000e+00 2.5000e-01
9.6275e+01 1.2500e+04 0.0000e+00 1.0000e-01 1.2500e+04 0.0000e+00 2.5000e-01
9.6667e+01 1.2500e+04 0.0000e+00 1.0000e-01 1.2500e+04 0.0000e+00 2.5000e-01
9.7059e+01 1.2500e+04 0.0000e+00 1.0000e-01 1.2500e+04 0.0000e+00 2.5000e-01
9.7451e+01 1.2500e+04 0.0000e+00 1.0000e-01 1.2500e+04 0.0000e+00 2.5000e-01
9.7843e+01 1.2500e+04 0.0000e+00 1.0000e-01 1.2500e+04 0.0000e+00 2.5000e-01
9.8235e+01 1.2500e+04 0.0000e+00 1.0000e-01 1.2500e+04 0.0000e+00 2.5000e-01
9.8627e+01 1.2500e+04 0.0000e+00 1.0000e-01 1.2500e+04 0.0000e+00 2.5000e-01
9.9020e+01 1.2500e+04 0.0000e+00 1.0000e-01 1.2500e+04 0.0000e+00 2.5000e-01
9.9412e+01 1.2500e+04 0.0000e+00 1.0000e-01 1.2500e+04 0.0000e+00 2.5000e-01
9.9804e+01 1.2500e+04 0.0000e+00 1.0000e-01 1.2500e+04 0.0000e+00 2.5000e-01
