# # x Density Velocity Pressure q0 q1 q2
1.9608e-01 1.0000e+05 0.0000e+00 1.0000e+00 1.0000e+05 0.0000e+00 2.5000e+00
5.8824e-01 1.0000e+05 0.0000e+00 1.0000e+00 1.0000e+05 0.0000e+00 2.5000e+00
9.8039e-01 1.0000e+05 0.0000e+00 1.0000e+00 1.0000e+05 0.0000e+00 2.5000e+00
1.3725e+00 1.0000e+05 0.0000e+00 1.0000e+00 1.0000e+05 0.0000e+00 2.5000e+00
1.7647e+00 1.0000e+05 0.0000e+00 1.0000e+00 1.0000e+05 0.0000e+00 2.5000e+00
2.1569e+00 1.0000e+05 0.0000e+00 1.0000e+00 1.0000e+05 0.0000e+00 2.5000e+00
2.5490e+00 1.0000e+05 0.0000e+00 1.0000e+00 1.0000e+05 0.0000e+00 2.5000e+00
2.9412e+00 1.0000e+05 0.0000e+00 1.0000e+00 1.0000e+05 0.0000e+00 2.5000e+00
3.3333e+00 1.0000e+05 0.0000e+00 1.0000e+00 1.0000e+05 0.0000e+00 2.5000e+00
3.7255e+00 1.0000e+05 0.0000e+00 1.0000e+00 1.0000e+05 0.0000e+00 2.5000e+00
4.1176e+00 1.0000e+05 0.0000e+00 1.0000e+00 1.0000e+05 0.0000e+00 2.5000e+00
4.5098e+00 1.0000e+05 0.0000e+00 1.0000e+00 1.0000e+05 0.0000e+00 2.5000e+00
4.9020e+00 1.0000e+05 0.0000e+00 1.0000e+00 1.0000e+05 0.0000e+00 2.5000e+00
5.2941e+00 1.0000e+05 0.0000e+00 1.0000e+00 1.0000e+05 0.0000e+00 2.5000e+00
5.6863e+00 1.0000e+05 0.0000e+00 1.0000e+00 1.0000e+05 0.0000e+00 2.5000e+00
6.0784e+00 1.0000e+05 0.0000e+00 1.0000e+00 1.0000e+05 0.0000e+00 2.5000e+00
6.4706e+00 1.0000e+05 0.0000e+00 1.0000e+00 1.0000e+05 0.0000e+00 2.5000e+00
6.8627e+00 1.0000e+05 0.0000e+00 1.0000e+00 1.0000e+05 0.0000e+00 2.5000e+00
7.2549e+00 1.0000e+05 0.0000e+00 1.0000e+00 1.0000e+05 0.0000e+00 2.5000e+00
7.6471e+00 1.0000e+05 0.0000e+00 1.0000e+00 1.0000e+05 0.0000e+00 2.5000e+00
8.0392e+00 1.0000e+05 0.0000e+00 1.0000e+00 1.0000e+05 0.0000e+00 2.5000e+00
8.4314e+00 1.0000e+05 0.0000e+00 1.0000e+00 1.0000e+05 0.0000e+00 2.5000e+00
8.8235e+00 1.0000e+05 0.0000e+00 1.0000e+00 1.0000e+05 0.0000e+00 2.5000e+00
9.2157e+00 1.0000e+05 0.0000e+00 1.0000e+00 1.0000e+05 0.0000e+00 2.5000e+00
9.6078e+00 1.0000e+05 0.0000e+00 1.0000e+00 1.0000e+05 0.0000e+00 2.5000e+00
1.0000e+01 1.0000e+05 9.2859e-20 1.0000e+00 1.0000e+05 9.2859e-15 2.5000e+00
1.0392e+01 1.0000e+05 9.4275e-19 1.0000e+00 1.0000e+05 9.4275e-14 2.5000e+00
1.0784e+01 1.0000e+05 3.4414e-18 1.0000e+00 1.0000e+05 3.4414e-13 2.5000e+00
1.1176e+01 1.0000e+05 7.6696e-18 1.0000e+00 1.0000e+05 7.6696e-13 2.5000e+00
1.1569e+01 1.0000e+05 1.3673e-17 1.0000e+00 1.0000e+05 1.3673e-12 2.5000e+00
1.1961e+01 1.0000e+05 2.2544e-17 1.0000e+00 1.0000e+05 2.2544e-12 2.5000e+00
1.2353e+01 1.0000e+05 3.6848e-17 1.0000e+00 1.0000e+05 3.6848e-12 2.5000e+00
1.2745e+01 1.0000e+05 6.0599e-17 1.0000e+00 1.0000e+05 6.0599e-12 2.5000e+00
1.3137e+01 1.0000e+05 1.0203e-16 1.0000e+00 1.0000e+05 1.0203e-11 2.5000e+00
1.3529e+01 1.0000e+05 1.7450e-16 1.0000e+00 1.0000e+05 1.7450e-11 2.5000e+00
1.3922e+01 1.0000e+05 3.0180e-16 1.0000e+00 1.0000e+05 3.0180e-11 2.5000e+00
1.4314e+01 1.0000e+05 5.2425e-16 1.0000e+00 1.0000e+05 5.2425e-11 2.5000e+00
1.4706e+01 1.0000e+05 9.1161e-16 1.0000e+00 1.0000e+05 9.1161e-11 2.5000e+00
1.5098e+01 1.0000e+05 1.5829e-15 1.0000e+00 1.0000e+05 1.5829e-10 2.5000e+00
1.5490e+01 1.0000e+05 2.7384e-15 1.0000e+00 1.0000e+05 2.7384e-10 2.5000e+00
1.5882e+01 1.0000e+05 4.7162e-15 1.0000e+00 1.0000e+05 4.7162e-10 2.5000e+00
1.6275e+01 1.0000e+05 8.0823e-15 1.0000e+00 1.0000e+05 8.0823e-10 2.5000e+00
1.6667e+01 1.0000e+05 1.3777e-14 1.0000e+00 1.0000e+05 1.3777e-09 2.5000e+00
1.7059e+01 1.0000e+05 2.3351e-14 1.0000e+00 1.0000e+05 2.3351e-09 2.5000e+00
1.7451e+01 1.0000e+05 3.9355e-14 1.0000e+00 1.0000e+05 3.9355e-09 2.5000e+00
1.7843e+01 1.0000e+05 6.5946e-14 1.0000e+00 1.0000e+05 6.5946e-09 2.5000e+00
1.8235e+01 1.0000e+05 1.0986e-13 1.0000e+00 1.0000e+05 1.0986e-08 2.5000e+00
1.8627e+01 1.0000e+05 1.8197e-13 1.0000e+00 1.0000e+05 1.8197e-08 2.5000e+00
1.9020e+01 1.0000e+05 2.9965e-13 1.0000e+00 1.0000e+05 2.9965e-08 2.5000e+00
1.9412e+01 1.0000e+05 4.9054e-13 1.0000e+00 1.0000e+05 4.9054e-08 2.5000e+00
1.9804e+01 1.0000e+05 7.9835e-13 1.0000e+00 1.0000e+05 7.9835e-08 2.5000e+00
2.0196e+01 1.0000e+05 1.2917e-12 1.0000e+00 1.0000e+05 1.2917e-07 2.5000e+00
2.0588e+01 1.0000e+05 2.0776e-12 1.0000e+00 1.0000e+05 2.0776e-07 2.5000e+00
2.0980e+01 1.0000e+05 3.3219e-12 1.0000e+00 1.0000e+05 3.3219e-07 2.5000e+00
2.1373e+01 1.0000e+05 5.2803e-12 1.0000e+00 1.0000e+05 5.2803e-07 2.5000e+00
2.1765e+01 1.0000e+05 8.3434e-12 1.0000e+00 1.0000e+05 8.3434e-07 2.5000e+00
2.2157e+01 1.0000e+05 1.3105e-11 1.0000e+00 1.0000e+05 1.3105e-06 2.5000e+00
2.2549e+01 1.0000e+05 2.0463e-11 1.0000e+00 1.0000e+05 2.0463e-06 2.5000e+00
2.2941e+01 1.0000e+05 3.1761e-11 1.0000e+00 1.0000e+05 3.1761e-06 2.5000e+00
2.3333e+01 1.0000e+05 4.9003e-11 1.0000e+00 1.0000e+05 4.9003e-06 2.5000e+00
2.3725e+01 1.0000e+05 7.5155e-11 1.0000e+00 1.0000e+05 7.5155e-06 2.5000e+00
2.4118e+01 1.0000e+05 1.1457e-10 1.0000e+00 1.0000e+05 1.1457e-05 2.5000e+00
2.4510e+01 1.0000e+05 1.7362e-10 1.0000e+00 1.0000e+05 1.7362e-05 2.5000e+00
2.4902e+01 1.0000e+05 2.6152e-10 1.0000e+00 1.0000e+05 2.6152e-05 2.5000e+00
2.5294e+01 1.0000e+05 3.9154e-10 1.0000e+00 1.0000e+05 3.9154e-05 2.5000e+00
2.5686e+01 1.0000e+05 5.8270e-10 1.0000e+00 1.0000e+05 5.8270e-05 2.5000e+00
2.6078e+01 1.0000e+05 8.6194e-10 1.0000e+00 1.0000e+05 8.6194e-05 2.5000e+00
2.6471e+01 1.0000e+05 1.2673e-09 1.0000e+00 1.0000e+05 1.2673e-04 2.5000e+00
2.6863e+01 1.0000e+05 1.8521e-09 1.0000e+00 1.0000e+05 1.8521e-04 2.5000e+00
2.7255e+01 1.0000e+05 2.6903e-09 9.9999e-01 1.0000e+05 2.6903e-04 2.5000e+00
2.7647e+01 1.0000e+05 3.8841e-09 9.9999e-01 1.0000e+05 3.8841e-04 2.5000e+00
2.8039e+01 1.0000e+05 5.5738e-09 9.9999e-01 1.0000e+05 5.5738e-04 2.5000e+00
2.8431e+01 1.0000e+05 7.9499e-09 9.9998e-01 1.0000e+05 7.9499e-04 2.5000e+00
2.8824e+01 1.0000e+05 1.1270e-08 9.9998e-01 1.0000e+05 1.1270e-03 2.4999e+00
2.9216e+01 1.0000e+05 1.5880e-08 9.9997e-01 1.0000e+05 1.5880e-03 2.4999e+00
2.9608e+01 1.0000e+05 2.2239e-08 9.9995e-01 1.0000e+05 2.2239e-03 2.4999e+00
3.0000e+01 1.0000e+05 3.0955e-08 9.9993e-01 1.0000e+05 3.0955e-03 2.4998e+00
3.0392e+01 1.0000e+05 4.2825e-08 9.9991e-01 1.0000e+05 4.2825e-03 2.4998e+00
3.0784e+01 1.0000e+05 5.8887e-08 9.9988e-01 1.0000e+05 5.8886e-03 2.4997e+00
3.1176e+01 1.0000e+05 8.0479e-08 9.9984e-01 1.0000e+05 8.0478e-03 2.4996e+00
3.1569e+01 9.9999e+04 1.0932e-07 9.9978e-01 9.9999e+04 1.0932e-02 2.4995e+00
3.1961e+01 9.9999e+04 1.4759e-07 9.9971e-01 9.9999e+04 1.4759e-02 2.4993e+00
3.2353e+01 9.9999e+04 1.9805e-07 9.9962e-01 9.9999e+04 1.9805e-02 2.4991e+00
3.2745e+01 9.9999e+04 2.6415e-07 9.9950e-01 9.9999e+04 2.6415e-02 2.4988e+00
3.3137e+01 9.9998e+04 3.5018e-07 9.9935e-01 9.9998e+04 3.5017e-02 2.4984e+00
3.3529e+01 9.9997e+04 4.6141e-07 9.9916e-01 9.9997e+04 4.6140e-02 2.4979e+00
3.3922e+01 9.9997e+04 6.0430e-07 9.9892e-01 9.9997e+04 6.0428e-02 2.4973e+00
3.4314e+01 9.9996e+04 7.8668e-07 9.9862e-01 9.9996e+04 7.8664e-02 2.4966e+00
3.4706e+01 9.9994e+04 1.0179e-06 9.9825e-01 9.9994e+04 1.0179e-01 2.4956e+00
3.5098e+01 9.9992e+04 1.3093e-06 9.9780e-01 9.9992e+04 1.3092e-01 2.4945e+00
3.5490e+01 9.9990e+04 1.6740e-06 9.9724e-01 9.9990e+04 1.6738e-01 2.4931e+00
3.5882e+01 9.9987e+04 2.1276e-06 9.9656e-01 9.9987e+04 2.1273e-01 2.4914e+00
3.6275e+01 9.9983e+04 2.6881e-06 9.9574e-01 9.9983e+04 2.6876e-01 2.4893e+00
3.6667e+01 9.9979e+04 3.3762e-06 9.9475e-01 9.9979e+04 3.3755e-01 2.4869e+00
3.7059e+01 9.9973e+04 4.2157e-06 9.9358e-01 9.9973e+04 4.2146e-01 2.4839e+00
3.7451e+01 9.9966e+04 5.2334e-06 9.9219e-01 9.9966e+04 5.2316e-01 2.4805e+00
3.7843e+01 9.9957e+04 6.4592e-06 9.9057e-01 9.9957e+04 6.4564e-01 2.4764e+00
3.8235e+01 9.9946e+04 7.9265e-06 9.8867e-01 9.9946e+04 7.9222e-01 2.4717e+00
3.8627e+01 9.9933e+04 9.6718e-06 9.8647e-01 9.9933e+04 9.6654e-01 2.4662e+00
3.9020e+01 9.9918e+04 1.1735e-05 9.8394e-01 9.9918e+04 1.1725e+00 2.4599e+00
3.9412e+01 9.9899e+04 1.4159e-05 9.8106e-01 9.9899e+04 1.4145e+00 2.4527e+00
3.9804e+01 9.9876e+04 1.6990e-05 9.7778e-01 9.9876e+04 1.6969e+00 2.4445e+00
4.0196e+01 9.9849e+04 2.0275e-05 9.7408e-01 9.9849e+04 2.0244e+00 2.4352e+00
4.0588e+01 9.9818e+04 2.4065e-05 9.6994e-01 9.9818e+04 2.4021e+00 2.4249e+00
4.0980e+01 9.9780e+04 2.8412e-05 9.6534e-01 9.9780e+04 2.8350e+00 2.4134e+00
4.1373e+01 9.9737e+04 3.3369e-05 9.6025e-01 9.9737e+04 3.3281e+00 2.4007e+00
4.1765e+01 9.9686e+04 3.8987e-05 9.5466e-01 9.9686e+04 3.8865e+00 2.3867e+00
4.2157e+01 9.9628e+04 4.5320e-05 9.4857e-01 9.9628e+04 4.5152e+00 2.3715e+00
4.2549e+01 9.9561e+04 5.2418e-05 9.4196e-01 9.9561e+04 5.2188e+00 2.3550e+00
4.2941e+01 9.9484e+04 6.0328e-05 9.3485e-01 9.9484e+04 6.0017e+00 2.3373e+00
4.3333e+01 9.9396e+04 6.9097e-05 9.2724e-01 9.9396e+04 6.8680e+00 2.3183e+00
4.3725e+01 9.9297e+04 7.8763e-05 9.1914e-01 9.9297e+04 7.8210e+00 2.2982e+00
4.4118e+01 9.9186e+04 8.9363e-05 9.1059e-01 9.9186e+04 8.8635e+00 2.2769e+00
4.4510e+01 9.9061e+04 1.0093e-04 9.0160e-01 9.9061e+04 9.9979e+00 2.2545e+00
4.4902e+01 9.8922e+04 1.1347e-04 8.9222e-01 9.8922e+04 1.1224e+01 2.2312e+00
4.5294e+01 9.8768e+04 1.2705e-04 8.8251e-01 9.8768e+04 1.2549e+01 2.2071e+00
4.5686e+01 9.8593e+04 1.4145e-04 8.7242e-01 9.8593e+04 1.3946e+01 2.1820e+00
4.6078e+01 9.8422e+04 1.5761e-04 8.6234e-01 9.8422e+04 1.5512e+01 2.1571e+00
4.6471e+01 9.8159e+04 1.7211e-04 8.5114e-01 9.8159e+04 1.6894e+01 2.1293e+00
4.6863e+01 9.8112e+04 1.9591e-04 8.4266e-01 9.8112e+04 1.9221e+01 2.1085e+00
4.7255e+01 9.7400e+04 1.9780e-04 8.2634e-01 9.7400e+04 1.9265e+01 2.0678e+00
4.7647e+01 9.8179e+04 2.5361e-04 8.2789e-01 9.8179e+04 2.4899e+01 2.0729e+00
4.8039e+01 9.6028e+04 2.0820e-04 7.9538e-01 9.6028e+04 1.9993e+01 1.9905e+00
4.8431e+01 9.8270e+04 3.1738e-04 8.1398e-01 9.8270e+04 3.1189e+01 2.0399e+00
4.8824e+01 9.5662e+04 2.5794e-04 7.7693e-01 9.5662e+04 2.4675e+01 1.9455e+00
4.9216e+01 9.4601e+04 3.2400e-04 7.8085e-01 9.4601e+04 3.0651e+01 1.9571e+00
4.9608e+01 1.1387e+05 3.3287e-04 7.6592e-01 1.1387e+05 3.7906e+01 1.9211e+00
5.0000e+01 2.5537e+04 3.6389e-04 7.6470e-01 2.5537e+04 9.2929e+00 1.9134e+00
5.0392e+01 1.1019e+04 4.3184e-04 7.6488e-01 1.1019e+04 4.7585e+00 1.9132e+00
5.0784e+01 9.7533e+03 5.1914e-04 7.6033e-01 9.7533e+03 5.0633e+00 1.9021e+00
5.1176e+01 1.0329e+04 6.0609e-04 7.5615e-01 1.0329e+04 6.2601e+00 1.8923e+00
5.1569e+01 1.0836e+04 7.8232e-04 7.6428e-01 1.0836e+04 8.4771e+00 1.9140e+00
5.1961e+01 1.1408e+04 9.2311e-04 7.7080e-01 1.1408e+04 1.0531e+01 1.9319e+00
5.2353e+01 1.1592e+04 9.4666e-04 7.6602e-01 1.1592e+04 1.0974e+01 1.9203e+00
5.2745e+01 1.1750e+04 9.1077e-04 7.5500e-01 1.1750e+04 1.0701e+01 1.8924e+00
5.3137e+01 1.1841e+04 9.2288e-04 7.4981e-01 1.1841e+04 1.0928e+01 1.8796e+00
5.3529e+01 1.2099e+04 1.0371e-03 7.5718e-01 1.2099e+04 1.2548e+01 1.8994e+00
5.3922e+01 1.2360e+04 1.2092e-03 7.7232e-01 1.2360e+04 1.4946e+01 1.9398e+00
5.4314e+01 1.2628e+04 1.3649e-03 7.8661e-01 1.2628e+04 1.7237e+01 1.9783e+00
5.4706e+01 1.2787e+04 1.4667e-03 7.9531e-01 1.2787e+04 1.8754e+01 2.0020e+00
5.5098e+01 1.2884e+04 1.5131e-03 7.9786e-01 1.2884e+04 1.9495e+01 2.0094e+00
5.5490e+01 1.2913e+04 1.5260e-03 7.9668e-01 1.2913e+04 1.9705e+01 2.0067e+00
5.5882e+01 1.2929e+04 1.5243e-03 7.9398e-01 1.2929e+04 1.9709e+01 2.0000e+00
5.6275e+01 1.2931e+04 1.5195e-03 7.9098e-01 1.2931e+04 1.9649e+01 1.9924e+00
5.6667e+01 1.2937e+04 1.5134e-03 7.8778e-01 1.2937e+04 1.9578e+01 1.9843e+00
5.7059e+01 1.2938e+04 1.5068e-03 7.8445e-01 1.2938e+04 1.9495e+01 1.9758e+00
5.7451e+01 1.2941e+04 1.4995e-03 7.8093e-01 1.2941e+04 1.9405e+01 1.9669e+00
5.7843e+01 1.2942e+04 1.4916e-03 7.7727e-01 1.2942e+04 1.9305e+01 1.9576e+00
5.8235e+01 1.2943e+04 1.4831e-03 7.7342e-01 1.2943e+04 1.9196e+01 1.9478e+00
5.8627e+01 1.2943e+04 1.4740e-03 7.6940e-01 1.2943e+04 1.9079e+01 1.9376e+00
5.9020e+01 1.2944e+04 1.4643e-03 7.6520e-01 1.2944e+04 1.8954e+01 1.9269e+00
5.9412e+01 1.2943e+04 1.4541e-03 7.6081e-01 1.2943e+04 1.8820e+01 1.9157e+00
5.9804e+01 1.2942e+04 1.4432e-03 7.5623e-01 1.2942e+04 1.8678e+01 1.9041e+00
6.0196e+01 1.2941e+04 1.4317e-03 7.5146e-01 1.2941e+04 1.8528e+01 1.8919e+00
6.0588e+01 1.2939e+04 1.4197e-03 7.4648e-01 1.2939e+04 1.8370e+01 1.8792e+00
6.0980e+01 1.2937e+04 1.4071e-03 7.4129e-01 1.2937e+04 1.8203e+01 1.8660e+00
6.1373e+01 1.2935e+04 1.3939e-03 7.3588e-01 1.2935e+04 1.8029e+01 1.8523e+00
6.1765e+01 1.2932e+04 1.3801e-03 7.3026e-01 1.2932e+04 1.7846e+01 1.8380e+00
6.2157e+01 1.2928e+04 1.3657e-03 7.2440e-01 1.2928e+04 1.7656e+01 1.8231e+00
6.2549e+01 1.2925e+04 1.3507e-03 7.1832e-01 1.2925e+04 1.7457e+01 1.8076e+00
6.2941e+01 1.2921e+04 1.3351e-03 7.1199e-01 1.2921e+04 1.7251e+01 1.7915e+00
6.3333e+01 1.2917e+04 1.3189e-03 7.0543e-01 1.2917e+04 1.7037e+01 1.7748e+00
6.3725e+01 1.2912e+04 1.3022e-03 6.9861e-01 1.2912e+04 1.6814e+01 1.7575e+00
6.4118e+01 1.2908e+04 1.2848e-03 6.9155e-01 1.2908e+04 1.6584e+01 1.7395e+00
6.4510e+01 1.2903e+04 1.2668e-03 6.8422e-01 1.2903e+04 1.6346e+01 1.7209e+00
6.4902e+01 1.2897e+04 1.2483e-03 6.7663e-01 1.2897e+04 1.6099e+01 1.7016e+00
6.5294e+01 1.2892e+04 1.2291e-03 6.6878e-01 1.2892e+04 1.5846e+01 1.6817e+00
6.5686e+01 1.2886e+04 1.2094e-03 6.6065e-01 1.2886e+04 1.5584e+01 1.6611e+00
6.6078e+01 1.2879e+04 1.1890e-03 6.5225e-01 1.2879e+04 1.5314e+01 1.6397e+00
6.6471e+01 1.2873e+04 1.1681e-03 6.4356e-01 1.2873e+04 1.5037e+01 1.6177e+00
6.6863e+01 1.2866e+04 1.1465e-03 6.3459e-01 1.2866e+04 1.4751e+01 1.5949e+00
6.7255e+01 1.2859e+04 1.1243e-03 6.2532e-01 1.2859e+04 1.4458e+01 1.5714e+00
6.7647e+01 1.2852e+04 1.1015e-03 6.1575e-01 1.2852e+04 1.4157e+01 1.5472e+00
6.8039e+01 1.2844e+04 1.0781e-03 6.0587e-01 1.2844e+04 1.3848e+01 1.5221e+00
6.8431e+01 1.2837e+04 1.0541e-03 5.9568e-01 1.2837e+04 1.3531e+01 1.4963e+00
6.8824e+01 1.2829e+04 1.0293e-03 5.8516e-01 1.2829e+04 1.3205e+01 1.4697e+00
6.9216e+01 1.2820e+04 1.0040e-03 5.7430e-01 1.2820e+04 1.2871e+01 1.4422e+00
6.9608e+01 1.2812e+04 9.7794e-04 5.6310e-01 1.2812e+04 1.2529e+01 1.4139e+00
7.0000e+01 1.2803e+04 9.5121e-04 5.5154e-01 1.2803e+04 1.2178e+01 1.3846e+00
7.0392e+01 1.2794e+04 9.2378e-04 5.3961e-01 1.2794e+04 1.1819e+01 1.3545e+00
7.0784e+01 1.2785e+04 8.9564e-04 5.2729e-01 1.2785e+04 1.1451e+01 1.3234e+00
7.1176e+01 1.2775e+04 8.6676e-04 5.1458e-01 1.2775e+04 1.1073e+01 1.2913e+00
7.1569e+01 1.2766e+04 8.3714e-04 5.0146e-01 1.2766e+04 1.0687e+01 1.2581e+00
7.1961e+01 1.2756e+04 8.0674e-04 4.8791e-01 1.2756e+04 1.0290e+01 1.2239e+00
7.2353e+01 1.2745e+04 7.7555e-04 4.7392e-01 1.2745e+04 9.8847e+00 1.1886e+00
7.2745e+01 1.2735e+04 7.4356e-04 4.5947e-01 1.2735e+04 9.4691e+00 1.1522e+00
7.3137e+01 1.2724e+04 7.1074e-04 4.4455e-01 1.2724e+04 9.0435e+00 1.1146e+00
7.3529e+01 1.2713e+04 6.7707e-04 4.2914e-01 1.2713e+04 8.6077e+00 1.0758e+00
7.3922e+01 1.2702e+04 6.4254e-04 4.1321e-01 1.2702e+04 8.1614e+00 1.0356e+00
7.4314e+01 1.2690e+04 6.0712e-04 3.9676e-01 1.2690e+04 7.7045e+00 9.9423e-01
7.4706e+01 1.2678e+04 5.7079e-04 3.7976e-01 1.2678e+04 7.2367e+00 9.5146e-01
7.5098e+01 1.2666e+04 5.3353e-04 3.6219e-01 1.2666e+04 6.7579e+00 9.0728e-01
7.5490e+01 1.2654e+04 4.9531e-04 3.4404e-01 1.2654e+04 6.2677e+00 8.6166e-01
7.5882e+01 1.2642e+04 4.5612e-04 3.2529e-01 1.2642e+04 5.7661e+00 8.1453e-01
7.6275e+01 1.2629e+04 4.1593e-04 3.0590e-01 1.2629e+04 5.2527e+00 7.6585e-01
7.6667e+01 1.2616e+04 3.7472e-04 2.8587e-01 1.2616e+04 4.7274e+00 7.1556e-01
7.7059e+01 1.2602e+04 3.3246e-04 2.6517e-01 1.2602e+04 4.1898e+00 6.6361e-01
7.7451e+01 1.2589e+04 2.8916e-04 2.4378e-01 1.2589e+04 3.6402e+00 6.0998e-01
7.7843e+01 1.2575e+04 2.4491e-04 2.2174e-01 1.2575e+04 3.0797e+00 5.5474e-01
7.8235e+01 1.2561e+04 2.0004e-04 1.9922e-01 1.2561e+04 2.5128e+00 4.9830e-01
7.8627e+01 1.2547e+04 1.5548e-04 1.7668e-01 1.2547e+04 1.9509e+00 4.4186e-01
7.9020e+01 1.2535e+04 1.1307e-04 1.5515e-01 1.2535e+04 1.4172e+00 3.8794e-01
7.9412e+01 1.2523e+04 7.5564e-05 1.3619e-01 1.2523e+04 9.4630e-01 3.4050e-01
7.9804e+01 1.2514e+04 4.5782e-05 1.2138e-01 1.2514e+04 5.7293e-01 3.0347e-01
8.0196e+01 1.2508e+04 2.5064e-05 1.1139e-01 1.2508e+04 3.1351e-01 2.7847e-01
8.0588e+01 1.2504e+04 1.2530e-05 1.0555e-01 1.2504e+04 1.5667e-01 2.6389e-01
8.0980e+01 1.2502e+04 5.8418e-06 1.0255e-01 1.2502e+04 7.3033e-02 2.5637e-01
8.1373e+01 1.2501e+04 2.6018e-06 1.0112e-01 1.2501e+04 3.2525e-02 2.5281e-01
8.1765e+01 1.2500e+04 1.1285e-06 1.0049e-01 1.2500e+04 1.4107e-02 2.5121e-01
8.2157e+01 1.2500e+04 4.8255e-07 1.0021e-01 1.2500e+04 6.0319e-03 2.5052e-01
8.2549e+01 1.2500e+04 2.0472e-07 1.0009e-01 1.2500e+04 2.5590e-03 2.5022e-01
8.2941e+01 1.2500e+04 8.6434e-08 1.0004e-01 1.2500e+04 1.0804e-03 2.5009e-01
8.3333e+01 1.2500e+04 3.6369e-08 1.0002e-01 1.2500e+04 4.5461e-04 2.5004e-01
8.3725e+01 1.2500e+04 1.5260e-08 1.0001e-01 1.2500e+04 1.9074e-04 2.5002e-01
8.4118e+01 1.2500e+04 6.3859e-09 1.0000e-01 1.2500e+04 7.9824e-05 2.5001e-01
8.4510e+01 1.2500e+04 2.6657e-09 1.0000e-01 1.2500e+04 3.3322e-05 2.5000e-01
8.4902e+01 1.2500e+04 1.1100e-09 1.0000e-01 1.2500e+04 1.3875e-05 2.5000e-01
8.5294e+01 1.2500e+04 4.6109e-10 1.0000e-01 1.2500e+04 5.7636e-06 2.5000e-01
8.5686e+01 1.2500e+04 1.9105e-10 1.0000e-01 1.2500e+04 2.3882e-06 2.5000e-01
8.6078e+01 1.2500e+04 7.8967e-11 1.0000e-01 1.2500e+04 9.8709e-07 2.5000e-01
8.6471e+01 1.2500e+04 3.2558e-11 1.0000e-01 1.2500e+04 4.0697e-07 2.5000e-01
8.6863e+01 1.2500e+04 1.3390e-11 1.0000e-01 1.2500e+04 1.6737e-07 2.5000e-01
8.7255e+01 1.2500e+04 5.4926e-12 1.0000e-01 1.2500e+04 6.8658e-08 2.5000e-01
8.7647e+01 1.2500e+04 2.2475e-12 1.0000e-01 1.2500e+04 2.8093e-08 2.5000e-01
8.8039e+01 1.2500e+04 9.1726e-13 1.0000e-01 1.2500e+04 1.1466e-08 2.5000e-01
8.8431e+01 1.2500e+04 3.7340e-13 1.0000e-01 1.2500e+04 4.6675e-09 2.5000e-01
8.8824e+01 1.2500e+04 1.5161e-13 1.0000e-01 1.2500e+04 1.8952e-09 2.5000e-01
8.9216e+01 1.2500e+04 6.1398e-14 1.0000e-01 1.2500e+04 7.6747e-10 2.5000e-01
8.9608e+01 1.2500e+04 2.4798e-14 1.0000e-01 1.2500e+04 3.0998e-10 2.5000e-01
9.0000e+01 1.2500e+04 9.9879e-15 1.0000e-01 1.2500e+04 1.2485e-10 2.5000e-01
9.0392e+01 1.2500e+04 4.0108e-15 1.0000e-01 1.2500e+04 5.0135e-11 2.5000e-01
9.0784e+01 1.2500e+04 1.6050e-15 1.0000e-01 1.2500e+04 2.0062e-11 2.5000e-01
9.1176e+01 1.2500e+04 6.3906e-16 1.0000e-01 1.2500e+04 7.9883e-12 2.5000e-01
9.1569e+01 1.2500e+04 2.5255e-16 1.0000e-01 1.2500e+04 3.1569e-12 2.5000e-01
9.1961e+01 1.2500e+04 9.8466e-17 1.0000e-01 1.2500e+04 1.2308e-12 2.5000e-01
9.2353e+01 1.2500e+04 3.7150e-17 1.0000e-01 1.2500e+04 4.6438e-13 2.5000e-01
9.2745e+01 1.2500e+04 1.3072e-17 1.0000e-01 1.2500e+04 1.6340e-13 2.5000e-01
9.3137e+01 1.2500e+04 3.6742e-18 1.0000e-01 1.2500e+04 4.5927e-14 2.5000e-01
9.3529e+01 1.2500e+04 4.0852e-19 1.0000e-01 1.2500e+04 5.1065e-15 2.5000e-01
9.3922e+01 1.2500e+04 5.6621e-21 1.0000e-01 1.2500e+04 7.0777e-17 2.5000e-01
9.4314e+01 1.2500e+04 0.0000e+00 1.0000e-01 1.2500e+04 0.0000e+00 2.5000e-01
9.4706e+01 1.2500e+04 0.0000e+00 1.0000e-01 1.2500e+04 0.0000e+00 2.5000e-01
9.5098e+01 1.2500e+04 0.0000e+00 1.0000e-01 1.2500e+04 0.0000e+00 2.5000e-01
9.5490e+01 1.2500e+04 0.0000e+00 1.0000e-01 1.2500e+04 0.0000e+00 2.5000e-01
9.5882e+01 1.2500e+04 0.0000e+00 1.0000e-01 1.2500e+04 0.0000e+00 2.5000e-01
9.6275e+01 1.2500e+04 0.0000e+00 1.0000e-01 1.2500e+04 0.0000e+00 2.5000e-01
9.6667e+01 1.2500e+04 0.0000e+00 1.0000e-01 1.2500e+04 0.0000e+00 2.5000e-01
9.7059e+01 1.2500e+04 0.0000e+00 1.0000e-01 1.2500e+04 0.0000e+00 2.5000e-01
9.7451e+01 1.2500e+04 0.0000e+00 1.0000e-01 1.2500e+04 0.0000e+00 2.5000e-01
9.7843e+01 1.2500e+04 0.0000e+00 1.0000e-01 1.2500e+04 0.0000e+00 2.5000e-01
9.8235e+01 1.2500e+04 0.0000e+00 1.0000e-01 1.2500e+04 0.0000e+00 2.5000e-01
9.8627e+01 1.2500e+04 0.0000e+00 1.0000e-01 1.2500e+04 0.0000e+00 2.5000e-01
9.9020e+01 1.2500e+04 0.0000e+00 1.0000e-01 1.2500e+04 0.0000e+00 2.5000e-01
9.9412e+01 1.2500e+04 0.0000e+00 1.0000e-01 1.2500e+04 0.0000e+00 2.5000e-01
9.9804e+01 1.2500e+04 0.0000e+00 1.0000e-01 1.2500e+04 0.0000e+00 2.5000e-01
