# # x Density Velocity Pressure q0 q1 q2
1.9608e-01 1.0000e+05 0.0000e+00 1.0000e+00 1.0000e+05 0.0000e+00 2.5000e+00
5.8824e-01 1.0000e+05 0.0000e+00 1.0000e+00 1.0000e+05 0.0000e+00 2.5000e+00
9.8039e-01 1.0000e+05 0.0000e+00 1.0000e+00 1.0000e+05 0.0000e+00 2.5000e+00
1.3725e+00 1.0000e+05 0.0000e+00 1.0000e+00 1.0000e+05 0.0000e+00 2.5000e+00
1.7647e+00 1.0000e+05 0.0000e+00 1.0000e+00 1.0000e+05 0.0000e+00 2.5000e+00
2.1569e+00 1.0000e+05 0.0000e+00 1.0000e+00 1.0000e+05 0.0000e+00 2.5000e+00
2.5490e+00 1.0000e+05 0.0000e+00 1.0000e+00 1.0000e+05 0.0000e+00 2.5000e+00
2.9412e+00 1.0000e+05 0.0000e+00 1.0000e+00 1.0000e+05 0.0000e+00 2.5000e+00
3.3333e+00 1.0000e+05 0.0000e+00 1.0000e+00 1.0000e+05 0.0000e+00 2.5000e+00
3.7255e+00 1.0000e+05 0.0000e+00 1.0000e+00 1.0000e+05 0.0000e+00 2.5000e+00
4.1176e+00 1.0000e+05 0.0000e+00 1.0000e+00 1.0000e+05 0.0000e+00 2.5000e+00
4.5098e+00 1.0000e+05 0.0000e+00 1.0000e+00 1.0000e+05 0.0000e+00 2.5000e+00
4.9020e+00 1.0000e+05 0.0000e+00 1.0000e+00 1.0000e+05 0.0000e+00 2.5000e+00
5.2941e+00 1.0000e+05 0.0000e+00 1.0000e+00 1.0000e+05 0.0000e+00 2.5000e+00
5.6863e+00 1.0000e+05 0.0000e+00 1.0000e+00 1.0000e+05 0.0000e+00 2.5000e+00
6.0784e+00 1.0000e+05 0.0000e+00 1.0000e+00 1.0000e+05 0.0000e+00 2.5000e+00
6.4706e+00 1.0000e+05 0.0000e+00 1.0000e+00 1.0000e+05 0.0000e+00 2.5000e+00
6.8627e+00 1.0000e+05 0.0000e+00 1.0000e+00 1.0000e+05 0.0000e+00 2.5000e+00
7.2549e+00 1.0000e+05 0.0000e+00 1.0000e+00 1.0000e+05 0.0000e+00 2.5000e+00
7.6471e+00 1.0000e+05 0.0000e+00 1.0000e+00 1.0000e+05 0.0000e+00 2.5000e+00
8.0392e+00 1.0000e+05 0.0000e+00 1.0000e+00 1.0000e+05 0.0000e+00 2.5000e+00
8.4314e+00 1.0000e+05 0.0000e+00 1.0000e+00 1.0000e+05 0.0000e+00 2.5000e+00
8.8235e+00 1.0000e+05 0.0000e+00 1.0000e+00 1.0000e+05 0.0000e+00 2.5000e+00
9.2157e+00 1.0000e+05 0.0000e+00 1.0000e+00 1.0000e+05 0.0000e+00 2.5000e+00
9.6078e+00 1.0000e+05 7.9270e-21 1.0000e+00 1.0000e+05 7.9270e-16 2.5000e+00
1.0000e+01 1.0000e+05 4.6090e-19 1.0000e+00 1.0000e+05 4.6090e-14 2.5000e+00
1.0392e+01 1.0000e+05 2.2980e-18 1.0000e+00 1.0000e+05 2.2980e-13 2.5000e+00
1.0784e+01 1.0000e+05 5.8728e-18 1.0000e+00 1.0000e+05 5.8728e-13 2.5000e+00
1.1176e+01 1.0000e+05 1.1193e-17 1.0000e+00 1.0000e+05 1.1193e-12 2.5000e+00
1.1569e+01 1.0000e+05 1.8809e-17 1.0000e+00 1.0000e+05 1.8809e-12 2.5000e+00
1.1961e+01 1.0000e+05 3.0539e-17 1.0000e+00 1.0000e+05 3.0539e-12 2.5000e+00
1.2353e+01 1.0000e+05 4.9716e-17 1.0000e+00 1.0000e+05 4.9716e-12 2.5000e+00
1.2745e+01 1.0000e+05 8.2698e-17 1.0000e+00 1.0000e+05 8.2698e-12 2.5000e+00
1.3137e+01 1.0000e+05 1.4018e-16 1.0000e+00 1.0000e+05 1.4018e-11 2.5000e+00
1.3529e+01 1.0000e+05 2.4057e-16 1.0000e+00 1.0000e+05 2.4057e-11 2.5000e+00
1.3922e+01 1.0000e+05 4.1602e-16 1.0000e+00 1.0000e+05 4.1602e-11 2.5000e+00
1.4314e+01 1.0000e+05 7.2097e-16 1.0000e+00 1.0000e+05 7.2097e-11 2.5000e+00
1.4706e+01 1.0000e+05 1.2489e-15 1.0000e+00 1.0000e+05 1.2489e-10 2.5000e+00
1.5098e+01 1.0000e+05 2.1578e-15 1.0000e+00 1.0000e+05 2.1578e-10 2.5000e+00
1.5490e+01 1.0000e+05 3.7122e-15 1.0000e+00 1.0000e+05 3.7122e-10 2.5000e+00
1.5882e+01 1.0000e+05 6.3563e-15 1.0000e+00 1.0000e+05 6.3563e-10 2.5000e+00
1.6275e+01 1.0000e+05 1.0828e-14 1.0000e+00 1.0000e+05 1.0828e-09 2.5000e+00
1.6667e+01 1.0000e+05 1.8345e-14 1.0000e+00 1.0000e+05 1.8345e-09 2.5000e+00
1.7059e+01 1.0000e+05 3.0907e-14 1.0000e+00 1.0000e+05 3.0907e-09 2.5000e+00
1.7451e+01 1.0000e+05 5.1778e-14 1.0000e+00 1.0000e+05 5.1778e-09 2.5000e+00
1.7843e+01 1.0000e+05 8.6246e-14 1.0000e+00 1.0000e+05 8.6246e-09 2.5000e+00
1.8235e+01 1.0000e+05 1.4284e-13 1.0000e+00 1.0000e+05 1.4284e-08 2.5000e+00
1.8627e+01 1.0000e+05 2.3520e-13 1.0000e+00 1.0000e+05 2.3520e-08 2.5000e+00
1.9020e+01 1.0000e+05 3.8505e-13 1.0000e+00 1.0000e+05 3.8505e-08 2.5000e+00
1.9412e+01 1.0000e+05 6.2672e-13 1.0000e+00 1.0000e+05 6.2672e-08 2.5000e+00
1.9804e+01 1.0000e+05 1.0142e-12 1.0000e+00 1.0000e+05 1.0142e-07 2.5000e+00
2.0196e+01 1.0000e+05 1.6316e-12 1.0000e+00 1.0000e+05 1.6316e-07 2.5000e+00
2.0588e+01 1.0000e+05 2.6097e-12 1.0000e+00 1.0000e+05 2.6097e-07 2.5000e+00
2.0980e+01 1.0000e+05 4.1498e-12 1.0000e+00 1.0000e+05 4.1498e-07 2.5000e+00
2.1373e+01 1.0000e+05 6.5602e-12 1.0000e+00 1.0000e+05 6.5602e-07 2.5000e+00
2.1765e+01 1.0000e+05 1.0310e-11 1.0000e+00 1.0000e+05 1.0310e-06 2.5000e+00
2.2157e+01 1.0000e+05 1.6108e-11 1.0000e+00 1.0000e+05 1.6108e-06 2.5000e+00
2.2549e+01 1.0000e+05 2.5018e-11 1.0000e+00 1.0000e+05 2.5018e-06 2.5000e+00
2.2941e+01 1.0000e+05 3.8628e-11 1.0000e+00 1.0000e+05 3.8628e-06 2.5000e+00
2.3333e+01 1.0000e+05 5.9291e-11 1.0000e+00 1.0000e+05 5.9291e-06 2.5000e+00
2.3725e+01 1.0000e+05 9.0469e-11 1.0000e+00 1.0000e+05 9.0469e-06 2.5000e+00
2.4118e+01 1.0000e+05 1.3723e-10 1.0000e+00 1.0000e+05 1.3723e-05 2.5000e+00
2.4510e+01 1.0000e+05 2.0691e-10 1.0000e+00 1.0000e+05 2.0691e-05 2.5000e+00
2.4902e+01 1.0000e+05 3.1013e-10 1.0000e+00 1.0000e+05 3.1013e-05 2.5000e+00
2.5294e+01 1.0000e+05 4.6208e-10 1.0000e+00 1.0000e+05 4.6208e-05 2.5000e+00
2.5686e+01 1.0000e+05 6.8438e-10 1.0000e+00 1.0000e+05 6.8438e-05 2.5000e+00
2.6078e+01 1.0000e+05 1.0076e-09 1.0000e+00 1.0000e+05 1.0076e-04 2.5000e+00
2.6471e+01 1.0000e+05 1.4745e-09 1.0000e+00 1.0000e+05 1.4745e-04 2.5000e+00
2.6863e+01 1.0000e+05 2.1450e-09 9.9999e-01 1.0000e+05 2.1450e-04 2.5000e+00
2.7255e+01 1.0000e+05 3.1017e-09 9.9999e-01 1.0000e+05 3.1017e-04 2.5000e+00
2.7647e+01 1.0000e+05 4.4581e-09 9.9999e-01 1.0000e+05 4.4581e-04 2.5000e+00
2.8039e+01 1.0000e+05 6.3694e-09 9.9999e-01 1.0000e+05 6.3694e-04 2.5000e+00
2.8431e+01 1.0000e+05 9.0454e-09 9.9998e-01 1.0000e+05 9.0454e-04 2.4999e+00
2.8824e+01 1.0000e+05 1.2768e-08 9.9997e-01 1.0000e+05 1.2768e-03 2.4999e+00
2.9216e+01 1.0000e+05 1.7916e-08 9.9996e-01 1.0000e+05 1.7916e-03 2.4999e+00
2.9608e+01 1.0000e+05 2.4987e-08 9.9995e-01 1.0000e+05 2.4987e-03 2.4999e+00
3.0000e+01 1.0000e+05 3.4639e-08 9.9993e-01 1.0000e+05 3.4639e-03 2.4998e+00
3.0392e+01 1.0000e+05 4.7731e-08 9.9990e-01 1.0000e+05 4.7730e-03 2.4998e+00
3.0784e+01 1.0000e+05 6.5375e-08 9.9987e-01 1.0000e+05 6.5374e-03 2.4997e+00
3.1176e+01 1.0000e+05 8.9003e-08 9.9982e-01 1.0000e+05 8.9002e-03 2.4996e+00
3.1569e+01 9.9999e+04 1.2044e-07 9.9976e-01 9.9999e+04 1.2044e-02 2.4994e+00
3.1961e+01 9.9999e+04 1.6201e-07 9.9969e-01 9.9999e+04 1.6201e-02 2.4992e+00
3.2353e+01 9.9999e+04 2.1661e-07 9.9959e-01 9.9999e+04 2.1661e-02 2.4990e+00
3.2745e+01 9.9998e+04 2.8788e-07 9.9946e-01 9.9998e+04 2.8787e-02 2.4987e+00
3.3137e+01 9.9998e+04 3.8031e-07 9.9930e-01 9.9998e+04 3.8030e-02 2.4983e+00
3.3529e+01 9.9997e+04 4.9941e-07 9.9910e-01 9.9997e+04 4.9939e-02 2.4978e+00
3.3922e+01 9.9996e+04 6.5190e-07 9.9885e-01 9.9996e+04 6.5187e-02 2.4971e+00
3.4314e+01 9.9995e+04 8.4588e-07 9.9854e-01 9.9995e+04 8.4584e-02 2.4963e+00
3.4706e+01 9.9994e+04 1.0911e-06 9.9815e-01 9.9994e+04 1.0910e-01 2.4954e+00
3.5098e+01 9.9992e+04 1.3991e-06 9.9767e-01 9.9992e+04 1.3989e-01 2.4942e+00
3.5490e+01 9.9989e+04 1.7834e-06 9.9708e-01 9.9989e+04 1.7832e-01 2.4927e+00
3.5882e+01 9.9986e+04 2.2600e-06 9.9638e-01 9.9986e+04 2.2596e-01 2.4909e+00
3.6275e+01 9.9982e+04 2.8472e-06 9.9553e-01 9.9982e+04 2.8467e-01 2.4888e+00
3.6667e+01 9.9977e+04 3.5661e-06 9.9451e-01 9.9977e+04 3.5653e-01 2.4863e+00
3.7059e+01 9.9971e+04 4.4409e-06 9.9330e-01 9.9971e+04 4.4396e-01 2.4832e+00
3.7451e+01 9.9964e+04 5.4985e-06 9.9187e-01 9.9964e+04 5.4966e-01 2.4797e+00
3.7843e+01 9.9955e+04 6.7693e-06 9.9020e-01 9.9955e+04 6.7663e-01 2.4755e+00
3.8235e+01 9.9944e+04 8.2867e-06 9.8826e-01 9.9944e+04 8.2821e-01 2.4707e+00
3.8627e+01 9.9930e+04 1.0087e-05 9.8602e-01 9.9930e+04 1.0080e+00 2.4650e+00
3.9020e+01 9.9914e+04 1.2211e-05 9.8344e-01 9.9914e+04 1.2201e+00 2.4586e+00
3.9412e+01 9.9894e+04 1.4701e-05 9.8050e-01 9.9894e+04 1.4686e+00 2.4513e+00
3.9804e+01 9.9871e+04 1.7603e-05 9.7717e-01 9.9871e+04 1.7580e+00 2.4429e+00
4.0196e+01 9.9843e+04 2.0964e-05 9.7343e-01 9.9843e+04 2.0931e+00 2.4336e+00
4.0588e+01 9.9810e+04 2.4834e-05 9.6924e-01 9.9810e+04 2.4787e+00 2.4231e+00
4.0980e+01 9.9772e+04 2.9265e-05 9.6459e-01 9.9772e+04 2.9198e+00 2.4115e+00
4.1373e+01 9.9727e+04 3.4308e-05 9.5946e-01 9.9727e+04 3.4214e+00 2.3987e+00
4.1765e+01 9.9676e+04 4.0015e-05 9.5383e-01 9.9676e+04 3.9885e+00 2.3847e+00
4.2157e+01 9.9616e+04 4.6437e-05 9.4771e-01 9.9616e+04 4.6259e+00 2.3694e+00
4.2549e+01 9.9547e+04 5.3625e-05 9.4107e-01 9.9547e+04 5.3382e+00 2.3528e+00
4.2941e+01 9.9469e+04 6.1624e-05 9.3394e-01 9.9469e+04 6.1297e+00 2.3350e+00
4.3333e+01 9.9380e+04 7.0478e-05 9.2632e-01 9.9380e+04 7.0041e+00 2.3160e+00
4.3725e+01 9.9280e+04 8.0227e-05 9.1822e-01 9.9280e+04 7.9649e+00 2.2959e+00
4.4118e+01 9.9167e+04 9.0905e-05 9.0967e-01 9.9167e+04 9.0147e+00 2.2746e+00
4.4510e+01 9.9040e+04 1.0254e-04 9.0070e-01 9.9040e+04 1.0156e+01 2.2523e+00
4.4902e+01 9.8899e+04 1.1515e-04 8.9134e-01 9.8899e+04 1.1388e+01 2.2290e+00
4.5294e+01 9.8744e+04 1.2879e-04 8.8165e-01 9.8744e+04 1.2717e+01 2.2049e+00
4.5686e+01 9.8567e+04 1.4322e-04 8.7159e-01 9.8567e+04 1.4117e+01 2.1800e+00
4.6078e+01 9.8396e+04 1.5948e-04 8.6157e-01 9.8396e+04 1.5692e+01 2.1552e+00
4.6471e+01 9.8126e+04 1.7381e-04 8.5036e-01 9.8126e+04 1.7056e+01 2.1274e+00
4.6863e+01 9.8091e+04 1.9812e-04 8.4210e-01 9.8091e+04 1.9434e+01 2.1072e+00
4.7255e+01 9.7349e+04 1.9900e-04 8.2550e-01 9.7349e+04 1.9372e+01 2.0657e+00
4.7647e+01 9.8173e+04 2.5640e-04 8.2765e-01 9.8173e+04 2.5171e+01 2.0724e+00
4.8039e+01 9.5973e+04 2.0930e-04 7.9467e-01 9.5973e+04 2.0087e+01 1.9888e+00
4.8431e+01 9.8228e+04 3.1895e-04 8.1349e-01 9.8228e+04 3.1329e+01 2.0387e+00
4.8824e+01 9.5667e+04 2.6102e-04 7.7705e-01 9.5667e+04 2.4971e+01 1.9459e+00
4.9216e+01 9.4484e+04 3.2486e-04 7.8036e-01 9.4484e+04 3.0694e+01 1.9559e+00
4.9608e+01 1.1407e+05 3.3427e-04 7.6574e-01 1.1407e+05 3.8128e+01 1.9207e+00
5.0000e+01 2.5834e+04 3.6373e-04 7.6421e-01 2.5834e+04 9.3966e+00 1.9122e+00
5.0392e+01 1.1057e+04 4.3305e-04 7.6483e-01 1.1057e+04 4.7882e+00 1.9131e+00
5.0784e+01 9.7403e+03 5.2657e-04 7.6109e-01 9.7403e+03 5.1290e+00 1.9041e+00
5.1176e+01 1.0299e+04 6.0261e-04 7.5580e-01 1.0299e+04 6.2065e+00 1.8914e+00
5.1569e+01 1.0798e+04 7.6852e-04 7.6270e-01 1.0798e+04 8.2982e+00 1.9099e+00
5.1961e+01 1.1384e+04 9.1983e-04 7.7019e-01 1.1384e+04 1.0472e+01 1.9303e+00
5.2353e+01 1.1590e+04 9.5808e-04 7.6704e-01 1.1590e+04 1.1104e+01 1.9229e+00
5.2745e+01 1.1751e+04 9.2369e-04 7.5695e-01 1.1751e+04 1.0854e+01 1.8974e+00
5.3137e+01 1.1826e+04 9.2193e-04 7.4987e-01 1.1826e+04 1.0903e+01 1.8797e+00
5.3529e+01 1.2064e+04 1.0190e-03 7.5516e-01 1.2064e+04 1.2293e+01 1.8942e+00
5.3922e+01 1.2318e+04 1.1846e-03 7.6945e-01 1.2318e+04 1.4593e+01 1.9323e+00
5.4314e+01 1.2594e+04 1.3452e-03 7.8419e-01 1.2594e+04 1.6941e+01 1.9719e+00
5.4706e+01 1.2766e+04 1.4562e-03 7.9393e-01 1.2766e+04 1.8590e+01 1.9984e+00
5.5098e+01 1.2874e+04 1.5109e-03 7.9743e-01 1.2874e+04 1.9451e+01 2.0083e+00
5.5490e+01 1.2911e+04 1.5283e-03 7.9679e-01 1.2911e+04 1.9731e+01 2.0071e+00
5.5882e+01 1.2930e+04 1.5283e-03 7.9427e-01 1.2930e+04 1.9760e+01 2.0008e+00
5.6275e+01 1.2933e+04 1.5238e-03 7.9136e-01 1.2933e+04 1.9707e+01 1.9934e+00
5.6667e+01 1.2938e+04 1.5180e-03 7.8823e-01 1.2938e+04 1.9640e+01 1.9855e+00
5.7059e+01 1.2940e+04 1.5116e-03 7.8498e-01 1.2940e+04 1.9560e+01 1.9772e+00
5.7451e+01 1.2943e+04 1.5045e-03 7.8154e-01 1.2943e+04 1.9473e+01 1.9685e+00
5.7843e+01 1.2944e+04 1.4969e-03 7.7796e-01 1.2944e+04 1.9376e+01 1.9594e+00
5.8235e+01 1.2945e+04 1.4887e-03 7.7420e-01 1.2945e+04 1.9271e+01 1.9499e+00
5.8627e+01 1.2946e+04 1.4798e-03 7.7028e-01 1.2946e+04 1.9158e+01 1.9399e+00
5.9020e+01 1.2946e+04 1.4704e-03 7.6618e-01 1.2946e+04 1.9036e+01 1.9294e+00
5.9412e+01 1.2945e+04 1.4604e-03 7.6190e-01 1.2945e+04 1.8906e+01 1.9186e+00
5.9804e+01 1.2945e+04 1.4498e-03 7.5743e-01 1.2945e+04 1.8768e+01 1.9072e+00
6.0196e+01 1.2944e+04 1.4387e-03 7.5277e-01 1.2944e+04 1.8621e+01 1.8953e+00
6.0588e+01 1.2942e+04 1.4269e-03 7.4791e-01 1.2942e+04 1.8467e+01 1.8829e+00
6.0980e+01 1.2940e+04 1.4146e-03 7.4285e-01 1.2940e+04 1.8305e+01 1.8701e+00
6.1373e+01 1.2938e+04 1.4017e-03 7.3757e-01 1.2938e+04 1.8135e+01 1.8566e+00
6.1765e+01 1.2935e+04 1.3882e-03 7.3208e-01 1.2935e+04 1.7956e+01 1.8427e+00
6.2157e+01 1.2932e+04 1.3741e-03 7.2637e-01 1.2932e+04 1.7770e+01 1.8281e+00
6.2549e+01 1.2929e+04 1.3595e-03 7.2044e-01 1.2929e+04 1.7576e+01 1.8130e+00
6.2941e+01 1.2925e+04 1.3442e-03 7.1427e-01 1.2925e+04 1.7374e+01 1.7973e+00
6.3333e+01 1.2921e+04 1.3284e-03 7.0786e-01 1.2921e+04 1.7164e+01 1.7811e+00
6.3725e+01 1.2916e+04 1.3120e-03 7.0121e-01 1.2916e+04 1.6946e+01 1.7641e+00
6.4118e+01 1.2912e+04 1.2950e-03 6.9431e-01 1.2912e+04 1.6721e+01 1.7466e+00
6.4510e+01 1.2907e+04 1.2774e-03 6.8717e-01 1.2907e+04 1.6487e+01 1.7284e+00
6.4902e+01 1.2902e+04 1.2592e-03 6.7976e-01 1.2902e+04 1.6246e+01 1.7096e+00
6.5294e+01 1.2896e+04 1.2405e-03 6.7209e-01 1.2896e+04 1.5997e+01 1.6901e+00
6.5686e+01 1.2890e+04 1.2211e-03 6.6416e-01 1.2890e+04 1.5740e+01 1.6700e+00
6.6078e+01 1.2884e+04 1.2011e-03 6.5595e-01 1.2884e+04 1.5476e+01 1.6492e+00
6.6471e+01 1.2878e+04 1.1806e-03 6.4747e-01 1.2878e+04 1.5203e+01 1.6276e+00
6.6863e+01 1.2871e+04 1.1594e-03 6.3870e-01 1.2871e+04 1.4923e+01 1.6054e+00
6.7255e+01 1.2864e+04 1.1377e-03 6.2965e-01 1.2864e+04 1.4635e+01 1.5825e+00
6.7647e+01 1.2857e+04 1.1153e-03 6.2031e-01 1.2857e+04 1.4340e+01 1.5588e+00
6.8039e+01 1.2850e+04 1.0923e-03 6.1066e-01 1.2850e+04 1.4036e+01 1.5343e+00
6.8431e+01 1.2842e+04 1.0687e-03 6.0070e-01 1.2842e+04 1.3724e+01 1.5091e+00
6.8824e+01 1.2834e+04 1.0444e-03 5.9043e-01 1.2834e+04 1.3405e+01 1.4831e+00
6.9216e+01 1.2826e+04 1.0195e-03 5.7983e-01 1.2826e+04 1.3077e+01 1.4563e+00
6.9608e+01 1.2818e+04 9.9400e-04 5.6890e-01 1.2818e+04 1.2741e+01 1.4286e+00
7.0000e+01 1.2809e+04 9.6778e-04 5.5762e-01 1.2809e+04 1.2397e+01 1.4000e+00
7.0392e+01 1.2801e+04 9.4088e-04 5.4598e-01 1.2801e+04 1.2044e+01 1.3706e+00
7.0784e+01 1.2791e+04 9.1327e-04 5.3397e-01 1.2791e+04 1.1682e+01 1.3403e+00
7.1176e+01 1.2782e+04 8.8496e-04 5.2158e-01 1.2782e+04 1.1312e+01 1.3090e+00
7.1569e+01 1.2772e+04 8.5591e-04 5.0879e-01 1.2772e+04 1.0932e+01 1.2767e+00
7.1961e+01 1.2763e+04 8.2612e-04 4.9560e-01 1.2763e+04 1.0543e+01 1.2433e+00
7.2353e+01 1.2753e+04 7.9556e-04 4.8197e-01 1.2753e+04 1.0145e+01 1.2090e+00
7.2745e+01 1.2742e+04 7.6421e-04 4.6791e-01 1.2742e+04 9.7378e+00 1.1735e+00
7.3137e+01 1.2732e+04 7.3206e-04 4.5338e-01 1.2732e+04 9.3204e+00 1.1369e+00
7.3529e+01 1.2721e+04 6.9909e-04 4.3839e-01 1.2721e+04 8.8930e+00 1.0991e+00
7.3922e+01 1.2710e+04 6.6528e-04 4.2290e-01 1.2710e+04 8.4555e+00 1.0601e+00
7.4314e+01 1.2698e+04 6.3060e-04 4.0691e-01 1.2698e+04 8.0076e+00 1.0198e+00
7.4706e+01 1.2687e+04 5.9504e-04 3.9039e-01 1.2687e+04 7.5491e+00 9.7821e-01
7.5098e+01 1.2675e+04 5.5857e-04 3.7332e-01 1.2675e+04 7.0799e+00 9.3528e-01
7.5490e+01 1.2663e+04 5.2119e-04 3.5570e-01 1.2663e+04 6.5997e+00 8.9096e-01
7.5882e+01 1.2651e+04 4.8285e-04 3.3749e-01 1.2651e+04 6.1083e+00 8.4519e-01
7.6275e+01 1.2638e+04 4.4355e-04 3.1868e-01 1.2638e+04 5.6055e+00 7.9793e-01
7.6667e+01 1.2625e+04 4.0325e-04 2.9924e-01 1.2625e+04 5.0911e+00 7.4913e-01
7.7059e+01 1.2612e+04 3.6194e-04 2.7916e-01 1.2612e+04 4.5647e+00 6.9873e-01
7.7451e+01 1.2599e+04 3.1959e-04 2.5842e-01 1.2599e+04 4.0263e+00 6.4669e-01
7.7843e+01 1.2585e+04 2.7622e-04 2.3700e-01 1.2585e+04 3.4762e+00 5.9299e-01
7.8235e+01 1.2571e+04 2.3197e-04 2.1498e-01 1.2571e+04 2.9162e+00 5.3778e-01
7.8627e+01 1.2557e+04 1.8731e-04 1.9256e-01 1.2557e+04 2.3521e+00 4.8162e-01
7.9020e+01 1.2544e+04 1.4334e-04 1.7034e-01 1.2544e+04 1.7980e+00 4.2599e-01
7.9412e+01 1.2531e+04 1.0216e-04 1.4949e-01 1.2531e+04 1.2802e+00 3.7380e-01
7.9804e+01 1.2521e+04 6.6652e-05 1.3165e-01 1.2521e+04 8.3453e-01 3.2915e-01
8.0196e+01 1.2512e+04 3.9358e-05 1.1821e-01 1.2512e+04 4.9246e-01 2.9552e-01
8.0588e+01 1.2507e+04 2.1039e-05 1.0947e-01 1.2507e+04 2.6313e-01 2.7368e-01
8.0980e+01 1.2503e+04 1.0322e-05 1.0454e-01 1.2503e+04 1.2906e-01 2.6136e-01
8.1373e+01 1.2502e+04 4.7543e-06 1.0206e-01 1.2502e+04 5.9436e-02 2.5515e-01
8.1765e+01 1.2501e+04 2.1040e-06 1.0091e-01 1.2501e+04 2.6302e-02 2.5226e-01
8.2157e+01 1.2500e+04 9.1032e-07 1.0039e-01 1.2500e+04 1.1379e-02 2.5098e-01
8.2549e+01 1.2500e+04 3.8910e-07 1.0017e-01 1.2500e+04 4.8638e-03 2.5042e-01
8.2941e+01 1.2500e+04 1.6519e-07 1.0007e-01 1.2500e+04 2.0648e-03 2.5018e-01
8.3333e+01 1.2500e+04 6.9826e-08 1.0003e-01 1.2500e+04 8.7283e-04 2.5008e-01
8.3725e+01 1.2500e+04 2.9422e-08 1.0001e-01 1.2500e+04 3.6778e-04 2.5003e-01
8.4118e+01 1.2500e+04 1.2363e-08 1.0001e-01 1.2500e+04 1.5454e-04 2.5001e-01
8.4510e+01 1.2500e+04 5.1821e-09 1.0000e-01 1.2500e+04 6.4776e-05 2.5001e-01
8.4902e+01 1.2500e+04 2.1667e-09 1.0000e-01 1.2500e+04 2.7084e-05 2.5000e-01
8.5294e+01 1.2500e+04 9.0370e-10 1.0000e-01 1.2500e+04 1.1296e-05 2.5000e-01
8.5686e+01 1.2500e+04 3.7601e-10 1.0000e-01 1.2500e+04 4.7001e-06 2.5000e-01
8.6078e+01 1.2500e+04 1.5606e-10 1.0000e-01 1.2500e+04 1.9508e-06 2.5000e-01
8.6471e+01 1.2500e+04 6.4616e-11 1.0000e-01 1.2500e+04 8.0770e-07 2.5000e-01
8.6863e+01 1.2500e+04 2.6687e-11 1.0000e-01 1.2500e+04 3.3359e-07 2.5000e-01
8.7255e+01 1.2500e+04 1.0995e-11 1.0000e-01 1.2500e+04 1.3743e-07 2.5000e-01
8.7647e+01 1.2500e+04 4.5183e-12 1.0000e-01 1.2500e+04 5.6479e-08 2.5000e-01
8.8039e+01 1.2500e+04 1.8522e-12 1.0000e-01 1.2500e+04 2.3152e-08 2.5000e-01
8.8431e+01 1.2500e+04 7.5732e-13 1.0000e-01 1.2500e+04 9.4665e-09 2.5000e-01
8.8824e+01 1.2500e+04 3.0887e-13 1.0000e-01 1.2500e+04 3.8609e-09 2.5000e-01
8.9216e+01 1.2500e+04 1.2565e-13 1.0000e-01 1.2500e+04 1.5706e-09 2.5000e-01
8.9608e+01 1.2500e+04 5.0980e-14 1.0000e-01 1.2500e+04 6.3726e-10 2.5000e-01
9.0000e+01 1.2500e+04 2.0630e-14 1.0000e-01 1.2500e+04 2.5788e-10 2.5000e-01
9.0392e+01 1.2500e+04 8.3252e-15 1.0000e-01 1.2500e+04 1.0406e-10 2.5000e-01
9.0784e+01 1.2500e+04 3.3495e-15 1.0000e-01 1.2500e+04 4.1868e-11 2.5000e-01
9.1176e+01 1.2500e+04 1.3426e-15 1.0000e-01 1.2500e+04 1.6782e-11 2.5000e-01
9.1569e+01 1.2500e+04 5.3547e-16 1.0000e-01 1.2500e+04 6.6934e-12 2.5000e-01
9.1961e+01 1.2500e+04 2.1187e-16 1.0000e-01 1.2500e+04 2.6484e-12 2.5000e-01
9.2353e+01 1.2500e+04 8.2290e-17 1.0000e-01 1.2500e+04 1.0286e-12 2.5000e-01
9.2745e+01 1.2500e+04 3.0870e-17 1.0000e-01 1.2500e+04 3.8587e-13 2.5000e-01
9.3137e+01 1.2500e+04 1.0664e-17 1.0000e-01 1.2500e+04 1.3330e-13 2.5000e-01
9.3529e+01 1.2500e+04 2.7957e-18 1.0000e-01 1.2500e+04 3.4946e-14 2.5000e-01
9.3922e+01 1.2500e+04 1.9308e-19 1.0000e-01 1.2500e+04 2.4135e-15 2.5000e-01
9.4314e+01 1.2500e+04 0.0000e+00 1.0000e-01 1.2500e+04 0.0000e+00 2.5000e-01
9.4706e+01 1.2500e+04 0.0000e+00 1.0000e-01 1.2500e+04 0.0000e+00 2.5000e-01
9.5098e+01 1.2500e+04 0.0000e+00 1.0000e-01 1.2500e+04 0.0000e+00 2.5000e-01
9.5490e+01 1.2500e+04 0.0000e+00 1.0000e-01 1.2500e+04 0.0000e+00 2.5000e-01
9.5882e+01 1.2500e+04 0.0000e+00 1.0000e-01 1.2500e+04 0.0000e+00 2.5000e-01
9.6275e+01 1.2500e+04 0.0000e+00 1.0000e-01 1.2500e+04 0.0000e+00 2.5000e-01
9.6667e+01 1.2500e+04 0.0000e+00 1.0000e-01 1.2500e+04 0.0000e+00 2.5000e-01
9.7059e+01 1.2500e+04 0.0000e+00 1.0000e-01 1.2500e+04 0.0000e+00 2.5000e-01
9.7451e+01 1.2500e+04 0.0000e+00 1.0000e-01 1.2500e+04 0.0000e+00 2.5000e-01
9.7843e+01 1.2500e+04 0.0000e+00 1.0000e-01 1.2500e+04 0.0000e+00 2.5000e-01
9.8235e+01 1.2500e+04 0.0000e+00 1.0000e-01 1.2500e+04 0.0000e+00 2.5000e-01
9.8627e+01 1.2500e+04 0.0000e+00 1.0000e-01 1.2500e+04 0.0000e+00 2.5000e-01
9.9020e+01 1.2500e+04 0.0000e+00 1.0000e-01 1.2500e+04 0.0000e+00 2.5000e-01
9.9412e+01 1.2500e+04 0.0000e+00 1.0000e-01 1.2500e+04 0.0000e+00 2.5000e-01
9.9804e+01 1.2500e+04 0.0000e+00 1.0000e-01 1.2500e+04 0.0000e+00 2.5000e-01
