# # x Density Velocity Pressure q0 q1 q2
1.9608e-01 1.0000e+05 0.0000e+00 1.0000e+00 1.0000e+05 0.0000e+00 2.5000e+00
5.8824e-01 1.0000e+05 0.0000e+00 1.0000e+00 1.0000e+05 0.0000e+00 2.5000e+00
9.8039e-01 1.0000e+05 0.0000e+00 1.0000e+00 1.0000e+05 0.0000e+00 2.5000e+00
1.3725e+00 1.0000e+05 0.0000e+00 1.0000e+00 1.0000e+05 0.0000e+00 2.5000e+00
1.7647e+00 1.0000e+05 0.0000e+00 1.0000e+00 1.0000e+05 0.0000e+00 2.5000e+00
2.1569e+00 1.0000e+05 0.0000e+00 1.0000e+00 1.0000e+05 0.0000e+00 2.5000e+00
2.5490e+00 1.0000e+05 0.0000e+00 1.0000e+00 1.0000e+05 0.0000e+00 2.5000e+00
2.9412e+00 1.0000e+05 0.0000e+00 1.0000e+00 1.0000e+05 0.0000e+00 2.5000e+00
3.3333e+00 1.0000e+05 0.0000e+00 1.0000e+00 1.0000e+05 0.0000e+00 2.5000e+00
3.7255e+00 1.0000e+05 0.0000e+00 1.0000e+00 1.0000e+05 0.0000e+00 2.5000e+00
4.1176e+00 1.0000e+05 0.0000e+00 1.0000e+00 1.0000e+05 0.0000e+00 2.5000e+00
4.5098e+00 1.0000e+05 0.0000e+00 1.0000e+00 1.0000e+05 0.0000e+00 2.5000e+00
4.9020e+00 1.0000e+05 0.0000e+00 1.0000e+00 1.0000e+05 0.0000e+00 2.5000e+00
5.2941e+00 1.0000e+05 0.0000e+00 1.0000e+00 1.0000e+05 0.0000e+00 2.5000e+00
5.6863e+00 1.0000e+05 0.0000e+00 1.0000e+00 1.0000e+05 0.0000e+00 2.5000e+00
6.0784e+00 1.0000e+05 0.0000e+00 1.0000e+00 1.0000e+05 0.0000e+00 2.5000e+00
6.4706e+00 1.0000e+05 0.0000e+00 1.0000e+00 1.0000e+05 0.0000e+00 2.5000e+00
6.8627e+00 1.0000e+05 0.0000e+00 1.0000e+00 1.0000e+05 0.0000e+00 2.5000e+00
7.2549e+00 1.0000e+05 0.0000e+00 1.0000e+00 1.0000e+05 0.0000e+00 2.5000e+00
7.6471e+00 1.0000e+05 0.0000e+00 1.0000e+00 1.0000e+05 0.0000e+00 2.5000e+00
8.0392e+00 1.0000e+05 0.0000e+00 1.0000e+00 1.0000e+05 0.0000e+00 2.5000e+00
8.4314e+00 1.0000e+05 0.0000e+00 1.0000e+00 1.0000e+05 0.0000e+00 2.5000e+00
8.8235e+00 1.0000e+05 0.0000e+00 1.0000e+00 1.0000e+05 0.0000e+00 2.5000e+00
9.2157e+00 1.0000e+05 0.0000e+00 1.0000e+00 1.0000e+05 0.0000e+00 2.5000e+00
9.6078e+00 1.0000e+05 8.1535e-20 1.0000e+00 1.0000e+05 8.1535e-15 2.5000e+00
1.0000e+01 1.0000e+05 8.9858e-19 1.0000e+00 1.0000e+05 8.9858e-14 2.5000e+00
1.0392e+01 1.0000e+05 3.3562e-18 1.0000e+00 1.0000e+05 3.3562e-13 2.5000e+00
1.0784e+01 1.0000e+05 7.5598e-18 1.0000e+00 1.0000e+05 7.5598e-13 2.5000e+00
1.1176e+01 1.0000e+05 1.3540e-17 1.0000e+00 1.0000e+05 1.3540e-12 2.5000e+00
1.1569e+01 1.0000e+05 2.2291e-17 1.0000e+00 1.0000e+05 2.2291e-12 2.5000e+00
1.1961e+01 1.0000e+05 3.6261e-17 1.0000e+00 1.0000e+05 3.6261e-12 2.5000e+00
1.2353e+01 1.0000e+05 5.9155e-17 1.0000e+00 1.0000e+05 5.9155e-12 2.5000e+00
1.2745e+01 1.0000e+05 9.8833e-17 1.0000e+00 1.0000e+05 9.8833e-12 2.5000e+00
1.3137e+01 1.0000e+05 1.6800e-16 1.0000e+00 1.0000e+05 1.6800e-11 2.5000e+00
1.3529e+01 1.0000e+05 2.8858e-16 1.0000e+00 1.0000e+05 2.8858e-11 2.5000e+00
1.3922e+01 1.0000e+05 4.9869e-16 1.0000e+00 1.0000e+05 4.9869e-11 2.5000e+00
1.4314e+01 1.0000e+05 8.6277e-16 1.0000e+00 1.0000e+05 8.6277e-11 2.5000e+00
1.4706e+01 1.0000e+05 1.4909e-15 1.0000e+00 1.0000e+05 1.4909e-10 2.5000e+00
1.5098e+01 1.0000e+05 2.5683e-15 1.0000e+00 1.0000e+05 2.5683e-10 2.5000e+00
1.5490e+01 1.0000e+05 4.4043e-15 1.0000e+00 1.0000e+05 4.4043e-10 2.5000e+00
1.5882e+01 1.0000e+05 7.5163e-15 1.0000e+00 1.0000e+05 7.5163e-10 2.5000e+00
1.6275e+01 1.0000e+05 1.2761e-14 1.0000e+00 1.0000e+05 1.2761e-09 2.5000e+00
1.6667e+01 1.0000e+05 2.1546e-14 1.0000e+00 1.0000e+05 2.1546e-09 2.5000e+00
1.7059e+01 1.0000e+05 3.6176e-14 1.0000e+00 1.0000e+05 3.6176e-09 2.5000e+00
1.7451e+01 1.0000e+05 6.0400e-14 1.0000e+00 1.0000e+05 6.0400e-09 2.5000e+00
1.7843e+01 1.0000e+05 1.0027e-13 1.0000e+00 1.0000e+05 1.0027e-08 2.5000e+00
1.8235e+01 1.0000e+05 1.6551e-13 1.0000e+00 1.0000e+05 1.6551e-08 2.5000e+00
1.8627e+01 1.0000e+05 2.7163e-13 1.0000e+00 1.0000e+05 2.7163e-08 2.5000e+00
1.9020e+01 1.0000e+05 4.4325e-13 1.0000e+00 1.0000e+05 4.4325e-08 2.5000e+00
1.9412e+01 1.0000e+05 7.1913e-13 1.0000e+00 1.0000e+05 7.1913e-08 2.5000e+00
1.9804e+01 1.0000e+05 1.1600e-12 1.0000e+00 1.0000e+05 1.1600e-07 2.5000e+00
2.0196e+01 1.0000e+05 1.8603e-12 1.0000e+00 1.0000e+05 1.8603e-07 2.5000e+00
2.0588e+01 1.0000e+05 2.9661e-12 1.0000e+00 1.0000e+05 2.9661e-07 2.5000e+00
2.0980e+01 1.0000e+05 4.7019e-12 1.0000e+00 1.0000e+05 4.7019e-07 2.5000e+00
2.1373e+01 1.0000e+05 7.4101e-12 1.0000e+00 1.0000e+05 7.4101e-07 2.5000e+00
2.1765e+01 1.0000e+05 1.1610e-11 1.0000e+00 1.0000e+05 1.1610e-06 2.5000e+00
2.2157e+01 1.0000e+05 1.8085e-11 1.0000e+00 1.0000e+05 1.8085e-06 2.5000e+00
2.2549e+01 1.0000e+05 2.8005e-11 1.0000e+00 1.0000e+05 2.8005e-06 2.5000e+00
2.2941e+01 1.0000e+05 4.3114e-11 1.0000e+00 1.0000e+05 4.3114e-06 2.5000e+00
2.3333e+01 1.0000e+05 6.5985e-11 1.0000e+00 1.0000e+05 6.5985e-06 2.5000e+00
2.3725e+01 1.0000e+05 1.0039e-10 1.0000e+00 1.0000e+05 1.0039e-05 2.5000e+00
2.4118e+01 1.0000e+05 1.5185e-10 1.0000e+00 1.0000e+05 1.5185e-05 2.5000e+00
2.4510e+01 1.0000e+05 2.2832e-10 1.0000e+00 1.0000e+05 2.2832e-05 2.5000e+00
2.4902e+01 1.0000e+05 3.4127e-10 1.0000e+00 1.0000e+05 3.4127e-05 2.5000e+00
2.5294e+01 1.0000e+05 5.0710e-10 1.0000e+00 1.0000e+05 5.0710e-05 2.5000e+00
2.5686e+01 1.0000e+05 7.4903e-10 1.0000e+00 1.0000e+05 7.4903e-05 2.5000e+00
2.6078e+01 1.0000e+05 1.0998e-09 1.0000e+00 1.0000e+05 1.0998e-04 2.5000e+00
2.6471e+01 1.0000e+05 1.6053e-09 1.0000e+00 1.0000e+05 1.6053e-04 2.5000e+00
2.6863e+01 1.0000e+05 2.3293e-09 9.9999e-01 1.0000e+05 2.3293e-04 2.5000e+00
2.7255e+01 1.0000e+05 3.3595e-09 9.9999e-01 1.0000e+05 3.3595e-04 2.5000e+00
2.7647e+01 1.0000e+05 4.8166e-09 9.9999e-01 1.0000e+05 4.8166e-04 2.5000e+00
2.8039e+01 1.0000e+05 6.8646e-09 9.9998e-01 1.0000e+05 6.8646e-04 2.5000e+00
2.8431e+01 1.0000e+05 9.7249e-09 9.9998e-01 1.0000e+05 9.7249e-04 2.4999e+00
2.8824e+01 1.0000e+05 1.3695e-08 9.9997e-01 1.0000e+05 1.3695e-03 2.4999e+00
2.9216e+01 1.0000e+05 1.9170e-08 9.9996e-01 1.0000e+05 1.9170e-03 2.4999e+00
2.9608e+01 1.0000e+05 2.6675e-08 9.9994e-01 1.0000e+05 2.6675e-03 2.4999e+00
3.0000e+01 1.0000e+05 3.6895e-08 9.9992e-01 1.0000e+05 3.6895e-03 2.4998e+00
3.0392e+01 1.0000e+05 5.0725e-08 9.9990e-01 1.0000e+05 5.0725e-03 2.4997e+00
3.0784e+01 1.0000e+05 6.9324e-08 9.9986e-01 1.0000e+05 6.9324e-03 2.4997e+00
3.1176e+01 1.0000e+05 9.4176e-08 9.9981e-01 1.0000e+05 9.4175e-03 2.4995e+00
3.1569e+01 9.9999e+04 1.2717e-07 9.9975e-01 9.9999e+04 1.2717e-02 2.4994e+00
3.1961e+01 9.9999e+04 1.7071e-07 9.9967e-01 9.9999e+04 1.7070e-02 2.4992e+00
3.2353e+01 9.9999e+04 2.2778e-07 9.9957e-01 9.9999e+04 2.2777e-02 2.4989e+00
3.2745e+01 9.9998e+04 3.0212e-07 9.9944e-01 9.9998e+04 3.0211e-02 2.4986e+00
3.3137e+01 9.9998e+04 3.9834e-07 9.9928e-01 9.9998e+04 3.9833e-02 2.4982e+00
3.3529e+01 9.9997e+04 5.2209e-07 9.9907e-01 9.9997e+04 5.2207e-02 2.4977e+00
3.3922e+01 9.9996e+04 6.8023e-07 9.9881e-01 9.9996e+04 6.8021e-02 2.4970e+00
3.4314e+01 9.9995e+04 8.8105e-07 9.9848e-01 9.9995e+04 8.8100e-02 2.4962e+00
3.4706e+01 9.9993e+04 1.1344e-06 9.9808e-01 9.9993e+04 1.1344e-01 2.4952e+00
3.5098e+01 9.9991e+04 1.4521e-06 9.9759e-01 9.9991e+04 1.4520e-01 2.4940e+00
3.5490e+01 9.9989e+04 1.8479e-06 9.9700e-01 9.9989e+04 1.8477e-01 2.4925e+00
3.5882e+01 9.9986e+04 2.3378e-06 9.9627e-01 9.9986e+04 2.3375e-01 2.4907e+00
3.6275e+01 9.9982e+04 2.9406e-06 9.9540e-01 9.9982e+04 2.9401e-01 2.4885e+00
3.6667e+01 9.9977e+04 3.6774e-06 9.9437e-01 9.9977e+04 3.6766e-01 2.4859e+00
3.7059e+01 9.9970e+04 4.5726e-06 9.9314e-01 9.9970e+04 4.5712e-01 2.4828e+00
3.7451e+01 9.9963e+04 5.6533e-06 9.9169e-01 9.9963e+04 5.6512e-01 2.4792e+00
3.7843e+01 9.9953e+04 6.9500e-06 9.8999e-01 9.9953e+04 6.9468e-01 2.4750e+00
3.8235e+01 9.9942e+04 8.4963e-06 9.8803e-01 9.9942e+04 8.4913e-01 2.4701e+00
3.8627e+01 9.9928e+04 1.0329e-05 9.8575e-01 9.9928e+04 1.0321e+00 2.4644e+00
3.9020e+01 9.9911e+04 1.2488e-05 9.8315e-01 9.9911e+04 1.2477e+00 2.4579e+00
3.9412e+01 9.9891e+04 1.5015e-05 9.8018e-01 9.9891e+04 1.4999e+00 2.4505e+00
3.9804e+01 9.9867e+04 1.7957e-05 9.7683e-01 9.9867e+04 1.7934e+00 2.4421e+00
4.0196e+01 9.9839e+04 2.1362e-05 9.7305e-01 9.9839e+04 2.1327e+00 2.4327e+00
4.0588e+01 9.9806e+04 2.5277e-05 9.6884e-01 9.9806e+04 2.5228e+00 2.4221e+00
4.0980e+01 9.9767e+04 2.9755e-05 9.6416e-01 9.9767e+04 2.9686e+00 2.4105e+00
4.1373e+01 9.9722e+04 3.4848e-05 9.5901e-01 9.9722e+04 3.4751e+00 2.3976e+00
4.1765e+01 9.9669e+04 4.0605e-05 9.5336e-01 9.9669e+04 4.0471e+00 2.3835e+00
4.2157e+01 9.9609e+04 4.7078e-05 9.4722e-01 9.9609e+04 4.6894e+00 2.3682e+00
4.2549e+01 9.9540e+04 5.4316e-05 9.4057e-01 9.9540e+04 5.4066e+00 2.3516e+00
4.2941e+01 9.9460e+04 6.2365e-05 9.3342e-01 9.9460e+04 6.2029e+00 2.3338e+00
4.3333e+01 9.9371e+04 7.1268e-05 9.2579e-01 9.9371e+04 7.0820e+00 2.3147e+00
4.3725e+01 9.9269e+04 8.1064e-05 9.1769e-01 9.9269e+04 8.0472e+00 2.2946e+00
4.4118e+01 9.9155e+04 9.1786e-05 9.0914e-01 9.9155e+04 9.1010e+00 2.2733e+00
4.4510e+01 9.9028e+04 1.0346e-04 9.0018e-01 9.9028e+04 1.0246e+01 2.2510e+00
4.4902e+01 9.8886e+04 1.1610e-04 8.9083e-01 9.8886e+04 1.1481e+01 2.2277e+00
4.5294e+01 9.8730e+04 1.2978e-04 8.8116e-01 9.8730e+04 1.2814e+01 2.2037e+00
4.5686e+01 9.8552e+04 1.4423e-04 8.7112e-01 9.8552e+04 1.4214e+01 2.1788e+00
4.6078e+01 9.8381e+04 1.6055e-04 8.6114e-01 9.8381e+04 1.5795e+01 2.1541e+00
4.6471e+01 9.8106e+04 1.7478e-04 8.4992e-01 9.8106e+04 1.7147e+01 2.1263e+00
4.6863e+01 9.8079e+04 1.9939e-04 8.4179e-01 9.8079e+04 1.9556e+01 2.1064e+00
4.7255e+01 9.7320e+04 1.9967e-04 8.2502e-01 9.7320e+04 1.9432e+01 2.0645e+00
4.7647e+01 9.8169e+04 2.5799e-04 8.2752e-01 9.8169e+04 2.5326e+01 2.0721e+00
4.8039e+01 9.5941e+04 2.0993e-04 7.9427e-01 9.5941e+04 2.0141e+01 1.9878e+00
4.8431e+01 9.8203e+04 3.1981e-04 8.1320e-01 9.8203e+04 3.1406e+01 2.0380e+00
4.8824e+01 9.5670e+04 2.6278e-04 7.7712e-01 9.5670e+04 2.5140e+01 1.9461e+00
4.9216e+01 9.4417e+04 3.2536e-04 7.8010e-01 9.4417e+04 3.0720e+01 1.9552e+00
4.9608e+01 1.1417e+05 3.3506e-04 7.6564e-01 1.1417e+05 3.8255e+01 1.9205e+00
5.0000e+01 2.6004e+04 3.6363e-04 7.6394e-01 2.6004e+04 9.4561e+00 1.9116e+00
5.0392e+01 1.1079e+04 4.3326e-04 7.6473e-01 1.1079e+04 4.8000e+00 1.9129e+00
5.0784e+01 9.7332e+03 5.3091e-04 7.6151e-01 9.7332e+03 5.1674e+00 1.9051e+00
5.1176e+01 1.0284e+04 6.0159e-04 7.5566e-01 1.0284e+04 6.1864e+00 1.8910e+00
5.1569e+01 1.0776e+04 7.6073e-04 7.6181e-01 1.0776e+04 8.1976e+00 1.9076e+00
5.1961e+01 1.1370e+04 9.1695e-04 7.6981e-01 1.1370e+04 1.0425e+01 1.9293e+00
5.2353e+01 1.1588e+04 9.6365e-04 7.6774e-01 1.1588e+04 1.1166e+01 1.9247e+00
5.2745e+01 1.1752e+04 9.3131e-04 7.5823e-01 1.1752e+04 1.0945e+01 1.9007e+00
5.3137e+01 1.1819e+04 9.2289e-04 7.5015e-01 1.1819e+04 1.0908e+01 1.8804e+00
5.3529e+01 1.2046e+04 1.0098e-03 7.5417e-01 1.2046e+04 1.2164e+01 1.8916e+00
5.3922e+01 1.2295e+04 1.1708e-03 7.6784e-01 1.2295e+04 1.4395e+01 1.9280e+00
5.4314e+01 1.2573e+04 1.3334e-03 7.8275e-01 1.2573e+04 1.6764e+01 1.9680e+00
5.4706e+01 1.2753e+04 1.4495e-03 7.9306e-01 1.2753e+04 1.8485e+01 1.9961e+00
5.5098e+01 1.2868e+04 1.5090e-03 7.9712e-01 1.2868e+04 1.9418e+01 2.0075e+00
5.5490e+01 1.2909e+04 1.5293e-03 7.9682e-01 1.2909e+04 1.9742e+01 2.0071e+00
5.5882e+01 1.2930e+04 1.5304e-03 7.9443e-01 1.2930e+04 1.9788e+01 2.0012e+00
5.6275e+01 1.2933e+04 1.5263e-03 7.9156e-01 1.2933e+04 1.9739e+01 1.9940e+00
5.6667e+01 1.2939e+04 1.5206e-03 7.8848e-01 1.2939e+04 1.9675e+01 1.9862e+00
5.7059e+01 1.2940e+04 1.5144e-03 7.8526e-01 1.2940e+04 1.9597e+01 1.9780e+00
5.7451e+01 1.2944e+04 1.5074e-03 7.8188e-01 1.2944e+04 1.9511e+01 1.9694e+00
5.7843e+01 1.2945e+04 1.4999e-03 7.7834e-01 1.2945e+04 1.9416e+01 1.9604e+00
5.8235e+01 1.2946e+04 1.4918e-03 7.7464e-01 1.2946e+04 1.9313e+01 1.9510e+00
5.8627e+01 1.2947e+04 1.4831e-03 7.7077e-01 1.2947e+04 1.9202e+01 1.9412e+00
5.9020e+01 1.2947e+04 1.4738e-03 7.6672e-01 1.2947e+04 1.9082e+01 1.9309e+00
5.9412e+01 1.2947e+04 1.4640e-03 7.6250e-01 1.2947e+04 1.8954e+01 1.9201e+00
5.9804e+01 1.2946e+04 1.4535e-03 7.5809e-01 1.2946e+04 1.8818e+01 1.9089e+00
6.0196e+01 1.2945e+04 1.4425e-03 7.5349e-01 1.2945e+04 1.8674e+01 1.8972e+00
6.0588e+01 1.2944e+04 1.4310e-03 7.4870e-01 1.2944e+04 1.8522e+01 1.8850e+00
6.0980e+01 1.2942e+04 1.4188e-03 7.4371e-01 1.2942e+04 1.8362e+01 1.8723e+00
6.1373e+01 1.2939e+04 1.4061e-03 7.3851e-01 1.2939e+04 1.8194e+01 1.8591e+00
6.1765e+01 1.2937e+04 1.3928e-03 7.3310e-01 1.2937e+04 1.8018e+01 1.8453e+00
6.2157e+01 1.2934e+04 1.3789e-03 7.2746e-01 1.2934e+04 1.7834e+01 1.8310e+00
6.2549e+01 1.2931e+04 1.3644e-03 7.2161e-01 1.2931e+04 1.7642e+01 1.8161e+00
6.2941e+01 1.2927e+04 1.3494e-03 7.1553e-01 1.2927e+04 1.7443e+01 1.8006e+00
6.3333e+01 1.2923e+04 1.3337e-03 7.0921e-01 1.2923e+04 1.7236e+01 1.7845e+00
6.3725e+01 1.2919e+04 1.3175e-03 7.0265e-01 1.2919e+04 1.7021e+01 1.7678e+00
6.4118e+01 1.2914e+04 1.3007e-03 6.9585e-01 1.2914e+04 1.6798e+01 1.7505e+00
6.4510e+01 1.2909e+04 1.2833e-03 6.8880e-01 1.2909e+04 1.6567e+01 1.7326e+00
6.4902e+01 1.2904e+04 1.2654e-03 6.8149e-01 1.2904e+04 1.6328e+01 1.7141e+00
6.5294e+01 1.2899e+04 1.2468e-03 6.7393e-01 1.2899e+04 1.6082e+01 1.6948e+00
6.5686e+01 1.2893e+04 1.2277e-03 6.6610e-01 1.2893e+04 1.5828e+01 1.6750e+00
6.6078e+01 1.2887e+04 1.2079e-03 6.5801e-01 1.2887e+04 1.5566e+01 1.6544e+00
6.6471e+01 1.2881e+04 1.1876e-03 6.4964e-01 1.2881e+04 1.5297e+01 1.6332e+00
6.6863e+01 1.2874e+04 1.1667e-03 6.4099e-01 1.2874e+04 1.5020e+01 1.6112e+00
6.7255e+01 1.2867e+04 1.1451e-03 6.3206e-01 1.2867e+04 1.4735e+01 1.5886e+00
6.7647e+01 1.2860e+04 1.1230e-03 6.2284e-01 1.2860e+04 1.4442e+01 1.5652e+00
6.8039e+01 1.2853e+04 1.1003e-03 6.1332e-01 1.2853e+04 1.4142e+01 1.5411e+00
6.8431e+01 1.2846e+04 1.0769e-03 6.0350e-01 1.2846e+04 1.3833e+01 1.5162e+00
6.8824e+01 1.2838e+04 1.0529e-03 5.9336e-01 1.2838e+04 1.3517e+01 1.4905e+00
6.9216e+01 1.2830e+04 1.0283e-03 5.8291e-01 1.2830e+04 1.3193e+01 1.4641e+00
6.9608e+01 1.2821e+04 1.0030e-03 5.7213e-01 1.2821e+04 1.2860e+01 1.4368e+00
7.0000e+01 1.2813e+04 9.7707e-04 5.6100e-01 1.2813e+04 1.2519e+01 1.4086e+00
7.0392e+01 1.2804e+04 9.5046e-04 5.4952e-01 1.2804e+04 1.2170e+01 1.3796e+00
7.0784e+01 1.2795e+04 9.2316e-04 5.3769e-01 1.2795e+04 1.1812e+01 1.3497e+00
7.1176e+01 1.2786e+04 8.9515e-04 5.2547e-01 1.2786e+04 1.1445e+01 1.3188e+00
7.1569e+01 1.2776e+04 8.6643e-04 5.1287e-01 1.2776e+04 1.1070e+01 1.2870e+00
7.1961e+01 1.2767e+04 8.3697e-04 4.9986e-01 1.2767e+04 1.0685e+01 1.2541e+00
7.2353e+01 1.2757e+04 8.0675e-04 4.8644e-01 1.2757e+04 1.0291e+01 1.2202e+00
7.2745e+01 1.2746e+04 7.7577e-04 4.7258e-01 1.2746e+04 9.8883e+00 1.1853e+00
7.3137e+01 1.2736e+04 7.4399e-04 4.5828e-01 1.2736e+04 9.4754e+00 1.1492e+00
7.3529e+01 1.2725e+04 7.1140e-04 4.4352e-01 1.2725e+04 9.0528e+00 1.1120e+00
7.3922e+01 1.2714e+04 6.7799e-04 4.2827e-01 1.2714e+04 8.6201e+00 1.0736e+00
7.4314e+01 1.2703e+04 6.4372e-04 4.1253e-01 1.2703e+04 8.1772e+00 1.0340e+00
7.4706e+01 1.2692e+04 6.0859e-04 3.9627e-01 1.2692e+04 7.7239e+00 9.9303e-01
7.5098e+01 1.2680e+04 5.7257e-04 3.7948e-01 1.2680e+04 7.2601e+00 9.5079e-01
7.5490e+01 1.2668e+04 5.3564e-04 3.6215e-01 1.2668e+04 6.7854e+00 9.0718e-01
7.5882e+01 1.2656e+04 4.9778e-04 3.4424e-01 1.2656e+04 6.2997e+00 8.6217e-01
7.6275e+01 1.2643e+04 4.5896e-04 3.2574e-01 1.2643e+04 5.8027e+00 8.1569e-01
7.6667e+01 1.2630e+04 4.1917e-04 3.0664e-01 1.2630e+04 5.2943e+00 7.6771e-01
7.7059e+01 1.2617e+04 3.7838e-04 2.8690e-01 1.2617e+04 4.7742e+00 7.1816e-01
7.7451e+01 1.2604e+04 3.3657e-04 2.6651e-01 1.2604e+04 4.2421e+00 6.6700e-01
7.7843e+01 1.2591e+04 2.9373e-04 2.4546e-01 1.2591e+04 3.6983e+00 6.1419e-01
7.8235e+01 1.2577e+04 2.4995e-04 2.2377e-01 1.2577e+04 3.1435e+00 5.5981e-01
7.8627e+01 1.2563e+04 2.0550e-04 2.0156e-01 1.2563e+04 2.5817e+00 5.0417e-01
7.9020e+01 1.2549e+04 1.6118e-04 1.7926e-01 1.2549e+04 2.0226e+00 4.4831e-01
7.9412e+01 1.2536e+04 1.1864e-04 1.5776e-01 1.2536e+04 1.4873e+00 3.9448e-01
7.9804e+01 1.2525e+04 8.0513e-05 1.3853e-01 1.2525e+04 1.0084e+00 3.4637e-01
8.0196e+01 1.2515e+04 4.9644e-05 1.2320e-01 1.2515e+04 6.2132e-01 3.0801e-01
8.0588e+01 1.2509e+04 2.7668e-05 1.1258e-01 1.2509e+04 3.4609e-01 2.8145e-01
8.0980e+01 1.2505e+04 1.4053e-05 1.0623e-01 1.2505e+04 1.7572e-01 2.6558e-01
8.1373e+01 1.2502e+04 6.6344e-06 1.0289e-01 1.2502e+04 8.2945e-02 2.5722e-01
8.1765e+01 1.2501e+04 2.9818e-06 1.0129e-01 1.2501e+04 3.7276e-02 2.5321e-01
8.2157e+01 1.2500e+04 1.3019e-06 1.0056e-01 1.2500e+04 1.6274e-02 2.5140e-01
8.2549e+01 1.2500e+04 5.5950e-07 1.0024e-01 1.2500e+04 6.9938e-03 2.5060e-01
8.2941e+01 1.2500e+04 2.3839e-07 1.0010e-01 1.2500e+04 2.9799e-03 2.5026e-01
8.3333e+01 1.2500e+04 1.0106e-07 1.0004e-01 1.2500e+04 1.2632e-03 2.5011e-01
8.3725e+01 1.2500e+04 4.2688e-08 1.0002e-01 1.2500e+04 5.3360e-04 2.5005e-01
8.4118e+01 1.2500e+04 1.7980e-08 1.0001e-01 1.2500e+04 2.2475e-04 2.5002e-01
8.4510e+01 1.2500e+04 7.5537e-09 1.0000e-01 1.2500e+04 9.4422e-05 2.5001e-01
8.4902e+01 1.2500e+04 3.1656e-09 1.0000e-01 1.2500e+04 3.9570e-05 2.5000e-01
8.5294e+01 1.2500e+04 1.3234e-09 1.0000e-01 1.2500e+04 1.6542e-05 2.5000e-01
8.5686e+01 1.2500e+04 5.5191e-10 1.0000e-01 1.2500e+04 6.8989e-06 2.5000e-01
8.6078e+01 1.2500e+04 2.2961e-10 1.0000e-01 1.2500e+04 2.8702e-06 2.5000e-01
8.6471e+01 1.2500e+04 9.5293e-11 1.0000e-01 1.2500e+04 1.1912e-06 2.5000e-01
8.6863e+01 1.2500e+04 3.9451e-11 1.0000e-01 1.2500e+04 4.9314e-07 2.5000e-01
8.7255e+01 1.2500e+04 1.6293e-11 1.0000e-01 1.2500e+04 2.0366e-07 2.5000e-01
8.7647e+01 1.2500e+04 6.7118e-12 1.0000e-01 1.2500e+04 8.3898e-08 2.5000e-01
8.8039e+01 1.2500e+04 2.7581e-12 1.0000e-01 1.2500e+04 3.4476e-08 2.5000e-01
8.8431e+01 1.2500e+04 1.1305e-12 1.0000e-01 1.2500e+04 1.4132e-08 2.5000e-01
8.8824e+01 1.2500e+04 4.6224e-13 1.0000e-01 1.2500e+04 5.7780e-09 2.5000e-01
8.9216e+01 1.2500e+04 1.8852e-13 1.0000e-01 1.2500e+04 2.3565e-09 2.5000e-01
8.9608e+01 1.2500e+04 7.6685e-14 1.0000e-01 1.2500e+04 9.5857e-10 2.5000e-01
9.0000e+01 1.2500e+04 3.1113e-14 1.0000e-01 1.2500e+04 3.8891e-10 2.5000e-01
9.0392e+01 1.2500e+04 1.2589e-14 1.0000e-01 1.2500e+04 1.5737e-10 2.5000e-01
9.0784e+01 1.2500e+04 5.0795e-15 1.0000e-01 1.2500e+04 6.3494e-11 2.5000e-01
9.1176e+01 1.2500e+04 2.0426e-15 1.0000e-01 1.2500e+04 2.5532e-11 2.5000e-01
9.1569e+01 1.2500e+04 8.1804e-16 1.0000e-01 1.2500e+04 1.0225e-11 2.5000e-01
9.1961e+01 1.2500e+04 3.2564e-16 1.0000e-01 1.2500e+04 4.0704e-12 2.5000e-01
9.2353e+01 1.2500e+04 1.2785e-16 1.0000e-01 1.2500e+04 1.5981e-12 2.5000e-01
9.2745e+01 1.2500e+04 4.9000e-17 1.0000e-01 1.2500e+04 6.1250e-13 2.5000e-01
9.3137e+01 1.2500e+04 1.7790e-17 1.0000e-01 1.2500e+04 2.2238e-13 2.5000e-01
9.3529e+01 1.2500e+04 5.4880e-18 1.0000e-01 1.2500e+04 6.8600e-14 2.5000e-01
9.3922e+01 1.2500e+04 9.6794e-19 1.0000e-01 1.2500e+04 1.2099e-14 2.5000e-01
9.4314e+01 1.2500e+04 1.9251e-20 1.0000e-01 1.2500e+04 2.4064e-16 2.5000e-01
9.4706e+01 1.2500e+04 0.0000e+00 1.0000e-01 1.2500e+04 0.0000e+00 2.5000e-01
9.5098e+01 1.2500e+04 0.0000e+00 1.0000e-01 1.2500e+04 0.0000e+00 2.5000e-01
9.5490e+01 1.2500e+04 0.0000e+00 1.0000e-01 1.2500e+04 0.0000e+00 2.5000e-01
9.5882e+01 1.2500e+04 0.0000e+00 1.0000e-01 1.2500e+04 0.0000e+00 2.5000e-01
9.6275e+01 1.2500e+04 0.0000e+00 1.0000e-01 1.2500e+04 0.0000e+00 2.5000e-01
9.6667e+01 1.2500e+04 0.0000e+00 1.0000e-01 1.2500e+04 0.0000e+00 2.5000e-01
9.7059e+01 1.2500e+04 0.0000e+00 1.0000e-01 1.2500e+04 0.0000e+00 2.5000e-01
9.7451e+01 1.2500e+04 0.0000e+00 1.0000e-01 1.2500e+04 0.0000e+00 2.5000e-01
9.7843e+01 1.2500e+04 0.0000e+00 1.0000e-01 1.2500e+04 0.0000e+00 2.5000e-01
9.8235e+01 1.2500e+04 0.0000e+00 1.0000e-01 1.2500e+04 0.0000e+00 2.5000e-01
9.8627e+01 1.2500e+04 0.0000e+00 1.0000e-01 1.2500e+04 0.0000e+00 2.5000e-01
9.9020e+01 1.2500e+04 0.0000e+00 1.0000e-01 1.2500e+04 0.0000e+00 2.5000e-01
9.9412e+01 1.2500e+04 0.0000e+00 1.0000e-01 1.2500e+04 0.0000e+00 2.5000e-01
9.9804e+01 1.2500e+04 0.0000e+00 1.0000e-01 1.2500e+04 0.0000e+00 2.5000e-01
