# # x Density Velocity Pressure q0 q1 q2
1.9608e-01 1.0000e+05 0.0000e+00 1.0000e+00 1.0000e+05 0.0000e+00 2.5000e+00
5.8824e-01 1.0000e+05 0.0000e+00 1.0000e+00 1.0000e+05 0.0000e+00 2.5000e+00
9.8039e-01 1.0000e+05 0.0000e+00 1.0000e+00 1.0000e+05 0.0000e+00 2.5000e+00
1.3725e+00 1.0000e+05 0.0000e+00 1.0000e+00 1.0000e+05 0.0000e+00 2.5000e+00
1.7647e+00 1.0000e+05 0.0000e+00 1.0000e+00 1.0000e+05 0.0000e+00 2.5000e+00
2.1569e+00 1.0000e+05 0.0000e+00 1.0000e+00 1.0000e+05 0.0000e+00 2.5000e+00
2.5490e+00 1.0000e+05 0.0000e+00 1.0000e+00 1.0000e+05 0.0000e+00 2.5000e+00
2.9412e+00 1.0000e+05 0.0000e+00 1.0000e+00 1.0000e+05 0.0000e+00 2.5000e+00
3.3333e+00 1.0000e+05 0.0000e+00 1.0000e+00 1.0000e+05 0.0000e+00 2.5000e+00
3.7255e+00 1.0000e+05 0.0000e+00 1.0000e+00 1.0000e+05 0.0000e+00 2.5000e+00
4.1176e+00 1.0000e+05 0.0000e+00 1.0000e+00 1.0000e+05 0.0000e+00 2.5000e+00
4.5098e+00 1.0000e+05 0.0000e+00 1.0000e+00 1.0000e+05 0.0000e+00 2.5000e+00
4.9020e+00 1.0000e+05 0.0000e+00 1.0000e+00 1.0000e+05 0.0000e+00 2.5000e+00
5.2941e+00 1.0000e+05 0.0000e+00 1.0000e+00 1.0000e+05 0.0000e+00 2.5000e+00
5.6863e+00 1.0000e+05 0.0000e+00 1.0000e+00 1.0000e+05 0.0000e+00 2.5000e+00
6.0784e+00 1.0000e+05 0.0000e+00 1.0000e+00 1.0000e+05 0.0000e+00 2.5000e+00
6.4706e+00 1.0000e+05 0.0000e+00 1.0000e+00 1.0000e+05 0.0000e+00 2.5000e+00
6.8627e+00 1.0000e+05 0.0000e+00 1.0000e+00 1.0000e+05 0.0000e+00 2.5000e+00
7.2549e+00 1.0000e+05 0.0000e+00 1.0000e+00 1.0000e+05 0.0000e+00 2.5000e+00
7.6471e+00 1.0000e+05 0.0000e+00 1.0000e+00 1.0000e+05 0.0000e+00 2.5000e+00
8.0392e+00 1.0000e+05 0.0000e+00 1.0000e+00 1.0000e+05 0.0000e+00 2.5000e+00
8.4314e+00 1.0000e+05 0.0000e+00 1.0000e+00 1.0000e+05 0.0000e+00 2.5000e+00
8.8235e+00 1.0000e+05 0.0000e+00 1.0000e+00 1.0000e+05 0.0000e+00 2.5000e+00
9.2157e+00 1.0000e+05 1.1324e-21 1.0000e+00 1.0000e+05 1.1324e-16 2.5000e+00
9.6078e+00 1.0000e+05 3.5756e-19 1.0000e+00 1.0000e+05 3.5756e-14 2.5000e+00
1.0000e+01 1.0000e+05 1.9897e-18 1.0000e+00 1.0000e+05 1.9897e-13 2.5000e+00
1.0392e+01 1.0000e+05 5.3714e-18 1.0000e+00 1.0000e+05 5.3714e-13 2.5000e+00
1.0784e+01 1.0000e+05 1.0509e-17 1.0000e+00 1.0000e+05 1.0509e-12 2.5000e+00
1.1176e+01 1.0000e+05 1.7753e-17 1.0000e+00 1.0000e+05 1.7753e-12 2.5000e+00
1.1569e+01 1.0000e+05 2.8701e-17 1.0000e+00 1.0000e+05 2.8701e-12 2.5000e+00
1.1961e+01 1.0000e+05 4.6598e-17 1.0000e+00 1.0000e+05 4.6598e-12 2.5000e+00
1.2353e+01 1.0000e+05 7.6827e-17 1.0000e+00 1.0000e+05 7.6827e-12 2.5000e+00
1.2745e+01 1.0000e+05 1.2913e-16 1.0000e+00 1.0000e+05 1.2913e-11 2.5000e+00
1.3137e+01 1.0000e+05 2.2013e-16 1.0000e+00 1.0000e+05 2.2013e-11 2.5000e+00
1.3529e+01 1.0000e+05 3.7828e-16 1.0000e+00 1.0000e+05 3.7828e-11 2.5000e+00
1.3922e+01 1.0000e+05 6.5249e-16 1.0000e+00 1.0000e+05 6.5249e-11 2.5000e+00
1.4314e+01 1.0000e+05 1.1256e-15 1.0000e+00 1.0000e+05 1.1256e-10 2.5000e+00
1.4706e+01 1.0000e+05 1.9374e-15 1.0000e+00 1.0000e+05 1.9374e-10 2.5000e+00
1.5098e+01 1.0000e+05 3.3220e-15 1.0000e+00 1.0000e+05 3.3220e-10 2.5000e+00
1.5490e+01 1.0000e+05 5.6695e-15 1.0000e+00 1.0000e+05 5.6695e-10 2.5000e+00
1.5882e+01 1.0000e+05 9.6276e-15 1.0000e+00 1.0000e+05 9.6276e-10 2.5000e+00
1.6275e+01 1.0000e+05 1.6262e-14 1.0000e+00 1.0000e+05 1.6262e-09 2.5000e+00
1.6667e+01 1.0000e+05 2.7320e-14 1.0000e+00 1.0000e+05 2.7320e-09 2.5000e+00
1.7059e+01 1.0000e+05 4.5641e-14 1.0000e+00 1.0000e+05 4.5641e-09 2.5000e+00
1.7451e+01 1.0000e+05 7.5821e-14 1.0000e+00 1.0000e+05 7.5821e-09 2.5000e+00
1.7843e+01 1.0000e+05 1.2525e-13 1.0000e+00 1.0000e+05 1.2525e-08 2.5000e+00
1.8235e+01 1.0000e+05 2.0572e-13 1.0000e+00 1.0000e+05 2.0572e-08 2.5000e+00
1.8627e+01 1.0000e+05 3.3599e-13 1.0000e+00 1.0000e+05 3.3599e-08 2.5000e+00
1.9020e+01 1.0000e+05 5.4563e-13 1.0000e+00 1.0000e+05 5.4563e-08 2.5000e+00
1.9412e+01 1.0000e+05 8.8100e-13 1.0000e+00 1.0000e+05 8.8100e-08 2.5000e+00
1.9804e+01 1.0000e+05 1.4144e-12 1.0000e+00 1.0000e+05 1.4144e-07 2.5000e+00
2.0196e+01 1.0000e+05 2.2577e-12 1.0000e+00 1.0000e+05 2.2577e-07 2.5000e+00
2.0588e+01 1.0000e+05 3.5831e-12 1.0000e+00 1.0000e+05 3.5831e-07 2.5000e+00
2.0980e+01 1.0000e+05 5.6539e-12 1.0000e+00 1.0000e+05 5.6539e-07 2.5000e+00
2.1373e+01 1.0000e+05 8.8700e-12 1.0000e+00 1.0000e+05 8.8700e-07 2.5000e+00
2.1765e+01 1.0000e+05 1.3835e-11 1.0000e+00 1.0000e+05 1.3835e-06 2.5000e+00
2.2157e+01 1.0000e+05 2.1455e-11 1.0000e+00 1.0000e+05 2.1455e-06 2.5000e+00
2.2549e+01 1.0000e+05 3.3079e-11 1.0000e+00 1.0000e+05 3.3079e-06 2.5000e+00
2.2941e+01 1.0000e+05 5.0705e-11 1.0000e+00 1.0000e+05 5.0705e-06 2.5000e+00
2.3333e+01 1.0000e+05 7.7269e-11 1.0000e+00 1.0000e+05 7.7269e-06 2.5000e+00
2.3725e+01 1.0000e+05 1.1707e-10 1.0000e+00 1.0000e+05 1.1707e-05 2.5000e+00
2.4118e+01 1.0000e+05 1.7632e-10 1.0000e+00 1.0000e+05 1.7632e-05 2.5000e+00
2.4510e+01 1.0000e+05 2.6403e-10 1.0000e+00 1.0000e+05 2.6403e-05 2.5000e+00
2.4902e+01 1.0000e+05 3.9304e-10 1.0000e+00 1.0000e+05 3.9304e-05 2.5000e+00
2.5294e+01 1.0000e+05 5.8167e-10 1.0000e+00 1.0000e+05 5.8167e-05 2.5000e+00
2.5686e+01 1.0000e+05 8.5577e-10 1.0000e+00 1.0000e+05 8.5577e-05 2.5000e+00
2.6078e+01 1.0000e+05 1.2516e-09 1.0000e+00 1.0000e+05 1.2516e-04 2.5000e+00
2.6471e+01 1.0000e+05 1.8199e-09 1.0000e+00 1.0000e+05 1.8199e-04 2.5000e+00
2.6863e+01 1.0000e+05 2.6305e-09 9.9999e-01 1.0000e+05 2.6305e-04 2.5000e+00
2.7255e+01 1.0000e+05 3.7797e-09 9.9999e-01 1.0000e+05 3.7797e-04 2.5000e+00
2.7647e+01 1.0000e+05 5.3991e-09 9.9999e-01 1.0000e+05 5.3991e-04 2.5000e+00
2.8039e+01 1.0000e+05 7.6666e-09 9.9998e-01 1.0000e+05 7.6666e-04 2.5000e+00
2.8431e+01 1.0000e+05 1.0822e-08 9.9998e-01 1.0000e+05 1.0822e-03 2.4999e+00
2.8824e+01 1.0000e+05 1.5186e-08 9.9997e-01 1.0000e+05 1.5186e-03 2.4999e+00
2.9216e+01 1.0000e+05 2.1184e-08 9.9996e-01 1.0000e+05 2.1184e-03 2.4999e+00
2.9608e+01 1.0000e+05 2.9376e-08 9.9994e-01 1.0000e+05 2.9376e-03 2.4998e+00
3.0000e+01 1.0000e+05 4.0495e-08 9.9992e-01 1.0000e+05 4.0495e-03 2.4998e+00
3.0392e+01 1.0000e+05 5.5491e-08 9.9989e-01 1.0000e+05 5.5491e-03 2.4997e+00
3.0784e+01 1.0000e+05 7.5592e-08 9.9985e-01 1.0000e+05 7.5592e-03 2.4996e+00
3.1176e+01 9.9999e+04 1.0236e-07 9.9980e-01 9.9999e+04 1.0236e-02 2.4995e+00
3.1569e+01 9.9999e+04 1.3780e-07 9.9973e-01 9.9999e+04 1.3780e-02 2.4993e+00
3.1961e+01 9.9999e+04 1.8440e-07 9.9965e-01 9.9999e+04 1.8440e-02 2.4991e+00
3.2353e+01 9.9999e+04 2.4532e-07 9.9954e-01 9.9999e+04 2.4531e-02 2.4989e+00
3.2745e+01 9.9998e+04 3.2443e-07 9.9941e-01 9.9998e+04 3.2442e-02 2.4985e+00
3.3137e+01 9.9998e+04 4.2652e-07 9.9923e-01 9.9998e+04 4.2651e-02 2.4981e+00
3.3529e+01 9.9997e+04 5.5746e-07 9.9901e-01 9.9997e+04 5.5744e-02 2.4975e+00
3.3922e+01 9.9996e+04 7.2433e-07 9.9874e-01 9.9996e+04 7.2430e-02 2.4969e+00
3.4314e+01 9.9995e+04 9.3564e-07 9.9840e-01 9.9995e+04 9.3559e-02 2.4960e+00
3.4706e+01 9.9993e+04 1.2016e-06 9.9799e-01 9.9993e+04 1.2015e-01 2.4950e+00
3.5098e+01 9.9991e+04 1.5341e-06 9.9748e-01 9.9991e+04 1.5340e-01 2.4937e+00
3.5490e+01 9.9988e+04 1.9474e-06 9.9686e-01 9.9988e+04 1.9472e-01 2.4921e+00
3.5882e+01 9.9985e+04 2.4578e-06 9.9611e-01 9.9985e+04 2.4574e-01 2.4903e+00
3.6275e+01 9.9981e+04 3.0842e-06 9.9522e-01 9.9981e+04 3.0836e-01 2.4880e+00
3.6667e+01 9.9975e+04 3.8482e-06 9.9415e-01 9.9975e+04 3.8472e-01 2.4854e+00
3.7059e+01 9.9969e+04 4.7743e-06 9.9289e-01 9.9969e+04 4.7728e-01 2.4822e+00
3.7451e+01 9.9961e+04 5.8900e-06 9.9141e-01 9.9961e+04 5.8876e-01 2.4785e+00
3.7843e+01 9.9951e+04 7.2258e-06 9.8968e-01 9.9951e+04 7.2223e-01 2.4742e+00
3.8235e+01 9.9939e+04 8.8156e-06 9.8767e-01 9.9939e+04 8.8102e-01 2.4692e+00
3.8627e+01 9.9925e+04 1.0696e-05 9.8536e-01 9.9925e+04 1.0688e+00 2.4634e+00
3.9020e+01 9.9908e+04 1.2907e-05 9.8271e-01 9.9908e+04 1.2895e+00 2.4568e+00
3.9412e+01 9.9887e+04 1.5492e-05 9.7970e-01 9.9887e+04 1.5474e+00 2.4493e+00
3.9804e+01 9.9863e+04 1.8494e-05 9.7630e-01 9.9863e+04 1.8469e+00 2.4408e+00
4.0196e+01 9.9834e+04 2.1963e-05 9.7249e-01 9.9834e+04 2.1927e+00 2.4312e+00
4.0588e+01 9.9800e+04 2.5947e-05 9.6824e-01 9.9800e+04 2.5895e+00 2.4206e+00
4.0980e+01 9.9760e+04 3.0496e-05 9.6352e-01 9.9760e+04 3.0423e+00 2.4089e+00
4.1373e+01 9.9714e+04 3.5661e-05 9.5833e-01 9.9714e+04 3.5559e+00 2.3959e+00
4.1765e+01 9.9660e+04 4.1494e-05 9.5265e-01 9.9660e+04 4.1352e+00 2.3817e+00
4.2157e+01 9.9598e+04 4.8042e-05 9.4648e-01 9.9598e+04 4.7849e+00 2.3663e+00
4.2549e+01 9.9528e+04 5.5356e-05 9.3981e-01 9.9528e+04 5.5094e+00 2.3497e+00
4.2941e+01 9.9448e+04 6.3479e-05 9.3265e-01 9.9448e+04 6.3128e+00 2.3318e+00
4.3333e+01 9.9356e+04 7.2454e-05 9.2501e-01 9.9356e+04 7.1988e+00 2.3128e+00
4.3725e+01 9.9254e+04 8.2319e-05 9.1691e-01 9.9254e+04 8.1705e+00 2.2926e+00
4.4118e+01 9.9138e+04 9.3106e-05 9.0837e-01 9.9138e+04 9.2304e+00 2.2713e+00
4.4510e+01 9.9010e+04 1.0484e-04 8.9941e-01 9.9010e+04 1.0380e+01 2.2491e+00
4.4902e+01 9.8866e+04 1.1754e-04 8.9008e-01 9.8866e+04 1.1620e+01 2.2259e+00
4.5294e+01 9.8709e+04 1.3127e-04 8.8044e-01 9.8709e+04 1.2957e+01 2.2020e+00
4.5686e+01 9.8529e+04 1.4574e-04 8.7042e-01 9.8529e+04 1.4359e+01 2.1771e+00
4.6078e+01 9.8359e+04 1.6215e-04 8.6050e-01 9.8359e+04 1.5949e+01 2.1525e+00
4.6471e+01 9.8078e+04 1.7622e-04 8.4926e-01 9.8078e+04 1.7283e+01 2.1247e+00
4.6863e+01 9.8062e+04 2.0129e-04 8.4133e-01 9.8062e+04 1.9739e+01 2.1053e+00
4.7255e+01 9.7275e+04 2.0066e-04 8.2430e-01 9.7275e+04 1.9519e+01 2.0627e+00
4.7647e+01 9.8164e+04 2.6036e-04 8.2732e-01 9.8164e+04 2.5558e+01 2.0716e+00
4.8039e+01 9.5895e+04 2.1090e-04 7.9368e-01 9.5895e+04 2.0225e+01 1.9863e+00
4.8431e+01 9.8164e+04 3.2106e-04 8.1277e-01 9.8164e+04 3.1516e+01 2.0370e+00
4.8824e+01 9.5676e+04 2.6542e-04 7.7724e-01 9.5676e+04 2.5394e+01 1.9465e+00
4.9216e+01 9.4316e+04 3.2613e-04 7.7972e-01 9.4316e+04 3.0760e+01 1.9543e+00
4.9608e+01 1.1434e+05 3.3625e-04 7.6551e-01 1.1434e+05 3.8446e+01 1.9202e+00
5.0000e+01 2.6261e+04 3.6352e-04 7.6355e-01 2.6261e+04 9.5465e+00 1.9106e+00
5.0392e+01 1.1112e+04 4.3297e-04 7.6450e-01 1.1112e+04 4.8110e+00 1.9123e+00
5.0784e+01 9.7227e+03 5.3737e-04 7.6211e-01 9.7227e+03 5.2247e+00 1.9067e+00
5.1176e+01 1.0261e+04 6.0133e-04 7.5558e-01 1.0261e+04 6.1703e+00 1.8908e+00
5.1569e+01 1.0744e+04 7.4929e-04 7.6054e-01 1.0744e+04 8.0502e+00 1.9044e+00
5.1961e+01 1.1346e+04 9.1121e-04 7.6922e-01 1.1346e+04 1.0339e+01 1.9278e+00
5.2353e+01 1.1583e+04 9.7055e-04 7.6881e-01 1.1583e+04 1.1242e+01 1.9275e+00
5.2745e+01 1.1754e+04 9.4291e-04 7.6019e-01 1.1754e+04 1.1083e+01 1.9057e+00
5.3137e+01 1.1811e+04 9.2631e-04 7.5087e-01 1.1811e+04 1.0941e+01 1.8823e+00
5.3529e+01 1.2020e+04 9.9768e-04 7.5292e-01 1.2020e+04 1.1993e+01 1.8883e+00
5.3922e+01 1.2260e+04 1.1505e-03 7.6551e-01 1.2260e+04 1.4105e+01 1.9219e+00
5.4314e+01 1.2541e+04 1.3150e-03 7.8053e-01 1.2541e+04 1.6492e+01 1.9622e+00
5.4706e+01 1.2731e+04 1.4385e-03 7.9165e-01 1.2731e+04 1.8315e+01 1.9923e+00
5.5098e+01 1.2858e+04 1.5055e-03 7.9657e-01 1.2858e+04 1.9357e+01 2.0060e+00
5.5490e+01 1.2906e+04 1.5305e-03 7.9681e-01 1.2906e+04 1.9752e+01 2.0071e+00
5.5882e+01 1.2930e+04 1.5335e-03 7.9464e-01 1.2930e+04 1.9828e+01 2.0018e+00
5.6275e+01 1.2934e+04 1.5298e-03 7.9185e-01 1.2934e+04 1.9787e+01 1.9948e+00
5.6667e+01 1.2940e+04 1.5244e-03 7.8883e-01 1.2940e+04 1.9726e+01 1.9871e+00
5.7059e+01 1.2942e+04 1.5184e-03 7.8568e-01 1.2942e+04 1.9650e+01 1.9791e+00
5.7451e+01 1.2945e+04 1.5116e-03 7.8236e-01 1.2945e+04 1.9568e+01 1.9707e+00
5.7843e+01 1.2946e+04 1.5043e-03 7.7890e-01 1.2946e+04 1.9475e+01 1.9619e+00
5.8235e+01 1.2948e+04 1.4964e-03 7.7526e-01 1.2948e+04 1.9375e+01 1.9527e+00
5.8627e+01 1.2949e+04 1.4879e-03 7.7147e-01 1.2949e+04 1.9266e+01 1.9430e+00
5.9020e+01 1.2949e+04 1.4788e-03 7.6751e-01 1.2949e+04 1.9150e+01 1.9329e+00
5.9412e+01 1.2949e+04 1.4692e-03 7.6337e-01 1.2949e+04 1.9025e+01 1.9224e+00
5.9804e+01 1.2948e+04 1.4590e-03 7.5905e-01 1.2948e+04 1.8892e+01 1.9114e+00
6.0196e+01 1.2947e+04 1.4483e-03 7.5455e-01 1.2947e+04 1.8751e+01 1.8999e+00
6.0588e+01 1.2946e+04 1.4369e-03 7.4985e-01 1.2946e+04 1.8602e+01 1.8880e+00
6.0980e+01 1.2944e+04 1.4250e-03 7.4496e-01 1.2944e+04 1.8446e+01 1.8755e+00
6.1373e+01 1.2942e+04 1.4125e-03 7.3987e-01 1.2942e+04 1.8281e+01 1.8626e+00
6.1765e+01 1.2940e+04 1.3995e-03 7.3457e-01 1.2940e+04 1.8109e+01 1.8491e+00
6.2157e+01 1.2937e+04 1.3859e-03 7.2905e-01 1.2937e+04 1.7928e+01 1.8351e+00
6.2549e+01 1.2933e+04 1.3717e-03 7.2332e-01 1.2933e+04 1.7741e+01 1.8205e+00
6.2941e+01 1.2930e+04 1.3569e-03 7.1736e-01 1.2930e+04 1.7545e+01 1.8053e+00
6.3333e+01 1.2926e+04 1.3416e-03 7.1118e-01 1.2926e+04 1.7341e+01 1.7896e+00
6.3725e+01 1.2922e+04 1.3256e-03 7.0475e-01 1.2922e+04 1.7130e+01 1.7732e+00
6.4118e+01 1.2918e+04 1.3091e-03 6.9809e-01 1.2918e+04 1.6911e+01 1.7563e+00
6.4510e+01 1.2913e+04 1.2921e-03 6.9118e-01 1.2913e+04 1.6684e+01 1.7387e+00
6.4902e+01 1.2908e+04 1.2744e-03 6.8403e-01 1.2908e+04 1.6450e+01 1.7206e+00
6.5294e+01 1.2902e+04 1.2562e-03 6.7662e-01 1.2902e+04 1.6208e+01 1.7017e+00
6.5686e+01 1.2897e+04 1.2373e-03 6.6895e-01 1.2897e+04 1.5958e+01 1.6822e+00
6.6078e+01 1.2891e+04 1.2179e-03 6.6101e-01 1.2891e+04 1.5700e+01 1.6621e+00
6.6471e+01 1.2885e+04 1.1979e-03 6.5281e-01 1.2885e+04 1.5435e+01 1.6413e+00
6.6863e+01 1.2878e+04 1.1773e-03 6.4434e-01 1.2878e+04 1.5162e+01 1.6198e+00
6.7255e+01 1.2872e+04 1.1562e-03 6.3558e-01 1.2872e+04 1.4882e+01 1.5976e+00
6.7647e+01 1.2865e+04 1.1344e-03 6.2655e-01 1.2865e+04 1.4594e+01 1.5746e+00
6.8039e+01 1.2858e+04 1.1120e-03 6.1722e-01 1.2858e+04 1.4298e+01 1.5510e+00
6.8431e+01 1.2850e+04 1.0890e-03 6.0759e-01 1.2850e+04 1.3994e+01 1.5266e+00
6.8824e+01 1.2843e+04 1.0654e-03 5.9766e-01 1.2843e+04 1.3682e+01 1.5014e+00
6.9216e+01 1.2835e+04 1.0412e-03 5.8741e-01 1.2835e+04 1.3363e+01 1.4755e+00
6.9608e+01 1.2827e+04 1.0163e-03 5.7685e-01 1.2827e+04 1.3035e+01 1.4487e+00
7.0000e+01 1.2818e+04 9.9076e-04 5.6595e-01 1.2818e+04 1.2700e+01 1.4212e+00
7.0392e+01 1.2809e+04 9.6458e-04 5.5471e-01 1.2809e+04 1.2356e+01 1.3927e+00
7.0784e+01 1.2801e+04 9.3772e-04 5.4311e-01 1.2801e+04 1.2003e+01 1.3634e+00
7.1176e+01 1.2792e+04 9.1017e-04 5.3116e-01 1.2792e+04 1.1642e+01 1.3332e+00
7.1569e+01 1.2782e+04 8.8192e-04 5.1882e-01 1.2782e+04 1.1273e+01 1.3020e+00
7.1961e+01 1.2773e+04 8.5295e-04 5.0610e-01 1.2773e+04 1.0894e+01 1.2699e+00
7.2353e+01 1.2763e+04 8.2324e-04 4.9297e-01 1.2763e+04 1.0507e+01 1.2367e+00
7.2745e+01 1.2753e+04 7.9278e-04 4.7942e-01 1.2753e+04 1.0110e+01 1.2025e+00
7.3137e+01 1.2742e+04 7.6155e-04 4.6544e-01 1.2742e+04 9.7038e+00 1.1673e+00
7.3529e+01 1.2732e+04 7.2952e-04 4.5101e-01 1.2732e+04 9.2880e+00 1.1309e+00
7.3922e+01 1.2721e+04 6.9669e-04 4.3611e-01 1.2721e+04 8.8625e+00 1.0934e+00
7.4314e+01 1.2710e+04 6.6303e-04 4.2073e-01 1.2710e+04 8.4269e+00 1.0546e+00
7.4706e+01 1.2698e+04 6.2852e-04 4.0486e-01 1.2698e+04 7.9812e+00 1.0147e+00
7.5098e+01 1.2687e+04 5.9314e-04 3.8847e-01 1.2687e+04 7.5251e+00 9.7342e-01
7.5490e+01 1.2675e+04 5.5688e-04 3.7155e-01 1.2675e+04 7.0585e+00 9.3085e-01
7.5882e+01 1.2663e+04 5.1970e-04 3.5408e-01 1.2663e+04 6.5810e+00 8.8692e-01
7.6275e+01 1.2651e+04 4.8160e-04 3.3604e-01 1.2651e+04 6.0926e+00 8.4157e-01
7.6667e+01 1.2638e+04 4.4255e-04 3.1741e-01 1.2638e+04 5.5930e+00 7.9477e-01
7.7059e+01 1.2625e+04 4.0253e-04 2.9817e-01 1.2625e+04 5.0820e+00 7.4646e-01
7.7451e+01 1.2612e+04 3.6150e-04 2.7830e-01 1.2612e+04 4.5594e+00 6.9659e-01
7.7843e+01 1.2599e+04 3.1946e-04 2.5779e-01 1.2599e+04 4.0249e+00 6.4511e-01
7.8235e+01 1.2585e+04 2.7643e-04 2.3661e-01 1.2585e+04 3.4789e+00 5.9201e-01
7.8627e+01 1.2572e+04 2.3253e-04 2.1484e-01 1.2572e+04 2.9232e+00 5.3744e-01
7.9020e+01 1.2558e+04 1.8819e-04 1.9267e-01 1.2558e+04 2.3633e+00 4.8191e-01
7.9412e+01 1.2544e+04 1.4449e-04 1.7068e-01 1.2544e+04 1.8125e+00 4.2683e-01
7.9804e+01 1.2532e+04 1.0345e-04 1.4998e-01 1.2532e+04 1.2964e+00 3.7501e-01
8.0196e+01 1.2521e+04 6.7882e-05 1.3216e-01 1.2521e+04 8.4996e-01 3.3042e-01
8.0588e+01 1.2513e+04 4.0353e-05 1.1863e-01 1.2513e+04 5.0492e-01 2.9658e-01
8.0980e+01 1.2507e+04 2.1721e-05 1.0976e-01 1.2507e+04 2.7166e-01 2.7440e-01
8.1373e+01 1.2503e+04 1.0725e-05 1.0471e-01 1.2503e+04 1.3410e-01 2.6178e-01
8.1765e+01 1.2502e+04 4.9670e-06 1.0215e-01 1.2502e+04 6.2095e-02 2.5537e-01
8.2157e+01 1.2501e+04 2.2081e-06 1.0095e-01 1.2501e+04 2.7603e-02 2.5237e-01
8.2549e+01 1.2500e+04 9.5904e-07 1.0041e-01 1.2500e+04 1.1988e-02 2.5103e-01
8.2941e+01 1.2500e+04 4.1135e-07 1.0018e-01 1.2500e+04 5.1419e-03 2.5044e-01
8.3333e+01 1.2500e+04 1.7521e-07 1.0008e-01 1.2500e+04 2.1901e-03 2.5019e-01
8.3725e+01 1.2500e+04 7.4300e-08 1.0003e-01 1.2500e+04 9.2875e-04 2.5008e-01
8.4118e+01 1.2500e+04 3.1408e-08 1.0001e-01 1.2500e+04 3.9260e-04 2.5003e-01
8.4510e+01 1.2500e+04 1.3241e-08 1.0001e-01 1.2500e+04 1.6551e-04 2.5001e-01
8.4902e+01 1.2500e+04 5.5678e-09 1.0000e-01 1.2500e+04 6.9597e-05 2.5001e-01
8.5294e+01 1.2500e+04 2.3356e-09 1.0000e-01 1.2500e+04 2.9195e-05 2.5000e-01
8.5686e+01 1.2500e+04 9.7742e-10 1.0000e-01 1.2500e+04 1.2218e-05 2.5000e-01
8.6078e+01 1.2500e+04 4.0805e-10 1.0000e-01 1.2500e+04 5.1006e-06 2.5000e-01
8.6471e+01 1.2500e+04 1.6994e-10 1.0000e-01 1.2500e+04 2.1243e-06 2.5000e-01
8.6863e+01 1.2500e+04 7.0604e-11 1.0000e-01 1.2500e+04 8.8255e-07 2.5000e-01
8.7255e+01 1.2500e+04 2.9262e-11 1.0000e-01 1.2500e+04 3.6578e-07 2.5000e-01
8.7647e+01 1.2500e+04 1.2098e-11 1.0000e-01 1.2500e+04 1.5123e-07 2.5000e-01
8.8039e+01 1.2500e+04 4.9896e-12 1.0000e-01 1.2500e+04 6.2370e-08 2.5000e-01
8.8431e+01 1.2500e+04 2.0527e-12 1.0000e-01 1.2500e+04 2.5659e-08 2.5000e-01
8.8824e+01 1.2500e+04 8.4241e-13 1.0000e-01 1.2500e+04 1.0530e-08 2.5000e-01
8.9216e+01 1.2500e+04 3.4484e-13 1.0000e-01 1.2500e+04 4.3105e-09 2.5000e-01
8.9608e+01 1.2500e+04 1.4081e-13 1.0000e-01 1.2500e+04 1.7601e-09 2.5000e-01
9.0000e+01 1.2500e+04 5.7348e-14 1.0000e-01 1.2500e+04 7.1685e-10 2.5000e-01
9.0392e+01 1.2500e+04 2.3296e-14 1.0000e-01 1.2500e+04 2.9120e-10 2.5000e-01
9.0784e+01 1.2500e+04 9.4378e-15 1.0000e-01 1.2500e+04 1.1797e-10 2.5000e-01
9.1176e+01 1.2500e+04 3.8120e-15 1.0000e-01 1.2500e+04 4.7650e-11 2.5000e-01
9.1569e+01 1.2500e+04 1.5346e-15 1.0000e-01 1.2500e+04 1.9182e-11 2.5000e-01
9.1961e+01 1.2500e+04 6.1508e-16 1.0000e-01 1.2500e+04 7.6885e-12 2.5000e-01
9.2353e+01 1.2500e+04 2.4440e-16 1.0000e-01 1.2500e+04 3.0550e-12 2.5000e-01
9.2745e+01 1.2500e+04 9.5654e-17 1.0000e-01 1.2500e+04 1.1957e-12 2.5000e-01
9.3137e+01 1.2500e+04 3.6298e-17 1.0000e-01 1.2500e+04 4.5372e-13 2.5000e-01
9.3529e+01 1.2500e+04 1.2861e-17 1.0000e-01 1.2500e+04 1.6076e-13 2.5000e-01
9.3922e+01 1.2500e+04 3.5969e-18 1.0000e-01 1.2500e+04 4.4961e-14 2.5000e-01
9.4314e+01 1.2500e+04 3.7936e-19 1.0000e-01 1.2500e+04 4.7420e-15 2.5000e-01
9.4706e+01 1.2500e+04 4.5297e-21 1.0000e-01 1.2500e+04 5.6621e-17 2.5000e-01
9.5098e+01 1.2500e+04 0.0000e+00 1.0000e-01 1.2500e+04 0.0000e+00 2.5000e-01
9.5490e+01 1.2500e+04 0.0000e+00 1.0000e-01 1.2500e+04 0.0000e+00 2.5000e-01
9.5882e+01 1.2500e+04 0.0000e+00 1.0000e-01 1.2500e+04 0.0000e+00 2.5000e-01
9.6275e+01 1.2500e+04 0.0000e+00 1.0000e-01 1.2500e+04 0.0000e+00 2.5000e-01
9.6667e+01 1.2500e+04 0.0000e+00 1.0000e-01 1.2500e+04 0.0000e+00 2.5000e-01
9.7059e+01 1.2500e+04 0.0000e+00 1.0000e-01 1.2500e+04 0.0000e+00 2.5000e-01
9.7451e+01 1.2500e+04 0.0000e+00 1.0000e-01 1.2500e+04 0.0000e+00 2.5000e-01
9.7843e+01 1.2500e+04 0.0000e+00 1.0000e-01 1.2500e+04 0.0000e+00 2.5000e-01
9.8235e+01 1.2500e+04 0.0000e+00 1.0000e-01 1.2500e+04 0.0000e+00 2.5000e-01
9.8627e+01 1.2500e+04 0.0000e+00 1.0000e-01 1.2500e+04 0.0000e+00 2.5000e-01
9.9020e+01 1.2500e+04 0.0000e+00 1.0000e-01 1.2500e+04 0.0000e+00 2.5000e-01
9.9412e+01 1.2500e+04 0.0000e+00 1.0000e-01 1.2500e+04 0.0000e+00 2.5000e-01
9.9804e+01 1.2500e+04 0.0000e+00 1.0000e-01 1.2500e+04 0.0000e+00 2.5000e-01
