# # x Density Velocity Pressure q0 q1 q2
1.9608e-01 1.0000e+05 0.0000e+00 1.0000e+00 1.0000e+05 0.0000e+00 2.5000e+00
5.8824e-01 1.0000e+05 0.0000e+00 1.0000e+00 1.0000e+05 0.0000e+00 2.5000e+00
9.8039e-01 1.0000e+05 0.0000e+00 1.0000e+00 1.0000e+05 0.0000e+00 2.5000e+00
1.3725e+00 1.0000e+05 0.0000e+00 1.0000e+00 1.0000e+05 0.0000e+00 2.5000e+00
1.7647e+00 1.0000e+05 0.0000e+00 1.0000e+00 1.0000e+05 0.0000e+00 2.5000e+00
2.1569e+00 1.0000e+05 0.0000e+00 1.0000e+00 1.0000e+05 0.0000e+00 2.5000e+00
2.5490e+00 1.0000e+05 0.0000e+00 1.0000e+00 1.0000e+05 0.0000e+00 2.5000e+00
2.9412e+00 1.0000e+05 0.0000e+00 1.0000e+00 1.0000e+05 0.0000e+00 2.5000e+00
3.3333e+00 1.0000e+05 0.0000e+00 1.0000e+00 1.0000e+05 0.0000e+00 2.5000e+00
3.7255e+00 1.0000e+05 0.0000e+00 1.0000e+00 1.0000e+05 0.0000e+00 2.5000e+00
4.1176e+00 1.0000e+05 0.0000e+00 1.0000e+00 1.0000e+05 0.0000e+00 2.5000e+00
4.5098e+00 1.0000e+05 0.0000e+00 1.0000e+00 1.0000e+05 0.0000e+00 2.5000e+00
4.9020e+00 1.0000e+05 0.0000e+00 1.0000e+00 1.0000e+05 0.0000e+00 2.5000e+00
5.2941e+00 1.0000e+05 0.0000e+00 1.0000e+00 1.0000e+05 0.0000e+00 2.5000e+00
5.6863e+00 1.0000e+05 0.0000e+00 1.0000e+00 1.0000e+05 0.0000e+00 2.5000e+00
6.0784e+00 1.0000e+05 0.0000e+00 1.0000e+00 1.0000e+05 0.0000e+00 2.5000e+00
6.4706e+00 1.0000e+05 0.0000e+00 1.0000e+00 1.0000e+05 0.0000e+00 2.5000e+00
6.8627e+00 1.0000e+05 0.0000e+00 1.0000e+00 1.0000e+05 0.0000e+00 2.5000e+00
7.2549e+00 1.0000e+05 0.0000e+00 1.0000e+00 1.0000e+05 0.0000e+00 2.5000e+00
7.6471e+00 1.0000e+05 0.0000e+00 1.0000e+00 1.0000e+05 0.0000e+00 2.5000e+00
8.0392e+00 1.0000e+05 0.0000e+00 1.0000e+00 1.0000e+05 0.0000e+00 2.5000e+00
8.4314e+00 1.0000e+05 0.0000e+00 1.0000e+00 1.0000e+05 0.0000e+00 2.5000e+00
8.8235e+00 1.0000e+05 0.0000e+00 1.0000e+00 1.0000e+05 0.0000e+00 2.5000e+00
9.2157e+00 1.0000e+05 2.6782e-19 1.0000e+00 1.0000e+05 2.6782e-14 2.5000e+00
9.6078e+00 1.0000e+05 1.6698e-18 1.0000e+00 1.0000e+05 1.6698e-13 2.5000e+00
1.0000e+01 1.0000e+05 4.8442e-18 1.0000e+00 1.0000e+05 4.8442e-13 2.5000e+00
1.0392e+01 1.0000e+05 9.7845e-18 1.0000e+00 1.0000e+05 9.7845e-13 2.5000e+00
1.0784e+01 1.0000e+05 1.6693e-17 1.0000e+00 1.0000e+05 1.6693e-12 2.5000e+00
1.1176e+01 1.0000e+05 2.6984e-17 1.0000e+00 1.0000e+05 2.6984e-12 2.5000e+00
1.1569e+01 1.0000e+05 4.3600e-17 1.0000e+00 1.0000e+05 4.3600e-12 2.5000e+00
1.1961e+01 1.0000e+05 7.1268e-17 1.0000e+00 1.0000e+05 7.1268e-12 2.5000e+00
1.2353e+01 1.0000e+05 1.1895e-16 1.0000e+00 1.0000e+05 1.1895e-11 2.5000e+00
1.2745e+01 1.0000e+05 2.0114e-16 1.0000e+00 1.0000e+05 2.0114e-11 2.5000e+00
1.3137e+01 1.0000e+05 3.4361e-16 1.0000e+00 1.0000e+05 3.4361e-11 2.5000e+00
1.3529e+01 1.0000e+05 5.8960e-16 1.0000e+00 1.0000e+05 5.8960e-11 2.5000e+00
1.3922e+01 1.0000e+05 1.0128e-15 1.0000e+00 1.0000e+05 1.0128e-10 2.5000e+00
1.4314e+01 1.0000e+05 1.7368e-15 1.0000e+00 1.0000e+05 1.7368e-10 2.5000e+00
1.4706e+01 1.0000e+05 2.9679e-15 1.0000e+00 1.0000e+05 2.9679e-10 2.5000e+00
1.5098e+01 1.0000e+05 5.0495e-15 1.0000e+00 1.0000e+05 5.0495e-10 2.5000e+00
1.5490e+01 1.0000e+05 8.5487e-15 1.0000e+00 1.0000e+05 8.5487e-10 2.5000e+00
1.5882e+01 1.0000e+05 1.4398e-14 1.0000e+00 1.0000e+05 1.4398e-09 2.5000e+00
1.6275e+01 1.0000e+05 2.4120e-14 1.0000e+00 1.0000e+05 2.4120e-09 2.5000e+00
1.6667e+01 1.0000e+05 4.0187e-14 1.0000e+00 1.0000e+05 4.0187e-09 2.5000e+00
1.7059e+01 1.0000e+05 6.6588e-14 1.0000e+00 1.0000e+05 6.6588e-09 2.5000e+00
1.7451e+01 1.0000e+05 1.0972e-13 1.0000e+00 1.0000e+05 1.0972e-08 2.5000e+00
1.7843e+01 1.0000e+05 1.7979e-13 1.0000e+00 1.0000e+05 1.7979e-08 2.5000e+00
1.8235e+01 1.0000e+05 2.9296e-13 1.0000e+00 1.0000e+05 2.9296e-08 2.5000e+00
1.8627e+01 1.0000e+05 4.7468e-13 1.0000e+00 1.0000e+05 4.7468e-08 2.5000e+00
1.9020e+01 1.0000e+05 7.6481e-13 1.0000e+00 1.0000e+05 7.6481e-08 2.5000e+00
1.9412e+01 1.0000e+05 1.2253e-12 1.0000e+00 1.0000e+05 1.2253e-07 2.5000e+00
1.9804e+01 1.0000e+05 1.9521e-12 1.0000e+00 1.0000e+05 1.9521e-07 2.5000e+00
2.0196e+01 1.0000e+05 3.0923e-12 1.0000e+00 1.0000e+05 3.0923e-07 2.5000e+00
2.0588e+01 1.0000e+05 4.8708e-12 1.0000e+00 1.0000e+05 4.8708e-07 2.5000e+00
2.0980e+01 1.0000e+05 7.6286e-12 1.0000e+00 1.0000e+05 7.6286e-07 2.5000e+00
2.1373e+01 1.0000e+05 1.1880e-11 1.0000e+00 1.0000e+05 1.1880e-06 2.5000e+00
2.1765e+01 1.0000e+05 1.8395e-11 1.0000e+00 1.0000e+05 1.8395e-06 2.5000e+00
2.2157e+01 1.0000e+05 2.8322e-11 1.0000e+00 1.0000e+05 2.8322e-06 2.5000e+00
2.2549e+01 1.0000e+05 4.3355e-11 1.0000e+00 1.0000e+05 4.3355e-06 2.5000e+00
2.2941e+01 1.0000e+05 6.5988e-11 1.0000e+00 1.0000e+05 6.5988e-06 2.5000e+00
2.3333e+01 1.0000e+05 9.9860e-11 1.0000e+00 1.0000e+05 9.9860e-06 2.5000e+00
2.3725e+01 1.0000e+05 1.5025e-10 1.0000e+00 1.0000e+05 1.5025e-05 2.5000e+00
2.4118e+01 1.0000e+05 2.2477e-10 1.0000e+00 1.0000e+05 2.2477e-05 2.5000e+00
2.4510e+01 1.0000e+05 3.3432e-10 1.0000e+00 1.0000e+05 3.3432e-05 2.5000e+00
2.4902e+01 1.0000e+05 4.9439e-10 1.0000e+00 1.0000e+05 4.9439e-05 2.5000e+00
2.5294e+01 1.0000e+05 7.2688e-10 1.0000e+00 1.0000e+05 7.2688e-05 2.5000e+00
2.5686e+01 1.0000e+05 1.0625e-09 1.0000e+00 1.0000e+05 1.0625e-04 2.5000e+00
2.6078e+01 1.0000e+05 1.5441e-09 1.0000e+00 1.0000e+05 1.5441e-04 2.5000e+00
2.6471e+01 1.0000e+05 2.2311e-09 9.9999e-01 1.0000e+05 2.2311e-04 2.5000e+00
2.6863e+01 1.0000e+05 3.2049e-09 9.9999e-01 1.0000e+05 3.2049e-04 2.5000e+00
2.7255e+01 1.0000e+05 4.5771e-09 9.9999e-01 1.0000e+05 4.5771e-04 2.5000e+00
2.7647e+01 1.0000e+05 6.4989e-09 9.9999e-01 1.0000e+05 6.4989e-04 2.5000e+00
2.8039e+01 1.0000e+05 9.1738e-09 9.9998e-01 1.0000e+05 9.1738e-04 2.4999e+00
2.8431e+01 1.0000e+05 1.2874e-08 9.9997e-01 1.0000e+05 1.2874e-03 2.4999e+00
2.8824e+01 1.0000e+05 1.7963e-08 9.9996e-01 1.0000e+05 1.7963e-03 2.4999e+00
2.9216e+01 1.0000e+05 2.4916e-08 9.9995e-01 1.0000e+05 2.4916e-03 2.4999e+00
2.9608e+01 1.0000e+05 3.4359e-08 9.9993e-01 1.0000e+05 3.4359e-03 2.4998e+00
3.0000e+01 1.0000e+05 4.7106e-08 9.9990e-01 1.0000e+05 4.7106e-03 2.4998e+00
3.0392e+01 1.0000e+05 6.4206e-08 9.9987e-01 1.0000e+05 6.4206e-03 2.4997e+00
3.0784e+01 1.0000e+05 8.7003e-08 9.9983e-01 1.0000e+05 8.7003e-03 2.4996e+00
3.1176e+01 9.9999e+04 1.1721e-07 9.9977e-01 9.9999e+04 1.1721e-02 2.4994e+00
3.1569e+01 9.9999e+04 1.5699e-07 9.9970e-01 9.9999e+04 1.5698e-02 2.4993e+00
3.1961e+01 9.9999e+04 2.0904e-07 9.9961e-01 9.9999e+04 2.0904e-02 2.4990e+00
3.2353e+01 9.9998e+04 2.7674e-07 9.9949e-01 9.9998e+04 2.7673e-02 2.4987e+00
3.2745e+01 9.9998e+04 3.6424e-07 9.9934e-01 9.9998e+04 3.6423e-02 2.4984e+00
3.3137e+01 9.9997e+04 4.7663e-07 9.9915e-01 9.9997e+04 4.7662e-02 2.4979e+00
3.3529e+01 9.9996e+04 6.2012e-07 9.9892e-01 9.9996e+04 6.2009e-02 2.4973e+00
3.3922e+01 9.9995e+04 8.0215e-07 9.9862e-01 9.9995e+04 8.0211e-02 2.4966e+00
3.4314e+01 9.9994e+04 1.0317e-06 9.9826e-01 9.9994e+04 1.0316e-01 2.4957e+00
3.4706e+01 9.9992e+04 1.3193e-06 9.9782e-01 9.9992e+04 1.3192e-01 2.4945e+00
3.5098e+01 9.9990e+04 1.6774e-06 9.9728e-01 9.9990e+04 1.6773e-01 2.4932e+00
3.5490e+01 9.9987e+04 2.1207e-06 9.9663e-01 9.9987e+04 2.1204e-01 2.4916e+00
3.5882e+01 9.9983e+04 2.6660e-06 9.9584e-01 9.9983e+04 2.6656e-01 2.4896e+00
3.6275e+01 9.9979e+04 3.3327e-06 9.9490e-01 9.9979e+04 3.3320e-01 2.4873e+00
3.6667e+01 9.9973e+04 4.1429e-06 9.9379e-01 9.9973e+04 4.1418e-01 2.4845e+00
3.7059e+01 9.9966e+04 5.1214e-06 9.9247e-01 9.9966e+04 5.1197e-01 2.4812e+00
3.7451e+01 9.9958e+04 6.2962e-06 9.9093e-01 9.9958e+04 6.2935e-01 2.4773e+00
3.7843e+01 9.9947e+04 7.6980e-06 9.8914e-01 9.9947e+04 7.6939e-01 2.4729e+00
3.8235e+01 9.9935e+04 9.3609e-06 9.8707e-01 9.9935e+04 9.3548e-01 2.4677e+00
3.8627e+01 9.9920e+04 1.1322e-05 9.8469e-01 9.9920e+04 1.1313e+00 2.4617e+00
3.9020e+01 9.9901e+04 1.3620e-05 9.8198e-01 9.9901e+04 1.3607e+00 2.4550e+00
3.9412e+01 9.9880e+04 1.6299e-05 9.7890e-01 9.9880e+04 1.6280e+00 2.4473e+00
3.9804e+01 9.9854e+04 1.9403e-05 9.7543e-01 9.9854e+04 1.9375e+00 2.4386e+00
4.0196e+01 9.9824e+04 2.2980e-05 9.7155e-01 9.9824e+04 2.2939e+00 2.4289e+00
4.0588e+01 9.9789e+04 2.7076e-05 9.6723e-01 9.9789e+04 2.7019e+00 2.4181e+00
4.0980e+01 9.9747e+04 3.1743e-05 9.6245e-01 9.9747e+04 3.1663e+00 2.4062e+00
4.1373e+01 9.9699e+04 3.7029e-05 9.5721e-01 9.9699e+04 3.6918e+00 2.3931e+00
4.1765e+01 9.9644e+04 4.2984e-05 9.5148e-01 9.9644e+04 4.2831e+00 2.3788e+00
4.2157e+01 9.9581e+04 4.9657e-05 9.4527e-01 9.9581e+04 4.9449e+00 2.3633e+00
4.2549e+01 9.9508e+04 5.7095e-05 9.3857e-01 9.9508e+04 5.6814e+00 2.3466e+00
4.2941e+01 9.9426e+04 6.5340e-05 9.3138e-01 9.9426e+04 6.4965e+00 2.3287e+00
4.3333e+01 9.9333e+04 7.4433e-05 9.2373e-01 9.9333e+04 7.3937e+00 2.3096e+00
4.3725e+01 9.9228e+04 8.4411e-05 9.1562e-01 9.9228e+04 8.3759e+00 2.2894e+00
4.4118e+01 9.9110e+04 9.5303e-05 9.0708e-01 9.9110e+04 9.4455e+00 2.2682e+00
4.4510e+01 9.8979e+04 1.0714e-04 8.9815e-01 9.8979e+04 1.0605e+01 2.2459e+00
4.4902e+01 9.8833e+04 1.1992e-04 8.8885e-01 9.8833e+04 1.1852e+01 2.2228e+00
4.5294e+01 9.8674e+04 1.3374e-04 8.7925e-01 9.8674e+04 1.3196e+01 2.1990e+00
4.5686e+01 9.8491e+04 1.4823e-04 8.6927e-01 9.8491e+04 1.4599e+01 2.1743e+00
4.6078e+01 9.8321e+04 1.6481e-04 8.5945e-01 9.8321e+04 1.6204e+01 2.1500e+00
4.6471e+01 9.8029e+04 1.7858e-04 8.4816e-01 9.8029e+04 1.7506e+01 2.1220e+00
4.6863e+01 9.8034e+04 2.0448e-04 8.4058e-01 9.8034e+04 2.0046e+01 2.1035e+00
4.7255e+01 9.7201e+04 2.0225e-04 8.2312e-01 9.7201e+04 1.9659e+01 2.0598e+00
4.7647e+01 9.8155e+04 2.6430e-04 8.2701e-01 9.8155e+04 2.5942e+01 2.0710e+00
4.8039e+01 9.5821e+04 2.1257e-04 7.9275e-01 9.5821e+04 2.0369e+01 1.9840e+00
4.8431e+01 9.8096e+04 3.2301e-04 8.1204e-01 9.8096e+04 3.1686e+01 2.0352e+00
4.8824e+01 9.5686e+04 2.6981e-04 7.7747e-01 9.5686e+04 2.5817e+01 1.9472e+00
4.9216e+01 9.4151e+04 3.2747e-04 7.7913e-01 9.4151e+04 3.0832e+01 1.9529e+00
4.9608e+01 1.1461e+05 3.3823e-04 7.6530e-01 1.1461e+05 3.8764e+01 1.9198e+00
5.0000e+01 2.6692e+04 3.6351e-04 7.6294e-01 2.6692e+04 9.7026e+00 1.9091e+00
5.0392e+01 1.1167e+04 4.3094e-04 7.6391e-01 1.1167e+04 4.8124e+00 1.9108e+00
5.0784e+01 9.7054e+03 5.4753e-04 7.6303e-01 9.7054e+03 5.3140e+00 1.9090e+00
5.1176e+01 1.0227e+04 6.0406e-04 7.5583e-01 1.0227e+04 6.1778e+00 1.8914e+00
5.1569e+01 1.0692e+04 7.3134e-04 7.5869e-01 1.0692e+04 7.8193e+00 1.8996e+00
5.1961e+01 1.1303e+04 8.9819e-04 7.6807e-01 1.1303e+04 1.0152e+01 1.9247e+00
5.2353e+01 1.1571e+04 9.7815e-04 7.7019e-01 1.1571e+04 1.1318e+01 1.9310e+00
5.2745e+01 1.1758e+04 9.6220e-04 7.6297e-01 1.1758e+04 1.1314e+01 1.9129e+00
5.3137e+01 1.1803e+04 9.3655e-04 7.5254e-01 1.1803e+04 1.1054e+01 1.8865e+00
5.3529e+01 1.1984e+04 9.8241e-04 7.5148e-01 1.1984e+04 1.1773e+01 1.8845e+00
5.3922e+01 1.2204e+04 1.1185e-03 7.6191e-01 1.2204e+04 1.3650e+01 1.9124e+00
5.4314e+01 1.2487e+04 1.2833e-03 7.7675e-01 1.2487e+04 1.6024e+01 1.9522e+00
5.4706e+01 1.2693e+04 1.4177e-03 7.8902e-01 1.2693e+04 1.7995e+01 1.9853e+00
5.5098e+01 1.2837e+04 1.4974e-03 7.9539e-01 1.2837e+04 1.9222e+01 2.0029e+00
5.5490e+01 1.2899e+04 1.5311e-03 7.9665e-01 1.2899e+04 1.9748e+01 2.0067e+00
5.5882e+01 1.2929e+04 1.5381e-03 7.9495e-01 1.2929e+04 1.9886e+01 2.0027e+00
5.6275e+01 1.2935e+04 1.5356e-03 7.9230e-01 1.2935e+04 1.9864e+01 1.9960e+00
5.6667e+01 1.2942e+04 1.5306e-03 7.8938e-01 1.2942e+04 1.9808e+01 1.9886e+00
5.7059e+01 1.2944e+04 1.5248e-03 7.8633e-01 1.2944e+04 1.9737e+01 1.9809e+00
5.7451e+01 1.2947e+04 1.5184e-03 7.8312e-01 1.2947e+04 1.9659e+01 1.9727e+00
5.7843e+01 1.2949e+04 1.5115e-03 7.7976e-01 1.2949e+04 1.9571e+01 1.9642e+00
5.8235e+01 1.2951e+04 1.5039e-03 7.7625e-01 1.2951e+04 1.9476e+01 1.9553e+00
5.8627e+01 1.2951e+04 1.4957e-03 7.7258e-01 1.2951e+04 1.9372e+01 1.9459e+00
5.9020e+01 1.2952e+04 1.4870e-03 7.6875e-01 1.2952e+04 1.9260e+01 1.9362e+00
5.9412e+01 1.2952e+04 1.4777e-03 7.6475e-01 1.2952e+04 1.9140e+01 1.9260e+00
5.9804e+01 1.2952e+04 1.4679e-03 7.6057e-01 1.2952e+04 1.9012e+01 1.9154e+00
6.0196e+01 1.2951e+04 1.4575e-03 7.5622e-01 1.2951e+04 1.8876e+01 1.9043e+00
6.0588e+01 1.2950e+04 1.4466e-03 7.5168e-01 1.2950e+04 1.8733e+01 1.8927e+00
6.0980e+01 1.2948e+04 1.4351e-03 7.4695e-01 1.2948e+04 1.8582e+01 1.8807e+00
6.1373e+01 1.2946e+04 1.4230e-03 7.4203e-01 1.2946e+04 1.8423e+01 1.8682e+00
6.1765e+01 1.2944e+04 1.4104e-03 7.3691e-01 1.2944e+04 1.8256e+01 1.8551e+00
6.2157e+01 1.2941e+04 1.3972e-03 7.3158e-01 1.2941e+04 1.8082e+01 1.8416e+00
6.2549e+01 1.2938e+04 1.3835e-03 7.2604e-01 1.2938e+04 1.7900e+01 1.8275e+00
6.2941e+01 1.2935e+04 1.3691e-03 7.2029e-01 1.2935e+04 1.7710e+01 1.8128e+00
6.3333e+01 1.2931e+04 1.3543e-03 7.1431e-01 1.2931e+04 1.7513e+01 1.7976e+00
6.3725e+01 1.2927e+04 1.3388e-03 7.0811e-01 1.2927e+04 1.7308e+01 1.7818e+00
6.4118e+01 1.2923e+04 1.3228e-03 7.0167e-01 1.2923e+04 1.7095e+01 1.7655e+00
6.4510e+01 1.2919e+04 1.3062e-03 6.9499e-01 1.2919e+04 1.6875e+01 1.7485e+00
6.4902e+01 1.2914e+04 1.2891e-03 6.8808e-01 1.2914e+04 1.6647e+01 1.7309e+00
6.5294e+01 1.2909e+04 1.2713e-03 6.8091e-01 1.2909e+04 1.6411e+01 1.7127e+00
6.5686e+01 1.2903e+04 1.2530e-03 6.7350e-01 1.2903e+04 1.6168e+01 1.6939e+00
6.6078e+01 1.2898e+04 1.2342e-03 6.6583e-01 1.2898e+04 1.5918e+01 1.6744e+00
6.6471e+01 1.2892e+04 1.2147e-03 6.5790e-01 1.2892e+04 1.5660e+01 1.6542e+00
6.6863e+01 1.2885e+04 1.1947e-03 6.4970e-01 1.2885e+04 1.5394e+01 1.6334e+00
6.7255e+01 1.2879e+04 1.1741e-03 6.4123e-01 1.2879e+04 1.5121e+01 1.6120e+00
6.7647e+01 1.2872e+04 1.1529e-03 6.3249e-01 1.2872e+04 1.4840e+01 1.5898e+00
6.8039e+01 1.2865e+04 1.1311e-03 6.2346e-01 1.2865e+04 1.4551e+01 1.5669e+00
6.8431e+01 1.2858e+04 1.1087e-03 6.1415e-01 1.2858e+04 1.4255e+01 1.5433e+00
6.8824e+01 1.2851e+04 1.0857e-03 6.0454e-01 1.2851e+04 1.3951e+01 1.5189e+00
6.9216e+01 1.2843e+04 1.0621e-03 5.9463e-01 1.2843e+04 1.3640e+01 1.4938e+00
6.9608e+01 1.2835e+04 1.0378e-03 5.8441e-01 1.2835e+04 1.3320e+01 1.4679e+00
7.0000e+01 1.2827e+04 1.0130e-03 5.7388e-01 1.2827e+04 1.2993e+01 1.4413e+00
7.0392e+01 1.2818e+04 9.8748e-04 5.6301e-01 1.2818e+04 1.2658e+01 1.4138e+00
7.0784e+01 1.2810e+04 9.6133e-04 5.5181e-01 1.2810e+04 1.2314e+01 1.3855e+00
7.1176e+01 1.2801e+04 9.3452e-04 5.4026e-01 1.2801e+04 1.1962e+01 1.3562e+00
7.1569e+01 1.2792e+04 9.0702e-04 5.2835e-01 1.2792e+04 1.1602e+01 1.3261e+00
7.1961e+01 1.2782e+04 8.7883e-04 5.1607e-01 1.2782e+04 1.1233e+01 1.2951e+00
7.2353e+01 1.2773e+04 8.4994e-04 5.0341e-01 1.2773e+04 1.0856e+01 1.2631e+00
7.2745e+01 1.2763e+04 8.2031e-04 4.9034e-01 1.2763e+04 1.0469e+01 1.2302e+00
7.3137e+01 1.2753e+04 7.8995e-04 4.7687e-01 1.2753e+04 1.0074e+01 1.1962e+00
7.3529e+01 1.2742e+04 7.5882e-04 4.6297e-01 1.2742e+04 9.6691e+00 1.1611e+00
7.3922e+01 1.2732e+04 7.2692e-04 4.4863e-01 1.2732e+04 9.2549e+00 1.1249e+00
7.4314e+01 1.2721e+04 6.9422e-04 4.3383e-01 1.2721e+04 8.8310e+00 1.0876e+00
7.4706e+01 1.2710e+04 6.6070e-04 4.1856e-01 1.2710e+04 8.3974e+00 1.0492e+00
7.5098e+01 1.2699e+04 6.2635e-04 4.0281e-01 1.2699e+04 7.9538e+00 1.0095e+00
7.5490e+01 1.2687e+04 5.9115e-04 3.8655e-01 1.2687e+04 7.5000e+00 9.6859e-01
7.5882e+01 1.2675e+04 5.5508e-04 3.6977e-01 1.2675e+04 7.0358e+00 9.2637e-01
7.6275e+01 1.2663e+04 5.1812e-04 3.5245e-01 1.2663e+04 6.5611e+00 8.8281e-01
7.6667e+01 1.2651e+04 4.8025e-04 3.3457e-01 1.2651e+04 6.0756e+00 8.3788e-01
7.7059e+01 1.2638e+04 4.4144e-04 3.1611e-01 1.2638e+04 5.5791e+00 7.9151e-01
7.7451e+01 1.2626e+04 4.0168e-04 2.9706e-01 1.2626e+04 5.0714e+00 7.4367e-01
7.7843e+01 1.2612e+04 3.6093e-04 2.7739e-01 1.2612e+04 4.5523e+00 6.9431e-01
7.8235e+01 1.2599e+04 3.1919e-04 2.5709e-01 1.2599e+04 4.0216e+00 6.4337e-01
7.8627e+01 1.2586e+04 2.7648e-04 2.3615e-01 1.2586e+04 3.4797e+00 5.9086e-01
7.9020e+01 1.2572e+04 2.3291e-04 2.1462e-01 1.2572e+04 2.9281e+00 5.3690e-01
7.9412e+01 1.2558e+04 1.8889e-04 1.9270e-01 1.2558e+04 2.3722e+00 4.8198e-01
7.9804e+01 1.2545e+04 1.4547e-04 1.7093e-01 1.2545e+04 1.8248e+00 4.2746e-01
8.0196e+01 1.2532e+04 1.0458e-04 1.5038e-01 1.2532e+04 1.3106e+00 3.7601e-01
8.0588e+01 1.2521e+04 6.8987e-05 1.3260e-01 1.2521e+04 8.6382e-01 3.3153e-01
8.0980e+01 1.2513e+04 4.1263e-05 1.1901e-01 1.2513e+04 5.1633e-01 2.9754e-01
8.1373e+01 1.2507e+04 2.2355e-05 1.1002e-01 1.2507e+04 2.7959e-01 2.7506e-01
8.1765e+01 1.2504e+04 1.1105e-05 1.0487e-01 1.2504e+04 1.3886e-01 2.6217e-01
8.2157e+01 1.2502e+04 5.1702e-06 1.0223e-01 1.2502e+04 6.4636e-02 2.5558e-01
8.2549e+01 1.2501e+04 2.3085e-06 1.0099e-01 1.2501e+04 2.8858e-02 2.5247e-01
8.2941e+01 1.2500e+04 1.0064e-06 1.0043e-01 1.2500e+04 1.2581e-02 2.5107e-01
8.3333e+01 1.2500e+04 4.3313e-07 1.0018e-01 1.2500e+04 5.4142e-03 2.5046e-01
8.3725e+01 1.2500e+04 1.8508e-07 1.0008e-01 1.2500e+04 2.3135e-03 2.5020e-01
8.4118e+01 1.2500e+04 7.8734e-08 1.0003e-01 1.2500e+04 9.8417e-04 2.5008e-01
8.4510e+01 1.2500e+04 3.3386e-08 1.0001e-01 1.2500e+04 4.1733e-04 2.5004e-01
8.4902e+01 1.2500e+04 1.4119e-08 1.0001e-01 1.2500e+04 1.7649e-04 2.5002e-01
8.5294e+01 1.2500e+04 5.9561e-09 1.0000e-01 1.2500e+04 7.4451e-05 2.5001e-01
8.5686e+01 1.2500e+04 2.5066e-09 1.0000e-01 1.2500e+04 3.1332e-05 2.5000e-01
8.6078e+01 1.2500e+04 1.0524e-09 1.0000e-01 1.2500e+04 1.3154e-05 2.5000e-01
8.6471e+01 1.2500e+04 4.4078e-10 1.0000e-01 1.2500e+04 5.5098e-06 2.5000e-01
8.6863e+01 1.2500e+04 1.8418e-10 1.0000e-01 1.2500e+04 2.3023e-06 2.5000e-01
8.7255e+01 1.2500e+04 7.6779e-11 1.0000e-01 1.2500e+04 9.5974e-07 2.5000e-01
8.7647e+01 1.2500e+04 3.1930e-11 1.0000e-01 1.2500e+04 3.9912e-07 2.5000e-01
8.8039e+01 1.2500e+04 1.3247e-11 1.0000e-01 1.2500e+04 1.6558e-07 2.5000e-01
8.8431e+01 1.2500e+04 5.4823e-12 1.0000e-01 1.2500e+04 6.8529e-08 2.5000e-01
8.8824e+01 1.2500e+04 2.2634e-12 1.0000e-01 1.2500e+04 2.8293e-08 2.5000e-01
8.9216e+01 1.2500e+04 9.3217e-13 1.0000e-01 1.2500e+04 1.1652e-08 2.5000e-01
8.9608e+01 1.2500e+04 3.8297e-13 1.0000e-01 1.2500e+04 4.7871e-09 2.5000e-01
9.0000e+01 1.2500e+04 1.5695e-13 1.0000e-01 1.2500e+04 1.9618e-09 2.5000e-01
9.0392e+01 1.2500e+04 6.4157e-14 1.0000e-01 1.2500e+04 8.0196e-10 2.5000e-01
9.0784e+01 1.2500e+04 2.6160e-14 1.0000e-01 1.2500e+04 3.2699e-10 2.5000e-01
9.1176e+01 1.2500e+04 1.0638e-14 1.0000e-01 1.2500e+04 1.3297e-10 2.5000e-01
9.1569e+01 1.2500e+04 4.3139e-15 1.0000e-01 1.2500e+04 5.3924e-11 2.5000e-01
9.1961e+01 1.2500e+04 1.7438e-15 1.0000e-01 1.2500e+04 2.1798e-11 2.5000e-01
9.2353e+01 1.2500e+04 7.0162e-16 1.0000e-01 1.2500e+04 8.7703e-12 2.5000e-01
9.2745e+01 1.2500e+04 2.8029e-16 1.0000e-01 1.2500e+04 3.5036e-12 2.5000e-01
9.3137e+01 1.2500e+04 1.1037e-16 1.0000e-01 1.2500e+04 1.3796e-12 2.5000e-01
9.3529e+01 1.2500e+04 4.2355e-17 1.0000e-01 1.2500e+04 5.2944e-13 2.5000e-01
9.3922e+01 1.2500e+04 1.5277e-17 1.0000e-01 1.2500e+04 1.9096e-13 2.5000e-01
9.4314e+01 1.2500e+04 4.5229e-18 1.0000e-01 1.2500e+04 5.6536e-14 2.5000e-01
9.4706e+01 1.2500e+04 6.4209e-19 1.0000e-01 1.2500e+04 8.0261e-15 2.5000e-01
9.5098e+01 1.2500e+04 1.2457e-20 1.0000e-01 1.2500e+04 1.5571e-16 2.5000e-01
9.5490e+01 1.2500e+04 0.0000e+00 1.0000e-01 1.2500e+04 0.0000e+00 2.5000e-01
9.5882e+01 1.2500e+04 0.0000e+00 1.0000e-01 1.2500e+04 0.0000e+00 2.5000e-01
9.6275e+01 1.2500e+04 0.0000e+00 1.0000e-01 1.2500e+04 0.0000e+00 2.5000e-01
9.6667e+01 1.2500e+04 0.0000e+00 1.0000e-01 1.2500e+04 0.0000e+00 2.5000e-01
9.7059e+01 1.2500e+04 0.0000e+00 1.0000e-01 1.2500e+04 0.0000e+00 2.5000e-01
9.7451e+01 1.2500e+04 0.0000e+00 1.0000e-01 1.2500e+04 0.0000e+00 2.5000e-01
9.7843e+01 1.2500e+04 0.0000e+00 1.0000e-01 1.2500e+04 0.0000e+00 2.5000e-01
9.8235e+01 1.2500e+04 0.0000e+00 1.0000e-01 1.2500e+04 0.0000e+00 2.5000e-01
9.8627e+01 1.2500e+04 0.0000e+00 1.0000e-01 1.2500e+04 0.0000e+00 2.5000e-01
9.9020e+01 1.2500e+04 0.0000e+00 1.0000e-01 1.2500e+04 0.0000e+00 2.5000e-01
9.9412e+01 1.2500e+04 0.0000e+00 1.0000e-01 1.2500e+04 0.0000e+00 2.5000e-01
9.9804e+01 1.2500e+04 0.0000e+00 1.0000e-01 1.2500e+04 0.0000e+00 2.5000e-01
