# # x Density Velocity Pressure q0 q1 q2
1.9608e-01 1.0000e+05 0.0000e+00 1.0000e+00 1.0000e+05 0.0000e+00 2.5000e+00
5.8824e-01 1.0000e+05 0.0000e+00 1.0000e+00 1.0000e+05 0.0000e+00 2.5000e+00
9.8039e-01 1.0000e+05 0.0000e+00 1.0000e+00 1.0000e+05 0.0000e+00 2.5000e+00
1.3725e+00 1.0000e+05 0.0000e+00 1.0000e+00 1.0000e+05 0.0000e+00 2.5000e+00
1.7647e+00 1.0000e+05 0.0000e+00 1.0000e+00 1.0000e+05 0.0000e+00 2.5000e+00
2.1569e+00 1.0000e+05 0.0000e+00 1.0000e+00 1.0000e+05 0.0000e+00 2.5000e+00
2.5490e+00 1.0000e+05 0.0000e+00 1.0000e+00 1.0000e+05 0.0000e+00 2.5000e+00
2.9412e+00 1.0000e+05 0.0000e+00 1.0000e+00 1.0000e+05 0.0000e+00 2.5000e+00
3.3333e+00 1.0000e+05 0.0000e+00 1.0000e+00 1.0000e+05 0.0000e+00 2.5000e+00
3.7255e+00 1.0000e+05 0.0000e+00 1.0000e+00 1.0000e+05 0.0000e+00 2.5000e+00
4.1176e+00 1.0000e+05 0.0000e+00 1.0000e+00 1.0000e+05 0.0000e+00 2.5000e+00
4.5098e+00 1.0000e+05 0.0000e+00 1.0000e+00 1.0000e+05 0.0000e+00 2.5000e+00
4.9020e+00 1.0000e+05 0.0000e+00 1.0000e+00 1.0000e+05 0.0000e+00 2.5000e+00
5.2941e+00 1.0000e+05 0.0000e+00 1.0000e+00 1.0000e+05 0.0000e+00 2.5000e+00
5.6863e+00 1.0000e+05 0.0000e+00 1.0000e+00 1.0000e+05 0.0000e+00 2.5000e+00
6.0784e+00 1.0000e+05 0.0000e+00 1.0000e+00 1.0000e+05 0.0000e+00 2.5000e+00
6.4706e+00 1.0000e+05 0.0000e+00 1.0000e+00 1.0000e+05 0.0000e+00 2.5000e+00
6.8627e+00 1.0000e+05 0.0000e+00 1.0000e+00 1.0000e+05 0.0000e+00 2.5000e+00
7.2549e+00 1.0000e+05 0.0000e+00 1.0000e+00 1.0000e+05 0.0000e+00 2.5000e+00
7.6471e+00 1.0000e+05 0.0000e+00 1.0000e+00 1.0000e+05 0.0000e+00 2.5000e+00
8.0392e+00 1.0000e+05 0.0000e+00 1.0000e+00 1.0000e+05 0.0000e+00 2.5000e+00
8.4314e+00 1.0000e+05 0.0000e+00 1.0000e+00 1.0000e+05 0.0000e+00 2.5000e+00
8.8235e+00 1.0000e+05 7.9270e-21 1.0000e+00 1.0000e+05 7.9270e-16 2.5000e+00
9.2157e+00 1.0000e+05 4.6486e-19 1.0000e+00 1.0000e+05 4.6486e-14 2.5000e+00
9.6078e+00 1.0000e+05 2.3311e-18 1.0000e+00 1.0000e+05 2.3311e-13 2.5000e+00
1.0000e+01 1.0000e+05 5.9653e-18 1.0000e+00 1.0000e+05 5.9653e-13 2.5000e+00
1.0392e+01 1.0000e+05 1.1374e-17 1.0000e+00 1.0000e+05 1.1374e-12 2.5000e+00
1.0784e+01 1.0000e+05 1.9006e-17 1.0000e+00 1.0000e+05 1.9006e-12 2.5000e+00
1.1176e+01 1.0000e+05 3.0569e-17 1.0000e+00 1.0000e+05 3.0569e-12 2.5000e+00
1.1569e+01 1.0000e+05 4.9314e-17 1.0000e+00 1.0000e+05 4.9314e-12 2.5000e+00
1.1961e+01 1.0000e+05 8.1032e-17 1.0000e+00 1.0000e+05 8.1032e-12 2.5000e+00
1.2353e+01 1.0000e+05 1.3553e-16 1.0000e+00 1.0000e+05 1.3553e-11 2.5000e+00
1.2745e+01 1.0000e+05 2.2957e-16 1.0000e+00 1.0000e+05 2.2957e-11 2.5000e+00
1.3137e+01 1.0000e+05 3.9215e-16 1.0000e+00 1.0000e+05 3.9215e-11 2.5000e+00
1.3529e+01 1.0000e+05 6.7228e-16 1.0000e+00 1.0000e+05 6.7228e-11 2.5000e+00
1.3922e+01 1.0000e+05 1.1531e-15 1.0000e+00 1.0000e+05 1.1531e-10 2.5000e+00
1.4314e+01 1.0000e+05 1.9735e-15 1.0000e+00 1.0000e+05 1.9735e-10 2.5000e+00
1.4706e+01 1.0000e+05 3.3649e-15 1.0000e+00 1.0000e+05 3.3649e-10 2.5000e+00
1.5098e+01 1.0000e+05 5.7115e-15 1.0000e+00 1.0000e+05 5.7115e-10 2.5000e+00
1.5490e+01 1.0000e+05 9.6461e-15 1.0000e+00 1.0000e+05 9.6461e-10 2.5000e+00
1.5882e+01 1.0000e+05 1.6207e-14 1.0000e+00 1.0000e+05 1.6207e-09 2.5000e+00
1.6275e+01 1.0000e+05 2.7083e-14 1.0000e+00 1.0000e+05 2.7083e-09 2.5000e+00
1.6667e+01 1.0000e+05 4.5015e-14 1.0000e+00 1.0000e+05 4.5015e-09 2.5000e+00
1.7059e+01 1.0000e+05 7.4408e-14 1.0000e+00 1.0000e+05 7.4408e-09 2.5000e+00
1.7451e+01 1.0000e+05 1.2231e-13 1.0000e+00 1.0000e+05 1.2231e-08 2.5000e+00
1.7843e+01 1.0000e+05 1.9995e-13 1.0000e+00 1.0000e+05 1.9995e-08 2.5000e+00
1.8235e+01 1.0000e+05 3.2504e-13 1.0000e+00 1.0000e+05 3.2504e-08 2.5000e+00
1.8627e+01 1.0000e+05 5.2543e-13 1.0000e+00 1.0000e+05 5.2543e-08 2.5000e+00
1.9020e+01 1.0000e+05 8.4462e-13 1.0000e+00 1.0000e+05 8.4462e-08 2.5000e+00
1.9412e+01 1.0000e+05 1.3501e-12 1.0000e+00 1.0000e+05 1.3501e-07 2.5000e+00
1.9804e+01 1.0000e+05 2.1460e-12 1.0000e+00 1.0000e+05 2.1460e-07 2.5000e+00
2.0196e+01 1.0000e+05 3.3919e-12 1.0000e+00 1.0000e+05 3.3919e-07 2.5000e+00
2.0588e+01 1.0000e+05 5.3308e-12 1.0000e+00 1.0000e+05 5.3308e-07 2.5000e+00
2.0980e+01 1.0000e+05 8.3308e-12 1.0000e+00 1.0000e+05 8.3308e-07 2.5000e+00
2.1373e+01 1.0000e+05 1.2945e-11 1.0000e+00 1.0000e+05 1.2945e-06 2.5000e+00
2.1765e+01 1.0000e+05 2.0002e-11 1.0000e+00 1.0000e+05 2.0002e-06 2.5000e+00
2.2157e+01 1.0000e+05 3.0730e-11 1.0000e+00 1.0000e+05 3.0730e-06 2.5000e+00
2.2549e+01 1.0000e+05 4.6942e-11 1.0000e+00 1.0000e+05 4.6942e-06 2.5000e+00
2.2941e+01 1.0000e+05 7.1300e-11 1.0000e+00 1.0000e+05 7.1300e-06 2.5000e+00
2.3333e+01 1.0000e+05 1.0768e-10 1.0000e+00 1.0000e+05 1.0768e-05 2.5000e+00
2.3725e+01 1.0000e+05 1.6169e-10 1.0000e+00 1.0000e+05 1.6169e-05 2.5000e+00
2.4118e+01 1.0000e+05 2.4140e-10 1.0000e+00 1.0000e+05 2.4140e-05 2.5000e+00
2.4510e+01 1.0000e+05 3.5834e-10 1.0000e+00 1.0000e+05 3.5834e-05 2.5000e+00
2.4902e+01 1.0000e+05 5.2887e-10 1.0000e+00 1.0000e+05 5.2887e-05 2.5000e+00
2.5294e+01 1.0000e+05 7.7607e-10 1.0000e+00 1.0000e+05 7.7607e-05 2.5000e+00
2.5686e+01 1.0000e+05 1.1323e-09 1.0000e+00 1.0000e+05 1.1323e-04 2.5000e+00
2.6078e+01 1.0000e+05 1.6424e-09 1.0000e+00 1.0000e+05 1.6424e-04 2.5000e+00
2.6471e+01 1.0000e+05 2.3687e-09 9.9999e-01 1.0000e+05 2.3687e-04 2.5000e+00
2.6863e+01 1.0000e+05 3.3965e-09 9.9999e-01 1.0000e+05 3.3965e-04 2.5000e+00
2.7255e+01 1.0000e+05 4.8420e-09 9.9999e-01 1.0000e+05 4.8420e-04 2.5000e+00
2.7647e+01 1.0000e+05 6.8627e-09 9.9998e-01 1.0000e+05 6.8627e-04 2.5000e+00
2.8039e+01 1.0000e+05 9.6706e-09 9.9998e-01 1.0000e+05 9.6706e-04 2.4999e+00
2.8431e+01 1.0000e+05 1.3548e-08 9.9997e-01 1.0000e+05 1.3548e-03 2.4999e+00
2.8824e+01 1.0000e+05 1.8871e-08 9.9996e-01 1.0000e+05 1.8871e-03 2.4999e+00
2.9216e+01 1.0000e+05 2.6132e-08 9.9995e-01 1.0000e+05 2.6132e-03 2.4999e+00
2.9608e+01 1.0000e+05 3.5978e-08 9.9993e-01 1.0000e+05 3.5978e-03 2.4998e+00
3.0000e+01 1.0000e+05 4.9247e-08 9.9990e-01 1.0000e+05 4.9247e-03 2.4998e+00
3.0392e+01 1.0000e+05 6.7018e-08 9.9987e-01 1.0000e+05 6.7017e-03 2.4997e+00
3.0784e+01 1.0000e+05 9.0673e-08 9.9982e-01 1.0000e+05 9.0673e-03 2.4996e+00
3.1176e+01 9.9999e+04 1.2197e-07 9.9977e-01 9.9999e+04 1.2197e-02 2.4994e+00
3.1569e+01 9.9999e+04 1.6312e-07 9.9969e-01 9.9999e+04 1.6311e-02 2.4992e+00
3.1961e+01 9.9999e+04 2.1688e-07 9.9960e-01 9.9999e+04 2.1688e-02 2.4990e+00
3.2353e+01 9.9998e+04 2.8671e-07 9.9947e-01 9.9998e+04 2.8671e-02 2.4987e+00
3.2745e+01 9.9998e+04 3.7684e-07 9.9932e-01 9.9998e+04 3.7683e-02 2.4983e+00
3.3137e+01 9.9997e+04 4.9245e-07 9.9913e-01 9.9997e+04 4.9244e-02 2.4978e+00
3.3529e+01 9.9996e+04 6.3983e-07 9.9889e-01 9.9996e+04 6.3981e-02 2.4972e+00
3.3922e+01 9.9995e+04 8.2657e-07 9.9859e-01 9.9995e+04 8.2653e-02 2.4965e+00
3.4314e+01 9.9994e+04 1.0617e-06 9.9822e-01 9.9994e+04 1.0617e-01 2.4955e+00
3.4706e+01 9.9992e+04 1.3560e-06 9.9777e-01 9.9992e+04 1.3559e-01 2.4944e+00
3.5098e+01 9.9990e+04 1.7220e-06 9.9722e-01 9.9990e+04 1.7219e-01 2.4930e+00
3.5490e+01 9.9987e+04 2.1746e-06 9.9655e-01 9.9987e+04 2.1743e-01 2.4914e+00
3.5882e+01 9.9983e+04 2.7306e-06 9.9576e-01 9.9983e+04 2.7301e-01 2.4894e+00
3.6275e+01 9.9978e+04 3.4096e-06 9.9480e-01 9.9978e+04 3.4088e-01 2.4870e+00
3.6667e+01 9.9972e+04 4.2338e-06 9.9367e-01 9.9972e+04 4.2326e-01 2.4842e+00
3.7059e+01 9.9965e+04 5.2282e-06 9.9234e-01 9.9965e+04 5.2264e-01 2.4809e+00
3.7451e+01 9.9957e+04 6.4209e-06 9.9079e-01 9.9957e+04 6.4181e-01 2.4770e+00
3.7843e+01 9.9946e+04 7.8427e-06 9.8898e-01 9.9946e+04 7.8385e-01 2.4724e+00
3.8235e+01 9.9933e+04 9.5277e-06 9.8689e-01 9.9933e+04 9.5213e-01 2.4672e+00
3.8627e+01 9.9918e+04 1.1513e-05 9.8449e-01 9.9918e+04 1.1503e+00 2.4612e+00
3.9020e+01 9.9900e+04 1.3838e-05 9.8176e-01 9.9900e+04 1.3824e+00 2.4544e+00
3.9412e+01 9.9878e+04 1.6545e-05 9.7866e-01 9.9878e+04 1.6525e+00 2.4467e+00
3.9804e+01 9.9852e+04 1.9680e-05 9.7517e-01 9.9852e+04 1.9650e+00 2.4379e+00
4.0196e+01 9.9821e+04 2.3288e-05 9.7127e-01 9.9821e+04 2.3246e+00 2.4282e+00
4.0588e+01 9.9785e+04 2.7418e-05 9.6693e-01 9.9785e+04 2.7359e+00 2.4174e+00
4.0980e+01 9.9744e+04 3.2120e-05 9.6213e-01 9.9744e+04 3.2037e+00 2.4054e+00
4.1373e+01 9.9695e+04 3.7442e-05 9.5687e-01 9.9695e+04 3.7328e+00 2.3923e+00
4.1765e+01 9.9639e+04 4.3434e-05 9.5113e-01 9.9639e+04 4.3277e+00 2.3779e+00
4.2157e+01 9.9575e+04 5.0144e-05 9.4490e-01 9.9575e+04 4.9931e+00 2.3624e+00
4.2549e+01 9.9502e+04 5.7618e-05 9.3819e-01 9.9502e+04 5.7331e+00 2.3456e+00
4.2941e+01 9.9419e+04 6.5899e-05 9.3100e-01 9.9419e+04 6.5516e+00 2.3277e+00
4.3333e+01 9.9325e+04 7.5027e-05 9.2334e-01 9.9325e+04 7.4521e+00 2.3086e+00
4.3725e+01 9.9220e+04 8.5039e-05 9.1524e-01 9.9220e+04 8.4375e+00 2.2884e+00
4.4118e+01 9.9102e+04 9.5962e-05 9.0670e-01 9.9102e+04 9.5100e+00 2.2672e+00
4.4510e+01 9.8970e+04 1.0783e-04 8.9778e-01 9.8970e+04 1.0672e+01 2.2450e+00
4.4902e+01 9.8823e+04 1.2063e-04 8.8848e-01 9.8823e+04 1.1921e+01 2.2219e+00
4.5294e+01 9.8664e+04 1.3447e-04 8.7890e-01 9.8664e+04 1.3268e+01 2.1981e+00
4.5686e+01 9.8479e+04 1.4898e-04 8.6893e-01 9.8479e+04 1.4671e+01 2.1734e+00
4.6078e+01 9.8310e+04 1.6561e-04 8.5914e-01 9.8310e+04 1.6281e+01 2.1492e+00
4.6471e+01 9.8014e+04 1.7928e-04 8.4784e-01 9.8014e+04 1.7572e+01 2.1212e+00
4.6863e+01 9.8026e+04 2.0544e-04 8.4037e-01 9.8026e+04 2.0138e+01 2.1030e+00
4.7255e+01 9.7178e+04 2.0272e-04 8.2276e-01 9.7178e+04 1.9700e+01 2.0589e+00
4.7647e+01 9.8152e+04 2.6547e-04 8.2692e-01 9.8152e+04 2.6056e+01 2.0708e+00
4.8039e+01 9.5799e+04 2.1309e-04 7.9248e-01 9.5799e+04 2.0413e+01 1.9834e+00
4.8431e+01 9.8075e+04 3.2356e-04 8.1182e-01 9.8075e+04 3.1733e+01 2.0347e+00
4.8824e+01 9.5689e+04 2.7112e-04 7.7755e-01 9.5689e+04 2.5943e+01 1.9474e+00
4.9216e+01 9.4101e+04 3.2789e-04 7.7897e-01 9.4101e+04 3.0854e+01 1.9525e+00
4.9608e+01 1.1469e+05 3.3883e-04 7.6525e-01 1.1469e+05 3.8859e+01 1.9197e+00
5.0000e+01 2.6822e+04 3.6355e-04 7.6277e-01 2.6822e+04 9.7512e+00 1.9087e+00
5.0392e+01 1.1184e+04 4.2999e-04 7.6369e-01 1.1184e+04 4.8090e+00 1.9103e+00
5.0784e+01 9.7001e+03 5.5031e-04 7.6328e-01 9.7001e+03 5.3380e+00 1.9097e+00
5.1176e+01 1.0218e+04 6.0558e-04 7.5599e-01 1.0218e+04 6.1877e+00 1.8918e+00
5.1569e+01 1.0677e+04 7.2634e-04 7.5820e-01 1.0677e+04 7.7549e+00 1.8983e+00
5.1961e+01 1.1290e+04 8.9357e-04 7.6765e-01 1.1290e+04 1.0088e+01 1.9236e+00
5.2353e+01 1.1566e+04 9.7954e-04 7.7044e-01 1.1566e+04 1.1329e+01 1.9317e+00
5.2745e+01 1.1759e+04 9.6787e-04 7.6361e-01 1.1759e+04 1.1381e+01 1.9145e+00
5.3137e+01 1.1801e+04 9.4050e-04 7.5307e-01 1.1801e+04 1.1099e+01 1.8879e+00
5.3529e+01 1.1974e+04 9.7903e-04 7.5117e-01 1.1974e+04 1.1723e+01 1.8837e+00
5.3922e+01 1.2188e+04 1.1094e-03 7.6090e-01 1.2188e+04 1.3522e+01 1.9098e+00
5.4314e+01 1.2470e+04 1.2736e-03 7.7560e-01 1.2470e+04 1.5881e+01 1.9491e+00
5.4706e+01 1.2680e+04 1.4109e-03 7.8817e-01 1.2680e+04 1.7891e+01 1.9830e+00
5.5098e+01 1.2831e+04 1.4944e-03 7.9497e-01 1.2831e+04 1.9173e+01 2.0018e+00
5.5490e+01 1.2896e+04 1.5309e-03 7.9656e-01 1.2896e+04 1.9742e+01 2.0065e+00
5.5882e+01 1.2928e+04 1.5394e-03 7.9503e-01 1.2928e+04 1.9901e+01 2.0029e+00
5.6275e+01 1.2935e+04 1.5373e-03 7.9243e-01 1.2935e+04 1.9886e+01 1.9964e+00
5.6667e+01 1.2942e+04 1.5324e-03 7.8954e-01 1.2942e+04 1.9832e+01 1.9890e+00
5.7059e+01 1.2944e+04 1.5268e-03 7.8651e-01 1.2944e+04 1.9763e+01 1.9814e+00
5.7451e+01 1.2948e+04 1.5204e-03 7.8333e-01 1.2948e+04 1.9686e+01 1.9733e+00
5.7843e+01 1.2949e+04 1.5136e-03 7.8001e-01 1.2949e+04 1.9600e+01 1.9649e+00
5.8235e+01 1.2951e+04 1.5061e-03 7.7653e-01 1.2951e+04 1.9506e+01 1.9560e+00
5.8627e+01 1.2952e+04 1.4980e-03 7.7290e-01 1.2952e+04 1.9403e+01 1.9468e+00
5.9020e+01 1.2953e+04 1.4894e-03 7.6910e-01 1.2953e+04 1.9292e+01 1.9371e+00
5.9412e+01 1.2953e+04 1.4802e-03 7.6514e-01 1.2953e+04 1.9174e+01 1.9270e+00
5.9804e+01 1.2953e+04 1.4705e-03 7.6101e-01 1.2953e+04 1.9047e+01 1.9165e+00
6.0196e+01 1.2952e+04 1.4602e-03 7.5670e-01 1.2952e+04 1.8913e+01 1.9056e+00
6.0588e+01 1.2951e+04 1.4494e-03 7.5221e-01 1.2951e+04 1.8771e+01 1.8941e+00
6.0980e+01 1.2949e+04 1.4380e-03 7.4753e-01 1.2949e+04 1.8622e+01 1.8822e+00
6.1373e+01 1.2947e+04 1.4261e-03 7.4266e-01 1.2947e+04 1.8464e+01 1.8698e+00
6.1765e+01 1.2945e+04 1.4136e-03 7.3759e-01 1.2945e+04 1.8299e+01 1.8569e+00
6.2157e+01 1.2943e+04 1.4005e-03 7.3231e-01 1.2943e+04 1.8127e+01 1.8435e+00
6.2549e+01 1.2940e+04 1.3869e-03 7.2683e-01 1.2940e+04 1.7946e+01 1.8295e+00
6.2941e+01 1.2936e+04 1.3727e-03 7.2113e-01 1.2936e+04 1.7758e+01 1.8150e+00
6.3333e+01 1.2933e+04 1.3580e-03 7.1522e-01 1.2933e+04 1.7563e+01 1.8000e+00
6.3725e+01 1.2929e+04 1.3427e-03 7.0908e-01 1.2929e+04 1.7360e+01 1.7843e+00
6.4118e+01 1.2925e+04 1.3268e-03 7.0270e-01 1.2925e+04 1.7149e+01 1.7681e+00
6.4510e+01 1.2920e+04 1.3104e-03 6.9610e-01 1.2920e+04 1.6931e+01 1.7513e+00
6.4902e+01 1.2916e+04 1.2934e-03 6.8925e-01 1.2916e+04 1.6705e+01 1.7339e+00
6.5294e+01 1.2910e+04 1.2758e-03 6.8216e-01 1.2910e+04 1.6471e+01 1.7159e+00
6.5686e+01 1.2905e+04 1.2577e-03 6.7482e-01 1.2905e+04 1.6230e+01 1.6973e+00
6.6078e+01 1.2899e+04 1.2389e-03 6.6722e-01 1.2899e+04 1.5982e+01 1.6780e+00
6.6471e+01 1.2894e+04 1.2196e-03 6.5937e-01 1.2894e+04 1.5726e+01 1.6580e+00
6.6863e+01 1.2887e+04 1.1998e-03 6.5126e-01 1.2887e+04 1.5462e+01 1.6374e+00
6.7255e+01 1.2881e+04 1.1793e-03 6.4287e-01 1.2881e+04 1.5191e+01 1.6161e+00
6.7647e+01 1.2874e+04 1.1583e-03 6.3421e-01 1.2874e+04 1.4912e+01 1.5942e+00
6.8039e+01 1.2867e+04 1.1367e-03 6.2528e-01 1.2867e+04 1.4626e+01 1.5715e+00
6.8431e+01 1.2860e+04 1.1144e-03 6.1606e-01 1.2860e+04 1.4332e+01 1.5481e+00
6.8824e+01 1.2853e+04 1.0916e-03 6.0654e-01 1.2853e+04 1.4030e+01 1.5240e+00
6.9216e+01 1.2845e+04 1.0682e-03 5.9673e-01 1.2845e+04 1.3721e+01 1.4992e+00
6.9608e+01 1.2837e+04 1.0442e-03 5.8662e-01 1.2837e+04 1.3404e+01 1.4735e+00
7.0000e+01 1.2829e+04 1.0195e-03 5.7618e-01 1.2829e+04 1.3079e+01 1.4471e+00
7.0392e+01 1.2821e+04 9.9420e-04 5.6543e-01 1.2821e+04 1.2747e+01 1.4199e+00
7.0784e+01 1.2812e+04 9.6826e-04 5.5434e-01 1.2812e+04 1.2406e+01 1.3919e+00
7.1176e+01 1.2803e+04 9.4166e-04 5.4291e-01 1.2803e+04 1.2056e+01 1.3629e+00
7.1569e+01 1.2794e+04 9.1438e-04 5.3112e-01 1.2794e+04 1.1699e+01 1.3332e+00
7.1961e+01 1.2785e+04 8.8642e-04 5.1897e-01 1.2785e+04 1.1333e+01 1.3024e+00
7.2353e+01 1.2775e+04 8.5776e-04 5.0644e-01 1.2775e+04 1.0958e+01 1.2708e+00
7.2745e+01 1.2766e+04 8.2838e-04 4.9351e-01 1.2766e+04 1.0575e+01 1.2382e+00
7.3137e+01 1.2756e+04 7.9826e-04 4.8019e-01 1.2756e+04 1.0182e+01 1.2045e+00
7.3529e+01 1.2745e+04 7.6740e-04 4.6644e-01 1.2745e+04 9.7808e+00 1.1699e+00
7.3922e+01 1.2735e+04 7.3576e-04 4.5226e-01 1.2735e+04 9.3699e+00 1.1341e+00
7.4314e+01 1.2724e+04 7.0334e-04 4.3763e-01 1.2724e+04 8.9494e+00 1.0972e+00
7.4706e+01 1.2713e+04 6.7012e-04 4.2253e-01 1.2713e+04 8.5193e+00 1.0592e+00
7.5098e+01 1.2702e+04 6.3607e-04 4.0696e-01 1.2702e+04 8.0793e+00 1.0200e+00
7.5490e+01 1.2690e+04 6.0118e-04 3.9089e-01 1.2690e+04 7.6292e+00 9.7951e-01
7.5882e+01 1.2679e+04 5.6543e-04 3.7430e-01 1.2679e+04 7.1689e+00 9.3779e-01
7.6275e+01 1.2667e+04 5.2879e-04 3.5719e-01 1.2667e+04 6.6981e+00 8.9475e-01
7.6667e+01 1.2655e+04 4.9126e-04 3.3953e-01 1.2655e+04 6.2167e+00 8.5035e-01
7.7059e+01 1.2642e+04 4.5280e-04 3.2130e-01 1.2642e+04 5.7244e+00 8.0454e-01
7.7451e+01 1.2629e+04 4.1341e-04 3.0248e-01 1.2629e+04 5.2211e+00 7.5728e-01
7.7843e+01 1.2616e+04 3.7304e-04 2.8306e-01 1.2616e+04 4.7064e+00 7.0853e-01
7.8235e+01 1.2603e+04 3.3169e-04 2.6301e-01 1.2603e+04 4.1803e+00 6.5822e-01
7.8627e+01 1.2590e+04 2.8935e-04 2.4233e-01 1.2590e+04 3.6428e+00 6.0635e-01
7.9020e+01 1.2576e+04 2.4610e-04 2.2103e-01 1.2576e+04 3.0951e+00 5.5297e-01
7.9412e+01 1.2562e+04 2.0225e-04 1.9927e-01 1.2562e+04 2.5408e+00 4.9843e-01
7.9804e+01 1.2549e+04 1.5857e-04 1.7743e-01 1.2549e+04 1.9899e+00 4.4374e-01
8.0196e+01 1.2536e+04 1.1672e-04 1.5642e-01 1.2536e+04 1.4632e+00 3.9114e-01
8.0588e+01 1.2525e+04 7.9248e-05 1.3766e-01 1.2525e+04 9.9255e-01 3.4420e-01
8.0980e+01 1.2515e+04 4.8931e-05 1.2271e-01 1.2515e+04 6.1239e-01 3.0679e-01
8.1373e+01 1.2509e+04 2.7339e-05 1.1235e-01 1.2509e+04 3.4198e-01 2.8088e-01
8.1765e+01 1.2505e+04 1.3937e-05 1.0614e-01 1.2505e+04 1.7427e-01 2.6536e-01
8.2157e+01 1.2502e+04 6.6097e-06 1.0286e-01 1.2502e+04 8.2636e-02 2.5715e-01
8.2549e+01 1.2501e+04 2.9860e-06 1.0128e-01 1.2501e+04 3.7328e-02 2.5320e-01
8.2941e+01 1.2500e+04 1.3108e-06 1.0056e-01 1.2500e+04 1.6385e-02 2.5140e-01
8.3333e+01 1.2500e+04 5.6643e-07 1.0024e-01 1.2500e+04 7.0804e-03 2.5060e-01
8.3725e+01 1.2500e+04 2.4269e-07 1.0010e-01 1.2500e+04 3.0337e-03 2.5026e-01
8.4118e+01 1.2500e+04 1.0346e-07 1.0004e-01 1.2500e+04 1.2932e-03 2.5011e-01
8.4510e+01 1.2500e+04 4.3951e-08 1.0002e-01 1.2500e+04 5.4939e-04 2.5005e-01
8.4902e+01 1.2500e+04 1.8618e-08 1.0001e-01 1.2500e+04 2.3273e-04 2.5002e-01
8.5294e+01 1.2500e+04 7.8673e-09 1.0000e-01 1.2500e+04 9.8341e-05 2.5001e-01
8.5686e+01 1.2500e+04 3.3164e-09 1.0000e-01 1.2500e+04 4.1454e-05 2.5000e-01
8.6078e+01 1.2500e+04 1.3947e-09 1.0000e-01 1.2500e+04 1.7433e-05 2.5000e-01
8.6471e+01 1.2500e+04 5.8514e-10 1.0000e-01 1.2500e+04 7.3142e-06 2.5000e-01
8.6863e+01 1.2500e+04 2.4492e-10 1.0000e-01 1.2500e+04 3.0615e-06 2.5000e-01
8.7255e+01 1.2500e+04 1.0227e-10 1.0000e-01 1.2500e+04 1.2784e-06 2.5000e-01
8.7647e+01 1.2500e+04 4.2605e-11 1.0000e-01 1.2500e+04 5.3256e-07 2.5000e-01
8.8039e+01 1.2500e+04 1.7706e-11 1.0000e-01 1.2500e+04 2.2132e-07 2.5000e-01
8.8431e+01 1.2500e+04 7.3407e-12 1.0000e-01 1.2500e+04 9.1758e-08 2.5000e-01
8.8824e+01 1.2500e+04 3.0360e-12 1.0000e-01 1.2500e+04 3.7950e-08 2.5000e-01
8.9216e+01 1.2500e+04 1.2526e-12 1.0000e-01 1.2500e+04 1.5657e-08 2.5000e-01
8.9608e+01 1.2500e+04 5.1554e-13 1.0000e-01 1.2500e+04 6.4442e-09 2.5000e-01
9.0000e+01 1.2500e+04 2.1166e-13 1.0000e-01 1.2500e+04 2.6457e-09 2.5000e-01
9.0392e+01 1.2500e+04 8.6683e-14 1.0000e-01 1.2500e+04 1.0835e-09 2.5000e-01
9.0784e+01 1.2500e+04 3.5410e-14 1.0000e-01 1.2500e+04 4.4263e-10 2.5000e-01
9.1176e+01 1.2500e+04 1.4428e-14 1.0000e-01 1.2500e+04 1.8035e-10 2.5000e-01
9.1569e+01 1.2500e+04 5.8625e-15 1.0000e-01 1.2500e+04 7.3282e-11 2.5000e-01
9.1961e+01 1.2500e+04 2.3751e-15 1.0000e-01 1.2500e+04 2.9688e-11 2.5000e-01
9.2353e+01 1.2500e+04 9.5826e-16 1.0000e-01 1.2500e+04 1.1978e-11 2.5000e-01
9.2745e+01 1.2500e+04 3.8437e-16 1.0000e-01 1.2500e+04 4.8046e-12 2.5000e-01
9.3137e+01 1.2500e+04 1.5240e-16 1.0000e-01 1.2500e+04 1.9050e-12 2.5000e-01
9.3529e+01 1.2500e+04 5.9220e-17 1.0000e-01 1.2500e+04 7.4025e-13 2.5000e-01
9.3922e+01 1.2500e+04 2.1972e-17 1.0000e-01 1.2500e+04 2.7466e-13 2.5000e-01
9.4314e+01 1.2500e+04 7.1558e-18 1.0000e-01 1.2500e+04 8.9448e-14 2.5000e-01
9.4706e+01 1.2500e+04 1.5401e-18 1.0000e-01 1.2500e+04 1.9251e-14 2.5000e-01
9.5098e+01 1.2500e+04 3.0859e-20 1.0000e-01 1.2500e+04 3.8573e-16 2.5000e-01
9.5490e+01 1.2500e+04 0.0000e+00 1.0000e-01 1.2500e+04 0.0000e+00 2.5000e-01
9.5882e+01 1.2500e+04 0.0000e+00 1.0000e-01 1.2500e+04 0.0000e+00 2.5000e-01
9.6275e+01 1.2500e+04 0.0000e+00 1.0000e-01 1.2500e+04 0.0000e+00 2.5000e-01
9.6667e+01 1.2500e+04 0.0000e+00 1.0000e-01 1.2500e+04 0.0000e+00 2.5000e-01
9.7059e+01 1.2500e+04 0.0000e+00 1.0000e-01 1.2500e+04 0.0000e+00 2.5000e-01
9.7451e+01 1.2500e+04 0.0000e+00 1.0000e-01 1.2500e+04 0.0000e+00 2.5000e-01
9.7843e+01 1.2500e+04 0.0000e+00 1.0000e-01 1.2500e+04 0.0000e+00 2.5000e-01
9.8235e+01 1.2500e+04 0.0000e+00 1.0000e-01 1.2500e+04 0.0000e+00 2.5000e-01
9.8627e+01 1.2500e+04 0.0000e+00 1.0000e-01 1.2500e+04 0.0000e+00 2.5000e-01
9.9020e+01 1.2500e+04 0.0000e+00 1.0000e-01 1.2500e+04 0.0000e+00 2.5000e-01
9.9412e+01 1.2500e+04 0.0000e+00 1.0000e-01 1.2500e+04 0.0000e+00 2.5000e-01
9.9804e+01 1.2500e+04 0.0000e+00 1.0000e-01 1.2500e+04 0.0000e+00 2.5000e-01
