# # x Density Velocity Pressure q0 q1 q2
1.9608e-01 1.0000e+05 0.0000e+00 1.0000e+00 1.0000e+05 0.0000e+00 2.5000e+00
5.8824e-01 1.0000e+05 0.0000e+00 1.0000e+00 1.0000e+05 0.0000e+00 2.5000e+00
9.8039e-01 1.0000e+05 0.0000e+00 1.0000e+00 1.0000e+05 0.0000e+00 2.5000e+00
1.3725e+00 1.0000e+05 0.0000e+00 1.0000e+00 1.0000e+05 0.0000e+00 2.5000e+00
1.7647e+00 1.0000e+05 0.0000e+00 1.0000e+00 1.0000e+05 0.0000e+00 2.5000e+00
2.1569e+00 1.0000e+05 0.0000e+00 1.0000e+00 1.0000e+05 0.0000e+00 2.5000e+00
2.5490e+00 1.0000e+05 0.0000e+00 1.0000e+00 1.0000e+05 0.0000e+00 2.5000e+00
2.9412e+00 1.0000e+05 0.0000e+00 1.0000e+00 1.0000e+05 0.0000e+00 2.5000e+00
3.3333e+00 1.0000e+05 0.0000e+00 1.0000e+00 1.0000e+05 0.0000e+00 2.5000e+00
3.7255e+00 1.0000e+05 0.0000e+00 1.0000e+00 1.0000e+05 0.0000e+00 2.5000e+00
4.1176e+00 1.0000e+05 0.0000e+00 1.0000e+00 1.0000e+05 0.0000e+00 2.5000e+00
4.5098e+00 1.0000e+05 0.0000e+00 1.0000e+00 1.0000e+05 0.0000e+00 2.5000e+00
4.9020e+00 1.0000e+05 0.0000e+00 1.0000e+00 1.0000e+05 0.0000e+00 2.5000e+00
5.2941e+00 1.0000e+05 0.0000e+00 1.0000e+00 1.0000e+05 0.0000e+00 2.5000e+00
5.6863e+00 1.0000e+05 0.0000e+00 1.0000e+00 1.0000e+05 0.0000e+00 2.5000e+00
6.0784e+00 1.0000e+05 0.0000e+00 1.0000e+00 1.0000e+05 0.0000e+00 2.5000e+00
6.4706e+00 1.0000e+05 0.0000e+00 1.0000e+00 1.0000e+05 0.0000e+00 2.5000e+00
6.8627e+00 1.0000e+05 0.0000e+00 1.0000e+00 1.0000e+05 0.0000e+00 2.5000e+00
7.2549e+00 1.0000e+05 0.0000e+00 1.0000e+00 1.0000e+05 0.0000e+00 2.5000e+00
7.6471e+00 1.0000e+05 0.0000e+00 1.0000e+00 1.0000e+05 0.0000e+00 2.5000e+00
8.0392e+00 1.0000e+05 0.0000e+00 1.0000e+00 1.0000e+05 0.0000e+00 2.5000e+00
8.4314e+00 1.0000e+05 0.0000e+00 1.0000e+00 1.0000e+05 0.0000e+00 2.5000e+00
8.8235e+00 1.0000e+05 7.8704e-20 1.0000e+00 1.0000e+05 7.8704e-15 2.5000e+00
9.2157e+00 1.0000e+05 8.9065e-19 1.0000e+00 1.0000e+05 8.9065e-14 2.5000e+00
9.6078e+00 1.0000e+05 3.3775e-18 1.0000e+00 1.0000e+05 3.3775e-13 2.5000e+00
1.0000e+01 1.0000e+05 7.6377e-18 1.0000e+00 1.0000e+05 7.6377e-13 2.5000e+00
1.0392e+01 1.0000e+05 1.3685e-17 1.0000e+00 1.0000e+05 1.3685e-12 2.5000e+00
1.0784e+01 1.0000e+05 2.2431e-17 1.0000e+00 1.0000e+05 2.2431e-12 2.5000e+00
1.1176e+01 1.0000e+05 3.6110e-17 1.0000e+00 1.0000e+05 3.6110e-12 2.5000e+00
1.1569e+01 1.0000e+05 5.8241e-17 1.0000e+00 1.0000e+05 5.8241e-12 2.5000e+00
1.1961e+01 1.0000e+05 9.6121e-17 1.0000e+00 1.0000e+05 9.6121e-12 2.5000e+00
1.2353e+01 1.0000e+05 1.6128e-16 1.0000e+00 1.0000e+05 1.6128e-11 2.5000e+00
1.2745e+01 1.0000e+05 2.7357e-16 1.0000e+00 1.0000e+05 2.7357e-11 2.5000e+00
1.3137e+01 1.0000e+05 4.6714e-16 1.0000e+00 1.0000e+05 4.6714e-11 2.5000e+00
1.3529e+01 1.0000e+05 7.9971e-16 1.0000e+00 1.0000e+05 7.9971e-11 2.5000e+00
1.3922e+01 1.0000e+05 1.3687e-15 1.0000e+00 1.0000e+05 1.3687e-10 2.5000e+00
1.4314e+01 1.0000e+05 2.3360e-15 1.0000e+00 1.0000e+05 2.3360e-10 2.5000e+00
1.4706e+01 1.0000e+05 3.9711e-15 1.0000e+00 1.0000e+05 3.9711e-10 2.5000e+00
1.5098e+01 1.0000e+05 6.7194e-15 1.0000e+00 1.0000e+05 6.7194e-10 2.5000e+00
1.5490e+01 1.0000e+05 1.1312e-14 1.0000e+00 1.0000e+05 1.1312e-09 2.5000e+00
1.5882e+01 1.0000e+05 1.8945e-14 1.0000e+00 1.0000e+05 1.8945e-09 2.5000e+00
1.6275e+01 1.0000e+05 3.1557e-14 1.0000e+00 1.0000e+05 3.1557e-09 2.5000e+00
1.6667e+01 1.0000e+05 5.2283e-14 1.0000e+00 1.0000e+05 5.2283e-09 2.5000e+00
1.7059e+01 1.0000e+05 8.6145e-14 1.0000e+00 1.0000e+05 8.6145e-09 2.5000e+00
1.7451e+01 1.0000e+05 1.4116e-13 1.0000e+00 1.0000e+05 1.4116e-08 2.5000e+00
1.7843e+01 1.0000e+05 2.3003e-13 1.0000e+00 1.0000e+05 2.3003e-08 2.5000e+00
1.8235e+01 1.0000e+05 3.7278e-13 1.0000e+00 1.0000e+05 3.7278e-08 2.5000e+00
1.8627e+01 1.0000e+05 6.0076e-13 1.0000e+00 1.0000e+05 6.0076e-08 2.5000e+00
1.9020e+01 1.0000e+05 9.6277e-13 1.0000e+00 1.0000e+05 9.6277e-08 2.5000e+00
1.9412e+01 1.0000e+05 1.5343e-12 1.0000e+00 1.0000e+05 1.5343e-07 2.5000e+00
1.9804e+01 1.0000e+05 2.4315e-12 1.0000e+00 1.0000e+05 2.4315e-07 2.5000e+00
2.0196e+01 1.0000e+05 3.8318e-12 1.0000e+00 1.0000e+05 3.8318e-07 2.5000e+00
2.0588e+01 1.0000e+05 6.0046e-12 1.0000e+00 1.0000e+05 6.0046e-07 2.5000e+00
2.0980e+01 1.0000e+05 9.3565e-12 1.0000e+00 1.0000e+05 9.3565e-07 2.5000e+00
2.1373e+01 1.0000e+05 1.4498e-11 1.0000e+00 1.0000e+05 1.4498e-06 2.5000e+00
2.1765e+01 1.0000e+05 2.2337e-11 1.0000e+00 1.0000e+05 2.2337e-06 2.5000e+00
2.2157e+01 1.0000e+05 3.4221e-11 1.0000e+00 1.0000e+05 3.4221e-06 2.5000e+00
2.2549e+01 1.0000e+05 5.2131e-11 1.0000e+00 1.0000e+05 5.2131e-06 2.5000e+00
2.2941e+01 1.0000e+05 7.8964e-11 1.0000e+00 1.0000e+05 7.8964e-06 2.5000e+00
2.3333e+01 1.0000e+05 1.1893e-10 1.0000e+00 1.0000e+05 1.1893e-05 2.5000e+00
2.3725e+01 1.0000e+05 1.7811e-10 1.0000e+00 1.0000e+05 1.7811e-05 2.5000e+00
2.4118e+01 1.0000e+05 2.6521e-10 1.0000e+00 1.0000e+05 2.6521e-05 2.5000e+00
2.4510e+01 1.0000e+05 3.9266e-10 1.0000e+00 1.0000e+05 3.9266e-05 2.5000e+00
2.4902e+01 1.0000e+05 5.7804e-10 1.0000e+00 1.0000e+05 5.7804e-05 2.5000e+00
2.5294e+01 1.0000e+05 8.4608e-10 1.0000e+00 1.0000e+05 8.4608e-05 2.5000e+00
2.5686e+01 1.0000e+05 1.2313e-09 1.0000e+00 1.0000e+05 1.2313e-04 2.5000e+00
2.6078e+01 1.0000e+05 1.7817e-09 1.0000e+00 1.0000e+05 1.7817e-04 2.5000e+00
2.6471e+01 1.0000e+05 2.5633e-09 9.9999e-01 1.0000e+05 2.5633e-04 2.5000e+00
2.6863e+01 1.0000e+05 3.6666e-09 9.9999e-01 1.0000e+05 3.6666e-04 2.5000e+00
2.7255e+01 1.0000e+05 5.2148e-09 9.9999e-01 1.0000e+05 5.2148e-04 2.5000e+00
2.7647e+01 1.0000e+05 7.3739e-09 9.9998e-01 1.0000e+05 7.3739e-04 2.5000e+00
2.8039e+01 1.0000e+05 1.0367e-08 9.9998e-01 1.0000e+05 1.0367e-03 2.4999e+00
2.8431e+01 1.0000e+05 1.4491e-08 9.9997e-01 1.0000e+05 1.4491e-03 2.4999e+00
2.8824e+01 1.0000e+05 2.0139e-08 9.9996e-01 1.0000e+05 2.0139e-03 2.4999e+00
2.9216e+01 1.0000e+05 2.7828e-08 9.9994e-01 1.0000e+05 2.7828e-03 2.4999e+00
2.9608e+01 1.0000e+05 3.8230e-08 9.9992e-01 1.0000e+05 3.8230e-03 2.4998e+00
3.0000e+01 1.0000e+05 5.2219e-08 9.9990e-01 1.0000e+05 5.2218e-03 2.4997e+00
3.0392e+01 1.0000e+05 7.0915e-08 9.9986e-01 1.0000e+05 7.0914e-03 2.4996e+00
3.0784e+01 1.0000e+05 9.5750e-08 9.9981e-01 1.0000e+05 9.5750e-03 2.4995e+00
3.1176e+01 9.9999e+04 1.2854e-07 9.9975e-01 9.9999e+04 1.2854e-02 2.4994e+00
3.1569e+01 9.9999e+04 1.7157e-07 9.9968e-01 9.9999e+04 1.7157e-02 2.4992e+00
3.1961e+01 9.9999e+04 2.2768e-07 9.9958e-01 9.9999e+04 2.2768e-02 2.4989e+00
3.2353e+01 9.9998e+04 3.0042e-07 9.9945e-01 9.9998e+04 3.0042e-02 2.4986e+00
3.2745e+01 9.9998e+04 3.9413e-07 9.9929e-01 9.9998e+04 3.9412e-02 2.4982e+00
3.3137e+01 9.9997e+04 5.1411e-07 9.9910e-01 9.9997e+04 5.1410e-02 2.4977e+00
3.3529e+01 9.9996e+04 6.6680e-07 9.9885e-01 9.9996e+04 6.6678e-02 2.4971e+00
3.3922e+01 9.9995e+04 8.5993e-07 9.9854e-01 9.9995e+04 8.5988e-02 2.4963e+00
3.4314e+01 9.9993e+04 1.1027e-06 9.9816e-01 9.9993e+04 1.1026e-01 2.4954e+00
3.4706e+01 9.9992e+04 1.4060e-06 9.9770e-01 9.9992e+04 1.4059e-01 2.4942e+00
3.5098e+01 9.9989e+04 1.7827e-06 9.9714e-01 9.9989e+04 1.7825e-01 2.4928e+00
3.5490e+01 9.9986e+04 2.2477e-06 9.9646e-01 9.9986e+04 2.2473e-01 2.4911e+00
3.5882e+01 9.9982e+04 2.8181e-06 9.9564e-01 9.9982e+04 2.8176e-01 2.4891e+00
3.6275e+01 9.9977e+04 3.5137e-06 9.9467e-01 9.9977e+04 3.5129e-01 2.4867e+00
3.6667e+01 9.9971e+04 4.3568e-06 9.9352e-01 9.9971e+04 4.3555e-01 2.4838e+00
3.7059e+01 9.9964e+04 5.3726e-06 9.9217e-01 9.9964e+04 5.3707e-01 2.4804e+00
3.7451e+01 9.9955e+04 6.5893e-06 9.9059e-01 9.9955e+04 6.5863e-01 2.4765e+00
3.7843e+01 9.9944e+04 8.0378e-06 9.8876e-01 9.9944e+04 8.0334e-01 2.4719e+00
3.8235e+01 9.9931e+04 9.7524e-06 9.8664e-01 9.9931e+04 9.7457e-01 2.4666e+00
3.8627e+01 9.9916e+04 1.1770e-05 9.8422e-01 9.9916e+04 1.1760e+00 2.4606e+00
3.9020e+01 9.9897e+04 1.4130e-05 9.8146e-01 9.9897e+04 1.4115e+00 2.4537e+00
3.9412e+01 9.9875e+04 1.6875e-05 9.7833e-01 9.9875e+04 1.6854e+00 2.4458e+00
3.9804e+01 9.9848e+04 2.0050e-05 9.7482e-01 9.9848e+04 2.0020e+00 2.4371e+00
4.0196e+01 9.9817e+04 2.3701e-05 9.7089e-01 9.9817e+04 2.3658e+00 2.4272e+00
4.0588e+01 9.9781e+04 2.7876e-05 9.6652e-01 9.9781e+04 2.7815e+00 2.4164e+00
4.0980e+01 9.9738e+04 3.2624e-05 9.6171e-01 9.9738e+04 3.2539e+00 2.4043e+00
4.1373e+01 9.9689e+04 3.7994e-05 9.5642e-01 9.9689e+04 3.7876e+00 2.3911e+00
4.1765e+01 9.9633e+04 4.4035e-05 9.5066e-01 9.9633e+04 4.3873e+00 2.3768e+00
4.2157e+01 9.9568e+04 5.0794e-05 9.4442e-01 9.9568e+04 5.0574e+00 2.3612e+00
4.2549e+01 9.9494e+04 5.8316e-05 9.3770e-01 9.9494e+04 5.8021e+00 2.3444e+00
4.2941e+01 9.9411e+04 6.6645e-05 9.3050e-01 9.9411e+04 6.6252e+00 2.3265e+00
4.3333e+01 9.9316e+04 7.5820e-05 9.2283e-01 9.9316e+04 7.5301e+00 2.3074e+00
4.3725e+01 9.9209e+04 8.5875e-05 9.1473e-01 9.9209e+04 8.5196e+00 2.2872e+00
4.4118e+01 9.9090e+04 9.6840e-05 9.0620e-01 9.9090e+04 9.5959e+00 2.2660e+00
4.4510e+01 9.8958e+04 1.0874e-04 8.9728e-01 9.8958e+04 1.0761e+01 2.2438e+00
4.4902e+01 9.8810e+04 1.2158e-04 8.8800e-01 9.8810e+04 1.2013e+01 2.2207e+00
4.5294e+01 9.8650e+04 1.3546e-04 8.7843e-01 9.8650e+04 1.3363e+01 2.1970e+00
4.5686e+01 9.8464e+04 1.4997e-04 8.6847e-01 9.8464e+04 1.4766e+01 2.1723e+00
4.6078e+01 9.8295e+04 1.6667e-04 8.5873e-01 9.8295e+04 1.6383e+01 2.1482e+00
4.6471e+01 9.7994e+04 1.8021e-04 8.4741e-01 9.7994e+04 1.7660e+01 2.1201e+00
4.6863e+01 9.8015e+04 2.0672e-04 8.4008e-01 9.8015e+04 2.0261e+01 2.1023e+00
4.7255e+01 9.7148e+04 2.0334e-04 8.2229e-01 9.7148e+04 1.9754e+01 2.0577e+00
4.7647e+01 9.8149e+04 2.6703e-04 8.2680e-01 9.8149e+04 2.6208e+01 2.0705e+00
4.8039e+01 9.5770e+04 2.1378e-04 7.9213e-01 9.5770e+04 2.0474e+01 1.9825e+00
4.8431e+01 9.8047e+04 3.2428e-04 8.1152e-01 9.8047e+04 3.1795e+01 2.0339e+00
4.8824e+01 9.5694e+04 2.7287e-04 7.7765e-01 9.5694e+04 2.6112e+01 1.9477e+00
4.9216e+01 9.4035e+04 3.2845e-04 7.7875e-01 9.4035e+04 3.0886e+01 1.9519e+00
4.9608e+01 1.1479e+05 3.3962e-04 7.6517e-01 1.1479e+05 3.8986e+01 1.9195e+00
5.0000e+01 2.6996e+04 3.6366e-04 7.6255e-01 2.6996e+04 9.8174e+00 1.9082e+00
5.0392e+01 1.1206e+04 4.2851e-04 7.6337e-01 1.1206e+04 4.8021e+00 1.9095e+00
5.0784e+01 9.6930e+03 5.5375e-04 7.6359e-01 9.6930e+03 5.3675e+00 1.9105e+00
5.1176e+01 1.0206e+04 6.0806e-04 7.5626e-01 1.0206e+04 6.2057e+00 1.8925e+00
5.1569e+01 1.0657e+04 7.2004e-04 7.5759e-01 1.0657e+04 7.6735e+00 1.8967e+00
5.1961e+01 1.1271e+04 8.8703e-04 7.6702e-01 1.1271e+04 9.9979e+00 1.9220e+00
5.2353e+01 1.1559e+04 9.8079e-04 7.7064e-01 1.1559e+04 1.1337e+01 1.9321e+00
5.2745e+01 1.1760e+04 9.7527e-04 7.6431e-01 1.1760e+04 1.1469e+01 1.9164e+00
5.3137e+01 1.1800e+04 9.4622e-04 7.5377e-01 1.1800e+04 1.1165e+01 1.8897e+00
5.3529e+01 1.1962e+04 9.7535e-04 7.5084e-01 1.1962e+04 1.1667e+01 1.8828e+00
5.3922e+01 1.2167e+04 1.0978e-03 7.5961e-01 1.2167e+04 1.3357e+01 1.9064e+00
5.4314e+01 1.2448e+04 1.2605e-03 7.7407e-01 1.2448e+04 1.5690e+01 1.9451e+00
5.4706e+01 1.2663e+04 1.4014e-03 7.8699e-01 1.2663e+04 1.7747e+01 1.9799e+00
5.5098e+01 1.2821e+04 1.4899e-03 7.9437e-01 1.2821e+04 1.9102e+01 2.0001e+00
5.5490e+01 1.2892e+04 1.5304e-03 7.9641e-01 1.2892e+04 1.9730e+01 2.0061e+00
5.5882e+01 1.2927e+04 1.5409e-03 7.9512e-01 1.2927e+04 1.9920e+01 2.0031e+00
5.6275e+01 1.2936e+04 1.5395e-03 7.9259e-01 1.2936e+04 1.9915e+01 1.9968e+00
5.6667e+01 1.2943e+04 1.5348e-03 7.8974e-01 1.2943e+04 1.9864e+01 1.9896e+00
5.7059e+01 1.2945e+04 1.5293e-03 7.8675e-01 1.2945e+04 1.9796e+01 1.9820e+00
5.7451e+01 1.2949e+04 1.5230e-03 7.8361e-01 1.2949e+04 1.9722e+01 1.9740e+00
5.7843e+01 1.2950e+04 1.5163e-03 7.8033e-01 1.2950e+04 1.9637e+01 1.9657e+00
5.8235e+01 1.2952e+04 1.5089e-03 7.7690e-01 1.2952e+04 1.9544e+01 1.9570e+00
5.8627e+01 1.2953e+04 1.5010e-03 7.7331e-01 1.2953e+04 1.9443e+01 1.9479e+00
5.9020e+01 1.2954e+04 1.4926e-03 7.6957e-01 1.2954e+04 1.9335e+01 1.9383e+00
5.9412e+01 1.2954e+04 1.4835e-03 7.6566e-01 1.2954e+04 1.9218e+01 1.9284e+00
5.9804e+01 1.2954e+04 1.4740e-03 7.6158e-01 1.2954e+04 1.9094e+01 1.9180e+00
6.0196e+01 1.2953e+04 1.4638e-03 7.5733e-01 1.2953e+04 1.8962e+01 1.9072e+00
6.0588e+01 1.2952e+04 1.4531e-03 7.5289e-01 1.2952e+04 1.8822e+01 1.8959e+00
6.0980e+01 1.2951e+04 1.4419e-03 7.4828e-01 1.2951e+04 1.8674e+01 1.8842e+00
6.1373e+01 1.2949e+04 1.4301e-03 7.4347e-01 1.2949e+04 1.8519e+01 1.8719e+00
6.1765e+01 1.2947e+04 1.4178e-03 7.3847e-01 1.2947e+04 1.8356e+01 1.8592e+00
6.2157e+01 1.2944e+04 1.4049e-03 7.3327e-01 1.2944e+04 1.8186e+01 1.8459e+00
6.2549e+01 1.2942e+04 1.3915e-03 7.2786e-01 1.2942e+04 1.8008e+01 1.8322e+00
6.2941e+01 1.2938e+04 1.3775e-03 7.2224e-01 1.2938e+04 1.7822e+01 1.8179e+00
6.3333e+01 1.2935e+04 1.3629e-03 7.1640e-01 1.2935e+04 1.7629e+01 1.8030e+00
6.3725e+01 1.2931e+04 1.3478e-03 7.1034e-01 1.2931e+04 1.7428e+01 1.7876e+00
6.4118e+01 1.2927e+04 1.3321e-03 7.0406e-01 1.2927e+04 1.7220e+01 1.7716e+00
6.4510e+01 1.2923e+04 1.3159e-03 6.9754e-01 1.2923e+04 1.7004e+01 1.7550e+00
6.4902e+01 1.2918e+04 1.2991e-03 6.9079e-01 1.2918e+04 1.6781e+01 1.7379e+00
6.5294e+01 1.2913e+04 1.2817e-03 6.8379e-01 1.2913e+04 1.6550e+01 1.7201e+00
6.5686e+01 1.2908e+04 1.2637e-03 6.7655e-01 1.2908e+04 1.6312e+01 1.7017e+00
6.6078e+01 1.2902e+04 1.2452e-03 6.6905e-01 1.2902e+04 1.6066e+01 1.6826e+00
6.6471e+01 1.2896e+04 1.2261e-03 6.6130e-01 1.2896e+04 1.5812e+01 1.6630e+00
6.6863e+01 1.2890e+04 1.2065e-03 6.5330e-01 1.2890e+04 1.5552e+01 1.6426e+00
6.7255e+01 1.2884e+04 1.1862e-03 6.4502e-01 1.2884e+04 1.5283e+01 1.6216e+00
6.7647e+01 1.2877e+04 1.1654e-03 6.3648e-01 1.2877e+04 1.5007e+01 1.5999e+00
6.8039e+01 1.2870e+04 1.1440e-03 6.2766e-01 1.2870e+04 1.4724e+01 1.5776e+00
6.8431e+01 1.2863e+04 1.1220e-03 6.1856e-01 1.2863e+04 1.4433e+01 1.5545e+00
6.8824e+01 1.2856e+04 1.0995e-03 6.0917e-01 1.2856e+04 1.4135e+01 1.5307e+00
6.9216e+01 1.2848e+04 1.0763e-03 5.9948e-01 1.2848e+04 1.3829e+01 1.5062e+00
6.9608e+01 1.2841e+04 1.0525e-03 5.8950e-01 1.2841e+04 1.3515e+01 1.4809e+00
7.0000e+01 1.2833e+04 1.0281e-03 5.7921e-01 1.2833e+04 1.3193e+01 1.4548e+00
7.0392e+01 1.2824e+04 1.0031e-03 5.6859e-01 1.2824e+04 1.2864e+01 1.4279e+00
7.0784e+01 1.2816e+04 9.7739e-04 5.5765e-01 1.2816e+04 1.2526e+01 1.4003e+00
7.1176e+01 1.2807e+04 9.5107e-04 5.4638e-01 1.2807e+04 1.2180e+01 1.3717e+00
7.1569e+01 1.2798e+04 9.2408e-04 5.3475e-01 1.2798e+04 1.1826e+01 1.3423e+00
7.1961e+01 1.2789e+04 8.9642e-04 5.2277e-01 1.2789e+04 1.1464e+01 1.3121e+00
7.2353e+01 1.2779e+04 8.6806e-04 5.1041e-01 1.2779e+04 1.1093e+01 1.2808e+00
7.2745e+01 1.2770e+04 8.3900e-04 4.9767e-01 1.2770e+04 1.0714e+01 1.2487e+00
7.3137e+01 1.2760e+04 8.0922e-04 4.8453e-01 1.2760e+04 1.0325e+01 1.2155e+00
7.3529e+01 1.2750e+04 7.7869e-04 4.7098e-01 1.2750e+04 9.9280e+00 1.1813e+00
7.3922e+01 1.2739e+04 7.4741e-04 4.5701e-01 1.2739e+04 9.5213e+00 1.1461e+00
7.4314e+01 1.2728e+04 7.1535e-04 4.4260e-01 1.2728e+04 9.1054e+00 1.1097e+00
7.4706e+01 1.2718e+04 6.8251e-04 4.2773e-01 1.2718e+04 8.6798e+00 1.0723e+00
7.5098e+01 1.2706e+04 6.4885e-04 4.1239e-01 1.2706e+04 8.2446e+00 1.0337e+00
7.5490e+01 1.2695e+04 6.1436e-04 3.9657e-01 1.2695e+04 7.7994e+00 9.9381e-01
7.5882e+01 1.2683e+04 5.7903e-04 3.8024e-01 1.2683e+04 7.3441e+00 9.5273e-01
7.6275e+01 1.2672e+04 5.4282e-04 3.6340e-01 1.2672e+04 6.8785e+00 9.1036e-01
7.6667e+01 1.2660e+04 5.0574e-04 3.4601e-01 1.2660e+04 6.4024e+00 8.6665e-01
7.7059e+01 1.2647e+04 4.6774e-04 3.2808e-01 1.2647e+04 5.9156e+00 8.2158e-01
7.7451e+01 1.2635e+04 4.2882e-04 3.0957e-01 1.2635e+04 5.4180e+00 7.7508e-01
7.7843e+01 1.2622e+04 3.8895e-04 2.9046e-01 1.2622e+04 4.9092e+00 7.2712e-01
7.8235e+01 1.2609e+04 3.4810e-04 2.7075e-01 1.2609e+04 4.3891e+00 6.7764e-01
7.8627e+01 1.2595e+04 3.0627e-04 2.5040e-01 1.2595e+04 3.8576e+00 6.2660e-01
7.9020e+01 1.2582e+04 2.6350e-04 2.2944e-01 1.2582e+04 3.3153e+00 5.7403e-01
7.9412e+01 1.2568e+04 2.1996e-04 2.0793e-01 1.2568e+04 2.7644e+00 5.2012e-01
7.9804e+01 1.2554e+04 1.7619e-04 1.8614e-01 1.2554e+04 2.2120e+00 4.6554e-01
8.0196e+01 1.2541e+04 1.3344e-04 1.6473e-01 1.2541e+04 1.6736e+00 4.1195e-01
8.0588e+01 1.2529e+04 9.3920e-05 1.4493e-01 1.2529e+04 1.1767e+00 3.6238e-01
8.0980e+01 1.2519e+04 6.0435e-05 1.2831e-01 1.2519e+04 7.5658e-01 3.2080e-01
8.1373e+01 1.2511e+04 3.5218e-05 1.1607e-01 1.2511e+04 4.4062e-01 2.9018e-01
8.1765e+01 1.2506e+04 1.8635e-05 1.0828e-01 1.2506e+04 2.3304e-01 2.7071e-01
8.2157e+01 1.2503e+04 9.0914e-06 1.0396e-01 1.2503e+04 1.1367e-01 2.5989e-01
8.2549e+01 1.2501e+04 4.1844e-06 1.0180e-01 1.2501e+04 5.2311e-02 2.5449e-01
8.2941e+01 1.2501e+04 1.8574e-06 1.0079e-01 1.2501e+04 2.3218e-02 2.5198e-01
8.3333e+01 1.2500e+04 8.0791e-07 1.0034e-01 1.2500e+04 1.0099e-02 2.5086e-01
8.3725e+01 1.2500e+04 3.4759e-07 1.0015e-01 1.2500e+04 4.3450e-03 2.5037e-01
8.4118e+01 1.2500e+04 1.4862e-07 1.0006e-01 1.2500e+04 1.8578e-03 2.5016e-01
8.4510e+01 1.2500e+04 6.3296e-08 1.0003e-01 1.2500e+04 7.9120e-04 2.5007e-01
8.4902e+01 1.2500e+04 2.6875e-08 1.0001e-01 1.2500e+04 3.3594e-04 2.5003e-01
8.5294e+01 1.2500e+04 1.1381e-08 1.0000e-01 1.2500e+04 1.4227e-04 2.5001e-01
8.5686e+01 1.2500e+04 4.8083e-09 1.0000e-01 1.2500e+04 6.0103e-05 2.5001e-01
8.6078e+01 1.2500e+04 2.0265e-09 1.0000e-01 1.2500e+04 2.5332e-05 2.5000e-01
8.6471e+01 1.2500e+04 8.5212e-10 1.0000e-01 1.2500e+04 1.0652e-05 2.5000e-01
8.6863e+01 1.2500e+04 3.5747e-10 1.0000e-01 1.2500e+04 4.4683e-06 2.5000e-01
8.7255e+01 1.2500e+04 1.4960e-10 1.0000e-01 1.2500e+04 1.8701e-06 2.5000e-01
8.7647e+01 1.2500e+04 6.2464e-11 1.0000e-01 1.2500e+04 7.8081e-07 2.5000e-01
8.8039e+01 1.2500e+04 2.6019e-11 1.0000e-01 1.2500e+04 3.2524e-07 2.5000e-01
8.8431e+01 1.2500e+04 1.0812e-11 1.0000e-01 1.2500e+04 1.3515e-07 2.5000e-01
8.8824e+01 1.2500e+04 4.4822e-12 1.0000e-01 1.2500e+04 5.6027e-08 2.5000e-01
8.9216e+01 1.2500e+04 1.8536e-12 1.0000e-01 1.2500e+04 2.3170e-08 2.5000e-01
8.9608e+01 1.2500e+04 7.6472e-13 1.0000e-01 1.2500e+04 9.5590e-09 2.5000e-01
9.0000e+01 1.2500e+04 3.1472e-13 1.0000e-01 1.2500e+04 3.9340e-09 2.5000e-01
9.0392e+01 1.2500e+04 1.2920e-13 1.0000e-01 1.2500e+04 1.6150e-09 2.5000e-01
9.0784e+01 1.2500e+04 5.2910e-14 1.0000e-01 1.2500e+04 6.6137e-10 2.5000e-01
9.1176e+01 1.2500e+04 2.1612e-14 1.0000e-01 1.2500e+04 2.7015e-10 2.5000e-01
9.1569e+01 1.2500e+04 8.8048e-15 1.0000e-01 1.2500e+04 1.1006e-10 2.5000e-01
9.1961e+01 1.2500e+04 3.5770e-15 1.0000e-01 1.2500e+04 4.4712e-11 2.5000e-01
9.2353e+01 1.2500e+04 1.4480e-15 1.0000e-01 1.2500e+04 1.8100e-11 2.5000e-01
9.2745e+01 1.2500e+04 5.8346e-16 1.0000e-01 1.2500e+04 7.2932e-12 2.5000e-01
9.3137e+01 1.2500e+04 2.3303e-16 1.0000e-01 1.2500e+04 2.9129e-12 2.5000e-01
9.3529e+01 1.2500e+04 9.1718e-17 1.0000e-01 1.2500e+04 1.1465e-12 2.5000e-01
9.3922e+01 1.2500e+04 3.4988e-17 1.0000e-01 1.2500e+04 4.3735e-13 2.5000e-01
9.4314e+01 1.2500e+04 1.2354e-17 1.0000e-01 1.2500e+04 1.5443e-13 2.5000e-01
9.4706e+01 1.2500e+04 3.4177e-18 1.0000e-01 1.2500e+04 4.2721e-14 2.5000e-01
9.5098e+01 1.2500e+04 3.2869e-19 1.0000e-01 1.2500e+04 4.1086e-15 2.5000e-01
9.5490e+01 1.2500e+04 2.8311e-21 1.0000e-01 1.2500e+04 3.5388e-17 2.5000e-01
9.5882e+01 1.2500e+04 0.0000e+00 1.0000e-01 1.2500e+04 0.0000e+00 2.5000e-01
9.6275e+01 1.2500e+04 0.0000e+00 1.0000e-01 1.2500e+04 0.0000e+00 2.5000e-01
9.6667e+01 1.2500e+04 0.0000e+00 1.0000e-01 1.2500e+04 0.0000e+00 2.5000e-01
9.7059e+01 1.2500e+04 0.0000e+00 1.0000e-01 1.2500e+04 0.0000e+00 2.5000e-01
9.7451e+01 1.2500e+04 0.0000e+00 1.0000e-01 1.2500e+04 0.0000e+00 2.5000e-01
9.7843e+01 1.2500e+04 0.0000e+00 1.0000e-01 1.2500e+04 0.0000e+00 2.5000e-01
9.8235e+01 1.2500e+04 0.0000e+00 1.0000e-01 1.2500e+04 0.0000e+00 2.5000e-01
9.8627e+01 1.2500e+04 0.0000e+00 1.0000e-01 1.2500e+04 0.0000e+00 2.5000e-01
9.9020e+01 1.2500e+04 0.0000e+00 1.0000e-01 1.2500e+04 0.0000e+00 2.5000e-01
9.9412e+01 1.2500e+04 0.0000e+00 1.0000e-01 1.2500e+04 0.0000e+00 2.5000e-01
9.9804e+01 1.2500e+04 0.0000e+00 1.0000e-01 1.2500e+04 0.0000e+00 2.5000e-01
