# # x Density Velocity Pressure q0 q1 q2
1.9608e-01 1.0000e+05 0.0000e+00 1.0000e+00 1.0000e+05 0.0000e+00 2.5000e+00
5.8824e-01 1.0000e+05 0.0000e+00 1.0000e+00 1.0000e+05 0.0000e+00 2.5000e+00
9.8039e-01 1.0000e+05 0.0000e+00 1.0000e+00 1.0000e+05 0.0000e+00 2.5000e+00
1.3725e+00 1.0000e+05 0.0000e+00 1.0000e+00 1.0000e+05 0.0000e+00 2.5000e+00
1.7647e+00 1.0000e+05 0.0000e+00 1.0000e+00 1.0000e+05 0.0000e+00 2.5000e+00
2.1569e+00 1.0000e+05 0.0000e+00 1.0000e+00 1.0000e+05 0.0000e+00 2.5000e+00
2.5490e+00 1.0000e+05 0.0000e+00 1.0000e+00 1.0000e+05 0.0000e+00 2.5000e+00
2.9412e+00 1.0000e+05 0.0000e+00 1.0000e+00 1.0000e+05 0.0000e+00 2.5000e+00
3.3333e+00 1.0000e+05 0.0000e+00 1.0000e+00 1.0000e+05 0.0000e+00 2.5000e+00
3.7255e+00 1.0000e+05 0.0000e+00 1.0000e+00 1.0000e+05 0.0000e+00 2.5000e+00
4.1176e+00 1.0000e+05 0.0000e+00 1.0000e+00 1.0000e+05 0.0000e+00 2.5000e+00
4.5098e+00 1.0000e+05 0.0000e+00 1.0000e+00 1.0000e+05 0.0000e+00 2.5000e+00
4.9020e+00 1.0000e+05 0.0000e+00 1.0000e+00 1.0000e+05 0.0000e+00 2.5000e+00
5.2941e+00 1.0000e+05 0.0000e+00 1.0000e+00 1.0000e+05 0.0000e+00 2.5000e+00
5.6863e+00 1.0000e+05 0.0000e+00 1.0000e+00 1.0000e+05 0.0000e+00 2.5000e+00
6.0784e+00 1.0000e+05 0.0000e+00 1.0000e+00 1.0000e+05 0.0000e+00 2.5000e+00
6.4706e+00 1.0000e+05 0.0000e+00 1.0000e+00 1.0000e+05 0.0000e+00 2.5000e+00
6.8627e+00 1.0000e+05 0.0000e+00 1.0000e+00 1.0000e+05 0.0000e+00 2.5000e+00
7.2549e+00 1.0000e+05 0.0000e+00 1.0000e+00 1.0000e+05 0.0000e+00 2.5000e+00
7.6471e+00 1.0000e+05 0.0000e+00 1.0000e+00 1.0000e+05 0.0000e+00 2.5000e+00
8.0392e+00 1.0000e+05 0.0000e+00 1.0000e+00 1.0000e+05 0.0000e+00 2.5000e+00
8.4314e+00 1.0000e+05 1.1947e-19 1.0000e+00 1.0000e+05 1.1947e-14 2.5000e+00
8.8235e+00 1.0000e+05 1.0747e-18 1.0000e+00 1.0000e+05 1.0747e-13 2.5000e+00
9.2157e+00 1.0000e+05 3.7713e-18 1.0000e+00 1.0000e+05 3.7713e-13 2.5000e+00
9.6078e+00 1.0000e+05 8.2693e-18 1.0000e+00 1.0000e+05 8.2693e-13 2.5000e+00
1.0000e+01 1.0000e+05 1.4592e-17 1.0000e+00 1.0000e+05 1.4592e-12 2.5000e+00
1.0392e+01 1.0000e+05 2.3749e-17 1.0000e+00 1.0000e+05 2.3749e-12 2.5000e+00
1.0784e+01 1.0000e+05 3.8118e-17 1.0000e+00 1.0000e+05 3.8118e-12 2.5000e+00
1.1176e+01 1.0000e+05 6.1140e-17 1.0000e+00 1.0000e+05 6.1140e-12 2.5000e+00
1.1569e+01 1.0000e+05 1.0023e-16 1.0000e+00 1.0000e+05 1.0023e-11 2.5000e+00
1.1961e+01 1.0000e+05 1.6743e-16 1.0000e+00 1.0000e+05 1.6743e-11 2.5000e+00
1.2353e+01 1.0000e+05 2.8269e-16 1.0000e+00 1.0000e+05 2.8269e-11 2.5000e+00
1.2745e+01 1.0000e+05 4.7993e-16 1.0000e+00 1.0000e+05 4.7993e-11 2.5000e+00
1.3137e+01 1.0000e+05 8.1667e-16 1.0000e+00 1.0000e+05 8.1667e-11 2.5000e+00
1.3529e+01 1.0000e+05 1.3896e-15 1.0000e+00 1.0000e+05 1.3896e-10 2.5000e+00
1.3922e+01 1.0000e+05 2.3589e-15 1.0000e+00 1.0000e+05 2.3589e-10 2.5000e+00
1.4314e+01 1.0000e+05 3.9886e-15 1.0000e+00 1.0000e+05 3.9886e-10 2.5000e+00
1.4706e+01 1.0000e+05 6.7137e-15 1.0000e+00 1.0000e+05 6.7137e-10 2.5000e+00
1.5098e+01 1.0000e+05 1.1245e-14 1.0000e+00 1.0000e+05 1.1245e-09 2.5000e+00
1.5490e+01 1.0000e+05 1.8738e-14 1.0000e+00 1.0000e+05 1.8738e-09 2.5000e+00
1.5882e+01 1.0000e+05 3.1060e-14 1.0000e+00 1.0000e+05 3.1060e-09 2.5000e+00
1.6275e+01 1.0000e+05 5.1211e-14 1.0000e+00 1.0000e+05 5.1211e-09 2.5000e+00
1.6667e+01 1.0000e+05 8.3983e-14 1.0000e+00 1.0000e+05 8.3983e-09 2.5000e+00
1.7059e+01 1.0000e+05 1.3698e-13 1.0000e+00 1.0000e+05 1.3698e-08 2.5000e+00
1.7451e+01 1.0000e+05 2.2222e-13 1.0000e+00 1.0000e+05 2.2222e-08 2.5000e+00
1.7843e+01 1.0000e+05 3.5854e-13 1.0000e+00 1.0000e+05 3.5854e-08 2.5000e+00
1.8235e+01 1.0000e+05 5.7533e-13 1.0000e+00 1.0000e+05 5.7533e-08 2.5000e+00
1.8627e+01 1.0000e+05 9.1817e-13 1.0000e+00 1.0000e+05 9.1817e-08 2.5000e+00
1.9020e+01 1.0000e+05 1.4573e-12 1.0000e+00 1.0000e+05 1.4573e-07 2.5000e+00
1.9412e+01 1.0000e+05 2.3003e-12 1.0000e+00 1.0000e+05 2.3003e-07 2.5000e+00
1.9804e+01 1.0000e+05 3.6110e-12 1.0000e+00 1.0000e+05 3.6110e-07 2.5000e+00
2.0196e+01 1.0000e+05 5.6373e-12 1.0000e+00 1.0000e+05 5.6373e-07 2.5000e+00
2.0588e+01 1.0000e+05 8.7523e-12 1.0000e+00 1.0000e+05 8.7523e-07 2.5000e+00
2.0980e+01 1.0000e+05 1.3514e-11 1.0000e+00 1.0000e+05 1.3514e-06 2.5000e+00
2.1373e+01 1.0000e+05 2.0749e-11 1.0000e+00 1.0000e+05 2.0749e-06 2.5000e+00
2.1765e+01 1.0000e+05 3.1683e-11 1.0000e+00 1.0000e+05 3.1683e-06 2.5000e+00
2.2157e+01 1.0000e+05 4.8111e-11 1.0000e+00 1.0000e+05 4.8111e-06 2.5000e+00
2.2549e+01 1.0000e+05 7.2649e-11 1.0000e+00 1.0000e+05 7.2649e-06 2.5000e+00
2.2941e+01 1.0000e+05 1.0909e-10 1.0000e+00 1.0000e+05 1.0909e-05 2.5000e+00
2.3333e+01 1.0000e+05 1.6291e-10 1.0000e+00 1.0000e+05 1.6291e-05 2.5000e+00
2.3725e+01 1.0000e+05 2.4191e-10 1.0000e+00 1.0000e+05 2.4191e-05 2.5000e+00
2.4118e+01 1.0000e+05 3.5721e-10 1.0000e+00 1.0000e+05 3.5721e-05 2.5000e+00
2.4510e+01 1.0000e+05 5.2452e-10 1.0000e+00 1.0000e+05 5.2452e-05 2.5000e+00
2.4902e+01 1.0000e+05 7.6588e-10 1.0000e+00 1.0000e+05 7.6588e-05 2.5000e+00
2.5294e+01 1.0000e+05 1.1120e-09 1.0000e+00 1.0000e+05 1.1120e-04 2.5000e+00
2.5686e+01 1.0000e+05 1.6056e-09 1.0000e+00 1.0000e+05 1.6056e-04 2.5000e+00
2.6078e+01 1.0000e+05 2.3051e-09 9.9999e-01 1.0000e+05 2.3051e-04 2.5000e+00
2.6471e+01 1.0000e+05 3.2909e-09 9.9999e-01 1.0000e+05 3.2909e-04 2.5000e+00
2.6863e+01 1.0000e+05 4.6717e-09 9.9999e-01 1.0000e+05 4.6717e-04 2.5000e+00
2.7255e+01 1.0000e+05 6.5945e-09 9.9999e-01 1.0000e+05 6.5945e-04 2.5000e+00
2.7647e+01 1.0000e+05 9.2563e-09 9.9998e-01 1.0000e+05 9.2563e-04 2.5000e+00
2.8039e+01 1.0000e+05 1.2919e-08 9.9997e-01 1.0000e+05 1.2919e-03 2.4999e+00
2.8431e+01 1.0000e+05 1.7930e-08 9.9996e-01 1.0000e+05 1.7930e-03 2.4999e+00
2.8824e+01 1.0000e+05 2.4744e-08 9.9995e-01 1.0000e+05 2.4744e-03 2.4999e+00
2.9216e+01 1.0000e+05 3.3954e-08 9.9993e-01 1.0000e+05 3.3954e-03 2.4998e+00
2.9608e+01 1.0000e+05 4.6329e-08 9.9991e-01 1.0000e+05 4.6329e-03 2.4998e+00
3.0000e+01 1.0000e+05 6.2859e-08 9.9988e-01 1.0000e+05 6.2859e-03 2.4997e+00
3.0392e+01 1.0000e+05 8.4806e-08 9.9984e-01 1.0000e+05 8.4805e-03 2.4996e+00
3.0784e+01 9.9999e+04 1.1377e-07 9.9978e-01 9.9999e+04 1.1377e-02 2.4995e+00
3.1176e+01 9.9999e+04 1.5177e-07 9.9971e-01 9.9999e+04 1.5177e-02 2.4993e+00
3.1569e+01 9.9999e+04 2.0131e-07 9.9963e-01 9.9999e+04 2.0131e-02 2.4991e+00
3.1961e+01 9.9999e+04 2.6554e-07 9.9952e-01 9.9999e+04 2.6554e-02 2.4988e+00
3.2353e+01 9.9998e+04 3.4829e-07 9.9938e-01 9.9998e+04 3.4828e-02 2.4984e+00
3.2745e+01 9.9997e+04 4.5427e-07 9.9920e-01 9.9997e+04 4.5426e-02 2.4980e+00
3.3137e+01 9.9997e+04 5.8919e-07 9.9898e-01 9.9997e+04 5.8917e-02 2.4975e+00
3.3529e+01 9.9996e+04 7.5992e-07 9.9871e-01 9.9996e+04 7.5989e-02 2.4968e+00
3.3922e+01 9.9994e+04 9.7468e-07 9.9837e-01 9.9994e+04 9.7463e-02 2.4959e+00
3.4314e+01 9.9993e+04 1.2432e-06 9.9796e-01 9.9993e+04 1.2431e-01 2.4949e+00
3.4706e+01 9.9990e+04 1.5770e-06 9.9746e-01 9.9990e+04 1.5768e-01 2.4937e+00
3.5098e+01 9.9988e+04 1.9894e-06 9.9686e-01 9.9988e+04 1.9891e-01 2.4921e+00
3.5490e+01 9.9984e+04 2.4959e-06 9.9613e-01 9.9984e+04 2.4955e-01 2.4903e+00
3.5882e+01 9.9980e+04 3.1143e-06 9.9526e-01 9.9980e+04 3.1136e-01 2.4882e+00
3.6275e+01 9.9975e+04 3.8649e-06 9.9423e-01 9.9975e+04 3.8639e-01 2.4856e+00
3.6667e+01 9.9968e+04 4.7706e-06 9.9302e-01 9.9968e+04 4.7690e-01 2.4826e+00
3.7059e+01 9.9960e+04 5.8570e-06 9.9160e-01 9.9960e+04 5.8547e-01 2.4790e+00
3.7451e+01 9.9951e+04 7.1528e-06 9.8995e-01 9.9951e+04 7.1492e-01 2.4749e+00
3.7843e+01 9.9939e+04 8.6892e-06 9.8804e-01 9.9939e+04 8.6839e-01 2.4701e+00
3.8235e+01 9.9925e+04 1.0500e-05 9.8584e-01 9.9925e+04 1.0493e+00 2.4646e+00
3.8627e+01 9.9908e+04 1.2624e-05 9.8333e-01 9.9908e+04 1.2612e+00 2.4583e+00
3.9020e+01 9.9888e+04 1.5098e-05 9.8049e-01 9.9888e+04 1.5082e+00 2.4512e+00
3.9412e+01 9.9865e+04 1.7967e-05 9.7727e-01 9.9865e+04 1.7942e+00 2.4432e+00
3.9804e+01 9.9837e+04 2.1273e-05 9.7367e-01 9.9837e+04 2.1238e+00 2.4342e+00
4.0196e+01 9.9804e+04 2.5062e-05 9.6966e-01 9.9804e+04 2.5013e+00 2.4242e+00
4.0588e+01 9.9766e+04 2.9382e-05 9.6522e-01 9.9766e+04 2.9313e+00 2.4131e+00
4.0980e+01 9.9722e+04 3.4280e-05 9.6033e-01 9.9722e+04 3.4184e+00 2.4009e+00
4.1373e+01 9.9670e+04 3.9803e-05 9.5497e-01 9.9670e+04 3.9672e+00 2.3875e+00
4.1765e+01 9.9612e+04 4.6000e-05 9.4915e-01 9.9612e+04 4.5822e+00 2.3730e+00
4.2157e+01 9.9544e+04 5.2916e-05 9.4286e-01 9.9544e+04 5.2675e+00 2.3573e+00
4.2549e+01 9.9468e+04 6.0594e-05 9.3610e-01 9.9468e+04 6.0272e+00 2.3404e+00
4.2941e+01 9.9382e+04 6.9075e-05 9.2887e-01 9.9382e+04 6.8648e+00 2.3224e+00
4.3333e+01 9.9284e+04 7.8397e-05 9.2119e-01 9.9284e+04 7.7836e+00 2.3033e+00
4.3725e+01 9.9175e+04 8.8593e-05 9.1308e-01 9.9175e+04 8.7862e+00 2.2831e+00
4.4118e+01 9.9053e+04 9.9688e-05 9.0457e-01 9.9053e+04 9.8744e+00 2.2619e+00
4.4510e+01 9.8917e+04 1.1171e-04 8.9568e-01 9.8917e+04 1.1050e+01 2.2398e+00
4.4902e+01 9.8767e+04 1.2465e-04 8.8643e-01 9.8767e+04 1.2311e+01 2.2169e+00
4.5294e+01 9.8604e+04 1.3864e-04 8.7693e-01 9.8604e+04 1.3670e+01 2.1933e+00
4.5686e+01 9.8413e+04 1.5316e-04 8.6702e-01 9.8413e+04 1.5073e+01 2.1687e+00
4.6078e+01 9.8248e+04 1.7012e-04 8.5742e-01 9.8248e+04 1.6713e+01 2.1450e+00
4.6471e+01 9.7930e+04 1.8319e-04 8.4601e-01 9.7930e+04 1.7939e+01 2.1167e+00
4.6863e+01 9.7981e+04 2.1089e-04 8.3919e-01 9.7981e+04 2.0664e+01 2.1002e+00
4.7255e+01 9.7048e+04 2.0527e-04 8.2077e-01 9.7048e+04 1.9921e+01 2.0540e+00
4.7647e+01 9.8136e+04 2.7205e-04 8.2644e-01 9.8136e+04 2.6698e+01 2.0697e+00
4.8039e+01 9.5680e+04 2.1612e-04 7.9105e-01 9.5680e+04 2.0678e+01 1.9799e+00
4.8431e+01 9.7950e+04 3.2645e-04 8.1052e-01 9.7950e+04 3.1976e+01 2.0315e+00
4.8824e+01 9.5710e+04 2.7851e-04 7.7799e-01 9.5710e+04 2.6656e+01 1.9487e+00
4.9216e+01 9.3823e+04 3.3034e-04 7.7810e-01 9.3823e+04 3.0994e+01 1.9504e+00
4.9608e+01 1.1514e+05 3.4217e-04 7.6494e-01 1.1514e+05 3.9398e+01 1.9191e+00
5.0000e+01 2.7566e+04 3.6443e-04 7.6199e-01 2.7566e+04 1.0046e+01 1.9068e+00
5.0392e+01 1.1281e+04 4.2222e-04 7.6220e-01 1.1281e+04 4.7632e+00 1.9065e+00
5.0784e+01 9.6688e+03 5.6238e-04 7.6434e-01 9.6688e+03 5.4375e+00 1.9124e+00
5.1176e+01 1.0170e+04 6.1926e-04 7.5743e-01 1.0170e+04 6.2979e+00 1.8955e+00
5.1569e+01 1.0597e+04 7.0324e-04 7.5587e-01 1.0597e+04 7.4526e+00 1.8923e+00
5.1961e+01 1.1209e+04 8.6365e-04 7.6442e-01 1.1209e+04 9.6805e+00 1.9152e+00
5.2353e+01 1.1530e+04 9.8053e-04 7.7021e-01 1.1530e+04 1.1305e+01 1.9311e+00
5.2745e+01 1.1761e+04 9.9735e-04 7.6577e-01 1.1761e+04 1.1730e+01 1.9203e+00
5.3137e+01 1.1800e+04 9.6720e-04 7.5632e-01 1.1800e+04 1.1413e+01 1.8963e+00
5.3529e+01 1.1932e+04 9.6974e-04 7.5034e-01 1.1932e+04 1.1571e+01 1.8815e+00
5.3922e+01 1.2105e+04 1.0642e-03 7.5584e-01 1.2105e+04 1.2882e+01 1.8965e+00
5.4314e+01 1.2375e+04 1.2181e-03 7.6910e-01 1.2375e+04 1.5074e+01 1.9319e+00
5.4706e+01 1.2604e+04 1.3678e-03 7.8287e-01 1.2604e+04 1.7240e+01 1.9690e+00
5.5098e+01 1.2784e+04 1.4723e-03 7.9203e-01 1.2784e+04 1.8823e+01 1.9939e+00
5.5490e+01 1.2876e+04 1.5264e-03 7.9566e-01 1.2876e+04 1.9654e+01 2.0041e+00
5.5882e+01 1.2923e+04 1.5448e-03 7.9527e-01 1.2923e+04 1.9963e+01 2.0036e+00
5.6275e+01 1.2936e+04 1.5463e-03 7.9307e-01 1.2936e+04 2.0003e+01 1.9981e+00
5.6667e+01 1.2945e+04 1.5423e-03 7.9036e-01 1.2945e+04 1.9965e+01 1.9913e+00
5.7059e+01 1.2947e+04 1.5372e-03 7.8749e-01 1.2947e+04 1.9903e+01 1.9840e+00
5.7451e+01 1.2951e+04 1.5314e-03 7.8447e-01 1.2951e+04 1.9834e+01 1.9764e+00
5.7843e+01 1.2953e+04 1.5250e-03 7.8132e-01 1.2953e+04 1.9754e+01 1.9684e+00
5.8235e+01 1.2956e+04 1.5181e-03 7.7803e-01 1.2956e+04 1.9668e+01 1.9600e+00
5.8627e+01 1.2957e+04 1.5106e-03 7.7459e-01 1.2957e+04 1.9572e+01 1.9513e+00
5.9020e+01 1.2958e+04 1.5025e-03 7.7099e-01 1.2958e+04 1.9470e+01 1.9421e+00
5.9412e+01 1.2958e+04 1.4940e-03 7.6725e-01 1.2958e+04 1.9359e+01 1.9326e+00
5.9804e+01 1.2958e+04 1.4848e-03 7.6334e-01 1.2958e+04 1.9241e+01 1.9226e+00
6.0196e+01 1.2958e+04 1.4752e-03 7.5926e-01 1.2958e+04 1.9115e+01 1.9123e+00
6.0588e+01 1.2957e+04 1.4650e-03 7.5502e-01 1.2957e+04 1.8981e+01 1.9014e+00
6.0980e+01 1.2956e+04 1.4542e-03 7.5060e-01 1.2956e+04 1.8841e+01 1.8902e+00
6.1373e+01 1.2954e+04 1.4429e-03 7.4599e-01 1.2954e+04 1.8692e+01 1.8785e+00
6.1765e+01 1.2952e+04 1.4311e-03 7.4120e-01 1.2952e+04 1.8536e+01 1.8663e+00
6.2157e+01 1.2950e+04 1.4188e-03 7.3622e-01 1.2950e+04 1.8373e+01 1.8536e+00
6.2549e+01 1.2947e+04 1.4059e-03 7.3105e-01 1.2947e+04 1.8202e+01 1.8404e+00
6.2941e+01 1.2945e+04 1.3924e-03 7.2567e-01 1.2945e+04 1.8024e+01 1.8267e+00
6.3333e+01 1.2941e+04 1.3784e-03 7.2008e-01 1.2941e+04 1.7839e+01 1.8125e+00
6.3725e+01 1.2938e+04 1.3639e-03 7.1428e-01 1.2938e+04 1.7646e+01 1.7977e+00
6.4118e+01 1.2934e+04 1.3488e-03 7.0827e-01 1.2934e+04 1.7445e+01 1.7824e+00
6.4510e+01 1.2930e+04 1.3332e-03 7.0203e-01 1.2930e+04 1.7237e+01 1.7666e+00
6.4902e+01 1.2925e+04 1.3170e-03 6.9556e-01 1.2925e+04 1.7022e+01 1.7501e+00
6.5294e+01 1.2920e+04 1.3002e-03 6.8886e-01 1.2920e+04 1.6800e+01 1.7331e+00
6.5686e+01 1.2915e+04 1.2829e-03 6.8193e-01 1.2915e+04 1.6570e+01 1.7154e+00
6.6078e+01 1.2910e+04 1.2651e-03 6.7475e-01 1.2910e+04 1.6332e+01 1.6972e+00
6.6471e+01 1.2905e+04 1.2467e-03 6.6733e-01 1.2905e+04 1.6088e+01 1.6783e+00
6.6863e+01 1.2899e+04 1.2277e-03 6.5965e-01 1.2899e+04 1.5836e+01 1.6589e+00
6.7255e+01 1.2893e+04 1.2081e-03 6.5172e-01 1.2893e+04 1.5576e+01 1.6387e+00
6.7647e+01 1.2886e+04 1.1880e-03 6.4354e-01 1.2886e+04 1.5309e+01 1.6179e+00
6.8039e+01 1.2880e+04 1.1674e-03 6.3508e-01 1.2880e+04 1.5035e+01 1.5965e+00
6.8431e+01 1.2873e+04 1.1461e-03 6.2636e-01 1.2873e+04 1.4754e+01 1.5743e+00
6.8824e+01 1.2866e+04 1.1243e-03 6.1736e-01 1.2866e+04 1.4465e+01 1.5515e+00
6.9216e+01 1.2859e+04 1.1019e-03 6.0808e-01 1.2859e+04 1.4168e+01 1.5280e+00
6.9608e+01 1.2851e+04 1.0789e-03 5.9851e-01 1.2851e+04 1.3864e+01 1.5037e+00
7.0000e+01 1.2843e+04 1.0553e-03 5.8864e-01 1.2843e+04 1.3553e+01 1.4788e+00
7.0392e+01 1.2835e+04 1.0311e-03 5.7847e-01 1.2835e+04 1.3234e+01 1.4530e+00
7.0784e+01 1.2827e+04 1.0062e-03 5.6800e-01 1.2827e+04 1.2907e+01 1.4265e+00
7.1176e+01 1.2818e+04 9.8079e-04 5.5720e-01 1.2818e+04 1.2572e+01 1.3992e+00
7.1569e+01 1.2810e+04 9.5471e-04 5.4607e-01 1.2810e+04 1.2230e+01 1.3710e+00
7.1961e+01 1.2801e+04 9.2798e-04 5.3461e-01 1.2801e+04 1.1879e+01 1.3420e+00
7.2353e+01 1.2792e+04 9.0058e-04 5.2279e-01 1.2792e+04 1.1520e+01 1.3122e+00
7.2745e+01 1.2782e+04 8.7252e-04 5.1061e-01 1.2782e+04 1.1153e+01 1.2814e+00
7.3137e+01 1.2773e+04 8.4376e-04 4.9806e-01 1.2773e+04 1.0777e+01 1.2497e+00
7.3529e+01 1.2763e+04 8.1430e-04 4.8513e-01 1.2763e+04 1.0393e+01 1.2171e+00
7.3922e+01 1.2753e+04 7.8411e-04 4.7180e-01 1.2753e+04 9.9994e+00 1.1834e+00
7.4314e+01 1.2742e+04 7.5319e-04 4.5805e-01 1.2742e+04 9.5973e+00 1.1487e+00
7.4706e+01 1.2732e+04 7.2152e-04 4.4388e-01 1.2732e+04 9.1861e+00 1.1130e+00
7.5098e+01 1.2721e+04 6.8907e-04 4.2927e-01 1.2721e+04 8.7656e+00 1.0762e+00
7.5490e+01 1.2710e+04 6.5584e-04 4.1421e-01 1.2710e+04 8.3356e+00 1.0383e+00
7.5882e+01 1.2698e+04 6.2180e-04 3.9868e-01 1.2698e+04 7.8959e+00 9.9915e-01
7.6275e+01 1.2687e+04 5.8694e-04 3.8266e-01 1.2687e+04 7.4465e+00 9.5884e-01
7.6667e+01 1.2675e+04 5.5124e-04 3.6614e-01 1.2675e+04 6.9871e+00 9.1728e-01
7.7059e+01 1.2663e+04 5.1467e-04 3.4910e-01 1.2663e+04 6.5174e+00 8.7444e-01
7.7451e+01 1.2651e+04 4.7723e-04 3.3153e-01 1.2651e+04 6.0374e+00 8.3027e-01
7.7843e+01 1.2639e+04 4.3888e-04 3.1341e-01 1.2639e+04 5.5469e+00 7.8474e-01
7.8235e+01 1.2626e+04 3.9962e-04 2.9472e-01 1.2626e+04 5.0455e+00 7.3780e-01
7.8627e+01 1.2613e+04 3.5941e-04 2.7543e-01 1.2613e+04 4.5331e+00 6.8939e-01
7.9020e+01 1.2600e+04 3.1824e-04 2.5554e-01 1.2600e+04 4.0097e+00 6.3949e-01
7.9412e+01 1.2586e+04 2.7613e-04 2.3504e-01 1.2586e+04 3.4754e+00 5.8808e-01
7.9804e+01 1.2573e+04 2.3319e-04 2.1397e-01 1.2573e+04 2.9318e+00 5.3527e-01
8.0196e+01 1.2559e+04 1.8980e-04 1.9252e-01 1.2559e+04 2.3837e+00 4.8153e-01
8.0588e+01 1.2546e+04 1.4692e-04 1.7118e-01 1.2546e+04 1.8432e+00 4.2809e-01
8.0980e+01 1.2533e+04 1.0637e-04 1.5095e-01 1.2533e+04 1.3332e+00 3.7744e-01
8.1373e+01 1.2522e+04 7.0825e-05 1.3330e-01 1.2522e+04 8.8688e-01 3.3328e-01
8.1765e+01 1.2514e+04 4.2828e-05 1.1965e-01 1.2514e+04 5.3593e-01 2.9913e-01
8.2157e+01 1.2508e+04 2.3474e-05 1.1048e-01 1.2508e+04 2.9360e-01 2.7621e-01
8.2549e+01 1.2504e+04 1.1792e-05 1.0515e-01 1.2504e+04 1.4744e-01 2.6287e-01
8.2941e+01 1.2502e+04 5.5437e-06 1.0238e-01 1.2502e+04 6.9306e-02 2.5595e-01
8.3333e+01 1.2501e+04 2.4959e-06 1.0106e-01 1.2501e+04 3.1201e-02 2.5266e-01
8.3725e+01 1.2500e+04 1.0960e-06 1.0047e-01 1.2500e+04 1.3700e-02 2.5116e-01
8.4118e+01 1.2500e+04 4.7475e-07 1.0020e-01 1.2500e+04 5.9344e-03 2.5050e-01
8.4510e+01 1.2500e+04 2.0412e-07 1.0009e-01 1.2500e+04 2.5515e-03 2.5022e-01
8.4902e+01 1.2500e+04 8.7363e-08 1.0004e-01 1.2500e+04 1.0920e-03 2.5009e-01
8.5294e+01 1.2500e+04 3.7270e-08 1.0002e-01 1.2500e+04 4.6588e-04 2.5004e-01
8.5686e+01 1.2500e+04 1.5858e-08 1.0001e-01 1.2500e+04 1.9822e-04 2.5002e-01
8.6078e+01 1.2500e+04 6.7307e-09 1.0000e-01 1.2500e+04 8.4133e-05 2.5001e-01
8.6471e+01 1.2500e+04 2.8501e-09 1.0000e-01 1.2500e+04 3.5627e-05 2.5000e-01
8.6863e+01 1.2500e+04 1.2041e-09 1.0000e-01 1.2500e+04 1.5052e-05 2.5000e-01
8.7255e+01 1.2500e+04 5.0755e-10 1.0000e-01 1.2500e+04 6.3444e-06 2.5000e-01
8.7647e+01 1.2500e+04 2.1345e-10 1.0000e-01 1.2500e+04 2.6681e-06 2.5000e-01
8.8039e+01 1.2500e+04 8.9558e-11 1.0000e-01 1.2500e+04 1.1195e-06 2.5000e-01
8.8431e+01 1.2500e+04 3.7489e-11 1.0000e-01 1.2500e+04 4.6862e-07 2.5000e-01
8.8824e+01 1.2500e+04 1.5657e-11 1.0000e-01 1.2500e+04 1.9571e-07 2.5000e-01
8.9216e+01 1.2500e+04 6.5234e-12 1.0000e-01 1.2500e+04 8.1542e-08 2.5000e-01
8.9608e+01 1.2500e+04 2.7116e-12 1.0000e-01 1.2500e+04 3.3894e-08 2.5000e-01
9.0000e+01 1.2500e+04 1.1244e-12 1.0000e-01 1.2500e+04 1.4056e-08 2.5000e-01
9.0392e+01 1.2500e+04 4.6518e-13 1.0000e-01 1.2500e+04 5.8147e-09 2.5000e-01
9.0784e+01 1.2500e+04 1.9198e-13 1.0000e-01 1.2500e+04 2.3997e-09 2.5000e-01
9.1176e+01 1.2500e+04 7.9038e-14 1.0000e-01 1.2500e+04 9.8798e-10 2.5000e-01
9.1569e+01 1.2500e+04 3.2460e-14 1.0000e-01 1.2500e+04 4.0576e-10 2.5000e-01
9.1961e+01 1.2500e+04 1.3298e-14 1.0000e-01 1.2500e+04 1.6622e-10 2.5000e-01
9.2353e+01 1.2500e+04 5.4326e-15 1.0000e-01 1.2500e+04 6.7908e-11 2.5000e-01
9.2745e+01 1.2500e+04 2.2128e-15 1.0000e-01 1.2500e+04 2.7660e-11 2.5000e-01
9.3137e+01 1.2500e+04 8.9762e-16 1.0000e-01 1.2500e+04 1.1220e-11 2.5000e-01
9.3529e+01 1.2500e+04 3.6190e-16 1.0000e-01 1.2500e+04 4.5237e-12 2.5000e-01
9.3922e+01 1.2500e+04 1.4438e-16 1.0000e-01 1.2500e+04 1.8048e-12 2.5000e-01
9.4314e+01 1.2500e+04 5.6286e-17 1.0000e-01 1.2500e+04 7.0357e-13 2.5000e-01
9.4706e+01 1.2500e+04 2.0851e-17 1.0000e-01 1.2500e+04 2.6064e-13 2.5000e-01
9.5098e+01 1.2500e+04 6.7334e-18 1.0000e-01 1.2500e+04 8.4168e-14 2.5000e-01
9.5490e+01 1.2500e+04 1.3952e-18 1.0000e-01 1.2500e+04 1.7439e-14 2.5000e-01
9.5882e+01 1.2500e+04 2.7178e-20 1.0000e-01 1.2500e+04 3.3973e-16 2.5000e-01
9.6275e+01 1.2500e+04 0.0000e+00 1.0000e-01 1.2500e+04 0.0000e+00 2.5000e-01
9.6667e+01 1.2500e+04 0.0000e+00 1.0000e-01 1.2500e+04 0.0000e+00 2.5000e-01
9.7059e+01 1.2500e+04 0.0000e+00 1.0000e-01 1.2500e+04 0.0000e+00 2.5000e-01
9.7451e+01 1.2500e+04 0.0000e+00 1.0000e-01 1.2500e+04 0.0000e+00 2.5000e-01
9.7843e+01 1.2500e+04 0.0000e+00 1.0000e-01 1.2500e+04 0.0000e+00 2.5000e-01
9.8235e+01 1.2500e+04 0.0000e+00 1.0000e-01 1.2500e+04 0.0000e+00 2.5000e-01
9.8627e+01 1.2500e+04 0.0000e+00 1.0000e-01 1.2500e+04 0.0000e+00 2.5000e-01
9.9020e+01 1.2500e+04 0.0000e+00 1.0000e-01 1.2500e+04 0.0000e+00 2.5000e-01
9.9412e+01 1.2500e+04 0.0000e+00 1.0000e-01 1.2500e+04 0.0000e+00 2.5000e-01
9.9804e+01 1.2500e+04 0.0000e+00 1.0000e-01 1.2500e+04 0.0000e+00 2.5000e-01
