# # x Density Velocity Pressure q0 q1 q2
1.9608e-01 1.0000e+05 0.0000e+00 1.0000e+00 1.0000e+05 0.0000e+00 2.5000e+00
5.8824e-01 1.0000e+05 0.0000e+00 1.0000e+00 1.0000e+05 0.0000e+00 2.5000e+00
9.8039e-01 1.0000e+05 0.0000e+00 1.0000e+00 1.0000e+05 0.0000e+00 2.5000e+00
1.3725e+00 1.0000e+05 0.0000e+00 1.0000e+00 1.0000e+05 0.0000e+00 2.5000e+00
1.7647e+00 1.0000e+05 0.0000e+00 1.0000e+00 1.0000e+05 0.0000e+00 2.5000e+00
2.1569e+00 1.0000e+05 0.0000e+00 1.0000e+00 1.0000e+05 0.0000e+00 2.5000e+00
2.5490e+00 1.0000e+05 0.0000e+00 1.0000e+00 1.0000e+05 0.0000e+00 2.5000e+00
2.9412e+00 1.0000e+05 0.0000e+00 1.0000e+00 1.0000e+05 0.0000e+00 2.5000e+00
3.3333e+00 1.0000e+05 0.0000e+00 1.0000e+00 1.0000e+05 0.0000e+00 2.5000e+00
3.7255e+00 1.0000e+05 0.0000e+00 1.0000e+00 1.0000e+05 0.0000e+00 2.5000e+00
4.1176e+00 1.0000e+05 0.0000e+00 1.0000e+00 1.0000e+05 0.0000e+00 2.5000e+00
4.5098e+00 1.0000e+05 0.0000e+00 1.0000e+00 1.0000e+05 0.0000e+00 2.5000e+00
4.9020e+00 1.0000e+05 0.0000e+00 1.0000e+00 1.0000e+05 0.0000e+00 2.5000e+00
5.2941e+00 1.0000e+05 0.0000e+00 1.0000e+00 1.0000e+05 0.0000e+00 2.5000e+00
5.6863e+00 1.0000e+05 0.0000e+00 1.0000e+00 1.0000e+05 0.0000e+00 2.5000e+00
6.0784e+00 1.0000e+05 0.0000e+00 1.0000e+00 1.0000e+05 0.0000e+00 2.5000e+00
6.4706e+00 1.0000e+05 0.0000e+00 1.0000e+00 1.0000e+05 0.0000e+00 2.5000e+00
6.8627e+00 1.0000e+05 0.0000e+00 1.0000e+00 1.0000e+05 0.0000e+00 2.5000e+00
7.2549e+00 1.0000e+05 0.0000e+00 1.0000e+00 1.0000e+05 0.0000e+00 2.5000e+00
7.6471e+00 1.0000e+05 0.0000e+00 1.0000e+00 1.0000e+05 0.0000e+00 2.5000e+00
8.0392e+00 1.0000e+05 6.5398e-20 1.0000e+00 1.0000e+05 6.5398e-15 2.5000e+00
8.4314e+00 1.0000e+05 8.2894e-19 1.0000e+00 1.0000e+05 8.2894e-14 2.5000e+00
8.8235e+00 1.0000e+05 3.2600e-18 1.0000e+00 1.0000e+05 3.2600e-13 2.5000e+00
9.2157e+00 1.0000e+05 7.4987e-18 1.0000e+00 1.0000e+05 7.4987e-13 2.5000e+00
9.6078e+00 1.0000e+05 1.3554e-17 1.0000e+00 1.0000e+05 1.3554e-12 2.5000e+00
1.0000e+01 1.0000e+05 2.2219e-17 1.0000e+00 1.0000e+05 2.2219e-12 2.5000e+00
1.0392e+01 1.0000e+05 3.5518e-17 1.0000e+00 1.0000e+05 3.5518e-12 2.5000e+00
1.0784e+01 1.0000e+05 5.6651e-17 1.0000e+00 1.0000e+05 5.6651e-12 2.5000e+00
1.1176e+01 1.0000e+05 9.2084e-17 1.0000e+00 1.0000e+05 9.2084e-12 2.5000e+00
1.1569e+01 1.0000e+05 1.5237e-16 1.0000e+00 1.0000e+05 1.5237e-11 2.5000e+00
1.1961e+01 1.0000e+05 2.5571e-16 1.0000e+00 1.0000e+05 2.5571e-11 2.5000e+00
1.2353e+01 1.0000e+05 4.3218e-16 1.0000e+00 1.0000e+05 4.3218e-11 2.5000e+00
1.2745e+01 1.0000e+05 7.3221e-16 1.0000e+00 1.0000e+05 7.3221e-11 2.5000e+00
1.3137e+01 1.0000e+05 1.2409e-15 1.0000e+00 1.0000e+05 1.2409e-10 2.5000e+00
1.3529e+01 1.0000e+05 2.0990e-15 1.0000e+00 1.0000e+05 2.0990e-10 2.5000e+00
1.3922e+01 1.0000e+05 3.5384e-15 1.0000e+00 1.0000e+05 3.5384e-10 2.5000e+00
1.4314e+01 1.0000e+05 5.9392e-15 1.0000e+00 1.0000e+05 5.9392e-10 2.5000e+00
1.4706e+01 1.0000e+05 9.9213e-15 1.0000e+00 1.0000e+05 9.9213e-10 2.5000e+00
1.5098e+01 1.0000e+05 1.6490e-14 1.0000e+00 1.0000e+05 1.6490e-09 2.5000e+00
1.5490e+01 1.0000e+05 2.7267e-14 1.0000e+00 1.0000e+05 2.7267e-09 2.5000e+00
1.5882e+01 1.0000e+05 4.4850e-14 1.0000e+00 1.0000e+05 4.4850e-09 2.5000e+00
1.6275e+01 1.0000e+05 7.3383e-14 1.0000e+00 1.0000e+05 7.3383e-09 2.5000e+00
1.6667e+01 1.0000e+05 1.1943e-13 1.0000e+00 1.0000e+05 1.1943e-08 2.5000e+00
1.7059e+01 1.0000e+05 1.9334e-13 1.0000e+00 1.0000e+05 1.9334e-08 2.5000e+00
1.7451e+01 1.0000e+05 3.1131e-13 1.0000e+00 1.0000e+05 3.1131e-08 2.5000e+00
1.7843e+01 1.0000e+05 4.9857e-13 1.0000e+00 1.0000e+05 4.9857e-08 2.5000e+00
1.8235e+01 1.0000e+05 7.9419e-13 1.0000e+00 1.0000e+05 7.9419e-08 2.5000e+00
1.8627e+01 1.0000e+05 1.2583e-12 1.0000e+00 1.0000e+05 1.2583e-07 2.5000e+00
1.9020e+01 1.0000e+05 1.9828e-12 1.0000e+00 1.0000e+05 1.9828e-07 2.5000e+00
1.9412e+01 1.0000e+05 3.1075e-12 1.0000e+00 1.0000e+05 3.1075e-07 2.5000e+00
1.9804e+01 1.0000e+05 4.8439e-12 1.0000e+00 1.0000e+05 4.8439e-07 2.5000e+00
2.0196e+01 1.0000e+05 7.5095e-12 1.0000e+00 1.0000e+05 7.5095e-07 2.5000e+00
2.0588e+01 1.0000e+05 1.1579e-11 1.0000e+00 1.0000e+05 1.1579e-06 2.5000e+00
2.0980e+01 1.0000e+05 1.7756e-11 1.0000e+00 1.0000e+05 1.7756e-06 2.5000e+00
2.1373e+01 1.0000e+05 2.7080e-11 1.0000e+00 1.0000e+05 2.7080e-06 2.5000e+00
2.1765e+01 1.0000e+05 4.1074e-11 1.0000e+00 1.0000e+05 4.1074e-06 2.5000e+00
2.2157e+01 1.0000e+05 6.1960e-11 1.0000e+00 1.0000e+05 6.1960e-06 2.5000e+00
2.2549e+01 1.0000e+05 9.2954e-11 1.0000e+00 1.0000e+05 9.2954e-06 2.5000e+00
2.2941e+01 1.0000e+05 1.3869e-10 1.0000e+00 1.0000e+05 1.3869e-05 2.5000e+00
2.3333e+01 1.0000e+05 2.0578e-10 1.0000e+00 1.0000e+05 2.0578e-05 2.5000e+00
2.3725e+01 1.0000e+05 3.0365e-10 1.0000e+00 1.0000e+05 3.0365e-05 2.5000e+00
2.4118e+01 1.0000e+05 4.4561e-10 1.0000e+00 1.0000e+05 4.4561e-05 2.5000e+00
2.4510e+01 1.0000e+05 6.5032e-10 1.0000e+00 1.0000e+05 6.5032e-05 2.5000e+00
2.4902e+01 1.0000e+05 9.4383e-10 1.0000e+00 1.0000e+05 9.4383e-05 2.5000e+00
2.5294e+01 1.0000e+05 1.3622e-09 1.0000e+00 1.0000e+05 1.3622e-04 2.5000e+00
2.5686e+01 1.0000e+05 1.9553e-09 1.0000e+00 1.0000e+05 1.9553e-04 2.5000e+00
2.6078e+01 1.0000e+05 2.7909e-09 9.9999e-01 1.0000e+05 2.7909e-04 2.5000e+00
2.6471e+01 1.0000e+05 3.9616e-09 9.9999e-01 1.0000e+05 3.9616e-04 2.5000e+00
2.6863e+01 1.0000e+05 5.5921e-09 9.9999e-01 1.0000e+05 5.5921e-04 2.5000e+00
2.7255e+01 1.0000e+05 7.8500e-09 9.9998e-01 1.0000e+05 7.8500e-04 2.5000e+00
2.7647e+01 1.0000e+05 1.0958e-08 9.9998e-01 1.0000e+05 1.0958e-03 2.4999e+00
2.8039e+01 1.0000e+05 1.5212e-08 9.9997e-01 1.0000e+05 1.5212e-03 2.4999e+00
2.8431e+01 1.0000e+05 2.1001e-08 9.9996e-01 1.0000e+05 2.1001e-03 2.4999e+00
2.8824e+01 1.0000e+05 2.8830e-08 9.9994e-01 1.0000e+05 2.8830e-03 2.4999e+00
2.9216e+01 1.0000e+05 3.9358e-08 9.9992e-01 1.0000e+05 3.9358e-03 2.4998e+00
2.9608e+01 1.0000e+05 5.3433e-08 9.9989e-01 1.0000e+05 5.3433e-03 2.4997e+00
3.0000e+01 1.0000e+05 7.2138e-08 9.9986e-01 1.0000e+05 7.2138e-03 2.4996e+00
3.0392e+01 9.9999e+04 9.6851e-08 9.9981e-01 9.9999e+04 9.6851e-03 2.4995e+00
3.0784e+01 9.9999e+04 1.2931e-07 9.9976e-01 9.9999e+04 1.2931e-02 2.4994e+00
3.1176e+01 9.9999e+04 1.7169e-07 9.9968e-01 9.9999e+04 1.7169e-02 2.4992e+00
3.1569e+01 9.9999e+04 2.2669e-07 9.9959e-01 9.9999e+04 2.2669e-02 2.4990e+00
3.1961e+01 9.9998e+04 2.9767e-07 9.9947e-01 9.9998e+04 2.9766e-02 2.4987e+00
3.2353e+01 9.9998e+04 3.8871e-07 9.9931e-01 9.9998e+04 3.8870e-02 2.4983e+00
3.2745e+01 9.9997e+04 5.0480e-07 9.9912e-01 9.9997e+04 5.0478e-02 2.4978e+00
3.3137e+01 9.9996e+04 6.5196e-07 9.9889e-01 9.9996e+04 6.5193e-02 2.4972e+00
3.3529e+01 9.9995e+04 8.3741e-07 9.9860e-01 9.9995e+04 8.3737e-02 2.4965e+00
3.3922e+01 9.9994e+04 1.0697e-06 9.9824e-01 9.9994e+04 1.0697e-01 2.4956e+00
3.4314e+01 9.9992e+04 1.3591e-06 9.9780e-01 9.9992e+04 1.3590e-01 2.4945e+00
3.4706e+01 9.9989e+04 1.7173e-06 9.9727e-01 9.9989e+04 1.7172e-01 2.4932e+00
3.5098e+01 9.9986e+04 2.1583e-06 9.9663e-01 9.9986e+04 2.1580e-01 2.4916e+00
3.5490e+01 9.9983e+04 2.6979e-06 9.9587e-01 9.9983e+04 2.6975e-01 2.4897e+00
3.5882e+01 9.9978e+04 3.3545e-06 9.9496e-01 9.9978e+04 3.3537e-01 2.4874e+00
3.6275e+01 9.9973e+04 4.1486e-06 9.9389e-01 9.9973e+04 4.1474e-01 2.4847e+00
3.6667e+01 9.9966e+04 5.1036e-06 9.9263e-01 9.9966e+04 5.1018e-01 2.4816e+00
3.7059e+01 9.9957e+04 6.2454e-06 9.9115e-01 9.9957e+04 6.2428e-01 2.4779e+00
3.7451e+01 9.9947e+04 7.6030e-06 9.8944e-01 9.9947e+04 7.5990e-01 2.4736e+00
3.7843e+01 9.9935e+04 9.2078e-06 9.8747e-01 9.9935e+04 9.2018e-01 2.4687e+00
3.8235e+01 9.9920e+04 1.1094e-05 9.8522e-01 9.9920e+04 1.1085e+00 2.4630e+00
3.8627e+01 9.9902e+04 1.3299e-05 9.8264e-01 9.9902e+04 1.3286e+00 2.4566e+00
3.9020e+01 9.9881e+04 1.5862e-05 9.7973e-01 9.9881e+04 1.5844e+00 2.4493e+00
3.9412e+01 9.9857e+04 1.8825e-05 9.7645e-01 9.9857e+04 1.8798e+00 2.4412e+00
3.9804e+01 9.9828e+04 2.2232e-05 9.7279e-01 9.9828e+04 2.2193e+00 2.4320e+00
4.0196e+01 9.9794e+04 2.6127e-05 9.6871e-01 9.9794e+04 2.6073e+00 2.4218e+00
4.0588e+01 9.9754e+04 3.0557e-05 9.6421e-01 9.9754e+04 3.0482e+00 2.4106e+00
4.0980e+01 9.9708e+04 3.5569e-05 9.5926e-01 9.9708e+04 3.5465e+00 2.3982e+00
4.1373e+01 9.9655e+04 4.1209e-05 9.5386e-01 9.9655e+04 4.1067e+00 2.3847e+00
4.1765e+01 9.9595e+04 4.7524e-05 9.4800e-01 9.9595e+04 4.7332e+00 2.3701e+00
4.2157e+01 9.9526e+04 5.4558e-05 9.4167e-01 9.9526e+04 5.4299e+00 2.3543e+00
4.2549e+01 9.9448e+04 6.2353e-05 9.3488e-01 9.9448e+04 6.2009e+00 2.3374e+00
4.2941e+01 9.9359e+04 7.0949e-05 9.2763e-01 9.9359e+04 7.0494e+00 2.3193e+00
4.3333e+01 9.9260e+04 8.0381e-05 9.1995e-01 9.9260e+04 7.9786e+00 2.3002e+00
4.3725e+01 9.9148e+04 9.0682e-05 9.1184e-01 9.9148e+04 8.9909e+00 2.2800e+00
4.4118e+01 9.9024e+04 1.0187e-04 9.0333e-01 9.9024e+04 1.0088e+01 2.2588e+00
4.4510e+01 9.8886e+04 1.1399e-04 8.9446e-01 9.8886e+04 1.1272e+01 2.2368e+00
4.4902e+01 9.8733e+04 1.2700e-04 8.8525e-01 9.8733e+04 1.2539e+01 2.2139e+00
4.5294e+01 9.8569e+04 1.4108e-04 8.7579e-01 9.8569e+04 1.3906e+01 2.1905e+00
4.5686e+01 9.8374e+04 1.5560e-04 8.6592e-01 9.8374e+04 1.5307e+01 2.1660e+00
4.6078e+01 9.8211e+04 1.7276e-04 8.5643e-01 9.8211e+04 1.6967e+01 2.1425e+00
4.6471e+01 9.7879e+04 1.8542e-04 8.4495e-01 9.7879e+04 1.8149e+01 2.1141e+00
4.6863e+01 9.7957e+04 2.1413e-04 8.3854e-01 9.7957e+04 2.0975e+01 2.0986e+00
4.7255e+01 9.6971e+04 2.0669e-04 8.1961e-01 9.6971e+04 2.0043e+01 2.0511e+00
4.7647e+01 9.8126e+04 2.7586e-04 8.2617e-01 9.8126e+04 2.7069e+01 2.0692e+00
4.8039e+01 9.5614e+04 2.1801e-04 7.9029e-01 9.5614e+04 2.0845e+01 1.9780e+00
4.8431e+01 9.7873e+04 3.2795e-04 8.0973e-01 9.7873e+04 3.2097e+01 2.0296e+00
4.8824e+01 9.5722e+04 2.8280e-04 7.7828e-01 9.5722e+04 2.7071e+01 1.9495e+00
4.9216e+01 9.3661e+04 3.3188e-04 7.7766e-01 9.3661e+04 3.1084e+01 1.9493e+00
4.9608e+01 1.1541e+05 3.4411e-04 7.6478e-01 1.1541e+05 3.9713e+01 1.9188e+00
5.0000e+01 2.8010e+04 3.6549e-04 7.6168e-01 2.8010e+04 1.0237e+01 1.9061e+00
5.0392e+01 1.1341e+04 4.1638e-04 7.6119e-01 1.1341e+04 4.7222e+00 1.9040e+00
5.0784e+01 9.6483e+03 5.6590e-04 7.6456e-01 9.6483e+03 5.4600e+00 1.9129e+00
5.1176e+01 1.0145e+04 6.3038e-04 7.5849e-01 1.0145e+04 6.3954e+00 1.8982e+00
5.1569e+01 1.0557e+04 6.9495e-04 7.5485e-01 1.0557e+04 7.3363e+00 1.8897e+00
5.1961e+01 1.1159e+04 8.4473e-04 7.6210e-01 1.1159e+04 9.4267e+00 1.9092e+00
5.2353e+01 1.1501e+04 9.7577e-04 7.6928e-01 1.1501e+04 1.1222e+01 1.9287e+00
5.2745e+01 1.1758e+04 1.0108e-03 7.6695e-01 1.1758e+04 1.1885e+01 1.9234e+00
5.3137e+01 1.1803e+04 9.8442e-04 7.5887e-01 1.1803e+04 1.1619e+01 1.9029e+00
5.3529e+01 1.1916e+04 9.7215e-04 7.5087e-01 1.1916e+04 1.1584e+01 1.8828e+00
5.3922e+01 1.2063e+04 1.0435e-03 7.5357e-01 1.2063e+04 1.2587e+01 1.8905e+00
5.4314e+01 1.2320e+04 1.1863e-03 7.6539e-01 1.2320e+04 1.4615e+01 1.9221e+00
5.4706e+01 1.2555e+04 1.3395e-03 7.7943e-01 1.2555e+04 1.6817e+01 1.9598e+00
5.5098e+01 1.2752e+04 1.4553e-03 7.8984e-01 1.2752e+04 1.8558e+01 1.9881e+00
5.5490e+01 1.2860e+04 1.5207e-03 7.9476e-01 1.2860e+04 1.9556e+01 2.0018e+00
5.5882e+01 1.2918e+04 1.5463e-03 7.9522e-01 1.2918e+04 1.9975e+01 2.0035e+00
5.6275e+01 1.2936e+04 1.5509e-03 7.9338e-01 1.2936e+04 2.0063e+01 1.9990e+00
5.6667e+01 1.2946e+04 1.5479e-03 7.9078e-01 1.2946e+04 2.0039e+01 1.9925e+00
5.7059e+01 1.2949e+04 1.5431e-03 7.8800e-01 1.2949e+04 1.9982e+01 1.9854e+00
5.7451e+01 1.2953e+04 1.5376e-03 7.8508e-01 1.2953e+04 1.9917e+01 1.9780e+00
5.7843e+01 1.2955e+04 1.5315e-03 7.8202e-01 1.2955e+04 1.9841e+01 1.9703e+00
5.8235e+01 1.2958e+04 1.5249e-03 7.7883e-01 1.2958e+04 1.9759e+01 1.9621e+00
5.8627e+01 1.2959e+04 1.5177e-03 7.7549e-01 1.2959e+04 1.9668e+01 1.9537e+00
5.9020e+01 1.2960e+04 1.5099e-03 7.7201e-01 1.2960e+04 1.9570e+01 1.9448e+00
5.9412e+01 1.2961e+04 1.5017e-03 7.6838e-01 1.2961e+04 1.9463e+01 1.9356e+00
5.9804e+01 1.2961e+04 1.4929e-03 7.6460e-01 1.2961e+04 1.9350e+01 1.9259e+00
6.0196e+01 1.2961e+04 1.4836e-03 7.6065e-01 1.2961e+04 1.9228e+01 1.9159e+00
6.0588e+01 1.2960e+04 1.4737e-03 7.5654e-01 1.2960e+04 1.9100e+01 1.9054e+00
6.0980e+01 1.2959e+04 1.4633e-03 7.5226e-01 1.2959e+04 1.8964e+01 1.8945e+00
6.1373e+01 1.2958e+04 1.4524e-03 7.4781e-01 1.2958e+04 1.8820e+01 1.8832e+00
6.1765e+01 1.2956e+04 1.4410e-03 7.4317e-01 1.2956e+04 1.8670e+01 1.8714e+00
6.2157e+01 1.2954e+04 1.4290e-03 7.3835e-01 1.2954e+04 1.8512e+01 1.8591e+00
6.2549e+01 1.2952e+04 1.4165e-03 7.3335e-01 1.2952e+04 1.8346e+01 1.8464e+00
6.2941e+01 1.2949e+04 1.4035e-03 7.2814e-01 1.2949e+04 1.8174e+01 1.8331e+00
6.3333e+01 1.2946e+04 1.3899e-03 7.2274e-01 1.2946e+04 1.7994e+01 1.8194e+00
6.3725e+01 1.2943e+04 1.3758e-03 7.1713e-01 1.2943e+04 1.7807e+01 1.8051e+00
6.4118e+01 1.2939e+04 1.3612e-03 7.1131e-01 1.2939e+04 1.7612e+01 1.7903e+00
6.4510e+01 1.2935e+04 1.3460e-03 7.0528e-01 1.2935e+04 1.7410e+01 1.7749e+00
6.4902e+01 1.2931e+04 1.3302e-03 6.9902e-01 1.2931e+04 1.7201e+01 1.7590e+00
6.5294e+01 1.2926e+04 1.3140e-03 6.9254e-01 1.2926e+04 1.6985e+01 1.7425e+00
6.5686e+01 1.2921e+04 1.2972e-03 6.8583e-01 1.2921e+04 1.6761e+01 1.7254e+00
6.6078e+01 1.2916e+04 1.2798e-03 6.7888e-01 1.2916e+04 1.6530e+01 1.7078e+00
6.6471e+01 1.2911e+04 1.2619e-03 6.7170e-01 1.2911e+04 1.6292e+01 1.6895e+00
6.6863e+01 1.2905e+04 1.2434e-03 6.6427e-01 1.2905e+04 1.6046e+01 1.6707e+00
6.7255e+01 1.2899e+04 1.2244e-03 6.5660e-01 1.2899e+04 1.5794e+01 1.6512e+00
6.7647e+01 1.2893e+04 1.2048e-03 6.4867e-01 1.2893e+04 1.5534e+01 1.6310e+00
6.8039e+01 1.2887e+04 1.1846e-03 6.4049e-01 1.2887e+04 1.5266e+01 1.6103e+00
6.8431e+01 1.2880e+04 1.1639e-03 6.3204e-01 1.2880e+04 1.4992e+01 1.5888e+00
6.8824e+01 1.2873e+04 1.1427e-03 6.2332e-01 1.2873e+04 1.4710e+01 1.5667e+00
6.9216e+01 1.2866e+04 1.1208e-03 6.1434e-01 1.2866e+04 1.4421e+01 1.5439e+00
6.9608e+01 1.2859e+04 1.0984e-03 6.0507e-01 1.2859e+04 1.4124e+01 1.5204e+00
7.0000e+01 1.2851e+04 1.0754e-03 5.9552e-01 1.2851e+04 1.3820e+01 1.4962e+00
7.0392e+01 1.2843e+04 1.0518e-03 5.8567e-01 1.2843e+04 1.3509e+01 1.4713e+00
7.0784e+01 1.2835e+04 1.0276e-03 5.7553e-01 1.2835e+04 1.3190e+01 1.4456e+00
7.1176e+01 1.2827e+04 1.0028e-03 5.6508e-01 1.2827e+04 1.2863e+01 1.4192e+00
7.1569e+01 1.2818e+04 9.7738e-04 5.5431e-01 1.2818e+04 1.2528e+01 1.3919e+00
7.1961e+01 1.2810e+04 9.5133e-04 5.4322e-01 1.2810e+04 1.2186e+01 1.3639e+00
7.2353e+01 1.2801e+04 9.2464e-04 5.3180e-01 1.2801e+04 1.1836e+01 1.3350e+00
7.2745e+01 1.2792e+04 8.9730e-04 5.2003e-01 1.2792e+04 1.1478e+01 1.3052e+00
7.3137e+01 1.2782e+04 8.6929e-04 5.0790e-01 1.2782e+04 1.1111e+01 1.2746e+00
7.3529e+01 1.2772e+04 8.4060e-04 4.9541e-01 1.2772e+04 1.0736e+01 1.2430e+00
7.3922e+01 1.2763e+04 8.1121e-04 4.8253e-01 1.2763e+04 1.0353e+01 1.2105e+00
7.4314e+01 1.2752e+04 7.8111e-04 4.6927e-01 1.2752e+04 9.9611e+00 1.1771e+00
7.4706e+01 1.2742e+04 7.5029e-04 4.5560e-01 1.2742e+04 9.5603e+00 1.1426e+00
7.5098e+01 1.2732e+04 7.1873e-04 4.4151e-01 1.2732e+04 9.1505e+00 1.1071e+00
7.5490e+01 1.2721e+04 6.8641e-04 4.2699e-01 1.2721e+04 8.7316e+00 1.0705e+00
7.5882e+01 1.2710e+04 6.5331e-04 4.1203e-01 1.2710e+04 8.3033e+00 1.0328e+00
7.6275e+01 1.2698e+04 6.1942e-04 3.9660e-01 1.2698e+04 7.8656e+00 9.9394e-01
7.6667e+01 1.2687e+04 5.8472e-04 3.8070e-01 1.2687e+04 7.4183e+00 9.5392e-01
7.7059e+01 1.2675e+04 5.4919e-04 3.6430e-01 1.2675e+04 6.9611e+00 9.1267e-01
7.7451e+01 1.2663e+04 5.1281e-04 3.4740e-01 1.2663e+04 6.4939e+00 8.7017e-01
7.7843e+01 1.2651e+04 4.7557e-04 3.2998e-01 1.2651e+04 6.0165e+00 8.2638e-01
7.8235e+01 1.2639e+04 4.3745e-04 3.1201e-01 1.2639e+04 5.5287e+00 7.8124e-01
7.8627e+01 1.2626e+04 3.9842e-04 2.9349e-01 1.2626e+04 5.0304e+00 7.3472e-01
7.9020e+01 1.2613e+04 3.5846e-04 2.7438e-01 1.2613e+04 4.5212e+00 6.8677e-01
7.9412e+01 1.2600e+04 3.1756e-04 2.5469e-01 1.2600e+04 4.0012e+00 6.3735e-01
7.9804e+01 1.2586e+04 2.7574e-04 2.3439e-01 1.2586e+04 3.4706e+00 5.8646e-01
8.0196e+01 1.2573e+04 2.3310e-04 2.1355e-01 1.2573e+04 2.9307e+00 5.3421e-01
8.0588e+01 1.2559e+04 1.9002e-04 1.9232e-01 1.2559e+04 2.3865e+00 4.8103e-01
8.0980e+01 1.2546e+04 1.4740e-04 1.7119e-01 1.2546e+04 1.8493e+00 4.2811e-01
8.1373e+01 1.2533e+04 1.0705e-04 1.5112e-01 1.2533e+04 1.3417e+00 3.7788e-01
8.1765e+01 1.2522e+04 7.1561e-05 1.3356e-01 1.2522e+04 8.9612e-01 3.3393e-01
8.2157e+01 1.2514e+04 4.3480e-05 1.1990e-01 1.2514e+04 5.4410e-01 2.9977e-01
8.2549e+01 1.2508e+04 2.3955e-05 1.1068e-01 1.2508e+04 2.9962e-01 2.7670e-01
8.2941e+01 1.2504e+04 1.2094e-05 1.0527e-01 1.2504e+04 1.5123e-01 2.6317e-01
8.3333e+01 1.2502e+04 5.7119e-06 1.0245e-01 1.2502e+04 7.1409e-02 2.5612e-01
8.3725e+01 1.2501e+04 2.5817e-06 1.0110e-01 1.2501e+04 3.2274e-02 2.5274e-01
8.4118e+01 1.2500e+04 1.1375e-06 1.0048e-01 1.2500e+04 1.4220e-02 2.5120e-01
8.4510e+01 1.2500e+04 4.9430e-07 1.0021e-01 1.2500e+04 6.1789e-03 2.5052e-01
8.4902e+01 1.2500e+04 2.1316e-07 1.0009e-01 1.2500e+04 2.6646e-03 2.5023e-01
8.5294e+01 1.2500e+04 9.1501e-08 1.0004e-01 1.2500e+04 1.1438e-03 2.5010e-01
8.5686e+01 1.2500e+04 3.9150e-08 1.0002e-01 1.2500e+04 4.8937e-04 2.5004e-01
8.6078e+01 1.2500e+04 1.6706e-08 1.0001e-01 1.2500e+04 2.0883e-04 2.5002e-01
8.6471e+01 1.2500e+04 7.1119e-09 1.0000e-01 1.2500e+04 8.8899e-05 2.5001e-01
8.6863e+01 1.2500e+04 3.0206e-09 1.0000e-01 1.2500e+04 3.7757e-05 2.5000e-01
8.7255e+01 1.2500e+04 1.2800e-09 1.0000e-01 1.2500e+04 1.6000e-05 2.5000e-01
8.7647e+01 1.2500e+04 5.4119e-10 1.0000e-01 1.2500e+04 6.7649e-06 2.5000e-01
8.8039e+01 1.2500e+04 2.2830e-10 1.0000e-01 1.2500e+04 2.8538e-06 2.5000e-01
8.8431e+01 1.2500e+04 9.6090e-11 1.0000e-01 1.2500e+04 1.2011e-06 2.5000e-01
8.8824e+01 1.2500e+04 4.0351e-11 1.0000e-01 1.2500e+04 5.0439e-07 2.5000e-01
8.9216e+01 1.2500e+04 1.6906e-11 1.0000e-01 1.2500e+04 2.1132e-07 2.5000e-01
8.9608e+01 1.2500e+04 7.0667e-12 1.0000e-01 1.2500e+04 8.8333e-08 2.5000e-01
9.0000e+01 1.2500e+04 2.9470e-12 1.0000e-01 1.2500e+04 3.6838e-08 2.5000e-01
9.0392e+01 1.2500e+04 1.2261e-12 1.0000e-01 1.2500e+04 1.5327e-08 2.5000e-01
9.0784e+01 1.2500e+04 5.0895e-13 1.0000e-01 1.2500e+04 6.3619e-09 2.5000e-01
9.1176e+01 1.2500e+04 2.1076e-13 1.0000e-01 1.2500e+04 2.6345e-09 2.5000e-01
9.1569e+01 1.2500e+04 8.7068e-14 1.0000e-01 1.2500e+04 1.0883e-09 2.5000e-01
9.1961e+01 1.2500e+04 3.5882e-14 1.0000e-01 1.2500e+04 4.4853e-10 2.5000e-01
9.2353e+01 1.2500e+04 1.4751e-14 1.0000e-01 1.2500e+04 1.8439e-10 2.5000e-01
9.2745e+01 1.2500e+04 6.0482e-15 1.0000e-01 1.2500e+04 7.5603e-11 2.5000e-01
9.3137e+01 1.2500e+04 2.4725e-15 1.0000e-01 1.2500e+04 3.0906e-11 2.5000e-01
9.3529e+01 1.2500e+04 1.0070e-15 1.0000e-01 1.2500e+04 1.2588e-11 2.5000e-01
9.3922e+01 1.2500e+04 4.0793e-16 1.0000e-01 1.2500e+04 5.0991e-12 2.5000e-01
9.4314e+01 1.2500e+04 1.6342e-16 1.0000e-01 1.2500e+04 2.0428e-12 2.5000e-01
9.4706e+01 1.2500e+04 6.4026e-17 1.0000e-01 1.2500e+04 8.0033e-13 2.5000e-01
9.5098e+01 1.2500e+04 2.4010e-17 1.0000e-01 1.2500e+04 3.0012e-13 2.5000e-01
9.5490e+01 1.2500e+04 8.0518e-18 1.0000e-01 1.2500e+04 1.0065e-13 2.5000e-01
9.5882e+01 1.2500e+04 1.8617e-18 1.0000e-01 1.2500e+04 2.3271e-14 2.5000e-01
9.6275e+01 1.2500e+04 5.2658e-20 1.0000e-01 1.2500e+04 6.5822e-16 2.5000e-01
9.6667e+01 1.2500e+04 0.0000e+00 1.0000e-01 1.2500e+04 0.0000e+00 2.5000e-01
9.7059e+01 1.2500e+04 0.0000e+00 1.0000e-01 1.2500e+04 0.0000e+00 2.5000e-01
9.7451e+01 1.2500e+04 0.0000e+00 1.0000e-01 1.2500e+04 0.0000e+00 2.5000e-01
9.7843e+01 1.2500e+04 0.0000e+00 1.0000e-01 1.2500e+04 0.0000e+00 2.5000e-01
9.8235e+01 1.2500e+04 0.0000e+00 1.0000e-01 1.2500e+04 0.0000e+00 2.5000e-01
9.8627e+01 1.2500e+04 0.0000e+00 1.0000e-01 1.2500e+04 0.0000e+00 2.5000e-01
9.9020e+01 1.2500e+04 0.0000e+00 1.0000e-01 1.2500e+04 0.0000e+00 2.5000e-01
9.9412e+01 1.2500e+04 0.0000e+00 1.0000e-01 1.2500e+04 0.0000e+00 2.5000e-01
9.9804e+01 1.2500e+04 0.0000e+00 1.0000e-01 1.2500e+04 0.0000e+00 2.5000e-01
