# # x Density Velocity Pressure q0 q1 q2
1.9608e-01 1.0000e+05 0.0000e+00 1.0000e+00 1.0000e+05 0.0000e+00 2.5000e+00
5.8824e-01 1.0000e+05 0.0000e+00 1.0000e+00 1.0000e+05 0.0000e+00 2.5000e+00
9.8039e-01 1.0000e+05 0.0000e+00 1.0000e+00 1.0000e+05 0.0000e+00 2.5000e+00
1.3725e+00 1.0000e+05 0.0000e+00 1.0000e+00 1.0000e+05 0.0000e+00 2.5000e+00
1.7647e+00 1.0000e+05 0.0000e+00 1.0000e+00 1.0000e+05 0.0000e+00 2.5000e+00
2.1569e+00 1.0000e+05 0.0000e+00 1.0000e+00 1.0000e+05 0.0000e+00 2.5000e+00
2.5490e+00 1.0000e+05 0.0000e+00 1.0000e+00 1.0000e+05 0.0000e+00 2.5000e+00
2.9412e+00 1.0000e+05 0.0000e+00 1.0000e+00 1.0000e+05 0.0000e+00 2.5000e+00
3.3333e+00 1.0000e+05 0.0000e+00 1.0000e+00 1.0000e+05 0.0000e+00 2.5000e+00
3.7255e+00 1.0000e+05 0.0000e+00 1.0000e+00 1.0000e+05 0.0000e+00 2.5000e+00
4.1176e+00 1.0000e+05 0.0000e+00 1.0000e+00 1.0000e+05 0.0000e+00 2.5000e+00
4.5098e+00 1.0000e+05 0.0000e+00 1.0000e+00 1.0000e+05 0.0000e+00 2.5000e+00
4.9020e+00 1.0000e+05 0.0000e+00 1.0000e+00 1.0000e+05 0.0000e+00 2.5000e+00
5.2941e+00 1.0000e+05 0.0000e+00 1.0000e+00 1.0000e+05 0.0000e+00 2.5000e+00
5.6863e+00 1.0000e+05 0.0000e+00 1.0000e+00 1.0000e+05 0.0000e+00 2.5000e+00
6.0784e+00 1.0000e+05 0.0000e+00 1.0000e+00 1.0000e+05 0.0000e+00 2.5000e+00
6.4706e+00 1.0000e+05 0.0000e+00 1.0000e+00 1.0000e+05 0.0000e+00 2.5000e+00
6.8627e+00 1.0000e+05 0.0000e+00 1.0000e+00 1.0000e+05 0.0000e+00 2.5000e+00
7.2549e+00 1.0000e+05 0.0000e+00 1.0000e+00 1.0000e+05 0.0000e+00 2.5000e+00
7.6471e+00 1.0000e+05 2.6782e-19 1.0000e+00 1.0000e+05 2.6782e-14 2.5000e+00
8.0392e+00 1.0000e+05 1.6808e-18 1.0000e+00 1.0000e+05 1.6808e-13 2.5000e+00
8.4314e+00 1.0000e+05 4.9153e-18 1.0000e+00 1.0000e+05 4.9153e-13 2.5000e+00
8.8235e+00 1.0000e+05 9.9761e-18 1.0000e+00 1.0000e+05 9.9761e-13 2.5000e+00
9.2157e+00 1.0000e+05 1.6948e-17 1.0000e+00 1.0000e+05 1.6948e-12 2.5000e+00
9.6078e+00 1.0000e+05 2.7145e-17 1.0000e+00 1.0000e+05 2.7145e-12 2.5000e+00
1.0000e+01 1.0000e+05 4.3264e-17 1.0000e+00 1.0000e+05 4.3264e-12 2.5000e+00
1.0392e+01 1.0000e+05 6.9008e-17 1.0000e+00 1.0000e+05 6.9008e-12 2.5000e+00
1.0784e+01 1.0000e+05 1.1211e-16 1.0000e+00 1.0000e+05 1.1211e-11 2.5000e+00
1.1176e+01 1.0000e+05 1.8499e-16 1.0000e+00 1.0000e+05 1.8499e-11 2.5000e+00
1.1569e+01 1.0000e+05 3.0868e-16 1.0000e+00 1.0000e+05 3.0868e-11 2.5000e+00
1.1961e+01 1.0000e+05 5.1859e-16 1.0000e+00 1.0000e+05 5.1859e-11 2.5000e+00
1.2353e+01 1.0000e+05 8.7327e-16 1.0000e+00 1.0000e+05 8.7327e-11 2.5000e+00
1.2745e+01 1.0000e+05 1.4694e-15 1.0000e+00 1.0000e+05 1.4694e-10 2.5000e+00
1.3137e+01 1.0000e+05 2.4665e-15 1.0000e+00 1.0000e+05 2.4665e-10 2.5000e+00
1.3529e+01 1.0000e+05 4.1255e-15 1.0000e+00 1.0000e+05 4.1255e-10 2.5000e+00
1.3922e+01 1.0000e+05 6.8706e-15 1.0000e+00 1.0000e+05 6.8706e-10 2.5000e+00
1.4314e+01 1.0000e+05 1.1388e-14 1.0000e+00 1.0000e+05 1.1388e-09 2.5000e+00
1.4706e+01 1.0000e+05 1.8784e-14 1.0000e+00 1.0000e+05 1.8784e-09 2.5000e+00
1.5098e+01 1.0000e+05 3.0825e-14 1.0000e+00 1.0000e+05 3.0825e-09 2.5000e+00
1.5490e+01 1.0000e+05 5.0327e-14 1.0000e+00 1.0000e+05 5.0327e-09 2.5000e+00
1.5882e+01 1.0000e+05 8.1741e-14 1.0000e+00 1.0000e+05 8.1741e-09 2.5000e+00
1.6275e+01 1.0000e+05 1.3208e-13 1.0000e+00 1.0000e+05 1.3208e-08 2.5000e+00
1.6667e+01 1.0000e+05 2.1229e-13 1.0000e+00 1.0000e+05 2.1229e-08 2.5000e+00
1.7059e+01 1.0000e+05 3.3945e-13 1.0000e+00 1.0000e+05 3.3945e-08 2.5000e+00
1.7451e+01 1.0000e+05 5.3993e-13 1.0000e+00 1.0000e+05 5.3993e-08 2.5000e+00
1.7843e+01 1.0000e+05 8.5429e-13 1.0000e+00 1.0000e+05 8.5429e-08 2.5000e+00
1.8235e+01 1.0000e+05 1.3446e-12 1.0000e+00 1.0000e+05 1.3446e-07 2.5000e+00
1.8627e+01 1.0000e+05 2.1051e-12 1.0000e+00 1.0000e+05 2.1051e-07 2.5000e+00
1.9020e+01 1.0000e+05 3.2784e-12 1.0000e+00 1.0000e+05 3.2784e-07 2.5000e+00
1.9412e+01 1.0000e+05 5.0785e-12 1.0000e+00 1.0000e+05 5.0785e-07 2.5000e+00
1.9804e+01 1.0000e+05 7.8255e-12 1.0000e+00 1.0000e+05 7.8255e-07 2.5000e+00
2.0196e+01 1.0000e+05 1.1994e-11 1.0000e+00 1.0000e+05 1.1994e-06 2.5000e+00
2.0588e+01 1.0000e+05 1.8286e-11 1.0000e+00 1.0000e+05 1.8286e-06 2.5000e+00
2.0980e+01 1.0000e+05 2.7730e-11 1.0000e+00 1.0000e+05 2.7730e-06 2.5000e+00
2.1373e+01 1.0000e+05 4.1827e-11 1.0000e+00 1.0000e+05 4.1827e-06 2.5000e+00
2.1765e+01 1.0000e+05 6.2753e-11 1.0000e+00 1.0000e+05 6.2753e-06 2.5000e+00
2.2157e+01 1.0000e+05 9.3646e-11 1.0000e+00 1.0000e+05 9.3646e-06 2.5000e+00
2.2549e+01 1.0000e+05 1.3900e-10 1.0000e+00 1.0000e+05 1.3900e-05 2.5000e+00
2.2941e+01 1.0000e+05 2.0521e-10 1.0000e+00 1.0000e+05 2.0521e-05 2.5000e+00
2.3333e+01 1.0000e+05 3.0133e-10 1.0000e+00 1.0000e+05 3.0133e-05 2.5000e+00
2.3725e+01 1.0000e+05 4.4010e-10 1.0000e+00 1.0000e+05 4.4010e-05 2.5000e+00
2.4118e+01 1.0000e+05 6.3931e-10 1.0000e+00 1.0000e+05 6.3931e-05 2.5000e+00
2.4510e+01 1.0000e+05 9.2370e-10 1.0000e+00 1.0000e+05 9.2370e-05 2.5000e+00
2.4902e+01 1.0000e+05 1.3274e-09 1.0000e+00 1.0000e+05 1.3274e-04 2.5000e+00
2.5294e+01 1.0000e+05 1.8972e-09 1.0000e+00 1.0000e+05 1.8972e-04 2.5000e+00
2.5686e+01 1.0000e+05 2.6970e-09 9.9999e-01 1.0000e+05 2.6970e-04 2.5000e+00
2.6078e+01 1.0000e+05 3.8133e-09 9.9999e-01 1.0000e+05 3.8133e-04 2.5000e+00
2.6471e+01 1.0000e+05 5.3624e-09 9.9999e-01 1.0000e+05 5.3624e-04 2.5000e+00
2.6863e+01 1.0000e+05 7.5000e-09 9.9998e-01 1.0000e+05 7.5000e-04 2.5000e+00
2.7255e+01 1.0000e+05 1.0433e-08 9.9998e-01 1.0000e+05 1.0433e-03 2.4999e+00
2.7647e+01 1.0000e+05 1.4434e-08 9.9997e-01 1.0000e+05 1.4434e-03 2.4999e+00
2.8039e+01 1.0000e+05 1.9862e-08 9.9996e-01 1.0000e+05 1.9862e-03 2.4999e+00
2.8431e+01 1.0000e+05 2.7182e-08 9.9995e-01 1.0000e+05 2.7182e-03 2.4999e+00
2.8824e+01 1.0000e+05 3.6999e-08 9.9993e-01 1.0000e+05 3.6999e-03 2.4998e+00
2.9216e+01 1.0000e+05 5.0089e-08 9.9990e-01 1.0000e+05 5.0089e-03 2.4998e+00
2.9608e+01 1.0000e+05 6.7443e-08 9.9987e-01 1.0000e+05 6.7443e-03 2.4997e+00
3.0000e+01 1.0000e+05 9.0319e-08 9.9983e-01 1.0000e+05 9.0318e-03 2.4996e+00
3.0392e+01 9.9999e+04 1.2030e-07 9.9977e-01 9.9999e+04 1.2030e-02 2.4994e+00
3.0784e+01 9.9999e+04 1.5937e-07 9.9971e-01 9.9999e+04 1.5937e-02 2.4993e+00
3.1176e+01 9.9999e+04 2.0998e-07 9.9962e-01 9.9999e+04 2.0998e-02 2.4990e+00
3.1569e+01 9.9998e+04 2.7518e-07 9.9951e-01 9.9998e+04 2.7518e-02 2.4988e+00
3.1961e+01 9.9998e+04 3.5869e-07 9.9937e-01 9.9998e+04 3.5869e-02 2.4984e+00
3.2353e+01 9.9997e+04 4.6504e-07 9.9920e-01 9.9997e+04 4.6502e-02 2.4980e+00
3.2745e+01 9.9996e+04 5.9968e-07 9.9898e-01 9.9996e+04 5.9966e-02 2.4975e+00
3.3137e+01 9.9995e+04 7.6918e-07 9.9872e-01 9.9995e+04 7.6914e-02 2.4968e+00
3.3529e+01 9.9994e+04 9.8134e-07 9.9839e-01 9.9994e+04 9.8128e-02 2.4960e+00
3.3922e+01 9.9992e+04 1.2454e-06 9.9799e-01 9.9992e+04 1.2453e-01 2.4950e+00
3.4314e+01 9.9990e+04 1.5721e-06 9.9751e-01 9.9990e+04 1.5719e-01 2.4938e+00
3.4706e+01 9.9988e+04 1.9741e-06 9.9693e-01 9.9988e+04 1.9738e-01 2.4923e+00
3.5098e+01 9.9984e+04 2.4658e-06 9.9623e-01 9.9984e+04 2.4655e-01 2.4906e+00
3.5490e+01 9.9980e+04 3.0641e-06 9.9541e-01 9.9980e+04 3.0635e-01 2.4885e+00
3.5882e+01 9.9975e+04 3.7877e-06 9.9443e-01 9.9975e+04 3.7867e-01 2.4861e+00
3.6275e+01 9.9969e+04 4.6580e-06 9.9328e-01 9.9969e+04 4.6566e-01 2.4832e+00
3.6667e+01 9.9961e+04 5.6990e-06 9.9193e-01 9.9961e+04 5.6968e-01 2.4798e+00
3.7059e+01 9.9952e+04 6.9372e-06 9.9037e-01 9.9952e+04 6.9339e-01 2.4759e+00
3.7451e+01 9.9940e+04 8.4018e-06 9.8856e-01 9.9940e+04 8.3967e-01 2.4714e+00
3.7843e+01 9.9927e+04 1.0124e-05 9.8649e-01 9.9927e+04 1.0117e+00 2.4662e+00
3.8235e+01 9.9911e+04 1.2140e-05 9.8413e-01 9.9911e+04 1.2129e+00 2.4603e+00
3.8627e+01 9.9892e+04 1.4485e-05 9.8145e-01 9.9892e+04 1.4469e+00 2.4536e+00
3.9020e+01 9.9869e+04 1.7199e-05 9.7843e-01 9.9869e+04 1.7176e+00 2.4461e+00
3.9412e+01 9.9843e+04 2.0322e-05 9.7505e-01 9.9843e+04 2.0290e+00 2.4376e+00
3.9804e+01 9.9811e+04 2.3899e-05 9.7128e-01 9.9811e+04 2.3854e+00 2.4282e+00
4.0196e+01 9.9775e+04 2.7972e-05 9.6710e-01 9.9775e+04 2.7909e+00 2.4178e+00
4.0588e+01 9.9733e+04 3.2588e-05 9.6250e-01 9.9733e+04 3.2501e+00 2.4063e+00
4.0980e+01 9.9685e+04 3.7791e-05 9.5747e-01 9.9685e+04 3.7672e+00 2.3937e+00
4.1373e+01 9.9629e+04 4.3626e-05 9.5198e-01 9.9629e+04 4.3465e+00 2.3801e+00
4.1765e+01 9.9566e+04 5.0138e-05 9.4605e-01 9.9566e+04 4.9920e+00 2.3653e+00
4.2157e+01 9.9494e+04 5.7368e-05 9.3967e-01 9.9494e+04 5.7078e+00 2.3493e+00
4.2549e+01 9.9412e+04 6.5358e-05 9.3283e-01 9.9412e+04 6.4973e+00 2.3323e+00
4.2941e+01 9.9320e+04 7.4143e-05 9.2556e-01 9.9320e+04 7.3639e+00 2.3142e+00
4.3333e+01 9.9217e+04 8.3757e-05 9.1786e-01 9.9217e+04 8.3101e+00 2.2950e+00
4.3725e+01 9.9102e+04 9.4230e-05 9.0976e-01 9.9102e+04 9.3384e+00 2.2748e+00
4.4118e+01 9.8974e+04 1.0558e-04 9.0127e-01 9.8974e+04 1.0450e+01 2.2537e+00
4.4510e+01 9.8833e+04 1.1784e-04 8.9244e-01 9.8833e+04 1.1647e+01 2.2318e+00
4.4902e+01 9.8676e+04 1.3098e-04 8.8328e-01 9.8676e+04 1.2924e+01 2.2090e+00
4.5294e+01 9.8509e+04 1.4519e-04 8.7390e-01 9.8509e+04 1.4303e+01 2.1858e+00
4.5686e+01 9.8308e+04 1.5970e-04 8.6408e-01 9.8308e+04 1.5700e+01 2.1615e+00
4.6078e+01 9.8150e+04 1.7725e-04 8.5482e-01 9.8150e+04 1.7397e+01 2.1386e+00
4.6471e+01 9.7791e+04 1.8911e-04 8.4317e-01 9.7791e+04 1.8494e+01 2.1097e+00
4.6863e+01 9.7917e+04 2.1966e-04 8.3751e-01 9.7917e+04 2.1508e+01 2.0961e+00
4.7255e+01 9.6838e+04 2.0898e-04 8.1766e-01 9.6838e+04 2.0238e+01 2.0463e+00
4.7647e+01 9.8108e+04 2.8221e-04 8.2574e-01 9.8108e+04 2.7687e+01 2.0683e+00
4.8039e+01 9.5510e+04 2.2141e-04 7.8911e-01 9.5510e+04 2.1147e+01 1.9751e+00
4.8431e+01 9.7733e+04 3.3018e-04 8.0834e-01 9.7733e+04 3.2269e+01 2.0262e+00
4.8824e+01 9.5745e+04 2.8998e-04 7.7877e-01 9.5745e+04 2.7764e+01 1.9510e+00
4.9216e+01 9.3389e+04 3.3465e-04 7.7699e-01 9.3389e+04 3.1252e+01 1.9477e+00
4.9608e+01 1.1586e+05 3.4734e-04 7.6451e-01 1.1586e+05 4.0243e+01 1.9183e+00
5.0000e+01 2.8775e+04 3.6824e-04 7.6138e-01 2.8775e+04 1.0596e+01 1.9054e+00
5.0392e+01 1.1449e+04 4.0612e-04 7.5940e-01 1.1449e+04 4.6495e+00 1.8994e+00
5.0784e+01 9.6092e+03 5.6498e-04 7.6411e-01 9.6092e+03 5.4290e+00 1.9118e+00
5.1176e+01 1.0106e+04 6.5146e-04 7.6037e-01 1.0106e+04 6.5834e+00 1.9031e+00
5.1569e+01 1.0497e+04 6.9085e-04 7.5412e-01 1.0497e+04 7.2522e+00 1.8878e+00
5.1961e+01 1.1077e+04 8.1334e-04 7.5845e-01 1.1077e+04 9.0089e+00 1.8998e+00
5.2353e+01 1.1441e+04 9.5811e-04 7.6727e-01 1.1441e+04 1.0962e+01 1.9234e+00
5.2745e+01 1.1743e+04 1.0243e-03 7.6878e-01 1.1743e+04 1.2028e+01 1.9281e+00
5.3137e+01 1.1809e+04 1.0138e-03 7.6278e-01 1.1809e+04 1.1972e+01 1.9130e+00
5.3529e+01 1.1903e+04 9.8798e-04 7.5317e-01 1.1903e+04 1.1760e+01 1.8887e+00
5.3922e+01 1.2007e+04 1.0204e-03 7.5122e-01 1.2007e+04 1.2252e+01 1.8843e+00
5.4314e+01 1.2232e+04 1.1366e-03 7.5973e-01 1.2232e+04 1.3904e+01 1.9072e+00
5.4706e+01 1.2467e+04 1.2884e-03 7.7331e-01 1.2467e+04 1.6062e+01 1.9436e+00
5.5098e+01 1.2687e+04 1.4200e-03 7.8538e-01 1.2687e+04 1.8015e+01 1.9762e+00
5.5490e+01 1.2823e+04 1.5051e-03 7.9255e-01 1.2823e+04 1.9300e+01 1.9959e+00
5.5882e+01 1.2903e+04 1.5453e-03 7.9472e-01 1.2903e+04 1.9940e+01 2.0022e+00
5.6275e+01 1.2933e+04 1.5573e-03 7.9375e-01 1.2933e+04 2.0141e+01 2.0000e+00
5.6667e+01 1.2947e+04 1.5568e-03 7.9143e-01 1.2947e+04 2.0156e+01 1.9943e+00
5.7059e+01 1.2951e+04 1.5527e-03 7.8880e-01 1.2951e+04 2.0110e+01 1.9876e+00
5.7451e+01 1.2956e+04 1.5477e-03 7.8601e-01 1.2956e+04 2.0052e+01 1.9805e+00
5.7843e+01 1.2958e+04 1.5421e-03 7.8311e-01 1.2958e+04 1.9983e+01 1.9732e+00
5.8235e+01 1.2961e+04 1.5359e-03 7.8007e-01 1.2961e+04 1.9908e+01 1.9655e+00
5.8627e+01 1.2963e+04 1.5292e-03 7.7690e-01 1.2963e+04 1.9824e+01 1.9574e+00
5.9020e+01 1.2965e+04 1.5220e-03 7.7360e-01 1.2965e+04 1.9732e+01 1.9490e+00
5.9412e+01 1.2966e+04 1.5143e-03 7.7016e-01 1.2966e+04 1.9633e+01 1.9403e+00
5.9804e+01 1.2966e+04 1.5060e-03 7.6657e-01 1.2966e+04 1.9527e+01 1.9311e+00
6.0196e+01 1.2966e+04 1.4972e-03 7.6283e-01 1.2966e+04 1.9413e+01 1.9216e+00
6.0588e+01 1.2966e+04 1.4879e-03 7.5893e-01 1.2966e+04 1.9293e+01 1.9117e+00
6.0980e+01 1.2965e+04 1.4781e-03 7.5488e-01 1.2965e+04 1.9165e+01 1.9014e+00
6.1373e+01 1.2964e+04 1.4678e-03 7.5066e-01 1.2964e+04 1.9029e+01 1.8906e+00
6.1765e+01 1.2963e+04 1.4570e-03 7.4627e-01 1.2963e+04 1.8887e+01 1.8794e+00
6.2157e+01 1.2961e+04 1.4457e-03 7.4171e-01 1.2961e+04 1.8738e+01 1.8678e+00
6.2549e+01 1.2959e+04 1.4338e-03 7.3697e-01 1.2959e+04 1.8581e+01 1.8558e+00
6.2941e+01 1.2957e+04 1.4215e-03 7.3205e-01 1.2957e+04 1.8417e+01 1.8432e+00
6.3333e+01 1.2954e+04 1.4086e-03 7.2694e-01 1.2954e+04 1.8247e+01 1.8302e+00
6.3725e+01 1.2951e+04 1.3952e-03 7.2163e-01 1.2951e+04 1.8069e+01 1.8167e+00
6.4118e+01 1.2947e+04 1.3813e-03 7.1613e-01 1.2947e+04 1.7884e+01 1.8027e+00
6.4510e+01 1.2944e+04 1.3668e-03 7.1042e-01 1.2944e+04 1.7692e+01 1.7881e+00
6.4902e+01 1.2940e+04 1.3518e-03 7.0450e-01 1.2940e+04 1.7492e+01 1.7731e+00
6.5294e+01 1.2935e+04 1.3363e-03 6.9837e-01 1.2935e+04 1.7286e+01 1.7575e+00
6.5686e+01 1.2931e+04 1.3203e-03 6.9202e-01 1.2931e+04 1.7073e+01 1.7413e+00
6.6078e+01 1.2926e+04 1.3037e-03 6.8545e-01 1.2926e+04 1.6852e+01 1.7246e+00
6.6471e+01 1.2921e+04 1.2866e-03 6.7865e-01 1.2921e+04 1.6625e+01 1.7073e+00
6.6863e+01 1.2916e+04 1.2690e-03 6.7162e-01 1.2916e+04 1.6390e+01 1.6895e+00
6.7255e+01 1.2910e+04 1.2508e-03 6.6436e-01 1.2910e+04 1.6148e+01 1.6710e+00
6.7647e+01 1.2904e+04 1.2321e-03 6.5685e-01 1.2904e+04 1.5899e+01 1.6519e+00
6.8039e+01 1.2898e+04 1.2128e-03 6.4910e-01 1.2898e+04 1.5643e+01 1.6322e+00
6.8431e+01 1.2892e+04 1.1930e-03 6.4110e-01 1.2892e+04 1.5380e+01 1.6119e+00
6.8824e+01 1.2885e+04 1.1726e-03 6.3284e-01 1.2885e+04 1.5110e+01 1.5910e+00
6.9216e+01 1.2879e+04 1.1517e-03 6.2433e-01 1.2879e+04 1.4832e+01 1.5694e+00
6.9608e+01 1.2871e+04 1.1302e-03 6.1555e-01 1.2871e+04 1.4548e+01 1.5471e+00
7.0000e+01 1.2864e+04 1.1082e-03 6.0650e-01 1.2864e+04 1.4256e+01 1.5241e+00
7.0392e+01 1.2857e+04 1.0856e-03 5.9717e-01 1.2857e+04 1.3957e+01 1.5005e+00
7.0784e+01 1.2849e+04 1.0624e-03 5.8757e-01 1.2849e+04 1.3651e+01 1.4762e+00
7.1176e+01 1.2841e+04 1.0386e-03 5.7767e-01 1.2841e+04 1.3337e+01 1.4511e+00
7.1569e+01 1.2833e+04 1.0143e-03 5.6748e-01 1.2833e+04 1.3016e+01 1.4253e+00
7.1961e+01 1.2824e+04 9.8932e-04 5.5698e-01 1.2824e+04 1.2687e+01 1.3987e+00
7.2353e+01 1.2816e+04 9.6376e-04 5.4617e-01 1.2816e+04 1.2351e+01 1.3714e+00
7.2745e+01 1.2807e+04 9.3758e-04 5.3504e-01 1.2807e+04 1.2007e+01 1.3432e+00
7.3137e+01 1.2798e+04 9.1076e-04 5.2359e-01 1.2798e+04 1.1656e+01 1.3143e+00
7.3529e+01 1.2789e+04 8.8331e-04 5.1179e-01 1.2789e+04 1.1296e+01 1.2845e+00
7.3922e+01 1.2779e+04 8.5519e-04 4.9964e-01 1.2779e+04 1.0928e+01 1.2538e+00
7.4314e+01 1.2769e+04 8.2641e-04 4.8712e-01 1.2769e+04 1.0553e+01 1.2222e+00
7.4706e+01 1.2759e+04 7.9694e-04 4.7424e-01 1.2759e+04 1.0168e+01 1.1896e+00
7.5098e+01 1.2749e+04 7.6678e-04 4.6097e-01 1.2749e+04 9.7758e+00 1.1562e+00
7.5490e+01 1.2739e+04 7.3590e-04 4.4730e-01 1.2739e+04 9.3744e+00 1.1217e+00
7.5882e+01 1.2728e+04 7.0430e-04 4.3322e-01 1.2728e+04 8.9643e+00 1.0862e+00
7.6275e+01 1.2717e+04 6.7195e-04 4.1872e-01 1.2717e+04 8.5453e+00 1.0497e+00
7.6667e+01 1.2706e+04 6.3884e-04 4.0378e-01 1.2706e+04 8.1172e+00 1.0120e+00
7.7059e+01 1.2695e+04 6.0496e-04 3.8839e-01 1.2695e+04 7.6798e+00 9.7330e-01
7.7451e+01 1.2683e+04 5.7028e-04 3.7253e-01 1.2683e+04 7.2330e+00 9.3340e-01
7.7843e+01 1.2671e+04 5.3479e-04 3.5620e-01 1.2671e+04 6.7766e+00 8.9231e-01
7.8235e+01 1.2659e+04 4.9847e-04 3.3937e-01 1.2659e+04 6.3104e+00 8.4999e-01
7.8627e+01 1.2647e+04 4.6131e-04 3.2202e-01 1.2647e+04 5.8343e+00 8.0640e-01
7.9020e+01 1.2635e+04 4.2328e-04 3.0415e-01 1.2635e+04 5.3480e+00 7.6151e-01
7.9412e+01 1.2622e+04 3.8437e-04 2.8573e-01 1.2622e+04 4.8515e+00 7.1527e-01
7.9804e+01 1.2609e+04 3.4455e-04 2.6675e-01 1.2609e+04 4.3444e+00 6.6763e-01
8.0196e+01 1.2596e+04 3.0381e-04 2.4720e-01 1.2596e+04 3.8268e+00 6.1858e-01
8.0588e+01 1.2583e+04 2.6220e-04 2.2707e-01 1.2583e+04 3.2992e+00 5.6812e-01
8.0980e+01 1.2569e+04 2.1987e-04 2.0645e-01 1.2569e+04 2.7636e+00 5.1642e-01
8.1373e+01 1.2556e+04 1.7729e-04 1.8555e-01 1.2556e+04 2.2260e+00 4.6407e-01
8.1765e+01 1.2542e+04 1.3556e-04 1.6495e-01 1.2542e+04 1.7002e+00 4.1248e-01
8.2157e+01 1.2530e+04 9.6662e-05 1.4572e-01 1.2530e+04 1.2112e+00 3.6436e-01
8.2549e+01 1.2520e+04 6.3249e-05 1.2934e-01 1.2520e+04 7.9188e-01 3.2336e-01
8.2941e+01 1.2512e+04 3.7584e-05 1.1700e-01 1.2512e+04 4.7026e-01 2.9251e-01
8.3333e+01 1.2507e+04 2.0298e-05 1.0895e-01 1.2507e+04 2.5386e-01 2.7237e-01
8.3725e+01 1.2503e+04 1.0098e-05 1.0436e-01 1.2503e+04 1.2626e-01 2.6089e-01
8.4118e+01 1.2502e+04 4.7282e-06 1.0201e-01 1.2502e+04 5.9110e-02 2.5503e-01
8.4510e+01 1.2501e+04 2.1302e-06 1.0090e-01 1.2501e+04 2.6629e-02 2.5225e-01
8.4902e+01 1.2500e+04 9.3890e-07 1.0040e-01 1.2500e+04 1.1737e-02 2.5099e-01
8.5294e+01 1.2500e+04 4.0892e-07 1.0017e-01 1.2500e+04 5.1116e-03 2.5043e-01
8.5686e+01 1.2500e+04 1.7692e-07 1.0007e-01 1.2500e+04 2.2115e-03 2.5019e-01
8.6078e+01 1.2500e+04 7.6230e-08 1.0003e-01 1.2500e+04 9.5287e-04 2.5008e-01
8.6471e+01 1.2500e+04 3.2746e-08 1.0001e-01 1.2500e+04 4.0932e-04 2.5003e-01
8.6863e+01 1.2500e+04 1.4031e-08 1.0001e-01 1.2500e+04 1.7539e-04 2.5001e-01
8.7255e+01 1.2500e+04 5.9982e-09 1.0000e-01 1.2500e+04 7.4978e-05 2.5001e-01
8.7647e+01 1.2500e+04 2.5585e-09 1.0000e-01 1.2500e+04 3.1981e-05 2.5000e-01
8.8039e+01 1.2500e+04 1.0889e-09 1.0000e-01 1.2500e+04 1.3611e-05 2.5000e-01
8.8431e+01 1.2500e+04 4.6240e-10 1.0000e-01 1.2500e+04 5.7800e-06 2.5000e-01
8.8824e+01 1.2500e+04 1.9593e-10 1.0000e-01 1.2500e+04 2.4491e-06 2.5000e-01
8.9216e+01 1.2500e+04 8.2836e-11 1.0000e-01 1.2500e+04 1.0355e-06 2.5000e-01
8.9608e+01 1.2500e+04 3.4944e-11 1.0000e-01 1.2500e+04 4.3680e-07 2.5000e-01
9.0000e+01 1.2500e+04 1.4708e-11 1.0000e-01 1.2500e+04 1.8385e-07 2.5000e-01
9.0392e+01 1.2500e+04 6.1766e-12 1.0000e-01 1.2500e+04 7.7208e-08 2.5000e-01
9.0784e+01 1.2500e+04 2.5880e-12 1.0000e-01 1.2500e+04 3.2350e-08 2.5000e-01
9.1176e+01 1.2500e+04 1.0819e-12 1.0000e-01 1.2500e+04 1.3524e-08 2.5000e-01
9.1569e+01 1.2500e+04 4.5126e-13 1.0000e-01 1.2500e+04 5.6407e-09 2.5000e-01
9.1961e+01 1.2500e+04 1.8778e-13 1.0000e-01 1.2500e+04 2.3473e-09 2.5000e-01
9.2353e+01 1.2500e+04 7.7960e-14 1.0000e-01 1.2500e+04 9.7450e-10 2.5000e-01
9.2745e+01 1.2500e+04 3.2290e-14 1.0000e-01 1.2500e+04 4.0362e-10 2.5000e-01
9.3137e+01 1.2500e+04 1.3341e-14 1.0000e-01 1.2500e+04 1.6677e-10 2.5000e-01
9.3529e+01 1.2500e+04 5.4982e-15 1.0000e-01 1.2500e+04 6.8728e-11 2.5000e-01
9.3922e+01 1.2500e+04 2.2594e-15 1.0000e-01 1.2500e+04 2.8242e-11 2.5000e-01
9.4314e+01 1.2500e+04 9.2474e-16 1.0000e-01 1.2500e+04 1.1559e-11 2.5000e-01
9.4706e+01 1.2500e+04 3.7592e-16 1.0000e-01 1.2500e+04 4.6990e-12 2.5000e-01
9.5098e+01 1.2500e+04 1.5115e-16 1.0000e-01 1.2500e+04 1.8894e-12 2.5000e-01
9.5490e+01 1.2500e+04 5.9508e-17 1.0000e-01 1.2500e+04 7.4386e-13 2.5000e-01
9.5882e+01 1.2500e+04 2.2288e-17 1.0000e-01 1.2500e+04 2.7861e-13 2.5000e-01
9.6275e+01 1.2500e+04 7.3384e-18 1.0000e-01 1.2500e+04 9.1730e-14 2.5000e-01
9.6667e+01 1.2500e+04 1.5947e-18 1.0000e-01 1.2500e+04 1.9934e-14 2.5000e-01
9.7059e+01 1.2500e+04 3.3407e-20 1.0000e-01 1.2500e+04 4.1758e-16 2.5000e-01
9.7451e+01 1.2500e+04 0.0000e+00 1.0000e-01 1.2500e+04 0.0000e+00 2.5000e-01
9.7843e+01 1.2500e+04 0.0000e+00 1.0000e-01 1.2500e+04 0.0000e+00 2.5000e-01
9.8235e+01 1.2500e+04 0.0000e+00 1.0000e-01 1.2500e+04 0.0000e+00 2.5000e-01
9.8627e+01 1.2500e+04 0.0000e+00 1.0000e-01 1.2500e+04 0.0000e+00 2.5000e-01
9.9020e+01 1.2500e+04 0.0000e+00 1.0000e-01 1.2500e+04 0.0000e+00 2.5000e-01
9.9412e+01 1.2500e+04 0.0000e+00 1.0000e-01 1.2500e+04 0.0000e+00 2.5000e-01
9.9804e+01 1.2500e+04 0.0000e+00 1.0000e-01 1.2500e+04 0.0000e+00 2.5000e-01
