# # x Density Velocity Pressure q0 q1 q2
1.9608e-01 1.0000e+05 0.0000e+00 1.0000e+00 1.0000e+05 0.0000e+00 2.5000e+00
5.8824e-01 1.0000e+05 0.0000e+00 1.0000e+00 1.0000e+05 0.0000e+00 2.5000e+00
9.8039e-01 1.0000e+05 0.0000e+00 1.0000e+00 1.0000e+05 0.0000e+00 2.5000e+00
1.3725e+00 1.0000e+05 0.0000e+00 1.0000e+00 1.0000e+05 0.0000e+00 2.5000e+00
1.7647e+00 1.0000e+05 0.0000e+00 1.0000e+00 1.0000e+05 0.0000e+00 2.5000e+00
2.1569e+00 1.0000e+05 0.0000e+00 1.0000e+00 1.0000e+05 0.0000e+00 2.5000e+00
2.5490e+00 1.0000e+05 0.0000e+00 1.0000e+00 1.0000e+05 0.0000e+00 2.5000e+00
2.9412e+00 1.0000e+05 0.0000e+00 1.0000e+00 1.0000e+05 0.0000e+00 2.5000e+00
3.3333e+00 1.0000e+05 0.0000e+00 1.0000e+00 1.0000e+05 0.0000e+00 2.5000e+00
3.7255e+00 1.0000e+05 0.0000e+00 1.0000e+00 1.0000e+05 0.0000e+00 2.5000e+00
4.1176e+00 1.0000e+05 0.0000e+00 1.0000e+00 1.0000e+05 0.0000e+00 2.5000e+00
4.5098e+00 1.0000e+05 0.0000e+00 1.0000e+00 1.0000e+05 0.0000e+00 2.5000e+00
4.9020e+00 1.0000e+05 0.0000e+00 1.0000e+00 1.0000e+05 0.0000e+00 2.5000e+00
5.2941e+00 1.0000e+05 0.0000e+00 1.0000e+00 1.0000e+05 0.0000e+00 2.5000e+00
5.6863e+00 1.0000e+05 0.0000e+00 1.0000e+00 1.0000e+05 0.0000e+00 2.5000e+00
6.0784e+00 1.0000e+05 0.0000e+00 1.0000e+00 1.0000e+05 0.0000e+00 2.5000e+00
6.4706e+00 1.0000e+05 6.2284e-21 1.0000e+00 1.0000e+05 6.2284e-16 2.5000e+00
6.8627e+00 1.0000e+05 4.6146e-19 1.0000e+00 1.0000e+05 4.6146e-14 2.5000e+00
7.2549e+00 1.0000e+05 2.3540e-18 1.0000e+00 1.0000e+05 2.3540e-13 2.5000e+00
7.6471e+00 1.0000e+05 6.0987e-18 1.0000e+00 1.0000e+05 6.0987e-13 2.5000e+00
8.0392e+00 1.0000e+05 1.1688e-17 1.0000e+00 1.0000e+05 1.1688e-12 2.5000e+00
8.4314e+00 1.0000e+05 1.9287e-17 1.0000e+00 1.0000e+05 1.9287e-12 2.5000e+00
8.8235e+00 1.0000e+05 3.0405e-17 1.0000e+00 1.0000e+05 3.0405e-12 2.5000e+00
9.2157e+00 1.0000e+05 4.7899e-17 1.0000e+00 1.0000e+05 4.7899e-12 2.5000e+00
9.6078e+00 1.0000e+05 7.5747e-17 1.0000e+00 1.0000e+05 7.5747e-12 2.5000e+00
1.0000e+01 1.0000e+05 1.2204e-16 1.0000e+00 1.0000e+05 1.2204e-11 2.5000e+00
1.0392e+01 1.0000e+05 1.9963e-16 1.0000e+00 1.0000e+05 1.9963e-11 2.5000e+00
1.0784e+01 1.0000e+05 3.2991e-16 1.0000e+00 1.0000e+05 3.2991e-11 2.5000e+00
1.1176e+01 1.0000e+05 5.4842e-16 1.0000e+00 1.0000e+05 5.4842e-11 2.5000e+00
1.1569e+01 1.0000e+05 9.1345e-16 1.0000e+00 1.0000e+05 9.1345e-11 2.5000e+00
1.1961e+01 1.0000e+05 1.5210e-15 1.0000e+00 1.0000e+05 1.5210e-10 2.5000e+00
1.2353e+01 1.0000e+05 2.5272e-15 1.0000e+00 1.0000e+05 2.5272e-10 2.5000e+00
1.2745e+01 1.0000e+05 4.1842e-15 1.0000e+00 1.0000e+05 4.1842e-10 2.5000e+00
1.3137e+01 1.0000e+05 6.8997e-15 1.0000e+00 1.0000e+05 6.8997e-10 2.5000e+00
1.3529e+01 1.0000e+05 1.1326e-14 1.0000e+00 1.0000e+05 1.1326e-09 2.5000e+00
1.3922e+01 1.0000e+05 1.8504e-14 1.0000e+00 1.0000e+05 1.8504e-09 2.5000e+00
1.4314e+01 1.0000e+05 3.0086e-14 1.0000e+00 1.0000e+05 3.0086e-09 2.5000e+00
1.4706e+01 1.0000e+05 4.8676e-14 1.0000e+00 1.0000e+05 4.8676e-09 2.5000e+00
1.5098e+01 1.0000e+05 7.8359e-14 1.0000e+00 1.0000e+05 7.8359e-09 2.5000e+00
1.5490e+01 1.0000e+05 1.2551e-13 1.0000e+00 1.0000e+05 1.2551e-08 2.5000e+00
1.5882e+01 1.0000e+05 2.0003e-13 1.0000e+00 1.0000e+05 2.0003e-08 2.5000e+00
1.6275e+01 1.0000e+05 3.1719e-13 1.0000e+00 1.0000e+05 3.1719e-08 2.5000e+00
1.6667e+01 1.0000e+05 5.0043e-13 1.0000e+00 1.0000e+05 5.0043e-08 2.5000e+00
1.7059e+01 1.0000e+05 7.8554e-13 1.0000e+00 1.0000e+05 7.8554e-08 2.5000e+00
1.7451e+01 1.0000e+05 1.2268e-12 1.0000e+00 1.0000e+05 1.2268e-07 2.5000e+00
1.7843e+01 1.0000e+05 1.9063e-12 1.0000e+00 1.0000e+05 1.9063e-07 2.5000e+00
1.8235e+01 1.0000e+05 2.9469e-12 1.0000e+00 1.0000e+05 2.9469e-07 2.5000e+00
1.8627e+01 1.0000e+05 4.5325e-12 1.0000e+00 1.0000e+05 4.5325e-07 2.5000e+00
1.9020e+01 1.0000e+05 6.9357e-12 1.0000e+00 1.0000e+05 6.9357e-07 2.5000e+00
1.9412e+01 1.0000e+05 1.0559e-11 1.0000e+00 1.0000e+05 1.0559e-06 2.5000e+00
1.9804e+01 1.0000e+05 1.5992e-11 1.0000e+00 1.0000e+05 1.5992e-06 2.5000e+00
2.0196e+01 1.0000e+05 2.4097e-11 1.0000e+00 1.0000e+05 2.4097e-06 2.5000e+00
2.0588e+01 1.0000e+05 3.6123e-11 1.0000e+00 1.0000e+05 3.6123e-06 2.5000e+00
2.0980e+01 1.0000e+05 5.3873e-11 1.0000e+00 1.0000e+05 5.3873e-06 2.5000e+00
2.1373e+01 1.0000e+05 7.9932e-11 1.0000e+00 1.0000e+05 7.9932e-06 2.5000e+00
2.1765e+01 1.0000e+05 1.1798e-10 1.0000e+00 1.0000e+05 1.1798e-05 2.5000e+00
2.2157e+01 1.0000e+05 1.7325e-10 1.0000e+00 1.0000e+05 1.7325e-05 2.5000e+00
2.2549e+01 1.0000e+05 2.5309e-10 1.0000e+00 1.0000e+05 2.5309e-05 2.5000e+00
2.2941e+01 1.0000e+05 3.6782e-10 1.0000e+00 1.0000e+05 3.6782e-05 2.5000e+00
2.3333e+01 1.0000e+05 5.3178e-10 1.0000e+00 1.0000e+05 5.3178e-05 2.5000e+00
2.3725e+01 1.0000e+05 7.6485e-10 1.0000e+00 1.0000e+05 7.6485e-05 2.5000e+00
2.4118e+01 1.0000e+05 1.0944e-09 1.0000e+00 1.0000e+05 1.0944e-04 2.5000e+00
2.4510e+01 1.0000e+05 1.5577e-09 1.0000e+00 1.0000e+05 1.5577e-04 2.5000e+00
2.4902e+01 1.0000e+05 2.2057e-09 1.0000e+00 1.0000e+05 2.2057e-04 2.5000e+00
2.5294e+01 1.0000e+05 3.1070e-09 9.9999e-01 1.0000e+05 3.1070e-04 2.5000e+00
2.5686e+01 1.0000e+05 4.3539e-09 9.9999e-01 1.0000e+05 4.3539e-04 2.5000e+00
2.6078e+01 1.0000e+05 6.0694e-09 9.9999e-01 1.0000e+05 6.0694e-04 2.5000e+00
2.6471e+01 1.0000e+05 8.4168e-09 9.9998e-01 1.0000e+05 8.4168e-04 2.5000e+00
2.6863e+01 1.0000e+05 1.1611e-08 9.9998e-01 1.0000e+05 1.1611e-03 2.4999e+00
2.7255e+01 1.0000e+05 1.5935e-08 9.9997e-01 1.0000e+05 1.5935e-03 2.4999e+00
2.7647e+01 1.0000e+05 2.1754e-08 9.9996e-01 1.0000e+05 2.1754e-03 2.4999e+00
2.8039e+01 1.0000e+05 2.9545e-08 9.9994e-01 1.0000e+05 2.9545e-03 2.4999e+00
2.8431e+01 1.0000e+05 3.9915e-08 9.9992e-01 1.0000e+05 3.9915e-03 2.4998e+00
2.8824e+01 1.0000e+05 5.3646e-08 9.9990e-01 1.0000e+05 5.3646e-03 2.4997e+00
2.9216e+01 1.0000e+05 7.1725e-08 9.9986e-01 1.0000e+05 7.1725e-03 2.4997e+00
2.9608e+01 9.9999e+04 9.5399e-08 9.9982e-01 9.9999e+04 9.5398e-03 2.4996e+00
3.0000e+01 9.9999e+04 1.2623e-07 9.9977e-01 9.9999e+04 1.2623e-02 2.4994e+00
3.0392e+01 9.9999e+04 1.6615e-07 9.9970e-01 9.9999e+04 1.6615e-02 2.4992e+00
3.0784e+01 9.9999e+04 2.1757e-07 9.9961e-01 9.9999e+04 2.1757e-02 2.4990e+00
3.1176e+01 9.9998e+04 2.8343e-07 9.9950e-01 9.9998e+04 2.8343e-02 2.4988e+00
3.1569e+01 9.9998e+04 3.6732e-07 9.9937e-01 9.9998e+04 3.6731e-02 2.4984e+00
3.1961e+01 9.9997e+04 4.7359e-07 9.9920e-01 9.9997e+04 4.7358e-02 2.4980e+00
3.2353e+01 9.9996e+04 6.0747e-07 9.9898e-01 9.9996e+04 6.0744e-02 2.4975e+00
3.2745e+01 9.9995e+04 7.7519e-07 9.9873e-01 9.9995e+04 7.7516e-02 2.4968e+00
3.3137e+01 9.9994e+04 9.8418e-07 9.9841e-01 9.9994e+04 9.8412e-02 2.4960e+00
3.3529e+01 9.9992e+04 1.2431e-06 9.9803e-01 9.9992e+04 1.2430e-01 2.4951e+00
3.3922e+01 9.9990e+04 1.5623e-06 9.9756e-01 9.9990e+04 1.5621e-01 2.4939e+00
3.4314e+01 9.9987e+04 1.9534e-06 9.9700e-01 9.9987e+04 1.9532e-01 2.4925e+00
3.4706e+01 9.9984e+04 2.4302e-06 9.9634e-01 9.9984e+04 2.4298e-01 2.4908e+00
3.5098e+01 9.9980e+04 3.0082e-06 9.9555e-01 9.9980e+04 3.0076e-01 2.4889e+00
3.5490e+01 9.9975e+04 3.7051e-06 9.9462e-01 9.9975e+04 3.7042e-01 2.4865e+00
3.5882e+01 9.9969e+04 4.5410e-06 9.9353e-01 9.9969e+04 4.5396e-01 2.4838e+00
3.6275e+01 9.9962e+04 5.5380e-06 9.9225e-01 9.9962e+04 5.5358e-01 2.4806e+00
3.6667e+01 9.9953e+04 6.7208e-06 9.9077e-01 9.9953e+04 6.7176e-01 2.4769e+00
3.7059e+01 9.9942e+04 8.1168e-06 9.8907e-01 9.9942e+04 8.1120e-01 2.4727e+00
3.7451e+01 9.9929e+04 9.7554e-06 9.8712e-01 9.9929e+04 9.7485e-01 2.4678e+00
3.7843e+01 9.9913e+04 1.1669e-05 9.8489e-01 9.9913e+04 1.1659e+00 2.4622e+00
3.8235e+01 9.9895e+04 1.3892e-05 9.8237e-01 9.9895e+04 1.3877e+00 2.4559e+00
3.8627e+01 9.9874e+04 1.6460e-05 9.7953e-01 9.9874e+04 1.6440e+00 2.4488e+00
3.9020e+01 9.9848e+04 1.9414e-05 9.7634e-01 9.9848e+04 1.9384e+00 2.4409e+00
3.9412e+01 9.9819e+04 2.2792e-05 9.7279e-01 9.9819e+04 2.2750e+00 2.4320e+00
3.9804e+01 9.9784e+04 2.6636e-05 9.6887e-01 9.9784e+04 2.6578e+00 2.4222e+00
4.0196e+01 9.9744e+04 3.0989e-05 9.6454e-01 9.9744e+04 3.0909e+00 2.4114e+00
4.0588e+01 9.9699e+04 3.5893e-05 9.5980e-01 9.9699e+04 3.5785e+00 2.3996e+00
4.0980e+01 9.9646e+04 4.1393e-05 9.5463e-01 9.9646e+04 4.1246e+00 2.3867e+00
4.1373e+01 9.9586e+04 4.7529e-05 9.4903e-01 9.9586e+04 4.7332e+00 2.3727e+00
4.1765e+01 9.9518e+04 5.4343e-05 9.4300e-01 9.9518e+04 5.4081e+00 2.3576e+00
4.2157e+01 9.9441e+04 6.1874e-05 9.3653e-01 9.9441e+04 6.1528e+00 2.3415e+00
4.2549e+01 9.9354e+04 7.0159e-05 9.2964e-01 9.9354e+04 6.9706e+00 2.3243e+00
4.2941e+01 9.9257e+04 7.9231e-05 9.2233e-01 9.9257e+04 7.8643e+00 2.3061e+00
4.3333e+01 9.9148e+04 8.9121e-05 9.1462e-01 9.9148e+04 8.8361e+00 2.2869e+00
4.3725e+01 9.9028e+04 9.9852e-05 9.0653e-01 9.9028e+04 9.8881e+00 2.2668e+00
4.4118e+01 9.8894e+04 1.1144e-04 8.9809e-01 9.8894e+04 1.1021e+01 2.2458e+00
4.4510e+01 9.8747e+04 1.2393e-04 8.8932e-01 9.8747e+04 1.2237e+01 2.2241e+00
4.4902e+01 9.8584e+04 1.3723e-04 8.8025e-01 9.8584e+04 1.3529e+01 2.2016e+00
4.5294e+01 9.8413e+04 1.5168e-04 8.7102e-01 9.8413e+04 1.4927e+01 2.1787e+00
4.5686e+01 9.8200e+04 1.6609e-04 8.6126e-01 9.8200e+04 1.6310e+01 2.1545e+00
4.6078e+01 9.8056e+04 1.8437e-04 8.5239e-01 9.8056e+04 1.8079e+01 2.1326e+00
4.6471e+01 9.7646e+04 1.9469e-04 8.4039e-01 9.7646e+04 1.9011e+01 2.1028e+00
4.6863e+01 9.7861e+04 2.2854e-04 8.3606e-01 9.7861e+04 2.2365e+01 2.0927e+00
4.7255e+01 9.6624e+04 2.1235e-04 8.1463e-01 9.6624e+04 2.0518e+01 2.0388e+00
4.7647e+01 9.8073e+04 2.9189e-04 8.2508e-01 9.8073e+04 2.8627e+01 2.0669e+00
4.8039e+01 9.5365e+04 2.2736e-04 7.8756e-01 9.5365e+04 2.1682e+01 1.9714e+00
4.8431e+01 9.7496e+04 3.3296e-04 8.0602e-01 9.7496e+04 3.2463e+01 2.0205e+00
4.8824e+01 9.5778e+04 3.0099e-04 7.7952e-01 9.5778e+04 2.8828e+01 1.9531e+00
4.9216e+01 9.2964e+04 3.3947e-04 7.7611e-01 9.2964e+04 3.1558e+01 1.9456e+00
4.9608e+01 1.1656e+05 3.5226e-04 7.6396e-01 1.1656e+05 4.1061e+01 1.9171e+00
5.0000e+01 3.0016e+04 3.7463e-04 7.6128e-01 3.0016e+04 1.1245e+01 1.9053e+00
5.0392e+01 1.1640e+04 3.9414e-04 7.5709e-01 1.1640e+04 4.5880e+00 1.8936e+00
5.0784e+01 9.5368e+03 5.4648e-04 7.6161e-01 9.5368e+03 5.2116e+00 1.9055e+00
5.1176e+01 1.0038e+04 6.7946e-04 7.6279e-01 1.0038e+04 6.8206e+00 1.9093e+00
5.1569e+01 1.0428e+04 7.0724e-04 7.5543e-01 1.0428e+04 7.3750e+00 1.8912e+00
5.1961e+01 1.0960e+04 7.7578e-04 7.5400e-01 1.0960e+04 8.5027e+00 1.8883e+00
5.2353e+01 1.1328e+04 9.1404e-04 7.6185e-01 1.1328e+04 1.0354e+01 1.9093e+00
5.2745e+01 1.1689e+04 1.0232e-03 7.6771e-01 1.1689e+04 1.1960e+01 1.9254e+00
5.3137e+01 1.1811e+04 1.0521e-03 7.6563e-01 1.1811e+04 1.2425e+01 1.9206e+00
5.3529e+01 1.1905e+04 1.0281e-03 7.5834e-01 1.1905e+04 1.2240e+01 1.9021e+00
5.3922e+01 1.1956e+04 1.0157e-03 7.5099e-01 1.1956e+04 1.2144e+01 1.8836e+00
5.4314e+01 1.2119e+04 1.0776e-03 7.5305e-01 1.2119e+04 1.3060e+01 1.8897e+00
5.4706e+01 1.2327e+04 1.2069e-03 7.6370e-01 1.2327e+04 1.4877e+01 1.9182e+00
5.5098e+01 1.2565e+04 1.3504e-03 7.7683e-01 1.2565e+04 1.6968e+01 1.9535e+00
5.5490e+01 1.2743e+04 1.4640e-03 7.8716e-01 1.2743e+04 1.8655e+01 1.9816e+00
5.5882e+01 1.2863e+04 1.5318e-03 7.9251e-01 1.2863e+04 1.9703e+01 1.9964e+00
5.6275e+01 1.2919e+04 1.5614e-03 7.9360e-01 1.2919e+04 2.0173e+01 1.9997e+00
5.6667e+01 1.2946e+04 1.5686e-03 7.9218e-01 1.2946e+04 2.0307e+01 1.9964e+00
5.7059e+01 1.2954e+04 1.5669e-03 7.8986e-01 1.2954e+04 2.0298e+01 1.9905e+00
5.7451e+01 1.2960e+04 1.5627e-03 7.8728e-01 1.2960e+04 2.0253e+01 1.9840e+00
5.7843e+01 1.2963e+04 1.5578e-03 7.8459e-01 1.2963e+04 2.0194e+01 1.9772e+00
5.8235e+01 1.2967e+04 1.5524e-03 7.8177e-01 1.2967e+04 2.0129e+01 1.9701e+00
5.8627e+01 1.2969e+04 1.5464e-03 7.7885e-01 1.2969e+04 2.0055e+01 1.9626e+00
5.9020e+01 1.2971e+04 1.5399e-03 7.7579e-01 1.2971e+04 1.9974e+01 1.9549e+00
5.9412e+01 1.2972e+04 1.5329e-03 7.7261e-01 1.2972e+04 1.9886e+01 1.9468e+00
5.9804e+01 1.2973e+04 1.5255e-03 7.6930e-01 1.2973e+04 1.9790e+01 1.9383e+00
6.0196e+01 1.2974e+04 1.5175e-03 7.6586e-01 1.2974e+04 1.9688e+01 1.9296e+00
6.0588e+01 1.2974e+04 1.5090e-03 7.6227e-01 1.2974e+04 1.9579e+01 1.9204e+00
6.0980e+01 1.2974e+04 1.5001e-03 7.5854e-01 1.2974e+04 1.9462e+01 1.9109e+00
6.1373e+01 1.2973e+04 1.4907e-03 7.5466e-01 1.2973e+04 1.9339e+01 1.9011e+00
6.1765e+01 1.2972e+04 1.4808e-03 7.5062e-01 1.2972e+04 1.9209e+01 1.8908e+00
6.2157e+01 1.2971e+04 1.4704e-03 7.4643e-01 1.2971e+04 1.9073e+01 1.8801e+00
6.2549e+01 1.2970e+04 1.4595e-03 7.4208e-01 1.2970e+04 1.8929e+01 1.8690e+00
6.2941e+01 1.2968e+04 1.4481e-03 7.3756e-01 1.2968e+04 1.8779e+01 1.8575e+00
6.3333e+01 1.2965e+04 1.4362e-03 7.3287e-01 1.2965e+04 1.8621e+01 1.8455e+00
6.3725e+01 1.2963e+04 1.4239e-03 7.2800e-01 1.2963e+04 1.8457e+01 1.8331e+00
6.4118e+01 1.2960e+04 1.4110e-03 7.2294e-01 1.2960e+04 1.8287e+01 1.8203e+00
6.4510e+01 1.2957e+04 1.3977e-03 7.1771e-01 1.2957e+04 1.8109e+01 1.8069e+00
6.4902e+01 1.2953e+04 1.3838e-03 7.1228e-01 1.2953e+04 1.7925e+01 1.7931e+00
6.5294e+01 1.2949e+04 1.3694e-03 7.0666e-01 1.2949e+04 1.7733e+01 1.7788e+00
6.5686e+01 1.2945e+04 1.3546e-03 7.0083e-01 1.2945e+04 1.7535e+01 1.7640e+00
6.6078e+01 1.2941e+04 1.3392e-03 6.9480e-01 1.2941e+04 1.7330e+01 1.7486e+00
6.6471e+01 1.2936e+04 1.3233e-03 6.8856e-01 1.2936e+04 1.7119e+01 1.7327e+00
6.6863e+01 1.2932e+04 1.3069e-03 6.8211e-01 1.2932e+04 1.6900e+01 1.7163e+00
6.7255e+01 1.2926e+04 1.2899e-03 6.7544e-01 1.2926e+04 1.6675e+01 1.6994e+00
6.7647e+01 1.2921e+04 1.2725e-03 6.6855e-01 1.2921e+04 1.6442e+01 1.6818e+00
6.8039e+01 1.2916e+04 1.2545e-03 6.6143e-01 1.2916e+04 1.6203e+01 1.6637e+00
6.8431e+01 1.2910e+04 1.2361e-03 6.5408e-01 1.2910e+04 1.5957e+01 1.6451e+00
6.8824e+01 1.2904e+04 1.2170e-03 6.4649e-01 1.2904e+04 1.5704e+01 1.6258e+00
6.9216e+01 1.2897e+04 1.1975e-03 6.3866e-01 1.2897e+04 1.5445e+01 1.6059e+00
6.9608e+01 1.2891e+04 1.1774e-03 6.3059e-01 1.2891e+04 1.5178e+01 1.5854e+00
7.0000e+01 1.2884e+04 1.1568e-03 6.2227e-01 1.2884e+04 1.4904e+01 1.5643e+00
7.0392e+01 1.2877e+04 1.1357e-03 6.1370e-01 1.2877e+04 1.4624e+01 1.5425e+00
7.0784e+01 1.2870e+04 1.1140e-03 6.0486e-01 1.2870e+04 1.4337e+01 1.5201e+00
7.1176e+01 1.2862e+04 1.0918e-03 5.9577e-01 1.2862e+04 1.4042e+01 1.4971e+00
7.1569e+01 1.2854e+04 1.0690e-03 5.8640e-01 1.2854e+04 1.3741e+01 1.4733e+00
7.1961e+01 1.2847e+04 1.0456e-03 5.7676e-01 1.2847e+04 1.3433e+01 1.4489e+00
7.2353e+01 1.2838e+04 1.0217e-03 5.6683e-01 1.2838e+04 1.3117e+01 1.4238e+00
7.2745e+01 1.2830e+04 9.9719e-04 5.5661e-01 1.2830e+04 1.2794e+01 1.3979e+00
7.3137e+01 1.2822e+04 9.7211e-04 5.4610e-01 1.2822e+04 1.2464e+01 1.3713e+00
7.3529e+01 1.2813e+04 9.4644e-04 5.3528e-01 1.2813e+04 1.2126e+01 1.3439e+00
7.3922e+01 1.2804e+04 9.2016e-04 5.2415e-01 1.2804e+04 1.1782e+01 1.3158e+00
7.4314e+01 1.2795e+04 8.9327e-04 5.1270e-01 1.2795e+04 1.1429e+01 1.2868e+00
7.4706e+01 1.2785e+04 8.6575e-04 5.0091e-01 1.2785e+04 1.1069e+01 1.2571e+00
7.5098e+01 1.2776e+04 8.3759e-04 4.8879e-01 1.2776e+04 1.0701e+01 1.2264e+00
7.5490e+01 1.2766e+04 8.0879e-04 4.7631e-01 1.2766e+04 1.0325e+01 1.1949e+00
7.5882e+01 1.2756e+04 7.7932e-04 4.6347e-01 1.2756e+04 9.9407e+00 1.1625e+00
7.6275e+01 1.2745e+04 7.4917e-04 4.5026e-01 1.2745e+04 9.5485e+00 1.1292e+00
7.6667e+01 1.2735e+04 7.1833e-04 4.3666e-01 1.2735e+04 9.1479e+00 1.0949e+00
7.7059e+01 1.2724e+04 6.8679e-04 4.2266e-01 1.2724e+04 8.7389e+00 1.0597e+00
7.7451e+01 1.2713e+04 6.5453e-04 4.0826e-01 1.2713e+04 8.3212e+00 1.0234e+00
7.7843e+01 1.2702e+04 6.2154e-04 3.9344e-01 1.2702e+04 7.8948e+00 9.8605e-01
7.8235e+01 1.2691e+04 5.8779e-04 3.7818e-01 1.2691e+04 7.4595e+00 9.4764e-01
7.8627e+01 1.2679e+04 5.5328e-04 3.6247e-01 1.2679e+04 7.0152e+00 9.0812e-01
7.9020e+01 1.2667e+04 5.1799e-04 3.4630e-01 1.2667e+04 6.5616e+00 8.6746e-01
7.9412e+01 1.2655e+04 4.8190e-04 3.2966e-01 1.2655e+04 6.0986e+00 8.2562e-01
7.9804e+01 1.2643e+04 4.4499e-04 3.1253e-01 1.2643e+04 5.6261e+00 7.8257e-01
8.0196e+01 1.2631e+04 4.0725e-04 2.9489e-01 1.2631e+04 5.1438e+00 7.3826e-01
8.0588e+01 1.2618e+04 3.6865e-04 2.7672e-01 1.2618e+04 4.6517e+00 6.9266e-01
8.0980e+01 1.2605e+04 3.2919e-04 2.5802e-01 1.2605e+04 4.1495e+00 6.4574e-01
8.1373e+01 1.2592e+04 2.8887e-04 2.3878e-01 1.2592e+04 3.6374e+00 5.9747e-01
8.1765e+01 1.2579e+04 2.4773e-04 2.1901e-01 1.2579e+04 3.1161e+00 5.4790e-01
8.2157e+01 1.2565e+04 2.0600e-04 1.9880e-01 1.2565e+04 2.5884e+00 4.9727e-01
8.2549e+01 1.2552e+04 1.6426e-04 1.7846e-01 1.2552e+04 2.0618e+00 4.4632e-01
8.2941e+01 1.2539e+04 1.2378e-04 1.5864e-01 1.2539e+04 1.5522e+00 3.9669e-01
8.3333e+01 1.2528e+04 8.6710e-05 1.4049e-01 1.2528e+04 1.0863e+00 3.5128e-01
8.3725e+01 1.2518e+04 5.5619e-05 1.2544e-01 1.2518e+04 6.9622e-01 3.1361e-01
8.4118e+01 1.2511e+04 3.2411e-05 1.1445e-01 1.2511e+04 4.0548e-01 2.8614e-01
8.4510e+01 1.2506e+04 1.7225e-05 1.0749e-01 1.2506e+04 2.1541e-01 2.6873e-01
8.4902e+01 1.2503e+04 8.4805e-06 1.0362e-01 1.2503e+04 1.0603e-01 2.5904e-01
8.5294e+01 1.2501e+04 3.9539e-06 1.0167e-01 1.2501e+04 4.9429e-02 2.5416e-01
8.5686e+01 1.2501e+04 1.7822e-06 1.0075e-01 1.2501e+04 2.2279e-02 2.5187e-01
8.6078e+01 1.2500e+04 7.8825e-07 1.0033e-01 1.2500e+04 9.8533e-03 2.5082e-01
8.6471e+01 1.2500e+04 3.4506e-07 1.0014e-01 1.2500e+04 4.3133e-03 2.5036e-01
8.6863e+01 1.2500e+04 1.5018e-07 1.0006e-01 1.2500e+04 1.8772e-03 2.5016e-01
8.7255e+01 1.2500e+04 6.5114e-08 1.0003e-01 1.2500e+04 8.1392e-04 2.5007e-01
8.7647e+01 1.2500e+04 2.8154e-08 1.0001e-01 1.2500e+04 3.5192e-04 2.5003e-01
8.8039e+01 1.2500e+04 1.2144e-08 1.0001e-01 1.2500e+04 1.5180e-04 2.5001e-01
8.8431e+01 1.2500e+04 5.2266e-09 1.0000e-01 1.2500e+04 6.5332e-05 2.5001e-01
8.8824e+01 1.2500e+04 2.2446e-09 1.0000e-01 1.2500e+04 2.8058e-05 2.5000e-01
8.9216e+01 1.2500e+04 9.6195e-10 1.0000e-01 1.2500e+04 1.2024e-05 2.5000e-01
8.9608e+01 1.2500e+04 4.1138e-10 1.0000e-01 1.2500e+04 5.1422e-06 2.5000e-01
9.0000e+01 1.2500e+04 1.7555e-10 1.0000e-01 1.2500e+04 2.1944e-06 2.5000e-01
9.0392e+01 1.2500e+04 7.4755e-11 1.0000e-01 1.2500e+04 9.3444e-07 2.5000e-01
9.0784e+01 1.2500e+04 3.1765e-11 1.0000e-01 1.2500e+04 3.9706e-07 2.5000e-01
9.1176e+01 1.2500e+04 1.3468e-11 1.0000e-01 1.2500e+04 1.6836e-07 2.5000e-01
9.1569e+01 1.2500e+04 5.6983e-12 1.0000e-01 1.2500e+04 7.1229e-08 2.5000e-01
9.1961e+01 1.2500e+04 2.4056e-12 1.0000e-01 1.2500e+04 3.0070e-08 2.5000e-01
9.2353e+01 1.2500e+04 1.0133e-12 1.0000e-01 1.2500e+04 1.2667e-08 2.5000e-01
9.2745e+01 1.2500e+04 4.2592e-13 1.0000e-01 1.2500e+04 5.3240e-09 2.5000e-01
9.3137e+01 1.2500e+04 1.7862e-13 1.0000e-01 1.2500e+04 2.2328e-09 2.5000e-01
9.3529e+01 1.2500e+04 7.4744e-14 1.0000e-01 1.2500e+04 9.3430e-10 2.5000e-01
9.3922e+01 1.2500e+04 3.1205e-14 1.0000e-01 1.2500e+04 3.9006e-10 2.5000e-01
9.4314e+01 1.2500e+04 1.2997e-14 1.0000e-01 1.2500e+04 1.6246e-10 2.5000e-01
9.4706e+01 1.2500e+04 5.3993e-15 1.0000e-01 1.2500e+04 6.7492e-11 2.5000e-01
9.5098e+01 1.2500e+04 2.2365e-15 1.0000e-01 1.2500e+04 2.7956e-11 2.5000e-01
9.5490e+01 1.2500e+04 9.2302e-16 1.0000e-01 1.2500e+04 1.1538e-11 2.5000e-01
9.5882e+01 1.2500e+04 3.7857e-16 1.0000e-01 1.2500e+04 4.7322e-12 2.5000e-01
9.6275e+01 1.2500e+04 1.5347e-16 1.0000e-01 1.2500e+04 1.9183e-12 2.5000e-01
9.6667e+01 1.2500e+04 6.0903e-17 1.0000e-01 1.2500e+04 7.6128e-13 2.5000e-01
9.7059e+01 1.2500e+04 2.3053e-17 1.0000e-01 1.2500e+04 2.8816e-13 2.5000e-01
9.7451e+01 1.2500e+04 7.6804e-18 1.0000e-01 1.2500e+04 9.6005e-14 2.5000e-01
9.7843e+01 1.2500e+04 1.7162e-18 1.0000e-01 1.2500e+04 2.1452e-14 2.5000e-01
9.8235e+01 1.2500e+04 4.0201e-20 1.0000e-01 1.2500e+04 5.0251e-16 2.5000e-01
9.8627e+01 1.2500e+04 0.0000e+00 1.0000e-01 1.2500e+04 0.0000e+00 2.5000e-01
9.9020e+01 1.2500e+04 0.0000e+00 1.0000e-01 1.2500e+04 0.0000e+00 2.5000e-01
9.9412e+01 1.2500e+04 0.0000e+00 1.0000e-01 1.2500e+04 0.0000e+00 2.5000e-01
9.9804e+01 1.2500e+04 0.0000e+00 1.0000e-01 1.2500e+04 0.0000e+00 2.5000e-01
