# # x Density Velocity Pressure q0 q1 q2
1.9608e-01 1.0000e+05 0.0000e+00 1.0000e+00 1.0000e+05 0.0000e+00 2.5000e+00
5.8824e-01 1.0000e+05 0.0000e+00 1.0000e+00 1.0000e+05 0.0000e+00 2.5000e+00
9.8039e-01 1.0000e+05 0.0000e+00 1.0000e+00 1.0000e+05 0.0000e+00 2.5000e+00
1.3725e+00 1.0000e+05 0.0000e+00 1.0000e+00 1.0000e+05 0.0000e+00 2.5000e+00
1.7647e+00 1.0000e+05 0.0000e+00 1.0000e+00 1.0000e+05 0.0000e+00 2.5000e+00
2.1569e+00 1.0000e+05 0.0000e+00 1.0000e+00 1.0000e+05 0.0000e+00 2.5000e+00
2.5490e+00 1.0000e+05 0.0000e+00 1.0000e+00 1.0000e+05 0.0000e+00 2.5000e+00
2.9412e+00 1.0000e+05 0.0000e+00 1.0000e+00 1.0000e+05 0.0000e+00 2.5000e+00
3.3333e+00 1.0000e+05 0.0000e+00 1.0000e+00 1.0000e+05 0.0000e+00 2.5000e+00
3.7255e+00 1.0000e+05 0.0000e+00 1.0000e+00 1.0000e+05 0.0000e+00 2.5000e+00
4.1176e+00 1.0000e+05 0.0000e+00 1.0000e+00 1.0000e+05 0.0000e+00 2.5000e+00
4.5098e+00 1.0000e+05 0.0000e+00 1.0000e+00 1.0000e+05 0.0000e+00 2.5000e+00
4.9020e+00 1.0000e+05 0.0000e+00 1.0000e+00 1.0000e+05 0.0000e+00 2.5000e+00
5.2941e+00 1.0000e+05 0.0000e+00 1.0000e+00 1.0000e+05 0.0000e+00 2.5000e+00
5.6863e+00 1.0000e+05 0.0000e+00 1.0000e+00 1.0000e+05 0.0000e+00 2.5000e+00
6.0784e+00 1.0000e+05 0.0000e+00 1.0000e+00 1.0000e+05 0.0000e+00 2.5000e+00
6.4706e+00 1.0000e+05 1.3164e-19 1.0000e+00 1.0000e+05 1.3164e-14 2.5000e+00
6.8627e+00 1.0000e+05 1.1463e-18 1.0000e+00 1.0000e+05 1.1463e-13 2.5000e+00
7.2549e+00 1.0000e+05 3.9658e-18 1.0000e+00 1.0000e+05 3.9658e-13 2.5000e+00
7.6471e+00 1.0000e+05 8.6396e-18 1.0000e+00 1.0000e+05 8.6396e-13 2.5000e+00
8.0392e+00 1.0000e+05 1.5149e-17 1.0000e+00 1.0000e+05 1.5149e-12 2.5000e+00
8.4314e+00 1.0000e+05 2.4278e-17 1.0000e+00 1.0000e+05 2.4278e-12 2.5000e+00
8.8235e+00 1.0000e+05 3.8078e-17 1.0000e+00 1.0000e+05 3.8078e-12 2.5000e+00
9.2157e+00 1.0000e+05 5.9642e-17 1.0000e+00 1.0000e+05 5.9642e-12 2.5000e+00
9.6078e+00 1.0000e+05 9.5055e-17 1.0000e+00 1.0000e+05 9.5055e-12 2.5000e+00
1.0000e+01 1.0000e+05 1.5400e-16 1.0000e+00 1.0000e+05 1.5400e-11 2.5000e+00
1.0392e+01 1.0000e+05 2.5266e-16 1.0000e+00 1.0000e+05 2.5266e-11 2.5000e+00
1.0784e+01 1.0000e+05 4.1778e-16 1.0000e+00 1.0000e+05 4.1778e-11 2.5000e+00
1.1176e+01 1.0000e+05 6.9377e-16 1.0000e+00 1.0000e+05 6.9377e-11 2.5000e+00
1.1569e+01 1.0000e+05 1.1532e-15 1.0000e+00 1.0000e+05 1.1532e-10 2.5000e+00
1.1961e+01 1.0000e+05 1.9145e-15 1.0000e+00 1.0000e+05 1.9145e-10 2.5000e+00
1.2353e+01 1.0000e+05 3.1694e-15 1.0000e+00 1.0000e+05 3.1694e-10 2.5000e+00
1.2745e+01 1.0000e+05 5.2272e-15 1.0000e+00 1.0000e+05 5.2272e-10 2.5000e+00
1.3137e+01 1.0000e+05 8.5848e-15 1.0000e+00 1.0000e+05 8.5848e-10 2.5000e+00
1.3529e+01 1.0000e+05 1.4034e-14 1.0000e+00 1.0000e+05 1.4034e-09 2.5000e+00
1.3922e+01 1.0000e+05 2.2834e-14 1.0000e+00 1.0000e+05 2.2834e-09 2.5000e+00
1.4314e+01 1.0000e+05 3.6973e-14 1.0000e+00 1.0000e+05 3.6973e-09 2.5000e+00
1.4706e+01 1.0000e+05 5.9572e-14 1.0000e+00 1.0000e+05 5.9572e-09 2.5000e+00
1.5098e+01 1.0000e+05 9.5507e-14 1.0000e+00 1.0000e+05 9.5507e-09 2.5000e+00
1.5490e+01 1.0000e+05 1.5236e-13 1.0000e+00 1.0000e+05 1.5236e-08 2.5000e+00
1.5882e+01 1.0000e+05 2.4184e-13 1.0000e+00 1.0000e+05 2.4184e-08 2.5000e+00
1.6275e+01 1.0000e+05 3.8196e-13 1.0000e+00 1.0000e+05 3.8196e-08 2.5000e+00
1.6667e+01 1.0000e+05 6.0023e-13 1.0000e+00 1.0000e+05 6.0023e-08 2.5000e+00
1.7059e+01 1.0000e+05 9.3851e-13 1.0000e+00 1.0000e+05 9.3851e-08 2.5000e+00
1.7451e+01 1.0000e+05 1.4600e-12 1.0000e+00 1.0000e+05 1.4600e-07 2.5000e+00
1.7843e+01 1.0000e+05 2.2599e-12 1.0000e+00 1.0000e+05 2.2599e-07 2.5000e+00
1.8235e+01 1.0000e+05 3.4804e-12 1.0000e+00 1.0000e+05 3.4804e-07 2.5000e+00
1.8627e+01 1.0000e+05 5.3328e-12 1.0000e+00 1.0000e+05 5.3328e-07 2.5000e+00
1.9020e+01 1.0000e+05 8.1298e-12 1.0000e+00 1.0000e+05 8.1298e-07 2.5000e+00
1.9412e+01 1.0000e+05 1.2331e-11 1.0000e+00 1.0000e+05 1.2331e-06 2.5000e+00
1.9804e+01 1.0000e+05 1.8608e-11 1.0000e+00 1.0000e+05 1.8608e-06 2.5000e+00
2.0196e+01 1.0000e+05 2.7938e-11 1.0000e+00 1.0000e+05 2.7938e-06 2.5000e+00
2.0588e+01 1.0000e+05 4.1731e-11 1.0000e+00 1.0000e+05 4.1731e-06 2.5000e+00
2.0980e+01 1.0000e+05 6.2017e-11 1.0000e+00 1.0000e+05 6.2017e-06 2.5000e+00
2.1373e+01 1.0000e+05 9.1693e-11 1.0000e+00 1.0000e+05 9.1693e-06 2.5000e+00
2.1765e+01 1.0000e+05 1.3488e-10 1.0000e+00 1.0000e+05 1.3488e-05 2.5000e+00
2.2157e+01 1.0000e+05 1.9738e-10 1.0000e+00 1.0000e+05 1.9738e-05 2.5000e+00
2.2549e+01 1.0000e+05 2.8737e-10 1.0000e+00 1.0000e+05 2.8737e-05 2.5000e+00
2.2941e+01 1.0000e+05 4.1624e-10 1.0000e+00 1.0000e+05 4.1624e-05 2.5000e+00
2.3333e+01 1.0000e+05 5.9981e-10 1.0000e+00 1.0000e+05 5.9981e-05 2.5000e+00
2.3725e+01 1.0000e+05 8.5990e-10 1.0000e+00 1.0000e+05 8.5990e-05 2.5000e+00
2.4118e+01 1.0000e+05 1.2264e-09 1.0000e+00 1.0000e+05 1.2264e-04 2.5000e+00
2.4510e+01 1.0000e+05 1.7401e-09 1.0000e+00 1.0000e+05 1.7401e-04 2.5000e+00
2.4902e+01 1.0000e+05 2.4563e-09 9.9999e-01 1.0000e+05 2.4563e-04 2.5000e+00
2.5294e+01 1.0000e+05 3.4494e-09 9.9999e-01 1.0000e+05 3.4494e-04 2.5000e+00
2.5686e+01 1.0000e+05 4.8190e-09 9.9999e-01 1.0000e+05 4.8190e-04 2.5000e+00
2.6078e+01 1.0000e+05 6.6976e-09 9.9999e-01 1.0000e+05 6.6976e-04 2.5000e+00
2.6471e+01 1.0000e+05 9.2606e-09 9.9998e-01 1.0000e+05 9.2606e-04 2.5000e+00
2.6863e+01 1.0000e+05 1.2738e-08 9.9997e-01 1.0000e+05 1.2738e-03 2.4999e+00
2.7255e+01 1.0000e+05 1.7431e-08 9.9996e-01 1.0000e+05 1.7431e-03 2.4999e+00
2.7647e+01 1.0000e+05 2.3730e-08 9.9995e-01 1.0000e+05 2.3730e-03 2.4999e+00
2.8039e+01 1.0000e+05 3.2138e-08 9.9994e-01 1.0000e+05 3.2138e-03 2.4998e+00
2.8431e+01 1.0000e+05 4.3301e-08 9.9992e-01 1.0000e+05 4.3301e-03 2.4998e+00
2.8824e+01 1.0000e+05 5.8041e-08 9.9989e-01 1.0000e+05 5.8040e-03 2.4997e+00
2.9216e+01 1.0000e+05 7.7396e-08 9.9985e-01 1.0000e+05 7.7396e-03 2.4996e+00
2.9608e+01 9.9999e+04 1.0267e-07 9.9981e-01 9.9999e+04 1.0267e-02 2.4995e+00
3.0000e+01 9.9999e+04 1.3551e-07 9.9975e-01 9.9999e+04 1.3551e-02 2.4994e+00
3.0392e+01 9.9999e+04 1.7792e-07 9.9968e-01 9.9999e+04 1.7792e-02 2.4992e+00
3.0784e+01 9.9999e+04 2.3241e-07 9.9959e-01 9.9999e+04 2.3241e-02 2.4990e+00
3.1176e+01 9.9998e+04 3.0204e-07 9.9947e-01 9.9998e+04 3.0203e-02 2.4987e+00
3.1569e+01 9.9998e+04 3.9052e-07 9.9933e-01 9.9998e+04 3.9051e-02 2.4983e+00
3.1961e+01 9.9997e+04 5.0233e-07 9.9915e-01 9.9997e+04 5.0232e-02 2.4979e+00
3.2353e+01 9.9996e+04 6.4288e-07 9.9893e-01 9.9996e+04 6.4285e-02 2.4973e+00
3.2745e+01 9.9995e+04 8.1857e-07 9.9866e-01 9.9995e+04 8.1853e-02 2.4967e+00
3.3137e+01 9.9994e+04 1.0370e-06 9.9834e-01 9.9994e+04 1.0369e-01 2.4958e+00
3.3529e+01 9.9992e+04 1.3071e-06 9.9794e-01 9.9992e+04 1.3070e-01 2.4948e+00
3.3922e+01 9.9990e+04 1.6393e-06 9.9746e-01 9.9990e+04 1.6391e-01 2.4936e+00
3.4314e+01 9.9987e+04 2.0455e-06 9.9688e-01 9.9987e+04 2.0453e-01 2.4922e+00
3.4706e+01 9.9983e+04 2.5398e-06 9.9620e-01 9.9983e+04 2.5394e-01 2.4905e+00
3.5098e+01 9.9979e+04 3.1379e-06 9.9539e-01 9.9979e+04 3.1372e-01 2.4885e+00
3.5490e+01 9.9974e+04 3.8577e-06 9.9443e-01 9.9974e+04 3.8567e-01 2.4861e+00
3.5882e+01 9.9968e+04 4.7193e-06 9.9332e-01 9.9968e+04 4.7178e-01 2.4833e+00
3.6275e+01 9.9960e+04 5.7453e-06 9.9201e-01 9.9960e+04 5.7430e-01 2.4800e+00
3.6667e+01 9.9951e+04 6.9605e-06 9.9051e-01 9.9951e+04 6.9571e-01 2.4763e+00
3.7059e+01 9.9939e+04 8.3922e-06 9.8877e-01 9.9939e+04 8.3872e-01 2.4719e+00
3.7451e+01 9.9926e+04 1.0070e-05 9.8679e-01 9.9926e+04 1.0063e+00 2.4670e+00
3.7843e+01 9.9910e+04 1.2027e-05 9.8453e-01 9.9910e+04 1.2016e+00 2.4613e+00
3.8235e+01 9.9891e+04 1.4296e-05 9.8197e-01 9.9891e+04 1.4280e+00 2.4549e+00
3.8627e+01 9.9869e+04 1.6915e-05 9.7909e-01 9.9869e+04 1.6892e+00 2.4477e+00
3.9020e+01 9.9843e+04 1.9921e-05 9.7587e-01 9.9843e+04 1.9890e+00 2.4397e+00
3.9412e+01 9.9813e+04 2.3355e-05 9.7229e-01 9.9813e+04 2.3311e+00 2.4308e+00
3.9804e+01 9.9778e+04 2.7258e-05 9.6833e-01 9.9778e+04 2.7198e+00 2.4209e+00
4.0196e+01 9.9737e+04 3.1672e-05 9.6397e-01 9.9737e+04 3.1589e+00 2.4100e+00
4.0588e+01 9.9691e+04 3.6640e-05 9.5920e-01 9.9691e+04 3.6527e+00 2.3981e+00
4.0980e+01 9.9637e+04 4.2204e-05 9.5400e-01 9.9637e+04 4.2051e+00 2.3851e+00
4.1373e+01 9.9576e+04 4.8406e-05 9.4838e-01 9.9576e+04 4.8201e+00 2.3711e+00
4.1765e+01 9.9507e+04 5.5286e-05 9.4233e-01 9.9507e+04 5.5013e+00 2.3560e+00
4.2157e+01 9.9429e+04 6.2882e-05 9.3584e-01 9.9429e+04 6.2523e+00 2.3398e+00
4.2549e+01 9.9341e+04 7.1231e-05 9.2894e-01 9.9341e+04 7.0761e+00 2.3226e+00
4.2941e+01 9.9243e+04 8.0364e-05 9.2162e-01 9.9243e+04 7.9756e+00 2.3044e+00
4.3333e+01 9.9133e+04 9.0312e-05 9.1391e-01 9.9133e+04 8.9529e+00 2.2852e+00
4.3725e+01 9.9011e+04 1.0110e-04 9.0583e-01 9.9011e+04 1.0010e+01 2.2651e+00
4.4118e+01 9.8876e+04 1.1274e-04 8.9739e-01 9.8876e+04 1.1147e+01 2.2441e+00
4.4510e+01 9.8728e+04 1.2527e-04 8.8865e-01 9.8728e+04 1.2368e+01 2.2224e+00
4.4902e+01 9.8563e+04 1.3861e-04 8.7959e-01 9.8563e+04 1.3662e+01 2.1999e+00
4.5294e+01 9.8392e+04 1.5311e-04 8.7039e-01 9.8392e+04 1.5065e+01 2.1771e+00
4.5686e+01 9.8176e+04 1.6748e-04 8.6065e-01 9.8176e+04 1.6443e+01 2.1530e+00
4.6078e+01 9.8035e+04 1.8595e-04 8.5187e-01 9.8035e+04 1.8230e+01 2.1314e+00
4.6471e+01 9.7613e+04 1.9588e-04 8.3978e-01 9.7613e+04 1.9121e+01 2.1013e+00
4.6863e+01 9.7850e+04 2.3053e-04 8.3577e-01 9.7850e+04 2.2557e+01 2.0920e+00
4.7255e+01 9.6576e+04 2.1306e-04 8.1397e-01 9.6576e+04 2.0576e+01 2.0371e+00
4.7647e+01 9.8063e+04 2.9397e-04 8.2493e-01 9.8063e+04 2.8828e+01 2.0666e+00
4.8039e+01 9.5336e+04 2.2878e-04 7.8727e-01 9.5336e+04 2.1811e+01 1.9707e+00
4.8431e+01 9.7441e+04 3.3347e-04 8.0549e-01 9.7441e+04 3.2494e+01 2.0191e+00
4.8824e+01 9.5785e+04 3.0335e-04 7.7966e-01 9.5785e+04 2.9056e+01 1.9536e+00
4.9216e+01 9.2870e+04 3.4061e-04 7.7594e-01 9.2870e+04 3.1633e+01 1.9452e+00
4.9608e+01 1.1672e+05 3.5331e-04 7.6381e-01 1.1672e+05 4.1238e+01 1.9168e+00
5.0000e+01 3.0295e+04 3.7624e-04 7.6128e-01 3.0295e+04 1.1398e+01 1.9054e+00
5.0392e+01 1.1687e+04 3.9279e-04 7.5674e-01 1.1687e+04 4.5908e+00 1.8928e+00
5.0784e+01 9.5196e+03 5.4018e-04 7.6083e-01 9.5196e+03 5.1423e+00 1.9035e+00
5.1176e+01 1.0021e+04 6.8338e-04 7.6307e-01 1.0021e+04 6.8484e+00 1.9100e+00
5.1569e+01 1.0415e+04 7.1381e-04 7.5598e-01 1.0415e+04 7.4346e+00 1.8926e+00
5.1961e+01 1.0938e+04 7.7093e-04 7.5332e-01 1.0938e+04 8.4326e+00 1.8865e+00
5.2353e+01 1.1302e+04 9.0321e-04 7.6048e-01 1.1302e+04 1.0208e+01 1.9058e+00
5.2745e+01 1.1673e+04 1.0192e-03 7.6712e-01 1.1673e+04 1.1897e+01 1.9239e+00
5.3137e+01 1.1808e+04 1.0576e-03 7.6627e-01 1.1808e+04 1.2487e+01 1.9223e+00
5.3529e+01 1.1908e+04 1.0376e-03 7.5967e-01 1.1908e+04 1.2355e+01 1.9056e+00
5.3922e+01 1.1951e+04 1.0197e-03 7.5159e-01 1.1951e+04 1.2187e+01 1.8852e+00
5.4314e+01 1.2099e+04 1.0689e-03 7.5212e-01 1.2099e+04 1.2933e+01 1.8872e+00
5.4706e+01 1.2298e+04 1.1900e-03 7.6174e-01 1.2298e+04 1.4634e+01 1.9131e+00
5.5098e+01 1.2536e+04 1.3334e-03 7.7478e-01 1.2536e+04 1.6715e+01 1.9481e+00
5.5490e+01 1.2722e+04 1.4522e-03 7.8566e-01 1.2722e+04 1.8474e+01 1.9776e+00
5.5882e+01 1.2851e+04 1.5264e-03 7.9175e-01 1.2851e+04 1.9616e+01 1.9944e+00
5.6275e+01 1.2914e+04 1.5609e-03 7.9340e-01 1.2914e+04 2.0158e+01 1.9992e+00
5.6667e+01 1.2945e+04 1.5707e-03 7.9229e-01 1.2945e+04 2.0332e+01 1.9967e+00
5.7059e+01 1.2955e+04 1.5698e-03 7.9006e-01 1.2955e+04 2.0336e+01 1.9911e+00
5.7451e+01 1.2961e+04 1.5659e-03 7.8753e-01 1.2961e+04 2.0295e+01 1.9847e+00
5.7843e+01 1.2964e+04 1.5612e-03 7.8488e-01 1.2964e+04 2.0239e+01 1.9780e+00
5.8235e+01 1.2968e+04 1.5558e-03 7.8211e-01 1.2968e+04 2.0176e+01 1.9710e+00
5.8627e+01 1.2970e+04 1.5500e-03 7.7923e-01 1.2970e+04 2.0104e+01 1.9637e+00
5.9020e+01 1.2972e+04 1.5437e-03 7.7623e-01 1.2972e+04 2.0025e+01 1.9560e+00
5.9412e+01 1.2974e+04 1.5369e-03 7.7311e-01 1.2974e+04 1.9939e+01 1.9481e+00
5.9804e+01 1.2975e+04 1.5296e-03 7.6985e-01 1.2975e+04 1.9846e+01 1.9398e+00
6.0196e+01 1.2976e+04 1.5218e-03 7.6647e-01 1.2976e+04 1.9746e+01 1.9312e+00
6.0588e+01 1.2976e+04 1.5135e-03 7.6294e-01 1.2976e+04 1.9639e+01 1.9222e+00
6.0980e+01 1.2976e+04 1.5048e-03 7.5928e-01 1.2976e+04 1.9525e+01 1.9129e+00
6.1373e+01 1.2975e+04 1.4955e-03 7.5547e-01 1.2975e+04 1.9405e+01 1.9032e+00
6.1765e+01 1.2974e+04 1.4858e-03 7.5151e-01 1.2974e+04 1.9277e+01 1.8931e+00
6.2157e+01 1.2973e+04 1.4756e-03 7.4739e-01 1.2973e+04 1.9143e+01 1.8826e+00
6.2549e+01 1.2972e+04 1.4649e-03 7.4312e-01 1.2972e+04 1.9002e+01 1.8717e+00
6.2941e+01 1.2970e+04 1.4537e-03 7.3868e-01 1.2970e+04 1.8855e+01 1.8604e+00
6.3333e+01 1.2968e+04 1.4421e-03 7.3407e-01 1.2968e+04 1.8701e+01 1.8487e+00
6.3725e+01 1.2965e+04 1.4299e-03 7.2929e-01 1.2965e+04 1.8539e+01 1.8365e+00
6.4118e+01 1.2962e+04 1.4173e-03 7.2433e-01 1.2962e+04 1.8372e+01 1.8239e+00
6.4510e+01 1.2959e+04 1.4042e-03 7.1919e-01 1.2959e+04 1.8197e+01 1.8108e+00
6.4902e+01 1.2956e+04 1.3905e-03 7.1387e-01 1.2956e+04 1.8016e+01 1.7972e+00
6.5294e+01 1.2952e+04 1.3764e-03 7.0835e-01 1.2952e+04 1.7828e+01 1.7831e+00
6.5686e+01 1.2948e+04 1.3618e-03 7.0263e-01 1.2948e+04 1.7633e+01 1.7686e+00
6.6078e+01 1.2944e+04 1.3466e-03 6.9672e-01 1.2944e+04 1.7431e+01 1.7535e+00
6.6471e+01 1.2940e+04 1.3310e-03 6.9059e-01 1.2940e+04 1.7223e+01 1.7379e+00
6.6863e+01 1.2935e+04 1.3149e-03 6.8426e-01 1.2935e+04 1.7008e+01 1.7218e+00
6.7255e+01 1.2930e+04 1.2982e-03 6.7771e-01 1.2930e+04 1.6786e+01 1.7052e+00
6.7647e+01 1.2925e+04 1.2810e-03 6.7095e-01 1.2925e+04 1.6557e+01 1.6880e+00
6.8039e+01 1.2919e+04 1.2634e-03 6.6396e-01 1.2919e+04 1.6322e+01 1.6702e+00
6.8431e+01 1.2913e+04 1.2452e-03 6.5674e-01 1.2913e+04 1.6079e+01 1.6519e+00
6.8824e+01 1.2907e+04 1.2264e-03 6.4930e-01 1.2907e+04 1.5830e+01 1.6329e+00
6.9216e+01 1.2901e+04 1.2072e-03 6.4161e-01 1.2901e+04 1.5574e+01 1.6134e+00
6.9608e+01 1.2895e+04 1.1874e-03 6.3369e-01 1.2895e+04 1.5311e+01 1.5933e+00
7.0000e+01 1.2888e+04 1.1671e-03 6.2552e-01 1.2888e+04 1.5042e+01 1.5726e+00
7.0392e+01 1.2881e+04 1.1463e-03 6.1710e-01 1.2881e+04 1.4765e+01 1.5512e+00
7.0784e+01 1.2874e+04 1.1249e-03 6.0843e-01 1.2874e+04 1.4482e+01 1.5292e+00
7.1176e+01 1.2867e+04 1.1030e-03 5.9950e-01 1.2867e+04 1.4192e+01 1.5066e+00
7.1569e+01 1.2859e+04 1.0805e-03 5.9030e-01 1.2859e+04 1.3894e+01 1.4833e+00
7.1961e+01 1.2851e+04 1.0575e-03 5.8084e-01 1.2851e+04 1.3590e+01 1.4593e+00
7.2353e+01 1.2843e+04 1.0339e-03 5.7109e-01 1.2843e+04 1.3279e+01 1.4346e+00
7.2745e+01 1.2835e+04 1.0098e-03 5.6106e-01 1.2835e+04 1.2961e+01 1.4092e+00
7.3137e+01 1.2827e+04 9.8505e-04 5.5074e-01 1.2827e+04 1.2635e+01 1.3831e+00
7.3529e+01 1.2818e+04 9.5975e-04 5.4013e-01 1.2818e+04 1.2302e+01 1.3562e+00
7.3922e+01 1.2809e+04 9.3385e-04 5.2920e-01 1.2809e+04 1.1962e+01 1.3286e+00
7.4314e+01 1.2800e+04 9.0735e-04 5.1796e-01 1.2800e+04 1.1614e+01 1.3002e+00
7.4706e+01 1.2791e+04 8.8023e-04 5.0640e-01 1.2791e+04 1.1259e+01 1.2710e+00
7.5098e+01 1.2781e+04 8.5249e-04 4.9451e-01 1.2781e+04 1.0896e+01 1.2409e+00
7.5490e+01 1.2771e+04 8.2411e-04 4.8227e-01 1.2771e+04 1.0525e+01 1.2100e+00
7.5882e+01 1.2762e+04 7.9508e-04 4.6968e-01 1.2762e+04 1.0146e+01 1.1782e+00
7.6275e+01 1.2751e+04 7.6539e-04 4.5673e-01 1.2751e+04 9.7598e+00 1.1456e+00
7.6667e+01 1.2741e+04 7.3502e-04 4.4341e-01 1.2741e+04 9.3649e+00 1.1120e+00
7.7059e+01 1.2730e+04 7.0396e-04 4.2969e-01 1.2730e+04 8.9618e+00 1.0774e+00
7.7451e+01 1.2720e+04 6.7220e-04 4.1558e-01 1.2720e+04 8.5501e+00 1.0418e+00
7.7843e+01 1.2709e+04 6.3971e-04 4.0106e-01 1.2709e+04 8.1299e+00 1.0053e+00
7.8235e+01 1.2697e+04 6.0650e-04 3.8612e-01 1.2697e+04 7.7010e+00 9.6764e-01
7.8627e+01 1.2686e+04 5.7253e-04 3.7074e-01 1.2686e+04 7.2631e+00 9.2894e-01
7.9020e+01 1.2674e+04 5.3780e-04 3.5492e-01 1.2674e+04 6.8162e+00 8.8913e-01
7.9412e+01 1.2662e+04 5.0228e-04 3.3863e-01 1.2662e+04 6.3601e+00 8.4817e-01
7.9804e+01 1.2650e+04 4.6597e-04 3.2187e-01 1.2650e+04 5.8947e+00 8.0604e-01
8.0196e+01 1.2638e+04 4.2884e-04 3.0461e-01 1.2638e+04 5.4198e+00 7.6269e-01
8.0588e+01 1.2626e+04 3.9088e-04 2.8685e-01 1.2626e+04 4.9351e+00 7.1808e-01
8.0980e+01 1.2613e+04 3.5207e-04 2.6856e-01 1.2613e+04 4.4406e+00 6.7219e-01
8.1373e+01 1.2600e+04 3.1240e-04 2.4974e-01 1.2600e+04 3.9362e+00 6.2497e-01
8.1765e+01 1.2587e+04 2.7188e-04 2.3039e-01 1.2587e+04 3.4221e+00 5.7643e-01
8.2157e+01 1.2573e+04 2.3062e-04 2.1053e-01 1.2573e+04 2.8997e+00 5.2667e-01
8.2549e+01 1.2560e+04 1.8894e-04 1.9034e-01 1.2560e+04 2.3731e+00 4.7607e-01
8.2941e+01 1.2547e+04 1.4767e-04 1.7021e-01 1.2547e+04 1.8528e+00 4.2567e-01
8.3333e+01 1.2534e+04 1.0839e-04 1.5100e-01 1.2534e+04 1.3586e+00 3.7759e-01
8.3725e+01 1.2523e+04 7.3506e-05 1.3401e-01 1.2523e+04 9.2055e-01 3.3506e-01
8.4118e+01 1.2515e+04 4.5464e-05 1.2056e-01 1.2515e+04 5.6897e-01 3.0141e-01
8.4510e+01 1.2508e+04 2.5554e-05 1.1126e-01 1.2508e+04 3.1964e-01 2.7816e-01
8.4902e+01 1.2504e+04 1.3166e-05 1.0567e-01 1.2504e+04 1.6464e-01 2.6417e-01
8.5294e+01 1.2502e+04 6.3378e-06 1.0268e-01 1.2502e+04 7.9236e-02 2.5671e-01
8.5686e+01 1.2501e+04 2.9142e-06 1.0122e-01 1.2501e+04 3.6430e-02 2.5306e-01
8.6078e+01 1.2500e+04 1.3040e-06 1.0054e-01 1.2500e+04 1.6301e-02 2.5136e-01
8.6471e+01 1.2500e+04 5.7489e-07 1.0024e-01 1.2500e+04 7.1862e-03 2.5060e-01
8.6863e+01 1.2500e+04 2.5138e-07 1.0010e-01 1.2500e+04 3.1423e-03 2.5026e-01
8.7255e+01 1.2500e+04 1.0939e-07 1.0005e-01 1.2500e+04 1.3674e-03 2.5011e-01
8.7647e+01 1.2500e+04 4.7448e-08 1.0002e-01 1.2500e+04 5.9310e-04 2.5005e-01
8.8039e+01 1.2500e+04 2.0527e-08 1.0001e-01 1.2500e+04 2.5659e-04 2.5002e-01
8.8431e+01 1.2500e+04 8.8603e-09 1.0000e-01 1.2500e+04 1.1075e-04 2.5001e-01
8.8824e+01 1.2500e+04 3.8162e-09 1.0000e-01 1.2500e+04 4.7703e-05 2.5000e-01
8.9216e+01 1.2500e+04 1.6402e-09 1.0000e-01 1.2500e+04 2.0502e-05 2.5000e-01
8.9608e+01 1.2500e+04 7.0346e-10 1.0000e-01 1.2500e+04 8.7933e-06 2.5000e-01
9.0000e+01 1.2500e+04 3.0108e-10 1.0000e-01 1.2500e+04 3.7635e-06 2.5000e-01
9.0392e+01 1.2500e+04 1.2859e-10 1.0000e-01 1.2500e+04 1.6073e-06 2.5000e-01
9.0784e+01 1.2500e+04 5.4802e-11 1.0000e-01 1.2500e+04 6.8502e-07 2.5000e-01
9.1176e+01 1.2500e+04 2.3306e-11 1.0000e-01 1.2500e+04 2.9133e-07 2.5000e-01
9.1569e+01 1.2500e+04 9.8904e-12 1.0000e-01 1.2500e+04 1.2363e-07 2.5000e-01
9.1961e+01 1.2500e+04 4.1881e-12 1.0000e-01 1.2500e+04 5.2352e-08 2.5000e-01
9.2353e+01 1.2500e+04 1.7697e-12 1.0000e-01 1.2500e+04 2.2121e-08 2.5000e-01
9.2745e+01 1.2500e+04 7.4612e-13 1.0000e-01 1.2500e+04 9.3266e-09 2.5000e-01
9.3137e+01 1.2500e+04 3.1389e-13 1.0000e-01 1.2500e+04 3.9237e-09 2.5000e-01
9.3529e+01 1.2500e+04 1.3176e-13 1.0000e-01 1.2500e+04 1.6470e-09 2.5000e-01
9.3922e+01 1.2500e+04 5.5187e-14 1.0000e-01 1.2500e+04 6.8984e-10 2.5000e-01
9.4314e+01 1.2500e+04 2.3062e-14 1.0000e-01 1.2500e+04 2.8827e-10 2.5000e-01
9.4706e+01 1.2500e+04 9.6136e-15 1.0000e-01 1.2500e+04 1.2017e-10 2.5000e-01
9.5098e+01 1.2500e+04 3.9971e-15 1.0000e-01 1.2500e+04 4.9964e-11 2.5000e-01
9.5490e+01 1.2500e+04 1.6569e-15 1.0000e-01 1.2500e+04 2.0712e-11 2.5000e-01
9.5882e+01 1.2500e+04 6.8382e-16 1.0000e-01 1.2500e+04 8.5477e-12 2.5000e-01
9.6275e+01 1.2500e+04 2.8006e-16 1.0000e-01 1.2500e+04 3.5007e-12 2.5000e-01
9.6667e+01 1.2500e+04 1.1310e-16 1.0000e-01 1.2500e+04 1.4138e-12 2.5000e-01
9.7059e+01 1.2500e+04 4.4450e-17 1.0000e-01 1.2500e+04 5.5563e-13 2.5000e-01
9.7451e+01 1.2500e+04 1.6404e-17 1.0000e-01 1.2500e+04 2.0505e-13 2.5000e-01
9.7843e+01 1.2500e+04 5.0053e-18 1.0000e-01 1.2500e+04 6.2567e-14 2.5000e-01
9.8235e+01 1.2500e+04 7.6920e-19 1.0000e-01 1.2500e+04 9.6150e-15 2.5000e-01
9.8627e+01 1.2500e+04 1.5288e-20 1.0000e-01 1.2500e+04 1.9110e-16 2.5000e-01
9.9020e+01 1.2500e+04 0.0000e+00 1.0000e-01 1.2500e+04 0.0000e+00 2.5000e-01
9.9412e+01 1.2500e+04 0.0000e+00 1.0000e-01 1.2500e+04 0.0000e+00 2.5000e-01
9.9804e+01 1.2500e+04 0.0000e+00 1.0000e-01 1.2500e+04 0.0000e+00 2.5000e-01
