# # x Density Velocity Pressure q0 q1 q2
1.9608e-01 1.0000e+05 0.0000e+00 1.0000e+00 1.0000e+05 0.0000e+00 2.5000e+00
5.8824e-01 1.0000e+05 0.0000e+00 1.0000e+00 1.0000e+05 0.0000e+00 2.5000e+00
9.8039e-01 1.0000e+05 0.0000e+00 1.0000e+00 1.0000e+05 0.0000e+00 2.5000e+00
1.3725e+00 1.0000e+05 0.0000e+00 1.0000e+00 1.0000e+05 0.0000e+00 2.5000e+00
1.7647e+00 1.0000e+05 0.0000e+00 1.0000e+00 1.0000e+05 0.0000e+00 2.5000e+00
2.1569e+00 1.0000e+05 0.0000e+00 1.0000e+00 1.0000e+05 0.0000e+00 2.5000e+00
2.5490e+00 1.0000e+05 0.0000e+00 1.0000e+00 1.0000e+05 0.0000e+00 2.5000e+00
2.9412e+00 1.0000e+05 0.0000e+00 1.0000e+00 1.0000e+05 0.0000e+00 2.5000e+00
3.3333e+00 1.0000e+05 0.0000e+00 1.0000e+00 1.0000e+05 0.0000e+00 2.5000e+00
3.7255e+00 1.0000e+05 0.0000e+00 1.0000e+00 1.0000e+05 0.0000e+00 2.5000e+00
4.1176e+00 1.0000e+05 0.0000e+00 1.0000e+00 1.0000e+05 0.0000e+00 2.5000e+00
4.5098e+00 1.0000e+05 0.0000e+00 1.0000e+00 1.0000e+05 0.0000e+00 2.5000e+00
4.9020e+00 1.0000e+05 0.0000e+00 1.0000e+00 1.0000e+05 0.0000e+00 2.5000e+00
5.2941e+00 1.0000e+05 1.1324e-21 1.0000e+00 1.0000e+05 1.1324e-16 2.5000e+00
5.6863e+00 1.0000e+05 3.8106e-19 1.0000e+00 1.0000e+05 3.8106e-14 2.5000e+00
6.0784e+00 1.0000e+05 2.1321e-18 1.0000e+00 1.0000e+05 2.1321e-13 2.5000e+00
6.4706e+00 1.0000e+05 5.7895e-18 1.0000e+00 1.0000e+05 5.7895e-13 2.5000e+00
6.8627e+00 1.0000e+05 1.1340e-17 1.0000e+00 1.0000e+05 1.1340e-12 2.5000e+00
7.2549e+00 1.0000e+05 1.8857e-17 1.0000e+00 1.0000e+05 1.8857e-12 2.5000e+00
7.6471e+00 1.0000e+05 2.9591e-17 1.0000e+00 1.0000e+05 2.9591e-12 2.5000e+00
8.0392e+00 1.0000e+05 4.6087e-17 1.0000e+00 1.0000e+05 4.6087e-12 2.5000e+00
8.4314e+00 1.0000e+05 7.1625e-17 1.0000e+00 1.0000e+05 7.1625e-12 2.5000e+00
8.8235e+00 1.0000e+05 1.1338e-16 1.0000e+00 1.0000e+05 1.1338e-11 2.5000e+00
9.2157e+00 1.0000e+05 1.8233e-16 1.0000e+00 1.0000e+05 1.8233e-11 2.5000e+00
9.6078e+00 1.0000e+05 2.9640e-16 1.0000e+00 1.0000e+05 2.9640e-11 2.5000e+00
1.0000e+01 1.0000e+05 4.8538e-16 1.0000e+00 1.0000e+05 4.8538e-11 2.5000e+00
1.0392e+01 1.0000e+05 7.9752e-16 1.0000e+00 1.0000e+05 7.9752e-11 2.5000e+00
1.0784e+01 1.0000e+05 1.3112e-15 1.0000e+00 1.0000e+05 1.3112e-10 2.5000e+00
1.1176e+01 1.0000e+05 2.1529e-15 1.0000e+00 1.0000e+05 2.1529e-10 2.5000e+00
1.1569e+01 1.0000e+05 3.5244e-15 1.0000e+00 1.0000e+05 3.5244e-10 2.5000e+00
1.1961e+01 1.0000e+05 5.7489e-15 1.0000e+00 1.0000e+05 5.7489e-10 2.5000e+00
1.2353e+01 1.0000e+05 9.3391e-15 1.0000e+00 1.0000e+05 9.3391e-10 2.5000e+00
1.2745e+01 1.0000e+05 1.5105e-14 1.0000e+00 1.0000e+05 1.5105e-09 2.5000e+00
1.3137e+01 1.0000e+05 2.4320e-14 1.0000e+00 1.0000e+05 2.4320e-09 2.5000e+00
1.3529e+01 1.0000e+05 3.8972e-14 1.0000e+00 1.0000e+05 3.8972e-09 2.5000e+00
1.3922e+01 1.0000e+05 6.2157e-14 1.0000e+00 1.0000e+05 6.2157e-09 2.5000e+00
1.4314e+01 1.0000e+05 9.8665e-14 1.0000e+00 1.0000e+05 9.8665e-09 2.5000e+00
1.4706e+01 1.0000e+05 1.5587e-13 1.0000e+00 1.0000e+05 1.5587e-08 2.5000e+00
1.5098e+01 1.0000e+05 2.4505e-13 1.0000e+00 1.0000e+05 2.4505e-08 2.5000e+00
1.5490e+01 1.0000e+05 3.8340e-13 1.0000e+00 1.0000e+05 3.8340e-08 2.5000e+00
1.5882e+01 1.0000e+05 5.9698e-13 1.0000e+00 1.0000e+05 5.9698e-08 2.5000e+00
1.6275e+01 1.0000e+05 9.2505e-13 1.0000e+00 1.0000e+05 9.2505e-08 2.5000e+00
1.6667e+01 1.0000e+05 1.4265e-12 1.0000e+00 1.0000e+05 1.4265e-07 2.5000e+00
1.7059e+01 1.0000e+05 2.1890e-12 1.0000e+00 1.0000e+05 2.1890e-07 2.5000e+00
1.7451e+01 1.0000e+05 3.3429e-12 1.0000e+00 1.0000e+05 3.3429e-07 2.5000e+00
1.7843e+01 1.0000e+05 5.0803e-12 1.0000e+00 1.0000e+05 5.0803e-07 2.5000e+00
1.8235e+01 1.0000e+05 7.6829e-12 1.0000e+00 1.0000e+05 7.6829e-07 2.5000e+00
1.8627e+01 1.0000e+05 1.1562e-11 1.0000e+00 1.0000e+05 1.1562e-06 2.5000e+00
1.9020e+01 1.0000e+05 1.7315e-11 1.0000e+00 1.0000e+05 1.7315e-06 2.5000e+00
1.9412e+01 1.0000e+05 2.5805e-11 1.0000e+00 1.0000e+05 2.5805e-06 2.5000e+00
1.9804e+01 1.0000e+05 3.8268e-11 1.0000e+00 1.0000e+05 3.8268e-06 2.5000e+00
2.0196e+01 1.0000e+05 5.6472e-11 1.0000e+00 1.0000e+05 5.6472e-06 2.5000e+00
2.0588e+01 1.0000e+05 8.2927e-11 1.0000e+00 1.0000e+05 8.2927e-06 2.5000e+00
2.0980e+01 1.0000e+05 1.2118e-10 1.0000e+00 1.0000e+05 1.2118e-05 2.5000e+00
2.1373e+01 1.0000e+05 1.7620e-10 1.0000e+00 1.0000e+05 1.7620e-05 2.5000e+00
2.1765e+01 1.0000e+05 2.5494e-10 1.0000e+00 1.0000e+05 2.5494e-05 2.5000e+00
2.2157e+01 1.0000e+05 3.6706e-10 1.0000e+00 1.0000e+05 3.6706e-05 2.5000e+00
2.2549e+01 1.0000e+05 5.2589e-10 1.0000e+00 1.0000e+05 5.2589e-05 2.5000e+00
2.2941e+01 1.0000e+05 7.4971e-10 1.0000e+00 1.0000e+05 7.4971e-05 2.5000e+00
2.3333e+01 1.0000e+05 1.0635e-09 1.0000e+00 1.0000e+05 1.0635e-04 2.5000e+00
2.3725e+01 1.0000e+05 1.5012e-09 1.0000e+00 1.0000e+05 1.5012e-04 2.5000e+00
2.4118e+01 1.0000e+05 2.1086e-09 1.0000e+00 1.0000e+05 2.1086e-04 2.5000e+00
2.4510e+01 1.0000e+05 2.9470e-09 9.9999e-01 1.0000e+05 2.9470e-04 2.5000e+00
2.4902e+01 1.0000e+05 4.0984e-09 9.9999e-01 1.0000e+05 4.0984e-04 2.5000e+00
2.5294e+01 1.0000e+05 5.6715e-09 9.9999e-01 1.0000e+05 5.6715e-04 2.5000e+00
2.5686e+01 1.0000e+05 7.8095e-09 9.9998e-01 1.0000e+05 7.8095e-04 2.5000e+00
2.6078e+01 1.0000e+05 1.0700e-08 9.9998e-01 1.0000e+05 1.0700e-03 2.4999e+00
2.6471e+01 1.0000e+05 1.4588e-08 9.9997e-01 1.0000e+05 1.4588e-03 2.4999e+00
2.6863e+01 1.0000e+05 1.9791e-08 9.9996e-01 1.0000e+05 1.9791e-03 2.4999e+00
2.7255e+01 1.0000e+05 2.6715e-08 9.9995e-01 1.0000e+05 2.6715e-03 2.4999e+00
2.7647e+01 1.0000e+05 3.5884e-08 9.9993e-01 1.0000e+05 3.5884e-03 2.4998e+00
2.8039e+01 1.0000e+05 4.7962e-08 9.9991e-01 1.0000e+05 4.7961e-03 2.4998e+00
2.8431e+01 1.0000e+05 6.3787e-08 9.9988e-01 1.0000e+05 6.3787e-03 2.4997e+00
2.8824e+01 1.0000e+05 8.4414e-08 9.9984e-01 1.0000e+05 8.4414e-03 2.4996e+00
2.9216e+01 9.9999e+04 1.1116e-07 9.9980e-01 9.9999e+04 1.1116e-02 2.4995e+00
2.9608e+01 9.9999e+04 1.4566e-07 9.9974e-01 9.9999e+04 1.4566e-02 2.4993e+00
3.0000e+01 9.9999e+04 1.8993e-07 9.9967e-01 9.9999e+04 1.8993e-02 2.4992e+00
3.0392e+01 9.9999e+04 2.4643e-07 9.9957e-01 9.9999e+04 2.4643e-02 2.4989e+00
3.0784e+01 9.9998e+04 3.1818e-07 9.9946e-01 9.9998e+04 3.1817e-02 2.4986e+00
3.1176e+01 9.9998e+04 4.0880e-07 9.9931e-01 9.9998e+04 4.0879e-02 2.4983e+00
3.1569e+01 9.9997e+04 5.2266e-07 9.9914e-01 9.9997e+04 5.2265e-02 2.4978e+00
3.1961e+01 9.9996e+04 6.6499e-07 9.9892e-01 9.9996e+04 6.6496e-02 2.4973e+00
3.2353e+01 9.9995e+04 8.4196e-07 9.9865e-01 9.9995e+04 8.4191e-02 2.4966e+00
3.2745e+01 9.9993e+04 1.0609e-06 9.9833e-01 9.9993e+04 1.0608e-01 2.4958e+00
3.3137e+01 9.9992e+04 1.3302e-06 9.9794e-01 9.9992e+04 1.3301e-01 2.4948e+00
3.3529e+01 9.9989e+04 1.6599e-06 9.9747e-01 9.9989e+04 1.6598e-01 2.4937e+00
3.3922e+01 9.9986e+04 2.0615e-06 9.9691e-01 9.9986e+04 2.0612e-01 2.4923e+00
3.4314e+01 9.9983e+04 2.5479e-06 9.9625e-01 9.9983e+04 2.5475e-01 2.4906e+00
3.4706e+01 9.9979e+04 3.1342e-06 9.9547e-01 9.9979e+04 3.1335e-01 2.4887e+00
3.5098e+01 9.9974e+04 3.8372e-06 9.9455e-01 9.9974e+04 3.8362e-01 2.4864e+00
3.5490e+01 9.9967e+04 4.6758e-06 9.9347e-01 9.9967e+04 4.6743e-01 2.4837e+00
3.5882e+01 9.9960e+04 5.6712e-06 9.9223e-01 9.9960e+04 5.6689e-01 2.4806e+00
3.6275e+01 9.9951e+04 6.8465e-06 9.9079e-01 9.9951e+04 6.8431e-01 2.4770e+00
3.6667e+01 9.9940e+04 8.2274e-06 9.8913e-01 9.9940e+04 8.2224e-01 2.4728e+00
3.7059e+01 9.9927e+04 9.8416e-06 9.8724e-01 9.9927e+04 9.8344e-01 2.4681e+00
3.7451e+01 9.9911e+04 1.1719e-05 9.8510e-01 9.9911e+04 1.1709e+00 2.4627e+00
3.7843e+01 9.9893e+04 1.3892e-05 9.8267e-01 9.9893e+04 1.3878e+00 2.4567e+00
3.8235e+01 9.9872e+04 1.6395e-05 9.7994e-01 9.9872e+04 1.6374e+00 2.4499e+00
3.8627e+01 9.9847e+04 1.9264e-05 9.7690e-01 9.9847e+04 1.9234e+00 2.4423e+00
3.9020e+01 9.9818e+04 2.2535e-05 9.7351e-01 9.9818e+04 2.2494e+00 2.4338e+00
3.9412e+01 9.9784e+04 2.6249e-05 9.6976e-01 9.9784e+04 2.6192e+00 2.4244e+00
3.9804e+01 9.9745e+04 3.0444e-05 9.6563e-01 9.9745e+04 3.0366e+00 2.4141e+00
4.0196e+01 9.9700e+04 3.5161e-05 9.6112e-01 9.9700e+04 3.5056e+00 2.4029e+00
4.0588e+01 9.9649e+04 4.0440e-05 9.5621e-01 9.9649e+04 4.0298e+00 2.3906e+00
4.0980e+01 9.9591e+04 4.6320e-05 9.5089e-01 9.9591e+04 4.6131e+00 2.3773e+00
4.1373e+01 9.9525e+04 5.2841e-05 9.4515e-01 9.9525e+04 5.2590e+00 2.3630e+00
4.1765e+01 9.9451e+04 6.0039e-05 9.3901e-01 9.9451e+04 5.9710e+00 2.3477e+00
4.2157e+01 9.9368e+04 6.7951e-05 9.3245e-01 9.9368e+04 6.7521e+00 2.3314e+00
4.2549e+01 9.9274e+04 7.6607e-05 9.2550e-01 9.9274e+04 7.6050e+00 2.3140e+00
4.2941e+01 9.9170e+04 8.6037e-05 9.1816e-01 9.9170e+04 8.5323e+00 2.2958e+00
4.3333e+01 9.9054e+04 9.6266e-05 9.1045e-01 9.9054e+04 9.5356e+00 2.2766e+00
4.3725e+01 9.8926e+04 1.0732e-04 9.0239e-01 9.8926e+04 1.0616e+01 2.2565e+00
4.4118e+01 9.8785e+04 1.1920e-04 8.9401e-01 9.8785e+04 1.1775e+01 2.2357e+00
4.4510e+01 9.8631e+04 1.3195e-04 8.8535e-01 9.8631e+04 1.3015e+01 2.2142e+00
4.4902e+01 9.8460e+04 1.4544e-04 8.7639e-01 9.8460e+04 1.4320e+01 2.1920e+00
4.5294e+01 9.8285e+04 1.6021e-04 8.6737e-01 9.8285e+04 1.5747e+01 2.1697e+00
4.5686e+01 9.8054e+04 1.7433e-04 8.5767e-01 9.8054e+04 1.7094e+01 2.1457e+00
4.6078e+01 9.7935e+04 1.9388e-04 8.4942e-01 9.7935e+04 1.8988e+01 2.1254e+00
4.6471e+01 9.7444e+04 2.0155e-04 8.3677e-01 9.7444e+04 1.9640e+01 2.0939e+00
4.6863e+01 9.7799e+04 2.4054e-04 8.3445e-01 9.7799e+04 2.3524e+01 2.0890e+00
4.7255e+01 9.6336e+04 2.1644e-04 8.1072e-01 9.6336e+04 2.0851e+01 2.0291e+00
4.7647e+01 9.8008e+04 3.0389e-04 8.2412e-01 9.8008e+04 2.9784e+01 2.0648e+00
4.8039e+01 9.5212e+04 2.3643e-04 7.8606e-01 9.5212e+04 2.2511e+01 1.9678e+00
4.8431e+01 9.7156e+04 3.3550e-04 8.0269e-01 9.7156e+04 3.2596e+01 2.0122e+00
4.8824e+01 9.5812e+04 3.1468e-04 7.8025e-01 9.5812e+04 3.0150e+01 1.9554e+00
4.9216e+01 9.2409e+04 3.4675e-04 7.7519e-01 9.2409e+04 3.2043e+01 1.9435e+00
4.9608e+01 1.1749e+05 3.5837e-04 7.6294e-01 1.1749e+05 4.2104e+01 1.9149e+00
5.0000e+01 3.1712e+04 3.8429e-04 7.6119e-01 3.1712e+04 1.2187e+01 1.9053e+00
5.0392e+01 1.1949e+04 3.9500e-04 7.5605e-01 1.1949e+04 4.7198e+00 1.8911e+00
5.0784e+01 9.4350e+03 5.0472e-04 7.5655e-01 9.4350e+03 4.7620e+00 1.8926e+00
5.1176e+01 9.9198e+03 6.8515e-04 7.6257e-01 9.9198e+03 6.7965e+00 1.9088e+00
5.1569e+01 1.0358e+04 7.5193e-04 7.5930e-01 1.0358e+04 7.7886e+00 1.9012e+00
5.1961e+01 1.0852e+04 7.6850e-04 7.5240e-01 1.0852e+04 8.3399e+00 1.8842e+00
5.2353e+01 1.1175e+04 8.5327e-04 7.5443e-01 1.1175e+04 9.5357e+00 1.8902e+00
5.2745e+01 1.1570e+04 9.8196e-04 7.6243e-01 1.1570e+04 1.1361e+01 1.9117e+00
5.3137e+01 1.1771e+04 1.0661e-03 7.6658e-01 1.1771e+04 1.2549e+01 1.9231e+00
5.3529e+01 1.1914e+04 1.0804e-03 7.6338e-01 1.1914e+04 1.2872e+01 1.9154e+00
5.3922e+01 1.1946e+04 1.0558e-03 7.5598e-01 1.1946e+04 1.2613e+01 1.8966e+00
5.4314e+01 1.2033e+04 1.0522e-03 7.5034e-01 1.2033e+04 1.2660e+01 1.8825e+00
5.4706e+01 1.2170e+04 1.1210e-03 7.5377e-01 1.2170e+04 1.3644e+01 1.8921e+00
5.5098e+01 1.2388e+04 1.2473e-03 7.6449e-01 1.2388e+04 1.5452e+01 1.9209e+00
5.5490e+01 1.2597e+04 1.3816e-03 7.7688e-01 1.2597e+04 1.7404e+01 1.9542e+00
5.5882e+01 1.2770e+04 1.4860e-03 7.8635e-01 1.2770e+04 1.8976e+01 1.9800e+00
5.6275e+01 1.2875e+04 1.5482e-03 7.9122e-01 1.2875e+04 1.9933e+01 1.9935e+00
5.6667e+01 1.2931e+04 1.5755e-03 7.9216e-01 1.2931e+04 2.0373e+01 1.9964e+00
5.7059e+01 1.2953e+04 1.5824e-03 7.9083e-01 1.2953e+04 2.0498e+01 1.9933e+00
5.7451e+01 1.2964e+04 1.5809e-03 7.8862e-01 1.2964e+04 2.0494e+01 1.9877e+00
5.7843e+01 1.2968e+04 1.5770e-03 7.8618e-01 1.2968e+04 2.0451e+01 1.9816e+00
5.8235e+01 1.2972e+04 1.5724e-03 7.8362e-01 1.2972e+04 2.0398e+01 1.9751e+00
5.8627e+01 1.2975e+04 1.5673e-03 7.8097e-01 1.2975e+04 2.0336e+01 1.9684e+00
5.9020e+01 1.2978e+04 1.5617e-03 7.7820e-01 1.2978e+04 2.0268e+01 1.9613e+00
5.9412e+01 1.2980e+04 1.5557e-03 7.7532e-01 1.2980e+04 2.0193e+01 1.9540e+00
5.9804e+01 1.2982e+04 1.5491e-03 7.7233e-01 1.2982e+04 2.0110e+01 1.9464e+00
6.0196e+01 1.2983e+04 1.5421e-03 7.6922e-01 1.2983e+04 2.0021e+01 1.9385e+00
6.0588e+01 1.2984e+04 1.5347e-03 7.6598e-01 1.2984e+04 1.9926e+01 1.9302e+00
6.0980e+01 1.2984e+04 1.5268e-03 7.6262e-01 1.2984e+04 1.9824e+01 1.9217e+00
6.1373e+01 1.2984e+04 1.5184e-03 7.5913e-01 1.2984e+04 1.9715e+01 1.9128e+00
6.1765e+01 1.2984e+04 1.5096e-03 7.5550e-01 1.2984e+04 1.9600e+01 1.9036e+00
6.2157e+01 1.2983e+04 1.5003e-03 7.5174e-01 1.2983e+04 1.9479e+01 1.8940e+00
6.2549e+01 1.2982e+04 1.4906e-03 7.4783e-01 1.2982e+04 1.9351e+01 1.8840e+00
6.2941e+01 1.2981e+04 1.4804e-03 7.4377e-01 1.2981e+04 1.9216e+01 1.8737e+00
6.3333e+01 1.2979e+04 1.4697e-03 7.3956e-01 1.2979e+04 1.9076e+01 1.8629e+00
6.3725e+01 1.2977e+04 1.4586e-03 7.3520e-01 1.2977e+04 1.8928e+01 1.8518e+00
6.4118e+01 1.2975e+04 1.4470e-03 7.3067e-01 1.2975e+04 1.8775e+01 1.8403e+00
6.4510e+01 1.2972e+04 1.4349e-03 7.2598e-01 1.2972e+04 1.8615e+01 1.8283e+00
6.4902e+01 1.2970e+04 1.4224e-03 7.2112e-01 1.2970e+04 1.8448e+01 1.8159e+00
6.5294e+01 1.2966e+04 1.4094e-03 7.1609e-01 1.2966e+04 1.8275e+01 1.8031e+00
6.5686e+01 1.2963e+04 1.3960e-03 7.1088e-01 1.2963e+04 1.8096e+01 1.7898e+00
6.6078e+01 1.2959e+04 1.3820e-03 7.0548e-01 1.2959e+04 1.7910e+01 1.7761e+00
6.6471e+01 1.2955e+04 1.3676e-03 6.9990e-01 1.2955e+04 1.7718e+01 1.7619e+00
6.6863e+01 1.2951e+04 1.3527e-03 6.9412e-01 1.2951e+04 1.7519e+01 1.7472e+00
6.7255e+01 1.2947e+04 1.3373e-03 6.8815e-01 1.2947e+04 1.7314e+01 1.7320e+00
6.7647e+01 1.2942e+04 1.3214e-03 6.8198e-01 1.2942e+04 1.7102e+01 1.7163e+00
6.8039e+01 1.2937e+04 1.3051e-03 6.7561e-01 1.2937e+04 1.6883e+01 1.7000e+00
6.8431e+01 1.2932e+04 1.2882e-03 6.6902e-01 1.2932e+04 1.6658e+01 1.6833e+00
6.8824e+01 1.2926e+04 1.2708e-03 6.6223e-01 1.2926e+04 1.6427e+01 1.6660e+00
6.9216e+01 1.2920e+04 1.2530e-03 6.5522e-01 1.2920e+04 1.6189e+01 1.6482e+00
6.9608e+01 1.2914e+04 1.2346e-03 6.4798e-01 1.2914e+04 1.5945e+01 1.6298e+00
7.0000e+01 1.2908e+04 1.2158e-03 6.4052e-01 1.2908e+04 1.5693e+01 1.6108e+00
7.0392e+01 1.2902e+04 1.1964e-03 6.3283e-01 1.2902e+04 1.5436e+01 1.5913e+00
7.0784e+01 1.2895e+04 1.1765e-03 6.2491e-01 1.2895e+04 1.5172e+01 1.5712e+00
7.1176e+01 1.2888e+04 1.1561e-03 6.1675e-01 1.2888e+04 1.4901e+01 1.5505e+00
7.1569e+01 1.2881e+04 1.1352e-03 6.0835e-01 1.2881e+04 1.4623e+01 1.5292e+00
7.1961e+01 1.2874e+04 1.1138e-03 5.9970e-01 1.2874e+04 1.4339e+01 1.5072e+00
7.2353e+01 1.2867e+04 1.0918e-03 5.9080e-01 1.2867e+04 1.4048e+01 1.4847e+00
7.2745e+01 1.2859e+04 1.0694e-03 5.8164e-01 1.2859e+04 1.3751e+01 1.4615e+00
7.3137e+01 1.2851e+04 1.0463e-03 5.7222e-01 1.2851e+04 1.3446e+01 1.4376e+00
7.3529e+01 1.2843e+04 1.0228e-03 5.6253e-01 1.2843e+04 1.3135e+01 1.4130e+00
7.3922e+01 1.2835e+04 9.9865e-04 5.5256e-01 1.2835e+04 1.2817e+01 1.3878e+00
7.4314e+01 1.2826e+04 9.7397e-04 5.4231e-01 1.2826e+04 1.2492e+01 1.3619e+00
7.4706e+01 1.2817e+04 9.4873e-04 5.3178e-01 1.2817e+04 1.2160e+01 1.3352e+00
7.5098e+01 1.2808e+04 9.2292e-04 5.2095e-01 1.2808e+04 1.1821e+01 1.3078e+00
7.5490e+01 1.2799e+04 8.9652e-04 5.0981e-01 1.2799e+04 1.1475e+01 1.2797e+00
7.5882e+01 1.2790e+04 8.6953e-04 4.9836e-01 1.2790e+04 1.1121e+01 1.2507e+00
7.6275e+01 1.2780e+04 8.4193e-04 4.8660e-01 1.2780e+04 1.0760e+01 1.2210e+00
7.6667e+01 1.2771e+04 8.1372e-04 4.7450e-01 1.2771e+04 1.0392e+01 1.1905e+00
7.7059e+01 1.2761e+04 7.8489e-04 4.6206e-01 1.2761e+04 1.0016e+01 1.1591e+00
7.7451e+01 1.2750e+04 7.5541e-04 4.4928e-01 1.2750e+04 9.6318e+00 1.1268e+00
7.7843e+01 1.2740e+04 7.2528e-04 4.3614e-01 1.2740e+04 9.2401e+00 1.0937e+00
7.8235e+01 1.2729e+04 6.9449e-04 4.2263e-01 1.2729e+04 8.8405e+00 1.0596e+00
7.8627e+01 1.2719e+04 6.6303e-04 4.0874e-01 1.2719e+04 8.4328e+00 1.0246e+00
7.9020e+01 1.2708e+04 6.3087e-04 3.9446e-01 1.2708e+04 8.0169e+00 9.8867e-01
7.9412e+01 1.2696e+04 5.9801e-04 3.7977e-01 1.2696e+04 7.5927e+00 9.5170e-01
7.9804e+01 1.2685e+04 5.6444e-04 3.6467e-01 1.2685e+04 7.1599e+00 9.1370e-01
8.0196e+01 1.2673e+04 5.3013e-04 3.4915e-01 1.2673e+04 6.7185e+00 8.7465e-01
8.0588e+01 1.2662e+04 4.9507e-04 3.3319e-01 1.2662e+04 6.2684e+00 8.3452e-01
8.0980e+01 1.2650e+04 4.5925e-04 3.1677e-01 1.2650e+04 5.8093e+00 7.9326e-01
8.1373e+01 1.2637e+04 4.2265e-04 2.9989e-01 1.2637e+04 5.3412e+00 7.5085e-01
8.1765e+01 1.2625e+04 3.8526e-04 2.8253e-01 1.2625e+04 4.8638e+00 7.0726e-01
8.2157e+01 1.2612e+04 3.4705e-04 2.6467e-01 1.2612e+04 4.3771e+00 6.6244e-01
8.2549e+01 1.2599e+04 3.0803e-04 2.4631e-01 1.2599e+04 3.8809e+00 6.1638e-01
8.2941e+01 1.2586e+04 2.6820e-04 2.2745e-01 1.2586e+04 3.3756e+00 5.6908e-01
8.3333e+01 1.2573e+04 2.2767e-04 2.0812e-01 1.2573e+04 2.8626e+00 5.2063e-01
8.3725e+01 1.2560e+04 1.8677e-04 1.8848e-01 1.2560e+04 2.3458e+00 4.7142e-01
8.4118e+01 1.2547e+04 1.4627e-04 1.6892e-01 1.2547e+04 1.8352e+00 4.2243e-01
8.4510e+01 1.2535e+04 1.0771e-04 1.5024e-01 1.2535e+04 1.3501e+00 3.7566e-01
8.4902e+01 1.2524e+04 7.3387e-05 1.3367e-01 1.2524e+04 9.1907e-01 3.3421e-01
8.5294e+01 1.2515e+04 4.5676e-05 1.2049e-01 1.2515e+04 5.7163e-01 3.0124e-01
8.5686e+01 1.2509e+04 2.5869e-05 1.1132e-01 1.2509e+04 3.2359e-01 2.7829e-01
8.6078e+01 1.2505e+04 1.3442e-05 1.0575e-01 1.2505e+04 1.6808e-01 2.6437e-01
8.6471e+01 1.2502e+04 6.5263e-06 1.0274e-01 1.2502e+04 8.1593e-02 2.5686e-01
8.6863e+01 1.2501e+04 3.0260e-06 1.0126e-01 1.2501e+04 3.7828e-02 2.5315e-01
8.7255e+01 1.2500e+04 1.3649e-06 1.0057e-01 1.2500e+04 1.7062e-02 2.5141e-01
8.7647e+01 1.2500e+04 6.0637e-07 1.0025e-01 1.2500e+04 7.5798e-03 2.5063e-01
8.8039e+01 1.2500e+04 2.6715e-07 1.0011e-01 1.2500e+04 3.3395e-03 2.5028e-01
8.8431e+01 1.2500e+04 1.1713e-07 1.0005e-01 1.2500e+04 1.4641e-03 2.5012e-01
8.8824e+01 1.2500e+04 5.1187e-08 1.0002e-01 1.2500e+04 6.3984e-04 2.5005e-01
8.9216e+01 1.2500e+04 2.2313e-08 1.0001e-01 1.2500e+04 2.7891e-04 2.5002e-01
8.9608e+01 1.2500e+04 9.7048e-09 1.0000e-01 1.2500e+04 1.2131e-04 2.5001e-01
9.0000e+01 1.2500e+04 4.2122e-09 1.0000e-01 1.2500e+04 5.2653e-05 2.5000e-01
9.0392e+01 1.2500e+04 1.8245e-09 1.0000e-01 1.2500e+04 2.2807e-05 2.5000e-01
9.0784e+01 1.2500e+04 7.8871e-10 1.0000e-01 1.2500e+04 9.8589e-06 2.5000e-01
9.1176e+01 1.2500e+04 3.4026e-10 1.0000e-01 1.2500e+04 4.2532e-06 2.5000e-01
9.1569e+01 1.2500e+04 1.4649e-10 1.0000e-01 1.2500e+04 1.8312e-06 2.5000e-01
9.1961e+01 1.2500e+04 6.2942e-11 1.0000e-01 1.2500e+04 7.8678e-07 2.5000e-01
9.2353e+01 1.2500e+04 2.6989e-11 1.0000e-01 1.2500e+04 3.3736e-07 2.5000e-01
9.2745e+01 1.2500e+04 1.1549e-11 1.0000e-01 1.2500e+04 1.4436e-07 2.5000e-01
9.3137e+01 1.2500e+04 4.9316e-12 1.0000e-01 1.2500e+04 6.1645e-08 2.5000e-01
9.3529e+01 1.2500e+04 2.1016e-12 1.0000e-01 1.2500e+04 2.6269e-08 2.5000e-01
9.3922e+01 1.2500e+04 8.9369e-13 1.0000e-01 1.2500e+04 1.1171e-08 2.5000e-01
9.4314e+01 1.2500e+04 3.7925e-13 1.0000e-01 1.2500e+04 4.7406e-09 2.5000e-01
9.4706e+01 1.2500e+04 1.6060e-13 1.0000e-01 1.2500e+04 2.0075e-09 2.5000e-01
9.5098e+01 1.2500e+04 6.7862e-14 1.0000e-01 1.2500e+04 8.4828e-10 2.5000e-01
9.5490e+01 1.2500e+04 2.8613e-14 1.0000e-01 1.2500e+04 3.5766e-10 2.5000e-01
9.5882e+01 1.2500e+04 1.2037e-14 1.0000e-01 1.2500e+04 1.5047e-10 2.5000e-01
9.6275e+01 1.2500e+04 5.0518e-15 1.0000e-01 1.2500e+04 6.3148e-11 2.5000e-01
9.6667e+01 1.2500e+04 2.1140e-15 1.0000e-01 1.2500e+04 2.6425e-11 2.5000e-01
9.7059e+01 1.2500e+04 8.8130e-16 1.0000e-01 1.2500e+04 1.1016e-11 2.5000e-01
9.7451e+01 1.2500e+04 3.6499e-16 1.0000e-01 1.2500e+04 4.5624e-12 2.5000e-01
9.7843e+01 1.2500e+04 1.4954e-16 1.0000e-01 1.2500e+04 1.8692e-12 2.5000e-01
9.8235e+01 1.2500e+04 5.9788e-17 1.0000e-01 1.2500e+04 7.4735e-13 2.5000e-01
9.8627e+01 1.2500e+04 2.2728e-17 1.0000e-01 1.2500e+04 2.8410e-13 2.5000e-01
9.9020e+01 1.2500e+04 7.5745e-18 1.0000e-01 1.2500e+04 9.4682e-14 2.5000e-01
9.9412e+01 1.2500e+04 1.6689e-18 1.0000e-01 1.2500e+04 2.0861e-14 2.5000e-01
9.9804e+01 1.2500e+04 3.5955e-20 1.0000e-01 1.2500e+04 4.4943e-16 2.5000e-01
