# # x Density Velocity Pressure q0 q1 q2
1.9608e-01 1.0000e+05 0.0000e+00 1.0000e+00 1.0000e+05 0.0000e+00 2.5000e+00
5.8824e-01 1.0000e+05 0.0000e+00 1.0000e+00 1.0000e+05 0.0000e+00 2.5000e+00
9.8039e-01 1.0000e+05 0.0000e+00 1.0000e+00 1.0000e+05 0.0000e+00 2.5000e+00
1.3725e+00 1.0000e+05 0.0000e+00 1.0000e+00 1.0000e+05 0.0000e+00 2.5000e+00
1.7647e+00 1.0000e+05 0.0000e+00 1.0000e+00 1.0000e+05 0.0000e+00 2.5000e+00
2.1569e+00 1.0000e+05 0.0000e+00 1.0000e+00 1.0000e+05 0.0000e+00 2.5000e+00
2.5490e+00 1.0000e+05 0.0000e+00 1.0000e+00 1.0000e+05 0.0000e+00 2.5000e+00
2.9412e+00 1.0000e+05 0.0000e+00 1.0000e+00 1.0000e+05 0.0000e+00 2.5000e+00
3.3333e+00 1.0000e+05 0.0000e+00 1.0000e+00 1.0000e+05 0.0000e+00 2.5000e+00
3.7255e+00 1.0000e+05 0.0000e+00 1.0000e+00 1.0000e+05 0.0000e+00 2.5000e+00
4.1176e+00 1.0000e+05 0.0000e+00 1.0000e+00 1.0000e+05 0.0000e+00 2.5000e+00
4.5098e+00 1.0000e+05 0.0000e+00 1.0000e+00 1.0000e+05 0.0000e+00 2.5000e+00
4.9020e+00 1.0000e+05 1.3448e-19 1.0000e+00 1.0000e+05 1.3448e-14 2.5000e+00
5.2941e+00 1.0000e+05 1.1755e-18 1.0000e+00 1.0000e+05 1.1755e-13 2.5000e+00
5.6863e+00 1.0000e+05 4.0694e-18 1.0000e+00 1.0000e+05 4.0694e-13 2.5000e+00
6.0784e+00 1.0000e+05 8.8825e-18 1.0000e+00 1.0000e+05 8.8825e-13 2.5000e+00
6.4706e+00 1.0000e+05 1.5606e-17 1.0000e+00 1.0000e+05 1.5606e-12 2.5000e+00
6.8627e+00 1.0000e+05 2.4829e-17 1.0000e+00 1.0000e+05 2.4829e-12 2.5000e+00
7.2549e+00 1.0000e+05 3.8465e-17 1.0000e+00 1.0000e+05 3.8465e-12 2.5000e+00
7.6471e+00 1.0000e+05 5.9356e-17 1.0000e+00 1.0000e+05 5.9356e-12 2.5000e+00
8.0392e+00 1.0000e+05 9.2558e-17 1.0000e+00 1.0000e+05 9.2558e-12 2.5000e+00
8.4314e+00 1.0000e+05 1.4671e-16 1.0000e+00 1.0000e+05 1.4671e-11 2.5000e+00
8.8235e+00 1.0000e+05 2.3563e-16 1.0000e+00 1.0000e+05 2.3563e-11 2.5000e+00
9.2157e+00 1.0000e+05 3.8210e-16 1.0000e+00 1.0000e+05 3.8210e-11 2.5000e+00
9.6078e+00 1.0000e+05 6.2221e-16 1.0000e+00 1.0000e+05 6.2221e-11 2.5000e+00
1.0000e+01 1.0000e+05 1.0157e-15 1.0000e+00 1.0000e+05 1.0157e-10 2.5000e+00
1.0392e+01 1.0000e+05 1.6582e-15 1.0000e+00 1.0000e+05 1.6582e-10 2.5000e+00
1.0784e+01 1.0000e+05 2.7013e-15 1.0000e+00 1.0000e+05 2.7013e-10 2.5000e+00
1.1176e+01 1.0000e+05 4.3869e-15 1.0000e+00 1.0000e+05 4.3869e-10 2.5000e+00
1.1569e+01 1.0000e+05 7.0973e-15 1.0000e+00 1.0000e+05 7.0973e-10 2.5000e+00
1.1961e+01 1.0000e+05 1.1435e-14 1.0000e+00 1.0000e+05 1.1435e-09 2.5000e+00
1.2353e+01 1.0000e+05 1.8344e-14 1.0000e+00 1.0000e+05 1.8344e-09 2.5000e+00
1.2745e+01 1.0000e+05 2.9296e-14 1.0000e+00 1.0000e+05 2.9296e-09 2.5000e+00
1.3137e+01 1.0000e+05 4.6574e-14 1.0000e+00 1.0000e+05 4.6574e-09 2.5000e+00
1.3529e+01 1.0000e+05 7.3699e-14 1.0000e+00 1.0000e+05 7.3699e-09 2.5000e+00
1.3922e+01 1.0000e+05 1.1608e-13 1.0000e+00 1.0000e+05 1.1608e-08 2.5000e+00
1.4314e+01 1.0000e+05 1.8198e-13 1.0000e+00 1.0000e+05 1.8198e-08 2.5000e+00
1.4706e+01 1.0000e+05 2.8395e-13 1.0000e+00 1.0000e+05 2.8395e-08 2.5000e+00
1.5098e+01 1.0000e+05 4.4098e-13 1.0000e+00 1.0000e+05 4.4098e-08 2.5000e+00
1.5490e+01 1.0000e+05 6.8164e-13 1.0000e+00 1.0000e+05 6.8164e-08 2.5000e+00
1.5882e+01 1.0000e+05 1.0487e-12 1.0000e+00 1.0000e+05 1.0487e-07 2.5000e+00
1.6275e+01 1.0000e+05 1.6057e-12 1.0000e+00 1.0000e+05 1.6057e-07 2.5000e+00
1.6667e+01 1.0000e+05 2.4470e-12 1.0000e+00 1.0000e+05 2.4470e-07 2.5000e+00
1.7059e+01 1.0000e+05 3.7114e-12 1.0000e+00 1.0000e+05 3.7114e-07 2.5000e+00
1.7451e+01 1.0000e+05 5.6025e-12 1.0000e+00 1.0000e+05 5.6025e-07 2.5000e+00
1.7843e+01 1.0000e+05 8.4170e-12 1.0000e+00 1.0000e+05 8.4170e-07 2.5000e+00
1.8235e+01 1.0000e+05 1.2585e-11 1.0000e+00 1.0000e+05 1.2585e-06 2.5000e+00
1.8627e+01 1.0000e+05 1.8728e-11 1.0000e+00 1.0000e+05 1.8728e-06 2.5000e+00
1.9020e+01 1.0000e+05 2.7737e-11 1.0000e+00 1.0000e+05 2.7737e-06 2.5000e+00
1.9412e+01 1.0000e+05 4.0884e-11 1.0000e+00 1.0000e+05 4.0884e-06 2.5000e+00
1.9804e+01 1.0000e+05 5.9973e-11 1.0000e+00 1.0000e+05 5.9973e-06 2.5000e+00
2.0196e+01 1.0000e+05 8.7554e-11 1.0000e+00 1.0000e+05 8.7554e-06 2.5000e+00
2.0588e+01 1.0000e+05 1.2721e-10 1.0000e+00 1.0000e+05 1.2721e-05 2.5000e+00
2.0980e+01 1.0000e+05 1.8394e-10 1.0000e+00 1.0000e+05 1.8394e-05 2.5000e+00
2.1373e+01 1.0000e+05 2.6469e-10 1.0000e+00 1.0000e+05 2.6469e-05 2.5000e+00
2.1765e+01 1.0000e+05 3.7906e-10 1.0000e+00 1.0000e+05 3.7906e-05 2.5000e+00
2.2157e+01 1.0000e+05 5.4025e-10 1.0000e+00 1.0000e+05 5.4025e-05 2.5000e+00
2.2549e+01 1.0000e+05 7.6628e-10 1.0000e+00 1.0000e+05 7.6628e-05 2.5000e+00
2.2941e+01 1.0000e+05 1.0816e-09 1.0000e+00 1.0000e+05 1.0816e-04 2.5000e+00
2.3333e+01 1.0000e+05 1.5194e-09 1.0000e+00 1.0000e+05 1.5194e-04 2.5000e+00
2.3725e+01 1.0000e+05 2.1242e-09 1.0000e+00 1.0000e+05 2.1242e-04 2.5000e+00
2.4118e+01 1.0000e+05 2.9553e-09 9.9999e-01 1.0000e+05 2.9553e-04 2.5000e+00
2.4510e+01 1.0000e+05 4.0917e-09 9.9999e-01 1.0000e+05 4.0917e-04 2.5000e+00
2.4902e+01 1.0000e+05 5.6378e-09 9.9999e-01 1.0000e+05 5.6378e-04 2.5000e+00
2.5294e+01 1.0000e+05 7.7307e-09 9.9998e-01 1.0000e+05 7.7307e-04 2.5000e+00
2.5686e+01 1.0000e+05 1.0549e-08 9.9998e-01 1.0000e+05 1.0549e-03 2.4999e+00
2.6078e+01 1.0000e+05 1.4327e-08 9.9997e-01 1.0000e+05 1.4326e-03 2.4999e+00
2.6471e+01 1.0000e+05 1.9362e-08 9.9996e-01 1.0000e+05 1.9362e-03 2.4999e+00
2.6863e+01 1.0000e+05 2.6041e-08 9.9995e-01 1.0000e+05 2.6041e-03 2.4999e+00
2.7255e+01 1.0000e+05 3.4856e-08 9.9993e-01 1.0000e+05 3.4856e-03 2.4998e+00
2.7647e+01 1.0000e+05 4.6430e-08 9.9991e-01 1.0000e+05 4.6429e-03 2.4998e+00
2.8039e+01 1.0000e+05 6.1548e-08 9.9989e-01 1.0000e+05 6.1548e-03 2.4997e+00
2.8431e+01 1.0000e+05 8.1198e-08 9.9985e-01 1.0000e+05 8.1198e-03 2.4996e+00
2.8824e+01 9.9999e+04 1.0661e-07 9.9981e-01 9.9999e+04 1.0661e-02 2.4995e+00
2.9216e+01 9.9999e+04 1.3929e-07 9.9975e-01 9.9999e+04 1.3929e-02 2.4994e+00
2.9608e+01 9.9999e+04 1.8113e-07 9.9968e-01 9.9999e+04 1.8113e-02 2.4992e+00
3.0000e+01 9.9999e+04 2.3441e-07 9.9960e-01 9.9999e+04 2.3441e-02 2.4990e+00
3.0392e+01 9.9998e+04 3.0191e-07 9.9949e-01 9.9998e+04 3.0191e-02 2.4987e+00
3.0784e+01 9.9998e+04 3.8700e-07 9.9935e-01 9.9998e+04 3.8699e-02 2.4984e+00
3.1176e+01 9.9997e+04 4.9370e-07 9.9919e-01 9.9997e+04 4.9369e-02 2.4980e+00
3.1569e+01 9.9996e+04 6.2684e-07 9.9899e-01 9.9996e+04 6.2682e-02 2.4975e+00
3.1961e+01 9.9995e+04 7.9212e-07 9.9874e-01 9.9995e+04 7.9208e-02 2.4968e+00
3.2353e+01 9.9994e+04 9.9626e-07 9.9844e-01 9.9994e+04 9.9619e-02 2.4961e+00
3.2745e+01 9.9992e+04 1.2471e-06 9.9808e-01 9.9992e+04 1.2470e-01 2.4952e+00
3.3137e+01 9.9990e+04 1.5538e-06 9.9764e-01 9.9990e+04 1.5537e-01 2.4941e+00
3.3529e+01 9.9987e+04 1.9269e-06 9.9713e-01 9.9987e+04 1.9267e-01 2.4928e+00
3.3922e+01 9.9984e+04 2.3786e-06 9.9651e-01 9.9984e+04 2.3782e-01 2.4913e+00
3.4314e+01 9.9980e+04 2.9224e-06 9.9579e-01 9.9980e+04 2.9219e-01 2.4895e+00
3.4706e+01 9.9975e+04 3.5742e-06 9.9494e-01 9.9975e+04 3.5733e-01 2.4873e+00
3.5098e+01 9.9970e+04 4.3512e-06 9.9395e-01 9.9970e+04 4.3499e-01 2.4849e+00
3.5490e+01 9.9962e+04 5.2732e-06 9.9279e-01 9.9962e+04 5.2712e-01 2.4820e+00
3.5882e+01 9.9954e+04 6.3615e-06 9.9146e-01 9.9954e+04 6.3586e-01 2.4787e+00
3.6275e+01 9.9944e+04 7.6401e-06 9.8993e-01 9.9944e+04 7.6358e-01 2.4748e+00
3.6667e+01 9.9932e+04 9.1348e-06 9.8818e-01 9.9932e+04 9.1286e-01 2.4704e+00
3.7059e+01 9.9918e+04 1.0874e-05 9.8619e-01 9.9918e+04 1.0865e+00 2.4655e+00
3.7451e+01 9.9901e+04 1.2887e-05 9.8394e-01 9.9901e+04 1.2874e+00 2.4598e+00
3.7843e+01 9.9881e+04 1.5206e-05 9.8140e-01 9.9881e+04 1.5188e+00 2.4535e+00
3.8235e+01 9.9858e+04 1.7865e-05 9.7857e-01 9.9858e+04 1.7840e+00 2.4464e+00
3.8627e+01 9.9831e+04 2.0900e-05 9.7541e-01 9.9831e+04 2.0865e+00 2.4385e+00
3.9020e+01 9.9800e+04 2.4348e-05 9.7191e-01 9.9800e+04 2.4299e+00 2.4298e+00
3.9412e+01 9.9763e+04 2.8246e-05 9.6806e-01 9.9763e+04 2.8179e+00 2.4202e+00
3.9804e+01 9.9722e+04 3.2633e-05 9.6383e-01 9.9722e+04 3.2542e+00 2.4096e+00
4.0196e+01 9.9675e+04 3.7547e-05 9.5923e-01 9.9675e+04 3.7425e+00 2.3981e+00
4.0588e+01 9.9621e+04 4.3028e-05 9.5423e-01 9.9621e+04 4.2864e+00 2.3857e+00
4.0980e+01 9.9559e+04 4.9113e-05 9.4883e-01 9.9559e+04 4.8896e+00 2.3722e+00
4.1373e+01 9.9490e+04 5.5839e-05 9.4303e-01 9.9490e+04 5.5555e+00 2.3577e+00
4.1765e+01 9.9413e+04 6.3242e-05 9.3683e-01 9.9413e+04 6.2870e+00 2.3423e+00
4.2157e+01 9.9325e+04 7.1354e-05 9.3023e-01 9.9325e+04 7.0872e+00 2.3258e+00
4.2549e+01 9.9228e+04 8.0205e-05 9.2325e-01 9.9228e+04 7.9586e+00 2.3085e+00
4.2941e+01 9.9120e+04 8.9823e-05 9.1590e-01 9.9120e+04 8.9032e+00 2.2902e+00
4.3333e+01 9.9000e+04 1.0023e-04 9.0820e-01 9.9000e+04 9.9227e+00 2.2710e+00
4.3725e+01 9.8869e+04 1.1144e-04 9.0016e-01 9.8869e+04 1.1018e+01 2.2510e+00
4.4118e+01 9.8724e+04 1.2347e-04 8.9182e-01 9.8724e+04 1.2189e+01 2.2303e+00
4.4510e+01 9.8566e+04 1.3637e-04 8.8323e-01 9.8566e+04 1.3441e+01 2.2090e+00
4.4902e+01 9.8390e+04 1.4993e-04 8.7433e-01 9.8390e+04 1.4752e+01 2.1869e+00
4.5294e+01 9.8215e+04 1.6491e-04 8.6545e-01 9.8215e+04 1.6197e+01 2.1650e+00
4.5686e+01 9.7970e+04 1.7877e-04 8.5574e-01 9.7970e+04 1.7514e+01 2.1409e+00
4.6078e+01 9.7871e+04 1.9918e-04 8.4789e-01 9.7871e+04 1.9494e+01 2.1217e+00
4.6471e+01 9.7326e+04 2.0506e-04 8.3478e-01 9.7326e+04 1.9958e+01 2.0890e+00
4.6863e+01 9.7770e+04 2.4726e-04 8.3369e-01 9.7770e+04 2.4175e+01 2.0872e+00
4.7255e+01 9.6177e+04 2.1860e-04 8.0863e-01 9.6177e+04 2.1025e+01 2.0239e+00
4.7647e+01 9.7962e+04 3.1003e-04 8.2349e-01 9.7962e+04 3.0371e+01 2.0634e+00
4.8039e+01 9.5148e+04 2.4205e-04 7.8548e-01 9.5148e+04 2.3031e+01 1.9665e+00
4.8431e+01 9.6959e+04 3.3648e-04 8.0075e-01 9.6959e+04 3.2625e+01 2.0074e+00
4.8824e+01 9.5823e+04 3.2171e-04 7.8048e-01 9.5823e+04 3.0827e+01 1.9562e+00
4.9216e+01 9.2106e+04 3.5122e-04 7.7478e-01 9.2106e+04 3.2349e+01 1.9426e+00
4.9608e+01 1.1799e+05 3.6164e-04 7.6226e-01 1.1799e+05 4.2670e+01 1.9134e+00
5.0000e+01 3.2670e+04 3.8882e-04 7.6083e-01 3.2670e+04 1.2703e+01 1.9045e+00
5.0392e+01 1.2148e+04 4.0372e-04 7.5645e-01 1.2148e+04 4.9042e+00 1.8921e+00
5.0784e+01 9.3866e+03 4.8456e-04 7.5410e-01 9.3866e+03 4.5484e+00 1.8863e+00
5.1176e+01 9.8372e+03 6.6972e-04 7.6056e-01 9.8372e+03 6.5882e+00 1.9036e+00
5.1569e+01 1.0315e+04 7.7285e-04 7.6102e-01 1.0315e+04 7.9718e+00 1.9056e+00
5.1961e+01 1.0814e+04 7.8501e-04 7.5363e-01 1.0814e+04 8.4893e+00 1.8874e+00
5.2353e+01 1.1106e+04 8.3255e-04 7.5158e-01 1.1106e+04 9.2461e+00 1.8828e+00
5.2745e+01 1.1491e+04 9.4891e-04 7.5811e-01 1.1491e+04 1.0904e+01 1.9004e+00
5.3137e+01 1.1723e+04 1.0549e-03 7.6468e-01 1.1723e+04 1.2367e+01 1.9182e+00
5.3529e+01 1.1906e+04 1.0973e-03 7.6493e-01 1.1906e+04 1.3064e+01 1.9195e+00
5.3922e+01 1.1953e+04 1.0841e-03 7.5963e-01 1.1953e+04 1.2959e+01 1.9061e+00
5.4314e+01 1.2016e+04 1.0639e-03 7.5191e-01 1.2016e+04 1.2784e+01 1.8866e+00
5.4706e+01 1.2110e+04 1.0947e-03 7.5081e-01 1.2110e+04 1.3257e+01 1.8843e+00
5.5098e+01 1.2297e+04 1.1953e-03 7.5836e-01 1.2297e+04 1.4698e+01 1.9047e+00
5.5490e+01 1.2505e+04 1.3275e-03 7.7029e-01 1.2505e+04 1.6601e+01 1.9367e+00
5.5882e+01 1.2699e+04 1.4468e-03 7.8134e-01 1.2699e+04 1.8373e+01 1.9667e+00
5.6275e+01 1.2832e+04 1.5287e-03 7.8847e-01 1.2832e+04 1.9617e+01 1.9862e+00
5.6667e+01 1.2912e+04 1.5718e-03 7.9126e-01 1.2912e+04 2.0296e+01 1.9941e+00
5.7059e+01 1.2948e+04 1.5877e-03 7.9098e-01 1.2948e+04 2.0557e+01 1.9938e+00
5.7451e+01 1.2964e+04 1.5897e-03 7.8917e-01 1.2964e+04 2.0609e+01 1.9893e+00
5.7843e+01 1.2970e+04 1.5869e-03 7.8690e-01 1.2970e+04 2.0582e+01 1.9836e+00
5.8235e+01 1.2975e+04 1.5828e-03 7.8448e-01 1.2975e+04 2.0537e+01 1.9774e+00
5.8627e+01 1.2978e+04 1.5781e-03 7.8195e-01 1.2978e+04 2.0481e+01 1.9710e+00
5.9020e+01 1.2982e+04 1.5729e-03 7.7932e-01 1.2982e+04 2.0419e+01 1.9644e+00
5.9412e+01 1.2984e+04 1.5673e-03 7.7659e-01 1.2984e+04 2.0350e+01 1.9574e+00
5.9804e+01 1.2986e+04 1.5613e-03 7.7375e-01 1.2986e+04 2.0275e+01 1.9502e+00
6.0196e+01 1.2988e+04 1.5548e-03 7.7080e-01 1.2988e+04 2.0193e+01 1.9427e+00
6.0588e+01 1.2989e+04 1.5478e-03 7.6774e-01 1.2989e+04 2.0104e+01 1.9349e+00
6.0980e+01 1.2989e+04 1.5404e-03 7.6456e-01 1.2989e+04 2.0009e+01 1.9268e+00
6.1373e+01 1.2990e+04 1.5326e-03 7.6126e-01 1.2990e+04 1.9908e+01 1.9184e+00
6.1765e+01 1.2990e+04 1.5243e-03 7.5783e-01 1.2990e+04 1.9801e+01 1.9097e+00
6.2157e+01 1.2990e+04 1.5156e-03 7.5427e-01 1.2990e+04 1.9687e+01 1.9006e+00
6.2549e+01 1.2989e+04 1.5064e-03 7.5058e-01 1.2989e+04 1.9567e+01 1.8912e+00
6.2941e+01 1.2988e+04 1.4968e-03 7.4675e-01 1.2988e+04 1.9441e+01 1.8814e+00
6.3333e+01 1.2986e+04 1.4868e-03 7.4278e-01 1.2986e+04 1.9308e+01 1.8713e+00
6.3725e+01 1.2985e+04 1.4763e-03 7.3866e-01 1.2985e+04 1.9170e+01 1.8608e+00
6.4118e+01 1.2983e+04 1.4654e-03 7.3440e-01 1.2983e+04 1.9025e+01 1.8499e+00
6.4510e+01 1.2981e+04 1.4540e-03 7.2998e-01 1.2981e+04 1.8874e+01 1.8387e+00
6.4902e+01 1.2978e+04 1.4422e-03 7.2539e-01 1.2978e+04 1.8716e+01 1.8270e+00
6.5294e+01 1.2975e+04 1.4299e-03 7.2065e-01 1.2975e+04 1.8553e+01 1.8149e+00
6.5686e+01 1.2972e+04 1.4171e-03 7.1574e-01 1.2972e+04 1.8383e+01 1.8024e+00
6.6078e+01 1.2969e+04 1.4039e-03 7.1066e-01 1.2969e+04 1.8207e+01 1.7894e+00
6.6471e+01 1.2965e+04 1.3902e-03 7.0540e-01 1.2965e+04 1.8024e+01 1.7760e+00
6.6863e+01 1.2961e+04 1.3761e-03 6.9996e-01 1.2961e+04 1.7836e+01 1.7622e+00
6.7255e+01 1.2957e+04 1.3615e-03 6.9434e-01 1.2957e+04 1.7641e+01 1.7478e+00
6.7647e+01 1.2953e+04 1.3464e-03 6.8852e-01 1.2953e+04 1.7439e+01 1.7330e+00
6.8039e+01 1.2948e+04 1.3308e-03 6.8252e-01 1.2948e+04 1.7232e+01 1.7178e+00
6.8431e+01 1.2943e+04 1.3148e-03 6.7632e-01 1.2943e+04 1.7018e+01 1.7020e+00
6.8824e+01 1.2938e+04 1.2983e-03 6.6992e-01 1.2938e+04 1.6797e+01 1.6857e+00
6.9216e+01 1.2932e+04 1.2813e-03 6.6331e-01 1.2932e+04 1.6570e+01 1.6689e+00
6.9608e+01 1.2927e+04 1.2638e-03 6.5649e-01 1.2927e+04 1.6337e+01 1.6516e+00
7.0000e+01 1.2921e+04 1.2459e-03 6.4947e-01 1.2921e+04 1.6098e+01 1.6337e+00
7.0392e+01 1.2915e+04 1.2274e-03 6.4222e-01 1.2915e+04 1.5852e+01 1.6153e+00
7.0784e+01 1.2909e+04 1.2085e-03 6.3475e-01 1.2909e+04 1.5600e+01 1.5963e+00
7.1176e+01 1.2902e+04 1.1890e-03 6.2706e-01 1.2902e+04 1.5341e+01 1.5768e+00
7.1569e+01 1.2895e+04 1.1691e-03 6.1914e-01 1.2895e+04 1.5076e+01 1.5567e+00
7.1961e+01 1.2888e+04 1.1486e-03 6.1099e-01 1.2888e+04 1.4804e+01 1.5360e+00
7.2353e+01 1.2881e+04 1.1277e-03 6.0259e-01 1.2881e+04 1.4526e+01 1.5147e+00
7.2745e+01 1.2874e+04 1.1062e-03 5.9396e-01 1.2874e+04 1.4241e+01 1.4928e+00
7.3137e+01 1.2866e+04 1.0842e-03 5.8507e-01 1.2866e+04 1.3950e+01 1.4702e+00
7.3529e+01 1.2859e+04 1.0617e-03 5.7594e-01 1.2859e+04 1.3653e+01 1.4471e+00
7.3922e+01 1.2851e+04 1.0387e-03 5.6654e-01 1.2851e+04 1.3348e+01 1.4233e+00
7.4314e+01 1.2842e+04 1.0152e-03 5.5689e-01 1.2842e+04 1.3037e+01 1.3988e+00
7.4706e+01 1.2834e+04 9.9107e-04 5.4696e-01 1.2834e+04 1.2719e+01 1.3737e+00
7.5098e+01 1.2825e+04 9.6642e-04 5.3676e-01 1.2825e+04 1.2395e+01 1.3479e+00
7.5490e+01 1.2817e+04 9.4122e-04 5.2627e-01 1.2817e+04 1.2063e+01 1.3214e+00
7.5882e+01 1.2808e+04 9.1546e-04 5.1550e-01 1.2808e+04 1.1725e+01 1.2941e+00
7.6275e+01 1.2798e+04 8.8913e-04 5.0443e-01 1.2798e+04 1.1379e+01 1.2661e+00
7.6667e+01 1.2789e+04 8.6221e-04 4.9305e-01 1.2789e+04 1.1027e+01 1.2374e+00
7.7059e+01 1.2780e+04 8.3471e-04 4.8137e-01 1.2780e+04 1.0667e+01 1.2079e+00
7.7451e+01 1.2770e+04 8.0660e-04 4.6936e-01 1.2770e+04 1.0300e+01 1.1775e+00
7.7843e+01 1.2760e+04 7.7789e-04 4.5702e-01 1.2760e+04 9.9256e+00 1.1464e+00
7.8235e+01 1.2750e+04 7.4855e-04 4.4434e-01 1.2750e+04 9.5436e+00 1.1144e+00
7.8627e+01 1.2739e+04 7.1857e-04 4.3131e-01 1.2739e+04 9.1540e+00 1.0816e+00
7.9020e+01 1.2729e+04 6.8795e-04 4.1793e-01 1.2729e+04 8.7567e+00 1.0478e+00
7.9412e+01 1.2718e+04 6.5667e-04 4.0417e-01 1.2718e+04 8.3514e+00 1.0132e+00
7.9804e+01 1.2707e+04 6.2472e-04 3.9004e-01 1.2707e+04 7.9382e+00 9.7758e-01
8.0196e+01 1.2696e+04 5.9208e-04 3.7552e-01 1.2696e+04 7.5169e+00 9.4102e-01
8.0588e+01 1.2684e+04 5.5875e-04 3.6059e-01 1.2684e+04 7.0873e+00 9.0346e-01
8.0980e+01 1.2673e+04 5.2470e-04 3.4525e-01 1.2673e+04 6.6493e+00 8.6488e-01
8.1373e+01 1.2661e+04 4.8992e-04 3.2949e-01 1.2661e+04 6.2029e+00 8.2525e-01
8.1765e+01 1.2649e+04 4.5441e-04 3.1329e-01 1.2649e+04 5.7478e+00 7.8454e-01
8.2157e+01 1.2637e+04 4.1814e-04 2.9664e-01 1.2637e+04 5.2839e+00 7.4271e-01
8.2549e+01 1.2624e+04 3.8109e-04 2.7953e-01 1.2624e+04 4.8110e+00 6.9974e-01
8.2941e+01 1.2612e+04 3.4326e-04 2.6194e-01 1.2612e+04 4.3291e+00 6.5559e-01
8.3333e+01 1.2599e+04 3.0464e-04 2.4386e-01 1.2599e+04 3.8381e+00 6.1024e-01
8.3725e+01 1.2586e+04 2.6524e-04 2.2530e-01 1.2586e+04 3.3383e+00 5.6370e-01
8.4118e+01 1.2573e+04 2.2517e-04 2.0630e-01 1.2573e+04 2.8310e+00 5.1607e-01
8.4510e+01 1.2560e+04 1.8476e-04 1.8701e-01 1.2560e+04 2.3205e+00 4.6773e-01
8.4902e+01 1.2547e+04 1.4477e-04 1.6780e-01 1.2547e+04 1.8163e+00 4.1964e-01
8.5294e+01 1.2534e+04 1.0671e-04 1.4947e-01 1.2534e+04 1.3375e+00 3.7376e-01
8.5686e+01 1.2524e+04 7.2824e-05 1.3322e-01 1.2524e+04 9.1202e-01 3.3308e-01
8.6078e+01 1.2515e+04 4.5441e-05 1.2027e-01 1.2515e+04 5.6869e-01 3.0070e-01
8.6471e+01 1.2509e+04 2.5825e-05 1.1124e-01 1.2509e+04 3.2303e-01 2.7810e-01
8.6863e+01 1.2505e+04 1.3475e-05 1.0573e-01 1.2505e+04 1.6850e-01 2.6433e-01
8.7255e+01 1.2502e+04 6.5726e-06 1.0275e-01 1.2502e+04 8.2173e-02 2.5687e-01
8.7647e+01 1.2501e+04 3.0621e-06 1.0127e-01 1.2501e+04 3.8279e-02 2.5317e-01
8.8039e+01 1.2500e+04 1.3878e-06 1.0057e-01 1.2500e+04 1.7349e-02 2.5143e-01
8.8431e+01 1.2500e+04 6.1949e-07 1.0026e-01 1.2500e+04 7.7437e-03 2.5064e-01
8.8824e+01 1.2500e+04 2.7422e-07 1.0011e-01 1.2500e+04 3.4278e-03 2.5028e-01
8.9216e+01 1.2500e+04 1.2080e-07 1.0005e-01 1.2500e+04 1.5100e-03 2.5012e-01
8.9608e+01 1.2500e+04 5.3041e-08 1.0002e-01 1.2500e+04 6.6302e-04 2.5005e-01
9.0000e+01 1.2500e+04 2.3232e-08 1.0001e-01 1.2500e+04 2.9040e-04 2.5002e-01
9.0392e+01 1.2500e+04 1.0153e-08 1.0000e-01 1.2500e+04 1.2692e-04 2.5001e-01
9.0784e+01 1.2500e+04 4.4285e-09 1.0000e-01 1.2500e+04 5.5356e-05 2.5000e-01
9.1176e+01 1.2500e+04 1.9277e-09 1.0000e-01 1.2500e+04 2.4096e-05 2.5000e-01
9.1569e+01 1.2500e+04 8.3745e-10 1.0000e-01 1.2500e+04 1.0468e-05 2.5000e-01
9.1961e+01 1.2500e+04 3.6311e-10 1.0000e-01 1.2500e+04 4.5388e-06 2.5000e-01
9.2353e+01 1.2500e+04 1.5713e-10 1.0000e-01 1.2500e+04 1.9641e-06 2.5000e-01
9.2745e+01 1.2500e+04 6.7860e-11 1.0000e-01 1.2500e+04 8.4825e-07 2.5000e-01
9.3137e+01 1.2500e+04 2.9249e-11 1.0000e-01 1.2500e+04 3.6561e-07 2.5000e-01
9.3529e+01 1.2500e+04 1.2582e-11 1.0000e-01 1.2500e+04 1.5727e-07 2.5000e-01
9.3922e+01 1.2500e+04 5.4014e-12 1.0000e-01 1.2500e+04 6.7517e-08 2.5000e-01
9.4314e+01 1.2500e+04 2.3141e-12 1.0000e-01 1.2500e+04 2.8927e-08 2.5000e-01
9.4706e+01 1.2500e+04 9.8944e-13 1.0000e-01 1.2500e+04 1.2368e-08 2.5000e-01
9.5098e+01 1.2500e+04 4.2219e-13 1.0000e-01 1.2500e+04 5.2773e-09 2.5000e-01
9.5490e+01 1.2500e+04 1.7977e-13 1.0000e-01 1.2500e+04 2.2472e-09 2.5000e-01
9.5882e+01 1.2500e+04 7.6392e-14 1.0000e-01 1.2500e+04 9.5490e-10 2.5000e-01
9.6275e+01 1.2500e+04 3.2393e-14 1.0000e-01 1.2500e+04 4.0491e-10 2.5000e-01
9.6667e+01 1.2500e+04 1.3706e-14 1.0000e-01 1.2500e+04 1.7132e-10 2.5000e-01
9.7059e+01 1.2500e+04 5.7856e-15 1.0000e-01 1.2500e+04 7.2319e-11 2.5000e-01
9.7451e+01 1.2500e+04 2.4354e-15 1.0000e-01 1.2500e+04 3.0443e-11 2.5000e-01
9.7843e+01 1.2500e+04 1.0217e-15 1.0000e-01 1.2500e+04 1.2772e-11 2.5000e-01
9.8235e+01 1.2500e+04 4.2609e-16 1.0000e-01 1.2500e+04 5.3261e-12 2.5000e-01
9.8627e+01 1.2500e+04 1.7570e-16 1.0000e-01 1.2500e+04 2.1963e-12 2.5000e-01
9.9020e+01 1.2500e+04 7.1101e-17 1.0000e-01 1.2500e+04 8.8876e-13 2.5000e-01
9.9412e+01 1.2500e+04 2.7595e-17 1.0000e-01 1.2500e+04 3.4493e-13 2.5000e-01
9.9804e+01 1.2500e+04 9.7185e-18 1.0000e-01 1.2500e+04 1.2148e-13 2.5000e-01
