# # x Density Velocity Pressure q0 q1 q2
1.9608e-01 1.0000e+05 0.0000e+00 1.0000e+00 1.0000e+05 0.0000e+00 2.5000e+00
5.8824e-01 1.0000e+05 0.0000e+00 1.0000e+00 1.0000e+05 0.0000e+00 2.5000e+00
9.8039e-01 1.0000e+05 0.0000e+00 1.0000e+00 1.0000e+05 0.0000e+00 2.5000e+00
1.3725e+00 1.0000e+05 0.0000e+00 1.0000e+00 1.0000e+05 0.0000e+00 2.5000e+00
1.7647e+00 1.0000e+05 0.0000e+00 1.0000e+00 1.0000e+05 0.0000e+00 2.5000e+00
2.1569e+00 1.0000e+05 0.0000e+00 1.0000e+00 1.0000e+05 0.0000e+00 2.5000e+00
2.5490e+00 1.0000e+05 0.0000e+00 1.0000e+00 1.0000e+05 0.0000e+00 2.5000e+00
2.9412e+00 1.0000e+05 0.0000e+00 1.0000e+00 1.0000e+05 0.0000e+00 2.5000e+00
3.3333e+00 1.0000e+05 0.0000e+00 1.0000e+00 1.0000e+05 0.0000e+00 2.5000e+00
3.7255e+00 1.0000e+05 0.0000e+00 1.0000e+00 1.0000e+05 0.0000e+00 2.5000e+00
4.1176e+00 1.0000e+05 0.0000e+00 1.0000e+00 1.0000e+05 0.0000e+00 2.5000e+00
4.5098e+00 1.0000e+05 5.8037e-20 1.0000e+00 1.0000e+05 5.8037e-15 2.5000e+00
4.9020e+00 1.0000e+05 8.1903e-19 1.0000e+00 1.0000e+05 8.1903e-14 2.5000e+00
5.2941e+00 1.0000e+05 3.3183e-18 1.0000e+00 1.0000e+05 3.3183e-13 2.5000e+00
5.6863e+00 1.0000e+05 7.7396e-18 1.0000e+00 1.0000e+05 7.7396e-13 2.5000e+00
6.0784e+00 1.0000e+05 1.4081e-17 1.0000e+00 1.0000e+05 1.4081e-12 2.5000e+00
6.4706e+00 1.0000e+05 2.2639e-17 1.0000e+00 1.0000e+05 2.2639e-12 2.5000e+00
6.8627e+00 1.0000e+05 3.5051e-17 1.0000e+00 1.0000e+05 3.5051e-12 2.5000e+00
7.2549e+00 1.0000e+05 5.4088e-17 1.0000e+00 1.0000e+05 5.4088e-12 2.5000e+00
7.6471e+00 1.0000e+05 8.3605e-17 1.0000e+00 1.0000e+05 8.3605e-12 2.5000e+00
8.0392e+00 1.0000e+05 1.3155e-16 1.0000e+00 1.0000e+05 1.3155e-11 2.5000e+00
8.4314e+00 1.0000e+05 2.1003e-16 1.0000e+00 1.0000e+05 2.1003e-11 2.5000e+00
8.8235e+00 1.0000e+05 3.3879e-16 1.0000e+00 1.0000e+05 3.3879e-11 2.5000e+00
9.2157e+00 1.0000e+05 5.4961e-16 1.0000e+00 1.0000e+05 5.4961e-11 2.5000e+00
9.6078e+00 1.0000e+05 8.9365e-16 1.0000e+00 1.0000e+05 8.9365e-11 2.5000e+00
1.0000e+01 1.0000e+05 1.4541e-15 1.0000e+00 1.0000e+05 1.4541e-10 2.5000e+00
1.0392e+01 1.0000e+05 2.3628e-15 1.0000e+00 1.0000e+05 2.3628e-10 2.5000e+00
1.0784e+01 1.0000e+05 3.8286e-15 1.0000e+00 1.0000e+05 3.8286e-10 2.5000e+00
1.1176e+01 1.0000e+05 6.1821e-15 1.0000e+00 1.0000e+05 6.1821e-10 2.5000e+00
1.1569e+01 1.0000e+05 9.9421e-15 1.0000e+00 1.0000e+05 9.9421e-10 2.5000e+00
1.1961e+01 1.0000e+05 1.5921e-14 1.0000e+00 1.0000e+05 1.5921e-09 2.5000e+00
1.2353e+01 1.0000e+05 2.5384e-14 1.0000e+00 1.0000e+05 2.5384e-09 2.5000e+00
1.2745e+01 1.0000e+05 4.0290e-14 1.0000e+00 1.0000e+05 4.0290e-09 2.5000e+00
1.3137e+01 1.0000e+05 6.3660e-14 1.0000e+00 1.0000e+05 6.3660e-09 2.5000e+00
1.3529e+01 1.0000e+05 1.0012e-13 1.0000e+00 1.0000e+05 1.0012e-08 2.5000e+00
1.3922e+01 1.0000e+05 1.5675e-13 1.0000e+00 1.0000e+05 1.5675e-08 2.5000e+00
1.4314e+01 1.0000e+05 2.4426e-13 1.0000e+00 1.0000e+05 2.4426e-08 2.5000e+00
1.4706e+01 1.0000e+05 3.7888e-13 1.0000e+00 1.0000e+05 3.7888e-08 2.5000e+00
1.5098e+01 1.0000e+05 5.8494e-13 1.0000e+00 1.0000e+05 5.8494e-08 2.5000e+00
1.5490e+01 1.0000e+05 8.9889e-13 1.0000e+00 1.0000e+05 8.9889e-08 2.5000e+00
1.5882e+01 1.0000e+05 1.3749e-12 1.0000e+00 1.0000e+05 1.3749e-07 2.5000e+00
1.6275e+01 1.0000e+05 2.0932e-12 1.0000e+00 1.0000e+05 2.0932e-07 2.5000e+00
1.6667e+01 1.0000e+05 3.1718e-12 1.0000e+00 1.0000e+05 3.1718e-07 2.5000e+00
1.7059e+01 1.0000e+05 4.7837e-12 1.0000e+00 1.0000e+05 4.7837e-07 2.5000e+00
1.7451e+01 1.0000e+05 7.1810e-12 1.0000e+00 1.0000e+05 7.1810e-07 2.5000e+00
1.7843e+01 1.0000e+05 1.0729e-11 1.0000e+00 1.0000e+05 1.0729e-06 2.5000e+00
1.8235e+01 1.0000e+05 1.5955e-11 1.0000e+00 1.0000e+05 1.5955e-06 2.5000e+00
1.8627e+01 1.0000e+05 2.3615e-11 1.0000e+00 1.0000e+05 2.3615e-06 2.5000e+00
1.9020e+01 1.0000e+05 3.4788e-11 1.0000e+00 1.0000e+05 3.4788e-06 2.5000e+00
1.9412e+01 1.0000e+05 5.1005e-11 1.0000e+00 1.0000e+05 5.1005e-06 2.5000e+00
1.9804e+01 1.0000e+05 7.4429e-11 1.0000e+00 1.0000e+05 7.4429e-06 2.5000e+00
2.0196e+01 1.0000e+05 1.0810e-10 1.0000e+00 1.0000e+05 1.0810e-05 2.5000e+00
2.0588e+01 1.0000e+05 1.5625e-10 1.0000e+00 1.0000e+05 1.5625e-05 2.5000e+00
2.0980e+01 1.0000e+05 2.2479e-10 1.0000e+00 1.0000e+05 2.2479e-05 2.5000e+00
2.1373e+01 1.0000e+05 3.2187e-10 1.0000e+00 1.0000e+05 3.2187e-05 2.5000e+00
2.1765e+01 1.0000e+05 4.5867e-10 1.0000e+00 1.0000e+05 4.5867e-05 2.5000e+00
2.2157e+01 1.0000e+05 6.5053e-10 1.0000e+00 1.0000e+05 6.5053e-05 2.5000e+00
2.2549e+01 1.0000e+05 9.1825e-10 1.0000e+00 1.0000e+05 9.1825e-05 2.5000e+00
2.2941e+01 1.0000e+05 1.2900e-09 1.0000e+00 1.0000e+05 1.2900e-04 2.5000e+00
2.3333e+01 1.0000e+05 1.8036e-09 1.0000e+00 1.0000e+05 1.8036e-04 2.5000e+00
2.3725e+01 1.0000e+05 2.5098e-09 9.9999e-01 1.0000e+05 2.5098e-04 2.5000e+00
2.4118e+01 1.0000e+05 3.4758e-09 9.9999e-01 1.0000e+05 3.4758e-04 2.5000e+00
2.4510e+01 1.0000e+05 4.7907e-09 9.9999e-01 1.0000e+05 4.7907e-04 2.5000e+00
2.4902e+01 1.0000e+05 6.5716e-09 9.9999e-01 1.0000e+05 6.5716e-04 2.5000e+00
2.5294e+01 1.0000e+05 8.9716e-09 9.9998e-01 1.0000e+05 8.9716e-04 2.5000e+00
2.5686e+01 1.0000e+05 1.2190e-08 9.9998e-01 1.0000e+05 1.2190e-03 2.4999e+00
2.6078e+01 1.0000e+05 1.6484e-08 9.9997e-01 1.0000e+05 1.6484e-03 2.4999e+00
2.6471e+01 1.0000e+05 2.2184e-08 9.9996e-01 1.0000e+05 2.2184e-03 2.4999e+00
2.6863e+01 1.0000e+05 2.9713e-08 9.9994e-01 1.0000e+05 2.9713e-03 2.4999e+00
2.7255e+01 1.0000e+05 3.9609e-08 9.9993e-01 1.0000e+05 3.9609e-03 2.4998e+00
2.7647e+01 1.0000e+05 5.2550e-08 9.9990e-01 1.0000e+05 5.2550e-03 2.4998e+00
2.8039e+01 1.0000e+05 6.9387e-08 9.9987e-01 1.0000e+05 6.9387e-03 2.4997e+00
2.8431e+01 9.9999e+04 9.1186e-08 9.9984e-01 9.9999e+04 9.1185e-03 2.4996e+00
2.8824e+01 9.9999e+04 1.1926e-07 9.9979e-01 9.9999e+04 1.1926e-02 2.4995e+00
2.9216e+01 9.9999e+04 1.5525e-07 9.9973e-01 9.9999e+04 1.5525e-02 2.4993e+00
2.9608e+01 9.9999e+04 2.0114e-07 9.9965e-01 9.9999e+04 2.0114e-02 2.4991e+00
3.0000e+01 9.9998e+04 2.5936e-07 9.9956e-01 9.9998e+04 2.5936e-02 2.4989e+00
3.0392e+01 9.9998e+04 3.3287e-07 9.9944e-01 9.9998e+04 3.3286e-02 2.4986e+00
3.0784e+01 9.9997e+04 4.2520e-07 9.9930e-01 9.9997e+04 4.2519e-02 2.4982e+00
3.1176e+01 9.9997e+04 5.4060e-07 9.9912e-01 9.9997e+04 5.4058e-02 2.4978e+00
3.1569e+01 9.9996e+04 6.8410e-07 9.9891e-01 9.9996e+04 6.8407e-02 2.4973e+00
3.1961e+01 9.9995e+04 8.6165e-07 9.9864e-01 9.9995e+04 8.6161e-02 2.4966e+00
3.2353e+01 9.9993e+04 1.0803e-06 9.9833e-01 9.9993e+04 1.0802e-01 2.4958e+00
3.2745e+01 9.9991e+04 1.3480e-06 9.9794e-01 9.9991e+04 1.3479e-01 2.4949e+00
3.3137e+01 9.9989e+04 1.6744e-06 9.9749e-01 9.9989e+04 1.6743e-01 2.4937e+00
3.3529e+01 9.9986e+04 2.0703e-06 9.9695e-01 9.9986e+04 2.0700e-01 2.4924e+00
3.3922e+01 9.9983e+04 2.5481e-06 9.9630e-01 9.9983e+04 2.5477e-01 2.4908e+00
3.4314e+01 9.9979e+04 3.1219e-06 9.9555e-01 9.9979e+04 3.1212e-01 2.4889e+00
3.4706e+01 9.9973e+04 3.8075e-06 9.9466e-01 9.9973e+04 3.8065e-01 2.4867e+00
3.5098e+01 9.9967e+04 4.6227e-06 9.9363e-01 9.9967e+04 4.6212e-01 2.4841e+00
3.5490e+01 9.9960e+04 5.5875e-06 9.9244e-01 9.9960e+04 5.5852e-01 2.4811e+00
3.5882e+01 9.9951e+04 6.7235e-06 9.9106e-01 9.9951e+04 6.7202e-01 2.4777e+00
3.6275e+01 9.9940e+04 8.0547e-06 9.8949e-01 9.9940e+04 8.0499e-01 2.4737e+00
3.6667e+01 9.9928e+04 9.6071e-06 9.8769e-01 9.9928e+04 9.6002e-01 2.4692e+00
3.7059e+01 9.9913e+04 1.1409e-05 9.8565e-01 9.9913e+04 1.1399e+00 2.4641e+00
3.7451e+01 9.9895e+04 1.3490e-05 9.8335e-01 9.9895e+04 1.3476e+00 2.4584e+00
3.7843e+01 9.9874e+04 1.5883e-05 9.8076e-01 9.9874e+04 1.5863e+00 2.4519e+00
3.8235e+01 9.9850e+04 1.8621e-05 9.7787e-01 9.9850e+04 1.8593e+00 2.4447e+00
3.8627e+01 9.9822e+04 2.1739e-05 9.7466e-01 9.9822e+04 2.1701e+00 2.4367e+00
3.9020e+01 9.9790e+04 2.5274e-05 9.7111e-01 9.9790e+04 2.5221e+00 2.4278e+00
3.9412e+01 9.9753e+04 2.9264e-05 9.6721e-01 9.9753e+04 2.9191e+00 2.4181e+00
3.9804e+01 9.9710e+04 3.3745e-05 9.6294e-01 9.9710e+04 3.3647e+00 2.4074e+00
4.0196e+01 9.9661e+04 3.8757e-05 9.5828e-01 9.9661e+04 3.8626e+00 2.3958e+00
4.0588e+01 9.9606e+04 4.4337e-05 9.5324e-01 9.9606e+04 4.4162e+00 2.3832e+00
4.0980e+01 9.9543e+04 5.0523e-05 9.4781e-01 9.9543e+04 5.0292e+00 2.3696e+00
4.1373e+01 9.9472e+04 5.7350e-05 9.4197e-01 9.9472e+04 5.7047e+00 2.3551e+00
4.1765e+01 9.9393e+04 6.4852e-05 9.3575e-01 9.9393e+04 6.4458e+00 2.3396e+00
4.2157e+01 9.9304e+04 7.3062e-05 9.2914e-01 9.9304e+04 7.2553e+00 2.3231e+00
4.2549e+01 9.9205e+04 8.2008e-05 9.2215e-01 9.9205e+04 8.1356e+00 2.3057e+00
4.2941e+01 9.9095e+04 9.1716e-05 9.1479e-01 9.9095e+04 9.0886e+00 2.2874e+00
4.3333e+01 9.8973e+04 1.0221e-04 9.0709e-01 9.8973e+04 1.0116e+01 2.2682e+00
4.3725e+01 9.8840e+04 1.1350e-04 8.9907e-01 9.8840e+04 1.1218e+01 2.2483e+00
4.4118e+01 9.8693e+04 1.2560e-04 8.9075e-01 9.8693e+04 1.2396e+01 2.2277e+00
4.4510e+01 9.8533e+04 1.3856e-04 8.8219e-01 9.8533e+04 1.3653e+01 2.2064e+00
4.4902e+01 9.8354e+04 1.5216e-04 8.7333e-01 9.8354e+04 1.4965e+01 2.1845e+00
4.5294e+01 9.8180e+04 1.6725e-04 8.6451e-01 9.8180e+04 1.6420e+01 2.1626e+00
4.5686e+01 9.7928e+04 1.8095e-04 8.5479e-01 9.7928e+04 1.7720e+01 2.1386e+00
4.6078e+01 9.7841e+04 2.0185e-04 8.4717e-01 9.7841e+04 1.9749e+01 2.1199e+00
4.6471e+01 9.7266e+04 2.0674e-04 8.3378e-01 9.7266e+04 2.0109e+01 2.0865e+00
4.6863e+01 9.7757e+04 2.5064e-04 8.3334e-01 9.7757e+04 2.4502e+01 2.0864e+00
4.7255e+01 9.6098e+04 2.1968e-04 8.0760e-01 9.6098e+04 2.1110e+01 2.0213e+00
4.7647e+01 9.7935e+04 3.1294e-04 8.2314e-01 9.7935e+04 3.0648e+01 2.0627e+00
4.8039e+01 9.5121e+04 2.4501e-04 7.8525e-01 9.5121e+04 2.3306e+01 1.9660e+00
4.8431e+01 9.6859e+04 3.3690e-04 7.9975e-01 9.6859e+04 3.2631e+01 2.0049e+00
4.8824e+01 9.5826e+04 3.2505e-04 7.8054e-01 9.5826e+04 3.1148e+01 1.9564e+00
4.9216e+01 9.1955e+04 3.5356e-04 7.7460e-01 9.1955e+04 3.2511e+01 1.9422e+00
4.9608e+01 1.1824e+05 3.6327e-04 7.6191e-01 1.1824e+05 4.2954e+01 1.9126e+00
5.0000e+01 3.3153e+04 3.9067e-04 7.6053e-01 3.3153e+04 1.2952e+01 1.9038e+00
5.0392e+01 1.2254e+04 4.0943e-04 7.5678e-01 1.2254e+04 5.0170e+00 1.8930e+00
5.0784e+01 9.3667e+03 4.7756e-04 7.5319e-01 9.3667e+03 4.4731e+00 1.8840e+00
5.1176e+01 9.7928e+03 6.5821e-04 7.5917e-01 9.7928e+03 6.4457e+00 1.9000e+00
5.1569e+01 1.0289e+04 7.7945e-04 7.6146e-01 1.0289e+04 8.0197e+00 1.9068e+00
5.1961e+01 1.0799e+04 7.9684e-04 7.5462e-01 1.0799e+04 8.6050e+00 1.8900e+00
5.2353e+01 1.1077e+04 8.2766e-04 7.5079e-01 1.1077e+04 9.1680e+00 1.8808e+00
5.2745e+01 1.1451e+04 9.3224e-04 7.5604e-01 1.1451e+04 1.0675e+01 1.8951e+00
5.3137e+01 1.1694e+04 1.0443e-03 7.6332e-01 1.1694e+04 1.2213e+01 1.9147e+00
5.3529e+01 1.1897e+04 1.1009e-03 7.6516e-01 1.1897e+04 1.3097e+01 1.9201e+00
5.3922e+01 1.1956e+04 1.0976e-03 7.6079e-01 1.1956e+04 1.3123e+01 1.9092e+00
5.4314e+01 1.2014e+04 1.0746e-03 7.5307e-01 1.2014e+04 1.2910e+01 1.8896e+00
5.4706e+01 1.2089e+04 1.0883e-03 7.5007e-01 1.2089e+04 1.3156e+01 1.8823e+00
5.5098e+01 1.2256e+04 1.1730e-03 7.5575e-01 1.2256e+04 1.4376e+01 1.8978e+00
5.5490e+01 1.2458e+04 1.3000e-03 7.6698e-01 1.2458e+04 1.6196e+01 1.9280e+00
5.5882e+01 1.2660e+04 1.4241e-03 7.7850e-01 1.2660e+04 1.8028e+01 1.9591e+00
5.6275e+01 1.2806e+04 1.5154e-03 7.8668e-01 1.2806e+04 1.9406e+01 1.9814e+00
5.6667e+01 1.2899e+04 1.5673e-03 7.9049e-01 1.2899e+04 2.0216e+01 1.9921e+00
5.7059e+01 1.2943e+04 1.5889e-03 7.9088e-01 1.2943e+04 2.0565e+01 1.9935e+00
5.7451e+01 1.2963e+04 1.5935e-03 7.8939e-01 1.2963e+04 2.0657e+01 1.9899e+00
5.7843e+01 1.2971e+04 1.5915e-03 7.8722e-01 1.2971e+04 2.0644e+01 1.9845e+00
5.8235e+01 1.2976e+04 1.5877e-03 7.8486e-01 1.2976e+04 2.0603e+01 1.9785e+00
5.8627e+01 1.2980e+04 1.5833e-03 7.8240e-01 1.2980e+04 2.0551e+01 1.9723e+00
5.9020e+01 1.2983e+04 1.5783e-03 7.7984e-01 1.2983e+04 2.0492e+01 1.9658e+00
5.9412e+01 1.2986e+04 1.5730e-03 7.7717e-01 1.2986e+04 2.0426e+01 1.9590e+00
5.9804e+01 1.2988e+04 1.5671e-03 7.7441e-01 1.2988e+04 2.0354e+01 1.9520e+00
6.0196e+01 1.2990e+04 1.5608e-03 7.7153e-01 1.2990e+04 2.0275e+01 1.9447e+00
6.0588e+01 1.2991e+04 1.5541e-03 7.6855e-01 1.2991e+04 2.0190e+01 1.9371e+00
6.0980e+01 1.2992e+04 1.5470e-03 7.6545e-01 1.2992e+04 2.0098e+01 1.9292e+00
6.1373e+01 1.2992e+04 1.5394e-03 7.6224e-01 1.2992e+04 2.0001e+01 1.9210e+00
6.1765e+01 1.2993e+04 1.5314e-03 7.5891e-01 1.2993e+04 1.9897e+01 1.9125e+00
6.2157e+01 1.2992e+04 1.5229e-03 7.5545e-01 1.2992e+04 1.9787e+01 1.9037e+00
6.2549e+01 1.2992e+04 1.5141e-03 7.5186e-01 1.2992e+04 1.9670e+01 1.8945e+00
6.2941e+01 1.2991e+04 1.5047e-03 7.4813e-01 1.2991e+04 1.9548e+01 1.8850e+00
6.3333e+01 1.2990e+04 1.4950e-03 7.4427e-01 1.2990e+04 1.9420e+01 1.8752e+00
6.3725e+01 1.2988e+04 1.4848e-03 7.4027e-01 1.2988e+04 1.9285e+01 1.8650e+00
6.4118e+01 1.2987e+04 1.4742e-03 7.3612e-01 1.2987e+04 1.9144e+01 1.8544e+00
6.4510e+01 1.2984e+04 1.4631e-03 7.3183e-01 1.2984e+04 1.8998e+01 1.8435e+00
6.4902e+01 1.2982e+04 1.4516e-03 7.2738e-01 1.2982e+04 1.8845e+01 1.8321e+00
6.5294e+01 1.2979e+04 1.4396e-03 7.2277e-01 1.2979e+04 1.8685e+01 1.8204e+00
6.5686e+01 1.2976e+04 1.4272e-03 7.1800e-01 1.2976e+04 1.8520e+01 1.8082e+00
6.6078e+01 1.2973e+04 1.4144e-03 7.1306e-01 1.2973e+04 1.8349e+01 1.7956e+00
6.6471e+01 1.2970e+04 1.4010e-03 7.0796e-01 1.2970e+04 1.8171e+01 1.7826e+00
6.6863e+01 1.2966e+04 1.3873e-03 7.0268e-01 1.2966e+04 1.7987e+01 1.7692e+00
6.7255e+01 1.2962e+04 1.3730e-03 6.9722e-01 1.2962e+04 1.7797e+01 1.7553e+00
6.7647e+01 1.2958e+04 1.3583e-03 6.9157e-01 1.2958e+04 1.7601e+01 1.7409e+00
6.8039e+01 1.2953e+04 1.3432e-03 6.8574e-01 1.2953e+04 1.7398e+01 1.7260e+00
6.8431e+01 1.2948e+04 1.3275e-03 6.7972e-01 1.2948e+04 1.7190e+01 1.7107e+00
6.8824e+01 1.2943e+04 1.3114e-03 6.7351e-01 1.2943e+04 1.6975e+01 1.6949e+00
6.9216e+01 1.2938e+04 1.2949e-03 6.6709e-01 1.2938e+04 1.6753e+01 1.6786e+00
6.9608e+01 1.2933e+04 1.2778e-03 6.6047e-01 1.2933e+04 1.6526e+01 1.6617e+00
7.0000e+01 1.2927e+04 1.2603e-03 6.5365e-01 1.2927e+04 1.6292e+01 1.6444e+00
7.0392e+01 1.2921e+04 1.2423e-03 6.4661e-01 1.2921e+04 1.6052e+01 1.6265e+00
7.0784e+01 1.2915e+04 1.2238e-03 6.3936e-01 1.2915e+04 1.5805e+01 1.6081e+00
7.1176e+01 1.2909e+04 1.2048e-03 6.3189e-01 1.2909e+04 1.5552e+01 1.5891e+00
7.1569e+01 1.2902e+04 1.1853e-03 6.2420e-01 1.2902e+04 1.5293e+01 1.5696e+00
7.1961e+01 1.2895e+04 1.1653e-03 6.1628e-01 1.2895e+04 1.5027e+01 1.5494e+00
7.2353e+01 1.2888e+04 1.1449e-03 6.0812e-01 1.2888e+04 1.4755e+01 1.5288e+00
7.2745e+01 1.2881e+04 1.1239e-03 5.9974e-01 1.2881e+04 1.4477e+01 1.5075e+00
7.3137e+01 1.2874e+04 1.1024e-03 5.9111e-01 1.2874e+04 1.4192e+01 1.4856e+00
7.3529e+01 1.2866e+04 1.0804e-03 5.8223e-01 1.2866e+04 1.3901e+01 1.4631e+00
7.3922e+01 1.2858e+04 1.0579e-03 5.7311e-01 1.2858e+04 1.3603e+01 1.4400e+00
7.4314e+01 1.2850e+04 1.0349e-03 5.6373e-01 1.2850e+04 1.3298e+01 1.4162e+00
7.4706e+01 1.2842e+04 1.0113e-03 5.5409e-01 1.2842e+04 1.2987e+01 1.3918e+00
7.5098e+01 1.2834e+04 9.8723e-04 5.4418e-01 1.2834e+04 1.2670e+01 1.3667e+00
7.5490e+01 1.2825e+04 9.6260e-04 5.3400e-01 1.2825e+04 1.2345e+01 1.3409e+00
7.5882e+01 1.2816e+04 9.3742e-04 5.2354e-01 1.2816e+04 1.2014e+01 1.3145e+00
7.6275e+01 1.2807e+04 9.1168e-04 5.1279e-01 1.2807e+04 1.1676e+01 1.2873e+00
7.6667e+01 1.2798e+04 8.8538e-04 5.0175e-01 1.2798e+04 1.1331e+01 1.2594e+00
7.7059e+01 1.2789e+04 8.5850e-04 4.9041e-01 1.2789e+04 1.0979e+01 1.2307e+00
7.7451e+01 1.2779e+04 8.3104e-04 4.7876e-01 1.2779e+04 1.0620e+01 1.2013e+00
7.7843e+01 1.2769e+04 8.0299e-04 4.6680e-01 1.2769e+04 1.0254e+01 1.1711e+00
7.8235e+01 1.2759e+04 7.7433e-04 4.5450e-01 1.2759e+04 9.8799e+00 1.1401e+00
7.8627e+01 1.2749e+04 7.4505e-04 4.4188e-01 1.2749e+04 9.4988e+00 1.1082e+00
7.9020e+01 1.2739e+04 7.1515e-04 4.2891e-01 1.2739e+04 9.1101e+00 1.0755e+00
7.9412e+01 1.2728e+04 6.8461e-04 4.1558e-01 1.2728e+04 8.7139e+00 1.0419e+00
7.9804e+01 1.2717e+04 6.5342e-04 4.0189e-01 1.2717e+04 8.3098e+00 1.0074e+00
8.0196e+01 1.2706e+04 6.2157e-04 3.8783e-01 1.2706e+04 7.8979e+00 9.7203e-01
8.0588e+01 1.2695e+04 5.8904e-04 3.7338e-01 1.2695e+04 7.4780e+00 9.3566e-01
8.0980e+01 1.2684e+04 5.5582e-04 3.5854e-01 1.2684e+04 7.0499e+00 8.9831e-01
8.1373e+01 1.2672e+04 5.2190e-04 3.4329e-01 1.2672e+04 6.6136e+00 8.5996e-01
8.1765e+01 1.2660e+04 4.8726e-04 3.2763e-01 1.2660e+04 6.1689e+00 8.2057e-01
8.2157e+01 1.2649e+04 4.5189e-04 3.1153e-01 1.2649e+04 5.7157e+00 7.8012e-01
8.2549e+01 1.2636e+04 4.1577e-04 2.9499e-01 1.2636e+04 5.2539e+00 7.3857e-01
8.2941e+01 1.2624e+04 3.7890e-04 2.7800e-01 1.2624e+04 4.7832e+00 6.9590e-01
8.3333e+01 1.2611e+04 3.4125e-04 2.6053e-01 1.2611e+04 4.3036e+00 6.5207e-01
8.3725e+01 1.2599e+04 3.0281e-04 2.4259e-01 1.2599e+04 3.8150e+00 6.0706e-01
8.4118e+01 1.2586e+04 2.6362e-04 2.2418e-01 1.2586e+04 3.3178e+00 5.6089e-01
8.4510e+01 1.2572e+04 2.2377e-04 2.0533e-01 1.2572e+04 2.8134e+00 5.1365e-01
8.4902e+01 1.2559e+04 1.8359e-04 1.8620e-01 1.2559e+04 2.3058e+00 4.6572e-01
8.5294e+01 1.2546e+04 1.4386e-04 1.6718e-01 1.2546e+04 1.8049e+00 4.1807e-01
8.5686e+01 1.2534e+04 1.0605e-04 1.4902e-01 1.2534e+04 1.3293e+00 3.7263e-01
8.6078e+01 1.2524e+04 7.2408e-05 1.3293e-01 1.2524e+04 9.0681e-01 3.3237e-01
8.6471e+01 1.2515e+04 4.5218e-05 1.2012e-01 1.2515e+04 5.6589e-01 3.0031e-01
8.6863e+01 1.2509e+04 2.5730e-05 1.1117e-01 1.2509e+04 3.2185e-01 2.7792e-01
8.7255e+01 1.2505e+04 1.3448e-05 1.0571e-01 1.2505e+04 1.6816e-01 2.6427e-01
8.7647e+01 1.2502e+04 6.5726e-06 1.0274e-01 1.2502e+04 8.2173e-02 2.5686e-01
8.8039e+01 1.2501e+04 3.0687e-06 1.0127e-01 1.2501e+04 3.8362e-02 2.5317e-01
8.8431e+01 1.2500e+04 1.3940e-06 1.0057e-01 1.2500e+04 1.7425e-02 2.5143e-01
8.8824e+01 1.2500e+04 6.2363e-07 1.0026e-01 1.2500e+04 7.7955e-03 2.5064e-01
8.9216e+01 1.2500e+04 2.7668e-07 1.0011e-01 1.2500e+04 3.4586e-03 2.5028e-01
8.9608e+01 1.2500e+04 1.2216e-07 1.0005e-01 1.2500e+04 1.5270e-03 2.5013e-01
9.0000e+01 1.2500e+04 5.3764e-08 1.0002e-01 1.2500e+04 6.7205e-04 2.5006e-01
9.0392e+01 1.2500e+04 2.3603e-08 1.0001e-01 1.2500e+04 2.9504e-04 2.5002e-01
9.0784e+01 1.2500e+04 1.0340e-08 1.0000e-01 1.2500e+04 1.2925e-04 2.5001e-01
9.1176e+01 1.2500e+04 4.5204e-09 1.0000e-01 1.2500e+04 5.6505e-05 2.5000e-01
9.1569e+01 1.2500e+04 1.9724e-09 1.0000e-01 1.2500e+04 2.4655e-05 2.5000e-01
9.1961e+01 1.2500e+04 8.5896e-10 1.0000e-01 1.2500e+04 1.0737e-05 2.5000e-01
9.2353e+01 1.2500e+04 3.7334e-10 1.0000e-01 1.2500e+04 4.6668e-06 2.5000e-01
9.2745e+01 1.2500e+04 1.6196e-10 1.0000e-01 1.2500e+04 2.0244e-06 2.5000e-01
9.3137e+01 1.2500e+04 7.0120e-11 1.0000e-01 1.2500e+04 8.7650e-07 2.5000e-01
9.3529e+01 1.2500e+04 3.0299e-11 1.0000e-01 1.2500e+04 3.7874e-07 2.5000e-01
9.3922e+01 1.2500e+04 1.3067e-11 1.0000e-01 1.2500e+04 1.6334e-07 2.5000e-01
9.4314e+01 1.2500e+04 5.6241e-12 1.0000e-01 1.2500e+04 7.0301e-08 2.5000e-01
9.4706e+01 1.2500e+04 2.4158e-12 1.0000e-01 1.2500e+04 3.0198e-08 2.5000e-01
9.5098e+01 1.2500e+04 1.0356e-12 1.0000e-01 1.2500e+04 1.2945e-08 2.5000e-01
9.5490e+01 1.2500e+04 4.4307e-13 1.0000e-01 1.2500e+04 5.5384e-09 2.5000e-01
9.5882e+01 1.2500e+04 1.8917e-13 1.0000e-01 1.2500e+04 2.3647e-09 2.5000e-01
9.6275e+01 1.2500e+04 8.0605e-14 1.0000e-01 1.2500e+04 1.0076e-09 2.5000e-01
9.6667e+01 1.2500e+04 3.4273e-14 1.0000e-01 1.2500e+04 4.2842e-10 2.5000e-01
9.7059e+01 1.2500e+04 1.4542e-14 1.0000e-01 1.2500e+04 1.8177e-10 2.5000e-01
9.7451e+01 1.2500e+04 6.1555e-15 1.0000e-01 1.2500e+04 7.6944e-11 2.5000e-01
9.7843e+01 1.2500e+04 2.5989e-15 1.0000e-01 1.2500e+04 3.2487e-11 2.5000e-01
9.8235e+01 1.2500e+04 1.0934e-15 1.0000e-01 1.2500e+04 1.3668e-11 2.5000e-01
9.8627e+01 1.2500e+04 4.5727e-16 1.0000e-01 1.2500e+04 5.7159e-12 2.5000e-01
9.9020e+01 1.2500e+04 1.8955e-16 1.0000e-01 1.2500e+04 2.3694e-12 2.5000e-01
9.9412e+01 1.2500e+04 7.7499e-17 1.0000e-01 1.2500e+04 9.6874e-13 2.5000e-01
9.9804e+01 1.2500e+04 3.2072e-17 1.0000e-01 1.2500e+04 4.0090e-13 2.5000e-01
