# # x Density Velocity Pressure q0 q1 q2
1.9608e-01 1.0000e+05 0.0000e+00 1.0000e+00 1.0000e+05 0.0000e+00 2.5000e+00
5.8824e-01 1.0000e+05 0.0000e+00 1.0000e+00 1.0000e+05 0.0000e+00 2.5000e+00
9.8039e-01 1.0000e+05 0.0000e+00 1.0000e+00 1.0000e+05 0.0000e+00 2.5000e+00
1.3725e+00 1.0000e+05 0.0000e+00 1.0000e+00 1.0000e+05 0.0000e+00 2.5000e+00
1.7647e+00 1.0000e+05 0.0000e+00 1.0000e+00 1.0000e+05 0.0000e+00 2.5000e+00
2.1569e+00 1.0000e+05 0.0000e+00 1.0000e+00 1.0000e+05 0.0000e+00 2.5000e+00
2.5490e+00 1.0000e+05 0.0000e+00 1.0000e+00 1.0000e+05 0.0000e+00 2.5000e+00
2.9412e+00 1.0000e+05 0.0000e+00 1.0000e+00 1.0000e+05 0.0000e+00 2.5000e+00
3.3333e+00 1.0000e+05 0.0000e+00 1.0000e+00 1.0000e+05 0.0000e+00 2.5000e+00
3.7255e+00 1.0000e+05 0.0000e+00 1.0000e+00 1.0000e+05 0.0000e+00 2.5000e+00
4.1176e+00 1.0000e+05 0.0000e+00 1.0000e+00 1.0000e+05 0.0000e+00 2.5000e+00
4.5098e+00 1.0000e+05 1.8459e-19 1.0000e+00 1.0000e+05 1.8459e-14 2.5000e+00
4.9020e+00 1.0000e+05 1.3915e-18 1.0000e+00 1.0000e+05 1.3915e-13 2.5000e+00
5.2941e+00 1.0000e+05 4.4938e-18 1.0000e+00 1.0000e+05 4.4938e-13 2.5000e+00
5.6863e+00 1.0000e+05 9.5203e-18 1.0000e+00 1.0000e+05 9.5203e-13 2.5000e+00
6.0784e+00 1.0000e+05 1.6479e-17 1.0000e+00 1.0000e+05 1.6479e-12 2.5000e+00
6.4706e+00 1.0000e+05 2.6058e-17 1.0000e+00 1.0000e+05 2.6058e-12 2.5000e+00
6.8627e+00 1.0000e+05 4.0239e-17 1.0000e+00 1.0000e+05 4.0239e-12 2.5000e+00
7.2549e+00 1.0000e+05 6.1793e-17 1.0000e+00 1.0000e+05 6.1793e-12 2.5000e+00
7.6471e+00 1.0000e+05 9.5919e-17 1.0000e+00 1.0000e+05 9.5919e-12 2.5000e+00
8.0392e+00 1.0000e+05 1.5154e-16 1.0000e+00 1.0000e+05 1.5154e-11 2.5000e+00
8.4314e+00 1.0000e+05 2.4242e-16 1.0000e+00 1.0000e+05 2.4242e-11 2.5000e+00
8.8235e+00 1.0000e+05 3.9131e-16 1.0000e+00 1.0000e+05 3.9131e-11 2.5000e+00
9.2157e+00 1.0000e+05 6.3465e-16 1.0000e+00 1.0000e+05 6.3465e-11 2.5000e+00
9.6078e+00 1.0000e+05 1.0310e-15 1.0000e+00 1.0000e+05 1.0310e-10 2.5000e+00
1.0000e+01 1.0000e+05 1.6749e-15 1.0000e+00 1.0000e+05 1.6749e-10 2.5000e+00
1.0392e+01 1.0000e+05 2.7162e-15 1.0000e+00 1.0000e+05 2.7162e-10 2.5000e+00
1.0784e+01 1.0000e+05 4.3917e-15 1.0000e+00 1.0000e+05 4.3917e-10 2.5000e+00
1.1176e+01 1.0000e+05 7.0747e-15 1.0000e+00 1.0000e+05 7.0747e-10 2.5000e+00
1.1569e+01 1.0000e+05 1.1350e-14 1.0000e+00 1.0000e+05 1.1350e-09 2.5000e+00
1.1961e+01 1.0000e+05 1.8132e-14 1.0000e+00 1.0000e+05 1.8132e-09 2.5000e+00
1.2353e+01 1.0000e+05 2.8839e-14 1.0000e+00 1.0000e+05 2.8839e-09 2.5000e+00
1.2745e+01 1.0000e+05 4.5664e-14 1.0000e+00 1.0000e+05 4.5664e-09 2.5000e+00
1.3137e+01 1.0000e+05 7.1977e-14 1.0000e+00 1.0000e+05 7.1977e-09 2.5000e+00
1.3529e+01 1.0000e+05 1.1293e-13 1.0000e+00 1.0000e+05 1.1293e-08 2.5000e+00
1.3922e+01 1.0000e+05 1.7638e-13 1.0000e+00 1.0000e+05 1.7638e-08 2.5000e+00
1.4314e+01 1.0000e+05 2.7421e-13 1.0000e+00 1.0000e+05 2.7421e-08 2.5000e+00
1.4706e+01 1.0000e+05 4.2433e-13 1.0000e+00 1.0000e+05 4.2433e-08 2.5000e+00
1.5098e+01 1.0000e+05 6.5361e-13 1.0000e+00 1.0000e+05 6.5361e-08 2.5000e+00
1.5490e+01 1.0000e+05 1.0021e-12 1.0000e+00 1.0000e+05 1.0021e-07 2.5000e+00
1.5882e+01 1.0000e+05 1.5293e-12 1.0000e+00 1.0000e+05 1.5293e-07 2.5000e+00
1.6275e+01 1.0000e+05 2.3229e-12 1.0000e+00 1.0000e+05 2.3229e-07 2.5000e+00
1.6667e+01 1.0000e+05 3.5121e-12 1.0000e+00 1.0000e+05 3.5121e-07 2.5000e+00
1.7059e+01 1.0000e+05 5.2853e-12 1.0000e+00 1.0000e+05 5.2853e-07 2.5000e+00
1.7451e+01 1.0000e+05 7.9166e-12 1.0000e+00 1.0000e+05 7.9166e-07 2.5000e+00
1.7843e+01 1.0000e+05 1.1803e-11 1.0000e+00 1.0000e+05 1.1803e-06 2.5000e+00
1.8235e+01 1.0000e+05 1.7514e-11 1.0000e+00 1.0000e+05 1.7514e-06 2.5000e+00
1.8627e+01 1.0000e+05 2.5867e-11 1.0000e+00 1.0000e+05 2.5867e-06 2.5000e+00
1.9020e+01 1.0000e+05 3.8025e-11 1.0000e+00 1.0000e+05 3.8025e-06 2.5000e+00
1.9412e+01 1.0000e+05 5.5635e-11 1.0000e+00 1.0000e+05 5.5635e-06 2.5000e+00
1.9804e+01 1.0000e+05 8.1018e-11 1.0000e+00 1.0000e+05 8.1018e-06 2.5000e+00
2.0196e+01 1.0000e+05 1.1743e-10 1.0000e+00 1.0000e+05 1.1743e-05 2.5000e+00
2.0588e+01 1.0000e+05 1.6940e-10 1.0000e+00 1.0000e+05 1.6940e-05 2.5000e+00
2.0980e+01 1.0000e+05 2.4322e-10 1.0000e+00 1.0000e+05 2.4322e-05 2.5000e+00
2.1373e+01 1.0000e+05 3.4757e-10 1.0000e+00 1.0000e+05 3.4757e-05 2.5000e+00
2.1765e+01 1.0000e+05 4.9434e-10 1.0000e+00 1.0000e+05 4.9434e-05 2.5000e+00
2.2157e+01 1.0000e+05 6.9977e-10 1.0000e+00 1.0000e+05 6.9977e-05 2.5000e+00
2.2549e+01 1.0000e+05 9.8588e-10 1.0000e+00 1.0000e+05 9.8588e-05 2.5000e+00
2.2941e+01 1.0000e+05 1.3824e-09 1.0000e+00 1.0000e+05 1.3824e-04 2.5000e+00
2.3333e+01 1.0000e+05 1.9293e-09 1.0000e+00 1.0000e+05 1.9293e-04 2.5000e+00
2.3725e+01 1.0000e+05 2.6797e-09 9.9999e-01 1.0000e+05 2.6797e-04 2.5000e+00
2.4118e+01 1.0000e+05 3.7045e-09 9.9999e-01 1.0000e+05 3.7045e-04 2.5000e+00
2.4510e+01 1.0000e+05 5.0968e-09 9.9999e-01 1.0000e+05 5.0968e-04 2.5000e+00
2.4902e+01 1.0000e+05 6.9793e-09 9.9999e-01 1.0000e+05 6.9793e-04 2.5000e+00
2.5294e+01 1.0000e+05 9.5118e-09 9.9998e-01 1.0000e+05 9.5118e-04 2.5000e+00
2.5686e+01 1.0000e+05 1.2902e-08 9.9997e-01 1.0000e+05 1.2902e-03 2.4999e+00
2.6078e+01 1.0000e+05 1.7417e-08 9.9997e-01 1.0000e+05 1.7417e-03 2.4999e+00
2.6471e+01 1.0000e+05 2.3402e-08 9.9995e-01 1.0000e+05 2.3402e-03 2.4999e+00
2.6863e+01 1.0000e+05 3.1293e-08 9.9994e-01 1.0000e+05 3.1293e-03 2.4999e+00
2.7255e+01 1.0000e+05 4.1649e-08 9.9992e-01 1.0000e+05 4.1649e-03 2.4998e+00
2.7647e+01 1.0000e+05 5.5169e-08 9.9990e-01 1.0000e+05 5.5169e-03 2.4997e+00
2.8039e+01 1.0000e+05 7.2733e-08 9.9987e-01 1.0000e+05 7.2733e-03 2.4997e+00
2.8431e+01 9.9999e+04 9.5437e-08 9.9983e-01 9.9999e+04 9.5437e-03 2.4996e+00
2.8824e+01 9.9999e+04 1.2464e-07 9.9978e-01 9.9999e+04 1.2464e-02 2.4994e+00
2.9216e+01 9.9999e+04 1.6201e-07 9.9972e-01 9.9999e+04 1.6201e-02 2.4993e+00
2.9608e+01 9.9999e+04 2.0959e-07 9.9964e-01 9.9999e+04 2.0959e-02 2.4991e+00
3.0000e+01 9.9998e+04 2.6988e-07 9.9954e-01 9.9998e+04 2.6988e-02 2.4989e+00
3.0392e+01 9.9998e+04 3.4589e-07 9.9942e-01 9.9998e+04 3.4588e-02 2.4986e+00
3.0784e+01 9.9997e+04 4.4122e-07 9.9928e-01 9.9997e+04 4.4121e-02 2.4982e+00
3.1176e+01 9.9997e+04 5.6022e-07 9.9909e-01 9.9997e+04 5.6020e-02 2.4977e+00
3.1569e+01 9.9996e+04 7.0800e-07 9.9887e-01 9.9996e+04 7.0797e-02 2.4972e+00
3.1961e+01 9.9994e+04 8.9062e-07 9.9860e-01 9.9994e+04 8.9057e-02 2.4965e+00
3.2353e+01 9.9993e+04 1.1152e-06 9.9828e-01 9.9993e+04 1.1151e-01 2.4957e+00
3.2745e+01 9.9991e+04 1.3899e-06 9.9789e-01 9.9991e+04 1.3898e-01 2.4947e+00
3.3137e+01 9.9989e+04 1.7244e-06 9.9743e-01 9.9989e+04 1.7242e-01 2.4936e+00
3.3529e+01 9.9986e+04 2.1296e-06 9.9687e-01 9.9986e+04 2.1293e-01 2.4922e+00
3.3922e+01 9.9982e+04 2.6180e-06 9.9622e-01 9.9982e+04 2.6175e-01 2.4905e+00
3.4314e+01 9.9978e+04 3.2039e-06 9.9545e-01 9.9978e+04 3.2032e-01 2.4886e+00
3.4706e+01 9.9973e+04 3.9033e-06 9.9455e-01 9.9973e+04 3.9022e-01 2.4864e+00
3.5098e+01 9.9966e+04 4.7341e-06 9.9351e-01 9.9966e+04 4.7325e-01 2.4838e+00
3.5490e+01 9.9959e+04 5.7161e-06 9.9230e-01 9.9959e+04 5.7138e-01 2.4807e+00
3.5882e+01 9.9950e+04 6.8714e-06 9.9090e-01 9.9950e+04 6.8679e-01 2.4773e+00
3.6275e+01 9.9939e+04 8.2238e-06 9.8931e-01 9.9939e+04 8.2188e-01 2.4733e+00
3.6667e+01 9.9926e+04 9.7995e-06 9.8749e-01 9.9926e+04 9.7923e-01 2.4687e+00
3.7059e+01 9.9911e+04 1.1627e-05 9.8543e-01 9.9911e+04 1.1616e+00 2.4636e+00
3.7451e+01 9.9893e+04 1.3735e-05 9.8311e-01 9.9893e+04 1.3721e+00 2.4578e+00
3.7843e+01 9.9872e+04 1.6158e-05 9.8050e-01 9.9872e+04 1.6137e+00 2.4513e+00
3.8235e+01 9.9847e+04 1.8927e-05 9.7759e-01 9.9847e+04 1.8898e+00 2.4440e+00
3.8627e+01 9.9819e+04 2.2078e-05 9.7436e-01 9.9819e+04 2.2038e+00 2.4359e+00
3.9020e+01 9.9786e+04 2.5648e-05 9.7079e-01 9.9786e+04 2.5594e+00 2.4270e+00
3.9412e+01 9.9749e+04 2.9674e-05 9.6687e-01 9.9749e+04 2.9600e+00 2.4172e+00
3.9804e+01 9.9705e+04 3.4193e-05 9.6258e-01 9.9705e+04 3.4093e+00 2.4065e+00
4.0196e+01 9.9656e+04 3.9244e-05 9.5790e-01 9.9656e+04 3.9109e+00 2.3948e+00
4.0588e+01 9.9600e+04 4.4864e-05 9.5285e-01 9.9600e+04 4.4684e+00 2.3822e+00
4.0980e+01 9.9537e+04 5.1089e-05 9.4740e-01 9.9537e+04 5.0852e+00 2.3686e+00
4.1373e+01 9.9465e+04 5.7956e-05 9.4156e-01 9.9465e+04 5.7646e+00 2.3541e+00
4.1765e+01 9.9385e+04 6.5498e-05 9.3532e-01 9.9385e+04 6.5095e+00 2.3385e+00
4.2157e+01 9.9295e+04 7.3746e-05 9.2870e-01 9.9295e+04 7.3226e+00 2.3220e+00
4.2549e+01 9.9195e+04 8.2729e-05 9.2171e-01 9.9195e+04 8.2064e+00 2.3046e+00
4.2941e+01 9.9085e+04 9.2473e-05 9.1435e-01 9.9085e+04 9.1627e+00 2.2863e+00
4.3333e+01 9.8963e+04 1.0300e-04 9.0665e-01 9.8963e+04 1.0193e+01 2.2672e+00
4.3725e+01 9.8828e+04 1.1432e-04 8.9864e-01 9.8828e+04 1.1298e+01 2.2472e+00
4.4118e+01 9.8680e+04 1.2645e-04 8.9033e-01 9.8680e+04 1.2478e+01 2.2266e+00
4.4510e+01 9.8520e+04 1.3944e-04 8.8178e-01 9.8520e+04 1.3738e+01 2.2054e+00
4.4902e+01 9.8340e+04 1.5305e-04 8.7293e-01 9.8340e+04 1.5051e+01 2.1835e+00
4.5294e+01 9.8165e+04 1.6818e-04 8.6414e-01 9.8165e+04 1.6509e+01 2.1617e+00
4.5686e+01 9.7911e+04 1.8181e-04 8.5442e-01 9.7911e+04 1.7801e+01 2.1377e+00
4.6078e+01 9.7828e+04 2.0291e-04 8.4688e-01 9.7828e+04 1.9851e+01 2.1192e+00
4.6471e+01 9.7242e+04 2.0740e-04 8.3339e-01 9.7242e+04 2.0168e+01 2.0856e+00
4.6863e+01 9.7752e+04 2.5199e-04 8.3320e-01 9.7752e+04 2.4633e+01 2.0861e+00
4.7255e+01 9.6067e+04 2.2010e-04 8.0719e-01 9.6067e+04 2.1145e+01 2.0203e+00
4.7647e+01 9.7924e+04 3.1407e-04 8.2300e-01 9.7924e+04 3.0755e+01 2.0623e+00
4.8039e+01 9.5111e+04 2.4623e-04 7.8516e-01 9.5111e+04 2.3419e+01 1.9658e+00
4.8431e+01 9.6819e+04 3.3705e-04 7.9935e-01 9.6819e+04 3.2633e+01 2.0039e+00
4.8824e+01 9.5826e+04 3.2635e-04 7.8055e-01 9.5826e+04 3.1273e+01 1.9565e+00
4.9216e+01 9.1895e+04 3.5451e-04 7.7453e-01 9.1895e+04 3.2578e+01 1.9421e+00
4.9608e+01 1.1834e+05 3.6393e-04 7.6176e-01 1.1834e+05 4.3068e+01 1.9122e+00
5.0000e+01 3.3347e+04 3.9132e-04 7.6038e-01 3.3347e+04 1.3049e+01 1.9035e+00
5.0392e+01 1.2297e+04 4.1186e-04 7.5693e-01 1.2297e+04 5.0647e+00 1.8934e+00
5.0784e+01 9.3597e+03 4.7548e-04 7.5290e-01 9.3597e+03 4.4503e+00 1.8833e+00
5.1176e+01 9.7746e+03 6.5312e-04 7.5856e-01 9.7746e+03 6.3840e+00 1.8985e+00
5.1569e+01 1.0278e+04 7.8118e-04 7.6155e-01 1.0278e+04 8.0286e+00 1.9070e+00
5.1961e+01 1.0793e+04 8.0195e-04 7.5506e-01 1.0793e+04 8.6555e+00 1.8911e+00
5.2353e+01 1.1067e+04 8.2679e-04 7.5060e-01 1.1067e+04 9.1499e+00 1.8803e+00
5.2745e+01 1.1436e+04 9.2583e-04 7.5525e-01 1.1436e+04 1.0588e+01 1.8930e+00
5.3137e+01 1.1682e+04 1.0394e-03 7.6267e-01 1.1682e+04 1.2142e+01 1.9130e+00
5.3529e+01 1.1892e+04 1.1016e-03 7.6509e-01 1.1892e+04 1.3099e+01 1.9199e+00
5.3922e+01 1.1957e+04 1.1027e-03 7.6112e-01 1.1957e+04 1.3185e+01 1.9101e+00
5.4314e+01 1.2014e+04 1.0793e-03 7.5360e-01 1.2014e+04 1.2967e+01 1.8910e+00
5.4706e+01 1.2082e+04 1.0870e-03 7.4990e-01 1.2082e+04 1.3133e+01 1.8819e+00
5.5098e+01 1.2241e+04 1.1649e-03 7.5480e-01 1.2241e+04 1.4260e+01 1.8953e+00
5.5490e+01 1.2440e+04 1.2891e-03 7.6567e-01 1.2440e+04 1.6036e+01 1.9245e+00
5.5882e+01 1.2643e+04 1.4145e-03 7.7732e-01 1.2643e+04 1.7884e+01 1.9559e+00
5.6275e+01 1.2795e+04 1.5094e-03 7.8588e-01 1.2795e+04 1.9312e+01 1.9793e+00
5.6667e+01 1.2893e+04 1.5649e-03 7.9012e-01 1.2893e+04 2.0176e+01 1.9911e+00
5.7059e+01 1.2941e+04 1.5890e-03 7.9081e-01 1.2941e+04 2.0563e+01 1.9934e+00
5.7451e+01 1.2963e+04 1.5949e-03 7.8946e-01 1.2963e+04 2.0675e+01 1.9901e+00
5.7843e+01 1.2971e+04 1.5933e-03 7.8734e-01 1.2971e+04 2.0668e+01 1.9848e+00
5.8235e+01 1.2977e+04 1.5897e-03 7.8501e-01 1.2977e+04 2.0629e+01 1.9789e+00
5.8627e+01 1.2980e+04 1.5853e-03 7.8257e-01 1.2980e+04 2.0578e+01 1.9727e+00
5.9020e+01 1.2984e+04 1.5805e-03 7.8003e-01 1.2984e+04 2.0520e+01 1.9663e+00
5.9412e+01 1.2986e+04 1.5752e-03 7.7740e-01 1.2986e+04 2.0456e+01 1.9596e+00
5.9804e+01 1.2989e+04 1.5694e-03 7.7466e-01 1.2989e+04 2.0385e+01 1.9526e+00
6.0196e+01 1.2991e+04 1.5632e-03 7.7181e-01 1.2991e+04 2.0307e+01 1.9454e+00
6.0588e+01 1.2992e+04 1.5566e-03 7.6886e-01 1.2992e+04 2.0223e+01 1.9379e+00
6.0980e+01 1.2993e+04 1.5495e-03 7.6580e-01 1.2993e+04 2.0133e+01 1.9301e+00
6.1373e+01 1.2993e+04 1.5421e-03 7.6262e-01 1.2993e+04 2.0037e+01 1.9220e+00
6.1765e+01 1.2994e+04 1.5342e-03 7.5932e-01 1.2994e+04 1.9934e+01 1.9136e+00
6.2157e+01 1.2994e+04 1.5258e-03 7.5590e-01 1.2994e+04 1.9826e+01 1.9049e+00
6.2549e+01 1.2993e+04 1.5170e-03 7.5235e-01 1.2993e+04 1.9711e+01 1.8958e+00
6.2941e+01 1.2992e+04 1.5078e-03 7.4867e-01 1.2992e+04 1.9590e+01 1.8864e+00
6.3333e+01 1.2991e+04 1.4982e-03 7.4485e-01 1.2991e+04 1.9463e+01 1.8767e+00
6.3725e+01 1.2990e+04 1.4881e-03 7.4089e-01 1.2990e+04 1.9330e+01 1.8666e+00
6.4118e+01 1.2988e+04 1.4776e-03 7.3679e-01 1.2988e+04 1.9191e+01 1.8562e+00
6.4510e+01 1.2986e+04 1.4667e-03 7.3254e-01 1.2986e+04 1.9046e+01 1.8453e+00
6.4902e+01 1.2984e+04 1.4553e-03 7.2814e-01 1.2984e+04 1.8895e+01 1.8341e+00
6.5294e+01 1.2981e+04 1.4435e-03 7.2359e-01 1.2981e+04 1.8737e+01 1.8225e+00
6.5686e+01 1.2978e+04 1.4312e-03 7.1887e-01 1.2978e+04 1.8574e+01 1.8105e+00
6.6078e+01 1.2975e+04 1.4185e-03 7.1400e-01 1.2975e+04 1.8404e+01 1.7980e+00
6.6471e+01 1.2972e+04 1.4053e-03 7.0895e-01 1.2972e+04 1.8229e+01 1.7852e+00
6.6863e+01 1.2968e+04 1.3917e-03 7.0373e-01 1.2968e+04 1.8047e+01 1.7719e+00
6.7255e+01 1.2964e+04 1.3776e-03 6.9833e-01 1.2964e+04 1.7859e+01 1.7581e+00
6.7647e+01 1.2960e+04 1.3630e-03 6.9276e-01 1.2960e+04 1.7664e+01 1.7439e+00
6.8039e+01 1.2955e+04 1.3480e-03 6.8699e-01 1.2955e+04 1.7464e+01 1.7293e+00
6.8431e+01 1.2951e+04 1.3325e-03 6.8104e-01 1.2951e+04 1.7257e+01 1.7141e+00
6.8824e+01 1.2946e+04 1.3166e-03 6.7490e-01 1.2946e+04 1.7044e+01 1.6985e+00
6.9216e+01 1.2940e+04 1.3002e-03 6.6856e-01 1.2940e+04 1.6825e+01 1.6823e+00
6.9608e+01 1.2935e+04 1.2833e-03 6.6202e-01 1.2935e+04 1.6599e+01 1.6657e+00
7.0000e+01 1.2929e+04 1.2659e-03 6.5527e-01 1.2929e+04 1.6368e+01 1.6485e+00
7.0392e+01 1.2924e+04 1.2481e-03 6.4832e-01 1.2924e+04 1.6130e+01 1.6309e+00
7.0784e+01 1.2918e+04 1.2298e-03 6.4115e-01 1.2918e+04 1.5885e+01 1.6126e+00
7.1176e+01 1.2911e+04 1.2110e-03 6.3377e-01 1.2911e+04 1.5635e+01 1.5939e+00
7.1569e+01 1.2905e+04 1.1917e-03 6.2616e-01 1.2905e+04 1.5378e+01 1.5746e+00
7.1961e+01 1.2898e+04 1.1719e-03 6.1833e-01 1.2898e+04 1.5115e+01 1.5547e+00
7.2353e+01 1.2891e+04 1.1516e-03 6.1027e-01 1.2891e+04 1.4845e+01 1.5342e+00
7.2745e+01 1.2884e+04 1.1308e-03 6.0198e-01 1.2884e+04 1.4569e+01 1.5132e+00
7.3137e+01 1.2877e+04 1.1095e-03 5.9345e-01 1.2877e+04 1.4287e+01 1.4916e+00
7.3529e+01 1.2869e+04 1.0877e-03 5.8468e-01 1.2869e+04 1.3998e+01 1.4693e+00
7.3922e+01 1.2861e+04 1.0654e-03 5.7566e-01 1.2861e+04 1.3703e+01 1.4464e+00
7.4314e+01 1.2853e+04 1.0426e-03 5.6639e-01 1.2853e+04 1.3401e+01 1.4230e+00
7.4706e+01 1.2845e+04 1.0193e-03 5.5686e-01 1.2845e+04 1.3093e+01 1.3988e+00
7.5098e+01 1.2837e+04 9.9538e-04 5.4706e-01 1.2837e+04 1.2778e+01 1.3740e+00
7.5490e+01 1.2828e+04 9.7097e-04 5.3700e-01 1.2828e+04 1.2456e+01 1.3486e+00
7.5882e+01 1.2820e+04 9.4602e-04 5.2666e-01 1.2820e+04 1.2128e+01 1.3224e+00
7.6275e+01 1.2811e+04 9.2052e-04 5.1604e-01 1.2811e+04 1.1793e+01 1.2955e+00
7.6667e+01 1.2802e+04 8.9445e-04 5.0513e-01 1.2802e+04 1.1450e+01 1.2680e+00
7.7059e+01 1.2792e+04 8.6782e-04 4.9393e-01 1.2792e+04 1.1101e+01 1.2396e+00
7.7451e+01 1.2783e+04 8.4061e-04 4.8242e-01 1.2783e+04 1.0745e+01 1.2106e+00
7.7843e+01 1.2773e+04 8.1282e-04 4.7059e-01 1.2773e+04 1.0382e+01 1.1807e+00
7.8235e+01 1.2763e+04 7.8442e-04 4.5845e-01 1.2763e+04 1.0012e+01 1.1500e+00
7.8627e+01 1.2753e+04 7.5542e-04 4.4598e-01 1.2753e+04 9.6339e+00 1.1186e+00
7.9020e+01 1.2743e+04 7.2580e-04 4.3316e-01 1.2743e+04 9.2487e+00 1.0863e+00
7.9412e+01 1.2732e+04 6.9555e-04 4.2001e-01 1.2732e+04 8.8558e+00 1.0531e+00
7.9804e+01 1.2722e+04 6.6465e-04 4.0649e-01 1.2722e+04 8.4554e+00 1.0190e+00
8.0196e+01 1.2711e+04 6.3310e-04 3.9260e-01 1.2711e+04 8.0471e+00 9.8406e-01
8.0588e+01 1.2700e+04 6.0088e-04 3.7834e-01 1.2700e+04 7.6309e+00 9.4815e-01
8.0980e+01 1.2688e+04 5.6798e-04 3.6369e-01 1.2688e+04 7.2067e+00 9.1128e-01
8.1373e+01 1.2677e+04 5.3439e-04 3.4864e-01 1.2677e+04 6.7744e+00 8.7341e-01
8.1765e+01 1.2665e+04 5.0009e-04 3.3318e-01 1.2665e+04 6.3337e+00 8.3453e-01
8.2157e+01 1.2653e+04 4.6507e-04 3.1730e-01 1.2653e+04 5.8847e+00 7.9461e-01
8.2549e+01 1.2641e+04 4.2932e-04 3.0098e-01 1.2641e+04 5.4271e+00 7.5361e-01
8.2941e+01 1.2629e+04 3.9281e-04 2.8421e-01 1.2629e+04 4.9608e+00 7.1151e-01
8.3333e+01 1.2616e+04 3.5554e-04 2.6699e-01 1.2616e+04 4.4856e+00 6.6827e-01
8.3725e+01 1.2604e+04 3.1749e-04 2.4929e-01 1.2604e+04 4.0016e+00 6.2386e-01
8.4118e+01 1.2591e+04 2.7868e-04 2.3112e-01 1.2591e+04 3.5087e+00 5.7829e-01
8.4510e+01 1.2578e+04 2.3915e-04 2.1249e-01 1.2578e+04 3.0080e+00 5.3160e-01
8.4902e+01 1.2564e+04 1.9914e-04 1.9351e-01 1.2564e+04 2.5021e+00 4.8403e-01
8.5294e+01 1.2551e+04 1.5919e-04 1.7444e-01 1.2551e+04 1.9980e+00 4.3627e-01
8.5686e+01 1.2539e+04 1.2048e-04 1.5589e-01 1.2539e+04 1.5107e+00 3.8982e-01
8.6078e+01 1.2528e+04 8.4981e-05 1.3889e-01 1.2528e+04 1.0646e+00 3.4727e-01
8.6471e+01 1.2518e+04 5.5064e-05 1.2470e-01 1.2518e+04 6.8930e-01 3.1177e-01
8.6863e+01 1.2511e+04 3.2523e-05 1.1424e-01 1.2511e+04 4.0689e-01 2.8561e-01
8.7255e+01 1.2506e+04 1.7566e-05 1.0751e-01 1.2506e+04 2.1968e-01 2.6877e-01
8.7647e+01 1.2503e+04 8.8022e-06 1.0369e-01 1.2503e+04 1.1005e-01 2.5923e-01
8.8039e+01 1.2501e+04 4.1785e-06 1.0173e-01 1.2501e+04 5.2238e-02 2.5433e-01
8.8431e+01 1.2501e+04 1.9172e-06 1.0079e-01 1.2501e+04 2.3966e-02 2.5197e-01
8.8824e+01 1.2500e+04 8.6278e-07 1.0035e-01 1.2500e+04 1.0785e-02 2.5089e-01
8.9216e+01 1.2500e+04 3.8419e-07 1.0016e-01 1.2500e+04 4.8025e-03 2.5039e-01
8.9608e+01 1.2500e+04 1.7006e-07 1.0007e-01 1.2500e+04 2.1258e-03 2.5017e-01
9.0000e+01 1.2500e+04 7.5001e-08 1.0003e-01 1.2500e+04 9.3751e-04 2.5008e-01
9.0392e+01 1.2500e+04 3.2987e-08 1.0001e-01 1.2500e+04 4.1234e-04 2.5003e-01
9.0784e+01 1.2500e+04 1.4476e-08 1.0001e-01 1.2500e+04 1.8095e-04 2.5001e-01
9.1176e+01 1.2500e+04 6.3397e-09 1.0000e-01 1.2500e+04 7.9246e-05 2.5001e-01
9.1569e+01 1.2500e+04 2.7710e-09 1.0000e-01 1.2500e+04 3.4637e-05 2.5000e-01
9.1961e+01 1.2500e+04 1.2088e-09 1.0000e-01 1.2500e+04 1.5110e-05 2.5000e-01
9.2353e+01 1.2500e+04 5.2631e-10 1.0000e-01 1.2500e+04 6.5789e-06 2.5000e-01
9.2745e+01 1.2500e+04 2.2871e-10 1.0000e-01 1.2500e+04 2.8589e-06 2.5000e-01
9.3137e+01 1.2500e+04 9.9198e-11 1.0000e-01 1.2500e+04 1.2400e-06 2.5000e-01
9.3529e+01 1.2500e+04 4.2940e-11 1.0000e-01 1.2500e+04 5.3676e-07 2.5000e-01
9.3922e+01 1.2500e+04 1.8552e-11 1.0000e-01 1.2500e+04 2.3190e-07 2.5000e-01
9.4314e+01 1.2500e+04 7.9991e-12 1.0000e-01 1.2500e+04 9.9989e-08 2.5000e-01
9.4706e+01 1.2500e+04 3.4423e-12 1.0000e-01 1.2500e+04 4.3028e-08 2.5000e-01
9.5098e+01 1.2500e+04 1.4784e-12 1.0000e-01 1.2500e+04 1.8480e-08 2.5000e-01
9.5490e+01 1.2500e+04 6.3366e-13 1.0000e-01 1.2500e+04 7.9208e-09 2.5000e-01
9.5882e+01 1.2500e+04 2.7106e-13 1.0000e-01 1.2500e+04 3.3882e-09 2.5000e-01
9.6275e+01 1.2500e+04 1.1571e-13 1.0000e-01 1.2500e+04 1.4464e-09 2.5000e-01
9.6667e+01 1.2500e+04 4.9295e-14 1.0000e-01 1.2500e+04 6.1619e-10 2.5000e-01
9.7059e+01 1.2500e+04 2.0956e-14 1.0000e-01 1.2500e+04 2.6196e-10 2.5000e-01
9.7451e+01 1.2500e+04 8.8891e-15 1.0000e-01 1.2500e+04 1.1111e-10 2.5000e-01
9.7843e+01 1.2500e+04 3.7615e-15 1.0000e-01 1.2500e+04 4.7018e-11 2.5000e-01
9.8235e+01 1.2500e+04 1.5869e-15 1.0000e-01 1.2500e+04 1.9836e-11 2.5000e-01
9.8627e+01 1.2500e+04 6.6625e-16 1.0000e-01 1.2500e+04 8.3281e-12 2.5000e-01
9.9020e+01 1.2500e+04 2.7800e-16 1.0000e-01 1.2500e+04 3.4749e-12 2.5000e-01
9.9412e+01 1.2500e+04 1.1513e-16 1.0000e-01 1.2500e+04 1.4391e-12 2.5000e-01
9.9804e+01 1.2500e+04 4.9386e-17 1.0000e-01 1.2500e+04 6.1732e-13 2.5000e-01
