# # x Density Velocity Pressure q0 q1 q2
1.9608e-01 1.0000e+05 0.0000e+00 1.0000e+00 1.0000e+05 0.0000e+00 2.5000e+00
5.8824e-01 1.0000e+05 0.0000e+00 1.0000e+00 1.0000e+05 0.0000e+00 2.5000e+00
9.8039e-01 1.0000e+05 0.0000e+00 1.0000e+00 1.0000e+05 0.0000e+00 2.5000e+00
1.3725e+00 1.0000e+05 0.0000e+00 1.0000e+00 1.0000e+05 0.0000e+00 2.5000e+00
1.7647e+00 1.0000e+05 0.0000e+00 1.0000e+00 1.0000e+05 0.0000e+00 2.5000e+00
2.1569e+00 1.0000e+05 0.0000e+00 1.0000e+00 1.0000e+05 0.0000e+00 2.5000e+00
2.5490e+00 1.0000e+05 0.0000e+00 1.0000e+00 1.0000e+05 0.0000e+00 2.5000e+00
2.9412e+00 1.0000e+05 0.0000e+00 1.0000e+00 1.0000e+05 0.0000e+00 2.5000e+00
3.3333e+00 1.0000e+05 0.0000e+00 1.0000e+00 1.0000e+05 0.0000e+00 2.5000e+00
3.7255e+00 1.0000e+05 0.0000e+00 1.0000e+00 1.0000e+05 0.0000e+00 2.5000e+00
4.1176e+00 1.0000e+05 0.0000e+00 1.0000e+00 1.0000e+05 0.0000e+00 2.5000e+00
4.5098e+00 1.0000e+05 3.2784e-19 1.0000e+00 1.0000e+05 3.2784e-14 2.5000e+00
4.9020e+00 1.0000e+05 1.9526e-18 1.0000e+00 1.0000e+05 1.9526e-13 2.5000e+00
5.2941e+00 1.0000e+05 5.5118e-18 1.0000e+00 1.0000e+05 5.5118e-13 2.5000e+00
5.6863e+00 1.0000e+05 1.0997e-17 1.0000e+00 1.0000e+05 1.0997e-12 2.5000e+00
6.0784e+00 1.0000e+05 1.8448e-17 1.0000e+00 1.0000e+05 1.8448e-12 2.5000e+00
6.4706e+00 1.0000e+05 2.8889e-17 1.0000e+00 1.0000e+05 2.8889e-12 2.5000e+00
6.8627e+00 1.0000e+05 4.4545e-17 1.0000e+00 1.0000e+05 4.4545e-12 2.5000e+00
7.2549e+00 1.0000e+05 6.8313e-17 1.0000e+00 1.0000e+05 6.8313e-12 2.5000e+00
7.6471e+00 1.0000e+05 1.0640e-16 1.0000e+00 1.0000e+05 1.0640e-11 2.5000e+00
8.0392e+00 1.0000e+05 1.6843e-16 1.0000e+00 1.0000e+05 1.6843e-11 2.5000e+00
8.4314e+00 1.0000e+05 2.6988e-16 1.0000e+00 1.0000e+05 2.6988e-11 2.5000e+00
8.8235e+00 1.0000e+05 4.3580e-16 1.0000e+00 1.0000e+05 4.3580e-11 2.5000e+00
9.2157e+00 1.0000e+05 7.0653e-16 1.0000e+00 1.0000e+05 7.0653e-11 2.5000e+00
9.6078e+00 1.0000e+05 1.1468e-15 1.0000e+00 1.0000e+05 1.1468e-10 2.5000e+00
1.0000e+01 1.0000e+05 1.8607e-15 1.0000e+00 1.0000e+05 1.8607e-10 2.5000e+00
1.0392e+01 1.0000e+05 3.0130e-15 1.0000e+00 1.0000e+05 3.0130e-10 2.5000e+00
1.0784e+01 1.0000e+05 4.8634e-15 1.0000e+00 1.0000e+05 4.8634e-10 2.5000e+00
1.1176e+01 1.0000e+05 7.8210e-15 1.0000e+00 1.0000e+05 7.8210e-10 2.5000e+00
1.1569e+01 1.0000e+05 1.2525e-14 1.0000e+00 1.0000e+05 1.2525e-09 2.5000e+00
1.1961e+01 1.0000e+05 1.9973e-14 1.0000e+00 1.0000e+05 1.9973e-09 2.5000e+00
1.2353e+01 1.0000e+05 3.1710e-14 1.0000e+00 1.0000e+05 3.1710e-09 2.5000e+00
1.2745e+01 1.0000e+05 5.0118e-14 1.0000e+00 1.0000e+05 5.0118e-09 2.5000e+00
1.3137e+01 1.0000e+05 7.8856e-14 1.0000e+00 1.0000e+05 7.8856e-09 2.5000e+00
1.3529e+01 1.0000e+05 1.2351e-13 1.0000e+00 1.0000e+05 1.2351e-08 2.5000e+00
1.3922e+01 1.0000e+05 1.9255e-13 1.0000e+00 1.0000e+05 1.9255e-08 2.5000e+00
1.4314e+01 1.0000e+05 2.9883e-13 1.0000e+00 1.0000e+05 2.9883e-08 2.5000e+00
1.4706e+01 1.0000e+05 4.6162e-13 1.0000e+00 1.0000e+05 4.6162e-08 2.5000e+00
1.5098e+01 1.0000e+05 7.0982e-13 1.0000e+00 1.0000e+05 7.0982e-08 2.5000e+00
1.5490e+01 1.0000e+05 1.0864e-12 1.0000e+00 1.0000e+05 1.0864e-07 2.5000e+00
1.5882e+01 1.0000e+05 1.6552e-12 1.0000e+00 1.0000e+05 1.6552e-07 2.5000e+00
1.6275e+01 1.0000e+05 2.5099e-12 1.0000e+00 1.0000e+05 2.5099e-07 2.5000e+00
1.6667e+01 1.0000e+05 3.7885e-12 1.0000e+00 1.0000e+05 3.7885e-07 2.5000e+00
1.7059e+01 1.0000e+05 5.6919e-12 1.0000e+00 1.0000e+05 5.6919e-07 2.5000e+00
1.7451e+01 1.0000e+05 8.5117e-12 1.0000e+00 1.0000e+05 8.5117e-07 2.5000e+00
1.7843e+01 1.0000e+05 1.2669e-11 1.0000e+00 1.0000e+05 1.2669e-06 2.5000e+00
1.8235e+01 1.0000e+05 1.8770e-11 1.0000e+00 1.0000e+05 1.8770e-06 2.5000e+00
1.8627e+01 1.0000e+05 2.7678e-11 1.0000e+00 1.0000e+05 2.7678e-06 2.5000e+00
1.9020e+01 1.0000e+05 4.0624e-11 1.0000e+00 1.0000e+05 4.0624e-06 2.5000e+00
1.9412e+01 1.0000e+05 5.9346e-11 1.0000e+00 1.0000e+05 5.9346e-06 2.5000e+00
1.9804e+01 1.0000e+05 8.6291e-11 1.0000e+00 1.0000e+05 8.6291e-06 2.5000e+00
2.0196e+01 1.0000e+05 1.2488e-10 1.0000e+00 1.0000e+05 1.2488e-05 2.5000e+00
2.0588e+01 1.0000e+05 1.7988e-10 1.0000e+00 1.0000e+05 1.7988e-05 2.5000e+00
2.0980e+01 1.0000e+05 2.5789e-10 1.0000e+00 1.0000e+05 2.5789e-05 2.5000e+00
2.1373e+01 1.0000e+05 3.6799e-10 1.0000e+00 1.0000e+05 3.6799e-05 2.5000e+00
2.1765e+01 1.0000e+05 5.2263e-10 1.0000e+00 1.0000e+05 5.2263e-05 2.5000e+00
2.2157e+01 1.0000e+05 7.3876e-10 1.0000e+00 1.0000e+05 7.3876e-05 2.5000e+00
2.2549e+01 1.0000e+05 1.0394e-09 1.0000e+00 1.0000e+05 1.0394e-04 2.5000e+00
2.2941e+01 1.0000e+05 1.4554e-09 1.0000e+00 1.0000e+05 1.4554e-04 2.5000e+00
2.3333e+01 1.0000e+05 2.0283e-09 1.0000e+00 1.0000e+05 2.0283e-04 2.5000e+00
2.3725e+01 1.0000e+05 2.8135e-09 9.9999e-01 1.0000e+05 2.8135e-04 2.5000e+00
2.4118e+01 1.0000e+05 3.8841e-09 9.9999e-01 1.0000e+05 3.8841e-04 2.5000e+00
2.4510e+01 1.0000e+05 5.3370e-09 9.9999e-01 1.0000e+05 5.3370e-04 2.5000e+00
2.4902e+01 1.0000e+05 7.2986e-09 9.9999e-01 1.0000e+05 7.2986e-04 2.5000e+00
2.5294e+01 1.0000e+05 9.9342e-09 9.9998e-01 1.0000e+05 9.9342e-04 2.5000e+00
2.5686e+01 1.0000e+05 1.3458e-08 9.9997e-01 1.0000e+05 1.3458e-03 2.4999e+00
2.6078e+01 1.0000e+05 1.8145e-08 9.9996e-01 1.0000e+05 1.8145e-03 2.4999e+00
2.6471e+01 1.0000e+05 2.4350e-08 9.9995e-01 1.0000e+05 2.4350e-03 2.4999e+00
2.6863e+01 1.0000e+05 3.2522e-08 9.9994e-01 1.0000e+05 3.2522e-03 2.4998e+00
2.7255e+01 1.0000e+05 4.3233e-08 9.9992e-01 1.0000e+05 4.3233e-03 2.4998e+00
2.7647e+01 1.0000e+05 5.7200e-08 9.9989e-01 1.0000e+05 5.7200e-03 2.4997e+00
2.8039e+01 1.0000e+05 7.5324e-08 9.9986e-01 1.0000e+05 7.5324e-03 2.4997e+00
2.8431e+01 9.9999e+04 9.8725e-08 9.9982e-01 9.9999e+04 9.8725e-03 2.4996e+00
2.8824e+01 9.9999e+04 1.2879e-07 9.9977e-01 9.9999e+04 1.2879e-02 2.4994e+00
2.9216e+01 9.9999e+04 1.6722e-07 9.9971e-01 9.9999e+04 1.6722e-02 2.4993e+00
2.9608e+01 9.9999e+04 2.1610e-07 9.9963e-01 9.9999e+04 2.1610e-02 2.4991e+00
3.0000e+01 9.9998e+04 2.7797e-07 9.9953e-01 9.9998e+04 2.7797e-02 2.4988e+00
3.0392e+01 9.9998e+04 3.5589e-07 9.9941e-01 9.9998e+04 3.5588e-02 2.4985e+00
3.0784e+01 9.9997e+04 4.5352e-07 9.9926e-01 9.9997e+04 4.5351e-02 2.4981e+00
3.1176e+01 9.9996e+04 5.7527e-07 9.9907e-01 9.9996e+04 5.7525e-02 2.4977e+00
3.1569e+01 9.9995e+04 7.2631e-07 9.9885e-01 9.9995e+04 7.2628e-02 2.4971e+00
3.1961e+01 9.9994e+04 9.1278e-07 9.9857e-01 9.9994e+04 9.1273e-02 2.4964e+00
3.2353e+01 9.9993e+04 1.1419e-06 9.9824e-01 9.9993e+04 1.1418e-01 2.4956e+00
3.2745e+01 9.9991e+04 1.4219e-06 9.9785e-01 9.9991e+04 1.4217e-01 2.4946e+00
3.3137e+01 9.9988e+04 1.7625e-06 9.9738e-01 9.9988e+04 1.7623e-01 2.4934e+00
3.3529e+01 9.9985e+04 2.1747e-06 9.9682e-01 9.9985e+04 2.1744e-01 2.4920e+00
3.3922e+01 9.9982e+04 2.6712e-06 9.9615e-01 9.9982e+04 2.6707e-01 2.4904e+00
3.4314e+01 9.9977e+04 3.2663e-06 9.9538e-01 9.9977e+04 3.2656e-01 2.4884e+00
3.4706e+01 9.9972e+04 3.9761e-06 9.9447e-01 9.9972e+04 3.9750e-01 2.4862e+00
3.5098e+01 9.9966e+04 4.8186e-06 9.9341e-01 9.9966e+04 4.8169e-01 2.4835e+00
3.5490e+01 9.9958e+04 5.8137e-06 9.9219e-01 9.9958e+04 5.8113e-01 2.4805e+00
3.5882e+01 9.9949e+04 6.9834e-06 9.9078e-01 9.9949e+04 6.9799e-01 2.4770e+00
3.6275e+01 9.9938e+04 8.3519e-06 9.8917e-01 9.9938e+04 8.3467e-01 2.4729e+00
3.6667e+01 9.9925e+04 9.9451e-06 9.8734e-01 9.9925e+04 9.9376e-01 2.4684e+00
3.7059e+01 9.9909e+04 1.1791e-05 9.8527e-01 9.9909e+04 1.1781e+00 2.4632e+00
3.7451e+01 9.9891e+04 1.3921e-05 9.8293e-01 9.9891e+04 1.3905e+00 2.4573e+00
3.7843e+01 9.9870e+04 1.6365e-05 9.8031e-01 9.9870e+04 1.6344e+00 2.4508e+00
3.8235e+01 9.9845e+04 1.9158e-05 9.7738e-01 9.9845e+04 1.9128e+00 2.4435e+00
3.8627e+01 9.9816e+04 2.2334e-05 9.7413e-01 9.9816e+04 2.2293e+00 2.4354e+00
3.9020e+01 9.9783e+04 2.5930e-05 9.7055e-01 9.9783e+04 2.5874e+00 2.4264e+00
3.9412e+01 9.9745e+04 2.9983e-05 9.6661e-01 9.9745e+04 2.9907e+00 2.4166e+00
3.9804e+01 9.9702e+04 3.4531e-05 9.6231e-01 9.9702e+04 3.4428e+00 2.4058e+00
4.0196e+01 9.9652e+04 3.9610e-05 9.5762e-01 9.9652e+04 3.9473e+00 2.3941e+00
4.0588e+01 9.9595e+04 4.5260e-05 9.5255e-01 9.9595e+04 4.5076e+00 2.3815e+00
4.0980e+01 9.9532e+04 5.1515e-05 9.4709e-01 9.9532e+04 5.1273e+00 2.3679e+00
4.1373e+01 9.9460e+04 5.8411e-05 9.4124e-01 9.9460e+04 5.8096e+00 2.3533e+00
4.1765e+01 9.9379e+04 6.5982e-05 9.3500e-01 9.9379e+04 6.5573e+00 2.3377e+00
4.2157e+01 9.9289e+04 7.4259e-05 9.2838e-01 9.9289e+04 7.3731e+00 2.3212e+00
4.2549e+01 9.9188e+04 8.3271e-05 9.2138e-01 9.9188e+04 8.2595e+00 2.3038e+00
4.2941e+01 9.9077e+04 9.3041e-05 9.1402e-01 9.9077e+04 9.2182e+00 2.2855e+00
4.3333e+01 9.8954e+04 1.0359e-04 9.0633e-01 9.8954e+04 1.0251e+01 2.2663e+00
4.3725e+01 9.8819e+04 1.1494e-04 8.9832e-01 9.8819e+04 1.1358e+01 2.2464e+00
4.4118e+01 9.8671e+04 1.2708e-04 8.9001e-01 9.8671e+04 1.2539e+01 2.2258e+00
4.4510e+01 9.8510e+04 1.4009e-04 8.8147e-01 9.8510e+04 1.3801e+01 2.2046e+00
4.4902e+01 9.8330e+04 1.5371e-04 8.7263e-01 9.8330e+04 1.5114e+01 2.1827e+00
4.5294e+01 9.8155e+04 1.6888e-04 8.6386e-01 9.8155e+04 1.6576e+01 2.1611e+00
4.5686e+01 9.7898e+04 1.8246e-04 8.5413e-01 9.7898e+04 1.7862e+01 2.1370e+00
4.6078e+01 9.7819e+04 2.0372e-04 8.4667e-01 9.7819e+04 1.9927e+01 2.1187e+00
4.6471e+01 9.7224e+04 2.0788e-04 8.3309e-01 9.7224e+04 2.0211e+01 2.0848e+00
4.6863e+01 9.7748e+04 2.5301e-04 8.3310e-01 9.7748e+04 2.4731e+01 2.0859e+00
4.7255e+01 9.6044e+04 2.2043e-04 8.0689e-01 9.6044e+04 2.1170e+01 2.0195e+00
4.7647e+01 9.7915e+04 3.1491e-04 8.2289e-01 9.7915e+04 3.0835e+01 2.0621e+00
4.8039e+01 9.5104e+04 2.4715e-04 7.8511e-01 9.5104e+04 2.3505e+01 1.9657e+00
4.8431e+01 9.6789e+04 3.3716e-04 7.9905e-01 9.6789e+04 3.2633e+01 2.0031e+00
4.8824e+01 9.5826e+04 3.2732e-04 7.8055e-01 9.5826e+04 3.1366e+01 1.9565e+00
4.9216e+01 9.1850e+04 3.5523e-04 7.7448e-01 9.1850e+04 3.2628e+01 1.9420e+00
4.9608e+01 1.1841e+05 3.6443e-04 7.6166e-01 1.1841e+05 4.3153e+01 1.9120e+00
5.0000e+01 3.3492e+04 3.9178e-04 7.6026e-01 3.3492e+04 1.3121e+01 1.9032e+00
5.0392e+01 1.2330e+04 4.1370e-04 7.5704e-01 1.2330e+04 5.1010e+00 1.8937e+00
5.0784e+01 9.3548e+03 4.7420e-04 7.5271e-01 9.3548e+03 4.4361e+00 1.8828e+00
5.1176e+01 9.7609e+03 6.4917e-04 7.5810e-01 9.7609e+03 6.3365e+00 1.8973e+00
5.1569e+01 1.0269e+04 7.8210e-04 7.6157e-01 1.0269e+04 8.0312e+00 1.9071e+00
5.1961e+01 1.0789e+04 8.0585e-04 7.5540e-01 1.0789e+04 8.6942e+00 1.8920e+00
5.2353e+01 1.1060e+04 8.2654e-04 7.5050e-01 1.1060e+04 9.1413e+00 1.8800e+00
5.2745e+01 1.1425e+04 9.2118e-04 7.5466e-01 1.1425e+04 1.0524e+01 1.8915e+00
5.3137e+01 1.1672e+04 1.0355e-03 7.6214e-01 1.1672e+04 1.2086e+01 1.9116e+00
5.3529e+01 1.1888e+04 1.1017e-03 7.6497e-01 1.1888e+04 1.3097e+01 1.9196e+00
5.3922e+01 1.1958e+04 1.1063e-03 7.6133e-01 1.1958e+04 1.3228e+01 1.9106e+00
5.4314e+01 1.2015e+04 1.0831e-03 7.5404e-01 1.2015e+04 1.3012e+01 1.8922e+00
5.4706e+01 1.2077e+04 1.0865e-03 7.4983e-01 1.2077e+04 1.3122e+01 1.8817e+00
5.5098e+01 1.2230e+04 1.1593e-03 7.5413e-01 1.2230e+04 1.4178e+01 1.8936e+00
5.5490e+01 1.2426e+04 1.2810e-03 7.6470e-01 1.2426e+04 1.5918e+01 1.9219e+00
5.5882e+01 1.2630e+04 1.4072e-03 7.7641e-01 1.2630e+04 1.7774e+01 1.9535e+00
5.6275e+01 1.2786e+04 1.5046e-03 7.8526e-01 1.2786e+04 1.9238e+01 1.9776e+00
5.6667e+01 1.2888e+04 1.5629e-03 7.8981e-01 1.2888e+04 2.0143e+01 1.9903e+00
5.7059e+01 1.2939e+04 1.5890e-03 7.9073e-01 1.2939e+04 2.0560e+01 1.9932e+00
5.7451e+01 1.2963e+04 1.5959e-03 7.8951e-01 1.2963e+04 2.0687e+01 1.9903e+00
5.7843e+01 1.2972e+04 1.5947e-03 7.8743e-01 1.2972e+04 2.0686e+01 1.9851e+00
5.8235e+01 1.2977e+04 1.5911e-03 7.8512e-01 1.2977e+04 2.0648e+01 1.9792e+00
5.8627e+01 1.2981e+04 1.5868e-03 7.8270e-01 1.2981e+04 2.0598e+01 1.9731e+00
5.9020e+01 1.2984e+04 1.5820e-03 7.8018e-01 1.2984e+04 2.0542e+01 1.9667e+00
5.9412e+01 1.2987e+04 1.5768e-03 7.7756e-01 1.2987e+04 2.0478e+01 1.9600e+00
5.9804e+01 1.2989e+04 1.5711e-03 7.7484e-01 1.2989e+04 2.0408e+01 1.9531e+00
6.0196e+01 1.2991e+04 1.5650e-03 7.7202e-01 1.2991e+04 2.0331e+01 1.9460e+00
6.0588e+01 1.2993e+04 1.5584e-03 7.6909e-01 1.2993e+04 2.0248e+01 1.9385e+00
6.0980e+01 1.2994e+04 1.5515e-03 7.6605e-01 1.2994e+04 2.0159e+01 1.9308e+00
6.1373e+01 1.2994e+04 1.5441e-03 7.6290e-01 1.2994e+04 2.0064e+01 1.9227e+00
6.1765e+01 1.2995e+04 1.5362e-03 7.5963e-01 1.2995e+04 1.9962e+01 1.9144e+00
6.2157e+01 1.2994e+04 1.5279e-03 7.5623e-01 1.2994e+04 1.9855e+01 1.9057e+00
6.2549e+01 1.2994e+04 1.5193e-03 7.5271e-01 1.2994e+04 1.9741e+01 1.8968e+00
6.2941e+01 1.2993e+04 1.5101e-03 7.4906e-01 1.2993e+04 1.9622e+01 1.8875e+00
6.3333e+01 1.2992e+04 1.5006e-03 7.4527e-01 1.2992e+04 1.9496e+01 1.8778e+00
6.3725e+01 1.2991e+04 1.4906e-03 7.4135e-01 1.2991e+04 1.9364e+01 1.8678e+00
6.4118e+01 1.2989e+04 1.4802e-03 7.3728e-01 1.2989e+04 1.9226e+01 1.8574e+00
6.4510e+01 1.2987e+04 1.4693e-03 7.3307e-01 1.2987e+04 1.9082e+01 1.8467e+00
6.4902e+01 1.2985e+04 1.4580e-03 7.2871e-01 1.2985e+04 1.8932e+01 1.8356e+00
6.5294e+01 1.2982e+04 1.4463e-03 7.2419e-01 1.2982e+04 1.8776e+01 1.8241e+00
6.5686e+01 1.2979e+04 1.4341e-03 7.1952e-01 1.2979e+04 1.8614e+01 1.8121e+00
6.6078e+01 1.2976e+04 1.4215e-03 7.1468e-01 1.2976e+04 1.8446e+01 1.7998e+00
6.6471e+01 1.2973e+04 1.4084e-03 7.0968e-01 1.2973e+04 1.8271e+01 1.7871e+00
6.6863e+01 1.2969e+04 1.3949e-03 7.0450e-01 1.2969e+04 1.8091e+01 1.7739e+00
6.7255e+01 1.2965e+04 1.3809e-03 6.9916e-01 1.2965e+04 1.7904e+01 1.7603e+00
6.7647e+01 1.2961e+04 1.3665e-03 6.9363e-01 1.2961e+04 1.7711e+01 1.7462e+00
6.8039e+01 1.2957e+04 1.3516e-03 6.8792e-01 1.2957e+04 1.7512e+01 1.7316e+00
6.8431e+01 1.2952e+04 1.3362e-03 6.8202e-01 1.2952e+04 1.7307e+01 1.7166e+00
6.8824e+01 1.2947e+04 1.3204e-03 6.7593e-01 1.2947e+04 1.7096e+01 1.7011e+00
6.9216e+01 1.2942e+04 1.3041e-03 6.6964e-01 1.2942e+04 1.6878e+01 1.6851e+00
6.9608e+01 1.2937e+04 1.2874e-03 6.6316e-01 1.2937e+04 1.6654e+01 1.6686e+00
7.0000e+01 1.2931e+04 1.2701e-03 6.5647e-01 1.2931e+04 1.6424e+01 1.6516e+00
7.0392e+01 1.2925e+04 1.2524e-03 6.4958e-01 1.2925e+04 1.6188e+01 1.6341e+00
7.0784e+01 1.2919e+04 1.2342e-03 6.4247e-01 1.2919e+04 1.5945e+01 1.6160e+00
7.1176e+01 1.2913e+04 1.2155e-03 6.3515e-01 1.2913e+04 1.5696e+01 1.5974e+00
7.1569e+01 1.2907e+04 1.1964e-03 6.2761e-01 1.2907e+04 1.5441e+01 1.5783e+00
7.1961e+01 1.2900e+04 1.1767e-03 6.1985e-01 1.2900e+04 1.5180e+01 1.5586e+00
7.2353e+01 1.2893e+04 1.1566e-03 6.1186e-01 1.2893e+04 1.4912e+01 1.5383e+00
7.2745e+01 1.2886e+04 1.1359e-03 6.0364e-01 1.2886e+04 1.4638e+01 1.5174e+00
7.3137e+01 1.2879e+04 1.1148e-03 5.9518e-01 1.2879e+04 1.4357e+01 1.4960e+00
7.3529e+01 1.2871e+04 1.0932e-03 5.8649e-01 1.2871e+04 1.4070e+01 1.4739e+00
7.3922e+01 1.2864e+04 1.0710e-03 5.7754e-01 1.2864e+04 1.3777e+01 1.4512e+00
7.4314e+01 1.2856e+04 1.0483e-03 5.6835e-01 1.2856e+04 1.3477e+01 1.4279e+00
7.4706e+01 1.2848e+04 1.0251e-03 5.5890e-01 1.2848e+04 1.3171e+01 1.4040e+00
7.5098e+01 1.2839e+04 1.0014e-03 5.4920e-01 1.2839e+04 1.2858e+01 1.3794e+00
7.5490e+01 1.2831e+04 9.7719e-04 5.3922e-01 1.2831e+04 1.2538e+01 1.3542e+00
7.5882e+01 1.2822e+04 9.5241e-04 5.2897e-01 1.2822e+04 1.2212e+01 1.3282e+00
7.6275e+01 1.2813e+04 9.2708e-04 5.1844e-01 1.2813e+04 1.1879e+01 1.3016e+00
7.6667e+01 1.2804e+04 9.0119e-04 5.0763e-01 1.2804e+04 1.1539e+01 1.2743e+00
7.7059e+01 1.2795e+04 8.7474e-04 4.9652e-01 1.2795e+04 1.1192e+01 1.2462e+00
7.7451e+01 1.2786e+04 8.4772e-04 4.8512e-01 1.2786e+04 1.0839e+01 1.2174e+00
7.7843e+01 1.2776e+04 8.2011e-04 4.7340e-01 1.2776e+04 1.0478e+01 1.1878e+00
7.8235e+01 1.2766e+04 7.9191e-04 4.6136e-01 1.2766e+04 1.0110e+01 1.1574e+00
7.8627e+01 1.2756e+04 7.6311e-04 4.4901e-01 1.2756e+04 9.7342e+00 1.1262e+00
7.9020e+01 1.2746e+04 7.3370e-04 4.3631e-01 1.2746e+04 9.3515e+00 1.0942e+00
7.9412e+01 1.2735e+04 7.0366e-04 4.2327e-01 1.2735e+04 8.9612e+00 1.0613e+00
7.9804e+01 1.2725e+04 6.7298e-04 4.0988e-01 1.2725e+04 8.5634e+00 1.0276e+00
8.0196e+01 1.2714e+04 6.4165e-04 3.9613e-01 1.2714e+04 8.1578e+00 9.9294e-01
8.0588e+01 1.2703e+04 6.0967e-04 3.8200e-01 1.2703e+04 7.7444e+00 9.5737e-01
8.0980e+01 1.2692e+04 5.7701e-04 3.6749e-01 1.2692e+04 7.3231e+00 9.2085e-01
8.1373e+01 1.2680e+04 5.4366e-04 3.5259e-01 1.2680e+04 6.8936e+00 8.8335e-01
8.1765e+01 1.2668e+04 5.0961e-04 3.3728e-01 1.2668e+04 6.4560e+00 8.4484e-01
8.2157e+01 1.2657e+04 4.7485e-04 3.2155e-01 1.2657e+04 6.0100e+00 8.0531e-01
8.2549e+01 1.2645e+04 4.3936e-04 3.0540e-01 1.2645e+04 5.5555e+00 7.6471e-01
8.2941e+01 1.2632e+04 4.0313e-04 2.8880e-01 1.2632e+04 5.0925e+00 7.2303e-01
8.3333e+01 1.2620e+04 3.6614e-04 2.7175e-01 1.2620e+04 4.6206e+00 6.8022e-01
8.3725e+01 1.2607e+04 3.2838e-04 2.5423e-01 1.2607e+04 4.1399e+00 6.3626e-01
8.4118e+01 1.2594e+04 2.8984e-04 2.3624e-01 1.2594e+04 3.6504e+00 5.9114e-01
8.4510e+01 1.2581e+04 2.5058e-04 2.1779e-01 1.2581e+04 3.1527e+00 5.4487e-01
8.4902e+01 1.2568e+04 2.1074e-04 1.9895e-01 1.2568e+04 2.6487e+00 4.9764e-01
8.5294e+01 1.2555e+04 1.7075e-04 1.7991e-01 1.2555e+04 2.1438e+00 4.4995e-01
8.5686e+01 1.2543e+04 1.3158e-04 1.6116e-01 1.2543e+04 1.6503e+00 4.0302e-01
8.6078e+01 1.2531e+04 9.4949e-05 1.4362e-01 1.2531e+04 1.1898e+00 3.5910e-01
8.6471e+01 1.2521e+04 6.3191e-05 1.2851e-01 1.2521e+04 7.9119e-01 3.2130e-01
8.6863e+01 1.2513e+04 3.8390e-05 1.1692e-01 1.2513e+04 4.8036e-01 2.9232e-01
8.7255e+01 1.2507e+04 2.1283e-05 1.0915e-01 1.2507e+04 2.6619e-01 2.7289e-01
8.7647e+01 1.2504e+04 1.0890e-05 1.0459e-01 1.2504e+04 1.3617e-01 2.6147e-01
8.8039e+01 1.2502e+04 5.2453e-06 1.0218e-01 1.2502e+04 6.5576e-02 2.5544e-01
8.8431e+01 1.2501e+04 2.4284e-06 1.0100e-01 1.2501e+04 3.0358e-02 2.5250e-01
8.8824e+01 1.2500e+04 1.0986e-06 1.0045e-01 1.2500e+04 1.3734e-02 2.5113e-01
8.9216e+01 1.2500e+04 4.9078e-07 1.0020e-01 1.2500e+04 6.1349e-03 2.5050e-01
8.9608e+01 1.2500e+04 2.1771e-07 1.0009e-01 1.2500e+04 2.7214e-03 2.5022e-01
9.0000e+01 1.2500e+04 9.6172e-08 1.0004e-01 1.2500e+04 1.2021e-03 2.5010e-01
9.0392e+01 1.2500e+04 4.2359e-08 1.0002e-01 1.2500e+04 5.2949e-04 2.5004e-01
9.0784e+01 1.2500e+04 1.8613e-08 1.0001e-01 1.2500e+04 2.3267e-04 2.5002e-01
9.1176e+01 1.2500e+04 8.1621e-09 1.0000e-01 1.2500e+04 1.0203e-04 2.5001e-01
9.1569e+01 1.2500e+04 3.5721e-09 1.0000e-01 1.2500e+04 4.4651e-05 2.5000e-01
9.1961e+01 1.2500e+04 1.5603e-09 1.0000e-01 1.2500e+04 1.9504e-05 2.5000e-01
9.2353e+01 1.2500e+04 6.8023e-10 1.0000e-01 1.2500e+04 8.5029e-06 2.5000e-01
9.2745e+01 1.2500e+04 2.9598e-10 1.0000e-01 1.2500e+04 3.6998e-06 2.5000e-01
9.3137e+01 1.2500e+04 1.2854e-10 1.0000e-01 1.2500e+04 1.6068e-06 2.5000e-01
9.3529e+01 1.2500e+04 5.5716e-11 1.0000e-01 1.2500e+04 6.9646e-07 2.5000e-01
9.3922e+01 1.2500e+04 2.4103e-11 1.0000e-01 1.2500e+04 3.0129e-07 2.5000e-01
9.4314e+01 1.2500e+04 1.0407e-11 1.0000e-01 1.2500e+04 1.3009e-07 2.5000e-01
9.4706e+01 1.2500e+04 4.4845e-12 1.0000e-01 1.2500e+04 5.6056e-08 2.5000e-01
9.5098e+01 1.2500e+04 1.9286e-12 1.0000e-01 1.2500e+04 2.4108e-08 2.5000e-01
9.5490e+01 1.2500e+04 8.2777e-13 1.0000e-01 1.2500e+04 1.0347e-08 2.5000e-01
9.5882e+01 1.2500e+04 3.5458e-13 1.0000e-01 1.2500e+04 4.4322e-09 2.5000e-01
9.6275e+01 1.2500e+04 1.5158e-13 1.0000e-01 1.2500e+04 1.8947e-09 2.5000e-01
9.6667e+01 1.2500e+04 6.4667e-14 1.0000e-01 1.2500e+04 8.0834e-10 2.5000e-01
9.7059e+01 1.2500e+04 2.7531e-14 1.0000e-01 1.2500e+04 3.4414e-10 2.5000e-01
9.7451e+01 1.2500e+04 1.1695e-14 1.0000e-01 1.2500e+04 1.4619e-10 2.5000e-01
9.7843e+01 1.2500e+04 4.9569e-15 1.0000e-01 1.2500e+04 6.1962e-11 2.5000e-01
9.8235e+01 1.2500e+04 2.0951e-15 1.0000e-01 1.2500e+04 2.6189e-11 2.5000e-01
9.8627e+01 1.2500e+04 8.8192e-16 1.0000e-01 1.2500e+04 1.1024e-11 2.5000e-01
9.9020e+01 1.2500e+04 3.6949e-16 1.0000e-01 1.2500e+04 4.6186e-12 2.5000e-01
9.9412e+01 1.2500e+04 1.5427e-16 1.0000e-01 1.2500e+04 1.9284e-12 2.5000e-01
9.9804e+01 1.2500e+04 6.7543e-17 1.0000e-01 1.2500e+04 8.4429e-13 2.5000e-01
