# # x Density Velocity Pressure q0 q1 q2
1.9608e-01 1.0000e+05 0.0000e+00 1.0000e+00 1.0000e+05 0.0000e+00 2.5000e+00
5.8824e-01 1.0000e+05 0.0000e+00 1.0000e+00 1.0000e+05 0.0000e+00 2.5000e+00
9.8039e-01 1.0000e+05 0.0000e+00 1.0000e+00 1.0000e+05 0.0000e+00 2.5000e+00
1.3725e+00 1.0000e+05 0.0000e+00 1.0000e+00 1.0000e+05 0.0000e+00 2.5000e+00
1.7647e+00 1.0000e+05 0.0000e+00 1.0000e+00 1.0000e+05 0.0000e+00 2.5000e+00
2.1569e+00 1.0000e+05 0.0000e+00 1.0000e+00 1.0000e+05 0.0000e+00 2.5000e+00
2.5490e+00 1.0000e+05 0.0000e+00 1.0000e+00 1.0000e+05 0.0000e+00 2.5000e+00
2.9412e+00 1.0000e+05 0.0000e+00 1.0000e+00 1.0000e+05 0.0000e+00 2.5000e+00
3.3333e+00 1.0000e+05 0.0000e+00 1.0000e+00 1.0000e+05 0.0000e+00 2.5000e+00
3.7255e+00 1.0000e+05 0.0000e+00 1.0000e+00 1.0000e+05 0.0000e+00 2.5000e+00
4.1176e+00 1.0000e+05 9.0877e-20 1.0000e+00 1.0000e+05 9.0877e-15 2.5000e+00
4.5098e+00 1.0000e+05 9.7870e-19 1.0000e+00 1.0000e+05 9.7870e-14 2.5000e+00
4.9020e+00 1.0000e+05 3.6759e-18 1.0000e+00 1.0000e+05 3.6759e-13 2.5000e+00
5.2941e+00 1.0000e+05 8.3035e-18 1.0000e+00 1.0000e+05 8.3035e-13 2.5000e+00
5.6863e+00 1.0000e+05 1.4865e-17 1.0000e+00 1.0000e+05 1.4865e-12 2.5000e+00
6.0784e+00 1.0000e+05 2.3711e-17 1.0000e+00 1.0000e+05 2.3711e-12 2.5000e+00
6.4706e+00 1.0000e+05 3.6562e-17 1.0000e+00 1.0000e+05 3.6562e-12 2.5000e+00
6.8627e+00 1.0000e+05 5.6218e-17 1.0000e+00 1.0000e+05 5.6218e-12 2.5000e+00
7.2549e+00 1.0000e+05 8.6586e-17 1.0000e+00 1.0000e+05 8.6586e-12 2.5000e+00
7.6471e+00 1.0000e+05 1.3556e-16 1.0000e+00 1.0000e+05 1.3556e-11 2.5000e+00
8.0392e+00 1.0000e+05 2.1550e-16 1.0000e+00 1.0000e+05 2.1550e-11 2.5000e+00
8.4314e+00 1.0000e+05 3.4626e-16 1.0000e+00 1.0000e+05 3.4626e-11 2.5000e+00
8.8235e+00 1.0000e+05 5.5930e-16 1.0000e+00 1.0000e+05 5.5930e-11 2.5000e+00
9.2157e+00 1.0000e+05 9.0559e-16 1.0000e+00 1.0000e+05 9.0559e-11 2.5000e+00
9.6078e+00 1.0000e+05 1.4667e-15 1.0000e+00 1.0000e+05 1.4667e-10 2.5000e+00
1.0000e+01 1.0000e+05 2.3722e-15 1.0000e+00 1.0000e+05 2.3722e-10 2.5000e+00
1.0392e+01 1.0000e+05 3.8270e-15 1.0000e+00 1.0000e+05 3.8270e-10 2.5000e+00
1.0784e+01 1.0000e+05 6.1531e-15 1.0000e+00 1.0000e+05 6.1531e-10 2.5000e+00
1.1176e+01 1.0000e+05 9.8546e-15 1.0000e+00 1.0000e+05 9.8546e-10 2.5000e+00
1.1569e+01 1.0000e+05 1.5717e-14 1.0000e+00 1.0000e+05 1.5717e-09 2.5000e+00
1.1961e+01 1.0000e+05 2.4958e-14 1.0000e+00 1.0000e+05 2.4958e-09 2.5000e+00
1.2353e+01 1.0000e+05 3.9459e-14 1.0000e+00 1.0000e+05 3.9459e-09 2.5000e+00
1.2745e+01 1.0000e+05 6.2107e-14 1.0000e+00 1.0000e+05 6.2107e-09 2.5000e+00
1.3137e+01 1.0000e+05 9.7315e-14 1.0000e+00 1.0000e+05 9.7315e-09 2.5000e+00
1.3529e+01 1.0000e+05 1.5179e-13 1.0000e+00 1.0000e+05 1.5179e-08 2.5000e+00
1.3922e+01 1.0000e+05 2.3569e-13 1.0000e+00 1.0000e+05 2.3569e-08 2.5000e+00
1.4314e+01 1.0000e+05 3.6429e-13 1.0000e+00 1.0000e+05 3.6429e-08 2.5000e+00
1.4706e+01 1.0000e+05 5.6049e-13 1.0000e+00 1.0000e+05 5.6049e-08 2.5000e+00
1.5098e+01 1.0000e+05 8.5843e-13 1.0000e+00 1.0000e+05 8.5843e-08 2.5000e+00
1.5490e+01 1.0000e+05 1.3087e-12 1.0000e+00 1.0000e+05 1.3087e-07 2.5000e+00
1.5882e+01 1.0000e+05 1.9860e-12 1.0000e+00 1.0000e+05 1.9860e-07 2.5000e+00
1.6275e+01 1.0000e+05 3.0001e-12 1.0000e+00 1.0000e+05 3.0001e-07 2.5000e+00
1.6667e+01 1.0000e+05 4.5110e-12 1.0000e+00 1.0000e+05 4.5110e-07 2.5000e+00
1.7059e+01 1.0000e+05 6.7517e-12 1.0000e+00 1.0000e+05 6.7517e-07 2.5000e+00
1.7451e+01 1.0000e+05 1.0059e-11 1.0000e+00 1.0000e+05 1.0059e-06 2.5000e+00
1.7843e+01 1.0000e+05 1.4916e-11 1.0000e+00 1.0000e+05 1.4916e-06 2.5000e+00
1.8235e+01 1.0000e+05 2.2018e-11 1.0000e+00 1.0000e+05 2.2018e-06 2.5000e+00
1.8627e+01 1.0000e+05 3.2350e-11 1.0000e+00 1.0000e+05 3.2350e-06 2.5000e+00
1.9020e+01 1.0000e+05 4.7309e-11 1.0000e+00 1.0000e+05 4.7309e-06 2.5000e+00
1.9412e+01 1.0000e+05 6.8867e-11 1.0000e+00 1.0000e+05 6.8867e-06 2.5000e+00
1.9804e+01 1.0000e+05 9.9781e-11 1.0000e+00 1.0000e+05 9.9781e-06 2.5000e+00
2.0196e+01 1.0000e+05 1.4390e-10 1.0000e+00 1.0000e+05 1.4390e-05 2.5000e+00
2.0588e+01 1.0000e+05 2.0657e-10 1.0000e+00 1.0000e+05 2.0657e-05 2.5000e+00
2.0980e+01 1.0000e+05 2.9514e-10 1.0000e+00 1.0000e+05 2.9514e-05 2.5000e+00
2.1373e+01 1.0000e+05 4.1973e-10 1.0000e+00 1.0000e+05 4.1973e-05 2.5000e+00
2.1765e+01 1.0000e+05 5.9413e-10 1.0000e+00 1.0000e+05 5.9413e-05 2.5000e+00
2.2157e+01 1.0000e+05 8.3707e-10 1.0000e+00 1.0000e+05 8.3707e-05 2.5000e+00
2.2549e+01 1.0000e+05 1.1738e-09 1.0000e+00 1.0000e+05 1.1738e-04 2.5000e+00
2.2941e+01 1.0000e+05 1.6384e-09 1.0000e+00 1.0000e+05 1.6384e-04 2.5000e+00
2.3333e+01 1.0000e+05 2.2762e-09 1.0000e+00 1.0000e+05 2.2762e-04 2.5000e+00
2.3725e+01 1.0000e+05 3.1475e-09 9.9999e-01 1.0000e+05 3.1475e-04 2.5000e+00
2.4118e+01 1.0000e+05 4.3319e-09 9.9999e-01 1.0000e+05 4.3319e-04 2.5000e+00
2.4510e+01 1.0000e+05 5.9341e-09 9.9999e-01 1.0000e+05 5.9341e-04 2.5000e+00
2.4902e+01 1.0000e+05 8.0910e-09 9.9998e-01 1.0000e+05 8.0910e-04 2.5000e+00
2.5294e+01 1.0000e+05 1.0980e-08 9.9998e-01 1.0000e+05 1.0980e-03 2.4999e+00
2.5686e+01 1.0000e+05 1.4832e-08 9.9997e-01 1.0000e+05 1.4832e-03 2.4999e+00
2.6078e+01 1.0000e+05 1.9940e-08 9.9996e-01 1.0000e+05 1.9940e-03 2.4999e+00
2.6471e+01 1.0000e+05 2.6683e-08 9.9995e-01 1.0000e+05 2.6683e-03 2.4999e+00
2.6863e+01 1.0000e+05 3.5540e-08 9.9993e-01 1.0000e+05 3.5540e-03 2.4998e+00
2.7255e+01 1.0000e+05 4.7115e-08 9.9991e-01 1.0000e+05 4.7115e-03 2.4998e+00
2.7647e+01 1.0000e+05 6.2169e-08 9.9989e-01 1.0000e+05 6.2168e-03 2.4997e+00
2.8039e+01 1.0000e+05 8.1650e-08 9.9985e-01 1.0000e+05 8.1650e-03 2.4996e+00
2.8431e+01 9.9999e+04 1.0674e-07 9.9981e-01 9.9999e+04 1.0674e-02 2.4995e+00
2.8824e+01 9.9999e+04 1.3889e-07 9.9976e-01 9.9999e+04 1.3888e-02 2.4994e+00
2.9216e+01 9.9999e+04 1.7988e-07 9.9969e-01 9.9999e+04 1.7987e-02 2.4992e+00
2.9608e+01 9.9999e+04 2.3189e-07 9.9961e-01 9.9999e+04 2.3188e-02 2.4990e+00
3.0000e+01 9.9998e+04 2.9755e-07 9.9950e-01 9.9998e+04 2.9755e-02 2.4988e+00
3.0392e+01 9.9998e+04 3.8005e-07 9.9937e-01 9.9998e+04 3.8004e-02 2.4984e+00
3.0784e+01 9.9997e+04 4.8319e-07 9.9921e-01 9.9997e+04 4.8318e-02 2.4980e+00
3.1176e+01 9.9996e+04 6.1149e-07 9.9902e-01 9.9996e+04 6.1147e-02 2.4976e+00
3.1569e+01 9.9995e+04 7.7032e-07 9.9879e-01 9.9995e+04 7.7029e-02 2.4970e+00
3.1961e+01 9.9994e+04 9.6597e-07 9.9850e-01 9.9994e+04 9.6592e-02 2.4963e+00
3.2353e+01 9.9992e+04 1.2058e-06 9.9816e-01 9.9992e+04 1.2057e-01 2.4954e+00
3.2745e+01 9.9990e+04 1.4983e-06 9.9775e-01 9.9990e+04 1.4982e-01 2.4944e+00
3.3137e+01 9.9988e+04 1.8535e-06 9.9726e-01 9.9988e+04 1.8532e-01 2.4932e+00
3.3529e+01 9.9985e+04 2.2824e-06 9.9668e-01 9.9985e+04 2.2821e-01 2.4917e+00
3.3922e+01 9.9981e+04 2.7980e-06 9.9600e-01 9.9981e+04 2.7975e-01 2.4900e+00
3.4314e+01 9.9976e+04 3.4149e-06 9.9520e-01 9.9976e+04 3.4141e-01 2.4880e+00
3.4706e+01 9.9971e+04 4.1492e-06 9.9427e-01 9.9971e+04 4.1480e-01 2.4857e+00
3.5098e+01 9.9964e+04 5.0192e-06 9.9319e-01 9.9964e+04 5.0174e-01 2.4830e+00
3.5490e+01 9.9956e+04 6.0451e-06 9.9194e-01 9.9956e+04 6.0424e-01 2.4798e+00
3.5882e+01 9.9946e+04 7.2489e-06 9.9050e-01 9.9946e+04 7.2450e-01 2.4763e+00
3.6275e+01 9.9935e+04 8.6548e-06 9.8886e-01 9.9935e+04 8.6492e-01 2.4722e+00
3.6667e+01 9.9922e+04 1.0289e-05 9.8699e-01 9.9922e+04 1.0281e+00 2.4675e+00
3.7059e+01 9.9906e+04 1.2180e-05 9.8488e-01 9.9906e+04 1.2168e+00 2.4622e+00
3.7451e+01 9.9887e+04 1.4357e-05 9.8251e-01 9.9887e+04 1.4341e+00 2.4563e+00
3.7843e+01 9.9865e+04 1.6853e-05 9.7985e-01 9.9865e+04 1.6830e+00 2.4496e+00
3.8235e+01 9.9840e+04 1.9701e-05 9.7689e-01 9.9840e+04 1.9669e+00 2.4422e+00
3.8627e+01 9.9810e+04 2.2935e-05 9.7361e-01 9.9810e+04 2.2892e+00 2.4340e+00
3.9020e+01 9.9777e+04 2.6593e-05 9.6999e-01 9.9777e+04 2.6533e+00 2.4250e+00
3.9412e+01 9.9738e+04 3.0709e-05 9.6601e-01 9.9738e+04 3.0629e+00 2.4151e+00
3.9804e+01 9.9693e+04 3.5322e-05 9.6168e-01 9.9693e+04 3.5214e+00 2.4043e+00
4.0196e+01 9.9642e+04 4.0469e-05 9.5696e-01 9.9642e+04 4.0324e+00 2.3925e+00
4.0588e+01 9.9585e+04 4.6187e-05 9.5187e-01 9.9585e+04 4.5995e+00 2.3798e+00
4.0980e+01 9.9520e+04 5.2511e-05 9.4638e-01 9.9520e+04 5.2259e+00 2.3661e+00
4.1373e+01 9.9447e+04 5.9476e-05 9.4051e-01 9.9447e+04 5.9147e+00 2.3515e+00
4.1765e+01 9.9365e+04 6.7115e-05 9.3425e-01 9.9365e+04 6.6689e+00 2.3359e+00
4.2157e+01 9.9274e+04 7.5459e-05 9.2762e-01 9.9274e+04 7.4911e+00 2.3193e+00
4.2549e+01 9.9172e+04 8.4534e-05 9.2061e-01 9.9172e+04 8.3834e+00 2.3019e+00
4.2941e+01 9.9059e+04 9.4366e-05 9.1326e-01 9.9059e+04 9.3478e+00 2.2836e+00
4.3333e+01 9.8935e+04 1.0497e-04 9.0557e-01 9.8935e+04 1.0385e+01 2.2645e+00
4.3725e+01 9.8799e+04 1.1637e-04 8.9757e-01 9.8799e+04 1.1498e+01 2.2446e+00
4.4118e+01 9.8649e+04 1.2856e-04 8.8928e-01 9.8649e+04 1.2683e+01 2.2240e+00
4.4510e+01 9.8487e+04 1.4162e-04 8.8076e-01 9.8487e+04 1.3948e+01 2.2029e+00
4.4902e+01 9.8305e+04 1.5525e-04 8.7194e-01 9.8305e+04 1.5262e+01 2.1810e+00
4.5294e+01 9.8130e+04 1.7051e-04 8.6323e-01 9.8130e+04 1.6732e+01 2.1595e+00
4.5686e+01 9.7868e+04 1.8395e-04 8.5348e-01 9.7868e+04 1.8003e+01 2.1354e+00
4.6078e+01 9.7799e+04 2.0559e-04 8.4618e-01 9.7799e+04 2.0106e+01 2.1175e+00
4.6471e+01 9.7181e+04 2.0900e-04 8.3239e-01 9.7181e+04 2.0311e+01 2.0831e+00
4.6863e+01 9.7740e+04 2.5538e-04 8.3288e-01 9.7740e+04 2.4960e+01 2.0854e+00
4.7255e+01 9.5989e+04 2.2118e-04 8.0618e-01 9.5989e+04 2.1231e+01 2.0178e+00
4.7647e+01 9.7893e+04 3.1683e-04 8.2261e-01 9.7893e+04 3.1016e+01 2.0615e+00
4.8039e+01 9.5089e+04 2.4933e-04 7.8499e-01 9.5089e+04 2.3708e+01 1.9654e+00
4.8431e+01 9.6719e+04 3.3741e-04 7.9835e-01 9.6719e+04 3.2634e+01 2.0014e+00
4.8824e+01 9.5826e+04 3.2953e-04 7.8055e-01 9.5826e+04 3.1578e+01 1.9566e+00
4.9216e+01 9.1744e+04 3.5694e-04 7.7437e-01 9.1744e+04 3.2747e+01 1.9418e+00
4.9608e+01 1.1859e+05 3.6559e-04 7.6141e-01 1.1859e+05 4.3355e+01 1.9114e+00
5.0000e+01 3.3832e+04 3.9274e-04 7.5996e-01 3.3832e+04 1.3287e+01 1.9025e+00
5.0392e+01 1.2409e+04 4.1803e-04 7.5730e-01 1.2409e+04 5.1871e+00 1.8943e+00
5.0784e+01 9.3446e+03 4.7221e-04 7.5237e-01 9.3446e+03 4.4126e+00 1.8820e+00
5.1176e+01 9.7287e+03 6.3965e-04 7.5699e-01 9.7287e+03 6.2229e+00 1.8945e+00
5.1569e+01 1.0247e+04 7.8301e-04 7.6150e-01 1.0247e+04 8.0234e+00 1.9069e+00
5.1961e+01 1.0779e+04 8.1507e-04 7.5621e-01 1.0779e+04 8.7856e+00 1.8941e+00
5.2353e+01 1.1044e+04 8.2732e-04 7.5040e-01 1.1044e+04 9.1372e+00 1.8798e+00
5.2745e+01 1.1399e+04 9.1100e-04 7.5335e-01 1.1399e+04 1.0384e+01 1.8881e+00
5.3137e+01 1.1648e+04 1.0257e-03 7.6080e-01 1.1648e+04 1.1948e+01 1.9081e+00
5.3529e+01 1.1876e+04 1.1010e-03 7.6455e-01 1.1876e+04 1.3076e+01 1.9186e+00
5.3922e+01 1.1958e+04 1.1140e-03 7.6179e-01 1.1958e+04 1.3321e+01 1.9119e+00
5.4314e+01 1.2016e+04 1.0919e-03 7.5517e-01 1.2016e+04 1.3121e+01 1.8951e+00
5.4706e+01 1.2068e+04 1.0868e-03 7.4988e-01 1.2068e+04 1.3116e+01 1.8818e+00
5.5098e+01 1.2206e+04 1.1473e-03 7.5272e-01 1.2206e+04 1.4004e+01 1.8898e+00
5.5490e+01 1.2394e+04 1.2625e-03 7.6248e-01 1.2394e+04 1.5648e+01 1.9161e+00
5.5882e+01 1.2600e+04 1.3897e-03 7.7424e-01 1.2600e+04 1.7511e+01 1.9478e+00
5.6275e+01 1.2764e+04 1.4927e-03 7.8371e-01 1.2764e+04 1.9053e+01 1.9735e+00
5.6667e+01 1.2875e+04 1.5575e-03 7.8901e-01 1.2875e+04 2.0053e+01 1.9881e+00
5.7059e+01 1.2933e+04 1.5884e-03 7.9050e-01 1.2933e+04 2.0544e+01 1.9926e+00
5.7451e+01 1.2961e+04 1.5979e-03 7.8958e-01 1.2961e+04 2.0711e+01 1.9905e+00
5.7843e+01 1.2972e+04 1.5977e-03 7.8762e-01 1.2972e+04 2.0725e+01 1.9856e+00
5.8235e+01 1.2978e+04 1.5944e-03 7.8536e-01 1.2978e+04 2.0693e+01 1.9799e+00
5.8627e+01 1.2982e+04 1.5903e-03 7.8298e-01 1.2982e+04 2.0645e+01 1.9739e+00
5.9020e+01 1.2985e+04 1.5857e-03 7.8050e-01 1.2985e+04 2.0590e+01 1.9676e+00
5.9412e+01 1.2988e+04 1.5806e-03 7.7793e-01 1.2988e+04 2.0529e+01 1.9611e+00
5.9804e+01 1.2991e+04 1.5750e-03 7.7526e-01 1.2991e+04 2.0461e+01 1.9543e+00
6.0196e+01 1.2993e+04 1.5691e-03 7.7249e-01 1.2993e+04 2.0386e+01 1.9472e+00
6.0588e+01 1.2994e+04 1.5627e-03 7.6961e-01 1.2994e+04 2.0306e+01 1.9399e+00
6.0980e+01 1.2995e+04 1.5559e-03 7.6663e-01 1.2995e+04 2.0219e+01 1.9323e+00
6.1373e+01 1.2996e+04 1.5486e-03 7.6353e-01 1.2996e+04 2.0126e+01 1.9244e+00
6.1765e+01 1.2996e+04 1.5410e-03 7.6032e-01 1.2996e+04 2.0027e+01 1.9162e+00
6.2157e+01 1.2996e+04 1.5329e-03 7.5699e-01 1.2996e+04 1.9922e+01 1.9077e+00
6.2549e+01 1.2996e+04 1.5244e-03 7.5353e-01 1.2996e+04 1.9811e+01 1.8989e+00
6.2941e+01 1.2995e+04 1.5154e-03 7.4995e-01 1.2995e+04 1.9694e+01 1.8898e+00
6.3333e+01 1.2994e+04 1.5061e-03 7.4624e-01 1.2994e+04 1.9571e+01 1.8803e+00
6.3725e+01 1.2993e+04 1.4963e-03 7.4239e-01 1.2993e+04 1.9441e+01 1.8705e+00
6.4118e+01 1.2992e+04 1.4861e-03 7.3840e-01 1.2992e+04 1.9306e+01 1.8604e+00
6.4510e+01 1.2990e+04 1.4754e-03 7.3427e-01 1.2990e+04 1.9165e+01 1.8498e+00
6.4902e+01 1.2987e+04 1.4644e-03 7.3000e-01 1.2987e+04 1.9018e+01 1.8389e+00
6.5294e+01 1.2985e+04 1.4528e-03 7.2557e-01 1.2985e+04 1.8865e+01 1.8276e+00
6.5686e+01 1.2982e+04 1.4409e-03 7.2099e-01 1.2982e+04 1.8706e+01 1.8160e+00
6.6078e+01 1.2979e+04 1.4285e-03 7.1625e-01 1.2979e+04 1.8541e+01 1.8039e+00
6.6471e+01 1.2976e+04 1.4157e-03 7.1135e-01 1.2976e+04 1.8370e+01 1.7914e+00
6.6863e+01 1.2972e+04 1.4024e-03 7.0627e-01 1.2972e+04 1.8192e+01 1.7784e+00
6.7255e+01 1.2969e+04 1.3887e-03 7.0103e-01 1.2969e+04 1.8009e+01 1.7651e+00
6.7647e+01 1.2965e+04 1.3745e-03 6.9562e-01 1.2965e+04 1.7820e+01 1.7513e+00
6.8039e+01 1.2960e+04 1.3599e-03 6.9002e-01 1.2960e+04 1.7624e+01 1.7370e+00
6.8431e+01 1.2956e+04 1.3448e-03 6.8424e-01 1.2956e+04 1.7422e+01 1.7223e+00
6.8824e+01 1.2951e+04 1.3292e-03 6.7827e-01 1.2951e+04 1.7215e+01 1.7071e+00
6.9216e+01 1.2946e+04 1.3132e-03 6.7211e-01 1.2946e+04 1.7001e+01 1.6914e+00
6.9608e+01 1.2941e+04 1.2967e-03 6.6576e-01 1.2941e+04 1.6781e+01 1.6753e+00
7.0000e+01 1.2935e+04 1.2798e-03 6.5921e-01 1.2935e+04 1.6554e+01 1.6586e+00
7.0392e+01 1.2930e+04 1.2623e-03 6.5245e-01 1.2930e+04 1.6322e+01 1.6414e+00
7.0784e+01 1.2924e+04 1.2444e-03 6.4549e-01 1.2924e+04 1.6083e+01 1.6237e+00
7.1176e+01 1.2918e+04 1.2261e-03 6.3831e-01 1.2918e+04 1.5838e+01 1.6055e+00
7.1569e+01 1.2911e+04 1.2072e-03 6.3092e-01 1.2911e+04 1.5587e+01 1.5867e+00
7.1961e+01 1.2905e+04 1.1879e-03 6.2332e-01 1.2905e+04 1.5329e+01 1.5674e+00
7.2353e+01 1.2898e+04 1.1681e-03 6.1549e-01 1.2898e+04 1.5066e+01 1.5475e+00
7.2745e+01 1.2891e+04 1.1478e-03 6.0743e-01 1.2891e+04 1.4796e+01 1.5271e+00
7.3137e+01 1.2884e+04 1.1270e-03 5.9914e-01 1.2884e+04 1.4519e+01 1.5060e+00
7.3529e+01 1.2876e+04 1.1056e-03 5.9062e-01 1.2876e+04 1.4237e+01 1.4844e+00
7.3922e+01 1.2869e+04 1.0838e-03 5.8185e-01 1.2869e+04 1.3948e+01 1.4622e+00
7.4314e+01 1.2861e+04 1.0615e-03 5.7284e-01 1.2861e+04 1.3652e+01 1.4394e+00
7.4706e+01 1.2853e+04 1.0387e-03 5.6358e-01 1.2853e+04 1.3351e+01 1.4159e+00
7.5098e+01 1.2845e+04 1.0154e-03 5.5407e-01 1.2845e+04 1.3042e+01 1.3918e+00
7.5490e+01 1.2837e+04 9.9150e-04 5.4429e-01 1.2837e+04 1.2727e+01 1.3670e+00
7.5882e+01 1.2828e+04 9.6710e-04 5.3425e-01 1.2828e+04 1.2406e+01 1.3416e+00
7.6275e+01 1.2819e+04 9.4216e-04 5.2393e-01 1.2819e+04 1.2078e+01 1.3155e+00
7.6667e+01 1.2810e+04 9.1668e-04 5.1334e-01 1.2810e+04 1.1743e+01 1.2887e+00
7.7059e+01 1.2801e+04 8.9065e-04 5.0246e-01 1.2801e+04 1.1401e+01 1.2612e+00
7.7451e+01 1.2792e+04 8.6405e-04 4.9128e-01 1.2792e+04 1.1053e+01 1.2330e+00
7.7843e+01 1.2782e+04 8.3688e-04 4.7981e-01 1.2782e+04 1.0697e+01 1.2040e+00
7.8235e+01 1.2773e+04 8.0913e-04 4.6803e-01 1.2773e+04 1.0335e+01 1.1742e+00
7.8627e+01 1.2763e+04 7.8079e-04 4.5593e-01 1.2763e+04 9.9650e+00 1.1437e+00
7.9020e+01 1.2753e+04 7.5185e-04 4.4350e-01 1.2753e+04 9.5880e+00 1.1124e+00
7.9412e+01 1.2742e+04 7.2229e-04 4.3074e-01 1.2742e+04 9.2036e+00 1.0802e+00
7.9804e+01 1.2732e+04 6.9212e-04 4.1764e-01 1.2732e+04 8.8118e+00 1.0471e+00
8.0196e+01 1.2721e+04 6.6130e-04 4.0418e-01 1.2721e+04 8.4125e+00 1.0132e+00
8.0588e+01 1.2710e+04 6.2984e-04 3.9036e-01 1.2710e+04 8.0054e+00 9.7843e-01
8.0980e+01 1.2699e+04 5.9773e-04 3.7617e-01 1.2699e+04 7.5905e+00 9.4270e-01
8.1373e+01 1.2688e+04 5.6494e-04 3.6160e-01 1.2688e+04 7.1678e+00 9.0603e-01
8.1765e+01 1.2676e+04 5.3146e-04 3.4663e-01 1.2676e+04 6.7370e+00 8.6838e-01
8.2157e+01 1.2665e+04 4.9729e-04 3.3126e-01 1.2665e+04 6.2980e+00 8.2972e-01
8.2549e+01 1.2653e+04 4.6241e-04 3.1548e-01 1.2653e+04 5.8507e+00 7.9004e-01
8.2941e+01 1.2641e+04 4.2680e-04 2.9926e-01 1.2641e+04 5.3950e+00 7.4931e-01
8.3333e+01 1.2628e+04 3.9045e-04 2.8261e-01 1.2628e+04 4.9307e+00 7.0748e-01
8.3725e+01 1.2616e+04 3.5334e-04 2.6550e-01 1.2616e+04 4.4578e+00 6.6454e-01
8.4118e+01 1.2603e+04 3.1548e-04 2.4793e-01 1.2603e+04 3.9760e+00 6.2045e-01
8.4510e+01 1.2590e+04 2.7685e-04 2.2989e-01 1.2590e+04 3.4856e+00 5.7522e-01
8.4902e+01 1.2577e+04 2.3753e-04 2.1141e-01 1.2577e+04 2.9875e+00 5.2889e-01
8.5294e+01 1.2564e+04 1.9774e-04 1.9259e-01 1.2564e+04 2.4845e+00 4.8172e-01
8.5686e+01 1.2551e+04 1.5803e-04 1.7369e-01 1.2551e+04 1.9835e+00 4.3438e-01
8.6078e+01 1.2539e+04 1.1959e-04 1.5531e-01 1.2539e+04 1.4995e+00 3.8837e-01
8.6471e+01 1.2527e+04 8.4347e-05 1.3848e-01 1.2527e+04 1.0567e+00 3.4625e-01
8.6863e+01 1.2518e+04 5.4667e-05 1.2445e-01 1.2518e+04 6.8432e-01 3.1115e-01
8.7255e+01 1.2511e+04 3.2309e-05 1.1411e-01 1.2511e+04 4.0421e-01 2.8528e-01
8.7647e+01 1.2506e+04 1.7470e-05 1.0745e-01 1.2506e+04 2.1848e-01 2.6862e-01
8.8039e+01 1.2503e+04 8.7680e-06 1.0367e-01 1.2503e+04 1.0963e-01 2.5917e-01
8.8431e+01 1.2501e+04 4.1701e-06 1.0172e-01 1.2501e+04 5.2132e-02 2.5431e-01
8.8824e+01 1.2501e+04 1.9173e-06 1.0079e-01 1.2501e+04 2.3967e-02 2.5197e-01
8.9216e+01 1.2500e+04 8.6467e-07 1.0035e-01 1.2500e+04 1.0809e-02 2.5089e-01
8.9608e+01 1.2500e+04 3.8587e-07 1.0016e-01 1.2500e+04 4.8235e-03 2.5040e-01
9.0000e+01 1.2500e+04 1.7119e-07 1.0007e-01 1.2500e+04 2.1398e-03 2.5018e-01
9.0392e+01 1.2500e+04 7.5664e-08 1.0003e-01 1.2500e+04 9.4580e-04 2.5008e-01
9.0784e+01 1.2500e+04 3.3354e-08 1.0001e-01 1.2500e+04 4.1692e-04 2.5003e-01
9.1176e+01 1.2500e+04 1.4670e-08 1.0001e-01 1.2500e+04 1.8338e-04 2.5002e-01
9.1569e+01 1.2500e+04 6.4394e-09 1.0000e-01 1.2500e+04 8.0493e-05 2.5001e-01
9.1961e+01 1.2500e+04 2.8211e-09 1.0000e-01 1.2500e+04 3.5264e-05 2.5000e-01
9.2353e+01 1.2500e+04 1.2336e-09 1.0000e-01 1.2500e+04 1.5419e-05 2.5000e-01
9.2745e+01 1.2500e+04 5.3836e-10 1.0000e-01 1.2500e+04 6.7295e-06 2.5000e-01
9.3137e+01 1.2500e+04 2.3451e-10 1.0000e-01 1.2500e+04 2.9314e-06 2.5000e-01
9.3529e+01 1.2500e+04 1.0196e-10 1.0000e-01 1.2500e+04 1.2745e-06 2.5000e-01
9.3922e+01 1.2500e+04 4.4243e-11 1.0000e-01 1.2500e+04 5.5303e-07 2.5000e-01
9.4314e+01 1.2500e+04 1.9161e-11 1.0000e-01 1.2500e+04 2.3952e-07 2.5000e-01
9.4706e+01 1.2500e+04 8.2827e-12 1.0000e-01 1.2500e+04 1.0353e-07 2.5000e-01
9.5098e+01 1.2500e+04 3.5733e-12 1.0000e-01 1.2500e+04 4.4666e-08 2.5000e-01
9.5490e+01 1.2500e+04 1.5386e-12 1.0000e-01 1.2500e+04 1.9232e-08 2.5000e-01
9.5882e+01 1.2500e+04 6.6116e-13 1.0000e-01 1.2500e+04 8.2644e-09 2.5000e-01
9.6275e+01 1.2500e+04 2.8355e-13 1.0000e-01 1.2500e+04 3.5444e-09 2.5000e-01
9.6667e+01 1.2500e+04 1.2136e-13 1.0000e-01 1.2500e+04 1.5170e-09 2.5000e-01
9.7059e+01 1.2500e+04 5.1841e-14 1.0000e-01 1.2500e+04 6.4801e-10 2.5000e-01
9.7451e+01 1.2500e+04 2.2097e-14 1.0000e-01 1.2500e+04 2.7622e-10 2.5000e-01
9.7843e+01 1.2500e+04 9.3989e-15 1.0000e-01 1.2500e+04 1.1749e-10 2.5000e-01
9.8235e+01 1.2500e+04 3.9884e-15 1.0000e-01 1.2500e+04 4.9855e-11 2.5000e-01
9.8627e+01 1.2500e+04 1.6875e-15 1.0000e-01 1.2500e+04 2.1094e-11 2.5000e-01
9.9020e+01 1.2500e+04 7.1236e-16 1.0000e-01 1.2500e+04 8.9045e-12 2.5000e-01
9.9412e+01 1.2500e+04 3.0163e-16 1.0000e-01 1.2500e+04 3.7704e-12 2.5000e-01
9.9804e+01 1.2500e+04 1.3670e-16 1.0000e-01 1.2500e+04 1.7087e-12 2.5000e-01
