# # x Density Velocity Pressure q0 q1 q2
1.9608e-01 1.0000e+05 0.0000e+00 1.0000e+00 1.0000e+05 0.0000e+00 2.5000e+00
5.8824e-01 1.0000e+05 0.0000e+00 1.0000e+00 1.0000e+05 0.0000e+00 2.5000e+00
9.8039e-01 1.0000e+05 0.0000e+00 1.0000e+00 1.0000e+05 0.0000e+00 2.5000e+00
1.3725e+00 1.0000e+05 0.0000e+00 1.0000e+00 1.0000e+05 0.0000e+00 2.5000e+00
1.7647e+00 1.0000e+05 0.0000e+00 1.0000e+00 1.0000e+05 0.0000e+00 2.5000e+00
2.1569e+00 1.0000e+05 0.0000e+00 1.0000e+00 1.0000e+05 0.0000e+00 2.5000e+00
2.5490e+00 1.0000e+05 0.0000e+00 1.0000e+00 1.0000e+05 0.0000e+00 2.5000e+00
2.9412e+00 1.0000e+05 0.0000e+00 1.0000e+00 1.0000e+05 0.0000e+00 2.5000e+00
3.3333e+00 1.0000e+05 0.0000e+00 1.0000e+00 1.0000e+05 0.0000e+00 2.5000e+00
3.7255e+00 1.0000e+05 0.0000e+00 1.0000e+00 1.0000e+05 0.0000e+00 2.5000e+00
4.1176e+00 1.0000e+05 1.2202e-19 1.0000e+00 1.0000e+05 1.2202e-14 2.5000e+00
4.5098e+00 1.0000e+05 1.1174e-18 1.0000e+00 1.0000e+05 1.1174e-13 2.5000e+00
4.9020e+00 1.0000e+05 3.9669e-18 1.0000e+00 1.0000e+05 3.9669e-13 2.5000e+00
5.2941e+00 1.0000e+05 8.7463e-18 1.0000e+00 1.0000e+05 8.7463e-13 2.5000e+00
5.6863e+00 1.0000e+05 1.5460e-17 1.0000e+00 1.0000e+05 1.5460e-12 2.5000e+00
6.0784e+00 1.0000e+05 2.4549e-17 1.0000e+00 1.0000e+05 2.4549e-12 2.5000e+00
6.4706e+00 1.0000e+05 3.7824e-17 1.0000e+00 1.0000e+05 3.7824e-12 2.5000e+00
6.8627e+00 1.0000e+05 5.8095e-17 1.0000e+00 1.0000e+05 5.8095e-12 2.5000e+00
7.2549e+00 1.0000e+05 8.9563e-17 1.0000e+00 1.0000e+05 8.9563e-12 2.5000e+00
7.6471e+00 1.0000e+05 1.4035e-16 1.0000e+00 1.0000e+05 1.4035e-11 2.5000e+00
8.0392e+00 1.0000e+05 2.2322e-16 1.0000e+00 1.0000e+05 2.2322e-11 2.5000e+00
8.4314e+00 1.0000e+05 3.5875e-16 1.0000e+00 1.0000e+05 3.5875e-11 2.5000e+00
8.8235e+00 1.0000e+05 5.7947e-16 1.0000e+00 1.0000e+05 5.7947e-11 2.5000e+00
9.2157e+00 1.0000e+05 9.3804e-16 1.0000e+00 1.0000e+05 9.3804e-11 2.5000e+00
9.6078e+00 1.0000e+05 1.5187e-15 1.0000e+00 1.0000e+05 1.5187e-10 2.5000e+00
1.0000e+01 1.0000e+05 2.4551e-15 1.0000e+00 1.0000e+05 2.4551e-10 2.5000e+00
1.0392e+01 1.0000e+05 3.9587e-15 1.0000e+00 1.0000e+05 3.9587e-10 2.5000e+00
1.0784e+01 1.0000e+05 6.3613e-15 1.0000e+00 1.0000e+05 6.3613e-10 2.5000e+00
1.1176e+01 1.0000e+05 1.0182e-14 1.0000e+00 1.0000e+05 1.0182e-09 2.5000e+00
1.1569e+01 1.0000e+05 1.6230e-14 1.0000e+00 1.0000e+05 1.6230e-09 2.5000e+00
1.1961e+01 1.0000e+05 2.5757e-14 1.0000e+00 1.0000e+05 2.5757e-09 2.5000e+00
1.2353e+01 1.0000e+05 4.0698e-14 1.0000e+00 1.0000e+05 4.0698e-09 2.5000e+00
1.2745e+01 1.0000e+05 6.4019e-14 1.0000e+00 1.0000e+05 6.4019e-09 2.5000e+00
1.3137e+01 1.0000e+05 1.0025e-13 1.0000e+00 1.0000e+05 1.0025e-08 2.5000e+00
1.3529e+01 1.0000e+05 1.5628e-13 1.0000e+00 1.0000e+05 1.5628e-08 2.5000e+00
1.3922e+01 1.0000e+05 2.4252e-13 1.0000e+00 1.0000e+05 2.4252e-08 2.5000e+00
1.4314e+01 1.0000e+05 3.7464e-13 1.0000e+00 1.0000e+05 3.7464e-08 2.5000e+00
1.4706e+01 1.0000e+05 5.7609e-13 1.0000e+00 1.0000e+05 5.7609e-08 2.5000e+00
1.5098e+01 1.0000e+05 8.8182e-13 1.0000e+00 1.0000e+05 8.8182e-08 2.5000e+00
1.5490e+01 1.0000e+05 1.3436e-12 1.0000e+00 1.0000e+05 1.3436e-07 2.5000e+00
1.5882e+01 1.0000e+05 2.0379e-12 1.0000e+00 1.0000e+05 2.0379e-07 2.5000e+00
1.6275e+01 1.0000e+05 3.0767e-12 1.0000e+00 1.0000e+05 3.0767e-07 2.5000e+00
1.6667e+01 1.0000e+05 4.6237e-12 1.0000e+00 1.0000e+05 4.6237e-07 2.5000e+00
1.7059e+01 1.0000e+05 6.9167e-12 1.0000e+00 1.0000e+05 6.9167e-07 2.5000e+00
1.7451e+01 1.0000e+05 1.0299e-11 1.0000e+00 1.0000e+05 1.0299e-06 2.5000e+00
1.7843e+01 1.0000e+05 1.5265e-11 1.0000e+00 1.0000e+05 1.5265e-06 2.5000e+00
1.8235e+01 1.0000e+05 2.2520e-11 1.0000e+00 1.0000e+05 2.2520e-06 2.5000e+00
1.8627e+01 1.0000e+05 3.3071e-11 1.0000e+00 1.0000e+05 3.3071e-06 2.5000e+00
1.9020e+01 1.0000e+05 4.8340e-11 1.0000e+00 1.0000e+05 4.8340e-06 2.5000e+00
1.9412e+01 1.0000e+05 7.0331e-11 1.0000e+00 1.0000e+05 7.0331e-06 2.5000e+00
1.9804e+01 1.0000e+05 1.0185e-10 1.0000e+00 1.0000e+05 1.0185e-05 2.5000e+00
2.0196e+01 1.0000e+05 1.4682e-10 1.0000e+00 1.0000e+05 1.4682e-05 2.5000e+00
2.0588e+01 1.0000e+05 2.1065e-10 1.0000e+00 1.0000e+05 2.1065e-05 2.5000e+00
2.0980e+01 1.0000e+05 3.0083e-10 1.0000e+00 1.0000e+05 3.0083e-05 2.5000e+00
2.1373e+01 1.0000e+05 4.2761e-10 1.0000e+00 1.0000e+05 4.2761e-05 2.5000e+00
2.1765e+01 1.0000e+05 6.0500e-10 1.0000e+00 1.0000e+05 6.0500e-05 2.5000e+00
2.2157e+01 1.0000e+05 8.5199e-10 1.0000e+00 1.0000e+05 8.5199e-05 2.5000e+00
2.2549e+01 1.0000e+05 1.1942e-09 1.0000e+00 1.0000e+05 1.1942e-04 2.5000e+00
2.2941e+01 1.0000e+05 1.6661e-09 1.0000e+00 1.0000e+05 1.6661e-04 2.5000e+00
2.3333e+01 1.0000e+05 2.3136e-09 1.0000e+00 1.0000e+05 2.3136e-04 2.5000e+00
2.3725e+01 1.0000e+05 3.1978e-09 9.9999e-01 1.0000e+05 3.1978e-04 2.5000e+00
2.4118e+01 1.0000e+05 4.3992e-09 9.9999e-01 1.0000e+05 4.3992e-04 2.5000e+00
2.4510e+01 1.0000e+05 6.0238e-09 9.9999e-01 1.0000e+05 6.0238e-04 2.5000e+00
2.4902e+01 1.0000e+05 8.2098e-09 9.9998e-01 1.0000e+05 8.2098e-04 2.5000e+00
2.5294e+01 1.0000e+05 1.1137e-08 9.9998e-01 1.0000e+05 1.1137e-03 2.4999e+00
2.5686e+01 1.0000e+05 1.5037e-08 9.9997e-01 1.0000e+05 1.5037e-03 2.4999e+00
2.6078e+01 1.0000e+05 2.0208e-08 9.9996e-01 1.0000e+05 2.0208e-03 2.4999e+00
2.6471e+01 1.0000e+05 2.7031e-08 9.9995e-01 1.0000e+05 2.7031e-03 2.4999e+00
2.6863e+01 1.0000e+05 3.5988e-08 9.9993e-01 1.0000e+05 3.5988e-03 2.4998e+00
2.7255e+01 1.0000e+05 4.7691e-08 9.9991e-01 1.0000e+05 4.7691e-03 2.4998e+00
2.7647e+01 1.0000e+05 6.2905e-08 9.9989e-01 1.0000e+05 6.2905e-03 2.4997e+00
2.8039e+01 1.0000e+05 8.2587e-08 9.9985e-01 1.0000e+05 8.2586e-03 2.4996e+00
2.8431e+01 9.9999e+04 1.0792e-07 9.9981e-01 9.9999e+04 1.0792e-02 2.4995e+00
2.8824e+01 9.9999e+04 1.4038e-07 9.9975e-01 9.9999e+04 1.4037e-02 2.4994e+00
2.9216e+01 9.9999e+04 1.8174e-07 9.9969e-01 9.9999e+04 1.8174e-02 2.4992e+00
2.9608e+01 9.9999e+04 2.3421e-07 9.9960e-01 9.9999e+04 2.3421e-02 2.4990e+00
3.0000e+01 9.9998e+04 3.0043e-07 9.9950e-01 9.9998e+04 3.0043e-02 2.4987e+00
3.0392e+01 9.9998e+04 3.8360e-07 9.9937e-01 9.9998e+04 3.8359e-02 2.4984e+00
3.0784e+01 9.9997e+04 4.8754e-07 9.9921e-01 9.9997e+04 4.8752e-02 2.4980e+00
3.1176e+01 9.9996e+04 6.1680e-07 9.9901e-01 9.9996e+04 6.1678e-02 2.4975e+00
3.1569e+01 9.9995e+04 7.7676e-07 9.9878e-01 9.9995e+04 7.7672e-02 2.4969e+00
3.1961e+01 9.9994e+04 9.7374e-07 9.9849e-01 9.9994e+04 9.7368e-02 2.4962e+00
3.2353e+01 9.9992e+04 1.2151e-06 9.9815e-01 9.9992e+04 1.2150e-01 2.4954e+00
3.2745e+01 9.9990e+04 1.5095e-06 9.9774e-01 9.9990e+04 1.5093e-01 2.4943e+00
3.3137e+01 9.9988e+04 1.8667e-06 9.9724e-01 9.9988e+04 1.8665e-01 2.4931e+00
3.3529e+01 9.9984e+04 2.2981e-06 9.9666e-01 9.9984e+04 2.2977e-01 2.4917e+00
3.3922e+01 9.9981e+04 2.8165e-06 9.9598e-01 9.9981e+04 2.8159e-01 2.4899e+00
3.4314e+01 9.9976e+04 3.4364e-06 9.9518e-01 9.9976e+04 3.4356e-01 2.4879e+00
3.4706e+01 9.9971e+04 4.1743e-06 9.9424e-01 9.9971e+04 4.1731e-01 2.4856e+00
3.5098e+01 9.9964e+04 5.0483e-06 9.9315e-01 9.9964e+04 5.0465e-01 2.4829e+00
3.5490e+01 9.9956e+04 6.0785e-06 9.9190e-01 9.9956e+04 6.0758e-01 2.4797e+00
3.5882e+01 9.9946e+04 7.2872e-06 9.9046e-01 9.9946e+04 7.2833e-01 2.4761e+00
3.6275e+01 9.9935e+04 8.6986e-06 9.8881e-01 9.9935e+04 8.6929e-01 2.4720e+00
3.6667e+01 9.9921e+04 1.0339e-05 9.8694e-01 9.9921e+04 1.0331e+00 2.4674e+00
3.7059e+01 9.9905e+04 1.2236e-05 9.8483e-01 9.9905e+04 1.2224e+00 2.4621e+00
3.7451e+01 9.9886e+04 1.4420e-05 9.8245e-01 9.9886e+04 1.4404e+00 2.4561e+00
3.7843e+01 9.9864e+04 1.6923e-05 9.7979e-01 9.9864e+04 1.6901e+00 2.4495e+00
3.8235e+01 9.9839e+04 1.9779e-05 9.7682e-01 9.9839e+04 1.9747e+00 2.4421e+00
3.8627e+01 9.9810e+04 2.3022e-05 9.7353e-01 9.9810e+04 2.2978e+00 2.4339e+00
3.9020e+01 9.9776e+04 2.6688e-05 9.6991e-01 9.9776e+04 2.6628e+00 2.4248e+00
3.9412e+01 9.9736e+04 3.0813e-05 9.6593e-01 9.9736e+04 3.0732e+00 2.4149e+00
3.9804e+01 9.9692e+04 3.5436e-05 9.6159e-01 9.9692e+04 3.5327e+00 2.4040e+00
4.0196e+01 9.9641e+04 4.0592e-05 9.5687e-01 9.9641e+04 4.0447e+00 2.3923e+00
4.0588e+01 9.9583e+04 4.6320e-05 9.5177e-01 9.9583e+04 4.6127e+00 2.3795e+00
4.0980e+01 9.9518e+04 5.2653e-05 9.4628e-01 9.9518e+04 5.2400e+00 2.3658e+00
4.1373e+01 9.9445e+04 5.9628e-05 9.4041e-01 9.9445e+04 5.9297e+00 2.3512e+00
4.1765e+01 9.9363e+04 6.7277e-05 9.3415e-01 9.9363e+04 6.6849e+00 2.3356e+00
4.2157e+01 9.9271e+04 7.5630e-05 9.2751e-01 9.9271e+04 7.5079e+00 2.3191e+00
4.2549e+01 9.9170e+04 8.4715e-05 9.2050e-01 9.9170e+04 8.4011e+00 2.3016e+00
4.2941e+01 9.9057e+04 9.4555e-05 9.1315e-01 9.9057e+04 9.3663e+00 2.2833e+00
4.3333e+01 9.8932e+04 1.0517e-04 9.0546e-01 9.8932e+04 1.0405e+01 2.2642e+00
4.3725e+01 9.8796e+04 1.1658e-04 8.9746e-01 9.8796e+04 1.1518e+01 2.2443e+00
4.4118e+01 9.8646e+04 1.2877e-04 8.8917e-01 9.8646e+04 1.2703e+01 2.2237e+00
4.4510e+01 9.8484e+04 1.4184e-04 8.8066e-01 9.8484e+04 1.3969e+01 2.2026e+00
4.4902e+01 9.8301e+04 1.5547e-04 8.7184e-01 9.8301e+04 1.5283e+01 2.1808e+00
4.5294e+01 9.8127e+04 1.7074e-04 8.6314e-01 9.8127e+04 1.6754e+01 2.1593e+00
4.5686e+01 9.7864e+04 1.8416e-04 8.5339e-01 9.7864e+04 1.8023e+01 2.1351e+00
4.6078e+01 9.7796e+04 2.0586e-04 8.4611e-01 9.7796e+04 2.0132e+01 2.1174e+00
4.6471e+01 9.7174e+04 2.0916e-04 8.3229e-01 9.7174e+04 2.0325e+01 2.0829e+00
4.6863e+01 9.7738e+04 2.5572e-04 8.3285e-01 9.7738e+04 2.4993e+01 2.0853e+00
4.7255e+01 9.5982e+04 2.2129e-04 8.0608e-01 9.5982e+04 2.1239e+01 2.0176e+00
4.7647e+01 9.7890e+04 3.1710e-04 8.2257e-01 9.7890e+04 3.1041e+01 2.0614e+00
4.8039e+01 9.5086e+04 2.4964e-04 7.8497e-01 9.5086e+04 2.3738e+01 1.9654e+00
4.8431e+01 9.6709e+04 3.3744e-04 7.9825e-01 9.6709e+04 3.2634e+01 2.0011e+00
4.8824e+01 9.5826e+04 3.2984e-04 7.8055e-01 9.5826e+04 3.1607e+01 1.9566e+00
4.9216e+01 9.1729e+04 3.5718e-04 7.7436e-01 9.1729e+04 3.2764e+01 1.9417e+00
4.9608e+01 1.1861e+05 3.6575e-04 7.6137e-01 1.1861e+05 4.3383e+01 1.9114e+00
5.0000e+01 3.3881e+04 3.9287e-04 7.5991e-01 3.3881e+04 1.3311e+01 1.9024e+00
5.0392e+01 1.2420e+04 4.1864e-04 7.5733e-01 1.2420e+04 5.1995e+00 1.8944e+00
5.0784e+01 9.3433e+03 4.7204e-04 7.5233e-01 9.3433e+03 4.4104e+00 1.8819e+00
5.1176e+01 9.7241e+03 6.3826e-04 7.5683e-01 9.7241e+03 6.2065e+00 1.8940e+00
5.1569e+01 1.0244e+04 7.8300e-04 7.6148e-01 1.0244e+04 8.0206e+00 1.9068e+00
5.1961e+01 1.0777e+04 8.1639e-04 7.5632e-01 1.0777e+04 8.7986e+00 1.8944e+00
5.2353e+01 1.1042e+04 8.2758e-04 7.5040e-01 1.1042e+04 9.1385e+00 1.8798e+00
5.2745e+01 1.1395e+04 9.0963e-04 7.5317e-01 1.1395e+04 1.0366e+01 1.8876e+00
5.3137e+01 1.1645e+04 1.0243e-03 7.6060e-01 1.1645e+04 1.1928e+01 1.9076e+00
5.3529e+01 1.1875e+04 1.1008e-03 7.6448e-01 1.1875e+04 1.3071e+01 1.9184e+00
5.3922e+01 1.1958e+04 1.1150e-03 7.6185e-01 1.1958e+04 1.3333e+01 1.9121e+00
5.4314e+01 1.2016e+04 1.0932e-03 7.5534e-01 1.2016e+04 1.3137e+01 1.8955e+00
5.4706e+01 1.2067e+04 1.0870e-03 7.4991e-01 1.2067e+04 1.3117e+01 1.8819e+00
5.5098e+01 1.2203e+04 1.1457e-03 7.5254e-01 1.2203e+04 1.3982e+01 1.8894e+00
5.5490e+01 1.2390e+04 1.2599e-03 7.6217e-01 1.2390e+04 1.5610e+01 1.9153e+00
5.5882e+01 1.2596e+04 1.3872e-03 7.7393e-01 1.2596e+04 1.7473e+01 1.9469e+00
5.6275e+01 1.2761e+04 1.4909e-03 7.8348e-01 1.2761e+04 1.9025e+01 1.9729e+00
5.6667e+01 1.2873e+04 1.5566e-03 7.8888e-01 1.2873e+04 2.0039e+01 1.9878e+00
5.7059e+01 1.2933e+04 1.5883e-03 7.9046e-01 1.2933e+04 2.0541e+01 1.9925e+00
5.7451e+01 1.2961e+04 1.5982e-03 7.8959e-01 1.2961e+04 2.0714e+01 1.9905e+00
5.7843e+01 1.2972e+04 1.5981e-03 7.8765e-01 1.2972e+04 2.0731e+01 1.9857e+00
5.8235e+01 1.2978e+04 1.5949e-03 7.8539e-01 1.2978e+04 2.0699e+01 1.9800e+00
5.8627e+01 1.2982e+04 1.5908e-03 7.8302e-01 1.2982e+04 2.0652e+01 1.9740e+00
5.9020e+01 1.2986e+04 1.5862e-03 7.8055e-01 1.2986e+04 2.0597e+01 1.9677e+00
5.9412e+01 1.2988e+04 1.5811e-03 7.7798e-01 1.2988e+04 2.0536e+01 1.9612e+00
5.9804e+01 1.2991e+04 1.5756e-03 7.7532e-01 1.2991e+04 2.0468e+01 1.9544e+00
6.0196e+01 1.2993e+04 1.5696e-03 7.7255e-01 1.2993e+04 2.0394e+01 1.9474e+00
6.0588e+01 1.2994e+04 1.5633e-03 7.6969e-01 1.2994e+04 2.0314e+01 1.9401e+00
6.0980e+01 1.2995e+04 1.5565e-03 7.6671e-01 1.2995e+04 2.0227e+01 1.9325e+00
6.1373e+01 1.2996e+04 1.5493e-03 7.6362e-01 1.2996e+04 2.0135e+01 1.9246e+00
6.1765e+01 1.2997e+04 1.5416e-03 7.6042e-01 1.2997e+04 2.0036e+01 1.9165e+00
6.2157e+01 1.2997e+04 1.5336e-03 7.5709e-01 1.2997e+04 1.9931e+01 1.9080e+00
6.2549e+01 1.2996e+04 1.5251e-03 7.5365e-01 1.2996e+04 1.9820e+01 1.8992e+00
6.2941e+01 1.2996e+04 1.5162e-03 7.5008e-01 1.2996e+04 1.9704e+01 1.8901e+00
6.3333e+01 1.2995e+04 1.5068e-03 7.4637e-01 1.2995e+04 1.9581e+01 1.8807e+00
6.3725e+01 1.2993e+04 1.4971e-03 7.4254e-01 1.2993e+04 1.9452e+01 1.8709e+00
6.4118e+01 1.2992e+04 1.4869e-03 7.3856e-01 1.2992e+04 1.9318e+01 1.8608e+00
6.4510e+01 1.2990e+04 1.4763e-03 7.3444e-01 1.2990e+04 1.9177e+01 1.8503e+00
6.4902e+01 1.2988e+04 1.4652e-03 7.3018e-01 1.2988e+04 1.9030e+01 1.8394e+00
6.5294e+01 1.2985e+04 1.4538e-03 7.2576e-01 1.2985e+04 1.8878e+01 1.8281e+00
6.5686e+01 1.2983e+04 1.4418e-03 7.2120e-01 1.2983e+04 1.8719e+01 1.8165e+00
6.6078e+01 1.2980e+04 1.4295e-03 7.1647e-01 1.2980e+04 1.8554e+01 1.8044e+00
6.6471e+01 1.2976e+04 1.4167e-03 7.1158e-01 1.2976e+04 1.8384e+01 1.7920e+00
6.6863e+01 1.2973e+04 1.4034e-03 7.0652e-01 1.2973e+04 1.8207e+01 1.7791e+00
6.7255e+01 1.2969e+04 1.3898e-03 7.0130e-01 1.2969e+04 1.8024e+01 1.7658e+00
6.7647e+01 1.2965e+04 1.3756e-03 6.9589e-01 1.2965e+04 1.7835e+01 1.7520e+00
6.8039e+01 1.2961e+04 1.3610e-03 6.9031e-01 1.2961e+04 1.7640e+01 1.7378e+00
6.8431e+01 1.2956e+04 1.3460e-03 6.8455e-01 1.2956e+04 1.7439e+01 1.7231e+00
6.8824e+01 1.2952e+04 1.3304e-03 6.7860e-01 1.2952e+04 1.7231e+01 1.7080e+00
6.9216e+01 1.2947e+04 1.3145e-03 6.7246e-01 1.2947e+04 1.7018e+01 1.6923e+00
6.9608e+01 1.2941e+04 1.2980e-03 6.6612e-01 1.2941e+04 1.6798e+01 1.6762e+00
7.0000e+01 1.2936e+04 1.2811e-03 6.5959e-01 1.2936e+04 1.6573e+01 1.6596e+00
7.0392e+01 1.2930e+04 1.2637e-03 6.5285e-01 1.2930e+04 1.6341e+01 1.6425e+00
7.0784e+01 1.2924e+04 1.2459e-03 6.4591e-01 1.2924e+04 1.6102e+01 1.6248e+00
7.1176e+01 1.2918e+04 1.2276e-03 6.3876e-01 1.2918e+04 1.5858e+01 1.6066e+00
7.1569e+01 1.2912e+04 1.2088e-03 6.3139e-01 1.2912e+04 1.5607e+01 1.5879e+00
7.1961e+01 1.2905e+04 1.1895e-03 6.2380e-01 1.2905e+04 1.5351e+01 1.5686e+00
7.2353e+01 1.2899e+04 1.1697e-03 6.1600e-01 1.2899e+04 1.5087e+01 1.5488e+00
7.2745e+01 1.2892e+04 1.1494e-03 6.0796e-01 1.2892e+04 1.4818e+01 1.5284e+00
7.3137e+01 1.2885e+04 1.1287e-03 5.9970e-01 1.2885e+04 1.4542e+01 1.5074e+00
7.3529e+01 1.2877e+04 1.1074e-03 5.9120e-01 1.2877e+04 1.4260e+01 1.4859e+00
7.3922e+01 1.2870e+04 1.0857e-03 5.8246e-01 1.2870e+04 1.3972e+01 1.4637e+00
7.4314e+01 1.2862e+04 1.0634e-03 5.7347e-01 1.2862e+04 1.3677e+01 1.4410e+00
7.4706e+01 1.2854e+04 1.0406e-03 5.6424e-01 1.2854e+04 1.3376e+01 1.4176e+00
7.5098e+01 1.2846e+04 1.0173e-03 5.5475e-01 1.2846e+04 1.3068e+01 1.3935e+00
7.5490e+01 1.2837e+04 9.9352e-04 5.4501e-01 1.2837e+04 1.2754e+01 1.3688e+00
7.5882e+01 1.2829e+04 9.6917e-04 5.3499e-01 1.2829e+04 1.2433e+01 1.3435e+00
7.6275e+01 1.2820e+04 9.4429e-04 5.2471e-01 1.2820e+04 1.2106e+01 1.3175e+00
7.6667e+01 1.2811e+04 9.1887e-04 5.1414e-01 1.2811e+04 1.1772e+01 1.2908e+00
7.7059e+01 1.2802e+04 8.9289e-04 5.0329e-01 1.2802e+04 1.1431e+01 1.2633e+00
7.7451e+01 1.2793e+04 8.6636e-04 4.9215e-01 1.2793e+04 1.1083e+01 1.2352e+00
7.7843e+01 1.2783e+04 8.3925e-04 4.8071e-01 1.2783e+04 1.0728e+01 1.2063e+00
7.8235e+01 1.2774e+04 8.1156e-04 4.6896e-01 1.2774e+04 1.0366e+01 1.1766e+00
7.8627e+01 1.2764e+04 7.8329e-04 4.5690e-01 1.2764e+04 9.9976e+00 1.1462e+00
7.9020e+01 1.2753e+04 7.5441e-04 4.4451e-01 1.2753e+04 9.6214e+00 1.1149e+00
7.9412e+01 1.2743e+04 7.2492e-04 4.3179e-01 1.2743e+04 9.2379e+00 1.0828e+00
7.9804e+01 1.2733e+04 6.9482e-04 4.1873e-01 1.2733e+04 8.8469e+00 1.0499e+00
8.0196e+01 1.2722e+04 6.6408e-04 4.0531e-01 1.2722e+04 8.4484e+00 1.0161e+00
8.0588e+01 1.2711e+04 6.3269e-04 3.9154e-01 1.2711e+04 8.0422e+00 9.8139e-01
8.0980e+01 1.2700e+04 6.0065e-04 3.7739e-01 1.2700e+04 7.6283e+00 9.4577e-01
8.1373e+01 1.2689e+04 5.6794e-04 3.6287e-01 1.2689e+04 7.2065e+00 9.0921e-01
8.1765e+01 1.2677e+04 5.3454e-04 3.4795e-01 1.2677e+04 6.7766e+00 8.7168e-01
8.2157e+01 1.2666e+04 5.0045e-04 3.3263e-01 1.2666e+04 6.3386e+00 8.3315e-01
8.2549e+01 1.2654e+04 4.6566e-04 3.1689e-01 1.2654e+04 5.8923e+00 7.9360e-01
8.2941e+01 1.2642e+04 4.3013e-04 3.0073e-01 1.2642e+04 5.4377e+00 7.5299e-01
8.3333e+01 1.2630e+04 3.9388e-04 2.8413e-01 1.2630e+04 4.9745e+00 7.1130e-01
8.3725e+01 1.2617e+04 3.5686e-04 2.6708e-01 1.2617e+04 4.5026e+00 6.6850e-01
8.4118e+01 1.2604e+04 3.1909e-04 2.4957e-01 1.2604e+04 4.0219e+00 6.2456e-01
8.4510e+01 1.2592e+04 2.8056e-04 2.3159e-01 1.2592e+04 3.5327e+00 5.7948e-01
8.4902e+01 1.2579e+04 2.4132e-04 2.1317e-01 1.2579e+04 3.0355e+00 5.3329e-01
8.5294e+01 1.2566e+04 2.0158e-04 1.9438e-01 1.2566e+04 2.5330e+00 4.8622e-01
8.5686e+01 1.2553e+04 1.6185e-04 1.7549e-01 1.2553e+04 2.0316e+00 4.3888e-01
8.6078e+01 1.2540e+04 1.2323e-04 1.5704e-01 1.2540e+04 1.5453e+00 3.9269e-01
8.6471e+01 1.2529e+04 8.7588e-05 1.4002e-01 1.2529e+04 1.0973e+00 3.5009e-01
8.6863e+01 1.2519e+04 5.7278e-05 1.2567e-01 1.2519e+04 7.1706e-01 3.1420e-01
8.7255e+01 1.2511e+04 3.4170e-05 1.1495e-01 1.2511e+04 4.2751e-01 2.8739e-01
8.7647e+01 1.2506e+04 1.8634e-05 1.0796e-01 1.2506e+04 2.3304e-01 2.6990e-01
8.8039e+01 1.2503e+04 9.4149e-06 1.0394e-01 1.2503e+04 1.1772e-01 2.5986e-01
8.8431e+01 1.2502e+04 4.4984e-06 1.0186e-01 1.2502e+04 5.6237e-02 2.5465e-01
8.8824e+01 1.2501e+04 2.0741e-06 1.0085e-01 1.2501e+04 2.5928e-02 2.5213e-01
8.9216e+01 1.2500e+04 9.3694e-07 1.0038e-01 1.2500e+04 1.1712e-02 2.5096e-01
8.9608e+01 1.2500e+04 4.1855e-07 1.0017e-01 1.2500e+04 5.2319e-03 2.5043e-01
9.0000e+01 1.2500e+04 1.8581e-07 1.0008e-01 1.2500e+04 2.3226e-03 2.5019e-01
9.0392e+01 1.2500e+04 8.2170e-08 1.0003e-01 1.2500e+04 1.0271e-03 2.5008e-01
9.0784e+01 1.2500e+04 3.6238e-08 1.0001e-01 1.2500e+04 4.5298e-04 2.5004e-01
9.1176e+01 1.2500e+04 1.5946e-08 1.0001e-01 1.2500e+04 1.9932e-04 2.5002e-01
9.1569e+01 1.2500e+04 7.0024e-09 1.0000e-01 1.2500e+04 8.7530e-05 2.5001e-01
9.1961e+01 1.2500e+04 3.0690e-09 1.0000e-01 1.2500e+04 3.8363e-05 2.5000e-01
9.2353e+01 1.2500e+04 1.3425e-09 1.0000e-01 1.2500e+04 1.6782e-05 2.5000e-01
9.2745e+01 1.2500e+04 5.8617e-10 1.0000e-01 1.2500e+04 7.3271e-06 2.5000e-01
9.3137e+01 1.2500e+04 2.5544e-10 1.0000e-01 1.2500e+04 3.1930e-06 2.5000e-01
9.3529e+01 1.2500e+04 1.1111e-10 1.0000e-01 1.2500e+04 1.3888e-06 2.5000e-01
9.3922e+01 1.2500e+04 4.8234e-11 1.0000e-01 1.2500e+04 6.0292e-07 2.5000e-01
9.4314e+01 1.2500e+04 2.0899e-11 1.0000e-01 1.2500e+04 2.6124e-07 2.5000e-01
9.4706e+01 1.2500e+04 9.0378e-12 1.0000e-01 1.2500e+04 1.1297e-07 2.5000e-01
9.5098e+01 1.2500e+04 3.9008e-12 1.0000e-01 1.2500e+04 4.8760e-08 2.5000e-01
9.5490e+01 1.2500e+04 1.6803e-12 1.0000e-01 1.2500e+04 2.1004e-08 2.5000e-01
9.5882e+01 1.2500e+04 7.2240e-13 1.0000e-01 1.2500e+04 9.0300e-09 2.5000e-01
9.6275e+01 1.2500e+04 3.0996e-13 1.0000e-01 1.2500e+04 3.8745e-09 2.5000e-01
9.6667e+01 1.2500e+04 1.3273e-13 1.0000e-01 1.2500e+04 1.6591e-09 2.5000e-01
9.7059e+01 1.2500e+04 5.6721e-14 1.0000e-01 1.2500e+04 7.0901e-10 2.5000e-01
9.7451e+01 1.2500e+04 2.4189e-14 1.0000e-01 1.2500e+04 3.0237e-10 2.5000e-01
9.7843e+01 1.2500e+04 1.0294e-14 1.0000e-01 1.2500e+04 1.2867e-10 2.5000e-01
9.8235e+01 1.2500e+04 4.3704e-15 1.0000e-01 1.2500e+04 5.4630e-11 2.5000e-01
9.8627e+01 1.2500e+04 1.8504e-15 1.0000e-01 1.2500e+04 2.3130e-11 2.5000e-01
9.9020e+01 1.2500e+04 7.8181e-16 1.0000e-01 1.2500e+04 9.7726e-12 2.5000e-01
9.9412e+01 1.2500e+04 3.3156e-16 1.0000e-01 1.2500e+04 4.1445e-12 2.5000e-01
9.9804e+01 1.2500e+04 1.5083e-16 1.0000e-01 1.2500e+04 1.8854e-12 2.5000e-01
