# # x Density Velocity Pressure q0 q1 q2
1.9608e-01 1.0000e+05 0.0000e+00 1.0000e+00 1.0000e+05 0.0000e+00 2.5000e+00
5.8824e-01 1.0000e+05 0.0000e+00 1.0000e+00 1.0000e+05 0.0000e+00 2.5000e+00
9.8039e-01 1.0000e+05 0.0000e+00 1.0000e+00 1.0000e+05 0.0000e+00 2.5000e+00
1.3725e+00 1.0000e+05 0.0000e+00 1.0000e+00 1.0000e+05 0.0000e+00 2.5000e+00
1.7647e+00 1.0000e+05 0.0000e+00 1.0000e+00 1.0000e+05 0.0000e+00 2.5000e+00
2.1569e+00 1.0000e+05 0.0000e+00 1.0000e+00 1.0000e+05 0.0000e+00 2.5000e+00
2.5490e+00 1.0000e+05 0.0000e+00 1.0000e+00 1.0000e+05 0.0000e+00 2.5000e+00
2.9412e+00 1.0000e+05 0.0000e+00 1.0000e+00 1.0000e+05 0.0000e+00 2.5000e+00
3.3333e+00 1.0000e+05 0.0000e+00 1.0000e+00 1.0000e+05 0.0000e+00 2.5000e+00
3.7255e+00 1.0000e+05 0.0000e+00 1.0000e+00 1.0000e+05 0.0000e+00 2.5000e+00
4.1176e+00 1.0000e+05 1.9393e-19 1.0000e+00 1.0000e+05 1.9393e-14 2.5000e+00
4.5098e+00 1.0000e+05 1.4305e-18 1.0000e+00 1.0000e+05 1.4305e-13 2.5000e+00
4.9020e+00 1.0000e+05 4.5812e-18 1.0000e+00 1.0000e+05 4.5812e-13 2.5000e+00
5.2941e+00 1.0000e+05 9.6619e-18 1.0000e+00 1.0000e+05 9.6619e-13 2.5000e+00
5.6863e+00 1.0000e+05 1.6682e-17 1.0000e+00 1.0000e+05 1.6682e-12 2.5000e+00
6.0784e+00 1.0000e+05 2.6299e-17 1.0000e+00 1.0000e+05 2.6299e-12 2.5000e+00
6.4706e+00 1.0000e+05 4.0486e-17 1.0000e+00 1.0000e+05 4.0486e-12 2.5000e+00
6.8627e+00 1.0000e+05 6.2024e-17 1.0000e+00 1.0000e+05 6.2024e-12 2.5000e+00
7.2549e+00 1.0000e+05 9.5833e-17 1.0000e+00 1.0000e+05 9.5833e-12 2.5000e+00
7.6471e+00 1.0000e+05 1.5047e-16 1.0000e+00 1.0000e+05 1.5047e-11 2.5000e+00
8.0392e+00 1.0000e+05 2.3950e-16 1.0000e+00 1.0000e+05 2.3950e-11 2.5000e+00
8.4314e+00 1.0000e+05 3.8505e-16 1.0000e+00 1.0000e+05 3.8505e-11 2.5000e+00
8.8235e+00 1.0000e+05 6.2190e-16 1.0000e+00 1.0000e+05 6.2190e-11 2.5000e+00
9.2157e+00 1.0000e+05 1.0063e-15 1.0000e+00 1.0000e+05 1.0063e-10 2.5000e+00
9.6078e+00 1.0000e+05 1.6279e-15 1.0000e+00 1.0000e+05 1.6279e-10 2.5000e+00
1.0000e+01 1.0000e+05 2.6293e-15 1.0000e+00 1.0000e+05 2.6293e-10 2.5000e+00
1.0392e+01 1.0000e+05 4.2349e-15 1.0000e+00 1.0000e+05 4.2349e-10 2.5000e+00
1.0784e+01 1.0000e+05 6.7975e-15 1.0000e+00 1.0000e+05 6.7975e-10 2.5000e+00
1.1176e+01 1.0000e+05 1.0868e-14 1.0000e+00 1.0000e+05 1.0868e-09 2.5000e+00
1.1569e+01 1.0000e+05 1.7302e-14 1.0000e+00 1.0000e+05 1.7302e-09 2.5000e+00
1.1961e+01 1.0000e+05 2.7427e-14 1.0000e+00 1.0000e+05 2.7427e-09 2.5000e+00
1.2353e+01 1.0000e+05 4.3285e-14 1.0000e+00 1.0000e+05 4.3285e-09 2.5000e+00
1.2745e+01 1.0000e+05 6.8008e-14 1.0000e+00 1.0000e+05 6.8008e-09 2.5000e+00
1.3137e+01 1.0000e+05 1.0637e-13 1.0000e+00 1.0000e+05 1.0637e-08 2.5000e+00
1.3529e+01 1.0000e+05 1.6563e-13 1.0000e+00 1.0000e+05 1.6563e-08 2.5000e+00
1.3922e+01 1.0000e+05 2.5674e-13 1.0000e+00 1.0000e+05 2.5674e-08 2.5000e+00
1.4314e+01 1.0000e+05 3.9614e-13 1.0000e+00 1.0000e+05 3.9614e-08 2.5000e+00
1.4706e+01 1.0000e+05 6.0847e-13 1.0000e+00 1.0000e+05 6.0847e-08 2.5000e+00
1.5098e+01 1.0000e+05 9.3034e-13 1.0000e+00 1.0000e+05 9.3034e-08 2.5000e+00
1.5490e+01 1.0000e+05 1.4160e-12 1.0000e+00 1.0000e+05 1.4160e-07 2.5000e+00
1.5882e+01 1.0000e+05 2.1453e-12 1.0000e+00 1.0000e+05 2.1453e-07 2.5000e+00
1.6275e+01 1.0000e+05 3.2353e-12 1.0000e+00 1.0000e+05 3.2353e-07 2.5000e+00
1.6667e+01 1.0000e+05 4.8568e-12 1.0000e+00 1.0000e+05 4.8568e-07 2.5000e+00
1.7059e+01 1.0000e+05 7.2576e-12 1.0000e+00 1.0000e+05 7.2576e-07 2.5000e+00
1.7451e+01 1.0000e+05 1.0795e-11 1.0000e+00 1.0000e+05 1.0795e-06 2.5000e+00
1.7843e+01 1.0000e+05 1.5983e-11 1.0000e+00 1.0000e+05 1.5983e-06 2.5000e+00
1.8235e+01 1.0000e+05 2.3556e-11 1.0000e+00 1.0000e+05 2.3556e-06 2.5000e+00
1.8627e+01 1.0000e+05 3.4557e-11 1.0000e+00 1.0000e+05 3.4557e-06 2.5000e+00
1.9020e+01 1.0000e+05 5.0460e-11 1.0000e+00 1.0000e+05 5.0460e-06 2.5000e+00
1.9412e+01 1.0000e+05 7.3342e-11 1.0000e+00 1.0000e+05 7.3342e-06 2.5000e+00
1.9804e+01 1.0000e+05 1.0611e-10 1.0000e+00 1.0000e+05 1.0611e-05 2.5000e+00
2.0196e+01 1.0000e+05 1.5280e-10 1.0000e+00 1.0000e+05 1.5280e-05 2.5000e+00
2.0588e+01 1.0000e+05 2.1902e-10 1.0000e+00 1.0000e+05 2.1902e-05 2.5000e+00
2.0980e+01 1.0000e+05 3.1248e-10 1.0000e+00 1.0000e+05 3.1248e-05 2.5000e+00
2.1373e+01 1.0000e+05 4.4376e-10 1.0000e+00 1.0000e+05 4.4376e-05 2.5000e+00
2.1765e+01 1.0000e+05 6.2725e-10 1.0000e+00 1.0000e+05 6.2725e-05 2.5000e+00
2.2157e+01 1.0000e+05 8.8251e-10 1.0000e+00 1.0000e+05 8.8251e-05 2.5000e+00
2.2549e+01 1.0000e+05 1.2359e-09 1.0000e+00 1.0000e+05 1.2359e-04 2.5000e+00
2.2941e+01 1.0000e+05 1.7227e-09 1.0000e+00 1.0000e+05 1.7227e-04 2.5000e+00
2.3333e+01 1.0000e+05 2.3900e-09 9.9999e-01 1.0000e+05 2.3900e-04 2.5000e+00
2.3725e+01 1.0000e+05 3.3005e-09 9.9999e-01 1.0000e+05 3.3005e-04 2.5000e+00
2.4118e+01 1.0000e+05 4.5366e-09 9.9999e-01 1.0000e+05 4.5366e-04 2.5000e+00
2.4510e+01 1.0000e+05 6.2065e-09 9.9999e-01 1.0000e+05 6.2065e-04 2.5000e+00
2.4902e+01 1.0000e+05 8.4517e-09 9.9998e-01 1.0000e+05 8.4517e-04 2.5000e+00
2.5294e+01 1.0000e+05 1.1455e-08 9.9998e-01 1.0000e+05 1.1455e-03 2.4999e+00
2.5686e+01 1.0000e+05 1.5454e-08 9.9997e-01 1.0000e+05 1.5454e-03 2.4999e+00
2.6078e+01 1.0000e+05 2.0752e-08 9.9996e-01 1.0000e+05 2.0752e-03 2.4999e+00
2.6471e+01 1.0000e+05 2.7737e-08 9.9995e-01 1.0000e+05 2.7737e-03 2.4999e+00
2.6863e+01 1.0000e+05 3.6899e-08 9.9993e-01 1.0000e+05 3.6899e-03 2.4998e+00
2.7255e+01 1.0000e+05 4.8861e-08 9.9991e-01 1.0000e+05 4.8860e-03 2.4998e+00
2.7647e+01 1.0000e+05 6.4399e-08 9.9988e-01 1.0000e+05 6.4399e-03 2.4997e+00
2.8039e+01 1.0000e+05 8.4485e-08 9.9985e-01 1.0000e+05 8.4484e-03 2.4996e+00
2.8431e+01 9.9999e+04 1.1032e-07 9.9980e-01 9.9999e+04 1.1032e-02 2.4995e+00
2.8824e+01 9.9999e+04 1.4339e-07 9.9975e-01 9.9999e+04 1.4339e-02 2.4994e+00
2.9216e+01 9.9999e+04 1.8552e-07 9.9968e-01 9.9999e+04 1.8552e-02 2.4992e+00
2.9608e+01 9.9999e+04 2.3891e-07 9.9960e-01 9.9999e+04 2.3891e-02 2.4990e+00
3.0000e+01 9.9998e+04 3.0625e-07 9.9949e-01 9.9998e+04 3.0624e-02 2.4987e+00
3.0392e+01 9.9998e+04 3.9077e-07 9.9936e-01 9.9998e+04 3.9076e-02 2.4984e+00
3.0784e+01 9.9997e+04 4.9632e-07 9.9920e-01 9.9997e+04 4.9631e-02 2.4980e+00
3.1176e+01 9.9996e+04 6.2751e-07 9.9900e-01 9.9996e+04 6.2748e-02 2.4975e+00
3.1569e+01 9.9995e+04 7.8975e-07 9.9876e-01 9.9995e+04 7.8971e-02 2.4969e+00
3.1961e+01 9.9994e+04 9.8941e-07 9.9847e-01 9.9994e+04 9.8935e-02 2.4962e+00
3.2353e+01 9.9992e+04 1.2339e-06 9.9812e-01 9.9992e+04 1.2338e-01 2.4953e+00
3.2745e+01 9.9990e+04 1.5320e-06 9.9771e-01 9.9990e+04 1.5318e-01 2.4943e+00
3.3137e+01 9.9987e+04 1.8934e-06 9.9721e-01 9.9987e+04 1.8931e-01 2.4930e+00
3.3529e+01 9.9984e+04 2.3296e-06 9.9662e-01 9.9984e+04 2.3292e-01 2.4916e+00
3.3922e+01 9.9980e+04 2.8535e-06 9.9593e-01 9.9980e+04 2.8530e-01 2.4898e+00
3.4314e+01 9.9976e+04 3.4798e-06 9.9512e-01 9.9976e+04 3.4789e-01 2.4878e+00
3.4706e+01 9.9970e+04 4.2247e-06 9.9418e-01 9.9970e+04 4.2235e-01 2.4855e+00
3.5098e+01 9.9963e+04 5.1067e-06 9.9309e-01 9.9963e+04 5.1048e-01 2.4827e+00
3.5490e+01 9.9955e+04 6.1458e-06 9.9183e-01 9.9955e+04 6.1430e-01 2.4796e+00
3.5882e+01 9.9945e+04 7.3643e-06 9.9038e-01 9.9945e+04 7.3603e-01 2.4759e+00
3.6275e+01 9.9934e+04 8.7864e-06 9.8872e-01 9.9934e+04 8.7806e-01 2.4718e+00
3.6667e+01 9.9920e+04 1.0438e-05 9.8684e-01 9.9920e+04 1.0430e+00 2.4671e+00
3.7059e+01 9.9904e+04 1.2348e-05 9.8472e-01 9.9904e+04 1.2336e+00 2.4618e+00
3.7451e+01 9.9885e+04 1.4546e-05 9.8233e-01 9.9885e+04 1.4530e+00 2.4558e+00
3.7843e+01 9.9863e+04 1.7064e-05 9.7965e-01 9.9863e+04 1.7041e+00 2.4492e+00
3.8235e+01 9.9837e+04 1.9936e-05 9.7668e-01 9.9837e+04 1.9903e+00 2.4417e+00
3.8627e+01 9.9808e+04 2.3195e-05 9.7338e-01 9.9808e+04 2.3151e+00 2.4335e+00
3.9020e+01 9.9774e+04 2.6878e-05 9.6974e-01 9.9774e+04 2.6818e+00 2.4244e+00
3.9412e+01 9.9734e+04 3.1022e-05 9.6576e-01 9.9734e+04 3.0940e+00 2.4144e+00
3.9804e+01 9.9689e+04 3.5663e-05 9.6141e-01 9.9689e+04 3.5552e+00 2.4036e+00
4.0196e+01 9.9638e+04 4.0839e-05 9.5668e-01 9.9638e+04 4.0691e+00 2.3918e+00
4.0588e+01 9.9580e+04 4.6585e-05 9.5157e-01 9.9580e+04 4.6390e+00 2.3790e+00
4.0980e+01 9.9515e+04 5.2939e-05 9.4608e-01 9.9515e+04 5.2682e+00 2.3653e+00
4.1373e+01 9.9441e+04 5.9933e-05 9.4020e-01 9.9441e+04 5.9599e+00 2.3507e+00
4.1765e+01 9.9359e+04 6.7602e-05 9.3393e-01 9.9359e+04 6.7168e+00 2.3351e+00
4.2157e+01 9.9267e+04 7.5973e-05 9.2729e-01 9.9267e+04 7.5416e+00 2.3185e+00
4.2549e+01 9.9165e+04 8.5076e-05 9.2029e-01 9.9165e+04 8.4365e+00 2.3011e+00
4.2941e+01 9.9052e+04 9.4933e-05 9.1293e-01 9.9052e+04 9.4033e+00 2.2828e+00
4.3333e+01 9.8927e+04 1.0556e-04 9.0524e-01 9.8927e+04 1.0443e+01 2.2637e+00
4.3725e+01 9.8790e+04 1.1699e-04 8.9725e-01 9.8790e+04 1.1557e+01 2.2438e+00
4.4118e+01 9.8640e+04 1.2920e-04 8.8896e-01 9.8640e+04 1.2744e+01 2.2232e+00
4.4510e+01 9.8477e+04 1.4228e-04 8.8046e-01 9.8477e+04 1.4011e+01 2.2021e+00
4.4902e+01 9.8294e+04 1.5591e-04 8.7165e-01 9.8294e+04 1.5325e+01 2.1803e+00
4.5294e+01 9.8120e+04 1.7120e-04 8.6296e-01 9.8120e+04 1.6798e+01 2.1588e+00
4.5686e+01 9.7855e+04 1.8458e-04 8.5320e-01 9.7855e+04 1.8063e+01 2.1347e+00
4.6078e+01 9.7790e+04 2.0639e-04 8.4598e-01 9.7790e+04 2.0183e+01 2.1170e+00
4.6471e+01 9.7162e+04 2.0947e-04 8.3209e-01 9.7162e+04 2.0353e+01 2.0824e+00
4.6863e+01 9.7736e+04 2.5639e-04 8.3278e-01 9.7736e+04 2.5059e+01 2.0852e+00
4.7255e+01 9.5966e+04 2.2150e-04 8.0588e-01 9.5966e+04 2.1257e+01 2.0171e+00
4.7647e+01 9.7884e+04 3.1764e-04 8.2249e-01 9.7884e+04 3.1092e+01 2.0612e+00
4.8039e+01 9.5082e+04 2.5028e-04 7.8494e-01 9.5082e+04 2.3797e+01 1.9653e+00
4.8431e+01 9.6689e+04 3.3751e-04 7.9805e-01 9.6689e+04 3.2633e+01 2.0006e+00
4.8824e+01 9.5825e+04 3.3046e-04 7.8054e-01 9.5825e+04 3.1666e+01 1.9566e+00
4.9216e+01 9.1699e+04 3.5768e-04 7.7433e-01 9.1699e+04 3.2799e+01 1.9417e+00
4.9608e+01 1.1866e+05 3.6609e-04 7.6130e-01 1.1866e+05 4.3441e+01 1.9112e+00
5.0000e+01 3.3978e+04 3.9311e-04 7.5982e-01 3.3978e+04 1.3357e+01 1.9022e+00
5.0392e+01 1.2443e+04 4.1987e-04 7.5740e-01 1.2443e+04 5.2243e+00 1.8946e+00
5.0784e+01 9.3408e+03 4.7178e-04 7.5226e-01 9.3408e+03 4.4068e+00 1.8817e+00
5.1176e+01 9.7149e+03 6.3549e-04 7.5650e-01 9.7149e+03 6.1737e+00 1.8932e+00
5.1569e+01 1.0237e+04 7.8285e-04 7.6142e-01 1.0237e+04 8.0140e+00 1.9067e+00
5.1961e+01 1.0775e+04 8.1901e-04 7.5655e-01 1.0775e+04 8.8245e+00 1.8950e+00
5.2353e+01 1.1038e+04 8.2822e-04 7.5041e-01 1.1038e+04 9.1423e+00 1.8798e+00
5.2745e+01 1.1388e+04 9.0698e-04 7.5281e-01 1.1388e+04 1.0329e+01 1.8867e+00
5.3137e+01 1.1638e+04 1.0213e-03 7.6019e-01 1.1638e+04 1.1886e+01 1.9065e+00
5.3529e+01 1.1871e+04 1.1003e-03 7.6433e-01 1.1871e+04 1.3061e+01 1.9180e+00
5.3922e+01 1.1958e+04 1.1169e-03 7.6198e-01 1.1958e+04 1.3355e+01 1.9124e+00
5.4314e+01 1.2017e+04 1.0958e-03 7.5568e-01 1.2017e+04 1.3168e+01 1.8964e+00
5.4706e+01 1.2065e+04 1.0876e-03 7.4998e-01 1.2065e+04 1.3122e+01 1.8821e+00
5.5098e+01 1.2197e+04 1.1428e-03 7.5219e-01 1.2197e+04 1.3938e+01 1.8884e+00
5.5490e+01 1.2381e+04 1.2548e-03 7.6155e-01 1.2381e+04 1.5536e+01 1.9136e+00
5.5882e+01 1.2587e+04 1.3821e-03 7.7330e-01 1.2587e+04 1.7396e+01 1.9453e+00
5.6275e+01 1.2754e+04 1.4873e-03 7.8301e-01 1.2754e+04 1.8969e+01 1.9716e+00
5.6667e+01 1.2869e+04 1.5548e-03 7.8863e-01 1.2869e+04 2.0010e+01 1.9871e+00
5.7059e+01 1.2931e+04 1.5880e-03 7.9038e-01 1.2931e+04 2.0534e+01 1.9922e+00
5.7451e+01 1.2960e+04 1.5987e-03 7.8960e-01 1.2960e+04 2.0720e+01 1.9906e+00
5.7843e+01 1.2972e+04 1.5990e-03 7.8770e-01 1.2972e+04 2.0742e+01 1.9858e+00
5.8235e+01 1.2978e+04 1.5959e-03 7.8546e-01 1.2978e+04 2.0711e+01 1.9802e+00
5.8627e+01 1.2982e+04 1.5918e-03 7.8310e-01 1.2982e+04 2.0665e+01 1.9742e+00
5.9020e+01 1.2986e+04 1.5872e-03 7.8064e-01 1.2986e+04 2.0611e+01 1.9680e+00
5.9412e+01 1.2989e+04 1.5822e-03 7.7809e-01 1.2989e+04 2.0550e+01 1.9615e+00
5.9804e+01 1.2991e+04 1.5767e-03 7.7544e-01 1.2991e+04 2.0483e+01 1.9547e+00
6.0196e+01 1.2993e+04 1.5708e-03 7.7268e-01 1.2993e+04 2.0410e+01 1.9477e+00
6.0588e+01 1.2995e+04 1.5645e-03 7.6983e-01 1.2995e+04 2.0330e+01 1.9405e+00
6.0980e+01 1.2996e+04 1.5577e-03 7.6687e-01 1.2996e+04 2.0244e+01 1.9329e+00
6.1373e+01 1.2997e+04 1.5506e-03 7.6380e-01 1.2997e+04 2.0152e+01 1.9251e+00
6.1765e+01 1.2997e+04 1.5430e-03 7.6061e-01 1.2997e+04 2.0054e+01 1.9170e+00
6.2157e+01 1.2997e+04 1.5349e-03 7.5730e-01 1.2997e+04 1.9950e+01 1.9086e+00
6.2549e+01 1.2997e+04 1.5265e-03 7.5388e-01 1.2997e+04 1.9840e+01 1.8998e+00
6.2941e+01 1.2996e+04 1.5177e-03 7.5032e-01 1.2996e+04 1.9724e+01 1.8908e+00
6.3333e+01 1.2995e+04 1.5084e-03 7.4664e-01 1.2995e+04 1.9602e+01 1.8814e+00
6.3725e+01 1.2994e+04 1.4987e-03 7.4283e-01 1.2994e+04 1.9474e+01 1.8717e+00
6.4118e+01 1.2993e+04 1.4886e-03 7.3887e-01 1.2993e+04 1.9340e+01 1.8616e+00
6.4510e+01 1.2991e+04 1.4780e-03 7.3478e-01 1.2991e+04 1.9200e+01 1.8511e+00
6.4902e+01 1.2989e+04 1.4670e-03 7.3054e-01 1.2989e+04 1.9055e+01 1.8403e+00
6.5294e+01 1.2986e+04 1.4556e-03 7.2615e-01 1.2986e+04 1.8903e+01 1.8291e+00
6.5686e+01 1.2984e+04 1.4438e-03 7.2161e-01 1.2984e+04 1.8745e+01 1.8175e+00
6.6078e+01 1.2981e+04 1.4315e-03 7.1691e-01 1.2981e+04 1.8581e+01 1.8056e+00
6.6471e+01 1.2977e+04 1.4187e-03 7.1204e-01 1.2977e+04 1.8411e+01 1.7932e+00
6.6863e+01 1.2974e+04 1.4056e-03 7.0702e-01 1.2974e+04 1.8235e+01 1.7804e+00
6.7255e+01 1.2970e+04 1.3919e-03 7.0182e-01 1.2970e+04 1.8053e+01 1.7671e+00
6.7647e+01 1.2966e+04 1.3779e-03 6.9645e-01 1.2966e+04 1.7865e+01 1.7534e+00
6.8039e+01 1.2962e+04 1.3633e-03 6.9090e-01 1.2962e+04 1.7671e+01 1.7393e+00
6.8431e+01 1.2957e+04 1.3484e-03 6.8517e-01 1.2957e+04 1.7471e+01 1.7247e+00
6.8824e+01 1.2953e+04 1.3329e-03 6.7925e-01 1.2953e+04 1.7265e+01 1.7096e+00
6.9216e+01 1.2948e+04 1.3170e-03 6.7315e-01 1.2948e+04 1.7052e+01 1.6941e+00
6.9608e+01 1.2943e+04 1.3007e-03 6.6685e-01 1.2943e+04 1.6834e+01 1.6781e+00
7.0000e+01 1.2937e+04 1.2838e-03 6.6035e-01 1.2937e+04 1.6609e+01 1.6615e+00
7.0392e+01 1.2931e+04 1.2665e-03 6.5366e-01 1.2931e+04 1.6378e+01 1.6445e+00
7.0784e+01 1.2926e+04 1.2488e-03 6.4675e-01 1.2926e+04 1.6141e+01 1.6270e+00
7.1176e+01 1.2920e+04 1.2305e-03 6.3964e-01 1.2920e+04 1.5898e+01 1.6089e+00
7.1569e+01 1.2913e+04 1.2118e-03 6.3231e-01 1.2913e+04 1.5648e+01 1.5903e+00
7.1961e+01 1.2907e+04 1.1926e-03 6.2477e-01 1.2907e+04 1.5393e+01 1.5711e+00
7.2353e+01 1.2900e+04 1.1729e-03 6.1701e-01 1.2900e+04 1.5131e+01 1.5514e+00
7.2745e+01 1.2893e+04 1.1527e-03 6.0902e-01 1.2893e+04 1.4863e+01 1.5311e+00
7.3137e+01 1.2886e+04 1.1321e-03 6.0080e-01 1.2886e+04 1.4588e+01 1.5103e+00
7.3529e+01 1.2879e+04 1.1109e-03 5.9235e-01 1.2879e+04 1.4307e+01 1.4888e+00
7.3922e+01 1.2871e+04 1.0893e-03 5.8366e-01 1.2871e+04 1.4020e+01 1.4668e+00
7.4314e+01 1.2863e+04 1.0671e-03 5.7473e-01 1.2863e+04 1.3727e+01 1.4441e+00
7.4706e+01 1.2855e+04 1.0444e-03 5.6555e-01 1.2855e+04 1.3427e+01 1.4209e+00
7.5098e+01 1.2847e+04 1.0212e-03 5.5611e-01 1.2847e+04 1.3120e+01 1.3970e+00
7.5490e+01 1.2839e+04 9.9754e-04 5.4642e-01 1.2839e+04 1.2807e+01 1.3724e+00
7.5882e+01 1.2831e+04 9.7331e-04 5.3647e-01 1.2831e+04 1.2488e+01 1.3472e+00
7.6275e+01 1.2822e+04 9.4854e-04 5.2624e-01 1.2822e+04 1.2162e+01 1.3214e+00
7.6667e+01 1.2813e+04 9.2323e-04 5.1574e-01 1.2813e+04 1.1829e+01 1.2948e+00
7.7059e+01 1.2804e+04 8.9737e-04 5.0495e-01 1.2804e+04 1.1490e+01 1.2675e+00
7.7451e+01 1.2795e+04 8.7095e-04 4.9387e-01 1.2795e+04 1.1143e+01 1.2395e+00
7.7843e+01 1.2785e+04 8.4396e-04 4.8250e-01 1.2785e+04 1.0790e+01 1.2108e+00
7.8235e+01 1.2775e+04 8.1640e-04 4.7082e-01 1.2775e+04 1.0430e+01 1.1813e+00
7.8627e+01 1.2765e+04 7.8825e-04 4.5883e-01 1.2765e+04 1.0062e+01 1.1510e+00
7.9020e+01 1.2755e+04 7.5951e-04 4.4652e-01 1.2755e+04 9.6879e+00 1.1200e+00
7.9412e+01 1.2745e+04 7.3016e-04 4.3387e-01 1.2745e+04 9.3060e+00 1.0881e+00
7.9804e+01 1.2735e+04 7.0019e-04 4.2089e-01 1.2735e+04 8.9168e+00 1.0553e+00
8.0196e+01 1.2724e+04 6.6960e-04 4.0756e-01 1.2724e+04 8.5200e+00 1.0217e+00
8.0588e+01 1.2713e+04 6.3836e-04 3.9387e-01 1.2713e+04 8.1156e+00 9.8727e-01
8.0980e+01 1.2702e+04 6.0647e-04 3.7981e-01 1.2702e+04 7.7035e+00 9.5187e-01
8.1373e+01 1.2691e+04 5.7391e-04 3.6538e-01 1.2691e+04 7.2835e+00 9.1554e-01
8.1765e+01 1.2680e+04 5.4068e-04 3.5056e-01 1.2680e+04 6.8556e+00 8.7824e-01
8.2157e+01 1.2668e+04 5.0675e-04 3.3533e-01 1.2668e+04 6.4195e+00 8.3996e-01
8.2549e+01 1.2656e+04 4.7212e-04 3.1970e-01 1.2656e+04 5.9753e+00 8.0066e-01
8.2941e+01 1.2644e+04 4.3678e-04 3.0364e-01 1.2644e+04 5.5226e+00 7.6032e-01
8.3333e+01 1.2632e+04 4.0069e-04 2.8715e-01 1.2632e+04 5.0615e+00 7.1890e-01
8.3725e+01 1.2620e+04 3.6387e-04 2.7022e-01 1.2620e+04 4.5918e+00 6.7638e-01
8.4118e+01 1.2607e+04 3.2628e-04 2.5282e-01 1.2607e+04 4.1134e+00 6.3273e-01
8.4510e+01 1.2594e+04 2.8793e-04 2.3497e-01 1.2594e+04 3.6263e+00 5.8794e-01
8.4902e+01 1.2581e+04 2.4887e-04 2.1666e-01 1.2581e+04 3.1311e+00 5.4203e-01
8.5294e+01 1.2568e+04 2.0925e-04 1.9796e-01 1.2568e+04 2.6298e+00 4.9518e-01
8.5686e+01 1.2555e+04 1.6949e-04 1.7909e-01 1.2555e+04 2.1280e+00 4.4790e-01
8.6078e+01 1.2542e+04 1.3057e-04 1.6052e-01 1.2542e+04 1.6377e+00 4.0140e-01
8.6471e+01 1.2531e+04 9.4210e-05 1.4315e-01 1.2531e+04 1.1805e+00 3.5793e-01
8.6863e+01 1.2521e+04 6.2704e-05 1.2821e-01 1.2521e+04 7.8509e-01 3.2054e-01
8.7255e+01 1.2513e+04 3.8111e-05 1.1675e-01 1.2513e+04 4.7687e-01 2.9189e-01
8.7647e+01 1.2507e+04 2.1147e-05 1.0907e-01 1.2507e+04 2.6449e-01 2.7268e-01
8.8039e+01 1.2504e+04 1.0835e-05 1.0455e-01 1.2504e+04 1.3548e-01 2.6138e-01
8.8431e+01 1.2502e+04 5.2281e-06 1.0217e-01 1.2502e+04 6.5361e-02 2.5541e-01
8.8824e+01 1.2501e+04 2.4253e-06 1.0100e-01 1.2501e+04 3.0318e-02 2.5249e-01
8.9216e+01 1.2500e+04 1.0995e-06 1.0045e-01 1.2500e+04 1.3744e-02 2.5113e-01
8.9608e+01 1.2500e+04 4.9223e-07 1.0020e-01 1.2500e+04 6.1530e-03 2.5050e-01
9.0000e+01 1.2500e+04 2.1883e-07 1.0009e-01 1.2500e+04 2.7354e-03 2.5022e-01
9.0392e+01 1.2500e+04 9.6880e-08 1.0004e-01 1.2500e+04 1.2110e-03 2.5010e-01
9.0784e+01 1.2500e+04 4.2766e-08 1.0002e-01 1.2500e+04 5.3457e-04 2.5004e-01
9.1176e+01 1.2500e+04 1.8835e-08 1.0001e-01 1.2500e+04 2.3543e-04 2.5002e-01
9.1569e+01 1.2500e+04 8.2779e-09 1.0000e-01 1.2500e+04 1.0347e-04 2.5001e-01
9.1961e+01 1.2500e+04 3.6311e-09 1.0000e-01 1.2500e+04 4.5389e-05 2.5000e-01
9.2353e+01 1.2500e+04 1.5897e-09 1.0000e-01 1.2500e+04 1.9872e-05 2.5000e-01
9.2745e+01 1.2500e+04 6.9469e-10 1.0000e-01 1.2500e+04 8.6837e-06 2.5000e-01
9.3137e+01 1.2500e+04 3.0300e-10 1.0000e-01 1.2500e+04 3.7874e-06 2.5000e-01
9.3529e+01 1.2500e+04 1.3190e-10 1.0000e-01 1.2500e+04 1.6488e-06 2.5000e-01
9.3922e+01 1.2500e+04 5.7311e-11 1.0000e-01 1.2500e+04 7.1639e-07 2.5000e-01
9.4314e+01 1.2500e+04 2.4854e-11 1.0000e-01 1.2500e+04 3.1067e-07 2.5000e-01
9.4706e+01 1.2500e+04 1.0758e-11 1.0000e-01 1.2500e+04 1.3447e-07 2.5000e-01
9.5098e+01 1.2500e+04 4.6471e-12 1.0000e-01 1.2500e+04 5.8089e-08 2.5000e-01
9.5490e+01 1.2500e+04 2.0036e-12 1.0000e-01 1.2500e+04 2.5045e-08 2.5000e-01
9.5882e+01 1.2500e+04 8.6217e-13 1.0000e-01 1.2500e+04 1.0777e-08 2.5000e-01
9.6275e+01 1.2500e+04 3.7026e-13 1.0000e-01 1.2500e+04 4.6283e-09 2.5000e-01
9.6667e+01 1.2500e+04 1.5870e-13 1.0000e-01 1.2500e+04 1.9837e-09 2.5000e-01
9.7059e+01 1.2500e+04 6.7882e-14 1.0000e-01 1.2500e+04 8.4852e-10 2.5000e-01
9.7451e+01 1.2500e+04 2.8976e-14 1.0000e-01 1.2500e+04 3.6220e-10 2.5000e-01
9.7843e+01 1.2500e+04 1.2343e-14 1.0000e-01 1.2500e+04 1.5429e-10 2.5000e-01
9.8235e+01 1.2500e+04 5.2459e-15 1.0000e-01 1.2500e+04 6.5574e-11 2.5000e-01
9.8627e+01 1.2500e+04 2.2239e-15 1.0000e-01 1.2500e+04 2.7798e-11 2.5000e-01
9.9020e+01 1.2500e+04 9.4118e-16 1.0000e-01 1.2500e+04 1.1765e-11 2.5000e-01
9.9412e+01 1.2500e+04 4.0034e-16 1.0000e-01 1.2500e+04 5.0042e-12 2.5000e-01
9.9804e+01 1.2500e+04 1.8339e-16 1.0000e-01 1.2500e+04 2.2924e-12 2.5000e-01
