# # x Density Velocity Pressure q0 q1 q2
1.9608e-01 1.0000e+05 0.0000e+00 1.0000e+00 1.0000e+05 0.0000e+00 2.5000e+00
5.8824e-01 1.0000e+05 0.0000e+00 1.0000e+00 1.0000e+05 0.0000e+00 2.5000e+00
9.8039e-01 1.0000e+05 0.0000e+00 1.0000e+00 1.0000e+05 0.0000e+00 2.5000e+00
1.3725e+00 1.0000e+05 0.0000e+00 1.0000e+00 1.0000e+05 0.0000e+00 2.5000e+00
1.7647e+00 1.0000e+05 0.0000e+00 1.0000e+00 1.0000e+05 0.0000e+00 2.5000e+00
2.1569e+00 1.0000e+05 0.0000e+00 1.0000e+00 1.0000e+05 0.0000e+00 2.5000e+00
2.5490e+00 1.0000e+05 0.0000e+00 1.0000e+00 1.0000e+05 0.0000e+00 2.5000e+00
2.9412e+00 1.0000e+05 0.0000e+00 1.0000e+00 1.0000e+05 0.0000e+00 2.5000e+00
3.3333e+00 1.0000e+05 0.0000e+00 1.0000e+00 1.0000e+05 0.0000e+00 2.5000e+00
3.7255e+00 1.0000e+05 2.7178e-20 1.0000e+00 1.0000e+05 2.7178e-15 2.5000e+00
4.1176e+00 1.0000e+05 6.4463e-19 1.0000e+00 1.0000e+05 6.4463e-14 2.5000e+00
4.5098e+00 1.0000e+05 2.9191e-18 1.0000e+00 1.0000e+05 2.9191e-13 2.5000e+00
4.9020e+00 1.0000e+05 7.1388e-18 1.0000e+00 1.0000e+05 7.1388e-13 2.5000e+00
5.2941e+00 1.0000e+05 1.3298e-17 1.0000e+00 1.0000e+05 1.3298e-12 2.5000e+00
5.6863e+00 1.0000e+05 2.1515e-17 1.0000e+00 1.0000e+05 2.1515e-12 2.5000e+00
6.0784e+00 1.0000e+05 3.3211e-17 1.0000e+00 1.0000e+05 3.3211e-12 2.5000e+00
6.4706e+00 1.0000e+05 5.1043e-17 1.0000e+00 1.0000e+05 5.1043e-12 2.5000e+00
6.8627e+00 1.0000e+05 7.8182e-17 1.0000e+00 1.0000e+05 7.8182e-12 2.5000e+00
7.2549e+00 1.0000e+05 1.2154e-16 1.0000e+00 1.0000e+05 1.2154e-11 2.5000e+00
7.6471e+00 1.0000e+05 1.9177e-16 1.0000e+00 1.0000e+05 1.9177e-11 2.5000e+00
8.0392e+00 1.0000e+05 3.0628e-16 1.0000e+00 1.0000e+05 3.0628e-11 2.5000e+00
8.4314e+00 1.0000e+05 4.9268e-16 1.0000e+00 1.0000e+05 4.9268e-11 2.5000e+00
8.8235e+00 1.0000e+05 7.9501e-16 1.0000e+00 1.0000e+05 7.9501e-11 2.5000e+00
9.2157e+00 1.0000e+05 1.2839e-15 1.0000e+00 1.0000e+05 1.2839e-10 2.5000e+00
9.6078e+00 1.0000e+05 2.0712e-15 1.0000e+00 1.0000e+05 2.0712e-10 2.5000e+00
1.0000e+01 1.0000e+05 3.3336e-15 1.0000e+00 1.0000e+05 3.3336e-10 2.5000e+00
1.0392e+01 1.0000e+05 5.3492e-15 1.0000e+00 1.0000e+05 5.3492e-10 2.5000e+00
1.0784e+01 1.0000e+05 8.5520e-15 1.0000e+00 1.0000e+05 8.5520e-10 2.5000e+00
1.1176e+01 1.0000e+05 1.3617e-14 1.0000e+00 1.0000e+05 1.3617e-09 2.5000e+00
1.1569e+01 1.0000e+05 2.1591e-14 1.0000e+00 1.0000e+05 2.1591e-09 2.5000e+00
1.1961e+01 1.0000e+05 3.4085e-14 1.0000e+00 1.0000e+05 3.4085e-09 2.5000e+00
1.2353e+01 1.0000e+05 5.3574e-14 1.0000e+00 1.0000e+05 5.3574e-09 2.5000e+00
1.2745e+01 1.0000e+05 8.3832e-14 1.0000e+00 1.0000e+05 8.3832e-09 2.5000e+00
1.3137e+01 1.0000e+05 1.3060e-13 1.0000e+00 1.0000e+05 1.3060e-08 2.5000e+00
1.3529e+01 1.0000e+05 2.0253e-13 1.0000e+00 1.0000e+05 2.0253e-08 2.5000e+00
1.3922e+01 1.0000e+05 3.1268e-13 1.0000e+00 1.0000e+05 3.1268e-08 2.5000e+00
1.4314e+01 1.0000e+05 4.8056e-13 1.0000e+00 1.0000e+05 4.8056e-08 2.5000e+00
1.4706e+01 1.0000e+05 7.3525e-13 1.0000e+00 1.0000e+05 7.3525e-08 2.5000e+00
1.5098e+01 1.0000e+05 1.1198e-12 1.0000e+00 1.0000e+05 1.1198e-07 2.5000e+00
1.5490e+01 1.0000e+05 1.6978e-12 1.0000e+00 1.0000e+05 1.6978e-07 2.5000e+00
1.5882e+01 1.0000e+05 2.5625e-12 1.0000e+00 1.0000e+05 2.5625e-07 2.5000e+00
1.6275e+01 1.0000e+05 3.8500e-12 1.0000e+00 1.0000e+05 3.8500e-07 2.5000e+00
1.6667e+01 1.0000e+05 5.7580e-12 1.0000e+00 1.0000e+05 5.7580e-07 2.5000e+00
1.7059e+01 1.0000e+05 8.5724e-12 1.0000e+00 1.0000e+05 8.5724e-07 2.5000e+00
1.7451e+01 1.0000e+05 1.2704e-11 1.0000e+00 1.0000e+05 1.2704e-06 2.5000e+00
1.7843e+01 1.0000e+05 1.8742e-11 1.0000e+00 1.0000e+05 1.8742e-06 2.5000e+00
1.8235e+01 1.0000e+05 2.7522e-11 1.0000e+00 1.0000e+05 2.7522e-06 2.5000e+00
1.8627e+01 1.0000e+05 4.0232e-11 1.0000e+00 1.0000e+05 4.0232e-06 2.5000e+00
1.9020e+01 1.0000e+05 5.8541e-11 1.0000e+00 1.0000e+05 5.8541e-06 2.5000e+00
1.9412e+01 1.0000e+05 8.4792e-11 1.0000e+00 1.0000e+05 8.4792e-06 2.5000e+00
1.9804e+01 1.0000e+05 1.2225e-10 1.0000e+00 1.0000e+05 1.2225e-05 2.5000e+00
2.0196e+01 1.0000e+05 1.7545e-10 1.0000e+00 1.0000e+05 1.7545e-05 2.5000e+00
2.0588e+01 1.0000e+05 2.5064e-10 1.0000e+00 1.0000e+05 2.5064e-05 2.5000e+00
2.0980e+01 1.0000e+05 3.5641e-10 1.0000e+00 1.0000e+05 3.5641e-05 2.5000e+00
2.1373e+01 1.0000e+05 5.0448e-10 1.0000e+00 1.0000e+05 5.0448e-05 2.5000e+00
2.1765e+01 1.0000e+05 7.1078e-10 1.0000e+00 1.0000e+05 7.1078e-05 2.5000e+00
2.2157e+01 1.0000e+05 9.9682e-10 1.0000e+00 1.0000e+05 9.9682e-05 2.5000e+00
2.2549e+01 1.0000e+05 1.3915e-09 1.0000e+00 1.0000e+05 1.3915e-04 2.5000e+00
2.2941e+01 1.0000e+05 1.9336e-09 1.0000e+00 1.0000e+05 1.9336e-04 2.5000e+00
2.3333e+01 1.0000e+05 2.6744e-09 9.9999e-01 1.0000e+05 2.6744e-04 2.5000e+00
2.3725e+01 1.0000e+05 3.6820e-09 9.9999e-01 1.0000e+05 3.6820e-04 2.5000e+00
2.4118e+01 1.0000e+05 5.0457e-09 9.9999e-01 1.0000e+05 5.0457e-04 2.5000e+00
2.4510e+01 1.0000e+05 6.8827e-09 9.9999e-01 1.0000e+05 6.8827e-04 2.5000e+00
2.4902e+01 1.0000e+05 9.3451e-09 9.9998e-01 1.0000e+05 9.3451e-04 2.5000e+00
2.5294e+01 1.0000e+05 1.2630e-08 9.9998e-01 1.0000e+05 1.2630e-03 2.4999e+00
2.5686e+01 1.0000e+05 1.6991e-08 9.9997e-01 1.0000e+05 1.6991e-03 2.4999e+00
2.6078e+01 1.0000e+05 2.2751e-08 9.9996e-01 1.0000e+05 2.2751e-03 2.4999e+00
2.6471e+01 1.0000e+05 3.0325e-08 9.9994e-01 1.0000e+05 3.0325e-03 2.4999e+00
2.6863e+01 1.0000e+05 4.0234e-08 9.9993e-01 1.0000e+05 4.0233e-03 2.4998e+00
2.7255e+01 1.0000e+05 5.3134e-08 9.9990e-01 1.0000e+05 5.3134e-03 2.4998e+00
2.7647e+01 1.0000e+05 6.9847e-08 9.9987e-01 1.0000e+05 6.9847e-03 2.4997e+00
2.8039e+01 9.9999e+04 9.1396e-08 9.9984e-01 9.9999e+04 9.1396e-03 2.4996e+00
2.8431e+01 9.9999e+04 1.1904e-07 9.9979e-01 9.9999e+04 1.1904e-02 2.4995e+00
2.8824e+01 9.9999e+04 1.5435e-07 9.9973e-01 9.9999e+04 1.5434e-02 2.4993e+00
2.9216e+01 9.9999e+04 1.9920e-07 9.9966e-01 9.9999e+04 1.9920e-02 2.4992e+00
2.9608e+01 9.9998e+04 2.5591e-07 9.9957e-01 9.9998e+04 2.5591e-02 2.4989e+00
3.0000e+01 9.9998e+04 3.2727e-07 9.9946e-01 9.9998e+04 3.2726e-02 2.4986e+00
3.0392e+01 9.9997e+04 4.1662e-07 9.9932e-01 9.9997e+04 4.1661e-02 2.4983e+00
3.0784e+01 9.9997e+04 5.2796e-07 9.9915e-01 9.9997e+04 5.2794e-02 2.4979e+00
3.1176e+01 9.9996e+04 6.6602e-07 9.9895e-01 9.9996e+04 6.6600e-02 2.4974e+00
3.1569e+01 9.9995e+04 8.3640e-07 9.9870e-01 9.9995e+04 8.3635e-02 2.4967e+00
3.1961e+01 9.9993e+04 1.0456e-06 9.9840e-01 9.9993e+04 1.0456e-01 2.4960e+00
3.2353e+01 9.9992e+04 1.3013e-06 9.9803e-01 9.9992e+04 1.3012e-01 2.4951e+00
3.2745e+01 9.9989e+04 1.6123e-06 9.9760e-01 9.9989e+04 1.6121e-01 2.4940e+00
3.3137e+01 9.9987e+04 1.9887e-06 9.9709e-01 9.9987e+04 1.9884e-01 2.4927e+00
3.3529e+01 9.9983e+04 2.4421e-06 9.9649e-01 9.9983e+04 2.4417e-01 2.4912e+00
3.3922e+01 9.9979e+04 2.9857e-06 9.9578e-01 9.9979e+04 2.9850e-01 2.4894e+00
3.4314e+01 9.9974e+04 3.6342e-06 9.9494e-01 9.9974e+04 3.6332e-01 2.4874e+00
3.4706e+01 9.9969e+04 4.4042e-06 9.9398e-01 9.9969e+04 4.4028e-01 2.4849e+00
3.5098e+01 9.9962e+04 5.3142e-06 9.9286e-01 9.9962e+04 5.3121e-01 2.4821e+00
3.5490e+01 9.9953e+04 6.3845e-06 9.9157e-01 9.9953e+04 6.3815e-01 2.4789e+00
3.5882e+01 9.9943e+04 7.6375e-06 9.9009e-01 9.9943e+04 7.6331e-01 2.4752e+00
3.6275e+01 9.9931e+04 9.0975e-06 9.8840e-01 9.9931e+04 9.0912e-01 2.4710e+00
3.6667e+01 9.9917e+04 1.0791e-05 9.8649e-01 9.9917e+04 1.0782e+00 2.4662e+00
3.7059e+01 9.9900e+04 1.2746e-05 9.8433e-01 9.9900e+04 1.2733e+00 2.4608e+00
3.7451e+01 9.9881e+04 1.4992e-05 9.8191e-01 9.9881e+04 1.4974e+00 2.4548e+00
3.7843e+01 9.9858e+04 1.7562e-05 9.7920e-01 9.9858e+04 1.7537e+00 2.4480e+00
3.8235e+01 9.9832e+04 2.0488e-05 9.7618e-01 9.9832e+04 2.0454e+00 2.4405e+00
3.8627e+01 9.9802e+04 2.3806e-05 9.7285e-01 9.9802e+04 2.3758e+00 2.4322e+00
3.9020e+01 9.9767e+04 2.7549e-05 9.6918e-01 9.9767e+04 2.7485e+00 2.4230e+00
3.9412e+01 9.9726e+04 3.1756e-05 9.6516e-01 9.9726e+04 3.1669e+00 2.4130e+00
3.9804e+01 9.9681e+04 3.6463e-05 9.6078e-01 9.9681e+04 3.6346e+00 2.4020e+00
4.0196e+01 9.9629e+04 4.1705e-05 9.5602e-01 9.9629e+04 4.1550e+00 2.3901e+00
4.0588e+01 9.9570e+04 4.7519e-05 9.5089e-01 9.9570e+04 4.7314e+00 2.3773e+00
4.0980e+01 9.9503e+04 5.3940e-05 9.4537e-01 9.9503e+04 5.3672e+00 2.3636e+00
4.1373e+01 9.9428e+04 6.1003e-05 9.3947e-01 9.9428e+04 6.0654e+00 2.3489e+00
4.1765e+01 9.9345e+04 6.8738e-05 9.3319e-01 9.9345e+04 6.8287e+00 2.3332e+00
4.2157e+01 9.9252e+04 7.7175e-05 9.2654e-01 9.9252e+04 7.6597e+00 2.3166e+00
4.2549e+01 9.9148e+04 8.6341e-05 9.1953e-01 9.9148e+04 8.5605e+00 2.2992e+00
4.2941e+01 9.9034e+04 9.6258e-05 9.1217e-01 9.9034e+04 9.5328e+00 2.2809e+00
4.3333e+01 9.8908e+04 1.0694e-04 9.0449e-01 9.8908e+04 1.0578e+01 2.2618e+00
4.3725e+01 9.8769e+04 1.1842e-04 8.9650e-01 9.8769e+04 1.1696e+01 2.2420e+00
4.4118e+01 9.8618e+04 1.3067e-04 8.8824e-01 9.8618e+04 1.2887e+01 2.2214e+00
4.4510e+01 9.8454e+04 1.4380e-04 8.7975e-01 9.8454e+04 1.4158e+01 2.2004e+00
4.4902e+01 9.8269e+04 1.5745e-04 8.7096e-01 9.8269e+04 1.5472e+01 2.1786e+00
4.5294e+01 9.8096e+04 1.7283e-04 8.6233e-01 9.8096e+04 1.6954e+01 2.1573e+00
4.5686e+01 9.7825e+04 1.8606e-04 8.5255e-01 9.7825e+04 1.8201e+01 2.1331e+00
4.6078e+01 9.7770e+04 2.0827e-04 8.4551e-01 9.7770e+04 2.0363e+01 2.1159e+00
4.6471e+01 9.7118e+04 2.1055e-04 8.3140e-01 9.7118e+04 2.0449e+01 2.0806e+00
4.6863e+01 9.7728e+04 2.5876e-04 8.3257e-01 9.7728e+04 2.5289e+01 2.0847e+00
4.7255e+01 9.5913e+04 2.2226e-04 8.0519e-01 9.5913e+04 2.1318e+01 2.0153e+00
4.7647e+01 9.7860e+04 3.1948e-04 8.2220e-01 9.7860e+04 3.1264e+01 2.0605e+00
4.8039e+01 9.5069e+04 2.5252e-04 7.8485e-01 9.5069e+04 2.4007e+01 1.9652e+00
4.8431e+01 9.6619e+04 3.3774e-04 7.9734e-01 9.6619e+04 3.2632e+01 1.9989e+00
4.8824e+01 9.5823e+04 3.3258e-04 7.8051e-01 9.5823e+04 3.1869e+01 1.9566e+00
4.9216e+01 9.1594e+04 3.5942e-04 7.7423e-01 9.1594e+04 3.2921e+01 1.9415e+00
4.9608e+01 1.1884e+05 3.6727e-04 7.6106e-01 1.1884e+05 4.3646e+01 1.9107e+00
5.0000e+01 3.4320e+04 3.9388e-04 7.5947e-01 3.4320e+04 1.3518e+01 1.9013e+00
5.0392e+01 1.2523e+04 4.2405e-04 7.5763e-01 1.2523e+04 5.3105e+00 1.8952e+00
5.0784e+01 9.3332e+03 4.7176e-04 7.5212e-01 9.3332e+03 4.4030e+00 1.8813e+00
5.1176e+01 9.6828e+03 6.2582e-04 7.5538e-01 9.6828e+03 6.0597e+00 1.8904e+00
5.1569e+01 1.0212e+04 7.8122e-04 7.6108e-01 1.0212e+04 7.9780e+00 1.9058e+00
5.1961e+01 1.0764e+04 8.2796e-04 7.5732e-01 1.0764e+04 8.9124e+00 1.8970e+00
5.2353e+01 1.1026e+04 8.3158e-04 7.5057e-01 1.1026e+04 9.1689e+00 1.8802e+00
5.2745e+01 1.1365e+04 8.9852e-04 7.5165e-01 1.1365e+04 1.0211e+01 1.8837e+00
5.3137e+01 1.1613e+04 1.0106e-03 7.5873e-01 1.1613e+04 1.1737e+01 1.9028e+00
5.3529e+01 1.1857e+04 1.0973e-03 7.6373e-01 1.1857e+04 1.3011e+01 1.9165e+00
5.3922e+01 1.1956e+04 1.1228e-03 7.6248e-01 1.1956e+04 1.3424e+01 1.9137e+00
5.4314e+01 1.2019e+04 1.1048e-03 7.5684e-01 1.2019e+04 1.3279e+01 1.8994e+00
5.4706e+01 1.2059e+04 1.0908e-03 7.5040e-01 1.2059e+04 1.3154e+01 1.8832e+00
5.5098e+01 1.2177e+04 1.1336e-03 7.5113e-01 1.2177e+04 1.3803e+01 1.8857e+00
5.5490e+01 1.2351e+04 1.2374e-03 7.5948e-01 1.2351e+04 1.5283e+01 1.9081e+00
5.5882e+01 1.2557e+04 1.3639e-03 7.7107e-01 1.2557e+04 1.7126e+01 1.9394e+00
5.6275e+01 1.2730e+04 1.4739e-03 7.8129e-01 1.2730e+04 1.8762e+01 1.9670e+00
5.6667e+01 1.2855e+04 1.5479e-03 7.8764e-01 1.2855e+04 1.9897e+01 1.9845e+00
5.7059e+01 1.2924e+04 1.5863e-03 7.9002e-01 1.2924e+04 2.0501e+01 1.9913e+00
5.7451e+01 1.2958e+04 1.6002e-03 7.8962e-01 1.2958e+04 2.0736e+01 1.9906e+00
5.7843e+01 1.2972e+04 1.6018e-03 7.8786e-01 1.2972e+04 2.0778e+01 1.9863e+00
5.8235e+01 1.2979e+04 1.5991e-03 7.8568e-01 1.2979e+04 2.0754e+01 1.9808e+00
5.8627e+01 1.2983e+04 1.5952e-03 7.8336e-01 1.2983e+04 2.0710e+01 1.9749e+00
5.9020e+01 1.2987e+04 1.5907e-03 7.8095e-01 1.2987e+04 2.0659e+01 1.9688e+00
5.9412e+01 1.2990e+04 1.5859e-03 7.7844e-01 1.2990e+04 2.0600e+01 1.9624e+00
5.9804e+01 1.2992e+04 1.5805e-03 7.7583e-01 1.2992e+04 2.0535e+01 1.9558e+00
6.0196e+01 1.2994e+04 1.5748e-03 7.7313e-01 1.2994e+04 2.0463e+01 1.9489e+00
6.0588e+01 1.2996e+04 1.5686e-03 7.7032e-01 1.2996e+04 2.0386e+01 1.9418e+00
6.0980e+01 1.2997e+04 1.5620e-03 7.6741e-01 1.2997e+04 2.0302e+01 1.9344e+00
6.1373e+01 1.2998e+04 1.5550e-03 7.6440e-01 1.2998e+04 2.0213e+01 1.9267e+00
6.1765e+01 1.2999e+04 1.5476e-03 7.6127e-01 1.2999e+04 2.0117e+01 1.9187e+00
6.2157e+01 1.2999e+04 1.5397e-03 7.5802e-01 1.2999e+04 2.0015e+01 1.9105e+00
6.2549e+01 1.2999e+04 1.5315e-03 7.5466e-01 1.2999e+04 1.9908e+01 1.9019e+00
6.2941e+01 1.2998e+04 1.5228e-03 7.5117e-01 1.2998e+04 1.9794e+01 1.8930e+00
6.3333e+01 1.2998e+04 1.5137e-03 7.4756e-01 1.2998e+04 1.9675e+01 1.8838e+00
6.3725e+01 1.2996e+04 1.5042e-03 7.4382e-01 1.2996e+04 1.9550e+01 1.8742e+00
6.4118e+01 1.2995e+04 1.4943e-03 7.3994e-01 1.2995e+04 1.9418e+01 1.8644e+00
6.4510e+01 1.2993e+04 1.4839e-03 7.3592e-01 1.2993e+04 1.9281e+01 1.8541e+00
6.4902e+01 1.2991e+04 1.4732e-03 7.3177e-01 1.2991e+04 1.9138e+01 1.8435e+00
6.5294e+01 1.2989e+04 1.4620e-03 7.2746e-01 1.2989e+04 1.8989e+01 1.8325e+00
6.5686e+01 1.2986e+04 1.4503e-03 7.2301e-01 1.2986e+04 1.8835e+01 1.8212e+00
6.6078e+01 1.2984e+04 1.4383e-03 7.1840e-01 1.2984e+04 1.8674e+01 1.8094e+00
6.6471e+01 1.2980e+04 1.4258e-03 7.1363e-01 1.2980e+04 1.8507e+01 1.7973e+00
6.6863e+01 1.2977e+04 1.4128e-03 7.0871e-01 1.2977e+04 1.8334e+01 1.7847e+00
6.7255e+01 1.2973e+04 1.3994e-03 7.0361e-01 1.2973e+04 1.8156e+01 1.7717e+00
6.7647e+01 1.2969e+04 1.3856e-03 6.9835e-01 1.2969e+04 1.7971e+01 1.7583e+00
6.8039e+01 1.2965e+04 1.3714e-03 6.9291e-01 1.2965e+04 1.7780e+01 1.7445e+00
6.8431e+01 1.2961e+04 1.3566e-03 6.8729e-01 1.2961e+04 1.7583e+01 1.7302e+00
6.8824e+01 1.2956e+04 1.3415e-03 6.8150e-01 1.2956e+04 1.7381e+01 1.7154e+00
6.9216e+01 1.2952e+04 1.3258e-03 6.7551e-01 1.2952e+04 1.7172e+01 1.7002e+00
6.9608e+01 1.2946e+04 1.3098e-03 6.6934e-01 1.2946e+04 1.6957e+01 1.6845e+00
7.0000e+01 1.2941e+04 1.2932e-03 6.6297e-01 1.2941e+04 1.6736e+01 1.6683e+00
7.0392e+01 1.2936e+04 1.2762e-03 6.5641e-01 1.2936e+04 1.6508e+01 1.6516e+00
7.0784e+01 1.2930e+04 1.2587e-03 6.4964e-01 1.2930e+04 1.6275e+01 1.6343e+00
7.1176e+01 1.2924e+04 1.2408e-03 6.4267e-01 1.2924e+04 1.6036e+01 1.6166e+00
7.1569e+01 1.2918e+04 1.2224e-03 6.3549e-01 1.2918e+04 1.5790e+01 1.5984e+00
7.1961e+01 1.2911e+04 1.2035e-03 6.2810e-01 1.2911e+04 1.5538e+01 1.5796e+00
7.2353e+01 1.2905e+04 1.1841e-03 6.2049e-01 1.2905e+04 1.5280e+01 1.5603e+00
7.2745e+01 1.2898e+04 1.1642e-03 6.1266e-01 1.2898e+04 1.5016e+01 1.5404e+00
7.3137e+01 1.2891e+04 1.1439e-03 6.0460e-01 1.2891e+04 1.4746e+01 1.5199e+00
7.3529e+01 1.2884e+04 1.1231e-03 5.9632e-01 1.2884e+04 1.4469e+01 1.4989e+00
7.3922e+01 1.2876e+04 1.1018e-03 5.8780e-01 1.2876e+04 1.4186e+01 1.4773e+00
7.4314e+01 1.2869e+04 1.0799e-03 5.7904e-01 1.2869e+04 1.3897e+01 1.4551e+00
7.4706e+01 1.2861e+04 1.0576e-03 5.7004e-01 1.2861e+04 1.3602e+01 1.4323e+00
7.5098e+01 1.2853e+04 1.0348e-03 5.6079e-01 1.2853e+04 1.3300e+01 1.4089e+00
7.5490e+01 1.2845e+04 1.0114e-03 5.5129e-01 1.2845e+04 1.2992e+01 1.3848e+00
7.5882e+01 1.2836e+04 9.8758e-04 5.4153e-01 1.2836e+04 1.2677e+01 1.3601e+00
7.6275e+01 1.2828e+04 9.6320e-04 5.3151e-01 1.2828e+04 1.2356e+01 1.3347e+00
7.6667e+01 1.2819e+04 9.3828e-04 5.2122e-01 1.2819e+04 1.2028e+01 1.3087e+00
7.7059e+01 1.2810e+04 9.1282e-04 5.1065e-01 1.2810e+04 1.1693e+01 1.2820e+00
7.7451e+01 1.2801e+04 8.8681e-04 4.9980e-01 1.2801e+04 1.1352e+01 1.2545e+00
7.7843e+01 1.2791e+04 8.6025e-04 4.8865e-01 1.2791e+04 1.1004e+01 1.2264e+00
7.8235e+01 1.2782e+04 8.3312e-04 4.7721e-01 1.2782e+04 1.0649e+01 1.1975e+00
7.8627e+01 1.2772e+04 8.0541e-04 4.6547e-01 1.2772e+04 1.0287e+01 1.1678e+00
7.9020e+01 1.2762e+04 7.7712e-04 4.5341e-01 1.2762e+04 9.9178e+00 1.1374e+00
7.9412e+01 1.2752e+04 7.4824e-04 4.4103e-01 1.2752e+04 9.5416e+00 1.1061e+00
7.9804e+01 1.2742e+04 7.1875e-04 4.2832e-01 1.2742e+04 9.1581e+00 1.0741e+00
8.0196e+01 1.2731e+04 6.8865e-04 4.1527e-01 1.2731e+04 8.7673e+00 1.0412e+00
8.0588e+01 1.2720e+04 6.5791e-04 4.0188e-01 1.2720e+04 8.3690e+00 1.0074e+00
8.0980e+01 1.2710e+04 6.2654e-04 3.8812e-01 1.2710e+04 7.9631e+00 9.7280e-01
8.1373e+01 1.2699e+04 5.9452e-04 3.7400e-01 1.2699e+04 7.5496e+00 9.3725e-01
8.1765e+01 1.2687e+04 5.6184e-04 3.5951e-01 1.2687e+04 7.1282e+00 9.0077e-01
8.2157e+01 1.2676e+04 5.2848e-04 3.4462e-01 1.2676e+04 6.6989e+00 8.6332e-01
8.2549e+01 1.2664e+04 4.9443e-04 3.2934e-01 1.2664e+04 6.2615e+00 8.2489e-01
8.2941e+01 1.2652e+04 4.5968e-04 3.1364e-01 1.2652e+04 5.8160e+00 7.8545e-01
8.3333e+01 1.2640e+04 4.2421e-04 2.9753e-01 1.2640e+04 5.3621e+00 7.4496e-01
8.3725e+01 1.2628e+04 3.8801e-04 2.8098e-01 1.2628e+04 4.8998e+00 7.0341e-01
8.4118e+01 1.2615e+04 3.5107e-04 2.6399e-01 1.2615e+04 4.4290e+00 6.6075e-01
8.4510e+01 1.2603e+04 3.1338e-04 2.4654e-01 1.2603e+04 3.9495e+00 6.1698e-01
8.4902e+01 1.2590e+04 2.7494e-04 2.2864e-01 1.2590e+04 3.4615e+00 5.7207e-01
8.5294e+01 1.2577e+04 2.3582e-04 2.1030e-01 1.2577e+04 2.9660e+00 5.2610e-01
8.5686e+01 1.2564e+04 1.9625e-04 1.9163e-01 1.2564e+04 2.4657e+00 4.7931e-01
8.6078e+01 1.2551e+04 1.5678e-04 1.7289e-01 1.2551e+04 1.9678e+00 4.3239e-01
8.6471e+01 1.2539e+04 1.1860e-04 1.5469e-01 1.2539e+04 1.4870e+00 3.8682e-01
8.6863e+01 1.2527e+04 8.3626e-05 1.3804e-01 1.2527e+04 1.0476e+00 3.4515e-01
8.7255e+01 1.2518e+04 5.4199e-05 1.2417e-01 1.2518e+04 6.7845e-01 3.1045e-01
8.7647e+01 1.2511e+04 3.2044e-05 1.1395e-01 1.2511e+04 4.0090e-01 2.8489e-01
8.8039e+01 1.2506e+04 1.7342e-05 1.0737e-01 1.2506e+04 2.1687e-01 2.6844e-01
8.8431e+01 1.2503e+04 8.7152e-06 1.0364e-01 1.2503e+04 1.0897e-01 2.5909e-01
8.8824e+01 1.2501e+04 4.1521e-06 1.0171e-01 1.2501e+04 5.1908e-02 2.5428e-01
8.9216e+01 1.2501e+04 1.9128e-06 1.0078e-01 1.2501e+04 2.3911e-02 2.5196e-01
8.9608e+01 1.2500e+04 8.6441e-07 1.0035e-01 1.2500e+04 1.0805e-02 2.5088e-01
9.0000e+01 1.2500e+04 3.8658e-07 1.0016e-01 1.2500e+04 4.8323e-03 2.5040e-01
9.0392e+01 1.2500e+04 1.7187e-07 1.0007e-01 1.2500e+04 2.1484e-03 2.5018e-01
9.0784e+01 1.2500e+04 7.6132e-08 1.0003e-01 1.2500e+04 9.5165e-04 2.5008e-01
9.1176e+01 1.2500e+04 3.3634e-08 1.0001e-01 1.2500e+04 4.2043e-04 2.5003e-01
9.1569e+01 1.2500e+04 1.4826e-08 1.0001e-01 1.2500e+04 1.8533e-04 2.5002e-01
9.1961e+01 1.2500e+04 6.5227e-09 1.0000e-01 1.2500e+04 8.1533e-05 2.5001e-01
9.2353e+01 1.2500e+04 2.8641e-09 1.0000e-01 1.2500e+04 3.5801e-05 2.5000e-01
9.2745e+01 1.2500e+04 1.2552e-09 1.0000e-01 1.2500e+04 1.5690e-05 2.5000e-01
9.3137e+01 1.2500e+04 5.4909e-10 1.0000e-01 1.2500e+04 6.8636e-06 2.5000e-01
9.3529e+01 1.2500e+04 2.3974e-10 1.0000e-01 1.2500e+04 2.9968e-06 2.5000e-01
9.3922e+01 1.2500e+04 1.0448e-10 1.0000e-01 1.2500e+04 1.3060e-06 2.5000e-01
9.4314e+01 1.2500e+04 4.5446e-11 1.0000e-01 1.2500e+04 5.6808e-07 2.5000e-01
9.4706e+01 1.2500e+04 1.9730e-11 1.0000e-01 1.2500e+04 2.4663e-07 2.5000e-01
9.5098e+01 1.2500e+04 8.5494e-12 1.0000e-01 1.2500e+04 1.0687e-07 2.5000e-01
9.5490e+01 1.2500e+04 3.6975e-12 1.0000e-01 1.2500e+04 4.6219e-08 2.5000e-01
9.5882e+01 1.2500e+04 1.5960e-12 1.0000e-01 1.2500e+04 1.9950e-08 2.5000e-01
9.6275e+01 1.2500e+04 6.8758e-13 1.0000e-01 1.2500e+04 8.5947e-09 2.5000e-01
9.6667e+01 1.2500e+04 2.9563e-13 1.0000e-01 1.2500e+04 3.6954e-09 2.5000e-01
9.7059e+01 1.2500e+04 1.2686e-13 1.0000e-01 1.2500e+04 1.5858e-09 2.5000e-01
9.7451e+01 1.2500e+04 5.4330e-14 1.0000e-01 1.2500e+04 6.7912e-10 2.5000e-01
9.7843e+01 1.2500e+04 2.3220e-14 1.0000e-01 1.2500e+04 2.9025e-10 2.5000e-01
9.8235e+01 1.2500e+04 9.9036e-15 1.0000e-01 1.2500e+04 1.2380e-10 2.5000e-01
9.8627e+01 1.2500e+04 4.2153e-15 1.0000e-01 1.2500e+04 5.2691e-11 2.5000e-01
9.9020e+01 1.2500e+04 1.7931e-15 1.0000e-01 1.2500e+04 2.2414e-11 2.5000e-01
9.9412e+01 1.2500e+04 7.6908e-16 1.0000e-01 1.2500e+04 9.6136e-12 2.5000e-01
9.9804e+01 1.2500e+04 3.5893e-16 1.0000e-01 1.2500e+04 4.4866e-12 2.5000e-01
