# # x Density Velocity Pressure q0 q1 q2
1.9608e-01 1.0000e+05 0.0000e+00 1.0000e+00 1.0000e+05 0.0000e+00 2.5000e+00
5.8824e-01 1.0000e+05 0.0000e+00 1.0000e+00 1.0000e+05 0.0000e+00 2.5000e+00
9.8039e-01 1.0000e+05 0.0000e+00 1.0000e+00 1.0000e+05 0.0000e+00 2.5000e+00
1.3725e+00 1.0000e+05 0.0000e+00 1.0000e+00 1.0000e+05 0.0000e+00 2.5000e+00
1.7647e+00 1.0000e+05 0.0000e+00 1.0000e+00 1.0000e+05 0.0000e+00 2.5000e+00
2.1569e+00 1.0000e+05 0.0000e+00 1.0000e+00 1.0000e+05 0.0000e+00 2.5000e+00
2.5490e+00 1.0000e+05 0.0000e+00 1.0000e+00 1.0000e+05 0.0000e+00 2.5000e+00
2.9412e+00 1.0000e+05 0.0000e+00 1.0000e+00 1.0000e+05 0.0000e+00 2.5000e+00
3.3333e+00 1.0000e+05 0.0000e+00 1.0000e+00 1.0000e+05 0.0000e+00 2.5000e+00
3.7255e+00 1.0000e+05 2.8962e-19 1.0000e+00 1.0000e+05 2.8962e-14 2.5000e+00
4.1176e+00 1.0000e+05 1.8156e-18 1.0000e+00 1.0000e+05 1.8156e-13 2.5000e+00
4.5098e+00 1.0000e+05 5.3020e-18 1.0000e+00 1.0000e+05 5.3020e-13 2.5000e+00
4.9020e+00 1.0000e+05 1.0734e-17 1.0000e+00 1.0000e+05 1.0734e-12 2.5000e+00
5.2941e+00 1.0000e+05 1.8121e-17 1.0000e+00 1.0000e+05 1.8121e-12 2.5000e+00
5.6863e+00 1.0000e+05 2.8286e-17 1.0000e+00 1.0000e+05 2.8286e-12 2.5000e+00
6.0784e+00 1.0000e+05 4.3340e-17 1.0000e+00 1.0000e+05 4.3340e-12 2.5000e+00
6.4706e+00 1.0000e+05 6.6065e-17 1.0000e+00 1.0000e+05 6.6065e-12 2.5000e+00
6.8627e+00 1.0000e+05 1.0196e-16 1.0000e+00 1.0000e+05 1.0196e-11 2.5000e+00
7.2549e+00 1.0000e+05 1.5974e-16 1.0000e+00 1.0000e+05 1.5974e-11 2.5000e+00
7.6471e+00 1.0000e+05 2.5301e-16 1.0000e+00 1.0000e+05 2.5301e-11 2.5000e+00
8.0392e+00 1.0000e+05 4.0477e-16 1.0000e+00 1.0000e+05 4.0477e-11 2.5000e+00
8.4314e+00 1.0000e+05 6.5104e-16 1.0000e+00 1.0000e+05 6.5104e-11 2.5000e+00
8.8235e+00 1.0000e+05 1.0488e-15 1.0000e+00 1.0000e+05 1.0488e-10 2.5000e+00
9.2157e+00 1.0000e+05 1.6891e-15 1.0000e+00 1.0000e+05 1.6891e-10 2.5000e+00
9.6078e+00 1.0000e+05 2.7153e-15 1.0000e+00 1.0000e+05 2.7153e-10 2.5000e+00
1.0000e+01 1.0000e+05 4.3525e-15 1.0000e+00 1.0000e+05 4.3525e-10 2.5000e+00
1.0392e+01 1.0000e+05 6.9532e-15 1.0000e+00 1.0000e+05 6.9532e-10 2.5000e+00
1.0784e+01 1.0000e+05 1.1066e-14 1.0000e+00 1.0000e+05 1.1066e-09 2.5000e+00
1.1176e+01 1.0000e+05 1.7539e-14 1.0000e+00 1.0000e+05 1.7539e-09 2.5000e+00
1.1569e+01 1.0000e+05 2.7681e-14 1.0000e+00 1.0000e+05 2.7681e-09 2.5000e+00
1.1961e+01 1.0000e+05 4.3499e-14 1.0000e+00 1.0000e+05 4.3499e-09 2.5000e+00
1.2353e+01 1.0000e+05 6.8055e-14 1.0000e+00 1.0000e+05 6.8055e-09 2.5000e+00
1.2745e+01 1.0000e+05 1.0601e-13 1.0000e+00 1.0000e+05 1.0601e-08 2.5000e+00
1.3137e+01 1.0000e+05 1.6439e-13 1.0000e+00 1.0000e+05 1.6439e-08 2.5000e+00
1.3529e+01 1.0000e+05 2.5379e-13 1.0000e+00 1.0000e+05 2.5379e-08 2.5000e+00
1.3922e+01 1.0000e+05 3.9007e-13 1.0000e+00 1.0000e+05 3.9007e-08 2.5000e+00
1.4314e+01 1.0000e+05 5.9685e-13 1.0000e+00 1.0000e+05 5.9685e-08 2.5000e+00
1.4706e+01 1.0000e+05 9.0916e-13 1.0000e+00 1.0000e+05 9.0916e-08 2.5000e+00
1.5098e+01 1.0000e+05 1.3787e-12 1.0000e+00 1.0000e+05 1.3787e-07 2.5000e+00
1.5490e+01 1.0000e+05 2.0813e-12 1.0000e+00 1.0000e+05 2.0813e-07 2.5000e+00
1.5882e+01 1.0000e+05 3.1278e-12 1.0000e+00 1.0000e+05 3.1278e-07 2.5000e+00
1.6275e+01 1.0000e+05 4.6794e-12 1.0000e+00 1.0000e+05 4.6794e-07 2.5000e+00
1.6667e+01 1.0000e+05 6.9693e-12 1.0000e+00 1.0000e+05 6.9693e-07 2.5000e+00
1.7059e+01 1.0000e+05 1.0333e-11 1.0000e+00 1.0000e+05 1.0333e-06 2.5000e+00
1.7451e+01 1.0000e+05 1.5250e-11 1.0000e+00 1.0000e+05 1.5250e-06 2.5000e+00
1.7843e+01 1.0000e+05 2.2406e-11 1.0000e+00 1.0000e+05 2.2406e-06 2.5000e+00
1.8235e+01 1.0000e+05 3.2771e-11 1.0000e+00 1.0000e+05 3.2771e-06 2.5000e+00
1.8627e+01 1.0000e+05 4.7714e-11 1.0000e+00 1.0000e+05 4.7714e-06 2.5000e+00
1.9020e+01 1.0000e+05 6.9154e-11 1.0000e+00 1.0000e+05 6.9154e-06 2.5000e+00
1.9412e+01 1.0000e+05 9.9774e-11 1.0000e+00 1.0000e+05 9.9774e-06 2.5000e+00
1.9804e+01 1.0000e+05 1.4330e-10 1.0000e+00 1.0000e+05 1.4330e-05 2.5000e+00
2.0196e+01 1.0000e+05 2.0487e-10 1.0000e+00 1.0000e+05 2.0487e-05 2.5000e+00
2.0588e+01 1.0000e+05 2.9157e-10 1.0000e+00 1.0000e+05 2.9157e-05 2.5000e+00
2.0980e+01 1.0000e+05 4.1307e-10 1.0000e+00 1.0000e+05 4.1307e-05 2.5000e+00
2.1373e+01 1.0000e+05 5.8253e-10 1.0000e+00 1.0000e+05 5.8253e-05 2.5000e+00
2.1765e+01 1.0000e+05 8.1776e-10 1.0000e+00 1.0000e+05 8.1776e-05 2.5000e+00
2.2157e+01 1.0000e+05 1.1427e-09 1.0000e+00 1.0000e+05 1.1427e-04 2.5000e+00
2.2549e+01 1.0000e+05 1.5896e-09 1.0000e+00 1.0000e+05 1.5896e-04 2.5000e+00
2.2941e+01 1.0000e+05 2.2010e-09 1.0000e+00 1.0000e+05 2.2010e-04 2.5000e+00
2.3333e+01 1.0000e+05 3.0338e-09 9.9999e-01 1.0000e+05 3.0338e-04 2.5000e+00
2.3725e+01 1.0000e+05 4.1625e-09 9.9999e-01 1.0000e+05 4.1625e-04 2.5000e+00
2.4118e+01 1.0000e+05 5.6851e-09 9.9999e-01 1.0000e+05 5.6851e-04 2.5000e+00
2.4510e+01 1.0000e+05 7.7291e-09 9.9998e-01 1.0000e+05 7.7291e-04 2.5000e+00
2.4902e+01 1.0000e+05 1.0460e-08 9.9998e-01 1.0000e+05 1.0460e-03 2.4999e+00
2.5294e+01 1.0000e+05 1.4091e-08 9.9997e-01 1.0000e+05 1.4091e-03 2.4999e+00
2.5686e+01 1.0000e+05 1.8896e-08 9.9996e-01 1.0000e+05 1.8896e-03 2.4999e+00
2.6078e+01 1.0000e+05 2.5224e-08 9.9995e-01 1.0000e+05 2.5224e-03 2.4999e+00
2.6471e+01 1.0000e+05 3.3517e-08 9.9994e-01 1.0000e+05 3.3517e-03 2.4998e+00
2.6863e+01 1.0000e+05 4.4333e-08 9.9992e-01 1.0000e+05 4.4333e-03 2.4998e+00
2.7255e+01 1.0000e+05 5.8373e-08 9.9989e-01 1.0000e+05 5.8373e-03 2.4997e+00
2.7647e+01 1.0000e+05 7.6509e-08 9.9986e-01 1.0000e+05 7.6509e-03 2.4997e+00
2.8039e+01 9.9999e+04 9.9824e-08 9.9982e-01 9.9999e+04 9.9823e-03 2.4996e+00
2.8431e+01 9.9999e+04 1.2965e-07 9.9977e-01 9.9999e+04 1.2965e-02 2.4994e+00
2.8824e+01 9.9999e+04 1.6763e-07 9.9971e-01 9.9999e+04 1.6763e-02 2.4993e+00
2.9216e+01 9.9999e+04 2.1575e-07 9.9964e-01 9.9999e+04 2.1575e-02 2.4991e+00
2.9608e+01 9.9998e+04 2.7643e-07 9.9954e-01 9.9998e+04 2.7642e-02 2.4988e+00
3.0000e+01 9.9998e+04 3.5257e-07 9.9942e-01 9.9998e+04 3.5257e-02 2.4986e+00
3.0392e+01 9.9997e+04 4.4767e-07 9.9928e-01 9.9997e+04 4.4766e-02 2.4982e+00
3.0784e+01 9.9996e+04 5.6586e-07 9.9910e-01 9.9996e+04 5.6584e-02 2.4977e+00
3.1176e+01 9.9996e+04 7.1206e-07 9.9888e-01 9.9996e+04 7.1203e-02 2.4972e+00
3.1569e+01 9.9994e+04 8.9203e-07 9.9862e-01 9.9994e+04 8.9198e-02 2.4966e+00
3.1961e+01 9.9993e+04 1.1125e-06 9.9831e-01 9.9993e+04 1.1124e-01 2.4958e+00
3.2353e+01 9.9991e+04 1.3813e-06 9.9793e-01 9.9991e+04 1.3812e-01 2.4948e+00
3.2745e+01 9.9989e+04 1.7075e-06 9.9748e-01 9.9989e+04 1.7073e-01 2.4937e+00
3.3137e+01 9.9986e+04 2.1014e-06 9.9695e-01 9.9986e+04 2.1011e-01 2.4924e+00
3.3529e+01 9.9982e+04 2.5749e-06 9.9633e-01 9.9982e+04 2.5744e-01 2.4908e+00
3.3922e+01 9.9978e+04 3.1413e-06 9.9559e-01 9.9978e+04 3.1406e-01 2.4890e+00
3.4314e+01 9.9973e+04 3.8156e-06 9.9473e-01 9.9973e+04 3.8146e-01 2.4868e+00
3.4706e+01 9.9967e+04 4.6147e-06 9.9374e-01 9.9967e+04 4.6132e-01 2.4843e+00
3.5098e+01 9.9960e+04 5.5571e-06 9.9259e-01 9.9960e+04 5.5549e-01 2.4815e+00
3.5490e+01 9.9951e+04 6.6635e-06 9.9127e-01 9.9951e+04 6.6603e-01 2.4782e+00
3.5882e+01 9.9940e+04 7.9564e-06 9.8975e-01 9.9940e+04 7.9516e-01 2.4744e+00
3.6275e+01 9.9928e+04 9.4601e-06 9.8803e-01 9.9928e+04 9.4532e-01 2.4701e+00
3.6667e+01 9.9913e+04 1.1201e-05 9.8608e-01 9.9913e+04 1.1191e+00 2.4652e+00
3.7059e+01 9.9896e+04 1.3207e-05 9.8388e-01 9.9896e+04 1.3194e+00 2.4597e+00
3.7451e+01 9.9876e+04 1.5509e-05 9.8142e-01 9.9876e+04 1.5490e+00 2.4536e+00
3.7843e+01 9.9853e+04 1.8138e-05 9.7867e-01 9.9853e+04 1.8111e+00 2.4467e+00
3.8235e+01 9.9826e+04 2.1127e-05 9.7562e-01 9.9826e+04 2.1090e+00 2.4391e+00
3.8627e+01 9.9794e+04 2.4511e-05 9.7224e-01 9.9794e+04 2.4460e+00 2.4306e+00
3.9020e+01 9.9758e+04 2.8324e-05 9.6853e-01 9.9758e+04 2.8255e+00 2.4214e+00
3.9412e+01 9.9717e+04 3.2602e-05 9.6448e-01 9.9717e+04 3.2510e+00 2.4112e+00
3.9804e+01 9.9670e+04 3.7383e-05 9.6006e-01 9.9670e+04 3.7259e+00 2.4002e+00
4.0196e+01 9.9617e+04 4.2700e-05 9.5527e-01 9.9617e+04 4.2537e+00 2.3883e+00
4.0588e+01 9.9557e+04 4.8591e-05 9.5011e-01 9.9557e+04 4.8376e+00 2.3754e+00
4.0980e+01 9.9489e+04 5.5090e-05 9.4457e-01 9.9489e+04 5.4808e+00 2.3616e+00
4.1373e+01 9.9413e+04 6.2229e-05 9.3864e-01 9.9413e+04 6.1864e+00 2.3468e+00
4.1765e+01 9.9328e+04 7.0039e-05 9.3235e-01 9.9328e+04 6.9569e+00 2.3311e+00
4.2157e+01 9.9234e+04 7.8550e-05 9.2569e-01 9.9234e+04 7.7948e+00 2.3145e+00
4.2549e+01 9.9129e+04 8.7786e-05 9.1867e-01 9.9129e+04 8.7022e+00 2.2971e+00
4.2941e+01 9.9013e+04 9.7771e-05 9.1131e-01 9.9013e+04 9.6806e+00 2.2788e+00
4.3333e+01 9.8886e+04 1.0852e-04 9.0364e-01 9.8886e+04 1.0731e+01 2.2597e+00
4.3725e+01 9.8746e+04 1.2005e-04 8.9567e-01 9.8746e+04 1.1855e+01 2.2399e+00
4.4118e+01 9.8593e+04 1.3236e-04 8.8742e-01 9.8593e+04 1.3049e+01 2.2194e+00
4.4510e+01 9.8428e+04 1.4553e-04 8.7896e-01 9.8428e+04 1.4325e+01 2.1984e+00
4.4902e+01 9.8241e+04 1.5920e-04 8.7019e-01 9.8241e+04 1.5639e+01 2.1767e+00
4.5294e+01 9.8068e+04 1.7468e-04 8.6162e-01 9.8068e+04 1.7131e+01 2.1555e+00
4.5686e+01 9.7790e+04 1.8772e-04 8.5182e-01 9.7790e+04 1.8357e+01 2.1313e+00
4.6078e+01 9.7747e+04 2.1043e-04 8.4498e-01 9.7747e+04 2.0569e+01 2.1146e+00
4.6471e+01 9.7068e+04 2.1176e-04 8.3060e-01 9.7068e+04 2.0555e+01 2.0787e+00
4.6863e+01 9.7719e+04 2.6147e-04 8.3233e-01 9.7719e+04 2.5551e+01 2.0842e+00
4.7255e+01 9.5852e+04 2.2314e-04 8.0441e-01 9.5852e+04 2.1389e+01 2.0134e+00
4.7647e+01 9.7832e+04 3.2151e-04 8.2185e-01 9.7832e+04 3.1454e+01 2.0597e+00
4.8039e+01 9.5057e+04 2.5515e-04 7.8476e-01 9.5057e+04 2.4253e+01 1.9650e+00
4.8431e+01 9.6538e+04 3.3800e-04 7.9654e-01 9.6538e+04 3.2630e+01 1.9969e+00
4.8824e+01 9.5819e+04 3.3494e-04 7.8045e-01 9.5819e+04 3.2093e+01 1.9565e+00
4.9216e+01 9.1474e+04 3.6144e-04 7.7413e-01 9.1474e+04 3.3063e+01 1.9413e+00
4.9608e+01 1.1903e+05 3.6865e-04 7.6079e-01 1.1903e+05 4.3882e+01 1.9101e+00
5.0000e+01 3.4712e+04 3.9462e-04 7.5903e-01 3.4712e+04 1.3698e+01 1.9003e+00
5.0392e+01 1.2617e+04 4.2852e-04 7.5783e-01 1.2617e+04 5.4066e+00 1.8957e+00
5.0784e+01 9.3267e+03 4.7336e-04 7.5211e-01 9.3267e+03 4.4149e+00 1.8813e+00
5.1176e+01 9.6467e+03 6.1512e-04 7.5414e-01 9.6467e+03 5.9339e+00 1.8872e+00
5.1569e+01 1.0182e+04 7.7722e-04 7.6048e-01 1.0182e+04 7.9138e+00 1.9043e+00
5.1961e+01 1.0752e+04 8.3745e-04 7.5811e-01 1.0752e+04 9.0040e+00 1.8991e+00
5.2353e+01 1.1014e+04 8.3737e-04 7.5095e-01 1.1014e+04 9.2226e+00 1.8812e+00
5.2745e+01 1.1340e+04 8.9063e-04 7.5053e-01 1.1340e+04 1.0099e+01 1.8808e+00
5.3137e+01 1.1585e+04 9.9796e-04 7.5707e-01 1.1585e+04 1.1561e+01 1.8984e+00
5.3529e+01 1.1838e+04 1.0921e-03 7.6293e-01 1.1838e+04 1.2928e+01 1.9144e+00
5.3922e+01 1.1952e+04 1.1277e-03 7.6296e-01 1.1952e+04 1.3479e+01 1.9150e+00
5.4314e+01 1.2022e+04 1.1151e-03 7.5804e-01 1.2022e+04 1.3405e+01 1.9026e+00
5.4706e+01 1.2055e+04 1.0965e-03 7.5108e-01 1.2055e+04 1.3218e+01 1.8850e+00
5.5098e+01 1.2157e+04 1.1257e-03 7.5022e-01 1.2157e+04 1.3684e+01 1.8833e+00
5.5490e+01 1.2318e+04 1.2188e-03 7.5727e-01 1.2318e+04 1.5012e+01 1.9023e+00
5.5882e+01 1.2521e+04 1.3429e-03 7.6851e-01 1.2521e+04 1.6815e+01 1.9326e+00
5.6275e+01 1.2701e+04 1.4573e-03 7.7919e-01 1.2701e+04 1.8510e+01 1.9615e+00
5.6667e+01 1.2836e+04 1.5385e-03 7.8636e-01 1.2836e+04 1.9748e+01 1.9811e+00
5.7059e+01 1.2915e+04 1.5834e-03 7.8948e-01 1.2915e+04 2.0449e+01 1.9899e+00
5.7451e+01 1.2955e+04 1.6014e-03 7.8956e-01 1.2955e+04 2.0746e+01 1.9905e+00
5.7843e+01 1.2971e+04 1.6048e-03 7.8803e-01 1.2971e+04 2.0817e+01 1.9868e+00
5.8235e+01 1.2980e+04 1.6027e-03 7.8592e-01 1.2980e+04 2.0802e+01 1.9815e+00
5.8627e+01 1.2984e+04 1.5990e-03 7.8365e-01 1.2984e+04 2.0761e+01 1.9757e+00
5.9020e+01 1.2988e+04 1.5947e-03 7.8128e-01 1.2988e+04 2.0712e+01 1.9697e+00
5.9412e+01 1.2991e+04 1.5900e-03 7.7882e-01 1.2991e+04 2.0656e+01 1.9635e+00
5.9804e+01 1.2994e+04 1.5848e-03 7.7627e-01 1.2994e+04 2.0593e+01 1.9570e+00
6.0196e+01 1.2996e+04 1.5792e-03 7.7361e-01 1.2996e+04 2.0524e+01 1.9502e+00
6.0588e+01 1.2998e+04 1.5732e-03 7.7086e-01 1.2998e+04 2.0449e+01 1.9432e+00
6.0980e+01 1.2999e+04 1.5668e-03 7.6801e-01 1.2999e+04 2.0367e+01 1.9360e+00
6.1373e+01 1.3000e+04 1.5600e-03 7.6506e-01 1.3000e+04 2.0280e+01 1.9285e+00
6.1765e+01 1.3001e+04 1.5527e-03 7.6199e-01 1.3001e+04 2.0187e+01 1.9207e+00
6.2157e+01 1.3001e+04 1.5451e-03 7.5881e-01 1.3001e+04 2.0088e+01 1.9126e+00
6.2549e+01 1.3001e+04 1.5370e-03 7.5552e-01 1.3001e+04 1.9983e+01 1.9042e+00
6.2941e+01 1.3001e+04 1.5286e-03 7.5211e-01 1.3001e+04 1.9873e+01 1.8955e+00
6.3333e+01 1.3000e+04 1.5197e-03 7.4857e-01 1.3000e+04 1.9756e+01 1.8864e+00
6.3725e+01 1.2999e+04 1.5104e-03 7.4491e-01 1.2999e+04 1.9634e+01 1.8771e+00
6.4118e+01 1.2998e+04 1.5007e-03 7.4112e-01 1.2998e+04 1.9506e+01 1.8674e+00
6.4510e+01 1.2996e+04 1.4906e-03 7.3719e-01 1.2996e+04 1.9372e+01 1.8574e+00
6.4902e+01 1.2994e+04 1.4800e-03 7.3312e-01 1.2994e+04 1.9232e+01 1.8470e+00
6.5294e+01 1.2992e+04 1.4691e-03 7.2891e-01 1.2992e+04 1.9086e+01 1.8363e+00
6.5686e+01 1.2990e+04 1.4577e-03 7.2456e-01 1.2990e+04 1.8935e+01 1.8252e+00
6.6078e+01 1.2987e+04 1.4459e-03 7.2005e-01 1.2987e+04 1.8777e+01 1.8137e+00
6.6471e+01 1.2984e+04 1.4336e-03 7.1539e-01 1.2984e+04 1.8614e+01 1.8018e+00
6.6863e+01 1.2981e+04 1.4210e-03 7.1057e-01 1.2981e+04 1.8445e+01 1.7895e+00
6.7255e+01 1.2977e+04 1.4079e-03 7.0559e-01 1.2977e+04 1.8270e+01 1.7768e+00
6.7647e+01 1.2973e+04 1.3943e-03 7.0045e-01 1.2973e+04 1.8089e+01 1.7637e+00
6.8039e+01 1.2969e+04 1.3803e-03 6.9513e-01 1.2969e+04 1.7902e+01 1.7502e+00
6.8431e+01 1.2965e+04 1.3659e-03 6.8964e-01 1.2965e+04 1.7709e+01 1.7362e+00
6.8824e+01 1.2961e+04 1.3510e-03 6.8398e-01 1.2961e+04 1.7510e+01 1.7218e+00
6.9216e+01 1.2956e+04 1.3357e-03 6.7813e-01 1.2956e+04 1.7305e+01 1.7069e+00
6.9608e+01 1.2951e+04 1.3199e-03 6.7209e-01 1.2951e+04 1.7094e+01 1.6915e+00
7.0000e+01 1.2946e+04 1.3037e-03 6.6587e-01 1.2946e+04 1.6877e+01 1.6757e+00
7.0392e+01 1.2940e+04 1.2870e-03 6.5945e-01 1.2940e+04 1.6654e+01 1.6594e+00
7.0784e+01 1.2935e+04 1.2698e-03 6.5284e-01 1.2935e+04 1.6425e+01 1.6425e+00
7.1176e+01 1.2929e+04 1.2522e-03 6.4603e-01 1.2929e+04 1.6190e+01 1.6252e+00
7.1569e+01 1.2923e+04 1.2342e-03 6.3901e-01 1.2923e+04 1.5949e+01 1.6074e+00
7.1961e+01 1.2916e+04 1.2156e-03 6.3178e-01 1.2916e+04 1.5701e+01 1.5890e+00
7.2353e+01 1.2910e+04 1.1966e-03 6.2434e-01 1.2910e+04 1.5448e+01 1.5701e+00
7.2745e+01 1.2903e+04 1.1771e-03 6.1668e-01 1.2903e+04 1.5188e+01 1.5507e+00
7.3137e+01 1.2896e+04 1.1571e-03 6.0881e-01 1.2896e+04 1.4923e+01 1.5307e+00
7.3529e+01 1.2889e+04 1.1367e-03 6.0071e-01 1.2889e+04 1.4651e+01 1.5101e+00
7.3922e+01 1.2882e+04 1.1157e-03 5.9238e-01 1.2882e+04 1.4373e+01 1.4890e+00
7.4314e+01 1.2875e+04 1.0943e-03 5.8382e-01 1.2875e+04 1.4088e+01 1.4673e+00
7.4706e+01 1.2867e+04 1.0724e-03 5.7502e-01 1.2867e+04 1.3798e+01 1.4449e+00
7.5098e+01 1.2859e+04 1.0499e-03 5.6598e-01 1.2859e+04 1.3501e+01 1.4220e+00
7.5490e+01 1.2851e+04 1.0270e-03 5.5669e-01 1.2851e+04 1.3198e+01 1.3985e+00
7.5882e+01 1.2843e+04 1.0036e-03 5.4715e-01 1.2843e+04 1.2888e+01 1.3743e+00
7.6275e+01 1.2834e+04 9.7960e-04 5.3735e-01 1.2834e+04 1.2572e+01 1.3495e+00
7.6667e+01 1.2826e+04 9.5511e-04 5.2729e-01 1.2826e+04 1.2250e+01 1.3241e+00
7.7059e+01 1.2817e+04 9.3010e-04 5.1696e-01 1.2817e+04 1.1921e+01 1.2980e+00
7.7451e+01 1.2808e+04 9.0455e-04 5.0636e-01 1.2808e+04 1.1585e+01 1.2711e+00
7.7843e+01 1.2798e+04 8.7846e-04 4.9547e-01 1.2798e+04 1.1243e+01 1.2436e+00
7.8235e+01 1.2789e+04 8.5181e-04 4.8429e-01 1.2789e+04 1.0894e+01 1.2154e+00
7.8627e+01 1.2779e+04 8.2459e-04 4.7282e-01 1.2779e+04 1.0538e+01 1.1864e+00
7.9020e+01 1.2770e+04 7.9681e-04 4.6104e-01 1.2770e+04 1.0175e+01 1.1567e+00
7.9412e+01 1.2760e+04 7.6845e-04 4.4896e-01 1.2760e+04 9.8051e+00 1.1262e+00
7.9804e+01 1.2750e+04 7.3949e-04 4.3655e-01 1.2750e+04 9.4281e+00 1.0949e+00
8.0196e+01 1.2739e+04 7.0993e-04 4.2381e-01 1.2739e+04 9.0439e+00 1.0627e+00
8.0588e+01 1.2729e+04 6.7976e-04 4.1074e-01 1.2729e+04 8.6524e+00 1.0298e+00
8.0980e+01 1.2718e+04 6.4896e-04 3.9732e-01 1.2718e+04 8.2535e+00 9.9598e-01
8.1373e+01 1.2707e+04 6.1753e-04 3.8355e-01 1.2707e+04 7.8470e+00 9.6129e-01
8.1765e+01 1.2696e+04 5.8546e-04 3.6941e-01 1.2696e+04 7.4329e+00 9.2569e-01
8.2157e+01 1.2685e+04 5.5272e-04 3.5489e-01 1.2685e+04 7.0110e+00 8.8917e-01
8.2549e+01 1.2673e+04 5.1932e-04 3.3999e-01 1.2673e+04 6.5813e+00 8.5169e-01
8.2941e+01 1.2661e+04 4.8523e-04 3.2470e-01 1.2661e+04 6.1436e+00 8.1324e-01
8.3333e+01 1.2649e+04 4.5044e-04 3.0900e-01 1.2649e+04 5.6978e+00 7.7377e-01
8.3725e+01 1.2637e+04 4.1494e-04 2.9288e-01 1.2637e+04 5.2437e+00 7.3328e-01
8.4118e+01 1.2625e+04 3.7872e-04 2.7633e-01 1.2625e+04 4.7813e+00 6.9172e-01
8.4510e+01 1.2613e+04 3.4175e-04 2.5933e-01 1.2613e+04 4.3104e+00 6.4907e-01
8.4902e+01 1.2600e+04 3.0405e-04 2.4189e-01 1.2600e+04 3.8310e+00 6.0531e-01
8.5294e+01 1.2587e+04 2.6561e-04 2.2400e-01 1.2587e+04 3.3433e+00 5.6045e-01
8.5686e+01 1.2574e+04 2.2654e-04 2.0570e-01 1.2574e+04 2.8485e+00 5.1457e-01
8.6078e+01 1.2561e+04 1.8710e-04 1.8710e-01 1.2561e+04 2.3502e+00 4.6798e-01
8.6471e+01 1.2548e+04 1.4797e-04 1.6855e-01 1.2548e+04 1.8567e+00 4.2151e-01
8.6863e+01 1.2536e+04 1.1046e-04 1.5071e-01 1.2536e+04 1.3847e+00 3.7684e-01
8.7255e+01 1.2525e+04 7.6634e-05 1.3466e-01 1.2525e+04 9.5985e-01 3.3668e-01
8.7647e+01 1.2516e+04 4.8769e-05 1.2160e-01 1.2516e+04 6.1040e-01 3.0402e-01
8.8039e+01 1.2510e+04 2.8315e-05 1.1224e-01 1.2510e+04 3.5420e-01 2.8061e-01
8.8431e+01 1.2505e+04 1.5085e-05 1.0637e-01 1.2505e+04 1.8864e-01 2.6594e-01
8.8824e+01 1.2503e+04 7.4952e-06 1.0311e-01 1.2503e+04 9.3710e-02 2.5778e-01
8.9216e+01 1.2501e+04 3.5465e-06 1.0146e-01 1.2501e+04 4.4336e-02 2.5364e-01
8.9608e+01 1.2501e+04 1.6284e-06 1.0067e-01 1.2501e+04 2.0356e-02 2.5166e-01
9.0000e+01 1.2500e+04 7.3517e-07 1.0030e-01 1.2500e+04 9.1898e-03 2.5075e-01
9.0392e+01 1.2500e+04 3.2885e-07 1.0013e-01 1.2500e+04 4.1107e-03 2.5034e-01
9.0784e+01 1.2500e+04 1.4633e-07 1.0006e-01 1.2500e+04 1.8291e-03 2.5015e-01
9.1176e+01 1.2500e+04 6.4890e-08 1.0003e-01 1.2500e+04 8.1113e-04 2.5007e-01
9.1569e+01 1.2500e+04 2.8704e-08 1.0001e-01 1.2500e+04 3.5880e-04 2.5003e-01
9.1961e+01 1.2500e+04 1.2670e-08 1.0001e-01 1.2500e+04 1.5838e-04 2.5001e-01
9.2353e+01 1.2500e+04 5.5818e-09 1.0000e-01 1.2500e+04 6.9772e-05 2.5001e-01
9.2745e+01 1.2500e+04 2.4544e-09 1.0000e-01 1.2500e+04 3.0680e-05 2.5000e-01
9.3137e+01 1.2500e+04 1.0772e-09 1.0000e-01 1.2500e+04 1.3465e-05 2.5000e-01
9.3529e+01 1.2500e+04 4.7191e-10 1.0000e-01 1.2500e+04 5.8988e-06 2.5000e-01
9.3922e+01 1.2500e+04 2.0635e-10 1.0000e-01 1.2500e+04 2.5794e-06 2.5000e-01
9.4314e+01 1.2500e+04 9.0060e-11 1.0000e-01 1.2500e+04 1.1258e-06 2.5000e-01
9.4706e+01 1.2500e+04 3.9233e-11 1.0000e-01 1.2500e+04 4.9041e-07 2.5000e-01
9.5098e+01 1.2500e+04 1.7059e-11 1.0000e-01 1.2500e+04 2.1324e-07 2.5000e-01
9.5490e+01 1.2500e+04 7.4033e-12 1.0000e-01 1.2500e+04 9.2541e-08 2.5000e-01
9.5882e+01 1.2500e+04 3.2068e-12 1.0000e-01 1.2500e+04 4.0085e-08 2.5000e-01
9.6275e+01 1.2500e+04 1.3864e-12 1.0000e-01 1.2500e+04 1.7330e-08 2.5000e-01
9.6667e+01 1.2500e+04 5.9822e-13 1.0000e-01 1.2500e+04 7.4777e-09 2.5000e-01
9.7059e+01 1.2500e+04 2.5763e-13 1.0000e-01 1.2500e+04 3.2204e-09 2.5000e-01
9.7451e+01 1.2500e+04 1.1073e-13 1.0000e-01 1.2500e+04 1.3842e-09 2.5000e-01
9.7843e+01 1.2500e+04 4.7502e-14 1.0000e-01 1.2500e+04 5.9377e-10 2.5000e-01
9.8235e+01 1.2500e+04 2.0337e-14 1.0000e-01 1.2500e+04 2.5422e-10 2.5000e-01
9.8627e+01 1.2500e+04 8.6921e-15 1.0000e-01 1.2500e+04 1.0865e-10 2.5000e-01
9.9020e+01 1.2500e+04 3.7156e-15 1.0000e-01 1.2500e+04 4.6445e-11 2.5000e-01
9.9412e+01 1.2500e+04 1.6047e-15 1.0000e-01 1.2500e+04 2.0059e-11 2.5000e-01
9.9804e+01 1.2500e+04 7.5942e-16 1.0000e-01 1.2500e+04 9.4928e-12 2.5000e-01
