# # x Density Velocity Pressure q0 q1 q2
1.9608e-01 1.0000e+05 0.0000e+00 1.0000e+00 1.0000e+05 0.0000e+00 2.5000e+00
5.8824e-01 1.0000e+05 0.0000e+00 1.0000e+00 1.0000e+05 0.0000e+00 2.5000e+00
9.8039e-01 1.0000e+05 0.0000e+00 1.0000e+00 1.0000e+05 0.0000e+00 2.5000e+00
1.3725e+00 1.0000e+05 0.0000e+00 1.0000e+00 1.0000e+05 0.0000e+00 2.5000e+00
1.7647e+00 1.0000e+05 0.0000e+00 1.0000e+00 1.0000e+05 0.0000e+00 2.5000e+00
2.1569e+00 1.0000e+05 0.0000e+00 1.0000e+00 1.0000e+05 0.0000e+00 2.5000e+00
2.5490e+00 1.0000e+05 0.0000e+00 1.0000e+00 1.0000e+05 0.0000e+00 2.5000e+00
2.9412e+00 1.0000e+05 0.0000e+00 1.0000e+00 1.0000e+05 0.0000e+00 2.5000e+00
3.3333e+00 1.0000e+05 0.0000e+00 1.0000e+00 1.0000e+05 0.0000e+00 2.5000e+00
3.7255e+00 1.0000e+05 3.4369e-19 1.0000e+00 1.0000e+05 3.4369e-14 2.5000e+00
4.1176e+00 1.0000e+05 2.0203e-18 1.0000e+00 1.0000e+05 2.0203e-13 2.5000e+00
4.5098e+00 1.0000e+05 5.6570e-18 1.0000e+00 1.0000e+05 5.6570e-13 2.5000e+00
4.9020e+00 1.0000e+05 1.1242e-17 1.0000e+00 1.0000e+05 1.1242e-12 2.5000e+00
5.2941e+00 1.0000e+05 1.8792e-17 1.0000e+00 1.0000e+05 1.8792e-12 2.5000e+00
5.6863e+00 1.0000e+05 2.9237e-17 1.0000e+00 1.0000e+05 2.9237e-12 2.5000e+00
6.0784e+00 1.0000e+05 4.4778e-17 1.0000e+00 1.0000e+05 4.4778e-12 2.5000e+00
6.4706e+00 1.0000e+05 6.8226e-17 1.0000e+00 1.0000e+05 6.8226e-12 2.5000e+00
6.8627e+00 1.0000e+05 1.0542e-16 1.0000e+00 1.0000e+05 1.0542e-11 2.5000e+00
7.2549e+00 1.0000e+05 1.6529e-16 1.0000e+00 1.0000e+05 1.6529e-11 2.5000e+00
7.6471e+00 1.0000e+05 2.6191e-16 1.0000e+00 1.0000e+05 2.6191e-11 2.5000e+00
8.0392e+00 1.0000e+05 4.1906e-16 1.0000e+00 1.0000e+05 4.1906e-11 2.5000e+00
8.4314e+00 1.0000e+05 6.7395e-16 1.0000e+00 1.0000e+05 6.7395e-11 2.5000e+00
8.8235e+00 1.0000e+05 1.0855e-15 1.0000e+00 1.0000e+05 1.0855e-10 2.5000e+00
9.2157e+00 1.0000e+05 1.7475e-15 1.0000e+00 1.0000e+05 1.7475e-10 2.5000e+00
9.6078e+00 1.0000e+05 2.8078e-15 1.0000e+00 1.0000e+05 2.8078e-10 2.5000e+00
1.0000e+01 1.0000e+05 4.4984e-15 1.0000e+00 1.0000e+05 4.4984e-10 2.5000e+00
1.0392e+01 1.0000e+05 7.1824e-15 1.0000e+00 1.0000e+05 7.1824e-10 2.5000e+00
1.0784e+01 1.0000e+05 1.1424e-14 1.0000e+00 1.0000e+05 1.1424e-09 2.5000e+00
1.1176e+01 1.0000e+05 1.8097e-14 1.0000e+00 1.0000e+05 1.8097e-09 2.5000e+00
1.1569e+01 1.0000e+05 2.8545e-14 1.0000e+00 1.0000e+05 2.8545e-09 2.5000e+00
1.1961e+01 1.0000e+05 4.4830e-14 1.0000e+00 1.0000e+05 4.4830e-09 2.5000e+00
1.2353e+01 1.0000e+05 7.0098e-14 1.0000e+00 1.0000e+05 7.0098e-09 2.5000e+00
1.2745e+01 1.0000e+05 1.0913e-13 1.0000e+00 1.0000e+05 1.0913e-08 2.5000e+00
1.3137e+01 1.0000e+05 1.6913e-13 1.0000e+00 1.0000e+05 1.6913e-08 2.5000e+00
1.3529e+01 1.0000e+05 2.6097e-13 1.0000e+00 1.0000e+05 2.6097e-08 2.5000e+00
1.3922e+01 1.0000e+05 4.0088e-13 1.0000e+00 1.0000e+05 4.0088e-08 2.5000e+00
1.4314e+01 1.0000e+05 6.1305e-13 1.0000e+00 1.0000e+05 6.1305e-08 2.5000e+00
1.4706e+01 1.0000e+05 9.3333e-13 1.0000e+00 1.0000e+05 9.3333e-08 2.5000e+00
1.5098e+01 1.0000e+05 1.4146e-12 1.0000e+00 1.0000e+05 1.4146e-07 2.5000e+00
1.5490e+01 1.0000e+05 2.1343e-12 1.0000e+00 1.0000e+05 2.1343e-07 2.5000e+00
1.5882e+01 1.0000e+05 3.2059e-12 1.0000e+00 1.0000e+05 3.2059e-07 2.5000e+00
1.6275e+01 1.0000e+05 4.7937e-12 1.0000e+00 1.0000e+05 4.7937e-07 2.5000e+00
1.6667e+01 1.0000e+05 7.1357e-12 1.0000e+00 1.0000e+05 7.1357e-07 2.5000e+00
1.7059e+01 1.0000e+05 1.0574e-11 1.0000e+00 1.0000e+05 1.0574e-06 2.5000e+00
1.7451e+01 1.0000e+05 1.5598e-11 1.0000e+00 1.0000e+05 1.5598e-06 2.5000e+00
1.7843e+01 1.0000e+05 2.2906e-11 1.0000e+00 1.0000e+05 2.2906e-06 2.5000e+00
1.8235e+01 1.0000e+05 3.3486e-11 1.0000e+00 1.0000e+05 3.3486e-06 2.5000e+00
1.8627e+01 1.0000e+05 4.8730e-11 1.0000e+00 1.0000e+05 4.8730e-06 2.5000e+00
1.9020e+01 1.0000e+05 7.0593e-11 1.0000e+00 1.0000e+05 7.0593e-06 2.5000e+00
1.9412e+01 1.0000e+05 1.0180e-10 1.0000e+00 1.0000e+05 1.0180e-05 2.5000e+00
1.9804e+01 1.0000e+05 1.4614e-10 1.0000e+00 1.0000e+05 1.4614e-05 2.5000e+00
2.0196e+01 1.0000e+05 2.0884e-10 1.0000e+00 1.0000e+05 2.0884e-05 2.5000e+00
2.0588e+01 1.0000e+05 2.9707e-10 1.0000e+00 1.0000e+05 2.9707e-05 2.5000e+00
2.0980e+01 1.0000e+05 4.2067e-10 1.0000e+00 1.0000e+05 4.2067e-05 2.5000e+00
2.1373e+01 1.0000e+05 5.9298e-10 1.0000e+00 1.0000e+05 5.9298e-05 2.5000e+00
2.1765e+01 1.0000e+05 8.3205e-10 1.0000e+00 1.0000e+05 8.3205e-05 2.5000e+00
2.2157e+01 1.0000e+05 1.1622e-09 1.0000e+00 1.0000e+05 1.1622e-04 2.5000e+00
2.2549e+01 1.0000e+05 1.6159e-09 1.0000e+00 1.0000e+05 1.6159e-04 2.5000e+00
2.2941e+01 1.0000e+05 2.2366e-09 1.0000e+00 1.0000e+05 2.2366e-04 2.5000e+00
2.3333e+01 1.0000e+05 3.0815e-09 9.9999e-01 1.0000e+05 3.0815e-04 2.5000e+00
2.3725e+01 1.0000e+05 4.2261e-09 9.9999e-01 1.0000e+05 4.2261e-04 2.5000e+00
2.4118e+01 1.0000e+05 5.7696e-09 9.9999e-01 1.0000e+05 5.7696e-04 2.5000e+00
2.4510e+01 1.0000e+05 7.8407e-09 9.9998e-01 1.0000e+05 7.8407e-04 2.5000e+00
2.4902e+01 1.0000e+05 1.0607e-08 9.9998e-01 1.0000e+05 1.0607e-03 2.4999e+00
2.5294e+01 1.0000e+05 1.4283e-08 9.9997e-01 1.0000e+05 1.4283e-03 2.4999e+00
2.5686e+01 1.0000e+05 1.9146e-08 9.9996e-01 1.0000e+05 1.9146e-03 2.4999e+00
2.6078e+01 1.0000e+05 2.5547e-08 9.9995e-01 1.0000e+05 2.5547e-03 2.4999e+00
2.6471e+01 1.0000e+05 3.3934e-08 9.9994e-01 1.0000e+05 3.3934e-03 2.4998e+00
2.6863e+01 1.0000e+05 4.4868e-08 9.9992e-01 1.0000e+05 4.4868e-03 2.4998e+00
2.7255e+01 1.0000e+05 5.9055e-08 9.9989e-01 1.0000e+05 5.9055e-03 2.4997e+00
2.7647e+01 1.0000e+05 7.7375e-08 9.9986e-01 1.0000e+05 7.7375e-03 2.4997e+00
2.8039e+01 9.9999e+04 1.0092e-07 9.9982e-01 9.9999e+04 1.0092e-02 2.4996e+00
2.8431e+01 9.9999e+04 1.3103e-07 9.9977e-01 9.9999e+04 1.3103e-02 2.4994e+00
2.8824e+01 9.9999e+04 1.6935e-07 9.9971e-01 9.9999e+04 1.6935e-02 2.4993e+00
2.9216e+01 9.9999e+04 2.1789e-07 9.9963e-01 9.9999e+04 2.1789e-02 2.4991e+00
2.9608e+01 9.9998e+04 2.7908e-07 9.9954e-01 9.9998e+04 2.7907e-02 2.4988e+00
3.0000e+01 9.9998e+04 3.5583e-07 9.9942e-01 9.9998e+04 3.5583e-02 2.4985e+00
3.0392e+01 9.9997e+04 4.5167e-07 9.9927e-01 9.9997e+04 4.5165e-02 2.4982e+00
3.0784e+01 9.9996e+04 5.7074e-07 9.9909e-01 9.9996e+04 5.7072e-02 2.4977e+00
3.1176e+01 9.9995e+04 7.1797e-07 9.9887e-01 9.9995e+04 7.1794e-02 2.4972e+00
3.1569e+01 9.9994e+04 8.9916e-07 9.9861e-01 9.9994e+04 8.9911e-02 2.4965e+00
3.1961e+01 9.9993e+04 1.1211e-06 9.9830e-01 9.9993e+04 1.1210e-01 2.4957e+00
3.2353e+01 9.9991e+04 1.3915e-06 9.9792e-01 9.9991e+04 1.3914e-01 2.4948e+00
3.2745e+01 9.9989e+04 1.7197e-06 9.9747e-01 9.9989e+04 1.7195e-01 2.4937e+00
3.3137e+01 9.9986e+04 2.1158e-06 9.9693e-01 9.9986e+04 2.1155e-01 2.4923e+00
3.3529e+01 9.9982e+04 2.5918e-06 9.9631e-01 9.9982e+04 2.5914e-01 2.4908e+00
3.3922e+01 9.9978e+04 3.1611e-06 9.9557e-01 9.9978e+04 3.1604e-01 2.4889e+00
3.4314e+01 9.9973e+04 3.8387e-06 9.9471e-01 9.9973e+04 3.8376e-01 2.4868e+00
3.4706e+01 9.9967e+04 4.6414e-06 9.9371e-01 9.9967e+04 4.6399e-01 2.4843e+00
3.5098e+01 9.9959e+04 5.5880e-06 9.9255e-01 9.9959e+04 5.5857e-01 2.4814e+00
3.5490e+01 9.9950e+04 6.6989e-06 9.9123e-01 9.9950e+04 6.6956e-01 2.4781e+00
3.5882e+01 9.9940e+04 7.9967e-06 9.8971e-01 9.9940e+04 7.9919e-01 2.4743e+00
3.6275e+01 9.9927e+04 9.5059e-06 9.8798e-01 9.9927e+04 9.4990e-01 2.4700e+00
3.6667e+01 9.9913e+04 1.1253e-05 9.8603e-01 9.9913e+04 1.1243e+00 2.4651e+00
3.7059e+01 9.9895e+04 1.3266e-05 9.8383e-01 9.9895e+04 1.3252e+00 2.4596e+00
3.7451e+01 9.9875e+04 1.5574e-05 9.8136e-01 9.9875e+04 1.5555e+00 2.4534e+00
3.7843e+01 9.9852e+04 1.8211e-05 9.7860e-01 9.9852e+04 1.8184e+00 2.4465e+00
3.8235e+01 9.9825e+04 2.1208e-05 9.7554e-01 9.9825e+04 2.1170e+00 2.4389e+00
3.8627e+01 9.9793e+04 2.4599e-05 9.7217e-01 9.9793e+04 2.4548e+00 2.4304e+00
3.9020e+01 9.9757e+04 2.8421e-05 9.6845e-01 9.9757e+04 2.8352e+00 2.4212e+00
3.9412e+01 9.9716e+04 3.2709e-05 9.6439e-01 9.9716e+04 3.2616e+00 2.4110e+00
3.9804e+01 9.9669e+04 3.7498e-05 9.5997e-01 9.9669e+04 3.7374e+00 2.4000e+00
4.0196e+01 9.9616e+04 4.2825e-05 9.5518e-01 9.9616e+04 4.2661e+00 2.3880e+00
4.0588e+01 9.9556e+04 4.8726e-05 9.5001e-01 9.9556e+04 4.8509e+00 2.3751e+00
4.0980e+01 9.9488e+04 5.5234e-05 9.4446e-01 9.9488e+04 5.4951e+00 2.3613e+00
4.1373e+01 9.9411e+04 6.2382e-05 9.3854e-01 9.9411e+04 6.2015e+00 2.3465e+00
4.1765e+01 9.9326e+04 7.0202e-05 9.3224e-01 9.9326e+04 6.9729e+00 2.3309e+00
4.2157e+01 9.9232e+04 7.8722e-05 9.2558e-01 9.9232e+04 7.8117e+00 2.3143e+00
4.2549e+01 9.9127e+04 8.7967e-05 9.1856e-01 9.9127e+04 8.7199e+00 2.2968e+00
4.2941e+01 9.9011e+04 9.7960e-05 9.1121e-01 9.9011e+04 9.6991e+00 2.2785e+00
4.3333e+01 9.8883e+04 1.0872e-04 9.0353e-01 9.8883e+04 1.0750e+01 2.2594e+00
4.3725e+01 9.8743e+04 1.2026e-04 8.9556e-01 9.8743e+04 1.1875e+01 2.2396e+00
4.4118e+01 9.8589e+04 1.3257e-04 8.8732e-01 9.8589e+04 1.3070e+01 2.2192e+00
4.4510e+01 9.8425e+04 1.4575e-04 8.7886e-01 9.8425e+04 1.4346e+01 2.1982e+00
4.4902e+01 9.8237e+04 1.5941e-04 8.7010e-01 9.8237e+04 1.5660e+01 2.1765e+00
4.5294e+01 9.8064e+04 1.7491e-04 8.6153e-01 9.8064e+04 1.7153e+01 2.1553e+00
4.5686e+01 9.7786e+04 1.8793e-04 8.5173e-01 9.7786e+04 1.8377e+01 2.1310e+00
4.6078e+01 9.7744e+04 2.1070e-04 8.4492e-01 9.7744e+04 2.0595e+01 2.1145e+00
4.6471e+01 9.7061e+04 2.1191e-04 8.3050e-01 9.7061e+04 2.0568e+01 2.0784e+00
4.6863e+01 9.7718e+04 2.6181e-04 8.3230e-01 9.7718e+04 2.5584e+01 2.0841e+00
4.7255e+01 9.5845e+04 2.2326e-04 8.0431e-01 9.5845e+04 2.1398e+01 2.0132e+00
4.7647e+01 9.7828e+04 3.2176e-04 8.2181e-01 9.7828e+04 3.1478e+01 2.0596e+00
4.8039e+01 9.5055e+04 2.5548e-04 7.8476e-01 9.5055e+04 2.4284e+01 1.9650e+00
4.8431e+01 9.6528e+04 3.3803e-04 7.9644e-01 9.6528e+04 3.2630e+01 1.9966e+00
4.8824e+01 9.5819e+04 3.3522e-04 7.8044e-01 9.5819e+04 3.2121e+01 1.9565e+00
4.9216e+01 9.1459e+04 3.6170e-04 7.7412e-01 9.1459e+04 3.3080e+01 1.9413e+00
4.9608e+01 1.1906e+05 3.6882e-04 7.6076e-01 1.1906e+05 4.3912e+01 1.9100e+00
5.0000e+01 3.4761e+04 3.9470e-04 7.5897e-01 3.4761e+04 1.3720e+01 1.9001e+00
5.0392e+01 1.2629e+04 4.2905e-04 7.5785e-01 1.2629e+04 5.4184e+00 1.8958e+00
5.0784e+01 9.3260e+03 4.7367e-04 7.5212e-01 9.3260e+03 4.4175e+00 1.8814e+00
5.1176e+01 9.6423e+03 6.1383e-04 7.5399e-01 9.6423e+03 5.9187e+00 1.8868e+00
5.1569e+01 1.0178e+04 7.7657e-04 7.6038e-01 1.0178e+04 7.9041e+00 1.9040e+00
5.1961e+01 1.0750e+04 8.3857e-04 7.5820e-01 1.0750e+04 9.0145e+00 1.8993e+00
5.2353e+01 1.1012e+04 8.3823e-04 7.5101e-01 1.1012e+04 9.2309e+00 1.8814e+00
5.2745e+01 1.1337e+04 8.8979e-04 7.5041e-01 1.1337e+04 1.0087e+01 1.8805e+00
5.3137e+01 1.1581e+04 9.9636e-04 7.5687e-01 1.1581e+04 1.1539e+01 1.8979e+00
5.3529e+01 1.1836e+04 1.0913e-03 7.6282e-01 1.1836e+04 1.2916e+01 1.9141e+00
5.3922e+01 1.1952e+04 1.1282e-03 7.6300e-01 1.1952e+04 1.3484e+01 1.9151e+00
5.4314e+01 1.2022e+04 1.1164e-03 7.5817e-01 1.2022e+04 1.3421e+01 1.9029e+00
5.4706e+01 1.2054e+04 1.0973e-03 7.5118e-01 1.2054e+04 1.3228e+01 1.8852e+00
5.5098e+01 1.2154e+04 1.1249e-03 7.5013e-01 1.2154e+04 1.3672e+01 1.8830e+00
5.5490e+01 1.2314e+04 1.2165e-03 7.5701e-01 1.2314e+04 1.4980e+01 1.9016e+00
5.5882e+01 1.2516e+04 1.3403e-03 7.6819e-01 1.2516e+04 1.6776e+01 1.9317e+00
5.6275e+01 1.2697e+04 1.4552e-03 7.7892e-01 1.2697e+04 1.8477e+01 1.9607e+00
5.6667e+01 1.2833e+04 1.5373e-03 7.8619e-01 1.2833e+04 1.9728e+01 1.9806e+00
5.7059e+01 1.2913e+04 1.5829e-03 7.8941e-01 1.2913e+04 2.0441e+01 1.9897e+00
5.7451e+01 1.2955e+04 1.6015e-03 7.8955e-01 1.2955e+04 2.0746e+01 1.9905e+00
5.7843e+01 1.2971e+04 1.6052e-03 7.8805e-01 1.2971e+04 2.0821e+01 1.9868e+00
5.8235e+01 1.2980e+04 1.6031e-03 7.8595e-01 1.2980e+04 2.0808e+01 1.9816e+00
5.8627e+01 1.2984e+04 1.5995e-03 7.8369e-01 1.2984e+04 2.0768e+01 1.9758e+00
5.9020e+01 1.2988e+04 1.5952e-03 7.8132e-01 1.2988e+04 2.0719e+01 1.9698e+00
5.9412e+01 1.2991e+04 1.5905e-03 7.7887e-01 1.2991e+04 2.0662e+01 1.9636e+00
5.9804e+01 1.2994e+04 1.5854e-03 7.7632e-01 1.2994e+04 2.0600e+01 1.9571e+00
6.0196e+01 1.2996e+04 1.5798e-03 7.7367e-01 1.2996e+04 2.0531e+01 1.9504e+00
6.0588e+01 1.2998e+04 1.5738e-03 7.7093e-01 1.2998e+04 2.0456e+01 1.9434e+00
6.0980e+01 1.2999e+04 1.5674e-03 7.6809e-01 1.2999e+04 2.0375e+01 1.9362e+00
6.1373e+01 1.3000e+04 1.5606e-03 7.6514e-01 1.3000e+04 2.0289e+01 1.9287e+00
6.1765e+01 1.3001e+04 1.5534e-03 7.6208e-01 1.3001e+04 2.0196e+01 1.9209e+00
6.2157e+01 1.3001e+04 1.5458e-03 7.5891e-01 1.3001e+04 2.0097e+01 1.9128e+00
6.2549e+01 1.3001e+04 1.5377e-03 7.5563e-01 1.3001e+04 1.9993e+01 1.9044e+00
6.2941e+01 1.3001e+04 1.5293e-03 7.5222e-01 1.3001e+04 1.9882e+01 1.8958e+00
6.3333e+01 1.3000e+04 1.5204e-03 7.4870e-01 1.3000e+04 1.9766e+01 1.8868e+00
6.3725e+01 1.2999e+04 1.5112e-03 7.4504e-01 1.2999e+04 1.9644e+01 1.8774e+00
6.4118e+01 1.2998e+04 1.5015e-03 7.4126e-01 1.2998e+04 1.9517e+01 1.8678e+00
6.4510e+01 1.2996e+04 1.4914e-03 7.3734e-01 1.2996e+04 1.9383e+01 1.8578e+00
6.4902e+01 1.2995e+04 1.4809e-03 7.3329e-01 1.2995e+04 1.9244e+01 1.8475e+00
6.5294e+01 1.2992e+04 1.4700e-03 7.2909e-01 1.2992e+04 1.9098e+01 1.8368e+00
6.5686e+01 1.2990e+04 1.4586e-03 7.2474e-01 1.2990e+04 1.8947e+01 1.8257e+00
6.6078e+01 1.2987e+04 1.4468e-03 7.2025e-01 1.2987e+04 1.8790e+01 1.8142e+00
6.6471e+01 1.2984e+04 1.4346e-03 7.1561e-01 1.2984e+04 1.8627e+01 1.8024e+00
6.6863e+01 1.2981e+04 1.4220e-03 7.1080e-01 1.2981e+04 1.8459e+01 1.7901e+00
6.7255e+01 1.2978e+04 1.4089e-03 7.0584e-01 1.2978e+04 1.8284e+01 1.7775e+00
6.7647e+01 1.2974e+04 1.3954e-03 7.0070e-01 1.2974e+04 1.8103e+01 1.7644e+00
6.8039e+01 1.2970e+04 1.3814e-03 6.9540e-01 1.2970e+04 1.7917e+01 1.7509e+00
6.8431e+01 1.2966e+04 1.3670e-03 6.8993e-01 1.2966e+04 1.7724e+01 1.7369e+00
6.8824e+01 1.2961e+04 1.3522e-03 6.8428e-01 1.2961e+04 1.7526e+01 1.7225e+00
6.9216e+01 1.2956e+04 1.3369e-03 6.7845e-01 1.2956e+04 1.7321e+01 1.7077e+00
6.9608e+01 1.2951e+04 1.3212e-03 6.7243e-01 1.2951e+04 1.7111e+01 1.6924e+00
7.0000e+01 1.2946e+04 1.3050e-03 6.6623e-01 1.2946e+04 1.6895e+01 1.6766e+00
7.0392e+01 1.2941e+04 1.2883e-03 6.5983e-01 1.2941e+04 1.6672e+01 1.6603e+00
7.0784e+01 1.2935e+04 1.2712e-03 6.5323e-01 1.2935e+04 1.6444e+01 1.6435e+00
7.1176e+01 1.2929e+04 1.2537e-03 6.4644e-01 1.2929e+04 1.6209e+01 1.6263e+00
7.1569e+01 1.2923e+04 1.2356e-03 6.3944e-01 1.2923e+04 1.5968e+01 1.6085e+00
7.1961e+01 1.2917e+04 1.2171e-03 6.3223e-01 1.2917e+04 1.5722e+01 1.5901e+00
7.2353e+01 1.2911e+04 1.1981e-03 6.2481e-01 1.2911e+04 1.5469e+01 1.5713e+00
7.2745e+01 1.2904e+04 1.1787e-03 6.1718e-01 1.2904e+04 1.5210e+01 1.5519e+00
7.3137e+01 1.2897e+04 1.1588e-03 6.0933e-01 1.2897e+04 1.4945e+01 1.5320e+00
7.3529e+01 1.2890e+04 1.1383e-03 6.0125e-01 1.2890e+04 1.4673e+01 1.5115e+00
7.3922e+01 1.2883e+04 1.1174e-03 5.9294e-01 1.2883e+04 1.4396e+01 1.4904e+00
7.4314e+01 1.2875e+04 1.0961e-03 5.8441e-01 1.2875e+04 1.4112e+01 1.4687e+00
7.4706e+01 1.2868e+04 1.0742e-03 5.7563e-01 1.2868e+04 1.3822e+01 1.4465e+00
7.5098e+01 1.2860e+04 1.0518e-03 5.6662e-01 1.2860e+04 1.3526e+01 1.4237e+00
7.5490e+01 1.2852e+04 1.0289e-03 5.5735e-01 1.2852e+04 1.3223e+01 1.4002e+00
7.5882e+01 1.2843e+04 1.0055e-03 5.4784e-01 1.2843e+04 1.2914e+01 1.3761e+00
7.6275e+01 1.2835e+04 9.8162e-04 5.3807e-01 1.2835e+04 1.2599e+01 1.3514e+00
7.6667e+01 1.2826e+04 9.5719e-04 5.2804e-01 1.2826e+04 1.2277e+01 1.3260e+00
7.7059e+01 1.2818e+04 9.3224e-04 5.1774e-01 1.2818e+04 1.1949e+01 1.2999e+00
7.7451e+01 1.2809e+04 9.0674e-04 5.0716e-01 1.2809e+04 1.1614e+01 1.2732e+00
7.7843e+01 1.2799e+04 8.8070e-04 4.9631e-01 1.2799e+04 1.1272e+01 1.2457e+00
7.8235e+01 1.2790e+04 8.5411e-04 4.8516e-01 1.2790e+04 1.0924e+01 1.2176e+00
7.8627e+01 1.2780e+04 8.2696e-04 4.7372e-01 1.2780e+04 1.0569e+01 1.1887e+00
7.9020e+01 1.2771e+04 7.9924e-04 4.6198e-01 1.2771e+04 1.0207e+01 1.1590e+00
7.9412e+01 1.2761e+04 7.7094e-04 4.4993e-01 1.2761e+04 9.8377e+00 1.1286e+00
7.9804e+01 1.2750e+04 7.4205e-04 4.3756e-01 1.2750e+04 9.4615e+00 1.0974e+00
8.0196e+01 1.2740e+04 7.1255e-04 4.2486e-01 1.2740e+04 9.0781e+00 1.0654e+00
8.0588e+01 1.2730e+04 6.8245e-04 4.1183e-01 1.2730e+04 8.6874e+00 1.0325e+00
8.0980e+01 1.2719e+04 6.5173e-04 3.9845e-01 1.2719e+04 8.2893e+00 9.9882e-01
8.1373e+01 1.2708e+04 6.2037e-04 3.8472e-01 1.2708e+04 7.8837e+00 9.6424e-01
8.1765e+01 1.2697e+04 5.8837e-04 3.7062e-01 1.2697e+04 7.4705e+00 9.2875e-01
8.2157e+01 1.2686e+04 5.5571e-04 3.5615e-01 1.2686e+04 7.0495e+00 8.9234e-01
8.2549e+01 1.2674e+04 5.2238e-04 3.4130e-01 1.2674e+04 6.6208e+00 8.5498e-01
8.2941e+01 1.2662e+04 4.8837e-04 3.2605e-01 1.2662e+04 6.1840e+00 8.1664e-01
8.3333e+01 1.2651e+04 4.5367e-04 3.1040e-01 1.2651e+04 5.7392e+00 7.7731e-01
8.3725e+01 1.2639e+04 4.1826e-04 2.9433e-01 1.2639e+04 5.2861e+00 7.3694e-01
8.4118e+01 1.2626e+04 3.8212e-04 2.7784e-01 1.2626e+04 4.8247e+00 6.9551e-01
8.4510e+01 1.2614e+04 3.4525e-04 2.6090e-01 1.2614e+04 4.3549e+00 6.5301e-01
8.4902e+01 1.2601e+04 3.0763e-04 2.4352e-01 1.2601e+04 3.8765e+00 6.0939e-01
8.5294e+01 1.2588e+04 2.6929e-04 2.2568e-01 1.2588e+04 3.3899e+00 5.6466e-01
8.5686e+01 1.2575e+04 2.3029e-04 2.0743e-01 1.2575e+04 2.8960e+00 5.1891e-01
8.6078e+01 1.2562e+04 1.9089e-04 1.8887e-01 1.2562e+04 2.3980e+00 4.7240e-01
8.6471e+01 1.2549e+04 1.5170e-04 1.7030e-01 1.2549e+04 1.9037e+00 4.2590e-01
8.6863e+01 1.2537e+04 1.1397e-04 1.5236e-01 1.2537e+04 1.4289e+00 3.8099e-01
8.7255e+01 1.2526e+04 7.9703e-05 1.3610e-01 1.2526e+04 9.9837e-01 3.4029e-01
8.7647e+01 1.2517e+04 5.1181e-05 1.2272e-01 1.2517e+04 6.4063e-01 3.0681e-01
8.8039e+01 1.2510e+04 2.9987e-05 1.1299e-01 1.2510e+04 3.7514e-01 2.8249e-01
8.8431e+01 1.2505e+04 1.6105e-05 1.0682e-01 1.2505e+04 2.0141e-01 2.6705e-01
8.8824e+01 1.2503e+04 8.0517e-06 1.0335e-01 1.2503e+04 1.0067e-01 2.5837e-01
8.9216e+01 1.2501e+04 3.8255e-06 1.0157e-01 1.2501e+04 4.7824e-02 2.5393e-01
8.9608e+01 1.2501e+04 1.7609e-06 1.0072e-01 1.2501e+04 2.2013e-02 2.5180e-01
9.0000e+01 1.2500e+04 7.9616e-07 1.0032e-01 1.2500e+04 9.9522e-03 2.5081e-01
9.0392e+01 1.2500e+04 3.5646e-07 1.0015e-01 1.2500e+04 4.4558e-03 2.5036e-01
9.0784e+01 1.2500e+04 1.5871e-07 1.0006e-01 1.2500e+04 1.9839e-03 2.5016e-01
9.1176e+01 1.2500e+04 7.0417e-08 1.0003e-01 1.2500e+04 8.8021e-04 2.5007e-01
9.1569e+01 1.2500e+04 3.1162e-08 1.0001e-01 1.2500e+04 3.8953e-04 2.5003e-01
9.1961e+01 1.2500e+04 1.3761e-08 1.0001e-01 1.2500e+04 1.7201e-04 2.5001e-01
9.2353e+01 1.2500e+04 6.0649e-09 1.0000e-01 1.2500e+04 7.5811e-05 2.5001e-01
9.2745e+01 1.2500e+04 2.6679e-09 1.0000e-01 1.2500e+04 3.3349e-05 2.5000e-01
9.3137e+01 1.2500e+04 1.1714e-09 1.0000e-01 1.2500e+04 1.4643e-05 2.5000e-01
9.3529e+01 1.2500e+04 5.1338e-10 1.0000e-01 1.2500e+04 6.4172e-06 2.5000e-01
9.3922e+01 1.2500e+04 2.2458e-10 1.0000e-01 1.2500e+04 2.8072e-06 2.5000e-01
9.4314e+01 1.2500e+04 9.8057e-11 1.0000e-01 1.2500e+04 1.2257e-06 2.5000e-01
9.4706e+01 1.2500e+04 4.2734e-11 1.0000e-01 1.2500e+04 5.3418e-07 2.5000e-01
9.5098e+01 1.2500e+04 1.8589e-11 1.0000e-01 1.2500e+04 2.3237e-07 2.5000e-01
9.5490e+01 1.2500e+04 8.0709e-12 1.0000e-01 1.2500e+04 1.0089e-07 2.5000e-01
9.5882e+01 1.2500e+04 3.4975e-12 1.0000e-01 1.2500e+04 4.3719e-08 2.5000e-01
9.6275e+01 1.2500e+04 1.5127e-12 1.0000e-01 1.2500e+04 1.8909e-08 2.5000e-01
9.6667e+01 1.2500e+04 6.5302e-13 1.0000e-01 1.2500e+04 8.1627e-09 2.5000e-01
9.7059e+01 1.2500e+04 2.8135e-13 1.0000e-01 1.2500e+04 3.5169e-09 2.5000e-01
9.7451e+01 1.2500e+04 1.2099e-13 1.0000e-01 1.2500e+04 1.5123e-09 2.5000e-01
9.7843e+01 1.2500e+04 5.1923e-14 1.0000e-01 1.2500e+04 6.4904e-10 2.5000e-01
9.8235e+01 1.2500e+04 2.2240e-14 1.0000e-01 1.2500e+04 2.7801e-10 2.5000e-01
9.8627e+01 1.2500e+04 9.5103e-15 1.0000e-01 1.2500e+04 1.1888e-10 2.5000e-01
9.9020e+01 1.2500e+04 4.0676e-15 1.0000e-01 1.2500e+04 5.0845e-11 2.5000e-01
9.9412e+01 1.2500e+04 1.7580e-15 1.0000e-01 1.2500e+04 2.1975e-11 2.5000e-01
9.9804e+01 1.2500e+04 8.3313e-16 1.0000e-01 1.2500e+04 1.0414e-11 2.5000e-01
