# # x Density Velocity Pressure q0 q1 q2
1.9608e-01 1.0000e+05 0.0000e+00 1.0000e+00 1.0000e+05 0.0000e+00 2.5000e+00
5.8824e-01 1.0000e+05 0.0000e+00 1.0000e+00 1.0000e+05 0.0000e+00 2.5000e+00
9.8039e-01 1.0000e+05 0.0000e+00 1.0000e+00 1.0000e+05 0.0000e+00 2.5000e+00
1.3725e+00 1.0000e+05 0.0000e+00 1.0000e+00 1.0000e+05 0.0000e+00 2.5000e+00
1.7647e+00 1.0000e+05 0.0000e+00 1.0000e+00 1.0000e+05 0.0000e+00 2.5000e+00
2.1569e+00 1.0000e+05 0.0000e+00 1.0000e+00 1.0000e+05 0.0000e+00 2.5000e+00
2.5490e+00 1.0000e+05 0.0000e+00 1.0000e+00 1.0000e+05 0.0000e+00 2.5000e+00
2.9412e+00 1.0000e+05 0.0000e+00 1.0000e+00 1.0000e+05 0.0000e+00 2.5000e+00
3.3333e+00 1.0000e+05 4.5297e-21 1.0000e+00 1.0000e+05 4.5297e-16 2.5000e+00
3.7255e+00 1.0000e+05 4.7505e-19 1.0000e+00 1.0000e+05 4.7505e-14 2.5000e+00
4.1176e+00 1.0000e+05 2.4610e-18 1.0000e+00 1.0000e+05 2.4610e-13 2.5000e+00
4.5098e+00 1.0000e+05 6.4025e-18 1.0000e+00 1.0000e+05 6.4025e-13 2.5000e+00
4.9020e+00 1.0000e+05 1.2296e-17 1.0000e+00 1.0000e+05 1.2296e-12 2.5000e+00
5.2941e+00 1.0000e+05 2.0188e-17 1.0000e+00 1.0000e+05 2.0188e-12 2.5000e+00
5.6863e+00 1.0000e+05 3.1229e-17 1.0000e+00 1.0000e+05 3.1229e-12 2.5000e+00
6.0784e+00 1.0000e+05 4.7794e-17 1.0000e+00 1.0000e+05 4.7794e-12 2.5000e+00
6.4706e+00 1.0000e+05 7.2815e-17 1.0000e+00 1.0000e+05 7.2815e-12 2.5000e+00
6.8627e+00 1.0000e+05 1.1270e-16 1.0000e+00 1.0000e+05 1.1270e-11 2.5000e+00
7.2549e+00 1.0000e+05 1.7691e-16 1.0000e+00 1.0000e+05 1.7691e-11 2.5000e+00
7.6471e+00 1.0000e+05 2.8065e-16 1.0000e+00 1.0000e+05 2.8065e-11 2.5000e+00
8.0392e+00 1.0000e+05 4.4913e-16 1.0000e+00 1.0000e+05 4.4913e-11 2.5000e+00
8.4314e+00 1.0000e+05 7.2209e-16 1.0000e+00 1.0000e+05 7.2209e-11 2.5000e+00
8.8235e+00 1.0000e+05 1.1625e-15 1.0000e+00 1.0000e+05 1.1625e-10 2.5000e+00
9.2157e+00 1.0000e+05 1.8700e-15 1.0000e+00 1.0000e+05 1.8700e-10 2.5000e+00
9.6078e+00 1.0000e+05 3.0017e-15 1.0000e+00 1.0000e+05 3.0017e-10 2.5000e+00
1.0000e+01 1.0000e+05 4.8041e-15 1.0000e+00 1.0000e+05 4.8041e-10 2.5000e+00
1.0392e+01 1.0000e+05 7.6620e-15 1.0000e+00 1.0000e+05 7.6620e-10 2.5000e+00
1.0784e+01 1.0000e+05 1.2173e-14 1.0000e+00 1.0000e+05 1.2173e-09 2.5000e+00
1.1176e+01 1.0000e+05 1.9262e-14 1.0000e+00 1.0000e+05 1.9262e-09 2.5000e+00
1.1569e+01 1.0000e+05 3.0347e-14 1.0000e+00 1.0000e+05 3.0347e-09 2.5000e+00
1.1961e+01 1.0000e+05 4.7606e-14 1.0000e+00 1.0000e+05 4.7606e-09 2.5000e+00
1.2353e+01 1.0000e+05 7.4354e-14 1.0000e+00 1.0000e+05 7.4354e-09 2.5000e+00
1.2745e+01 1.0000e+05 1.1562e-13 1.0000e+00 1.0000e+05 1.1562e-08 2.5000e+00
1.3137e+01 1.0000e+05 1.7900e-13 1.0000e+00 1.0000e+05 1.7900e-08 2.5000e+00
1.3529e+01 1.0000e+05 2.7589e-13 1.0000e+00 1.0000e+05 2.7589e-08 2.5000e+00
1.3922e+01 1.0000e+05 4.2333e-13 1.0000e+00 1.0000e+05 4.2333e-08 2.5000e+00
1.4314e+01 1.0000e+05 6.4667e-13 1.0000e+00 1.0000e+05 6.4667e-08 2.5000e+00
1.4706e+01 1.0000e+05 9.8344e-13 1.0000e+00 1.0000e+05 9.8344e-08 2.5000e+00
1.5098e+01 1.0000e+05 1.4889e-12 1.0000e+00 1.0000e+05 1.4889e-07 2.5000e+00
1.5490e+01 1.0000e+05 2.2441e-12 1.0000e+00 1.0000e+05 2.2441e-07 2.5000e+00
1.5882e+01 1.0000e+05 3.3672e-12 1.0000e+00 1.0000e+05 3.3672e-07 2.5000e+00
1.6275e+01 1.0000e+05 5.0297e-12 1.0000e+00 1.0000e+05 5.0297e-07 2.5000e+00
1.6667e+01 1.0000e+05 7.4793e-12 1.0000e+00 1.0000e+05 7.4793e-07 2.5000e+00
1.7059e+01 1.0000e+05 1.1072e-11 1.0000e+00 1.0000e+05 1.1072e-06 2.5000e+00
1.7451e+01 1.0000e+05 1.6316e-11 1.0000e+00 1.0000e+05 1.6316e-06 2.5000e+00
1.7843e+01 1.0000e+05 2.3936e-11 1.0000e+00 1.0000e+05 2.3936e-06 2.5000e+00
1.8235e+01 1.0000e+05 3.4957e-11 1.0000e+00 1.0000e+05 3.4957e-06 2.5000e+00
1.8627e+01 1.0000e+05 5.0821e-11 1.0000e+00 1.0000e+05 5.0821e-06 2.5000e+00
1.9020e+01 1.0000e+05 7.3551e-11 1.0000e+00 1.0000e+05 7.3551e-06 2.5000e+00
1.9412e+01 1.0000e+05 1.0596e-10 1.0000e+00 1.0000e+05 1.0596e-05 2.5000e+00
1.9804e+01 1.0000e+05 1.5197e-10 1.0000e+00 1.0000e+05 1.5197e-05 2.5000e+00
2.0196e+01 1.0000e+05 2.1696e-10 1.0000e+00 1.0000e+05 2.1696e-05 2.5000e+00
2.0588e+01 1.0000e+05 3.0835e-10 1.0000e+00 1.0000e+05 3.0835e-05 2.5000e+00
2.0980e+01 1.0000e+05 4.3624e-10 1.0000e+00 1.0000e+05 4.3624e-05 2.5000e+00
2.1373e+01 1.0000e+05 6.1436e-10 1.0000e+00 1.0000e+05 6.1436e-05 2.5000e+00
2.1765e+01 1.0000e+05 8.6129e-10 1.0000e+00 1.0000e+05 8.6129e-05 2.5000e+00
2.2157e+01 1.0000e+05 1.2020e-09 1.0000e+00 1.0000e+05 1.2020e-04 2.5000e+00
2.2549e+01 1.0000e+05 1.6698e-09 1.0000e+00 1.0000e+05 1.6698e-04 2.5000e+00
2.2941e+01 1.0000e+05 2.3091e-09 1.0000e+00 1.0000e+05 2.3091e-04 2.5000e+00
2.3333e+01 1.0000e+05 3.1787e-09 9.9999e-01 1.0000e+05 3.1787e-04 2.5000e+00
2.3725e+01 1.0000e+05 4.3558e-09 9.9999e-01 1.0000e+05 4.3558e-04 2.5000e+00
2.4118e+01 1.0000e+05 5.9416e-09 9.9999e-01 1.0000e+05 5.9416e-04 2.5000e+00
2.4510e+01 1.0000e+05 8.0679e-09 9.9998e-01 1.0000e+05 8.0679e-04 2.5000e+00
2.4902e+01 1.0000e+05 1.0905e-08 9.9998e-01 1.0000e+05 1.0905e-03 2.4999e+00
2.5294e+01 1.0000e+05 1.4673e-08 9.9997e-01 1.0000e+05 1.4673e-03 2.4999e+00
2.5686e+01 1.0000e+05 1.9654e-08 9.9996e-01 1.0000e+05 1.9654e-03 2.4999e+00
2.6078e+01 1.0000e+05 2.6205e-08 9.9995e-01 1.0000e+05 2.6205e-03 2.4999e+00
2.6471e+01 1.0000e+05 3.4781e-08 9.9994e-01 1.0000e+05 3.4781e-03 2.4998e+00
2.6863e+01 1.0000e+05 4.5953e-08 9.9992e-01 1.0000e+05 4.5953e-03 2.4998e+00
2.7255e+01 1.0000e+05 6.0439e-08 9.9989e-01 1.0000e+05 6.0439e-03 2.4997e+00
2.7647e+01 1.0000e+05 7.9131e-08 9.9986e-01 1.0000e+05 7.9131e-03 2.4996e+00
2.8039e+01 9.9999e+04 1.0313e-07 9.9982e-01 9.9999e+04 1.0313e-02 2.4995e+00
2.8431e+01 9.9999e+04 1.3381e-07 9.9977e-01 9.9999e+04 1.3381e-02 2.4994e+00
2.8824e+01 9.9999e+04 1.7283e-07 9.9970e-01 9.9999e+04 1.7283e-02 2.4993e+00
2.9216e+01 9.9999e+04 2.2221e-07 9.9963e-01 9.9999e+04 2.2221e-02 2.4991e+00
2.9608e+01 9.9998e+04 2.8443e-07 9.9953e-01 9.9998e+04 2.8442e-02 2.4988e+00
3.0000e+01 9.9998e+04 3.6242e-07 9.9941e-01 9.9998e+04 3.6241e-02 2.4985e+00
3.0392e+01 9.9997e+04 4.5973e-07 9.9926e-01 9.9997e+04 4.5972e-02 2.4981e+00
3.0784e+01 9.9996e+04 5.8057e-07 9.9908e-01 9.9996e+04 5.8055e-02 2.4977e+00
3.1176e+01 9.9995e+04 7.2989e-07 9.9886e-01 9.9995e+04 7.2986e-02 2.4971e+00
3.1569e+01 9.9994e+04 9.1354e-07 9.9859e-01 9.9994e+04 9.1348e-02 2.4965e+00
3.1961e+01 9.9993e+04 1.1383e-06 9.9827e-01 9.9993e+04 1.1382e-01 2.4957e+00
3.2353e+01 9.9991e+04 1.4122e-06 9.9789e-01 9.9991e+04 1.4120e-01 2.4947e+00
3.2745e+01 9.9988e+04 1.7441e-06 9.9744e-01 9.9988e+04 1.7439e-01 2.4936e+00
3.3137e+01 9.9985e+04 2.1448e-06 9.9690e-01 9.9985e+04 2.1444e-01 2.4922e+00
3.3529e+01 9.9982e+04 2.6259e-06 9.9626e-01 9.9982e+04 2.6254e-01 2.4907e+00
3.3922e+01 9.9978e+04 3.2009e-06 9.9552e-01 9.9978e+04 3.2002e-01 2.4888e+00
3.4314e+01 9.9972e+04 3.8850e-06 9.9465e-01 9.9972e+04 3.8840e-01 2.4866e+00
3.4706e+01 9.9966e+04 4.6951e-06 9.9365e-01 9.9966e+04 4.6935e-01 2.4841e+00
3.5098e+01 9.9959e+04 5.6499e-06 9.9249e-01 9.9959e+04 5.6476e-01 2.4812e+00
3.5490e+01 9.9950e+04 6.7699e-06 9.9115e-01 9.9950e+04 6.7665e-01 2.4779e+00
3.5882e+01 9.9939e+04 8.0778e-06 9.8963e-01 9.9939e+04 8.0729e-01 2.4741e+00
3.6275e+01 9.9927e+04 9.5979e-06 9.8789e-01 9.9927e+04 9.5909e-01 2.4697e+00
3.6667e+01 9.9912e+04 1.1357e-05 9.8593e-01 9.9912e+04 1.1347e+00 2.4648e+00
3.7059e+01 9.9894e+04 1.3383e-05 9.8371e-01 9.9894e+04 1.3368e+00 2.4593e+00
3.7451e+01 9.9874e+04 1.5705e-05 9.8123e-01 9.9874e+04 1.5685e+00 2.4531e+00
3.7843e+01 9.9850e+04 1.8356e-05 9.7847e-01 9.9850e+04 1.8329e+00 2.4462e+00
3.8235e+01 9.9823e+04 2.1369e-05 9.7540e-01 9.9823e+04 2.1331e+00 2.4385e+00
3.8627e+01 9.9792e+04 2.4777e-05 9.7201e-01 9.9792e+04 2.4725e+00 2.4301e+00
3.9020e+01 9.9755e+04 2.8616e-05 9.6829e-01 9.9755e+04 2.8546e+00 2.4208e+00
3.9412e+01 9.9714e+04 3.2922e-05 9.6422e-01 9.9714e+04 3.2827e+00 2.4106e+00
3.9804e+01 9.9667e+04 3.7729e-05 9.5979e-01 9.9667e+04 3.7604e+00 2.3995e+00
4.0196e+01 9.9613e+04 4.3075e-05 9.5499e-01 9.9613e+04 4.2909e+00 2.3876e+00
4.0588e+01 9.9552e+04 4.8995e-05 9.4982e-01 9.9552e+04 4.8776e+00 2.3747e+00
4.0980e+01 9.9484e+04 5.5522e-05 9.4426e-01 9.9484e+04 5.5236e+00 2.3608e+00
4.1373e+01 9.9408e+04 6.2689e-05 9.3834e-01 9.9408e+04 6.2318e+00 2.3460e+00
4.1765e+01 9.9322e+04 7.0528e-05 9.3203e-01 9.9322e+04 7.0050e+00 2.3303e+00
4.2157e+01 9.9227e+04 7.9066e-05 9.2537e-01 9.9227e+04 7.8455e+00 2.3137e+00
4.2549e+01 9.9122e+04 8.8329e-05 9.1835e-01 9.9122e+04 8.7553e+00 2.2963e+00
4.2941e+01 9.9005e+04 9.8338e-05 9.1099e-01 9.9005e+04 9.7360e+00 2.2780e+00
4.3333e+01 9.8877e+04 1.0911e-04 9.0332e-01 9.8877e+04 1.0789e+01 2.2589e+00
4.3725e+01 9.8737e+04 1.2067e-04 8.9535e-01 9.8737e+04 1.1914e+01 2.2391e+00
4.4118e+01 9.8583e+04 1.3299e-04 8.8711e-01 9.8583e+04 1.3110e+01 2.2187e+00
4.4510e+01 9.8418e+04 1.4618e-04 8.7867e-01 9.8418e+04 1.4387e+01 2.1977e+00
4.4902e+01 9.8230e+04 1.5985e-04 8.6991e-01 9.8230e+04 1.5702e+01 2.1760e+00
4.5294e+01 9.8057e+04 1.7537e-04 8.6136e-01 9.8057e+04 1.7197e+01 2.1549e+00
4.5686e+01 9.7777e+04 1.8834e-04 8.5154e-01 9.7777e+04 1.8415e+01 2.1306e+00
4.6078e+01 9.7739e+04 2.1124e-04 8.4479e-01 9.7739e+04 2.0646e+01 2.1141e+00
4.6471e+01 9.7049e+04 2.1220e-04 8.3030e-01 9.7049e+04 2.0594e+01 2.0779e+00
4.6863e+01 9.7716e+04 2.6249e-04 8.3224e-01 9.7716e+04 2.5649e+01 2.0840e+00
4.7255e+01 9.5830e+04 2.2348e-04 8.0412e-01 9.5830e+04 2.1416e+01 2.0127e+00
4.7647e+01 9.7821e+04 3.2226e-04 8.2171e-01 9.7821e+04 3.1523e+01 2.0594e+00
4.8039e+01 9.5052e+04 2.5614e-04 7.8474e-01 9.5052e+04 2.4347e+01 1.9650e+00
4.8431e+01 9.6508e+04 3.3810e-04 7.9624e-01 9.6508e+04 3.2629e+01 1.9961e+00
4.8824e+01 9.5818e+04 3.3580e-04 7.8042e-01 9.5818e+04 3.2175e+01 1.9565e+00
4.9216e+01 9.1429e+04 3.6221e-04 7.7410e-01 9.1429e+04 3.3116e+01 1.9412e+00
4.9608e+01 1.1911e+05 3.6917e-04 7.6070e-01 1.1911e+05 4.3972e+01 1.9099e+00
5.0000e+01 3.4859e+04 3.9486e-04 7.5886e-01 3.4859e+04 1.3764e+01 1.8999e+00
5.0392e+01 1.2653e+04 4.3008e-04 7.5789e-01 1.2653e+04 5.4416e+00 1.8959e+00
5.0784e+01 9.3248e+03 4.7438e-04 7.5215e-01 9.3248e+03 4.4235e+00 1.8814e+00
5.1176e+01 9.6334e+03 6.1129e-04 7.5369e-01 9.6334e+03 5.8888e+00 1.8860e+00
5.1569e+01 1.0170e+04 7.7517e-04 7.6019e-01 1.0170e+04 7.8837e+00 1.9035e+00
5.1961e+01 1.0747e+04 8.4073e-04 7.5838e-01 1.0747e+04 9.0349e+00 1.8997e+00
5.2353e+01 1.1010e+04 8.4002e-04 7.5115e-01 1.1010e+04 9.2483e+00 1.8817e+00
5.2745e+01 1.1331e+04 8.8821e-04 7.5018e-01 1.1331e+04 1.0064e+01 1.8799e+00
5.3137e+01 1.1574e+04 9.9315e-04 7.5646e-01 1.1574e+04 1.1495e+01 1.8968e+00
5.3529e+01 1.1831e+04 1.0896e-03 7.6259e-01 1.1831e+04 1.2891e+01 1.9135e+00
5.3922e+01 1.1950e+04 1.1291e-03 7.6308e-01 1.1950e+04 1.3493e+01 1.9153e+00
5.4314e+01 1.2023e+04 1.1189e-03 7.5842e-01 1.2023e+04 1.3452e+01 1.9036e+00
5.4706e+01 1.2054e+04 1.0991e-03 7.5137e-01 1.2054e+04 1.3249e+01 1.8857e+00
5.5098e+01 1.2150e+04 1.1234e-03 7.4995e-01 1.2150e+04 1.3649e+01 1.8825e+00
5.5490e+01 1.2306e+04 1.2122e-03 7.5649e-01 1.2306e+04 1.4917e+01 1.9003e+00
5.5882e+01 1.2508e+04 1.3351e-03 7.6755e-01 1.2508e+04 1.6698e+01 1.9300e+00
5.6275e+01 1.2690e+04 1.4508e-03 7.7837e-01 1.2690e+04 1.8411e+01 1.9593e+00
5.6667e+01 1.2828e+04 1.5347e-03 7.8584e-01 1.2828e+04 1.9687e+01 1.9797e+00
5.7059e+01 1.2911e+04 1.5820e-03 7.8925e-01 1.2911e+04 2.0425e+01 1.9893e+00
5.7451e+01 1.2954e+04 1.6016e-03 7.8952e-01 1.2954e+04 2.0747e+01 1.9904e+00
5.7843e+01 1.2971e+04 1.6059e-03 7.8808e-01 1.2971e+04 2.0830e+01 1.9869e+00
5.8235e+01 1.2980e+04 1.6040e-03 7.8601e-01 1.2980e+04 2.0819e+01 1.9817e+00
5.8627e+01 1.2984e+04 1.6004e-03 7.8376e-01 1.2984e+04 2.0780e+01 1.9760e+00
5.9020e+01 1.2988e+04 1.5962e-03 7.8140e-01 1.2988e+04 2.0732e+01 1.9701e+00
5.9412e+01 1.2991e+04 1.5915e-03 7.7896e-01 1.2991e+04 2.0676e+01 1.9639e+00
5.9804e+01 1.2994e+04 1.5864e-03 7.7642e-01 1.2994e+04 2.0614e+01 1.9574e+00
6.0196e+01 1.2997e+04 1.5809e-03 7.7379e-01 1.2997e+04 2.0546e+01 1.9507e+00
6.0588e+01 1.2998e+04 1.5749e-03 7.7106e-01 1.2998e+04 2.0472e+01 1.9438e+00
6.0980e+01 1.3000e+04 1.5686e-03 7.6823e-01 1.3000e+04 2.0391e+01 1.9366e+00
6.1373e+01 1.3001e+04 1.5618e-03 7.6530e-01 1.3001e+04 2.0305e+01 1.9291e+00
6.1765e+01 1.3002e+04 1.5547e-03 7.6226e-01 1.3002e+04 2.0213e+01 1.9213e+00
6.2157e+01 1.3002e+04 1.5471e-03 7.5910e-01 1.3002e+04 2.0115e+01 1.9133e+00
6.2549e+01 1.3002e+04 1.5391e-03 7.5583e-01 1.3002e+04 2.0011e+01 1.9050e+00
6.2941e+01 1.3002e+04 1.5307e-03 7.5245e-01 1.3002e+04 1.9902e+01 1.8964e+00
6.3333e+01 1.3001e+04 1.5219e-03 7.4894e-01 1.3001e+04 1.9786e+01 1.8874e+00
6.3725e+01 1.3000e+04 1.5127e-03 7.4531e-01 1.3000e+04 1.9665e+01 1.8781e+00
6.4118e+01 1.2999e+04 1.5031e-03 7.4154e-01 1.2999e+04 1.9538e+01 1.8685e+00
6.4510e+01 1.2997e+04 1.4930e-03 7.3765e-01 1.2997e+04 1.9405e+01 1.8586e+00
6.4902e+01 1.2995e+04 1.4826e-03 7.3361e-01 1.2995e+04 1.9267e+01 1.8483e+00
6.5294e+01 1.2993e+04 1.4717e-03 7.2944e-01 1.2993e+04 1.9122e+01 1.8377e+00
6.5686e+01 1.2991e+04 1.4604e-03 7.2512e-01 1.2991e+04 1.8972e+01 1.8267e+00
6.6078e+01 1.2988e+04 1.4487e-03 7.2065e-01 1.2988e+04 1.8816e+01 1.8153e+00
6.6471e+01 1.2985e+04 1.4365e-03 7.1603e-01 1.2985e+04 1.8654e+01 1.8035e+00
6.6863e+01 1.2982e+04 1.4240e-03 7.1126e-01 1.2982e+04 1.8486e+01 1.7913e+00
6.7255e+01 1.2978e+04 1.4110e-03 7.0632e-01 1.2978e+04 1.8312e+01 1.7787e+00
6.7647e+01 1.2975e+04 1.3975e-03 7.0122e-01 1.2975e+04 1.8132e+01 1.7657e+00
6.8039e+01 1.2971e+04 1.3836e-03 6.9595e-01 1.2971e+04 1.7947e+01 1.7523e+00
6.8431e+01 1.2967e+04 1.3693e-03 6.9050e-01 1.2967e+04 1.7755e+01 1.7384e+00
6.8824e+01 1.2962e+04 1.3545e-03 6.8488e-01 1.2962e+04 1.7558e+01 1.7241e+00
6.9216e+01 1.2957e+04 1.3393e-03 6.7908e-01 1.2957e+04 1.7354e+01 1.7093e+00
6.9608e+01 1.2952e+04 1.3237e-03 6.7310e-01 1.2952e+04 1.7145e+01 1.6941e+00
7.0000e+01 1.2947e+04 1.3076e-03 6.6693e-01 1.2947e+04 1.6929e+01 1.6784e+00
7.0392e+01 1.2942e+04 1.2910e-03 6.6057e-01 1.2942e+04 1.6708e+01 1.6622e+00
7.0784e+01 1.2936e+04 1.2740e-03 6.5401e-01 1.2936e+04 1.6480e+01 1.6455e+00
7.1176e+01 1.2931e+04 1.2565e-03 6.4726e-01 1.2931e+04 1.6247e+01 1.6283e+00
7.1569e+01 1.2925e+04 1.2385e-03 6.4030e-01 1.2925e+04 1.6007e+01 1.6107e+00
7.1961e+01 1.2918e+04 1.2201e-03 6.3313e-01 1.2918e+04 1.5762e+01 1.5924e+00
7.2353e+01 1.2912e+04 1.2012e-03 6.2575e-01 1.2912e+04 1.5510e+01 1.5737e+00
7.2745e+01 1.2905e+04 1.1818e-03 6.1816e-01 1.2905e+04 1.5252e+01 1.5544e+00
7.3137e+01 1.2899e+04 1.1620e-03 6.1035e-01 1.2899e+04 1.4988e+01 1.5346e+00
7.3529e+01 1.2891e+04 1.1417e-03 6.0232e-01 1.2891e+04 1.4718e+01 1.5142e+00
7.3922e+01 1.2884e+04 1.1209e-03 5.9406e-01 1.2884e+04 1.4442e+01 1.4932e+00
7.4314e+01 1.2877e+04 1.0996e-03 5.8557e-01 1.2877e+04 1.4159e+01 1.4717e+00
7.4706e+01 1.2869e+04 1.0778e-03 5.7685e-01 1.2869e+04 1.3870e+01 1.4496e+00
7.5098e+01 1.2861e+04 1.0555e-03 5.6788e-01 1.2861e+04 1.3575e+01 1.4269e+00
7.5490e+01 1.2853e+04 1.0327e-03 5.5867e-01 1.2853e+04 1.3274e+01 1.4035e+00
7.5882e+01 1.2845e+04 1.0095e-03 5.4921e-01 1.2845e+04 1.2967e+01 1.3796e+00
7.6275e+01 1.2837e+04 9.8565e-04 5.3950e-01 1.2837e+04 1.2652e+01 1.3550e+00
7.6667e+01 1.2828e+04 9.6133e-04 5.2952e-01 1.2828e+04 1.2332e+01 1.3297e+00
7.7059e+01 1.2819e+04 9.3648e-04 5.1928e-01 1.2819e+04 1.2005e+01 1.3038e+00
7.7451e+01 1.2810e+04 9.1110e-04 5.0876e-01 1.2810e+04 1.1671e+01 1.2772e+00
7.7843e+01 1.2801e+04 8.8518e-04 4.9797e-01 1.2801e+04 1.1331e+01 1.2499e+00
7.8235e+01 1.2792e+04 8.5870e-04 4.8689e-01 1.2792e+04 1.0984e+01 1.2219e+00
7.8627e+01 1.2782e+04 8.3167e-04 4.7552e-01 1.2782e+04 1.0631e+01 1.1932e+00
7.9020e+01 1.2772e+04 8.0407e-04 4.6384e-01 1.2772e+04 1.0270e+01 1.1637e+00
7.9412e+01 1.2763e+04 7.7590e-04 4.5186e-01 1.2763e+04 9.9025e+00 1.1335e+00
7.9804e+01 1.2752e+04 7.4714e-04 4.3957e-01 1.2752e+04 9.5278e+00 1.1025e+00
8.0196e+01 1.2742e+04 7.1778e-04 4.2694e-01 1.2742e+04 9.1460e+00 1.0706e+00
8.0588e+01 1.2732e+04 6.8782e-04 4.1399e-01 1.2732e+04 8.7570e+00 1.0380e+00
8.0980e+01 1.2721e+04 6.5723e-04 4.0069e-01 1.2721e+04 8.3606e+00 1.0045e+00
8.1373e+01 1.2710e+04 6.2602e-04 3.8704e-01 1.2710e+04 7.9568e+00 9.7010e-01
8.1765e+01 1.2699e+04 5.9417e-04 3.7303e-01 1.2699e+04 7.5453e+00 9.3483e-01
8.2157e+01 1.2688e+04 5.6166e-04 3.5865e-01 1.2688e+04 7.1262e+00 8.9864e-01
8.2549e+01 1.2676e+04 5.2849e-04 3.4390e-01 1.2676e+04 6.6993e+00 8.6151e-01
8.2941e+01 1.2665e+04 4.9464e-04 3.2875e-01 1.2665e+04 6.2645e+00 8.2341e-01
8.3333e+01 1.2653e+04 4.6010e-04 3.1319e-01 1.2653e+04 5.8216e+00 7.8432e-01
8.3725e+01 1.2641e+04 4.2486e-04 2.9723e-01 1.2641e+04 5.3706e+00 7.4421e-01
8.4118e+01 1.2629e+04 3.8890e-04 2.8084e-01 1.2629e+04 4.9112e+00 7.0305e-01
8.4510e+01 1.2616e+04 3.5220e-04 2.6401e-01 1.2616e+04 4.4435e+00 6.6082e-01
8.4902e+01 1.2604e+04 3.1477e-04 2.4674e-01 1.2604e+04 3.9672e+00 6.1748e-01
8.5294e+01 1.2591e+04 2.7660e-04 2.2902e-01 1.2591e+04 3.4826e+00 5.7304e-01
8.5686e+01 1.2578e+04 2.3776e-04 2.1088e-01 1.2578e+04 2.9905e+00 5.2755e-01
8.6078e+01 1.2565e+04 1.9845e-04 1.9239e-01 1.2565e+04 2.4935e+00 4.8122e-01
8.6471e+01 1.2552e+04 1.5919e-04 1.7382e-01 1.2552e+04 1.9981e+00 4.3471e-01
8.6863e+01 1.2540e+04 1.2108e-04 1.5572e-01 1.2540e+04 1.5183e+00 3.8939e-01
8.7255e+01 1.2528e+04 8.5993e-05 1.3906e-01 1.2528e+04 1.0773e+00 3.4769e-01
8.7647e+01 1.2519e+04 5.6211e-05 1.2504e-01 1.2519e+04 7.0369e-01 3.1263e-01
8.8039e+01 1.2511e+04 3.3544e-05 1.1460e-01 1.2511e+04 4.1967e-01 2.8650e-01
8.8431e+01 1.2506e+04 1.8316e-05 1.0778e-01 1.2506e+04 2.2906e-01 2.6946e-01
8.8824e+01 1.2503e+04 9.2761e-06 1.0387e-01 1.2503e+04 1.1598e-01 2.5967e-01
8.9216e+01 1.2502e+04 4.4462e-06 1.0183e-01 1.2502e+04 5.5585e-02 2.5457e-01
8.9608e+01 1.2501e+04 2.0577e-06 1.0084e-01 1.2501e+04 2.5723e-02 2.5210e-01
9.0000e+01 1.2500e+04 9.3328e-07 1.0038e-01 1.2500e+04 1.1666e-02 2.5095e-01
9.0392e+01 1.2500e+04 4.1866e-07 1.0017e-01 1.2500e+04 5.2333e-03 2.5043e-01
9.0784e+01 1.2500e+04 1.8665e-07 1.0008e-01 1.2500e+04 2.3331e-03 2.5019e-01
9.1176e+01 1.2500e+04 8.2898e-08 1.0003e-01 1.2500e+04 1.0362e-03 2.5008e-01
9.1569e+01 1.2500e+04 3.6719e-08 1.0002e-01 1.2500e+04 4.5899e-04 2.5004e-01
9.1961e+01 1.2500e+04 1.6228e-08 1.0001e-01 1.2500e+04 2.0286e-04 2.5002e-01
9.2353e+01 1.2500e+04 7.1582e-09 1.0000e-01 1.2500e+04 8.9477e-05 2.5001e-01
9.2745e+01 1.2500e+04 3.1514e-09 1.0000e-01 1.2500e+04 3.9393e-05 2.5000e-01
9.3137e+01 1.2500e+04 1.3848e-09 1.0000e-01 1.2500e+04 1.7310e-05 2.5000e-01
9.3529e+01 1.2500e+04 6.0741e-10 1.0000e-01 1.2500e+04 7.5927e-06 2.5000e-01
9.3922e+01 1.2500e+04 2.6593e-10 1.0000e-01 1.2500e+04 3.3241e-06 2.5000e-01
9.4314e+01 1.2500e+04 1.1621e-10 1.0000e-01 1.2500e+04 1.4526e-06 2.5000e-01
9.4706e+01 1.2500e+04 5.0689e-11 1.0000e-01 1.2500e+04 6.3361e-07 2.5000e-01
9.5098e+01 1.2500e+04 2.2068e-11 1.0000e-01 1.2500e+04 2.7585e-07 2.5000e-01
9.5490e+01 1.2500e+04 9.5894e-12 1.0000e-01 1.2500e+04 1.1987e-07 2.5000e-01
9.5882e+01 1.2500e+04 4.1591e-12 1.0000e-01 1.2500e+04 5.1989e-08 2.5000e-01
9.6275e+01 1.2500e+04 1.8004e-12 1.0000e-01 1.2500e+04 2.2506e-08 2.5000e-01
9.6667e+01 1.2500e+04 7.7791e-13 1.0000e-01 1.2500e+04 9.7238e-09 2.5000e-01
9.7059e+01 1.2500e+04 3.3546e-13 1.0000e-01 1.2500e+04 4.1932e-09 2.5000e-01
9.7451e+01 1.2500e+04 1.4438e-13 1.0000e-01 1.2500e+04 1.8047e-09 2.5000e-01
9.7843e+01 1.2500e+04 6.2019e-14 1.0000e-01 1.2500e+04 7.7523e-10 2.5000e-01
9.8235e+01 1.2500e+04 2.6589e-14 1.0000e-01 1.2500e+04 3.3237e-10 2.5000e-01
9.8627e+01 1.2500e+04 1.1381e-14 1.0000e-01 1.2500e+04 1.4226e-10 2.5000e-01
9.9020e+01 1.2500e+04 4.8731e-15 1.0000e-01 1.2500e+04 6.0914e-11 2.5000e-01
9.9412e+01 1.2500e+04 2.1092e-15 1.0000e-01 1.2500e+04 2.6364e-11 2.5000e-01
9.9804e+01 1.2500e+04 1.0021e-15 1.0000e-01 1.2500e+04 1.2526e-11 2.5000e-01
