# # x Density Velocity Pressure q0 q1 q2
1.9608e-01 1.0000e+05 0.0000e+00 1.0000e+00 1.0000e+05 0.0000e+00 2.5000e+00
5.8824e-01 1.0000e+05 0.0000e+00 1.0000e+00 1.0000e+05 0.0000e+00 2.5000e+00
9.8039e-01 1.0000e+05 0.0000e+00 1.0000e+00 1.0000e+05 0.0000e+00 2.5000e+00
1.3725e+00 1.0000e+05 0.0000e+00 1.0000e+00 1.0000e+05 0.0000e+00 2.5000e+00
1.7647e+00 1.0000e+05 0.0000e+00 1.0000e+00 1.0000e+05 0.0000e+00 2.5000e+00
2.1569e+00 1.0000e+05 0.0000e+00 1.0000e+00 1.0000e+05 0.0000e+00 2.5000e+00
2.5490e+00 1.0000e+05 0.0000e+00 1.0000e+00 1.0000e+05 0.0000e+00 2.5000e+00
2.9412e+00 1.0000e+05 0.0000e+00 1.0000e+00 1.0000e+05 0.0000e+00 2.5000e+00
3.3333e+00 1.0000e+05 9.6256e-20 1.0000e+00 1.0000e+05 9.6256e-15 2.5000e+00
3.7255e+00 1.0000e+05 1.0090e-18 1.0000e+00 1.0000e+05 1.0090e-13 2.5000e+00
4.1176e+00 1.0000e+05 3.7526e-18 1.0000e+00 1.0000e+05 3.7526e-13 2.5000e+00
4.5098e+00 1.0000e+05 8.4527e-18 1.0000e+00 1.0000e+05 8.4527e-13 2.5000e+00
4.9020e+00 1.0000e+05 1.5114e-17 1.0000e+00 1.0000e+05 1.5114e-12 2.5000e+00
5.2941e+00 1.0000e+05 2.3992e-17 1.0000e+00 1.0000e+05 2.3992e-12 2.5000e+00
5.6863e+00 1.0000e+05 3.6731e-17 1.0000e+00 1.0000e+05 3.6731e-12 2.5000e+00
6.0784e+00 1.0000e+05 5.6136e-17 1.0000e+00 1.0000e+05 5.6136e-12 2.5000e+00
6.4706e+00 1.0000e+05 8.5790e-17 1.0000e+00 1.0000e+05 8.5790e-12 2.5000e+00
6.8627e+00 1.0000e+05 1.3320e-16 1.0000e+00 1.0000e+05 1.3320e-11 2.5000e+00
7.2549e+00 1.0000e+05 2.0968e-16 1.0000e+00 1.0000e+05 2.0968e-11 2.5000e+00
7.6471e+00 1.0000e+05 3.3336e-16 1.0000e+00 1.0000e+05 3.3336e-11 2.5000e+00
8.0392e+00 1.0000e+05 5.3362e-16 1.0000e+00 1.0000e+05 5.3362e-11 2.5000e+00
8.4314e+00 1.0000e+05 8.5727e-16 1.0000e+00 1.0000e+05 8.5727e-11 2.5000e+00
8.8235e+00 1.0000e+05 1.3781e-15 1.0000e+00 1.0000e+05 1.3781e-10 2.5000e+00
9.2157e+00 1.0000e+05 2.2122e-15 1.0000e+00 1.0000e+05 2.2122e-10 2.5000e+00
9.6078e+00 1.0000e+05 3.5425e-15 1.0000e+00 1.0000e+05 3.5425e-10 2.5000e+00
1.0000e+01 1.0000e+05 5.6547e-15 1.0000e+00 1.0000e+05 5.6547e-10 2.5000e+00
1.0392e+01 1.0000e+05 8.9940e-15 1.0000e+00 1.0000e+05 8.9940e-10 2.5000e+00
1.0784e+01 1.0000e+05 1.4249e-14 1.0000e+00 1.0000e+05 1.4249e-09 2.5000e+00
1.1176e+01 1.0000e+05 2.2482e-14 1.0000e+00 1.0000e+05 2.2482e-09 2.5000e+00
1.1569e+01 1.0000e+05 3.5321e-14 1.0000e+00 1.0000e+05 3.5321e-09 2.5000e+00
1.1961e+01 1.0000e+05 5.5251e-14 1.0000e+00 1.0000e+05 5.5251e-09 2.5000e+00
1.2353e+01 1.0000e+05 8.6052e-14 1.0000e+00 1.0000e+05 8.6052e-09 2.5000e+00
1.2745e+01 1.0000e+05 1.3344e-13 1.0000e+00 1.0000e+05 1.3344e-08 2.5000e+00
1.3137e+01 1.0000e+05 2.0601e-13 1.0000e+00 1.0000e+05 2.0601e-08 2.5000e+00
1.3529e+01 1.0000e+05 3.1664e-13 1.0000e+00 1.0000e+05 3.1664e-08 2.5000e+00
1.3922e+01 1.0000e+05 4.8453e-13 1.0000e+00 1.0000e+05 4.8453e-08 2.5000e+00
1.4314e+01 1.0000e+05 7.3816e-13 1.0000e+00 1.0000e+05 7.3816e-08 2.5000e+00
1.4706e+01 1.0000e+05 1.1196e-12 1.0000e+00 1.0000e+05 1.1196e-07 2.5000e+00
1.5098e+01 1.0000e+05 1.6905e-12 1.0000e+00 1.0000e+05 1.6905e-07 2.5000e+00
1.5490e+01 1.0000e+05 2.5412e-12 1.0000e+00 1.0000e+05 2.5412e-07 2.5000e+00
1.5882e+01 1.0000e+05 3.8030e-12 1.0000e+00 1.0000e+05 3.8030e-07 2.5000e+00
1.6275e+01 1.0000e+05 5.6660e-12 1.0000e+00 1.0000e+05 5.6660e-07 2.5000e+00
1.6667e+01 1.0000e+05 8.4039e-12 1.0000e+00 1.0000e+05 8.4039e-07 2.5000e+00
1.7059e+01 1.0000e+05 1.2409e-11 1.0000e+00 1.0000e+05 1.2409e-06 2.5000e+00
1.7451e+01 1.0000e+05 1.8241e-11 1.0000e+00 1.0000e+05 1.8241e-06 2.5000e+00
1.7843e+01 1.0000e+05 2.6694e-11 1.0000e+00 1.0000e+05 2.6694e-06 2.5000e+00
1.8235e+01 1.0000e+05 3.8888e-11 1.0000e+00 1.0000e+05 3.8888e-06 2.5000e+00
1.8627e+01 1.0000e+05 5.6398e-11 1.0000e+00 1.0000e+05 5.6398e-06 2.5000e+00
1.9020e+01 1.0000e+05 8.1425e-11 1.0000e+00 1.0000e+05 8.1425e-06 2.5000e+00
1.9412e+01 1.0000e+05 1.1703e-10 1.0000e+00 1.0000e+05 1.1703e-05 2.5000e+00
1.9804e+01 1.0000e+05 1.6745e-10 1.0000e+00 1.0000e+05 1.6745e-05 2.5000e+00
2.0196e+01 1.0000e+05 2.3850e-10 1.0000e+00 1.0000e+05 2.3850e-05 2.5000e+00
2.0588e+01 1.0000e+05 3.3818e-10 1.0000e+00 1.0000e+05 3.3818e-05 2.5000e+00
2.0980e+01 1.0000e+05 4.7735e-10 1.0000e+00 1.0000e+05 4.7735e-05 2.5000e+00
2.1373e+01 1.0000e+05 6.7075e-10 1.0000e+00 1.0000e+05 6.7075e-05 2.5000e+00
2.1765e+01 1.0000e+05 9.3825e-10 1.0000e+00 1.0000e+05 9.3825e-05 2.5000e+00
2.2157e+01 1.0000e+05 1.3065e-09 1.0000e+00 1.0000e+05 1.3065e-04 2.5000e+00
2.2549e+01 1.0000e+05 1.8111e-09 1.0000e+00 1.0000e+05 1.8111e-04 2.5000e+00
2.2941e+01 1.0000e+05 2.4991e-09 9.9999e-01 1.0000e+05 2.4991e-04 2.5000e+00
2.3333e+01 1.0000e+05 3.4330e-09 9.9999e-01 1.0000e+05 3.4330e-04 2.5000e+00
2.3725e+01 1.0000e+05 4.6945e-09 9.9999e-01 1.0000e+05 4.6945e-04 2.5000e+00
2.4118e+01 1.0000e+05 6.3905e-09 9.9999e-01 1.0000e+05 6.3905e-04 2.5000e+00
2.4510e+01 1.0000e+05 8.6598e-09 9.9998e-01 1.0000e+05 8.6598e-04 2.5000e+00
2.4902e+01 1.0000e+05 1.1682e-08 9.9998e-01 1.0000e+05 1.1682e-03 2.4999e+00
2.5294e+01 1.0000e+05 1.5688e-08 9.9997e-01 1.0000e+05 1.5688e-03 2.4999e+00
2.5686e+01 1.0000e+05 2.0971e-08 9.9996e-01 1.0000e+05 2.0971e-03 2.4999e+00
2.6078e+01 1.0000e+05 2.7908e-08 9.9995e-01 1.0000e+05 2.7908e-03 2.4999e+00
2.6471e+01 1.0000e+05 3.6972e-08 9.9993e-01 1.0000e+05 3.6971e-03 2.4998e+00
2.6863e+01 1.0000e+05 4.8757e-08 9.9991e-01 1.0000e+05 4.8757e-03 2.4998e+00
2.7255e+01 1.0000e+05 6.4010e-08 9.9988e-01 1.0000e+05 6.4010e-03 2.4997e+00
2.7647e+01 1.0000e+05 8.3657e-08 9.9985e-01 1.0000e+05 8.3656e-03 2.4996e+00
2.8039e+01 9.9999e+04 1.0884e-07 9.9981e-01 9.9999e+04 1.0884e-02 2.4995e+00
2.8431e+01 9.9999e+04 1.4097e-07 9.9976e-01 9.9999e+04 1.4097e-02 2.4994e+00
2.8824e+01 9.9999e+04 1.8176e-07 9.9969e-01 9.9999e+04 1.8176e-02 2.4992e+00
2.9216e+01 9.9999e+04 2.3331e-07 9.9961e-01 9.9999e+04 2.3331e-02 2.4990e+00
2.9608e+01 9.9998e+04 2.9814e-07 9.9951e-01 9.9998e+04 2.9814e-02 2.4988e+00
3.0000e+01 9.9998e+04 3.7928e-07 9.9938e-01 9.9998e+04 3.7928e-02 2.4985e+00
3.0392e+01 9.9997e+04 4.8036e-07 9.9923e-01 9.9997e+04 4.8035e-02 2.4981e+00
3.0784e+01 9.9996e+04 6.0568e-07 9.9904e-01 9.9996e+04 6.0566e-02 2.4976e+00
3.1176e+01 9.9995e+04 7.6030e-07 9.9882e-01 9.9995e+04 7.6026e-02 2.4970e+00
3.1569e+01 9.9994e+04 9.5018e-07 9.9854e-01 9.9994e+04 9.5013e-02 2.4964e+00
3.1961e+01 9.9992e+04 1.1823e-06 9.9822e-01 9.9992e+04 1.1822e-01 2.4955e+00
3.2353e+01 9.9990e+04 1.4646e-06 9.9782e-01 9.9990e+04 1.4644e-01 2.4946e+00
3.2745e+01 9.9988e+04 1.8064e-06 9.9736e-01 9.9988e+04 1.8061e-01 2.4934e+00
3.3137e+01 9.9985e+04 2.2182e-06 9.9681e-01 9.9985e+04 2.2179e-01 2.4920e+00
3.3529e+01 9.9981e+04 2.7122e-06 9.9616e-01 9.9981e+04 2.7117e-01 2.4904e+00
3.3922e+01 9.9977e+04 3.3018e-06 9.9540e-01 9.9977e+04 3.3011e-01 2.4885e+00
3.4314e+01 9.9971e+04 4.0025e-06 9.9452e-01 9.9971e+04 4.0013e-01 2.4863e+00
3.4706e+01 9.9965e+04 4.8310e-06 9.9350e-01 9.9965e+04 4.8294e-01 2.4837e+00
3.5098e+01 9.9957e+04 5.8064e-06 9.9231e-01 9.9957e+04 5.8039e-01 2.4808e+00
3.5490e+01 9.9948e+04 6.9493e-06 9.9096e-01 9.9948e+04 6.9457e-01 2.4774e+00
3.5882e+01 9.9937e+04 8.2823e-06 9.8941e-01 9.9937e+04 8.2771e-01 2.4735e+00
3.6275e+01 9.9924e+04 9.8300e-06 9.8765e-01 9.9924e+04 9.8226e-01 2.4691e+00
3.6667e+01 9.9909e+04 1.1619e-05 9.8567e-01 9.9909e+04 1.1608e+00 2.4642e+00
3.7059e+01 9.9892e+04 1.3677e-05 9.8343e-01 9.9892e+04 1.3662e+00 2.4586e+00
3.7451e+01 9.9871e+04 1.6034e-05 9.8093e-01 9.9871e+04 1.6014e+00 2.4523e+00
3.7843e+01 9.9847e+04 1.8722e-05 9.7814e-01 9.9847e+04 1.8694e+00 2.4454e+00
3.8235e+01 9.9819e+04 2.1774e-05 9.7505e-01 9.9819e+04 2.1735e+00 2.4376e+00
3.8627e+01 9.9787e+04 2.5224e-05 9.7163e-01 9.9787e+04 2.5170e+00 2.4291e+00
3.9020e+01 9.9750e+04 2.9106e-05 9.6789e-01 9.9750e+04 2.9033e+00 2.4198e+00
3.9412e+01 9.9708e+04 3.3456e-05 9.6379e-01 9.9708e+04 3.3358e+00 2.4095e+00
3.9804e+01 9.9660e+04 3.8309e-05 9.5934e-01 9.9660e+04 3.8179e+00 2.3984e+00
4.0196e+01 9.9606e+04 4.3702e-05 9.5452e-01 9.9606e+04 4.3530e+00 2.3864e+00
4.0588e+01 9.9544e+04 4.9669e-05 9.4933e-01 9.9544e+04 4.9443e+00 2.3734e+00
4.0980e+01 9.9476e+04 5.6244e-05 9.4376e-01 9.9476e+04 5.5949e+00 2.3596e+00
4.1373e+01 9.9398e+04 6.3458e-05 9.3782e-01 9.9398e+04 6.3077e+00 2.3448e+00
4.1765e+01 9.9312e+04 7.1343e-05 9.3151e-01 9.9312e+04 7.0853e+00 2.3290e+00
4.2157e+01 9.9216e+04 7.9927e-05 9.2484e-01 9.9216e+04 7.9300e+00 2.3124e+00
4.2549e+01 9.9110e+04 8.9233e-05 9.1782e-01 9.9110e+04 8.8438e+00 2.2949e+00
4.2941e+01 9.8992e+04 9.9283e-05 9.1046e-01 9.8992e+04 9.8283e+00 2.2766e+00
4.3333e+01 9.8863e+04 1.1009e-04 9.0279e-01 9.8863e+04 1.0884e+01 2.2576e+00
4.3725e+01 9.8722e+04 1.2169e-04 8.9483e-01 9.8722e+04 1.2013e+01 2.2378e+00
4.4118e+01 9.8567e+04 1.3403e-04 8.8660e-01 9.8567e+04 1.3211e+01 2.2174e+00
4.4510e+01 9.8402e+04 1.4726e-04 8.7818e-01 9.8402e+04 1.4491e+01 2.1965e+00
4.4902e+01 9.8212e+04 1.6093e-04 8.6943e-01 9.8212e+04 1.5805e+01 2.1748e+00
4.5294e+01 9.8040e+04 1.7653e-04 8.6092e-01 9.8040e+04 1.7307e+01 2.1538e+00
4.5686e+01 9.7755e+04 1.8937e-04 8.5109e-01 9.7755e+04 1.8512e+01 2.1295e+00
4.6078e+01 9.7725e+04 2.1260e-04 8.4447e-01 9.7725e+04 2.0776e+01 2.1134e+00
4.6471e+01 9.7017e+04 2.1293e-04 8.2980e-01 9.7017e+04 2.0658e+01 2.0767e+00
4.6863e+01 9.7711e+04 2.6418e-04 8.3210e-01 9.7711e+04 2.5813e+01 2.0836e+00
4.7255e+01 9.5792e+04 2.2404e-04 8.0364e-01 9.5792e+04 2.1461e+01 2.0115e+00
4.7647e+01 9.7802e+04 3.2347e-04 8.2148e-01 9.7802e+04 3.1636e+01 2.0588e+00
4.8039e+01 9.5045e+04 2.5782e-04 7.8470e-01 9.5045e+04 2.4505e+01 1.9649e+00
4.8431e+01 9.6459e+04 3.3826e-04 7.9574e-01 9.6459e+04 3.2628e+01 1.9949e+00
4.8824e+01 9.5814e+04 3.3720e-04 7.8037e-01 9.5814e+04 3.2309e+01 1.9564e+00
4.9216e+01 9.1354e+04 3.6349e-04 7.7405e-01 9.1354e+04 3.3206e+01 1.9411e+00
4.9608e+01 1.1923e+05 3.7006e-04 7.6054e-01 1.1923e+05 4.4122e+01 1.9095e+00
5.0000e+01 3.5105e+04 3.9522e-04 7.5857e-01 3.5105e+04 1.3874e+01 1.8992e+00
5.0392e+01 1.2712e+04 4.3250e-04 7.5796e-01 1.2712e+04 5.4981e+00 1.8961e+00
5.0784e+01 9.3223e+03 4.7655e-04 7.5226e-01 9.3223e+03 4.4426e+00 1.8817e+00
5.1176e+01 9.6116e+03 6.0523e-04 7.5298e-01 9.6116e+03 5.8173e+00 1.8842e+00
5.1569e+01 1.0150e+04 7.7113e-04 7.5965e-01 1.0150e+04 7.8268e+00 1.9021e+00
5.1961e+01 1.0737e+04 8.4575e-04 7.5878e-01 1.0737e+04 9.0812e+00 1.9008e+00
5.2353e+01 1.1003e+04 8.4493e-04 7.5153e-01 1.1003e+04 9.2971e+00 1.8827e+00
5.2745e+01 1.1317e+04 8.8484e-04 7.4967e-01 1.1317e+04 1.0014e+01 1.8786e+00
5.3137e+01 1.1556e+04 9.8516e-04 7.5544e-01 1.1556e+04 1.1384e+01 1.8942e+00
5.3529e+01 1.1818e+04 1.0849e-03 7.6196e-01 1.1818e+04 1.2821e+01 1.9118e+00
5.3922e+01 1.1946e+04 1.1309e-03 7.6317e-01 1.1946e+04 1.3509e+01 1.9156e+00
5.4314e+01 1.2024e+04 1.1250e-03 7.5894e-01 1.2024e+04 1.3527e+01 1.9050e+00
5.4706e+01 1.2053e+04 1.1039e-03 7.5186e-01 1.2053e+04 1.3306e+01 1.8870e+00
5.5098e+01 1.2140e+04 1.1204e-03 7.4958e-01 1.2140e+04 1.3602e+01 1.8816e+00
5.5490e+01 1.2287e+04 1.2018e-03 7.5526e-01 1.2287e+04 1.4766e+01 1.8970e+00
5.5882e+01 1.2485e+04 1.3220e-03 7.6596e-01 1.2485e+04 1.6505e+01 1.9258e+00
5.6275e+01 1.2670e+04 1.4397e-03 7.7697e-01 1.2670e+04 1.8241e+01 1.9555e+00
5.6667e+01 1.2815e+04 1.5278e-03 7.8491e-01 1.2815e+04 1.9578e+01 1.9772e+00
5.7059e+01 1.2904e+04 1.5793e-03 7.8881e-01 1.2904e+04 2.0379e+01 1.9881e+00
5.7451e+01 1.2951e+04 1.6018e-03 7.8943e-01 1.2951e+04 2.0745e+01 1.9902e+00
5.7843e+01 1.2971e+04 1.6075e-03 7.8816e-01 1.2971e+04 2.0850e+01 1.9872e+00
5.8235e+01 1.2980e+04 1.6061e-03 7.8615e-01 1.2980e+04 2.0848e+01 1.9821e+00
5.8627e+01 1.2985e+04 1.6027e-03 7.8393e-01 1.2985e+04 2.0811e+01 1.9765e+00
5.9020e+01 1.2989e+04 1.5986e-03 7.8160e-01 1.2989e+04 2.0764e+01 1.9706e+00
5.9412e+01 1.2992e+04 1.5940e-03 7.7919e-01 1.2992e+04 2.0710e+01 1.9645e+00
5.9804e+01 1.2995e+04 1.5890e-03 7.7668e-01 1.2995e+04 2.0650e+01 1.9581e+00
6.0196e+01 1.2997e+04 1.5836e-03 7.7408e-01 1.2997e+04 2.0583e+01 1.9515e+00
6.0588e+01 1.2999e+04 1.5778e-03 7.7138e-01 1.2999e+04 2.0510e+01 1.9446e+00
6.0980e+01 1.3001e+04 1.5715e-03 7.6859e-01 1.3001e+04 2.0431e+01 1.9375e+00
6.1373e+01 1.3002e+04 1.5649e-03 7.6569e-01 1.3002e+04 2.0347e+01 1.9301e+00
6.1765e+01 1.3003e+04 1.5578e-03 7.6269e-01 1.3003e+04 2.0256e+01 1.9225e+00
6.2157e+01 1.3003e+04 1.5504e-03 7.5957e-01 1.3003e+04 2.0160e+01 1.9146e+00
6.2549e+01 1.3003e+04 1.5425e-03 7.5635e-01 1.3003e+04 2.0058e+01 1.9063e+00
6.2941e+01 1.3003e+04 1.5342e-03 7.5301e-01 1.3003e+04 1.9950e+01 1.8978e+00
6.3333e+01 1.3002e+04 1.5256e-03 7.4954e-01 1.3002e+04 1.9836e+01 1.8890e+00
6.3725e+01 1.3002e+04 1.5165e-03 7.4596e-01 1.3002e+04 1.9717e+01 1.8798e+00
6.4118e+01 1.3000e+04 1.5070e-03 7.4225e-01 1.3000e+04 1.9591e+01 1.8704e+00
6.4510e+01 1.2999e+04 1.4971e-03 7.3840e-01 1.2999e+04 1.9460e+01 1.8606e+00
6.4902e+01 1.2997e+04 1.4868e-03 7.3442e-01 1.2997e+04 1.9324e+01 1.8504e+00
6.5294e+01 1.2995e+04 1.4760e-03 7.3031e-01 1.2995e+04 1.9181e+01 1.8399e+00
6.5686e+01 1.2993e+04 1.4649e-03 7.2605e-01 1.2993e+04 1.9033e+01 1.8291e+00
6.6078e+01 1.2990e+04 1.4533e-03 7.2164e-01 1.2990e+04 1.8879e+01 1.8178e+00
6.6471e+01 1.2987e+04 1.4413e-03 7.1708e-01 1.2987e+04 1.8719e+01 1.8062e+00
6.6863e+01 1.2984e+04 1.4289e-03 7.1237e-01 1.2984e+04 1.8553e+01 1.7942e+00
6.7255e+01 1.2981e+04 1.4161e-03 7.0750e-01 1.2981e+04 1.8382e+01 1.7818e+00
6.7647e+01 1.2977e+04 1.4028e-03 7.0247e-01 1.2977e+04 1.8204e+01 1.7690e+00
6.8039e+01 1.2973e+04 1.3891e-03 6.9728e-01 1.2973e+04 1.8021e+01 1.7557e+00
6.8431e+01 1.2969e+04 1.3749e-03 6.9191e-01 1.2969e+04 1.7832e+01 1.7420e+00
6.8824e+01 1.2965e+04 1.3604e-03 6.8637e-01 1.2965e+04 1.7637e+01 1.7279e+00
6.9216e+01 1.2960e+04 1.3453e-03 6.8065e-01 1.2960e+04 1.7436e+01 1.7134e+00
6.9608e+01 1.2955e+04 1.3299e-03 6.7475e-01 1.2955e+04 1.7229e+01 1.6983e+00
7.0000e+01 1.2950e+04 1.3139e-03 6.6867e-01 1.2950e+04 1.7016e+01 1.6829e+00
7.0392e+01 1.2945e+04 1.2976e-03 6.6240e-01 1.2945e+04 1.6797e+01 1.6669e+00
7.0784e+01 1.2939e+04 1.2807e-03 6.5593e-01 1.2939e+04 1.6572e+01 1.6504e+00
7.1176e+01 1.2934e+04 1.2634e-03 6.4927e-01 1.2934e+04 1.6341e+01 1.6335e+00
7.1569e+01 1.2928e+04 1.2457e-03 6.4241e-01 1.2928e+04 1.6104e+01 1.6160e+00
7.1961e+01 1.2922e+04 1.2275e-03 6.3534e-01 1.2922e+04 1.5861e+01 1.5981e+00
7.2353e+01 1.2915e+04 1.2088e-03 6.2807e-01 1.2915e+04 1.5612e+01 1.5796e+00
7.2745e+01 1.2909e+04 1.1897e-03 6.2058e-01 1.2909e+04 1.5357e+01 1.5606e+00
7.3137e+01 1.2902e+04 1.1700e-03 6.1288e-01 1.2902e+04 1.5096e+01 1.5410e+00
7.3529e+01 1.2895e+04 1.1500e-03 6.0496e-01 1.2895e+04 1.4829e+01 1.5209e+00
7.3922e+01 1.2888e+04 1.1294e-03 5.9682e-01 1.2888e+04 1.4555e+01 1.5003e+00
7.4314e+01 1.2880e+04 1.1083e-03 5.8845e-01 1.2880e+04 1.4276e+01 1.4790e+00
7.4706e+01 1.2873e+04 1.0868e-03 5.7984e-01 1.2873e+04 1.3990e+01 1.4572e+00
7.5098e+01 1.2865e+04 1.0647e-03 5.7100e-01 1.2865e+04 1.3698e+01 1.4348e+00
7.5490e+01 1.2857e+04 1.0422e-03 5.6192e-01 1.2857e+04 1.3400e+01 1.4118e+00
7.5882e+01 1.2849e+04 1.0192e-03 5.5259e-01 1.2849e+04 1.3095e+01 1.3882e+00
7.6275e+01 1.2841e+04 9.9563e-04 5.4301e-01 1.2841e+04 1.2785e+01 1.3639e+00
7.6667e+01 1.2832e+04 9.7158e-04 5.3318e-01 1.2832e+04 1.2467e+01 1.3390e+00
7.7059e+01 1.2823e+04 9.4700e-04 5.2308e-01 1.2823e+04 1.2144e+01 1.3134e+00
7.7451e+01 1.2815e+04 9.2189e-04 5.1271e-01 1.2815e+04 1.1814e+01 1.2872e+00
7.7843e+01 1.2805e+04 8.9625e-04 5.0207e-01 1.2805e+04 1.1477e+01 1.2603e+00
7.8235e+01 1.2796e+04 8.7007e-04 4.9115e-01 1.2796e+04 1.1134e+01 1.2327e+00
7.8627e+01 1.2787e+04 8.4334e-04 4.7994e-01 1.2787e+04 1.0784e+01 1.2044e+00
7.9020e+01 1.2777e+04 8.1604e-04 4.6843e-01 1.2777e+04 1.0427e+01 1.1753e+00
7.9412e+01 1.2767e+04 7.8818e-04 4.5663e-01 1.2767e+04 1.0063e+01 1.1455e+00
7.9804e+01 1.2757e+04 7.5974e-04 4.4451e-01 1.2757e+04 9.6922e+00 1.1150e+00
8.0196e+01 1.2747e+04 7.3071e-04 4.3207e-01 1.2747e+04 9.3144e+00 1.0836e+00
8.0588e+01 1.2737e+04 7.0108e-04 4.1931e-01 1.2737e+04 8.9294e+00 1.0514e+00
8.0980e+01 1.2726e+04 6.7085e-04 4.0621e-01 1.2726e+04 8.5372e+00 1.0184e+00
8.1373e+01 1.2715e+04 6.3999e-04 3.9277e-01 1.2715e+04 8.1376e+00 9.8453e-01
8.1765e+01 1.2704e+04 6.0850e-04 3.7898e-01 1.2704e+04 7.7306e+00 9.4979e-01
8.2157e+01 1.2693e+04 5.7637e-04 3.6482e-01 1.2693e+04 7.3160e+00 9.1415e-01
8.2549e+01 1.2682e+04 5.4359e-04 3.5029e-01 1.2682e+04 6.8936e+00 8.7759e-01
8.2941e+01 1.2670e+04 5.1013e-04 3.3537e-01 1.2670e+04 6.4635e+00 8.4008e-01
8.3333e+01 1.2659e+04 4.7600e-04 3.2007e-01 1.2659e+04 6.0255e+00 8.0160e-01
8.3725e+01 1.2647e+04 4.4118e-04 3.0436e-01 1.2647e+04 5.5794e+00 7.6212e-01
8.4118e+01 1.2635e+04 4.0565e-04 2.8823e-01 1.2635e+04 5.1251e+00 7.2161e-01
8.4510e+01 1.2622e+04 3.6939e-04 2.7168e-01 1.2622e+04 4.6626e+00 6.8005e-01
8.4902e+01 1.2610e+04 3.3241e-04 2.5468e-01 1.2610e+04 4.1916e+00 6.3741e-01
8.5294e+01 1.2597e+04 2.9469e-04 2.3725e-01 1.2597e+04 3.7122e+00 5.9367e-01
8.5686e+01 1.2584e+04 2.5627e-04 2.1937e-01 1.2584e+04 3.2249e+00 5.4885e-01
8.6078e+01 1.2571e+04 2.1725e-04 2.0111e-01 1.2571e+04 2.7311e+00 5.0307e-01
8.6471e+01 1.2558e+04 1.7798e-04 1.8261e-01 1.2558e+04 2.2351e+00 4.5672e-01
8.6863e+01 1.2545e+04 1.3924e-04 1.6426e-01 1.2545e+04 1.7468e+00 4.1077e-01
8.7255e+01 1.2534e+04 1.0250e-04 1.4682e-01 1.2534e+04 1.2847e+00 3.6713e-01
8.7647e+01 1.2523e+04 6.9923e-05 1.3143e-01 1.2523e+04 8.7564e-01 3.2861e-01
8.8039e+01 1.2515e+04 4.3681e-05 1.1921e-01 1.2515e+04 5.4665e-01 2.9804e-01
8.8431e+01 1.2508e+04 2.4909e-05 1.1069e-01 1.2508e+04 3.1158e-01 2.7674e-01
8.8824e+01 1.2504e+04 1.3073e-05 1.0549e-01 1.2504e+04 1.6348e-01 2.6373e-01
8.9216e+01 1.2502e+04 6.4278e-06 1.0266e-01 1.2502e+04 8.0362e-02 2.5664e-01
8.9608e+01 1.2501e+04 3.0230e-06 1.0124e-01 1.2501e+04 3.7791e-02 2.5309e-01
9.0000e+01 1.2500e+04 1.3842e-06 1.0056e-01 1.2500e+04 1.7304e-02 2.5141e-01
9.0392e+01 1.2500e+04 6.2448e-07 1.0025e-01 1.2500e+04 7.8061e-03 2.5064e-01
9.0784e+01 1.2500e+04 2.7944e-07 1.0011e-01 1.2500e+04 3.4930e-03 2.5028e-01
9.1176e+01 1.2500e+04 1.2445e-07 1.0005e-01 1.2500e+04 1.5556e-03 2.5013e-01
9.1569e+01 1.2500e+04 5.5252e-08 1.0002e-01 1.2500e+04 6.9065e-04 2.5006e-01
9.1961e+01 1.2500e+04 2.4471e-08 1.0001e-01 1.2500e+04 3.0589e-04 2.5003e-01
9.2353e+01 1.2500e+04 1.0816e-08 1.0000e-01 1.2500e+04 1.3520e-04 2.5001e-01
9.2745e+01 1.2500e+04 4.7716e-09 1.0000e-01 1.2500e+04 5.9645e-05 2.5000e-01
9.3137e+01 1.2500e+04 2.1010e-09 1.0000e-01 1.2500e+04 2.6263e-05 2.5000e-01
9.3529e+01 1.2500e+04 9.2344e-10 1.0000e-01 1.2500e+04 1.1543e-05 2.5000e-01
9.3922e+01 1.2500e+04 4.0512e-10 1.0000e-01 1.2500e+04 5.0640e-06 2.5000e-01
9.4314e+01 1.2500e+04 1.7740e-10 1.0000e-01 1.2500e+04 2.2175e-06 2.5000e-01
9.4706e+01 1.2500e+04 7.7540e-11 1.0000e-01 1.2500e+04 9.6925e-07 2.5000e-01
9.5098e+01 1.2500e+04 3.3829e-11 1.0000e-01 1.2500e+04 4.2286e-07 2.5000e-01
9.5490e+01 1.2500e+04 1.4731e-11 1.0000e-01 1.2500e+04 1.8414e-07 2.5000e-01
9.5882e+01 1.2500e+04 6.4029e-12 1.0000e-01 1.2500e+04 8.0036e-08 2.5000e-01
9.6275e+01 1.2500e+04 2.7777e-12 1.0000e-01 1.2500e+04 3.4721e-08 2.5000e-01
9.6667e+01 1.2500e+04 1.2028e-12 1.0000e-01 1.2500e+04 1.5034e-08 2.5000e-01
9.7059e+01 1.2500e+04 5.1980e-13 1.0000e-01 1.2500e+04 6.4975e-09 2.5000e-01
9.7451e+01 1.2500e+04 2.2421e-13 1.0000e-01 1.2500e+04 2.8027e-09 2.5000e-01
9.7843e+01 1.2500e+04 9.6528e-14 1.0000e-01 1.2500e+04 1.2066e-09 2.5000e-01
9.8235e+01 1.2500e+04 4.1479e-14 1.0000e-01 1.2500e+04 5.1849e-10 2.5000e-01
9.8627e+01 1.2500e+04 1.7797e-14 1.0000e-01 1.2500e+04 2.2246e-10 2.5000e-01
9.9020e+01 1.2500e+04 7.6403e-15 1.0000e-01 1.2500e+04 9.5503e-11 2.5000e-01
9.9412e+01 1.2500e+04 3.3176e-15 1.0000e-01 1.2500e+04 4.1470e-11 2.5000e-01
9.9804e+01 1.2500e+04 1.5850e-15 1.0000e-01 1.2500e+04 1.9813e-11 2.5000e-01
