# # x Density Velocity Pressure q0 q1 q2
1.9608e-01 1.0000e+05 0.0000e+00 1.0000e+00 1.0000e+05 0.0000e+00 2.5000e+00
5.8824e-01 1.0000e+05 0.0000e+00 1.0000e+00 1.0000e+05 0.0000e+00 2.5000e+00
9.8039e-01 1.0000e+05 0.0000e+00 1.0000e+00 1.0000e+05 0.0000e+00 2.5000e+00
1.3725e+00 1.0000e+05 0.0000e+00 1.0000e+00 1.0000e+05 0.0000e+00 2.5000e+00
1.7647e+00 1.0000e+05 0.0000e+00 1.0000e+00 1.0000e+05 0.0000e+00 2.5000e+00
2.1569e+00 1.0000e+05 0.0000e+00 1.0000e+00 1.0000e+05 0.0000e+00 2.5000e+00
2.5490e+00 1.0000e+05 0.0000e+00 1.0000e+00 1.0000e+05 0.0000e+00 2.5000e+00
2.9412e+00 1.0000e+05 4.7562e-20 1.0000e+00 1.0000e+05 4.7562e-15 2.5000e+00
3.3333e+00 1.0000e+05 7.6495e-19 1.0000e+00 1.0000e+05 7.6495e-14 2.5000e+00
3.7255e+00 1.0000e+05 3.2130e-18 1.0000e+00 1.0000e+05 3.2130e-13 2.5000e+00
4.1176e+00 1.0000e+05 7.6258e-18 1.0000e+00 1.0000e+05 7.6258e-13 2.5000e+00
4.5098e+00 1.0000e+05 1.4008e-17 1.0000e+00 1.0000e+05 1.4008e-12 2.5000e+00
4.9020e+00 1.0000e+05 2.2470e-17 1.0000e+00 1.0000e+05 2.2470e-12 2.5000e+00
5.2941e+00 1.0000e+05 3.4414e-17 1.0000e+00 1.0000e+05 3.4414e-12 2.5000e+00
5.6863e+00 1.0000e+05 5.2425e-17 1.0000e+00 1.0000e+05 5.2425e-12 2.5000e+00
6.0784e+00 1.0000e+05 7.9643e-17 1.0000e+00 1.0000e+05 7.9643e-12 2.5000e+00
6.4706e+00 1.0000e+05 1.2295e-16 1.0000e+00 1.0000e+05 1.2295e-11 2.5000e+00
6.8627e+00 1.0000e+05 1.9251e-16 1.0000e+00 1.0000e+05 1.9251e-11 2.5000e+00
7.2549e+00 1.0000e+05 3.0475e-16 1.0000e+00 1.0000e+05 3.0475e-11 2.5000e+00
7.6471e+00 1.0000e+05 4.8534e-16 1.0000e+00 1.0000e+05 4.8534e-11 2.5000e+00
8.0392e+00 1.0000e+05 7.7625e-16 1.0000e+00 1.0000e+05 7.7625e-11 2.5000e+00
8.4314e+00 1.0000e+05 1.2440e-15 1.0000e+00 1.0000e+05 1.2440e-10 2.5000e+00
8.8235e+00 1.0000e+05 1.9919e-15 1.0000e+00 1.0000e+05 1.9919e-10 2.5000e+00
9.2157e+00 1.0000e+05 3.1817e-15 1.0000e+00 1.0000e+05 3.1817e-10 2.5000e+00
9.6078e+00 1.0000e+05 5.0668e-15 1.0000e+00 1.0000e+05 5.0668e-10 2.5000e+00
1.0000e+01 1.0000e+05 8.0408e-15 1.0000e+00 1.0000e+05 8.0408e-10 2.5000e+00
1.0392e+01 1.0000e+05 1.2712e-14 1.0000e+00 1.0000e+05 1.2712e-09 2.5000e+00
1.0784e+01 1.0000e+05 2.0016e-14 1.0000e+00 1.0000e+05 2.0016e-09 2.5000e+00
1.1176e+01 1.0000e+05 3.1387e-14 1.0000e+00 1.0000e+05 3.1387e-09 2.5000e+00
1.1569e+01 1.0000e+05 4.9008e-14 1.0000e+00 1.0000e+05 4.9008e-09 2.5000e+00
1.1961e+01 1.0000e+05 7.6193e-14 1.0000e+00 1.0000e+05 7.6193e-09 2.5000e+00
1.2353e+01 1.0000e+05 1.1795e-13 1.0000e+00 1.0000e+05 1.1795e-08 2.5000e+00
1.2745e+01 1.0000e+05 1.8179e-13 1.0000e+00 1.0000e+05 1.8179e-08 2.5000e+00
1.3137e+01 1.0000e+05 2.7898e-13 1.0000e+00 1.0000e+05 2.7898e-08 2.5000e+00
1.3529e+01 1.0000e+05 4.2625e-13 1.0000e+00 1.0000e+05 4.2625e-08 2.5000e+00
1.3922e+01 1.0000e+05 6.4842e-13 1.0000e+00 1.0000e+05 6.4842e-08 2.5000e+00
1.4314e+01 1.0000e+05 9.8207e-13 1.0000e+00 1.0000e+05 9.8207e-08 2.5000e+00
1.4706e+01 1.0000e+05 1.4809e-12 1.0000e+00 1.0000e+05 1.4809e-07 2.5000e+00
1.5098e+01 1.0000e+05 2.2232e-12 1.0000e+00 1.0000e+05 2.2232e-07 2.5000e+00
1.5490e+01 1.0000e+05 3.3231e-12 1.0000e+00 1.0000e+05 3.3231e-07 2.5000e+00
1.5882e+01 1.0000e+05 4.9452e-12 1.0000e+00 1.0000e+05 4.9452e-07 2.5000e+00
1.6275e+01 1.0000e+05 7.3266e-12 1.0000e+00 1.0000e+05 7.3266e-07 2.5000e+00
1.6667e+01 1.0000e+05 1.0807e-11 1.0000e+00 1.0000e+05 1.0807e-06 2.5000e+00
1.7059e+01 1.0000e+05 1.5870e-11 1.0000e+00 1.0000e+05 1.5870e-06 2.5000e+00
1.7451e+01 1.0000e+05 2.3202e-11 1.0000e+00 1.0000e+05 2.3202e-06 2.5000e+00
1.7843e+01 1.0000e+05 3.3772e-11 1.0000e+00 1.0000e+05 3.3772e-06 2.5000e+00
1.8235e+01 1.0000e+05 4.8939e-11 1.0000e+00 1.0000e+05 4.8939e-06 2.5000e+00
1.8627e+01 1.0000e+05 7.0603e-11 1.0000e+00 1.0000e+05 7.0603e-06 2.5000e+00
1.9020e+01 1.0000e+05 1.0141e-10 1.0000e+00 1.0000e+05 1.0141e-05 2.5000e+00
1.9412e+01 1.0000e+05 1.4500e-10 1.0000e+00 1.0000e+05 1.4500e-05 2.5000e+00
1.9804e+01 1.0000e+05 2.0641e-10 1.0000e+00 1.0000e+05 2.0641e-05 2.5000e+00
2.0196e+01 1.0000e+05 2.9253e-10 1.0000e+00 1.0000e+05 2.9253e-05 2.5000e+00
2.0588e+01 1.0000e+05 4.1272e-10 1.0000e+00 1.0000e+05 4.1272e-05 2.5000e+00
2.0980e+01 1.0000e+05 5.7971e-10 1.0000e+00 1.0000e+05 5.7971e-05 2.5000e+00
2.1373e+01 1.0000e+05 8.1064e-10 1.0000e+00 1.0000e+05 8.1064e-05 2.5000e+00
2.1765e+01 1.0000e+05 1.1285e-09 1.0000e+00 1.0000e+05 1.1285e-04 2.5000e+00
2.2157e+01 1.0000e+05 1.5640e-09 1.0000e+00 1.0000e+05 1.5640e-04 2.5000e+00
2.2549e+01 1.0000e+05 2.1579e-09 1.0000e+00 1.0000e+05 2.1579e-04 2.5000e+00
2.2941e+01 1.0000e+05 2.9640e-09 9.9999e-01 1.0000e+05 2.9640e-04 2.5000e+00
2.3333e+01 1.0000e+05 4.0531e-09 9.9999e-01 1.0000e+05 4.0531e-04 2.5000e+00
2.3725e+01 1.0000e+05 5.5175e-09 9.9999e-01 1.0000e+05 5.5175e-04 2.5000e+00
2.4118e+01 1.0000e+05 7.4777e-09 9.9999e-01 1.0000e+05 7.4777e-04 2.5000e+00
2.4510e+01 1.0000e+05 1.0089e-08 9.9998e-01 1.0000e+05 1.0089e-03 2.5000e+00
2.4902e+01 1.0000e+05 1.3551e-08 9.9997e-01 1.0000e+05 1.3551e-03 2.4999e+00
2.5294e+01 1.0000e+05 1.8120e-08 9.9997e-01 1.0000e+05 1.8120e-03 2.4999e+00
2.5686e+01 1.0000e+05 2.4122e-08 9.9995e-01 1.0000e+05 2.4122e-03 2.4999e+00
2.6078e+01 1.0000e+05 3.1969e-08 9.9994e-01 1.0000e+05 3.1969e-03 2.4999e+00
2.6471e+01 1.0000e+05 4.2180e-08 9.9992e-01 1.0000e+05 4.2180e-03 2.4998e+00
2.6863e+01 1.0000e+05 5.5404e-08 9.9990e-01 1.0000e+05 5.5404e-03 2.4998e+00
2.7255e+01 1.0000e+05 7.2451e-08 9.9987e-01 1.0000e+05 7.2451e-03 2.4997e+00
2.7647e+01 9.9999e+04 9.4322e-08 9.9983e-01 9.9999e+04 9.4321e-03 2.4996e+00
2.8039e+01 9.9999e+04 1.2225e-07 9.9979e-01 9.9999e+04 1.2225e-02 2.4995e+00
2.8431e+01 9.9999e+04 1.5775e-07 9.9973e-01 9.9999e+04 1.5775e-02 2.4993e+00
2.8824e+01 9.9999e+04 2.0265e-07 9.9966e-01 9.9999e+04 2.0265e-02 2.4991e+00
2.9216e+01 9.9998e+04 2.5918e-07 9.9957e-01 9.9998e+04 2.5918e-02 2.4989e+00
2.9608e+01 9.9998e+04 3.3003e-07 9.9946e-01 9.9998e+04 3.3002e-02 2.4987e+00
3.0000e+01 9.9997e+04 4.1839e-07 9.9933e-01 9.9997e+04 4.1838e-02 2.4983e+00
3.0392e+01 9.9997e+04 5.2809e-07 9.9916e-01 9.9997e+04 5.2807e-02 2.4979e+00
3.0784e+01 9.9996e+04 6.6363e-07 9.9896e-01 9.9996e+04 6.6360e-02 2.4974e+00
3.1176e+01 9.9995e+04 8.3032e-07 9.9872e-01 9.9995e+04 8.3028e-02 2.4968e+00
3.1569e+01 9.9993e+04 1.0344e-06 9.9843e-01 9.9993e+04 1.0343e-01 2.4961e+00
3.1961e+01 9.9992e+04 1.2830e-06 9.9808e-01 9.9992e+04 1.2829e-01 2.4952e+00
3.2353e+01 9.9989e+04 1.5844e-06 9.9767e-01 9.9989e+04 1.5843e-01 2.4942e+00
3.2745e+01 9.9987e+04 1.9483e-06 9.9718e-01 9.9987e+04 1.9481e-01 2.4930e+00
3.3137e+01 9.9984e+04 2.3855e-06 9.9660e-01 9.9984e+04 2.3851e-01 2.4915e+00
3.3529e+01 9.9980e+04 2.9084e-06 9.9593e-01 9.9980e+04 2.9078e-01 2.4898e+00
3.3922e+01 9.9975e+04 3.5308e-06 9.9514e-01 9.9975e+04 3.5299e-01 2.4878e+00
3.4314e+01 9.9969e+04 4.2683e-06 9.9422e-01 9.9969e+04 4.2669e-01 2.4855e+00
3.4706e+01 9.9962e+04 5.1381e-06 9.9315e-01 9.9962e+04 5.1362e-01 2.4829e+00
3.5098e+01 9.9954e+04 6.1594e-06 9.9193e-01 9.9954e+04 6.1566e-01 2.4798e+00
3.5490e+01 9.9945e+04 7.3531e-06 9.9053e-01 9.9945e+04 7.3491e-01 2.4763e+00
3.5882e+01 9.9933e+04 8.7420e-06 9.8894e-01 9.9933e+04 8.7362e-01 2.4724e+00
3.6275e+01 9.9920e+04 1.0351e-05 9.8713e-01 9.9920e+04 1.0342e+00 2.4678e+00
3.6667e+01 9.9904e+04 1.2206e-05 9.8509e-01 9.9904e+04 1.2194e+00 2.4627e+00
3.7059e+01 9.9885e+04 1.4335e-05 9.8280e-01 9.9885e+04 1.4319e+00 2.4570e+00
3.7451e+01 9.9864e+04 1.6769e-05 9.8025e-01 9.9864e+04 1.6746e+00 2.4506e+00
3.7843e+01 9.9839e+04 1.9539e-05 9.7740e-01 9.9839e+04 1.9507e+00 2.4435e+00
3.8235e+01 9.9810e+04 2.2677e-05 9.7426e-01 9.9810e+04 2.2634e+00 2.4357e+00
3.8627e+01 9.9777e+04 2.6217e-05 9.7079e-01 9.9777e+04 2.6158e+00 2.4270e+00
3.9020e+01 9.9739e+04 3.0193e-05 9.6700e-01 9.9739e+04 3.0114e+00 2.4175e+00
3.9412e+01 9.9695e+04 3.4641e-05 9.6285e-01 9.9695e+04 3.4535e+00 2.4072e+00
3.9804e+01 9.9646e+04 3.9595e-05 9.5835e-01 9.9646e+04 3.9454e+00 2.3960e+00
4.0196e+01 9.9590e+04 4.5090e-05 9.5349e-01 9.9590e+04 4.4905e+00 2.3838e+00
4.0588e+01 9.9527e+04 5.1160e-05 9.4826e-01 9.9527e+04 5.0918e+00 2.3708e+00
4.0980e+01 9.9456e+04 5.7838e-05 9.4266e-01 9.9456e+04 5.7523e+00 2.3568e+00
4.1373e+01 9.9377e+04 6.5155e-05 9.3670e-01 9.9377e+04 6.4749e+00 2.3420e+00
4.1765e+01 9.9289e+04 7.3141e-05 9.3037e-01 9.9289e+04 7.2621e+00 2.3262e+00
4.2157e+01 9.9191e+04 8.1822e-05 9.2368e-01 9.9191e+04 8.1160e+00 2.3095e+00
4.2549e+01 9.9083e+04 9.1222e-05 9.1665e-01 9.9083e+04 9.0385e+00 2.2920e+00
4.2941e+01 9.8964e+04 1.0136e-04 9.0930e-01 9.8964e+04 1.0031e+01 2.2738e+00
4.3333e+01 9.8833e+04 1.1225e-04 9.0164e-01 9.8833e+04 1.1094e+01 2.2547e+00
4.3725e+01 9.8689e+04 1.2392e-04 8.9370e-01 9.8689e+04 1.2230e+01 2.2350e+00
4.4118e+01 9.8532e+04 1.3633e-04 8.8550e-01 9.8532e+04 1.3433e+01 2.2147e+00
4.4510e+01 9.8365e+04 1.4964e-04 8.7711e-01 9.8365e+04 1.4719e+01 2.1939e+00
4.4902e+01 9.8172e+04 1.6331e-04 8.6839e-01 9.8172e+04 1.6032e+01 2.1723e+00
4.5294e+01 9.8002e+04 1.7907e-04 8.5998e-01 9.8002e+04 1.7549e+01 2.1515e+00
4.5686e+01 9.7706e+04 1.9160e-04 8.5009e-01 9.7706e+04 1.8720e+01 2.1270e+00
4.6078e+01 9.7695e+04 2.1559e-04 8.4378e-01 9.7695e+04 2.1062e+01 2.1117e+00
4.6471e+01 9.6945e+04 2.1449e-04 8.2870e-01 9.6945e+04 2.0794e+01 2.0740e+00
4.6863e+01 9.7700e+04 2.6790e-04 8.3179e-01 9.7700e+04 2.6174e+01 2.0830e+00
4.7255e+01 9.5711e+04 2.2530e-04 8.0261e-01 9.5711e+04 2.1564e+01 2.0089e+00
4.7647e+01 9.7758e+04 3.2604e-04 8.2094e-01 9.7758e+04 3.1873e+01 2.0575e+00
4.8039e+01 9.5033e+04 2.6159e-04 7.8465e-01 9.5033e+04 2.4860e+01 1.9649e+00
4.8431e+01 9.6350e+04 3.3861e-04 7.9464e-01 9.6350e+04 3.2625e+01 1.9921e+00
4.8824e+01 9.5805e+04 3.4019e-04 7.8022e-01 9.5805e+04 3.2592e+01 1.9561e+00
4.9216e+01 9.1188e+04 3.6634e-04 7.7394e-01 9.1188e+04 3.3406e+01 1.9410e+00
4.9608e+01 1.1950e+05 3.7204e-04 7.6021e-01 1.1950e+05 4.4460e+01 1.9088e+00
5.0000e+01 3.5648e+04 3.9591e-04 7.5790e-01 3.5648e+04 1.4114e+01 1.8975e+00
5.0392e+01 1.2846e+04 4.3695e-04 7.5798e-01 1.2846e+04 5.6130e+00 1.8962e+00
5.0784e+01 9.3197e+03 4.8313e-04 7.5267e-01 9.3197e+03 4.5026e+00 1.8828e+00
5.1176e+01 9.5655e+03 5.9371e-04 7.5158e-01 9.5655e+03 5.6792e+00 1.8806e+00
5.1569e+01 1.0102e+04 7.5979e-04 7.5820e-01 1.0102e+04 7.6758e+00 1.8984e+00
5.1961e+01 1.0715e+04 8.5447e-04 7.5941e-01 1.0715e+04 9.1557e+00 1.9024e+00
5.2353e+01 1.0991e+04 8.5743e-04 7.5256e-01 1.0991e+04 9.4244e+00 1.8855e+00
5.2745e+01 1.1290e+04 8.8055e-04 7.4890e-01 1.1290e+04 9.9416e+00 1.8766e+00
5.3137e+01 1.1517e+04 9.6816e-04 7.5327e-01 1.1517e+04 1.1150e+01 1.8886e+00
5.3529e+01 1.1786e+04 1.0725e-03 7.6025e-01 1.1786e+04 1.2640e+01 1.9074e+00
5.3922e+01 1.1934e+04 1.1323e-03 7.6292e-01 1.1934e+04 1.3512e+01 1.9149e+00
5.4314e+01 1.2026e+04 1.1375e-03 7.5973e-01 1.2026e+04 1.3679e+01 1.9071e+00
5.4706e+01 1.2053e+04 1.1159e-03 7.5319e-01 1.2053e+04 1.3451e+01 1.8905e+00
5.5098e+01 1.2123e+04 1.1175e-03 7.4917e-01 1.2123e+04 1.3547e+01 1.8805e+00
5.5490e+01 1.2249e+04 1.1815e-03 7.5283e-01 1.2249e+04 1.4472e+01 1.8906e+00
5.5882e+01 1.2437e+04 1.2937e-03 7.6254e-01 1.2437e+04 1.6090e+01 1.9168e+00
5.6275e+01 1.2626e+04 1.4139e-03 7.7375e-01 1.2626e+04 1.7852e+01 1.9470e+00
5.6667e+01 1.2783e+04 1.5106e-03 7.8265e-01 1.2783e+04 1.9311e+01 1.9712e+00
5.7059e+01 1.2886e+04 1.5716e-03 7.8765e-01 1.2886e+04 2.0251e+01 1.9850e+00
5.7451e+01 1.2943e+04 1.6012e-03 7.8909e-01 1.2943e+04 2.0724e+01 1.9893e+00
5.7843e+01 1.2969e+04 1.6106e-03 7.8827e-01 1.2969e+04 2.0888e+01 1.9875e+00
5.8235e+01 1.2980e+04 1.6107e-03 7.8642e-01 1.2980e+04 2.0907e+01 1.9829e+00
5.8627e+01 1.2986e+04 1.6077e-03 7.8428e-01 1.2986e+04 2.0878e+01 1.9775e+00
5.9020e+01 1.2990e+04 1.6038e-03 7.8202e-01 1.2990e+04 2.0834e+01 1.9717e+00
5.9412e+01 1.2994e+04 1.5995e-03 7.7966e-01 1.2994e+04 2.0783e+01 1.9658e+00
5.9804e+01 1.2997e+04 1.5947e-03 7.7722e-01 1.2997e+04 2.0726e+01 1.9596e+00
6.0196e+01 1.2999e+04 1.5895e-03 7.7469e-01 1.2999e+04 2.0662e+01 1.9531e+00
6.0588e+01 1.3001e+04 1.5839e-03 7.7206e-01 1.3001e+04 2.0593e+01 1.9465e+00
6.0980e+01 1.3003e+04 1.5778e-03 7.6934e-01 1.3003e+04 2.0517e+01 1.9395e+00
6.1373e+01 1.3004e+04 1.5714e-03 7.6652e-01 1.3004e+04 2.0436e+01 1.9324e+00
6.1765e+01 1.3005e+04 1.5646e-03 7.6360e-01 1.3005e+04 2.0348e+01 1.9249e+00
6.2157e+01 1.3006e+04 1.5574e-03 7.6057e-01 1.3006e+04 2.0256e+01 1.9172e+00
6.2549e+01 1.3006e+04 1.5498e-03 7.5743e-01 1.3006e+04 2.0157e+01 1.9092e+00
6.2941e+01 1.3006e+04 1.5418e-03 7.5419e-01 1.3006e+04 2.0053e+01 1.9009e+00
6.3333e+01 1.3006e+04 1.5334e-03 7.5082e-01 1.3006e+04 1.9943e+01 1.8923e+00
6.3725e+01 1.3005e+04 1.5246e-03 7.4734e-01 1.3005e+04 1.9827e+01 1.8835e+00
6.4118e+01 1.3004e+04 1.5154e-03 7.4373e-01 1.3004e+04 1.9706e+01 1.8743e+00
6.4510e+01 1.3003e+04 1.5058e-03 7.4000e-01 1.3003e+04 1.9579e+01 1.8647e+00
6.4902e+01 1.3001e+04 1.4958e-03 7.3614e-01 1.3001e+04 1.9447e+01 1.8549e+00
6.5294e+01 1.2999e+04 1.4854e-03 7.3214e-01 1.2999e+04 1.9308e+01 1.8447e+00
6.5686e+01 1.2997e+04 1.4745e-03 7.2801e-01 1.2997e+04 1.9164e+01 1.8342e+00
6.6078e+01 1.2994e+04 1.4633e-03 7.2373e-01 1.2994e+04 1.9015e+01 1.8232e+00
6.6471e+01 1.2992e+04 1.4516e-03 7.1931e-01 1.2992e+04 1.8859e+01 1.8120e+00
6.6863e+01 1.2989e+04 1.4396e-03 7.1474e-01 1.2989e+04 1.8698e+01 1.8003e+00
6.7255e+01 1.2985e+04 1.4271e-03 7.1002e-01 1.2985e+04 1.8531e+01 1.7883e+00
6.7647e+01 1.2982e+04 1.4142e-03 7.0514e-01 1.2982e+04 1.8359e+01 1.7758e+00
6.8039e+01 1.2978e+04 1.4008e-03 7.0010e-01 1.2978e+04 1.8180e+01 1.7630e+00
6.8431e+01 1.2974e+04 1.3871e-03 6.9490e-01 1.2974e+04 1.7996e+01 1.7497e+00
6.8824e+01 1.2970e+04 1.3729e-03 6.8953e-01 1.2970e+04 1.7806e+01 1.7360e+00
6.9216e+01 1.2966e+04 1.3582e-03 6.8398e-01 1.2966e+04 1.7610e+01 1.7219e+00
6.9608e+01 1.2961e+04 1.3432e-03 6.7826e-01 1.2961e+04 1.7409e+01 1.7074e+00
7.0000e+01 1.2956e+04 1.3277e-03 6.7236e-01 1.2956e+04 1.7201e+01 1.6923e+00
7.0392e+01 1.2951e+04 1.3117e-03 6.6628e-01 1.2951e+04 1.6988e+01 1.6768e+00
7.0784e+01 1.2946e+04 1.2953e-03 6.6001e-01 1.2946e+04 1.6769e+01 1.6609e+00
7.1176e+01 1.2940e+04 1.2785e-03 6.5355e-01 1.2940e+04 1.6543e+01 1.6445e+00
7.1569e+01 1.2934e+04 1.2611e-03 6.4690e-01 1.2934e+04 1.6312e+01 1.6275e+00
7.1961e+01 1.2928e+04 1.2434e-03 6.4005e-01 1.2928e+04 1.6075e+01 1.6101e+00
7.2353e+01 1.2922e+04 1.2252e-03 6.3300e-01 1.2922e+04 1.5832e+01 1.5922e+00
7.2745e+01 1.2916e+04 1.2065e-03 6.2574e-01 1.2916e+04 1.5583e+01 1.5737e+00
7.3137e+01 1.2909e+04 1.1874e-03 6.1827e-01 1.2909e+04 1.5328e+01 1.5548e+00
7.3529e+01 1.2902e+04 1.1678e-03 6.1059e-01 1.2902e+04 1.5067e+01 1.5353e+00
7.3922e+01 1.2895e+04 1.1477e-03 6.0269e-01 1.2895e+04 1.4800e+01 1.5152e+00
7.4314e+01 1.2888e+04 1.1271e-03 5.9457e-01 1.2888e+04 1.4527e+01 1.4946e+00
7.4706e+01 1.2881e+04 1.1061e-03 5.8622e-01 1.2881e+04 1.4247e+01 1.4734e+00
7.5098e+01 1.2873e+04 1.0846e-03 5.7765e-01 1.2873e+04 1.3962e+01 1.4517e+00
7.5490e+01 1.2865e+04 1.0626e-03 5.6884e-01 1.2865e+04 1.3671e+01 1.4294e+00
7.5882e+01 1.2858e+04 1.0401e-03 5.5980e-01 1.2858e+04 1.3373e+01 1.4064e+00
7.6275e+01 1.2849e+04 1.0171e-03 5.5051e-01 1.2849e+04 1.3069e+01 1.3829e+00
7.6667e+01 1.2841e+04 9.9362e-04 5.4097e-01 1.2841e+04 1.2759e+01 1.3588e+00
7.7059e+01 1.2833e+04 9.6962e-04 5.3118e-01 1.2833e+04 1.2443e+01 1.3340e+00
7.7451e+01 1.2824e+04 9.4511e-04 5.2113e-01 1.2824e+04 1.2120e+01 1.3085e+00
7.7843e+01 1.2815e+04 9.2007e-04 5.1081e-01 1.2815e+04 1.1791e+01 1.2825e+00
7.8235e+01 1.2806e+04 8.9451e-04 5.0022e-01 1.2806e+04 1.1455e+01 1.2557e+00
7.8627e+01 1.2797e+04 8.6841e-04 4.8936e-01 1.2797e+04 1.1113e+01 1.2282e+00
7.9020e+01 1.2787e+04 8.4177e-04 4.7821e-01 1.2787e+04 1.0764e+01 1.2001e+00
7.9412e+01 1.2777e+04 8.1458e-04 4.6678e-01 1.2777e+04 1.0408e+01 1.1712e+00
7.9804e+01 1.2768e+04 7.8682e-04 4.5504e-01 1.2768e+04 1.0046e+01 1.1416e+00
8.0196e+01 1.2758e+04 7.5849e-04 4.4300e-01 1.2758e+04 9.6765e+00 1.1112e+00
8.0588e+01 1.2747e+04 7.2959e-04 4.3064e-01 1.2747e+04 9.3003e+00 1.0800e+00
8.0980e+01 1.2737e+04 7.0009e-04 4.1797e-01 1.2737e+04 8.9170e+00 1.0480e+00
8.1373e+01 1.2726e+04 6.6999e-04 4.0496e-01 1.2726e+04 8.5266e+00 1.0153e+00
8.1765e+01 1.2716e+04 6.3928e-04 3.9162e-01 1.2716e+04 8.1289e+00 9.8164e-01
8.2157e+01 1.2705e+04 6.0795e-04 3.7793e-01 1.2705e+04 7.7239e+00 9.4717e-01
8.2549e+01 1.2694e+04 5.7599e-04 3.6388e-01 1.2694e+04 7.3114e+00 9.1180e-01
8.2941e+01 1.2682e+04 5.4338e-04 3.4947e-01 1.2682e+04 6.8913e+00 8.7554e-01
8.3333e+01 1.2671e+04 5.1011e-04 3.3468e-01 1.2671e+04 6.4635e+00 8.3834e-01
8.3725e+01 1.2659e+04 4.7618e-04 3.1950e-01 1.2659e+04 6.0280e+00 8.0019e-01
8.4118e+01 1.2647e+04 4.4156e-04 3.0393e-01 1.2647e+04 5.5845e+00 7.6105e-01
8.4510e+01 1.2635e+04 4.0625e-04 2.8795e-01 1.2635e+04 5.1331e+00 7.2091e-01
8.4902e+01 1.2623e+04 3.7023e-04 2.7155e-01 1.2623e+04 4.6734e+00 6.7974e-01
8.5294e+01 1.2610e+04 3.3349e-04 2.5472e-01 1.2610e+04 4.2055e+00 6.3751e-01
8.5686e+01 1.2598e+04 2.9603e-04 2.3746e-01 1.2598e+04 3.7293e+00 5.9420e-01
8.6078e+01 1.2585e+04 2.5787e-04 2.1977e-01 1.2585e+04 3.2453e+00 5.4983e-01
8.6471e+01 1.2572e+04 2.1911e-04 2.0168e-01 1.2572e+04 2.7547e+00 5.0451e-01
8.6863e+01 1.2559e+04 1.8008e-04 1.8336e-01 1.2559e+04 2.2616e+00 4.5860e-01
8.7255e+01 1.2546e+04 1.4150e-04 1.6515e-01 1.2546e+04 1.7753e+00 4.1299e-01
8.7647e+01 1.2534e+04 1.0478e-04 1.4777e-01 1.2534e+04 1.3133e+00 3.6949e-01
8.8039e+01 1.2524e+04 7.2000e-05 1.3232e-01 1.2524e+04 9.0171e-01 3.3083e-01
8.8431e+01 1.2515e+04 4.5360e-05 1.1993e-01 1.2515e+04 5.6768e-01 2.9984e-01
8.8824e+01 1.2509e+04 2.6093e-05 1.1119e-01 1.2509e+04 3.2639e-01 2.7799e-01
8.9216e+01 1.2505e+04 1.3805e-05 1.0579e-01 1.2505e+04 1.7263e-01 2.6448e-01
8.9608e+01 1.2502e+04 6.8329e-06 1.0282e-01 1.2502e+04 8.5428e-02 2.5705e-01
9.0000e+01 1.2501e+04 3.2301e-06 1.0132e-01 1.2501e+04 4.0380e-02 2.5330e-01
9.0392e+01 1.2501e+04 1.4849e-06 1.0060e-01 1.2501e+04 1.8562e-02 2.5151e-01
9.0784e+01 1.2500e+04 6.7207e-07 1.0027e-01 1.2500e+04 8.4010e-03 2.5068e-01
9.1176e+01 1.2500e+04 3.0158e-07 1.0012e-01 1.2500e+04 3.7698e-03 2.5031e-01
9.1569e+01 1.2500e+04 1.3467e-07 1.0005e-01 1.2500e+04 1.6833e-03 2.5014e-01
9.1961e+01 1.2500e+04 5.9940e-08 1.0002e-01 1.2500e+04 7.4926e-04 2.5006e-01
9.2353e+01 1.2500e+04 2.6615e-08 1.0001e-01 1.2500e+04 3.3269e-04 2.5003e-01
9.2745e+01 1.2500e+04 1.1794e-08 1.0000e-01 1.2500e+04 1.4742e-04 2.5001e-01
9.3137e+01 1.2500e+04 5.2160e-09 1.0000e-01 1.2500e+04 6.5200e-05 2.5001e-01
9.3529e+01 1.2500e+04 2.3027e-09 1.0000e-01 1.2500e+04 2.8783e-05 2.5000e-01
9.3922e+01 1.2500e+04 1.0147e-09 1.0000e-01 1.2500e+04 1.2684e-05 2.5000e-01
9.4314e+01 1.2500e+04 4.4631e-10 1.0000e-01 1.2500e+04 5.5789e-06 2.5000e-01
9.4706e+01 1.2500e+04 1.9596e-10 1.0000e-01 1.2500e+04 2.4495e-06 2.5000e-01
9.5098e+01 1.2500e+04 8.5880e-11 1.0000e-01 1.2500e+04 1.0735e-06 2.5000e-01
9.5490e+01 1.2500e+04 3.7569e-11 1.0000e-01 1.2500e+04 4.6961e-07 2.5000e-01
9.5882e+01 1.2500e+04 1.6404e-11 1.0000e-01 1.2500e+04 2.0505e-07 2.5000e-01
9.6275e+01 1.2500e+04 7.1497e-12 1.0000e-01 1.2500e+04 8.9371e-08 2.5000e-01
9.6667e+01 1.2500e+04 3.1103e-12 1.0000e-01 1.2500e+04 3.8879e-08 2.5000e-01
9.7059e+01 1.2500e+04 1.3506e-12 1.0000e-01 1.2500e+04 1.6882e-08 2.5000e-01
9.7451e+01 1.2500e+04 5.8534e-13 1.0000e-01 1.2500e+04 7.3168e-09 2.5000e-01
9.7843e+01 1.2500e+04 2.5321e-13 1.0000e-01 1.2500e+04 3.1652e-09 2.5000e-01
9.8235e+01 1.2500e+04 1.0934e-13 1.0000e-01 1.2500e+04 1.3668e-09 2.5000e-01
9.8627e+01 1.2500e+04 4.7149e-14 1.0000e-01 1.2500e+04 5.8936e-10 2.5000e-01
9.9020e+01 1.2500e+04 2.0351e-14 1.0000e-01 1.2500e+04 2.5438e-10 2.5000e-01
9.9412e+01 1.2500e+04 8.8917e-15 1.0000e-01 1.2500e+04 1.1115e-10 2.5000e-01
9.9804e+01 1.2500e+04 4.2884e-15 1.0000e-01 1.2500e+04 5.3605e-11 2.5000e-01
