# # x Density Velocity Pressure q0 q1 q2
1.9608e-01 1.0000e+05 0.0000e+00 1.0000e+00 1.0000e+05 0.0000e+00 2.5000e+00
5.8824e-01 1.0000e+05 0.0000e+00 1.0000e+00 1.0000e+05 0.0000e+00 2.5000e+00
9.8039e-01 1.0000e+05 0.0000e+00 1.0000e+00 1.0000e+05 0.0000e+00 2.5000e+00
1.3725e+00 1.0000e+05 0.0000e+00 1.0000e+00 1.0000e+05 0.0000e+00 2.5000e+00
1.7647e+00 1.0000e+05 0.0000e+00 1.0000e+00 1.0000e+05 0.0000e+00 2.5000e+00
2.1569e+00 1.0000e+05 0.0000e+00 1.0000e+00 1.0000e+05 0.0000e+00 2.5000e+00
2.5490e+00 1.0000e+05 0.0000e+00 1.0000e+00 1.0000e+05 0.0000e+00 2.5000e+00
2.9412e+00 1.0000e+05 7.0211e-20 1.0000e+00 1.0000e+05 7.0211e-15 2.5000e+00
3.3333e+00 1.0000e+05 8.8188e-19 1.0000e+00 1.0000e+05 8.8188e-14 2.5000e+00
3.7255e+00 1.0000e+05 3.4833e-18 1.0000e+00 1.0000e+05 3.4833e-13 2.5000e+00
4.1176e+00 1.0000e+05 8.0450e-18 1.0000e+00 1.0000e+05 8.0450e-13 2.5000e+00
4.5098e+00 1.0000e+05 1.4580e-17 1.0000e+00 1.0000e+05 1.4580e-12 2.5000e+00
4.9020e+00 1.0000e+05 2.3239e-17 1.0000e+00 1.0000e+05 2.3239e-12 2.5000e+00
5.2941e+00 1.0000e+05 3.5525e-17 1.0000e+00 1.0000e+05 3.5525e-12 2.5000e+00
5.6863e+00 1.0000e+05 5.4108e-17 1.0000e+00 1.0000e+05 5.4108e-12 2.5000e+00
6.0784e+00 1.0000e+05 8.2258e-17 1.0000e+00 1.0000e+05 8.2258e-12 2.5000e+00
6.4706e+00 1.0000e+05 1.2705e-16 1.0000e+00 1.0000e+05 1.2705e-11 2.5000e+00
6.8627e+00 1.0000e+05 1.9906e-16 1.0000e+00 1.0000e+05 1.9906e-11 2.5000e+00
7.2549e+00 1.0000e+05 3.1523e-16 1.0000e+00 1.0000e+05 3.1523e-11 2.5000e+00
7.6471e+00 1.0000e+05 5.0208e-16 1.0000e+00 1.0000e+05 5.0208e-11 2.5000e+00
8.0392e+00 1.0000e+05 8.0291e-16 1.0000e+00 1.0000e+05 8.0291e-11 2.5000e+00
8.4314e+00 1.0000e+05 1.2863e-15 1.0000e+00 1.0000e+05 1.2863e-10 2.5000e+00
8.8235e+00 1.0000e+05 2.0589e-15 1.0000e+00 1.0000e+05 2.0589e-10 2.5000e+00
9.2157e+00 1.0000e+05 3.2871e-15 1.0000e+00 1.0000e+05 3.2871e-10 2.5000e+00
9.6078e+00 1.0000e+05 5.2321e-15 1.0000e+00 1.0000e+05 5.2321e-10 2.5000e+00
1.0000e+01 1.0000e+05 8.2986e-15 1.0000e+00 1.0000e+05 8.2986e-10 2.5000e+00
1.0392e+01 1.0000e+05 1.3112e-14 1.0000e+00 1.0000e+05 1.3112e-09 2.5000e+00
1.0784e+01 1.0000e+05 2.0635e-14 1.0000e+00 1.0000e+05 2.0635e-09 2.5000e+00
1.1176e+01 1.0000e+05 3.2339e-14 1.0000e+00 1.0000e+05 3.2339e-09 2.5000e+00
1.1569e+01 1.0000e+05 5.0467e-14 1.0000e+00 1.0000e+05 5.0467e-09 2.5000e+00
1.1961e+01 1.0000e+05 7.8420e-14 1.0000e+00 1.0000e+05 7.8420e-09 2.5000e+00
1.2353e+01 1.0000e+05 1.2133e-13 1.0000e+00 1.0000e+05 1.2133e-08 2.5000e+00
1.2745e+01 1.0000e+05 1.8690e-13 1.0000e+00 1.0000e+05 1.8690e-08 2.5000e+00
1.3137e+01 1.0000e+05 2.8666e-13 1.0000e+00 1.0000e+05 2.8666e-08 2.5000e+00
1.3529e+01 1.0000e+05 4.3775e-13 1.0000e+00 1.0000e+05 4.3775e-08 2.5000e+00
1.3922e+01 1.0000e+05 6.6557e-13 1.0000e+00 1.0000e+05 6.6557e-08 2.5000e+00
1.4314e+01 1.0000e+05 1.0075e-12 1.0000e+00 1.0000e+05 1.0075e-07 2.5000e+00
1.4706e+01 1.0000e+05 1.5185e-12 1.0000e+00 1.0000e+05 1.5185e-07 2.5000e+00
1.5098e+01 1.0000e+05 2.2785e-12 1.0000e+00 1.0000e+05 2.2785e-07 2.5000e+00
1.5490e+01 1.0000e+05 3.4039e-12 1.0000e+00 1.0000e+05 3.4039e-07 2.5000e+00
1.5882e+01 1.0000e+05 5.0629e-12 1.0000e+00 1.0000e+05 5.0629e-07 2.5000e+00
1.6275e+01 1.0000e+05 7.4972e-12 1.0000e+00 1.0000e+05 7.4972e-07 2.5000e+00
1.6667e+01 1.0000e+05 1.1053e-11 1.0000e+00 1.0000e+05 1.1053e-06 2.5000e+00
1.7059e+01 1.0000e+05 1.6224e-11 1.0000e+00 1.0000e+05 1.6224e-06 2.5000e+00
1.7451e+01 1.0000e+05 2.3708e-11 1.0000e+00 1.0000e+05 2.3708e-06 2.5000e+00
1.7843e+01 1.0000e+05 3.4491e-11 1.0000e+00 1.0000e+05 3.4491e-06 2.5000e+00
1.8235e+01 1.0000e+05 4.9958e-11 1.0000e+00 1.0000e+05 4.9958e-06 2.5000e+00
1.8627e+01 1.0000e+05 7.2038e-11 1.0000e+00 1.0000e+05 7.2038e-06 2.5000e+00
1.9020e+01 1.0000e+05 1.0342e-10 1.0000e+00 1.0000e+05 1.0342e-05 2.5000e+00
1.9412e+01 1.0000e+05 1.4781e-10 1.0000e+00 1.0000e+05 1.4781e-05 2.5000e+00
1.9804e+01 1.0000e+05 2.1032e-10 1.0000e+00 1.0000e+05 2.1032e-05 2.5000e+00
2.0196e+01 1.0000e+05 2.9793e-10 1.0000e+00 1.0000e+05 2.9793e-05 2.5000e+00
2.0588e+01 1.0000e+05 4.2015e-10 1.0000e+00 1.0000e+05 4.2015e-05 2.5000e+00
2.0980e+01 1.0000e+05 5.8989e-10 1.0000e+00 1.0000e+05 5.8989e-05 2.5000e+00
2.1373e+01 1.0000e+05 8.2452e-10 1.0000e+00 1.0000e+05 8.2452e-05 2.5000e+00
2.1765e+01 1.0000e+05 1.1473e-09 1.0000e+00 1.0000e+05 1.1473e-04 2.5000e+00
2.2157e+01 1.0000e+05 1.5894e-09 1.0000e+00 1.0000e+05 1.5894e-04 2.5000e+00
2.2549e+01 1.0000e+05 2.1920e-09 1.0000e+00 1.0000e+05 2.1920e-04 2.5000e+00
2.2941e+01 1.0000e+05 3.0096e-09 9.9999e-01 1.0000e+05 3.0096e-04 2.5000e+00
2.3333e+01 1.0000e+05 4.1138e-09 9.9999e-01 1.0000e+05 4.1138e-04 2.5000e+00
2.3725e+01 1.0000e+05 5.5980e-09 9.9999e-01 1.0000e+05 5.5980e-04 2.5000e+00
2.4118e+01 1.0000e+05 7.5837e-09 9.9999e-01 1.0000e+05 7.5837e-04 2.5000e+00
2.4510e+01 1.0000e+05 1.0228e-08 9.9998e-01 1.0000e+05 1.0228e-03 2.5000e+00
2.4902e+01 1.0000e+05 1.3733e-08 9.9997e-01 1.0000e+05 1.3733e-03 2.4999e+00
2.5294e+01 1.0000e+05 1.8356e-08 9.9997e-01 1.0000e+05 1.8356e-03 2.4999e+00
2.5686e+01 1.0000e+05 2.4427e-08 9.9995e-01 1.0000e+05 2.4427e-03 2.4999e+00
2.6078e+01 1.0000e+05 3.2361e-08 9.9994e-01 1.0000e+05 3.2361e-03 2.4999e+00
2.6471e+01 1.0000e+05 4.2681e-08 9.9992e-01 1.0000e+05 4.2681e-03 2.4998e+00
2.6863e+01 1.0000e+05 5.6042e-08 9.9990e-01 1.0000e+05 5.6042e-03 2.4997e+00
2.7255e+01 1.0000e+05 7.3260e-08 9.9987e-01 1.0000e+05 7.3259e-03 2.4997e+00
2.7647e+01 9.9999e+04 9.5341e-08 9.9983e-01 9.9999e+04 9.5341e-03 2.4996e+00
2.8039e+01 9.9999e+04 1.2353e-07 9.9979e-01 9.9999e+04 1.2353e-02 2.4995e+00
2.8431e+01 9.9999e+04 1.5934e-07 9.9973e-01 9.9999e+04 1.5934e-02 2.4993e+00
2.8824e+01 9.9999e+04 2.0463e-07 9.9966e-01 9.9999e+04 2.0463e-02 2.4991e+00
2.9216e+01 9.9998e+04 2.6164e-07 9.9957e-01 9.9998e+04 2.6163e-02 2.4989e+00
2.9608e+01 9.9998e+04 3.3305e-07 9.9946e-01 9.9998e+04 3.3304e-02 2.4986e+00
3.0000e+01 9.9997e+04 4.2209e-07 9.9932e-01 9.9997e+04 4.2208e-02 2.4983e+00
3.0392e+01 9.9997e+04 5.3259e-07 9.9916e-01 9.9997e+04 5.3258e-02 2.4979e+00
3.0784e+01 9.9996e+04 6.6909e-07 9.9896e-01 9.9996e+04 6.6906e-02 2.4974e+00
3.1176e+01 9.9995e+04 8.3691e-07 9.9871e-01 9.9995e+04 8.3686e-02 2.4968e+00
3.1569e+01 9.9993e+04 1.0423e-06 9.9842e-01 9.9993e+04 1.0422e-01 2.4961e+00
3.1961e+01 9.9991e+04 1.2924e-06 9.9807e-01 9.9991e+04 1.2923e-01 2.4952e+00
3.2353e+01 9.9989e+04 1.5956e-06 9.9766e-01 9.9989e+04 1.5955e-01 2.4941e+00
3.2745e+01 9.9987e+04 1.9616e-06 9.9717e-01 9.9987e+04 1.9613e-01 2.4929e+00
3.3137e+01 9.9983e+04 2.4011e-06 9.9659e-01 9.9983e+04 2.4007e-01 2.4915e+00
3.3529e+01 9.9980e+04 2.9266e-06 9.9591e-01 9.9980e+04 2.9260e-01 2.4898e+00
3.3922e+01 9.9975e+04 3.5521e-06 9.9511e-01 9.9975e+04 3.5512e-01 2.4878e+00
3.4314e+01 9.9969e+04 4.2929e-06 9.9419e-01 9.9969e+04 4.2916e-01 2.4855e+00
3.4706e+01 9.9962e+04 5.1666e-06 9.9312e-01 9.9962e+04 5.1646e-01 2.4828e+00
3.5098e+01 9.9954e+04 6.1921e-06 9.9190e-01 9.9954e+04 6.1893e-01 2.4797e+00
3.5490e+01 9.9944e+04 7.3905e-06 9.9049e-01 9.9944e+04 7.3864e-01 2.4762e+00
3.5882e+01 9.9933e+04 8.7845e-06 9.8890e-01 9.9933e+04 8.7786e-01 2.4722e+00
3.6275e+01 9.9919e+04 1.0399e-05 9.8708e-01 9.9919e+04 1.0390e+00 2.4677e+00
3.6667e+01 9.9903e+04 1.2260e-05 9.8504e-01 9.9903e+04 1.2248e+00 2.4626e+00
3.7059e+01 9.9885e+04 1.4396e-05 9.8275e-01 9.9885e+04 1.4379e+00 2.4569e+00
3.7451e+01 9.9863e+04 1.6837e-05 9.8019e-01 9.9863e+04 1.6814e+00 2.4505e+00
3.7843e+01 9.9838e+04 1.9614e-05 9.7734e-01 9.9838e+04 1.9582e+00 2.4434e+00
3.8235e+01 9.9809e+04 2.2760e-05 9.7419e-01 9.9809e+04 2.2716e+00 2.4355e+00
3.8627e+01 9.9776e+04 2.6308e-05 9.7072e-01 9.9776e+04 2.6249e+00 2.4268e+00
3.9020e+01 9.9737e+04 3.0293e-05 9.6691e-01 9.9737e+04 3.0213e+00 2.4173e+00
3.9412e+01 9.9694e+04 3.4749e-05 9.6277e-01 9.9694e+04 3.4643e+00 2.4070e+00
3.9804e+01 9.9644e+04 3.9712e-05 9.5827e-01 9.9644e+04 3.9571e+00 2.3957e+00
4.0196e+01 9.9588e+04 4.5216e-05 9.5340e-01 9.9588e+04 4.5030e+00 2.3836e+00
4.0588e+01 9.9525e+04 5.1296e-05 9.4817e-01 9.9525e+04 5.1052e+00 2.3705e+00
4.0980e+01 9.9454e+04 5.7983e-05 9.4257e-01 9.9454e+04 5.7667e+00 2.3566e+00
4.1373e+01 9.9375e+04 6.5310e-05 9.3660e-01 9.9375e+04 6.4902e+00 2.3417e+00
4.1765e+01 9.9287e+04 7.3305e-05 9.3026e-01 9.9287e+04 7.2782e+00 2.3259e+00
4.2157e+01 9.9189e+04 8.1994e-05 9.2358e-01 9.9189e+04 8.1329e+00 2.3093e+00
4.2549e+01 9.9080e+04 9.1403e-05 9.1655e-01 9.9080e+04 9.0562e+00 2.2918e+00
4.2941e+01 9.8961e+04 1.0155e-04 9.0920e-01 9.8961e+04 1.0049e+01 2.2735e+00
4.3333e+01 9.8830e+04 1.1245e-04 9.0154e-01 9.8830e+04 1.1113e+01 2.2545e+00
4.3725e+01 9.8686e+04 1.2412e-04 8.9360e-01 9.8686e+04 1.2249e+01 2.2348e+00
4.4118e+01 9.8529e+04 1.3654e-04 8.8540e-01 9.8529e+04 1.3453e+01 2.2144e+00
4.4510e+01 9.8362e+04 1.4985e-04 8.7702e-01 9.8362e+04 1.4740e+01 2.1936e+00
4.4902e+01 9.8169e+04 1.6352e-04 8.6830e-01 9.8169e+04 1.6053e+01 2.1721e+00
4.5294e+01 9.7999e+04 1.7930e-04 8.5990e-01 9.7999e+04 1.7571e+01 2.1513e+00
4.5686e+01 9.7701e+04 1.9180e-04 8.5000e-01 9.7701e+04 1.8739e+01 2.1268e+00
4.6078e+01 9.7692e+04 2.1586e-04 8.4372e-01 9.7692e+04 2.1088e+01 2.1116e+00
4.6471e+01 9.6939e+04 2.1463e-04 8.2860e-01 9.6939e+04 2.0806e+01 2.0737e+00
4.6863e+01 9.7699e+04 2.6824e-04 8.3176e-01 9.7699e+04 2.6206e+01 2.0829e+00
4.7255e+01 9.5704e+04 2.2542e-04 8.0252e-01 9.5704e+04 2.1573e+01 2.0087e+00
4.7647e+01 9.7753e+04 3.2627e-04 8.2089e-01 9.7753e+04 3.1894e+01 2.0574e+00
4.8039e+01 9.5032e+04 2.6194e-04 7.8464e-01 9.5032e+04 2.4892e+01 1.9649e+00
4.8431e+01 9.6340e+04 3.3864e-04 7.9455e-01 9.6340e+04 3.2625e+01 1.9919e+00
4.8824e+01 9.5804e+04 3.4045e-04 7.8020e-01 9.5804e+04 3.2617e+01 1.9561e+00
4.9216e+01 9.1173e+04 3.6660e-04 7.7393e-01 9.1173e+04 3.3424e+01 1.9409e+00
4.9608e+01 1.1953e+05 3.7222e-04 7.6018e-01 1.1953e+05 4.4491e+01 1.9087e+00
5.0000e+01 3.5698e+04 3.9597e-04 7.5784e-01 3.5698e+04 1.4135e+01 1.8974e+00
5.0392e+01 1.2858e+04 4.3729e-04 7.5797e-01 1.2858e+04 5.6227e+00 1.8962e+00
5.0784e+01 9.3196e+03 4.8384e-04 7.5271e-01 9.3196e+03 4.5091e+00 1.8829e+00
5.1176e+01 9.5615e+03 5.9281e-04 7.5147e-01 9.5615e+03 5.6682e+00 1.8804e+00
5.1569e+01 1.0098e+04 7.5862e-04 7.5806e-01 1.0098e+04 7.6605e+00 1.8980e+00
5.1961e+01 1.0713e+04 8.5509e-04 7.5945e-01 1.0713e+04 9.1604e+00 1.9025e+00
5.2353e+01 1.0990e+04 8.5865e-04 7.5267e-01 1.0990e+04 9.4370e+00 1.8857e+00
5.2745e+01 1.1288e+04 8.8038e-04 7.4886e-01 1.1288e+04 9.9377e+00 1.8765e+00
5.3137e+01 1.1514e+04 9.6669e-04 7.5308e-01 1.1514e+04 1.1130e+01 1.8881e+00
5.3529e+01 1.1783e+04 1.0712e-03 7.6008e-01 1.1783e+04 1.2622e+01 1.9070e+00
5.3922e+01 1.1933e+04 1.1322e-03 7.6287e-01 1.1933e+04 1.3510e+01 1.9148e+00
5.4314e+01 1.2026e+04 1.1385e-03 7.5979e-01 1.2026e+04 1.3692e+01 1.9073e+00
5.4706e+01 1.2054e+04 1.1171e-03 7.5333e-01 1.2054e+04 1.3465e+01 1.8908e+00
5.5098e+01 1.2121e+04 1.1174e-03 7.4916e-01 1.2121e+04 1.3545e+01 1.8805e+00
5.5490e+01 1.2245e+04 1.1799e-03 7.5264e-01 1.2245e+04 1.4448e+01 1.8901e+00
5.5882e+01 1.2433e+04 1.2912e-03 7.6223e-01 1.2433e+04 1.6053e+01 1.9159e+00
5.6275e+01 1.2622e+04 1.4115e-03 7.7345e-01 1.2622e+04 1.7816e+01 1.9462e+00
5.6667e+01 1.2780e+04 1.5089e-03 7.8243e-01 1.2780e+04 1.9285e+01 1.9706e+00
5.7059e+01 1.2884e+04 1.5708e-03 7.8753e-01 1.2884e+04 2.0238e+01 1.9847e+00
5.7451e+01 1.2942e+04 1.6010e-03 7.8905e-01 1.2942e+04 2.0721e+01 1.9892e+00
5.7843e+01 1.2968e+04 1.6109e-03 7.8827e-01 1.2968e+04 2.0890e+01 1.9875e+00
5.8235e+01 1.2980e+04 1.6111e-03 7.8645e-01 1.2980e+04 2.0913e+01 1.9830e+00
5.8627e+01 1.2986e+04 1.6082e-03 7.8431e-01 1.2986e+04 2.0884e+01 1.9776e+00
5.9020e+01 1.2990e+04 1.6043e-03 7.8205e-01 1.2990e+04 2.0841e+01 1.9718e+00
5.9412e+01 1.2994e+04 1.6000e-03 7.7971e-01 1.2994e+04 2.0790e+01 1.9659e+00
5.9804e+01 1.2997e+04 1.5952e-03 7.7727e-01 1.2997e+04 2.0733e+01 1.9597e+00
6.0196e+01 1.3000e+04 1.5900e-03 7.7474e-01 1.3000e+04 2.0669e+01 1.9533e+00
6.0588e+01 1.3002e+04 1.5844e-03 7.7212e-01 1.3002e+04 2.0600e+01 1.9466e+00
6.0980e+01 1.3003e+04 1.5784e-03 7.6941e-01 1.3003e+04 2.0525e+01 1.9397e+00
6.1373e+01 1.3005e+04 1.5720e-03 7.6659e-01 1.3005e+04 2.0444e+01 1.9326e+00
6.1765e+01 1.3006e+04 1.5652e-03 7.6368e-01 1.3006e+04 2.0357e+01 1.9251e+00
6.2157e+01 1.3006e+04 1.5580e-03 7.6066e-01 1.3006e+04 2.0264e+01 1.9174e+00
6.2549e+01 1.3006e+04 1.5505e-03 7.5753e-01 1.3006e+04 2.0166e+01 1.9095e+00
6.2941e+01 1.3006e+04 1.5425e-03 7.5429e-01 1.3006e+04 2.0062e+01 1.9012e+00
6.3333e+01 1.3006e+04 1.5341e-03 7.5094e-01 1.3006e+04 1.9952e+01 1.8926e+00
6.3725e+01 1.3005e+04 1.5253e-03 7.4746e-01 1.3005e+04 1.9837e+01 1.8838e+00
6.4118e+01 1.3004e+04 1.5161e-03 7.4387e-01 1.3004e+04 1.9716e+01 1.8746e+00
6.4510e+01 1.3003e+04 1.5066e-03 7.4014e-01 1.3003e+04 1.9590e+01 1.8651e+00
6.4902e+01 1.3001e+04 1.4966e-03 7.3629e-01 1.3001e+04 1.9458e+01 1.8553e+00
6.5294e+01 1.2999e+04 1.4862e-03 7.3231e-01 1.2999e+04 1.9320e+01 1.8451e+00
6.5686e+01 1.2997e+04 1.4754e-03 7.2818e-01 1.2997e+04 1.9176e+01 1.8346e+00
6.6078e+01 1.2995e+04 1.4642e-03 7.2392e-01 1.2995e+04 1.9027e+01 1.8237e+00
6.6471e+01 1.2992e+04 1.4526e-03 7.1951e-01 1.2992e+04 1.8872e+01 1.8125e+00
6.6863e+01 1.2989e+04 1.4405e-03 7.1495e-01 1.2989e+04 1.8711e+01 1.8009e+00
6.7255e+01 1.2986e+04 1.4281e-03 7.1024e-01 1.2986e+04 1.8545e+01 1.7889e+00
6.7647e+01 1.2982e+04 1.4152e-03 7.0538e-01 1.2982e+04 1.8373e+01 1.7764e+00
6.8039e+01 1.2979e+04 1.4019e-03 7.0035e-01 1.2979e+04 1.8195e+01 1.7636e+00
6.8431e+01 1.2975e+04 1.3882e-03 6.9516e-01 1.2975e+04 1.8011e+01 1.7504e+00
6.8824e+01 1.2971e+04 1.3740e-03 6.8981e-01 1.2971e+04 1.7822e+01 1.7368e+00
6.9216e+01 1.2966e+04 1.3594e-03 6.8428e-01 1.2966e+04 1.7626e+01 1.7227e+00
6.9608e+01 1.2962e+04 1.3444e-03 6.7857e-01 1.2962e+04 1.7425e+01 1.7081e+00
7.0000e+01 1.2957e+04 1.3289e-03 6.7269e-01 1.2957e+04 1.7218e+01 1.6932e+00
7.0392e+01 1.2952e+04 1.3130e-03 6.6663e-01 1.2952e+04 1.7005e+01 1.6777e+00
7.0784e+01 1.2946e+04 1.2966e-03 6.6038e-01 1.2946e+04 1.6786e+01 1.6618e+00
7.1176e+01 1.2941e+04 1.2798e-03 6.5393e-01 1.2941e+04 1.6561e+01 1.6454e+00
7.1569e+01 1.2935e+04 1.2625e-03 6.4730e-01 1.2935e+04 1.6331e+01 1.6286e+00
7.1961e+01 1.2929e+04 1.2448e-03 6.4047e-01 1.2929e+04 1.6094e+01 1.6112e+00
7.2353e+01 1.2923e+04 1.2266e-03 6.3343e-01 1.2923e+04 1.5852e+01 1.5933e+00
7.2745e+01 1.2916e+04 1.2080e-03 6.2619e-01 1.2916e+04 1.5603e+01 1.5749e+00
7.3137e+01 1.2910e+04 1.1889e-03 6.1875e-01 1.2910e+04 1.5349e+01 1.5560e+00
7.3529e+01 1.2903e+04 1.1693e-03 6.1109e-01 1.2903e+04 1.5088e+01 1.5365e+00
7.3922e+01 1.2896e+04 1.1493e-03 6.0321e-01 1.2896e+04 1.4822e+01 1.5165e+00
7.4314e+01 1.2889e+04 1.1288e-03 5.9511e-01 1.2889e+04 1.4549e+01 1.4960e+00
7.4706e+01 1.2882e+04 1.1078e-03 5.8679e-01 1.2882e+04 1.4270e+01 1.4749e+00
7.5098e+01 1.2874e+04 1.0864e-03 5.7824e-01 1.2874e+04 1.3986e+01 1.4532e+00
7.5490e+01 1.2866e+04 1.0644e-03 5.6946e-01 1.2866e+04 1.3695e+01 1.4309e+00
7.5882e+01 1.2858e+04 1.0420e-03 5.6043e-01 1.2858e+04 1.3398e+01 1.4081e+00
7.6275e+01 1.2850e+04 1.0190e-03 5.5117e-01 1.2850e+04 1.3095e+01 1.3846e+00
7.6667e+01 1.2842e+04 9.9559e-04 5.4166e-01 1.2842e+04 1.2785e+01 1.3605e+00
7.7059e+01 1.2833e+04 9.7164e-04 5.3189e-01 1.2833e+04 1.2469e+01 1.3358e+00
7.7451e+01 1.2825e+04 9.4718e-04 5.2187e-01 1.2825e+04 1.2147e+01 1.3104e+00
7.7843e+01 1.2816e+04 9.2220e-04 5.1159e-01 1.2816e+04 1.1819e+01 1.2844e+00
7.8235e+01 1.2807e+04 8.9670e-04 5.0103e-01 1.2807e+04 1.1484e+01 1.2577e+00
7.8627e+01 1.2797e+04 8.7065e-04 4.9020e-01 1.2797e+04 1.1142e+01 1.2303e+00
7.9020e+01 1.2788e+04 8.4407e-04 4.7908e-01 1.2788e+04 1.0794e+01 1.2023e+00
7.9412e+01 1.2778e+04 8.1693e-04 4.6768e-01 1.2778e+04 1.0439e+01 1.1735e+00
7.9804e+01 1.2769e+04 7.8924e-04 4.5597e-01 1.2769e+04 1.0077e+01 1.1439e+00
8.0196e+01 1.2759e+04 7.6097e-04 4.4397e-01 1.2759e+04 9.7089e+00 1.1136e+00
8.0588e+01 1.2748e+04 7.3213e-04 4.3165e-01 1.2748e+04 9.3335e+00 1.0825e+00
8.0980e+01 1.2738e+04 7.0270e-04 4.1901e-01 1.2738e+04 8.9510e+00 1.0507e+00
8.1373e+01 1.2727e+04 6.7267e-04 4.0604e-01 1.2727e+04 8.5614e+00 1.0180e+00
8.1765e+01 1.2717e+04 6.4203e-04 3.9274e-01 1.2717e+04 8.1645e+00 9.8447e-01
8.2157e+01 1.2706e+04 6.1077e-04 3.7909e-01 1.2706e+04 7.7603e+00 9.5009e-01
8.2549e+01 1.2695e+04 5.7888e-04 3.6508e-01 1.2695e+04 7.3487e+00 9.1484e-01
8.2941e+01 1.2683e+04 5.4635e-04 3.5071e-01 1.2683e+04 6.9295e+00 8.7868e-01
8.3333e+01 1.2672e+04 5.1316e-04 3.3597e-01 1.2672e+04 6.5027e+00 8.4159e-01
8.3725e+01 1.2660e+04 4.7930e-04 3.2084e-01 1.2660e+04 6.0681e+00 8.0356e-01
8.4118e+01 1.2648e+04 4.4477e-04 3.0532e-01 1.2648e+04 5.6256e+00 7.6455e-01
8.4510e+01 1.2636e+04 4.0954e-04 2.8939e-01 1.2636e+04 5.1751e+00 7.2453e-01
8.4902e+01 1.2624e+04 3.7361e-04 2.7304e-01 1.2624e+04 4.7164e+00 6.8349e-01
8.5294e+01 1.2612e+04 3.3695e-04 2.5627e-01 1.2612e+04 4.2495e+00 6.4139e-01
8.5686e+01 1.2599e+04 2.9958e-04 2.3906e-01 1.2599e+04 3.7744e+00 5.9822e-01
8.6078e+01 1.2586e+04 2.6150e-04 2.2142e-01 1.2586e+04 3.2913e+00 5.5399e-01
8.6471e+01 1.2573e+04 2.2282e-04 2.0339e-01 1.2573e+04 2.8015e+00 5.0878e-01
8.6863e+01 1.2560e+04 1.8381e-04 1.8509e-01 1.2560e+04 2.3087e+00 4.6294e-01
8.7255e+01 1.2548e+04 1.4515e-04 1.6686e-01 1.2548e+04 1.8213e+00 4.1728e-01
8.7647e+01 1.2536e+04 1.0819e-04 1.4937e-01 1.2536e+04 1.3562e+00 3.7350e-01
8.8039e+01 1.2525e+04 7.4942e-05 1.3369e-01 1.2525e+04 9.3863e-01 3.3426e-01
8.8431e+01 1.2516e+04 4.7638e-05 1.2098e-01 1.2516e+04 5.9624e-01 3.0245e-01
8.8824e+01 1.2509e+04 2.7649e-05 1.1189e-01 1.2509e+04 3.4587e-01 2.7972e-01
8.9216e+01 1.2505e+04 1.4742e-05 1.0620e-01 1.2505e+04 1.8435e-01 2.6549e-01
8.9608e+01 1.2503e+04 7.3393e-06 1.0303e-01 1.2503e+04 9.1760e-02 2.5758e-01
9.0000e+01 1.2501e+04 3.4828e-06 1.0142e-01 1.2501e+04 4.3540e-02 2.5356e-01
9.0392e+01 1.2501e+04 1.6048e-06 1.0065e-01 1.2501e+04 2.0061e-02 2.5163e-01
9.0784e+01 1.2500e+04 7.2731e-07 1.0030e-01 1.2500e+04 9.0915e-03 2.5074e-01
9.1176e+01 1.2500e+04 3.2665e-07 1.0013e-01 1.2500e+04 4.0831e-03 2.5033e-01
9.1569e+01 1.2500e+04 1.4595e-07 1.0006e-01 1.2500e+04 1.8243e-03 2.5015e-01
9.1961e+01 1.2500e+04 6.4992e-08 1.0003e-01 1.2500e+04 8.1240e-04 2.5007e-01
9.2353e+01 1.2500e+04 2.8871e-08 1.0001e-01 1.2500e+04 3.6088e-04 2.5003e-01
9.2745e+01 1.2500e+04 1.2798e-08 1.0001e-01 1.2500e+04 1.5998e-04 2.5001e-01
9.3137e+01 1.2500e+04 5.6626e-09 1.0000e-01 1.2500e+04 7.0782e-05 2.5001e-01
9.3529e+01 1.2500e+04 2.5008e-09 1.0000e-01 1.2500e+04 3.1260e-05 2.5000e-01
9.3922e+01 1.2500e+04 1.1024e-09 1.0000e-01 1.2500e+04 1.3780e-05 2.5000e-01
9.4314e+01 1.2500e+04 4.8510e-10 1.0000e-01 1.2500e+04 6.0638e-06 2.5000e-01
9.4706e+01 1.2500e+04 2.1307e-10 1.0000e-01 1.2500e+04 2.6634e-06 2.5000e-01
9.5098e+01 1.2500e+04 9.3419e-11 1.0000e-01 1.2500e+04 1.1677e-06 2.5000e-01
9.5490e+01 1.2500e+04 4.0883e-11 1.0000e-01 1.2500e+04 5.1104e-07 2.5000e-01
9.5882e+01 1.2500e+04 1.7859e-11 1.0000e-01 1.2500e+04 2.2324e-07 2.5000e-01
9.6275e+01 1.2500e+04 7.7870e-12 1.0000e-01 1.2500e+04 9.7337e-08 2.5000e-01
9.6667e+01 1.2500e+04 3.3890e-12 1.0000e-01 1.2500e+04 4.2362e-08 2.5000e-01
9.7059e+01 1.2500e+04 1.4722e-12 1.0000e-01 1.2500e+04 1.8402e-08 2.5000e-01
9.7451e+01 1.2500e+04 6.3832e-13 1.0000e-01 1.2500e+04 7.9790e-09 2.5000e-01
9.7843e+01 1.2500e+04 2.7625e-13 1.0000e-01 1.2500e+04 3.4531e-09 2.5000e-01
9.8235e+01 1.2500e+04 1.1934e-13 1.0000e-01 1.2500e+04 1.4918e-09 2.5000e-01
9.8627e+01 1.2500e+04 5.1484e-14 1.0000e-01 1.2500e+04 6.4355e-10 2.5000e-01
9.9020e+01 1.2500e+04 2.2232e-14 1.0000e-01 1.2500e+04 2.7790e-10 2.5000e-01
9.9412e+01 1.2500e+04 9.7188e-15 1.0000e-01 1.2500e+04 1.2149e-10 2.5000e-01
9.9804e+01 1.2500e+04 4.6907e-15 1.0000e-01 1.2500e+04 5.8634e-11 2.5000e-01
