# # x Density Velocity Pressure q0 q1 q2
1.9608e-01 1.0000e+05 0.0000e+00 1.0000e+00 1.0000e+05 0.0000e+00 2.5000e+00
5.8824e-01 1.0000e+05 0.0000e+00 1.0000e+00 1.0000e+05 0.0000e+00 2.5000e+00
9.8039e-01 1.0000e+05 0.0000e+00 1.0000e+00 1.0000e+05 0.0000e+00 2.5000e+00
1.3725e+00 1.0000e+05 0.0000e+00 1.0000e+00 1.0000e+05 0.0000e+00 2.5000e+00
1.7647e+00 1.0000e+05 0.0000e+00 1.0000e+00 1.0000e+05 0.0000e+00 2.5000e+00
2.1569e+00 1.0000e+05 0.0000e+00 1.0000e+00 1.0000e+05 0.0000e+00 2.5000e+00
2.5490e+00 1.0000e+05 0.0000e+00 1.0000e+00 1.0000e+05 0.0000e+00 2.5000e+00
2.9412e+00 1.0000e+05 1.6222e-19 1.0000e+00 1.0000e+05 1.6222e-14 2.5000e+00
3.3333e+00 1.0000e+05 1.3051e-18 1.0000e+00 1.0000e+05 1.3051e-13 2.5000e+00
3.7255e+00 1.0000e+05 4.3576e-18 1.0000e+00 1.0000e+05 4.3576e-13 2.5000e+00
4.1176e+00 1.0000e+05 9.3740e-18 1.0000e+00 1.0000e+05 9.3740e-13 2.5000e+00
4.5098e+00 1.0000e+05 1.6368e-17 1.0000e+00 1.0000e+05 1.6368e-12 2.5000e+00
4.9020e+00 1.0000e+05 2.5682e-17 1.0000e+00 1.0000e+05 2.5682e-12 2.5000e+00
5.2941e+00 1.0000e+05 3.9112e-17 1.0000e+00 1.0000e+05 3.9112e-12 2.5000e+00
5.6863e+00 1.0000e+05 5.9447e-17 1.0000e+00 1.0000e+05 5.9447e-12 2.5000e+00
6.0784e+00 1.0000e+05 9.0571e-17 1.0000e+00 1.0000e+05 9.0571e-12 2.5000e+00
6.4706e+00 1.0000e+05 1.4025e-16 1.0000e+00 1.0000e+05 1.4025e-11 2.5000e+00
6.8627e+00 1.0000e+05 2.2007e-16 1.0000e+00 1.0000e+05 2.2007e-11 2.5000e+00
7.2549e+00 1.0000e+05 3.4884e-16 1.0000e+00 1.0000e+05 3.4884e-11 2.5000e+00
7.6471e+00 1.0000e+05 5.5568e-16 1.0000e+00 1.0000e+05 5.5568e-11 2.5000e+00
8.0392e+00 1.0000e+05 8.8820e-16 1.0000e+00 1.0000e+05 8.8820e-11 2.5000e+00
8.4314e+00 1.0000e+05 1.4217e-15 1.0000e+00 1.0000e+05 1.4217e-10 2.5000e+00
8.8235e+00 1.0000e+05 2.2727e-15 1.0000e+00 1.0000e+05 2.2727e-10 2.5000e+00
9.2157e+00 1.0000e+05 3.6233e-15 1.0000e+00 1.0000e+05 3.6233e-10 2.5000e+00
9.6078e+00 1.0000e+05 5.7583e-15 1.0000e+00 1.0000e+05 5.7583e-10 2.5000e+00
1.0000e+01 1.0000e+05 9.1187e-15 1.0000e+00 1.0000e+05 9.1187e-10 2.5000e+00
1.0392e+01 1.0000e+05 1.4385e-14 1.0000e+00 1.0000e+05 1.4385e-09 2.5000e+00
1.0784e+01 1.0000e+05 2.2600e-14 1.0000e+00 1.0000e+05 2.2600e-09 2.5000e+00
1.1176e+01 1.0000e+05 3.5359e-14 1.0000e+00 1.0000e+05 3.5359e-09 2.5000e+00
1.1569e+01 1.0000e+05 5.5089e-14 1.0000e+00 1.0000e+05 5.5089e-09 2.5000e+00
1.1961e+01 1.0000e+05 8.5461e-14 1.0000e+00 1.0000e+05 8.5461e-09 2.5000e+00
1.2353e+01 1.0000e+05 1.3201e-13 1.0000e+00 1.0000e+05 1.3201e-08 2.5000e+00
1.2745e+01 1.0000e+05 2.0302e-13 1.0000e+00 1.0000e+05 2.0302e-08 2.5000e+00
1.3137e+01 1.0000e+05 3.1088e-13 1.0000e+00 1.0000e+05 3.1088e-08 2.5000e+00
1.3529e+01 1.0000e+05 4.7399e-13 1.0000e+00 1.0000e+05 4.7399e-08 2.5000e+00
1.3922e+01 1.0000e+05 7.1952e-13 1.0000e+00 1.0000e+05 7.1952e-08 2.5000e+00
1.4314e+01 1.0000e+05 1.0875e-12 1.0000e+00 1.0000e+05 1.0875e-07 2.5000e+00
1.4706e+01 1.0000e+05 1.6364e-12 1.0000e+00 1.0000e+05 1.6364e-07 2.5000e+00
1.5098e+01 1.0000e+05 2.4517e-12 1.0000e+00 1.0000e+05 2.4517e-07 2.5000e+00
1.5490e+01 1.0000e+05 3.6572e-12 1.0000e+00 1.0000e+05 3.6572e-07 2.5000e+00
1.5882e+01 1.0000e+05 5.4313e-12 1.0000e+00 1.0000e+05 5.4313e-07 2.5000e+00
1.6275e+01 1.0000e+05 8.0308e-12 1.0000e+00 1.0000e+05 8.0308e-07 2.5000e+00
1.6667e+01 1.0000e+05 1.1822e-11 1.0000e+00 1.0000e+05 1.1822e-06 2.5000e+00
1.7059e+01 1.0000e+05 1.7327e-11 1.0000e+00 1.0000e+05 1.7327e-06 2.5000e+00
1.7451e+01 1.0000e+05 2.5284e-11 1.0000e+00 1.0000e+05 2.5284e-06 2.5000e+00
1.7843e+01 1.0000e+05 3.6731e-11 1.0000e+00 1.0000e+05 3.6731e-06 2.5000e+00
1.8235e+01 1.0000e+05 5.3126e-11 1.0000e+00 1.0000e+05 5.3126e-06 2.5000e+00
1.8627e+01 1.0000e+05 7.6500e-11 1.0000e+00 1.0000e+05 7.6500e-06 2.5000e+00
1.9020e+01 1.0000e+05 1.0967e-10 1.0000e+00 1.0000e+05 1.0967e-05 2.5000e+00
1.9412e+01 1.0000e+05 1.5653e-10 1.0000e+00 1.0000e+05 1.5653e-05 2.5000e+00
1.9804e+01 1.0000e+05 2.2242e-10 1.0000e+00 1.0000e+05 2.2242e-05 2.5000e+00
2.0196e+01 1.0000e+05 3.1465e-10 1.0000e+00 1.0000e+05 3.1465e-05 2.5000e+00
2.0588e+01 1.0000e+05 4.4315e-10 1.0000e+00 1.0000e+05 4.4315e-05 2.5000e+00
2.0980e+01 1.0000e+05 6.2136e-10 1.0000e+00 1.0000e+05 6.2136e-05 2.5000e+00
2.1373e+01 1.0000e+05 8.6737e-10 1.0000e+00 1.0000e+05 8.6737e-05 2.5000e+00
2.1765e+01 1.0000e+05 1.2054e-09 1.0000e+00 1.0000e+05 1.2054e-04 2.5000e+00
2.2157e+01 1.0000e+05 1.6678e-09 1.0000e+00 1.0000e+05 1.6678e-04 2.5000e+00
2.2549e+01 1.0000e+05 2.2972e-09 1.0000e+00 1.0000e+05 2.2972e-04 2.5000e+00
2.2941e+01 1.0000e+05 3.1502e-09 9.9999e-01 1.0000e+05 3.1502e-04 2.5000e+00
2.3333e+01 1.0000e+05 4.3006e-09 9.9999e-01 1.0000e+05 4.3006e-04 2.5000e+00
2.3725e+01 1.0000e+05 5.8452e-09 9.9999e-01 1.0000e+05 5.8452e-04 2.5000e+00
2.4118e+01 1.0000e+05 7.9091e-09 9.9998e-01 1.0000e+05 7.9091e-04 2.5000e+00
2.4510e+01 1.0000e+05 1.0654e-08 9.9998e-01 1.0000e+05 1.0654e-03 2.4999e+00
2.4902e+01 1.0000e+05 1.4289e-08 9.9997e-01 1.0000e+05 1.4289e-03 2.4999e+00
2.5294e+01 1.0000e+05 1.9078e-08 9.9996e-01 1.0000e+05 1.9078e-03 2.4999e+00
2.5686e+01 1.0000e+05 2.5359e-08 9.9995e-01 1.0000e+05 2.5359e-03 2.4999e+00
2.6078e+01 1.0000e+05 3.3558e-08 9.9994e-01 1.0000e+05 3.3558e-03 2.4998e+00
2.6471e+01 1.0000e+05 4.4213e-08 9.9992e-01 1.0000e+05 4.4212e-03 2.4998e+00
2.6863e+01 1.0000e+05 5.7991e-08 9.9990e-01 1.0000e+05 5.7991e-03 2.4997e+00
2.7255e+01 1.0000e+05 7.5727e-08 9.9987e-01 1.0000e+05 7.5727e-03 2.4997e+00
2.7647e+01 9.9999e+04 9.8451e-08 9.9983e-01 9.9999e+04 9.8451e-03 2.4996e+00
2.8039e+01 9.9999e+04 1.2743e-07 9.9978e-01 9.9999e+04 1.2743e-02 2.4995e+00
2.8431e+01 9.9999e+04 1.6421e-07 9.9972e-01 9.9999e+04 1.6421e-02 2.4993e+00
2.8824e+01 9.9999e+04 2.1068e-07 9.9965e-01 9.9999e+04 2.1067e-02 2.4991e+00
2.9216e+01 9.9998e+04 2.6910e-07 9.9956e-01 9.9998e+04 2.6910e-02 2.4989e+00
2.9608e+01 9.9998e+04 3.4223e-07 9.9944e-01 9.9998e+04 3.4222e-02 2.4986e+00
3.0000e+01 9.9997e+04 4.3332e-07 9.9931e-01 9.9997e+04 4.3331e-02 2.4983e+00
3.0392e+01 9.9997e+04 5.4626e-07 9.9914e-01 9.9997e+04 5.4625e-02 2.4978e+00
3.0784e+01 9.9996e+04 6.8565e-07 9.9893e-01 9.9996e+04 6.8562e-02 2.4973e+00
3.1176e+01 9.9994e+04 8.5687e-07 9.9869e-01 9.9994e+04 8.5682e-02 2.4967e+00
3.1569e+01 9.9993e+04 1.0662e-06 9.9839e-01 9.9993e+04 1.0661e-01 2.4960e+00
3.1961e+01 9.9991e+04 1.3210e-06 9.9804e-01 9.9991e+04 1.3209e-01 2.4951e+00
3.2353e+01 9.9989e+04 1.6296e-06 9.9761e-01 9.9989e+04 1.6294e-01 2.4940e+00
3.2745e+01 9.9986e+04 2.0017e-06 9.9712e-01 9.9986e+04 2.0014e-01 2.4928e+00
3.3137e+01 9.9983e+04 2.4483e-06 9.9653e-01 9.9983e+04 2.4479e-01 2.4913e+00
3.3529e+01 9.9979e+04 2.9819e-06 9.9584e-01 9.9979e+04 2.9812e-01 2.4896e+00
3.3922e+01 9.9974e+04 3.6164e-06 9.9504e-01 9.9974e+04 3.6154e-01 2.4876e+00
3.4314e+01 9.9968e+04 4.3675e-06 9.9411e-01 9.9968e+04 4.3661e-01 2.4853e+00
3.4706e+01 9.9962e+04 5.2525e-06 9.9303e-01 9.9962e+04 5.2505e-01 2.4826e+00
3.5098e+01 9.9953e+04 6.2908e-06 9.9179e-01 9.9953e+04 6.2878e-01 2.4795e+00
3.5490e+01 9.9943e+04 7.5031e-06 9.9038e-01 9.9943e+04 7.4989e-01 2.4759e+00
3.5882e+01 9.9932e+04 8.9125e-06 9.8876e-01 9.9932e+04 8.9064e-01 2.4719e+00
3.6275e+01 9.9918e+04 1.0544e-05 9.8694e-01 9.9918e+04 1.0535e+00 2.4674e+00
3.6667e+01 9.9902e+04 1.2423e-05 9.8488e-01 9.9902e+04 1.2411e+00 2.4622e+00
3.7059e+01 9.9883e+04 1.4578e-05 9.8258e-01 9.9883e+04 1.4561e+00 2.4564e+00
3.7451e+01 9.9861e+04 1.7040e-05 9.8000e-01 9.9861e+04 1.7017e+00 2.4500e+00
3.7843e+01 9.9836e+04 1.9840e-05 9.7714e-01 9.9836e+04 1.9807e+00 2.4429e+00
3.8235e+01 9.9806e+04 2.3009e-05 9.7397e-01 9.9806e+04 2.2964e+00 2.4350e+00
3.8627e+01 9.9773e+04 2.6582e-05 9.7049e-01 9.9773e+04 2.6521e+00 2.4263e+00
3.9020e+01 9.9734e+04 3.0592e-05 9.6667e-01 9.9734e+04 3.0511e+00 2.4167e+00
3.9412e+01 9.9690e+04 3.5075e-05 9.6251e-01 9.9690e+04 3.4966e+00 2.4063e+00
3.9804e+01 9.9640e+04 4.0065e-05 9.5800e-01 9.9640e+04 3.9921e+00 2.3951e+00
4.0196e+01 9.9584e+04 4.5597e-05 9.5312e-01 9.9584e+04 4.5407e+00 2.3829e+00
4.0588e+01 9.9520e+04 5.1704e-05 9.4788e-01 9.9520e+04 5.1456e+00 2.3698e+00
4.0980e+01 9.9449e+04 5.8420e-05 9.4227e-01 9.9449e+04 5.8098e+00 2.3558e+00
4.1373e+01 9.9369e+04 6.5774e-05 9.3629e-01 9.9369e+04 6.5359e+00 2.3409e+00
4.1765e+01 9.9281e+04 7.3796e-05 9.2995e-01 9.9281e+04 7.3265e+00 2.3252e+00
4.2157e+01 9.9182e+04 8.2512e-05 9.2326e-01 9.9182e+04 8.1837e+00 2.3085e+00
4.2549e+01 9.9073e+04 9.1945e-05 9.1623e-01 9.9073e+04 9.1093e+00 2.2910e+00
4.2941e+01 9.8953e+04 1.0212e-04 9.0888e-01 9.8953e+04 1.0105e+01 2.2727e+00
4.3333e+01 9.8821e+04 1.1304e-04 9.0123e-01 9.8821e+04 1.1171e+01 2.2537e+00
4.3725e+01 9.8677e+04 1.2473e-04 8.9330e-01 9.8677e+04 1.2308e+01 2.2340e+00
4.4118e+01 9.8520e+04 1.3717e-04 8.8510e-01 9.8520e+04 1.3514e+01 2.2137e+00
4.4510e+01 9.8352e+04 1.5050e-04 8.7673e-01 9.8352e+04 1.4802e+01 2.1929e+00
4.4902e+01 9.8158e+04 1.6416e-04 8.6802e-01 9.8158e+04 1.6114e+01 2.1714e+00
4.5294e+01 9.7989e+04 1.7999e-04 8.5964e-01 9.7989e+04 1.7637e+01 2.1507e+00
4.5686e+01 9.7688e+04 1.9240e-04 8.4972e-01 9.7688e+04 1.8795e+01 2.1261e+00
4.6078e+01 9.7685e+04 2.1668e-04 8.4354e-01 9.7685e+04 2.1166e+01 2.1111e+00
4.6471e+01 9.6919e+04 2.1504e-04 8.2830e-01 9.6919e+04 2.0842e+01 2.0730e+00
4.6863e+01 9.7696e+04 2.6925e-04 8.3168e-01 9.7696e+04 2.6305e+01 2.0827e+00
4.7255e+01 9.5682e+04 2.2577e-04 8.0224e-01 9.5682e+04 2.1602e+01 2.0080e+00
4.7647e+01 9.7741e+04 3.2694e-04 8.2073e-01 9.7741e+04 3.1955e+01 2.0570e+00
4.8039e+01 9.5030e+04 2.6298e-04 7.8464e-01 9.5030e+04 2.4991e+01 1.9649e+00
4.8431e+01 9.6310e+04 3.3874e-04 7.9425e-01 9.6310e+04 3.2624e+01 1.9912e+00
4.8824e+01 9.5801e+04 3.4124e-04 7.8015e-01 9.5801e+04 3.2691e+01 1.9560e+00
4.9216e+01 9.1127e+04 3.6739e-04 7.7390e-01 9.1127e+04 3.3479e+01 1.9409e+00
4.9608e+01 1.1960e+05 3.7278e-04 7.6010e-01 1.1960e+05 4.4585e+01 1.9086e+00
5.0000e+01 3.5846e+04 3.9614e-04 7.5766e-01 3.5846e+04 1.4200e+01 1.8970e+00
5.0392e+01 1.2895e+04 4.3823e-04 7.5794e-01 1.2895e+04 5.6511e+00 1.8961e+00
5.0784e+01 9.3195e+03 4.8603e-04 7.5286e-01 9.3195e+03 4.5296e+00 1.8833e+00
5.1176e+01 9.5496e+03 5.9027e-04 7.5115e-01 9.5496e+03 5.6368e+00 1.8795e+00
5.1569e+01 1.0085e+04 7.5497e-04 7.5761e-01 1.0085e+04 7.6135e+00 1.8969e+00
5.1961e+01 1.0706e+04 8.5674e-04 7.5954e-01 1.0706e+04 9.1721e+00 1.9028e+00
5.2353e+01 1.0988e+04 8.6238e-04 7.5299e-01 1.0988e+04 9.4755e+00 1.8866e+00
5.2745e+01 1.1282e+04 8.8008e-04 7.4874e-01 1.1282e+04 9.9288e+00 1.8762e+00
5.3137e+01 1.1503e+04 9.6236e-04 7.5251e-01 1.1503e+04 1.1070e+01 1.8866e+00
5.3529e+01 1.1774e+04 1.0674e-03 7.5954e-01 1.1774e+04 1.2567e+01 1.9055e+00
5.3922e+01 1.1928e+04 1.1319e-03 7.6269e-01 1.1928e+04 1.3502e+01 1.9144e+00
5.4314e+01 1.2026e+04 1.1415e-03 7.5996e-01 1.2026e+04 1.3728e+01 1.9077e+00
5.4706e+01 1.2054e+04 1.1205e-03 7.5376e-01 1.2054e+04 1.3507e+01 1.8920e+00
5.5098e+01 1.2118e+04 1.1176e-03 7.4917e-01 1.2118e+04 1.3543e+01 1.8805e+00
5.5490e+01 1.2236e+04 1.1752e-03 7.5207e-01 1.2236e+04 1.4380e+01 1.8886e+00
5.5882e+01 1.2420e+04 1.2837e-03 7.6133e-01 1.2420e+04 1.5944e+01 1.9136e+00
5.6275e+01 1.2610e+04 1.4042e-03 7.7254e-01 1.2610e+04 1.7707e+01 1.9438e+00
5.6667e+01 1.2771e+04 1.5038e-03 7.8176e-01 1.2771e+04 1.9204e+01 1.9688e+00
5.7059e+01 1.2878e+04 1.5682e-03 7.8716e-01 1.2878e+04 2.0196e+01 1.9837e+00
5.7451e+01 1.2940e+04 1.6005e-03 7.8892e-01 1.2940e+04 2.0710e+01 1.9889e+00
5.7843e+01 1.2968e+04 1.6115e-03 7.8828e-01 1.2968e+04 2.0898e+01 1.9875e+00
5.8235e+01 1.2980e+04 1.6123e-03 7.8651e-01 1.2980e+04 2.0928e+01 1.9832e+00
5.8627e+01 1.2986e+04 1.6095e-03 7.8440e-01 1.2986e+04 2.0901e+01 1.9778e+00
5.9020e+01 1.2991e+04 1.6057e-03 7.8216e-01 1.2991e+04 2.0859e+01 1.9721e+00
5.9412e+01 1.2994e+04 1.6014e-03 7.7983e-01 1.2994e+04 2.0809e+01 1.9662e+00
5.9804e+01 1.2997e+04 1.5967e-03 7.7741e-01 1.2997e+04 2.0753e+01 1.9601e+00
6.0196e+01 1.3000e+04 1.5916e-03 7.7490e-01 1.3000e+04 2.0690e+01 1.9537e+00
6.0588e+01 1.3002e+04 1.5860e-03 7.7230e-01 1.3002e+04 2.0622e+01 1.9471e+00
6.0980e+01 1.3004e+04 1.5801e-03 7.6960e-01 1.3004e+04 2.0548e+01 1.9402e+00
6.1373e+01 1.3005e+04 1.5738e-03 7.6681e-01 1.3005e+04 2.0467e+01 1.9331e+00
6.1765e+01 1.3006e+04 1.5670e-03 7.6392e-01 1.3006e+04 2.0381e+01 1.9258e+00
6.2157e+01 1.3007e+04 1.5599e-03 7.6092e-01 1.3007e+04 2.0290e+01 1.9181e+00
6.2549e+01 1.3007e+04 1.5524e-03 7.5781e-01 1.3007e+04 2.0193e+01 1.9102e+00
6.2941e+01 1.3007e+04 1.5445e-03 7.5460e-01 1.3007e+04 2.0090e+01 1.9020e+00
6.3333e+01 1.3007e+04 1.5362e-03 7.5127e-01 1.3007e+04 1.9981e+01 1.8935e+00
6.3725e+01 1.3006e+04 1.5275e-03 7.4782e-01 1.3006e+04 1.9867e+01 1.8847e+00
6.4118e+01 1.3005e+04 1.5184e-03 7.4426e-01 1.3005e+04 1.9747e+01 1.8756e+00
6.4510e+01 1.3004e+04 1.5089e-03 7.4056e-01 1.3004e+04 1.9621e+01 1.8662e+00
6.4902e+01 1.3002e+04 1.4990e-03 7.3674e-01 1.3002e+04 1.9490e+01 1.8565e+00
6.5294e+01 1.3000e+04 1.4887e-03 7.3279e-01 1.3000e+04 1.9354e+01 1.8464e+00
6.5686e+01 1.2998e+04 1.4780e-03 7.2870e-01 1.2998e+04 1.9211e+01 1.8359e+00
6.6078e+01 1.2996e+04 1.4669e-03 7.2447e-01 1.2996e+04 1.9063e+01 1.8252e+00
6.6471e+01 1.2993e+04 1.4553e-03 7.2010e-01 1.2993e+04 1.8909e+01 1.8140e+00
6.6863e+01 1.2990e+04 1.4434e-03 7.1558e-01 1.2990e+04 1.8750e+01 1.8025e+00
6.7255e+01 1.2987e+04 1.4310e-03 7.1091e-01 1.2987e+04 1.8585e+01 1.7906e+00
6.7647e+01 1.2984e+04 1.4182e-03 7.0608e-01 1.2984e+04 1.8414e+01 1.7783e+00
6.8039e+01 1.2980e+04 1.4050e-03 7.0110e-01 1.2980e+04 1.8237e+01 1.7656e+00
6.8431e+01 1.2976e+04 1.3914e-03 6.9595e-01 1.2976e+04 1.8055e+01 1.7524e+00
6.8824e+01 1.2972e+04 1.3773e-03 6.9064e-01 1.2972e+04 1.7867e+01 1.7389e+00
6.9216e+01 1.2968e+04 1.3628e-03 6.8516e-01 1.2968e+04 1.7673e+01 1.7249e+00
6.9608e+01 1.2963e+04 1.3479e-03 6.7950e-01 1.2963e+04 1.7473e+01 1.7105e+00
7.0000e+01 1.2958e+04 1.3325e-03 6.7367e-01 1.2958e+04 1.7267e+01 1.6957e+00
7.0392e+01 1.2953e+04 1.3167e-03 6.6765e-01 1.2953e+04 1.7056e+01 1.6804e+00
7.0784e+01 1.2948e+04 1.3005e-03 6.6145e-01 1.2948e+04 1.6839e+01 1.6646e+00
7.1176e+01 1.2942e+04 1.2838e-03 6.5506e-01 1.2942e+04 1.6615e+01 1.6483e+00
7.1569e+01 1.2937e+04 1.2667e-03 6.4848e-01 1.2937e+04 1.6386e+01 1.6316e+00
7.1961e+01 1.2931e+04 1.2491e-03 6.4171e-01 1.2931e+04 1.6151e+01 1.6144e+00
7.2353e+01 1.2925e+04 1.2310e-03 6.3473e-01 1.2925e+04 1.5910e+01 1.5966e+00
7.2745e+01 1.2918e+04 1.2125e-03 6.2755e-01 1.2918e+04 1.5663e+01 1.5784e+00
7.3137e+01 1.2912e+04 1.1935e-03 6.2017e-01 1.2912e+04 1.5411e+01 1.5596e+00
7.3529e+01 1.2905e+04 1.1741e-03 6.1257e-01 1.2905e+04 1.5152e+01 1.5403e+00
7.3922e+01 1.2898e+04 1.1542e-03 6.0476e-01 1.2898e+04 1.4887e+01 1.5205e+00
7.4314e+01 1.2891e+04 1.1338e-03 5.9673e-01 1.2891e+04 1.4616e+01 1.5001e+00
7.4706e+01 1.2884e+04 1.1130e-03 5.8848e-01 1.2884e+04 1.4339e+01 1.4792e+00
7.5098e+01 1.2876e+04 1.0917e-03 5.8000e-01 1.2876e+04 1.4056e+01 1.4577e+00
7.5490e+01 1.2868e+04 1.0698e-03 5.7128e-01 1.2868e+04 1.3767e+01 1.4356e+00
7.5882e+01 1.2861e+04 1.0475e-03 5.6234e-01 1.2861e+04 1.3472e+01 1.4129e+00
7.6275e+01 1.2853e+04 1.0248e-03 5.5315e-01 1.2853e+04 1.3171e+01 1.3896e+00
7.6667e+01 1.2844e+04 1.0015e-03 5.4372e-01 1.2844e+04 1.2863e+01 1.3657e+00
7.7059e+01 1.2836e+04 9.7768e-04 5.3403e-01 1.2836e+04 1.2549e+01 1.3412e+00
7.7451e+01 1.2827e+04 9.5337e-04 5.2410e-01 1.2827e+04 1.2229e+01 1.3161e+00
7.7843e+01 1.2818e+04 9.2856e-04 5.1390e-01 1.2818e+04 1.1902e+01 1.2903e+00
7.8235e+01 1.2809e+04 9.0321e-04 5.0343e-01 1.2809e+04 1.1569e+01 1.2638e+00
7.8627e+01 1.2800e+04 8.7734e-04 4.9269e-01 1.2800e+04 1.1230e+01 1.2366e+00
7.9020e+01 1.2791e+04 8.5093e-04 4.8166e-01 1.2791e+04 1.0884e+01 1.2088e+00
7.9412e+01 1.2781e+04 8.2397e-04 4.7036e-01 1.2781e+04 1.0531e+01 1.1802e+00
7.9804e+01 1.2771e+04 7.9646e-04 4.5876e-01 1.2771e+04 1.0172e+01 1.1509e+00
8.0196e+01 1.2761e+04 7.6838e-04 4.4685e-01 1.2761e+04 9.8056e+00 1.1209e+00
8.0588e+01 1.2751e+04 7.3973e-04 4.3464e-01 1.2751e+04 9.4324e+00 1.0901e+00
8.0980e+01 1.2741e+04 7.1049e-04 4.2211e-01 1.2741e+04 9.0523e+00 1.0585e+00
8.1373e+01 1.2730e+04 6.8066e-04 4.0926e-01 1.2730e+04 8.6651e+00 1.0261e+00
8.1765e+01 1.2720e+04 6.5023e-04 3.9607e-01 1.2720e+04 8.2707e+00 9.9287e-01
8.2157e+01 1.2709e+04 6.1918e-04 3.8255e-01 1.2709e+04 7.8691e+00 9.5880e-01
8.2549e+01 1.2698e+04 5.8750e-04 3.6867e-01 1.2698e+04 7.4600e+00 9.2386e-01
8.2941e+01 1.2687e+04 5.5519e-04 3.5443e-01 1.2687e+04 7.0435e+00 8.8803e-01
8.3333e+01 1.2675e+04 5.2223e-04 3.3982e-01 1.2675e+04 6.6194e+00 8.5128e-01
8.3725e+01 1.2664e+04 4.8861e-04 3.2483e-01 1.2664e+04 6.1876e+00 8.1359e-01
8.4118e+01 1.2652e+04 4.5432e-04 3.0945e-01 1.2652e+04 5.7479e+00 7.7494e-01
8.4510e+01 1.2640e+04 4.1934e-04 2.9368e-01 1.2640e+04 5.3003e+00 7.3530e-01
8.4902e+01 1.2628e+04 3.8366e-04 2.7749e-01 1.2628e+04 4.8447e+00 6.9464e-01
8.5294e+01 1.2615e+04 3.4727e-04 2.6087e-01 1.2615e+04 4.3809e+00 6.5294e-01
8.5686e+01 1.2603e+04 3.1016e-04 2.4383e-01 1.2603e+04 3.9088e+00 6.1018e-01
8.6078e+01 1.2590e+04 2.7233e-04 2.2635e-01 1.2590e+04 3.4287e+00 5.6635e-01
8.6471e+01 1.2577e+04 2.3387e-04 2.0847e-01 1.2577e+04 2.9414e+00 5.2151e-01
8.6863e+01 1.2564e+04 1.9497e-04 1.9027e-01 1.2564e+04 2.4496e+00 4.7590e-01
8.7255e+01 1.2551e+04 1.5617e-04 1.7201e-01 1.2551e+04 1.9602e+00 4.3017e-01
8.7647e+01 1.2539e+04 1.1859e-04 1.5425e-01 1.2539e+04 1.4870e+00 3.8572e-01
8.8039e+01 1.2528e+04 8.4081e-05 1.3796e-01 1.2528e+04 1.0533e+00 3.4494e-01
8.8431e+01 1.2518e+04 5.4881e-05 1.2431e-01 1.2518e+04 6.8701e-01 3.1078e-01
8.8824e+01 1.2511e+04 3.2724e-05 1.1416e-01 1.2511e+04 4.0942e-01 2.8540e-01
8.9216e+01 1.2506e+04 1.7874e-05 1.0755e-01 1.2506e+04 2.2354e-01 2.6889e-01
8.9608e+01 1.2503e+04 9.0659e-06 1.0376e-01 1.2503e+04 1.1335e-01 2.5940e-01
9.0000e+01 1.2502e+04 4.3567e-06 1.0178e-01 1.2502e+04 5.4465e-02 2.5446e-01
9.0392e+01 1.2501e+04 2.0229e-06 1.0082e-01 1.2501e+04 2.5288e-02 2.5206e-01
9.0784e+01 1.2500e+04 9.2094e-07 1.0037e-01 1.2500e+04 1.1512e-02 2.5093e-01
9.1176e+01 1.2500e+04 4.1476e-07 1.0017e-01 1.2500e+04 5.1845e-03 2.5042e-01
9.1569e+01 1.2500e+04 1.8566e-07 1.0008e-01 1.2500e+04 2.3208e-03 2.5019e-01
9.1961e+01 1.2500e+04 8.2801e-08 1.0003e-01 1.2500e+04 1.0350e-03 2.5008e-01
9.2353e+01 1.2500e+04 3.6830e-08 1.0002e-01 1.2500e+04 4.6037e-04 2.5004e-01
9.2745e+01 1.2500e+04 1.6347e-08 1.0001e-01 1.2500e+04 2.0433e-04 2.5002e-01
9.3137e+01 1.2500e+04 7.2412e-09 1.0000e-01 1.2500e+04 9.0515e-05 2.5001e-01
9.3529e+01 1.2500e+04 3.2017e-09 1.0000e-01 1.2500e+04 4.0022e-05 2.5000e-01
9.3922e+01 1.2500e+04 1.4131e-09 1.0000e-01 1.2500e+04 1.7664e-05 2.5000e-01
9.4314e+01 1.2500e+04 6.2256e-10 1.0000e-01 1.2500e+04 7.7820e-06 2.5000e-01
9.4706e+01 1.2500e+04 2.7378e-10 1.0000e-01 1.2500e+04 3.4222e-06 2.5000e-01
9.5098e+01 1.2500e+04 1.2018e-10 1.0000e-01 1.2500e+04 1.5022e-06 2.5000e-01
9.5490e+01 1.2500e+04 5.2659e-11 1.0000e-01 1.2500e+04 6.5824e-07 2.5000e-01
9.5882e+01 1.2500e+04 2.3031e-11 1.0000e-01 1.2500e+04 2.8789e-07 2.5000e-01
9.6275e+01 1.2500e+04 1.0055e-11 1.0000e-01 1.2500e+04 1.2568e-07 2.5000e-01
9.6667e+01 1.2500e+04 4.3814e-12 1.0000e-01 1.2500e+04 5.4768e-08 2.5000e-01
9.7059e+01 1.2500e+04 1.9057e-12 1.0000e-01 1.2500e+04 2.3821e-08 2.5000e-01
9.7451e+01 1.2500e+04 8.2734e-13 1.0000e-01 1.2500e+04 1.0342e-08 2.5000e-01
9.7843e+01 1.2500e+04 3.5851e-13 1.0000e-01 1.2500e+04 4.4814e-09 2.5000e-01
9.8235e+01 1.2500e+04 1.5508e-13 1.0000e-01 1.2500e+04 1.9385e-09 2.5000e-01
9.8627e+01 1.2500e+04 6.6991e-14 1.0000e-01 1.2500e+04 8.3739e-10 2.5000e-01
9.9020e+01 1.2500e+04 2.8968e-14 1.0000e-01 1.2500e+04 3.6210e-10 2.5000e-01
9.9412e+01 1.2500e+04 1.2683e-14 1.0000e-01 1.2500e+04 1.5854e-10 2.5000e-01
9.9804e+01 1.2500e+04 6.1342e-15 1.0000e-01 1.2500e+04 7.6677e-11 2.5000e-01
