# # x Density Velocity Pressure q0 q1 q2
1.9608e-01 1.0000e+05 0.0000e+00 1.0000e+00 1.0000e+05 0.0000e+00 2.5000e+00
5.8824e-01 1.0000e+05 0.0000e+00 1.0000e+00 1.0000e+05 0.0000e+00 2.5000e+00
9.8039e-01 1.0000e+05 0.0000e+00 1.0000e+00 1.0000e+05 0.0000e+00 2.5000e+00
1.3725e+00 1.0000e+05 0.0000e+00 1.0000e+00 1.0000e+05 0.0000e+00 2.5000e+00
1.7647e+00 1.0000e+05 0.0000e+00 1.0000e+00 1.0000e+05 0.0000e+00 2.5000e+00
2.1569e+00 1.0000e+05 0.0000e+00 1.0000e+00 1.0000e+05 0.0000e+00 2.5000e+00
2.5490e+00 1.0000e+05 0.0000e+00 1.0000e+00 1.0000e+05 0.0000e+00 2.5000e+00
2.9412e+00 1.0000e+05 2.4376e-19 1.0000e+00 1.0000e+05 2.4376e-14 2.5000e+00
3.3333e+00 1.0000e+05 1.6395e-18 1.0000e+00 1.0000e+05 1.6395e-13 2.5000e+00
3.7255e+00 1.0000e+05 4.9963e-18 1.0000e+00 1.0000e+05 4.9963e-13 2.5000e+00
4.1176e+00 1.0000e+05 1.0315e-17 1.0000e+00 1.0000e+05 1.0315e-12 2.5000e+00
4.5098e+00 1.0000e+05 1.7612e-17 1.0000e+00 1.0000e+05 1.7612e-12 2.5000e+00
4.9020e+00 1.0000e+05 2.7432e-17 1.0000e+00 1.0000e+05 2.7432e-12 2.5000e+00
5.2941e+00 1.0000e+05 4.1733e-17 1.0000e+00 1.0000e+05 4.1733e-12 2.5000e+00
5.6863e+00 1.0000e+05 6.3283e-17 1.0000e+00 1.0000e+05 6.3283e-12 2.5000e+00
6.0784e+00 1.0000e+05 9.6574e-17 1.0000e+00 1.0000e+05 9.6574e-12 2.5000e+00
6.4706e+00 1.0000e+05 1.4980e-16 1.0000e+00 1.0000e+05 1.4980e-11 2.5000e+00
6.8627e+00 1.0000e+05 2.3530e-16 1.0000e+00 1.0000e+05 2.3530e-11 2.5000e+00
7.2549e+00 1.0000e+05 3.7314e-16 1.0000e+00 1.0000e+05 3.7314e-11 2.5000e+00
7.6471e+00 1.0000e+05 5.9442e-16 1.0000e+00 1.0000e+05 5.9442e-11 2.5000e+00
8.0392e+00 1.0000e+05 9.4977e-16 1.0000e+00 1.0000e+05 9.4977e-11 2.5000e+00
8.4314e+00 1.0000e+05 1.5192e-15 1.0000e+00 1.0000e+05 1.5192e-10 2.5000e+00
8.8235e+00 1.0000e+05 2.4266e-15 1.0000e+00 1.0000e+05 2.4266e-10 2.5000e+00
9.2157e+00 1.0000e+05 3.8649e-15 1.0000e+00 1.0000e+05 3.8649e-10 2.5000e+00
9.6078e+00 1.0000e+05 6.1360e-15 1.0000e+00 1.0000e+05 6.1360e-10 2.5000e+00
1.0000e+01 1.0000e+05 9.7064e-15 1.0000e+00 1.0000e+05 9.7064e-10 2.5000e+00
1.0392e+01 1.0000e+05 1.5295e-14 1.0000e+00 1.0000e+05 1.5295e-09 2.5000e+00
1.0784e+01 1.0000e+05 2.4004e-14 1.0000e+00 1.0000e+05 2.4004e-09 2.5000e+00
1.1176e+01 1.0000e+05 3.7515e-14 1.0000e+00 1.0000e+05 3.7515e-09 2.5000e+00
1.1569e+01 1.0000e+05 5.8383e-14 1.0000e+00 1.0000e+05 5.8383e-09 2.5000e+00
1.1961e+01 1.0000e+05 9.0472e-14 1.0000e+00 1.0000e+05 9.0472e-09 2.5000e+00
1.2353e+01 1.0000e+05 1.3960e-13 1.0000e+00 1.0000e+05 1.3960e-08 2.5000e+00
1.2745e+01 1.0000e+05 2.1446e-13 1.0000e+00 1.0000e+05 2.1446e-08 2.5000e+00
1.3137e+01 1.0000e+05 3.2805e-13 1.0000e+00 1.0000e+05 3.2805e-08 2.5000e+00
1.3529e+01 1.0000e+05 4.9964e-13 1.0000e+00 1.0000e+05 4.9964e-08 2.5000e+00
1.3922e+01 1.0000e+05 7.5766e-13 1.0000e+00 1.0000e+05 7.5766e-08 2.5000e+00
1.4314e+01 1.0000e+05 1.1439e-12 1.0000e+00 1.0000e+05 1.1439e-07 2.5000e+00
1.4706e+01 1.0000e+05 1.7196e-12 1.0000e+00 1.0000e+05 1.7196e-07 2.5000e+00
1.5098e+01 1.0000e+05 2.5737e-12 1.0000e+00 1.0000e+05 2.5737e-07 2.5000e+00
1.5490e+01 1.0000e+05 3.8353e-12 1.0000e+00 1.0000e+05 3.8353e-07 2.5000e+00
1.5882e+01 1.0000e+05 5.6902e-12 1.0000e+00 1.0000e+05 5.6902e-07 2.5000e+00
1.6275e+01 1.0000e+05 8.4052e-12 1.0000e+00 1.0000e+05 8.4052e-07 2.5000e+00
1.6667e+01 1.0000e+05 1.2361e-11 1.0000e+00 1.0000e+05 1.2361e-06 2.5000e+00
1.7059e+01 1.0000e+05 1.8099e-11 1.0000e+00 1.0000e+05 1.8099e-06 2.5000e+00
1.7451e+01 1.0000e+05 2.6385e-11 1.0000e+00 1.0000e+05 2.6385e-06 2.5000e+00
1.7843e+01 1.0000e+05 3.8295e-11 1.0000e+00 1.0000e+05 3.8295e-06 2.5000e+00
1.8235e+01 1.0000e+05 5.5336e-11 1.0000e+00 1.0000e+05 5.5336e-06 2.5000e+00
1.8627e+01 1.0000e+05 7.9607e-11 1.0000e+00 1.0000e+05 7.9607e-06 2.5000e+00
1.9020e+01 1.0000e+05 1.1402e-10 1.0000e+00 1.0000e+05 1.1402e-05 2.5000e+00
1.9412e+01 1.0000e+05 1.6259e-10 1.0000e+00 1.0000e+05 1.6259e-05 2.5000e+00
1.9804e+01 1.0000e+05 2.3082e-10 1.0000e+00 1.0000e+05 2.3082e-05 2.5000e+00
2.0196e+01 1.0000e+05 3.2624e-10 1.0000e+00 1.0000e+05 3.2624e-05 2.5000e+00
2.0588e+01 1.0000e+05 4.5907e-10 1.0000e+00 1.0000e+05 4.5907e-05 2.5000e+00
2.0980e+01 1.0000e+05 6.4313e-10 1.0000e+00 1.0000e+05 6.4313e-05 2.5000e+00
2.1373e+01 1.0000e+05 8.9698e-10 1.0000e+00 1.0000e+05 8.9698e-05 2.5000e+00
2.1765e+01 1.0000e+05 1.2455e-09 1.0000e+00 1.0000e+05 1.2455e-04 2.5000e+00
2.2157e+01 1.0000e+05 1.7218e-09 1.0000e+00 1.0000e+05 1.7218e-04 2.5000e+00
2.2549e+01 1.0000e+05 2.3697e-09 1.0000e+00 1.0000e+05 2.3697e-04 2.5000e+00
2.2941e+01 1.0000e+05 3.2469e-09 9.9999e-01 1.0000e+05 3.2469e-04 2.5000e+00
2.3333e+01 1.0000e+05 4.4291e-09 9.9999e-01 1.0000e+05 4.4291e-04 2.5000e+00
2.3725e+01 1.0000e+05 6.0149e-09 9.9999e-01 1.0000e+05 6.0149e-04 2.5000e+00
2.4118e+01 1.0000e+05 8.1325e-09 9.9998e-01 1.0000e+05 8.1325e-04 2.5000e+00
2.4510e+01 1.0000e+05 1.0947e-08 9.9998e-01 1.0000e+05 1.0947e-03 2.4999e+00
2.4902e+01 1.0000e+05 1.4670e-08 9.9997e-01 1.0000e+05 1.4670e-03 2.4999e+00
2.5294e+01 1.0000e+05 1.9572e-08 9.9996e-01 1.0000e+05 1.9572e-03 2.4999e+00
2.5686e+01 1.0000e+05 2.5996e-08 9.9995e-01 1.0000e+05 2.5996e-03 2.4999e+00
2.6078e+01 1.0000e+05 3.4376e-08 9.9994e-01 1.0000e+05 3.4376e-03 2.4998e+00
2.6471e+01 1.0000e+05 4.5258e-08 9.9992e-01 1.0000e+05 4.5257e-03 2.4998e+00
2.6863e+01 1.0000e+05 5.9320e-08 9.9989e-01 1.0000e+05 5.9320e-03 2.4997e+00
2.7255e+01 1.0000e+05 7.7409e-08 9.9986e-01 1.0000e+05 7.7408e-03 2.4997e+00
2.7647e+01 9.9999e+04 1.0057e-07 9.9982e-01 9.9999e+04 1.0057e-02 2.4996e+00
2.8039e+01 9.9999e+04 1.3008e-07 9.9978e-01 9.9999e+04 1.3008e-02 2.4994e+00
2.8431e+01 9.9999e+04 1.6752e-07 9.9972e-01 9.9999e+04 1.6751e-02 2.4993e+00
2.8824e+01 9.9999e+04 2.1478e-07 9.9964e-01 9.9999e+04 2.1478e-02 2.4991e+00
2.9216e+01 9.9998e+04 2.7417e-07 9.9955e-01 9.9998e+04 2.7416e-02 2.4989e+00
2.9608e+01 9.9998e+04 3.4845e-07 9.9943e-01 9.9998e+04 3.4844e-02 2.4986e+00
3.0000e+01 9.9997e+04 4.4093e-07 9.9929e-01 9.9997e+04 4.4091e-02 2.4982e+00
3.0392e+01 9.9997e+04 5.5552e-07 9.9912e-01 9.9997e+04 5.5550e-02 2.4978e+00
3.0784e+01 9.9996e+04 6.9685e-07 9.9892e-01 9.9996e+04 6.9682e-02 2.4973e+00
3.1176e+01 9.9994e+04 8.7036e-07 9.9867e-01 9.9994e+04 8.7031e-02 2.4967e+00
3.1569e+01 9.9993e+04 1.0824e-06 9.9837e-01 9.9993e+04 1.0823e-01 2.4959e+00
3.1961e+01 9.9991e+04 1.3403e-06 9.9801e-01 9.9991e+04 1.3402e-01 2.4950e+00
3.2353e+01 9.9989e+04 1.6525e-06 9.9759e-01 9.9989e+04 1.6523e-01 2.4940e+00
3.2745e+01 9.9986e+04 2.0288e-06 9.9708e-01 9.9986e+04 2.0285e-01 2.4927e+00
3.3137e+01 9.9983e+04 2.4801e-06 9.9649e-01 9.9983e+04 2.4797e-01 2.4912e+00
3.3529e+01 9.9979e+04 3.0190e-06 9.9580e-01 9.9979e+04 3.0184e-01 2.4895e+00
3.3922e+01 9.9974e+04 3.6596e-06 9.9499e-01 9.9974e+04 3.6587e-01 2.4875e+00
3.4314e+01 9.9968e+04 4.4176e-06 9.9405e-01 9.9968e+04 4.4162e-01 2.4851e+00
3.4706e+01 9.9961e+04 5.3103e-06 9.9297e-01 9.9961e+04 5.3082e-01 2.4824e+00
3.5098e+01 9.9953e+04 6.3570e-06 9.9172e-01 9.9953e+04 6.3540e-01 2.4793e+00
3.5490e+01 9.9943e+04 7.5787e-06 9.9030e-01 9.9943e+04 7.5744e-01 2.4757e+00
3.5882e+01 9.9931e+04 8.9984e-06 9.8868e-01 9.9931e+04 8.9921e-01 2.4717e+00
3.6275e+01 9.9917e+04 1.0641e-05 9.8684e-01 9.9917e+04 1.0632e+00 2.4671e+00
3.6667e+01 9.9901e+04 1.2532e-05 9.8478e-01 9.9901e+04 1.2520e+00 2.4620e+00
3.7059e+01 9.9882e+04 1.4701e-05 9.8246e-01 9.9882e+04 1.4683e+00 2.4562e+00
3.7451e+01 9.9860e+04 1.7176e-05 9.7987e-01 9.9860e+04 1.7152e+00 2.4497e+00
3.7843e+01 9.9834e+04 1.9991e-05 9.7700e-01 9.9834e+04 1.9957e+00 2.4425e+00
3.8235e+01 9.9805e+04 2.3175e-05 9.7383e-01 9.9805e+04 2.3130e+00 2.4346e+00
3.8627e+01 9.9771e+04 2.6765e-05 9.7033e-01 9.9771e+04 2.6703e+00 2.4259e+00
3.9020e+01 9.9732e+04 3.0792e-05 9.6651e-01 9.9732e+04 3.0710e+00 2.4163e+00
3.9412e+01 9.9688e+04 3.5293e-05 9.6234e-01 9.9688e+04 3.5183e+00 2.4059e+00
3.9804e+01 9.9638e+04 4.0301e-05 9.5782e-01 9.9638e+04 4.0155e+00 2.3946e+00
4.0196e+01 9.9581e+04 4.5851e-05 9.5293e-01 9.9581e+04 4.5659e+00 2.3824e+00
4.0588e+01 9.9517e+04 5.1977e-05 9.4768e-01 9.9517e+04 5.1726e+00 2.3693e+00
4.0980e+01 9.9446e+04 5.8711e-05 9.4207e-01 9.9446e+04 5.8385e+00 2.3553e+00
4.1373e+01 9.9366e+04 6.6083e-05 9.3609e-01 9.9366e+04 6.5664e+00 2.3404e+00
4.1765e+01 9.9276e+04 7.4123e-05 9.2975e-01 9.9276e+04 7.3587e+00 2.3246e+00
4.2157e+01 9.9178e+04 8.2857e-05 9.2305e-01 9.9178e+04 8.2175e+00 2.3080e+00
4.2549e+01 9.9068e+04 9.2307e-05 9.1603e-01 9.9068e+04 9.1447e+00 2.2905e+00
4.2941e+01 9.8948e+04 1.0249e-04 9.0867e-01 9.8948e+04 1.0142e+01 2.2722e+00
4.3333e+01 9.8816e+04 1.1343e-04 9.0102e-01 9.8816e+04 1.1209e+01 2.2532e+00
4.3725e+01 9.8671e+04 1.2514e-04 8.9309e-01 9.8671e+04 1.2348e+01 2.2335e+00
4.4118e+01 9.8513e+04 1.3758e-04 8.8490e-01 9.8513e+04 1.3554e+01 2.2132e+00
4.4510e+01 9.8345e+04 1.5093e-04 8.7654e-01 9.8345e+04 1.4843e+01 2.1925e+00
4.4902e+01 9.8151e+04 1.6459e-04 8.6783e-01 9.8151e+04 1.6155e+01 2.1709e+00
4.5294e+01 9.7982e+04 1.8045e-04 8.5948e-01 9.7982e+04 1.7681e+01 2.1503e+00
4.5686e+01 9.7679e+04 1.9280e-04 8.4954e-01 9.7679e+04 1.8832e+01 2.1257e+00
4.6078e+01 9.7679e+04 2.1723e-04 8.4342e-01 9.7679e+04 2.1218e+01 2.1109e+00
4.6471e+01 9.6906e+04 2.1531e-04 8.2810e-01 9.6906e+04 2.0865e+01 2.0725e+00
4.6863e+01 9.7694e+04 2.6992e-04 8.3163e-01 9.7694e+04 2.6370e+01 2.0826e+00
4.7255e+01 9.5668e+04 2.2600e-04 8.0205e-01 9.5668e+04 2.1621e+01 2.0076e+00
4.7647e+01 9.7732e+04 3.2738e-04 8.2062e-01 9.7732e+04 3.1995e+01 2.0568e+00
4.8039e+01 9.5028e+04 2.6368e-04 7.8463e-01 9.5028e+04 2.5057e+01 1.9649e+00
4.8431e+01 9.6291e+04 3.3881e-04 7.9405e-01 9.6291e+04 3.2624e+01 1.9907e+00
4.8824e+01 9.5798e+04 3.4175e-04 7.8011e-01 9.5798e+04 3.2739e+01 1.9559e+00
4.9216e+01 9.1097e+04 3.6791e-04 7.7389e-01 9.1097e+04 3.3515e+01 1.9409e+00
4.9608e+01 1.1965e+05 3.7315e-04 7.6004e-01 1.1965e+05 4.4648e+01 1.9084e+00
5.0000e+01 3.5946e+04 3.9625e-04 7.5753e-01 3.5946e+04 1.4243e+01 1.8967e+00
5.0392e+01 1.2920e+04 4.3880e-04 7.5791e-01 1.2920e+04 5.6693e+00 1.8960e+00
5.0784e+01 9.3196e+03 4.8756e-04 7.5296e-01 9.3196e+03 4.5438e+00 1.8835e+00
5.1176e+01 9.5417e+03 5.8872e-04 7.5095e-01 9.5417e+03 5.6174e+00 1.8790e+00
5.1569e+01 1.0076e+04 7.5244e-04 7.5730e-01 1.0076e+04 7.5813e+00 1.8961e+00
5.1961e+01 1.0701e+04 8.5767e-04 7.5959e-01 1.0701e+04 9.1780e+00 1.9029e+00
5.2353e+01 1.0986e+04 8.6491e-04 7.5320e-01 1.0986e+04 9.5016e+00 1.8871e+00
5.2745e+01 1.1278e+04 8.8007e-04 7.4868e-01 1.1278e+04 9.9252e+00 1.8761e+00
5.3137e+01 1.1497e+04 9.5956e-04 7.5214e-01 1.1497e+04 1.1032e+01 1.8856e+00
5.3529e+01 1.1768e+04 1.0647e-03 7.5916e-01 1.1768e+04 1.2529e+01 1.9046e+00
5.3922e+01 1.1925e+04 1.1316e-03 7.6256e-01 1.1925e+04 1.3495e+01 1.9140e+00
5.4314e+01 1.2026e+04 1.1434e-03 7.6008e-01 1.2026e+04 1.3750e+01 1.9081e+00
5.4706e+01 1.2055e+04 1.1229e-03 7.5405e-01 1.2055e+04 1.3536e+01 1.8927e+00
5.5098e+01 1.2116e+04 1.1179e-03 7.4921e-01 1.2116e+04 1.3544e+01 1.8806e+00
5.5490e+01 1.2230e+04 1.1722e-03 7.5172e-01 1.2230e+04 1.4336e+01 1.8877e+00
5.5882e+01 1.2412e+04 1.2788e-03 7.6074e-01 1.2412e+04 1.5872e+01 1.9120e+00
5.6275e+01 1.2601e+04 1.3993e-03 7.7193e-01 1.2601e+04 1.7633e+01 1.9422e+00
5.6667e+01 1.2764e+04 1.5002e-03 7.8130e-01 1.2764e+04 1.9149e+01 1.9676e+00
5.7059e+01 1.2874e+04 1.5664e-03 7.8690e-01 1.2874e+04 2.0166e+01 1.9830e+00
5.7451e+01 1.2938e+04 1.6001e-03 7.8883e-01 1.2938e+04 2.0702e+01 1.9886e+00
5.7843e+01 1.2967e+04 1.6120e-03 7.8829e-01 1.2967e+04 2.0902e+01 1.9876e+00
5.8235e+01 1.2980e+04 1.6130e-03 7.8656e-01 1.2980e+04 2.0938e+01 1.9833e+00
5.8627e+01 1.2987e+04 1.6104e-03 7.8446e-01 1.2987e+04 2.0913e+01 1.9780e+00
5.9020e+01 1.2991e+04 1.6066e-03 7.8223e-01 1.2991e+04 2.0872e+01 1.9723e+00
5.9412e+01 1.2995e+04 1.6024e-03 7.7991e-01 1.2995e+04 2.0822e+01 1.9665e+00
5.9804e+01 1.2998e+04 1.5977e-03 7.7750e-01 1.2998e+04 2.0767e+01 1.9603e+00
6.0196e+01 1.3000e+04 1.5926e-03 7.7500e-01 1.3000e+04 2.0705e+01 1.9540e+00
6.0588e+01 1.3003e+04 1.5871e-03 7.7242e-01 1.3003e+04 2.0637e+01 1.9474e+00
6.0980e+01 1.3004e+04 1.5812e-03 7.6973e-01 1.3004e+04 2.0563e+01 1.9406e+00
6.1373e+01 1.3006e+04 1.5749e-03 7.6695e-01 1.3006e+04 2.0483e+01 1.9335e+00
6.1765e+01 1.3007e+04 1.5682e-03 7.6407e-01 1.3007e+04 2.0398e+01 1.9262e+00
6.2157e+01 1.3007e+04 1.5612e-03 7.6109e-01 1.3007e+04 2.0307e+01 1.9186e+00
6.2549e+01 1.3008e+04 1.5537e-03 7.5800e-01 1.3008e+04 2.0210e+01 1.9107e+00
6.2941e+01 1.3008e+04 1.5458e-03 7.5480e-01 1.3008e+04 2.0108e+01 1.9026e+00
6.3333e+01 1.3007e+04 1.5376e-03 7.5149e-01 1.3007e+04 2.0000e+01 1.8941e+00
6.3725e+01 1.3007e+04 1.5289e-03 7.4806e-01 1.3007e+04 1.9886e+01 1.8854e+00
6.4118e+01 1.3006e+04 1.5199e-03 7.4451e-01 1.3006e+04 1.9767e+01 1.8763e+00
6.4510e+01 1.3005e+04 1.5104e-03 7.4084e-01 1.3005e+04 1.9642e+01 1.8669e+00
6.4902e+01 1.3003e+04 1.5006e-03 7.3704e-01 1.3003e+04 1.9512e+01 1.8572e+00
6.5294e+01 1.3001e+04 1.4903e-03 7.3311e-01 1.3001e+04 1.9376e+01 1.8472e+00
6.5686e+01 1.2999e+04 1.4797e-03 7.2904e-01 1.2999e+04 1.9234e+01 1.8368e+00
6.6078e+01 1.2997e+04 1.4686e-03 7.2483e-01 1.2997e+04 1.9087e+01 1.8261e+00
6.6471e+01 1.2994e+04 1.4571e-03 7.2048e-01 1.2994e+04 1.8934e+01 1.8150e+00
6.6863e+01 1.2991e+04 1.4453e-03 7.1599e-01 1.2991e+04 1.8776e+01 1.8035e+00
6.7255e+01 1.2988e+04 1.4330e-03 7.1134e-01 1.2988e+04 1.8611e+01 1.7917e+00
6.7647e+01 1.2985e+04 1.4202e-03 7.0654e-01 1.2985e+04 1.8441e+01 1.7795e+00
6.8039e+01 1.2981e+04 1.4071e-03 7.0159e-01 1.2981e+04 1.8266e+01 1.7668e+00
6.8431e+01 1.2977e+04 1.3935e-03 6.9647e-01 1.2977e+04 1.8084e+01 1.7538e+00
6.8824e+01 1.2973e+04 1.3795e-03 6.9119e-01 1.2973e+04 1.7897e+01 1.7403e+00
6.9216e+01 1.2969e+04 1.3651e-03 6.8573e-01 1.2969e+04 1.7704e+01 1.7264e+00
6.9608e+01 1.2964e+04 1.3503e-03 6.8011e-01 1.2964e+04 1.7505e+01 1.7121e+00
7.0000e+01 1.2959e+04 1.3350e-03 6.7431e-01 1.2959e+04 1.7300e+01 1.6973e+00
7.0392e+01 1.2954e+04 1.3192e-03 6.6833e-01 1.2954e+04 1.7090e+01 1.6821e+00
7.0784e+01 1.2949e+04 1.3031e-03 6.6216e-01 1.2949e+04 1.6873e+01 1.6664e+00
7.1176e+01 1.2944e+04 1.2864e-03 6.5581e-01 1.2944e+04 1.6651e+01 1.6502e+00
7.1569e+01 1.2938e+04 1.2694e-03 6.4927e-01 1.2938e+04 1.6423e+01 1.6336e+00
7.1961e+01 1.2932e+04 1.2519e-03 6.4253e-01 1.2932e+04 1.6189e+01 1.6165e+00
7.2353e+01 1.2926e+04 1.2339e-03 6.3559e-01 1.2926e+04 1.5949e+01 1.5988e+00
7.2745e+01 1.2920e+04 1.2155e-03 6.2845e-01 1.2920e+04 1.5703e+01 1.5807e+00
7.3137e+01 1.2913e+04 1.1966e-03 6.2111e-01 1.2913e+04 1.5452e+01 1.5620e+00
7.3529e+01 1.2906e+04 1.1772e-03 6.1355e-01 1.2906e+04 1.5194e+01 1.5428e+00
7.3922e+01 1.2900e+04 1.1574e-03 6.0578e-01 1.2900e+04 1.4930e+01 1.5231e+00
7.4314e+01 1.2892e+04 1.1371e-03 5.9780e-01 1.2892e+04 1.4661e+01 1.5028e+00
7.4706e+01 1.2885e+04 1.1164e-03 5.8959e-01 1.2885e+04 1.4385e+01 1.4820e+00
7.5098e+01 1.2878e+04 1.0952e-03 5.8116e-01 1.2878e+04 1.4103e+01 1.4606e+00
7.5490e+01 1.2870e+04 1.0734e-03 5.7249e-01 1.2870e+04 1.3815e+01 1.4386e+00
7.5882e+01 1.2862e+04 1.0512e-03 5.6359e-01 1.2862e+04 1.3521e+01 1.4161e+00
7.6275e+01 1.2854e+04 1.0285e-03 5.5446e-01 1.2854e+04 1.3221e+01 1.3929e+00
7.6667e+01 1.2846e+04 1.0054e-03 5.4508e-01 1.2846e+04 1.2915e+01 1.3692e+00
7.7059e+01 1.2837e+04 9.8167e-04 5.3545e-01 1.2837e+04 1.2602e+01 1.3448e+00
7.7451e+01 1.2829e+04 9.5747e-04 5.2556e-01 1.2829e+04 1.2283e+01 1.3198e+00
7.7843e+01 1.2820e+04 9.3276e-04 5.1542e-01 1.2820e+04 1.1958e+01 1.2941e+00
7.8235e+01 1.2811e+04 9.0753e-04 5.0501e-01 1.2811e+04 1.1626e+01 1.2678e+00
7.8627e+01 1.2802e+04 8.8177e-04 4.9433e-01 1.2802e+04 1.1288e+01 1.2408e+00
7.9020e+01 1.2792e+04 8.5547e-04 4.8337e-01 1.2792e+04 1.0944e+01 1.2131e+00
7.9412e+01 1.2783e+04 8.2863e-04 4.7213e-01 1.2783e+04 1.0592e+01 1.1847e+00
7.9804e+01 1.2773e+04 8.0123e-04 4.6059e-01 1.2773e+04 1.0234e+01 1.1556e+00
8.0196e+01 1.2763e+04 7.7328e-04 4.4876e-01 1.2763e+04 9.8695e+00 1.1257e+00
8.0588e+01 1.2753e+04 7.4475e-04 4.3662e-01 1.2753e+04 9.4979e+00 1.0951e+00
8.0980e+01 1.2743e+04 7.1564e-04 4.2416e-01 1.2743e+04 9.1194e+00 1.0637e+00
8.1373e+01 1.2732e+04 6.8595e-04 4.1138e-01 1.2732e+04 8.7338e+00 1.0315e+00
8.1765e+01 1.2722e+04 6.5565e-04 3.9827e-01 1.2722e+04 8.3410e+00 9.9842e-01
8.2157e+01 1.2711e+04 6.2474e-04 3.8483e-01 1.2711e+04 7.9411e+00 9.6455e-01
8.2549e+01 1.2700e+04 5.9321e-04 3.7103e-01 1.2700e+04 7.5337e+00 9.2982e-01
8.2941e+01 1.2689e+04 5.6105e-04 3.5688e-01 1.2689e+04 7.1190e+00 8.9420e-01
8.3333e+01 1.2677e+04 5.2824e-04 3.4236e-01 1.2677e+04 6.6966e+00 8.5767e-01
8.3725e+01 1.2666e+04 4.9477e-04 3.2746e-01 1.2666e+04 6.2667e+00 8.2021e-01
8.4118e+01 1.2654e+04 4.6064e-04 3.1218e-01 1.2654e+04 5.8289e+00 7.8180e-01
8.4510e+01 1.2642e+04 4.2582e-04 2.9650e-01 1.2642e+04 5.3832e+00 7.4240e-01
8.4902e+01 1.2630e+04 3.9031e-04 2.8041e-01 1.2630e+04 4.9296e+00 7.0200e-01
8.5294e+01 1.2618e+04 3.5409e-04 2.6391e-01 1.2618e+04 4.4678e+00 6.6056e-01
8.5686e+01 1.2605e+04 3.1715e-04 2.4697e-01 1.2605e+04 3.9977e+00 6.1806e-01
8.6078e+01 1.2592e+04 2.7950e-04 2.2960e-01 1.2592e+04 3.5196e+00 5.7450e-01
8.6471e+01 1.2580e+04 2.4119e-04 2.1182e-01 1.2580e+04 3.0341e+00 5.2992e-01
8.6863e+01 1.2567e+04 2.0239e-04 1.9370e-01 1.2567e+04 2.5434e+00 4.8450e-01
8.7255e+01 1.2554e+04 1.6355e-04 1.7545e-01 1.2554e+04 2.0532e+00 4.3879e-01
8.7647e+01 1.2541e+04 1.2566e-04 1.5756e-01 1.2541e+04 1.5759e+00 3.9400e-01
8.8039e+01 1.2530e+04 9.0410e-05 1.4092e-01 1.2530e+04 1.1328e+00 3.5235e-01
8.8431e+01 1.2520e+04 6.0037e-05 1.2669e-01 1.2520e+04 7.5166e-01 3.1674e-01
8.8824e+01 1.2512e+04 3.6453e-05 1.1584e-01 1.2512e+04 4.5611e-01 2.8960e-01
8.9216e+01 1.2507e+04 2.0246e-05 1.0859e-01 1.2507e+04 2.5322e-01 2.7148e-01
8.9608e+01 1.2504e+04 1.0408e-05 1.0433e-01 1.2504e+04 1.3013e-01 2.6082e-01
9.0000e+01 1.2502e+04 5.0483e-06 1.0207e-01 1.2502e+04 6.3112e-02 2.5518e-01
9.0392e+01 1.2501e+04 2.3577e-06 1.0096e-01 1.2501e+04 2.9473e-02 2.5240e-01
9.0784e+01 1.2500e+04 1.0770e-06 1.0044e-01 1.2500e+04 1.3463e-02 2.5109e-01
9.1176e+01 1.2500e+04 4.8604e-07 1.0020e-01 1.2500e+04 6.0756e-03 2.5049e-01
9.1569e+01 1.2500e+04 2.1787e-07 1.0009e-01 1.2500e+04 2.7234e-03 2.5022e-01
9.1961e+01 1.2500e+04 9.7266e-08 1.0004e-01 1.2500e+04 1.2158e-03 2.5010e-01
9.2353e+01 1.2500e+04 4.3302e-08 1.0002e-01 1.2500e+04 5.4128e-04 2.5004e-01
9.2745e+01 1.2500e+04 1.9235e-08 1.0001e-01 1.2500e+04 2.4044e-04 2.5002e-01
9.3137e+01 1.2500e+04 8.5274e-09 1.0000e-01 1.2500e+04 1.0659e-04 2.5001e-01
9.3529e+01 1.2500e+04 3.7735e-09 1.0000e-01 1.2500e+04 4.7168e-05 2.5000e-01
9.3922e+01 1.2500e+04 1.6668e-09 1.0000e-01 1.2500e+04 2.0834e-05 2.5000e-01
9.4314e+01 1.2500e+04 7.3489e-10 1.0000e-01 1.2500e+04 9.1861e-06 2.5000e-01
9.4706e+01 1.2500e+04 3.2343e-10 1.0000e-01 1.2500e+04 4.0429e-06 2.5000e-01
9.5098e+01 1.2500e+04 1.4209e-10 1.0000e-01 1.2500e+04 1.7761e-06 2.5000e-01
9.5490e+01 1.2500e+04 6.2310e-11 1.0000e-01 1.2500e+04 7.7888e-07 2.5000e-01
9.5882e+01 1.2500e+04 2.7275e-11 1.0000e-01 1.2500e+04 3.4094e-07 2.5000e-01
9.6275e+01 1.2500e+04 1.1917e-11 1.0000e-01 1.2500e+04 1.4896e-07 2.5000e-01
9.6667e+01 1.2500e+04 5.1972e-12 1.0000e-01 1.2500e+04 6.4966e-08 2.5000e-01
9.7059e+01 1.2500e+04 2.2624e-12 1.0000e-01 1.2500e+04 2.8280e-08 2.5000e-01
9.7451e+01 1.2500e+04 9.8304e-13 1.0000e-01 1.2500e+04 1.2288e-08 2.5000e-01
9.7843e+01 1.2500e+04 4.2635e-13 1.0000e-01 1.2500e+04 5.3293e-09 2.5000e-01
9.8235e+01 1.2500e+04 1.8458e-13 1.0000e-01 1.2500e+04 2.3072e-09 2.5000e-01
9.8627e+01 1.2500e+04 7.9804e-14 1.0000e-01 1.2500e+04 9.9756e-10 2.5000e-01
9.9020e+01 1.2500e+04 3.4541e-14 1.0000e-01 1.2500e+04 4.3176e-10 2.5000e-01
9.9412e+01 1.2500e+04 1.5138e-14 1.0000e-01 1.2500e+04 1.8922e-10 2.5000e-01
9.9804e+01 1.2500e+04 7.3312e-15 1.0000e-01 1.2500e+04 9.1640e-11 2.5000e-01
