# # x Density Velocity Pressure q0 q1 q2
1.9608e-01 1.0000e+05 0.0000e+00 1.0000e+00 1.0000e+05 0.0000e+00 2.5000e+00
5.8824e-01 1.0000e+05 0.0000e+00 1.0000e+00 1.0000e+05 0.0000e+00 2.5000e+00
9.8039e-01 1.0000e+05 0.0000e+00 1.0000e+00 1.0000e+05 0.0000e+00 2.5000e+00
1.3725e+00 1.0000e+05 0.0000e+00 1.0000e+00 1.0000e+05 0.0000e+00 2.5000e+00
1.7647e+00 1.0000e+05 0.0000e+00 1.0000e+00 1.0000e+05 0.0000e+00 2.5000e+00
2.1569e+00 1.0000e+05 0.0000e+00 1.0000e+00 1.0000e+05 0.0000e+00 2.5000e+00
2.5490e+00 1.0000e+05 0.0000e+00 1.0000e+00 1.0000e+05 0.0000e+00 2.5000e+00
2.9412e+00 1.0000e+05 2.9047e-19 1.0000e+00 1.0000e+05 2.9047e-14 2.5000e+00
3.3333e+00 1.0000e+05 1.8255e-18 1.0000e+00 1.0000e+05 1.8255e-13 2.5000e+00
3.7255e+00 1.0000e+05 5.3337e-18 1.0000e+00 1.0000e+05 5.3337e-13 2.5000e+00
4.1176e+00 1.0000e+05 1.0804e-17 1.0000e+00 1.0000e+05 1.0804e-12 2.5000e+00
4.5098e+00 1.0000e+05 1.8253e-17 1.0000e+00 1.0000e+05 1.8253e-12 2.5000e+00
4.9020e+00 1.0000e+05 2.8344e-17 1.0000e+00 1.0000e+05 2.8344e-12 2.5000e+00
5.2941e+00 1.0000e+05 4.3107e-17 1.0000e+00 1.0000e+05 4.3107e-12 2.5000e+00
5.6863e+00 1.0000e+05 6.5282e-17 1.0000e+00 1.0000e+05 6.5282e-12 2.5000e+00
6.0784e+00 1.0000e+05 9.9728e-17 1.0000e+00 1.0000e+05 9.9728e-12 2.5000e+00
6.4706e+00 1.0000e+05 1.5484e-16 1.0000e+00 1.0000e+05 1.5484e-11 2.5000e+00
6.8627e+00 1.0000e+05 2.4330e-16 1.0000e+00 1.0000e+05 2.4330e-11 2.5000e+00
7.2549e+00 1.0000e+05 3.8589e-16 1.0000e+00 1.0000e+05 3.8589e-11 2.5000e+00
7.6471e+00 1.0000e+05 6.1475e-16 1.0000e+00 1.0000e+05 6.1475e-11 2.5000e+00
8.0392e+00 1.0000e+05 9.8205e-16 1.0000e+00 1.0000e+05 9.8205e-11 2.5000e+00
8.4314e+00 1.0000e+05 1.5703e-15 1.0000e+00 1.0000e+05 1.5703e-10 2.5000e+00
8.8235e+00 1.0000e+05 2.5072e-15 1.0000e+00 1.0000e+05 2.5072e-10 2.5000e+00
9.2157e+00 1.0000e+05 3.9913e-15 1.0000e+00 1.0000e+05 3.9913e-10 2.5000e+00
9.6078e+00 1.0000e+05 6.3333e-15 1.0000e+00 1.0000e+05 6.3333e-10 2.5000e+00
1.0000e+01 1.0000e+05 1.0013e-14 1.0000e+00 1.0000e+05 1.0013e-09 2.5000e+00
1.0392e+01 1.0000e+05 1.5770e-14 1.0000e+00 1.0000e+05 1.5770e-09 2.5000e+00
1.0784e+01 1.0000e+05 2.4735e-14 1.0000e+00 1.0000e+05 2.4735e-09 2.5000e+00
1.1176e+01 1.0000e+05 3.8637e-14 1.0000e+00 1.0000e+05 3.8637e-09 2.5000e+00
1.1569e+01 1.0000e+05 6.0097e-14 1.0000e+00 1.0000e+05 6.0097e-09 2.5000e+00
1.1961e+01 1.0000e+05 9.3078e-14 1.0000e+00 1.0000e+05 9.3078e-09 2.5000e+00
1.2353e+01 1.0000e+05 1.4354e-13 1.0000e+00 1.0000e+05 1.4354e-08 2.5000e+00
1.2745e+01 1.0000e+05 2.2040e-13 1.0000e+00 1.0000e+05 2.2040e-08 2.5000e+00
1.3137e+01 1.0000e+05 3.3696e-13 1.0000e+00 1.0000e+05 3.3696e-08 2.5000e+00
1.3529e+01 1.0000e+05 5.1293e-13 1.0000e+00 1.0000e+05 5.1293e-08 2.5000e+00
1.3922e+01 1.0000e+05 7.7741e-13 1.0000e+00 1.0000e+05 7.7741e-08 2.5000e+00
1.4314e+01 1.0000e+05 1.1732e-12 1.0000e+00 1.0000e+05 1.1732e-07 2.5000e+00
1.4706e+01 1.0000e+05 1.7626e-12 1.0000e+00 1.0000e+05 1.7626e-07 2.5000e+00
1.5098e+01 1.0000e+05 2.6368e-12 1.0000e+00 1.0000e+05 2.6368e-07 2.5000e+00
1.5490e+01 1.0000e+05 3.9272e-12 1.0000e+00 1.0000e+05 3.9272e-07 2.5000e+00
1.5882e+01 1.0000e+05 5.8237e-12 1.0000e+00 1.0000e+05 5.8237e-07 2.5000e+00
1.6275e+01 1.0000e+05 8.5981e-12 1.0000e+00 1.0000e+05 8.5981e-07 2.5000e+00
1.6667e+01 1.0000e+05 1.2639e-11 1.0000e+00 1.0000e+05 1.2639e-06 2.5000e+00
1.7059e+01 1.0000e+05 1.8497e-11 1.0000e+00 1.0000e+05 1.8497e-06 2.5000e+00
1.7451e+01 1.0000e+05 2.6952e-11 1.0000e+00 1.0000e+05 2.6952e-06 2.5000e+00
1.7843e+01 1.0000e+05 3.9099e-11 1.0000e+00 1.0000e+05 3.9099e-06 2.5000e+00
1.8235e+01 1.0000e+05 5.6470e-11 1.0000e+00 1.0000e+05 5.6470e-06 2.5000e+00
1.8627e+01 1.0000e+05 8.1202e-11 1.0000e+00 1.0000e+05 8.1202e-06 2.5000e+00
1.9020e+01 1.0000e+05 1.1625e-10 1.0000e+00 1.0000e+05 1.1625e-05 2.5000e+00
1.9412e+01 1.0000e+05 1.6569e-10 1.0000e+00 1.0000e+05 1.6569e-05 2.5000e+00
1.9804e+01 1.0000e+05 2.3513e-10 1.0000e+00 1.0000e+05 2.3513e-05 2.5000e+00
2.0196e+01 1.0000e+05 3.3218e-10 1.0000e+00 1.0000e+05 3.3218e-05 2.5000e+00
2.0588e+01 1.0000e+05 4.6722e-10 1.0000e+00 1.0000e+05 4.6722e-05 2.5000e+00
2.0980e+01 1.0000e+05 6.5425e-10 1.0000e+00 1.0000e+05 6.5425e-05 2.5000e+00
2.1373e+01 1.0000e+05 9.1211e-10 1.0000e+00 1.0000e+05 9.1211e-05 2.5000e+00
2.1765e+01 1.0000e+05 1.2660e-09 1.0000e+00 1.0000e+05 1.2660e-04 2.5000e+00
2.2157e+01 1.0000e+05 1.7494e-09 1.0000e+00 1.0000e+05 1.7494e-04 2.5000e+00
2.2549e+01 1.0000e+05 2.4066e-09 1.0000e+00 1.0000e+05 2.4066e-04 2.5000e+00
2.2941e+01 1.0000e+05 3.2961e-09 9.9999e-01 1.0000e+05 3.2961e-04 2.5000e+00
2.3333e+01 1.0000e+05 4.4945e-09 9.9999e-01 1.0000e+05 4.4945e-04 2.5000e+00
2.3725e+01 1.0000e+05 6.1014e-09 9.9999e-01 1.0000e+05 6.1014e-04 2.5000e+00
2.4118e+01 1.0000e+05 8.2461e-09 9.9998e-01 1.0000e+05 8.2461e-04 2.5000e+00
2.4510e+01 1.0000e+05 1.1095e-08 9.9998e-01 1.0000e+05 1.1095e-03 2.4999e+00
2.4902e+01 1.0000e+05 1.4863e-08 9.9997e-01 1.0000e+05 1.4863e-03 2.4999e+00
2.5294e+01 1.0000e+05 1.9822e-08 9.9996e-01 1.0000e+05 1.9822e-03 2.4999e+00
2.5686e+01 1.0000e+05 2.6319e-08 9.9995e-01 1.0000e+05 2.6319e-03 2.4999e+00
2.6078e+01 1.0000e+05 3.4791e-08 9.9994e-01 1.0000e+05 3.4791e-03 2.4998e+00
2.6471e+01 1.0000e+05 4.5787e-08 9.9992e-01 1.0000e+05 4.5787e-03 2.4998e+00
2.6863e+01 1.0000e+05 5.9993e-08 9.9989e-01 1.0000e+05 5.9993e-03 2.4997e+00
2.7255e+01 1.0000e+05 7.8260e-08 9.9986e-01 1.0000e+05 7.8260e-03 2.4997e+00
2.7647e+01 9.9999e+04 1.0164e-07 9.9982e-01 9.9999e+04 1.0164e-02 2.4996e+00
2.8039e+01 9.9999e+04 1.3142e-07 9.9977e-01 9.9999e+04 1.3142e-02 2.4994e+00
2.8431e+01 9.9999e+04 1.6919e-07 9.9971e-01 9.9999e+04 1.6919e-02 2.4993e+00
2.8824e+01 9.9999e+04 2.1685e-07 9.9964e-01 9.9999e+04 2.1685e-02 2.4991e+00
2.9216e+01 9.9998e+04 2.7673e-07 9.9954e-01 9.9998e+04 2.7672e-02 2.4989e+00
2.9608e+01 9.9998e+04 3.5159e-07 9.9943e-01 9.9998e+04 3.5158e-02 2.4986e+00
3.0000e+01 9.9997e+04 4.4476e-07 9.9929e-01 9.9997e+04 4.4475e-02 2.4982e+00
3.0392e+01 9.9996e+04 5.6019e-07 9.9912e-01 9.9996e+04 5.6017e-02 2.4978e+00
3.0784e+01 9.9996e+04 7.0250e-07 9.9891e-01 9.9996e+04 7.0247e-02 2.4973e+00
3.1176e+01 9.9994e+04 8.7716e-07 9.9866e-01 9.9994e+04 8.7711e-02 2.4966e+00
3.1569e+01 9.9993e+04 1.0905e-06 9.9836e-01 9.9993e+04 1.0905e-01 2.4959e+00
3.1961e+01 9.9991e+04 1.3500e-06 9.9800e-01 9.9991e+04 1.3499e-01 2.4950e+00
3.2353e+01 9.9989e+04 1.6640e-06 9.9757e-01 9.9989e+04 1.6638e-01 2.4939e+00
3.2745e+01 9.9986e+04 2.0424e-06 9.9707e-01 9.9986e+04 2.0421e-01 2.4927e+00
3.3137e+01 9.9983e+04 2.4961e-06 9.9647e-01 9.9983e+04 2.4957e-01 2.4912e+00
3.3529e+01 9.9979e+04 3.0377e-06 9.9577e-01 9.9979e+04 3.0371e-01 2.4894e+00
3.3922e+01 9.9974e+04 3.6814e-06 9.9496e-01 9.9974e+04 3.6804e-01 2.4874e+00
3.4314e+01 9.9968e+04 4.4428e-06 9.9402e-01 9.9968e+04 4.4413e-01 2.4851e+00
3.4706e+01 9.9961e+04 5.3393e-06 9.9293e-01 9.9961e+04 5.3372e-01 2.4823e+00
3.5098e+01 9.9952e+04 6.3903e-06 9.9168e-01 9.9952e+04 6.3872e-01 2.4792e+00
3.5490e+01 9.9942e+04 7.6167e-06 9.9026e-01 9.9942e+04 7.6123e-01 2.4756e+00
3.5882e+01 9.9931e+04 9.0415e-06 9.8863e-01 9.9931e+04 9.0352e-01 2.4716e+00
3.6275e+01 9.9917e+04 1.0689e-05 9.8680e-01 9.9917e+04 1.0680e+00 2.4670e+00
3.6667e+01 9.9900e+04 1.2587e-05 9.8472e-01 9.9900e+04 1.2574e+00 2.4618e+00
3.7059e+01 9.9881e+04 1.4762e-05 9.8240e-01 9.9881e+04 1.4744e+00 2.4560e+00
3.7451e+01 9.9859e+04 1.7245e-05 9.7981e-01 9.9859e+04 1.7220e+00 2.4495e+00
3.7843e+01 9.9833e+04 2.0066e-05 9.7694e-01 9.9833e+04 2.0033e+00 2.4424e+00
3.8235e+01 9.9804e+04 2.3259e-05 9.7376e-01 9.9804e+04 2.3213e+00 2.4344e+00
3.8627e+01 9.9770e+04 2.6856e-05 9.7026e-01 9.9770e+04 2.6794e+00 2.4257e+00
3.9020e+01 9.9731e+04 3.0892e-05 9.6643e-01 9.9731e+04 3.0809e+00 2.4161e+00
3.9412e+01 9.9687e+04 3.5402e-05 9.6225e-01 9.9687e+04 3.5291e+00 2.4057e+00
3.9804e+01 9.9636e+04 4.0419e-05 9.5773e-01 9.9636e+04 4.0272e+00 2.3944e+00
4.0196e+01 9.9580e+04 4.5978e-05 9.5284e-01 9.9580e+04 4.5785e+00 2.3822e+00
4.0588e+01 9.9516e+04 5.2114e-05 9.4759e-01 9.9516e+04 5.1861e+00 2.3691e+00
4.0980e+01 9.9444e+04 5.8857e-05 9.4197e-01 9.9444e+04 5.8529e+00 2.3551e+00
4.1373e+01 9.9364e+04 6.6238e-05 9.3599e-01 9.9364e+04 6.5817e+00 2.3402e+00
4.1765e+01 9.9274e+04 7.4287e-05 9.2964e-01 9.9274e+04 7.3748e+00 2.3244e+00
4.2157e+01 9.9175e+04 8.3029e-05 9.2295e-01 9.9175e+04 8.2345e+00 2.3077e+00
4.2549e+01 9.9066e+04 9.2488e-05 9.1592e-01 9.9066e+04 9.1624e+00 2.2902e+00
4.2941e+01 9.8945e+04 1.0268e-04 9.0857e-01 9.8945e+04 1.0160e+01 2.2719e+00
4.3333e+01 9.8813e+04 1.1363e-04 9.0092e-01 9.8813e+04 1.1228e+01 2.2529e+00
4.3725e+01 9.8668e+04 1.2534e-04 8.9299e-01 9.8668e+04 1.2367e+01 2.2333e+00
4.4118e+01 9.8510e+04 1.3779e-04 8.8480e-01 9.8510e+04 1.3574e+01 2.2129e+00
4.4510e+01 9.8342e+04 1.5114e-04 8.7644e-01 9.8342e+04 1.4863e+01 2.1922e+00
4.4902e+01 9.8147e+04 1.6481e-04 8.6774e-01 9.8147e+04 1.6175e+01 2.1707e+00
4.5294e+01 9.7978e+04 1.8068e-04 8.5939e-01 9.7978e+04 1.7703e+01 2.1501e+00
4.5686e+01 9.7674e+04 1.9300e-04 8.4945e-01 9.7674e+04 1.8851e+01 2.1255e+00
4.6078e+01 9.7677e+04 2.1750e-04 8.4336e-01 9.7677e+04 2.1245e+01 2.1107e+00
4.6471e+01 9.6900e+04 2.1545e-04 8.2800e-01 9.6900e+04 2.0877e+01 2.0723e+00
4.6863e+01 9.7693e+04 2.7026e-04 8.3160e-01 9.7693e+04 2.6403e+01 2.0826e+00
4.7255e+01 9.5661e+04 2.2612e-04 8.0196e-01 9.5661e+04 2.1631e+01 2.0074e+00
4.7647e+01 9.7727e+04 3.2760e-04 8.2057e-01 9.7727e+04 3.2015e+01 2.0567e+00
4.8039e+01 9.5027e+04 2.6403e-04 7.8463e-01 9.5027e+04 2.5090e+01 1.9649e+00
4.8431e+01 9.6281e+04 3.3884e-04 7.9396e-01 9.6281e+04 3.2624e+01 1.9904e+00
4.8824e+01 9.5797e+04 3.4201e-04 7.8010e-01 9.5797e+04 3.2764e+01 1.9558e+00
4.9216e+01 9.1082e+04 3.6817e-04 7.7388e-01 9.1082e+04 3.3534e+01 1.9409e+00
4.9608e+01 1.1967e+05 3.7334e-04 7.6002e-01 1.1967e+05 4.4679e+01 1.9084e+00
5.0000e+01 3.5995e+04 3.9630e-04 7.5747e-01 3.5995e+04 1.4265e+01 1.8965e+00
5.0392e+01 1.2932e+04 4.3907e-04 7.5789e-01 1.2932e+04 5.6782e+00 1.8960e+00
5.0784e+01 9.3197e+03 4.8834e-04 7.5302e-01 9.3197e+03 4.5511e+00 1.8837e+00
5.1176e+01 9.5379e+03 5.8799e-04 7.5086e-01 9.5379e+03 5.6081e+00 1.8788e+00
5.1569e+01 1.0071e+04 7.5115e-04 7.5714e-01 1.0071e+04 7.5649e+00 1.8957e+00
5.1961e+01 1.0699e+04 8.5809e-04 7.5961e-01 1.0699e+04 9.1803e+00 1.9030e+00
5.2353e+01 1.0985e+04 8.6618e-04 7.5331e-01 1.0985e+04 9.5148e+00 1.8874e+00
5.2745e+01 1.1276e+04 8.8012e-04 7.4866e-01 1.1276e+04 9.9240e+00 1.8760e+00
5.3137e+01 1.1493e+04 9.5819e-04 7.5196e-01 1.1493e+04 1.1013e+01 1.8852e+00
5.3529e+01 1.1765e+04 1.0634e-03 7.5898e-01 1.1765e+04 1.2510e+01 1.9041e+00
5.3922e+01 1.1924e+04 1.1314e-03 7.6249e-01 1.1924e+04 1.3490e+01 1.9139e+00
5.4314e+01 1.2026e+04 1.1443e-03 7.6013e-01 1.2026e+04 1.3761e+01 1.9082e+00
5.4706e+01 1.2055e+04 1.1240e-03 7.5420e-01 1.2055e+04 1.3550e+01 1.8931e+00
5.5098e+01 1.2115e+04 1.1181e-03 7.4923e-01 1.2115e+04 1.3546e+01 1.8807e+00
5.5490e+01 1.2227e+04 1.1708e-03 7.5155e-01 1.2227e+04 1.4315e+01 1.8872e+00
5.5882e+01 1.2407e+04 1.2763e-03 7.6044e-01 1.2407e+04 1.5836e+01 1.9112e+00
5.6275e+01 1.2597e+04 1.3969e-03 7.7163e-01 1.2597e+04 1.7596e+01 1.9414e+00
5.6667e+01 1.2761e+04 1.4984e-03 7.8106e-01 1.2761e+04 1.9121e+01 1.9670e+00
5.7059e+01 1.2872e+04 1.5655e-03 7.8676e-01 1.2872e+04 2.0151e+01 1.9827e+00
5.7451e+01 1.2937e+04 1.5999e-03 7.8877e-01 1.2937e+04 2.0697e+01 1.9885e+00
5.7843e+01 1.2967e+04 1.6122e-03 7.8828e-01 1.2967e+04 2.0905e+01 1.9876e+00
5.8235e+01 1.2980e+04 1.6134e-03 7.8658e-01 1.2980e+04 2.0943e+01 1.9833e+00
5.8627e+01 1.2987e+04 1.6108e-03 7.8449e-01 1.2987e+04 2.0919e+01 1.9781e+00
5.9020e+01 1.2991e+04 1.6071e-03 7.8227e-01 1.2991e+04 2.0878e+01 1.9724e+00
5.9412e+01 1.2995e+04 1.6029e-03 7.7995e-01 1.2995e+04 2.0829e+01 1.9666e+00
5.9804e+01 1.2998e+04 1.5982e-03 7.7755e-01 1.2998e+04 2.0773e+01 1.9605e+00
6.0196e+01 1.3001e+04 1.5931e-03 7.7506e-01 1.3001e+04 2.0712e+01 1.9541e+00
6.0588e+01 1.3003e+04 1.5877e-03 7.7247e-01 1.3003e+04 2.0644e+01 1.9476e+00
6.0980e+01 1.3005e+04 1.5818e-03 7.6980e-01 1.3005e+04 2.0570e+01 1.9408e+00
6.1373e+01 1.3006e+04 1.5755e-03 7.6702e-01 1.3006e+04 2.0491e+01 1.9337e+00
6.1765e+01 1.3007e+04 1.5688e-03 7.6415e-01 1.3007e+04 2.0406e+01 1.9264e+00
6.2157e+01 1.3008e+04 1.5618e-03 7.6118e-01 1.3008e+04 2.0315e+01 1.9188e+00
6.2549e+01 1.3008e+04 1.5543e-03 7.5810e-01 1.3008e+04 2.0219e+01 1.9110e+00
6.2941e+01 1.3008e+04 1.5465e-03 7.5490e-01 1.3008e+04 2.0117e+01 1.9028e+00
6.3333e+01 1.3008e+04 1.5383e-03 7.5160e-01 1.3008e+04 2.0009e+01 1.8944e+00
6.3725e+01 1.3007e+04 1.5296e-03 7.4818e-01 1.3007e+04 1.9896e+01 1.8857e+00
6.4118e+01 1.3006e+04 1.5206e-03 7.4464e-01 1.3006e+04 1.9777e+01 1.8766e+00
6.4510e+01 1.3005e+04 1.5112e-03 7.4098e-01 1.3005e+04 1.9653e+01 1.8673e+00
6.4902e+01 1.3003e+04 1.5014e-03 7.3719e-01 1.3003e+04 1.9523e+01 1.8576e+00
6.5294e+01 1.3002e+04 1.4912e-03 7.3326e-01 1.3002e+04 1.9387e+01 1.8476e+00
6.5686e+01 1.2999e+04 1.4805e-03 7.2921e-01 1.2999e+04 1.9246e+01 1.8373e+00
6.6078e+01 1.2997e+04 1.4695e-03 7.2501e-01 1.2997e+04 1.9099e+01 1.8266e+00
6.6471e+01 1.2994e+04 1.4581e-03 7.2067e-01 1.2994e+04 1.8947e+01 1.8155e+00
6.6863e+01 1.2992e+04 1.4462e-03 7.1619e-01 1.2992e+04 1.8788e+01 1.8041e+00
6.7255e+01 1.2988e+04 1.4339e-03 7.1156e-01 1.2988e+04 1.8625e+01 1.7923e+00
6.7647e+01 1.2985e+04 1.4212e-03 7.0677e-01 1.2985e+04 1.8455e+01 1.7800e+00
6.8039e+01 1.2981e+04 1.4081e-03 7.0183e-01 1.2981e+04 1.8280e+01 1.7674e+00
6.8431e+01 1.2978e+04 1.3946e-03 6.9673e-01 1.2978e+04 1.8099e+01 1.7544e+00
6.8824e+01 1.2974e+04 1.3806e-03 6.9146e-01 1.2974e+04 1.7912e+01 1.7410e+00
6.9216e+01 1.2969e+04 1.3663e-03 6.8602e-01 1.2969e+04 1.7719e+01 1.7272e+00
6.9608e+01 1.2965e+04 1.3514e-03 6.8041e-01 1.2965e+04 1.7521e+01 1.7129e+00
7.0000e+01 1.2960e+04 1.3362e-03 6.7463e-01 1.2960e+04 1.7317e+01 1.6981e+00
7.0392e+01 1.2955e+04 1.3205e-03 6.6866e-01 1.2955e+04 1.7107e+01 1.6830e+00
7.0784e+01 1.2950e+04 1.3043e-03 6.6252e-01 1.2950e+04 1.6891e+01 1.6673e+00
7.1176e+01 1.2944e+04 1.2878e-03 6.5618e-01 1.2944e+04 1.6669e+01 1.6512e+00
7.1569e+01 1.2938e+04 1.2707e-03 6.4965e-01 1.2938e+04 1.6441e+01 1.6346e+00
7.1961e+01 1.2933e+04 1.2533e-03 6.4293e-01 1.2933e+04 1.6208e+01 1.6175e+00
7.2353e+01 1.2927e+04 1.2353e-03 6.3602e-01 1.2927e+04 1.5969e+01 1.5999e+00
7.2745e+01 1.2920e+04 1.2170e-03 6.2890e-01 1.2920e+04 1.5723e+01 1.5818e+00
7.3137e+01 1.2914e+04 1.1981e-03 6.2157e-01 1.2914e+04 1.5472e+01 1.5632e+00
7.3529e+01 1.2907e+04 1.1788e-03 6.1404e-01 1.2907e+04 1.5215e+01 1.5441e+00
7.3922e+01 1.2900e+04 1.1590e-03 6.0629e-01 1.2900e+04 1.4952e+01 1.5244e+00
7.4314e+01 1.2893e+04 1.1388e-03 5.9833e-01 1.2893e+04 1.4683e+01 1.5042e+00
7.4706e+01 1.2886e+04 1.1181e-03 5.9014e-01 1.2886e+04 1.4407e+01 1.4834e+00
7.5098e+01 1.2878e+04 1.0969e-03 5.8173e-01 1.2878e+04 1.4126e+01 1.4621e+00
7.5490e+01 1.2871e+04 1.0752e-03 5.7309e-01 1.2871e+04 1.3839e+01 1.4402e+00
7.5882e+01 1.2863e+04 1.0531e-03 5.6422e-01 1.2863e+04 1.3546e+01 1.4177e+00
7.6275e+01 1.2855e+04 1.0304e-03 5.5511e-01 1.2855e+04 1.3246e+01 1.3946e+00
7.6667e+01 1.2847e+04 1.0073e-03 5.4575e-01 1.2847e+04 1.2940e+01 1.3709e+00
7.7059e+01 1.2838e+04 9.8366e-04 5.3615e-01 1.2838e+04 1.2628e+01 1.3466e+00
7.7451e+01 1.2830e+04 9.5951e-04 5.2629e-01 1.2830e+04 1.2310e+01 1.3216e+00
7.7843e+01 1.2821e+04 9.3486e-04 5.1618e-01 1.2821e+04 1.1986e+01 1.2960e+00
7.8235e+01 1.2812e+04 9.0968e-04 5.0580e-01 1.2812e+04 1.1655e+01 1.2698e+00
7.8627e+01 1.2803e+04 8.8397e-04 4.9515e-01 1.2803e+04 1.1317e+01 1.2429e+00
7.9020e+01 1.2793e+04 8.5773e-04 4.8422e-01 1.2793e+04 1.0973e+01 1.2152e+00
7.9412e+01 1.2784e+04 8.3095e-04 4.7301e-01 1.2784e+04 1.0623e+01 1.1869e+00
7.9804e+01 1.2774e+04 8.0361e-04 4.6150e-01 1.2774e+04 1.0265e+01 1.1579e+00
8.0196e+01 1.2764e+04 7.7572e-04 4.4970e-01 1.2764e+04 9.9014e+00 1.1281e+00
8.0588e+01 1.2754e+04 7.4725e-04 4.3760e-01 1.2754e+04 9.5306e+00 1.0976e+00
8.0980e+01 1.2744e+04 7.1821e-04 4.2518e-01 1.2744e+04 9.1528e+00 1.0662e+00
8.1373e+01 1.2733e+04 6.8858e-04 4.1244e-01 1.2733e+04 8.7680e+00 1.0341e+00
8.1765e+01 1.2723e+04 6.5835e-04 3.9937e-01 1.2723e+04 8.3760e+00 1.0012e+00
8.2157e+01 1.2712e+04 6.2751e-04 3.8596e-01 1.2712e+04 7.9769e+00 9.6741e-01
8.2549e+01 1.2701e+04 5.9605e-04 3.7221e-01 1.2701e+04 7.5704e+00 9.3278e-01
8.2941e+01 1.2690e+04 5.6396e-04 3.5810e-01 1.2690e+04 7.1565e+00 8.9726e-01
8.3333e+01 1.2678e+04 5.3123e-04 3.4362e-01 1.2678e+04 6.7351e+00 8.6085e-01
8.3725e+01 1.2667e+04 4.9784e-04 3.2877e-01 1.2667e+04 6.3060e+00 8.2350e-01
8.4118e+01 1.2655e+04 4.6378e-04 3.1354e-01 1.2655e+04 5.8692e+00 7.8520e-01
8.4510e+01 1.2643e+04 4.2905e-04 2.9791e-01 1.2643e+04 5.4245e+00 7.4593e-01
8.4902e+01 1.2631e+04 3.9362e-04 2.8187e-01 1.2631e+04 4.9718e+00 7.0565e-01
8.5294e+01 1.2619e+04 3.5748e-04 2.6541e-01 1.2619e+04 4.5110e+00 6.6434e-01
8.5686e+01 1.2606e+04 3.2063e-04 2.4853e-01 1.2606e+04 4.0420e+00 6.2198e-01
8.6078e+01 1.2594e+04 2.8307e-04 2.3122e-01 1.2594e+04 3.5649e+00 5.7855e-01
8.6471e+01 1.2581e+04 2.4484e-04 2.1349e-01 1.2581e+04 3.0803e+00 5.3410e-01
8.6863e+01 1.2568e+04 2.0609e-04 1.9541e-01 1.2568e+04 2.5901e+00 4.8878e-01
8.7255e+01 1.2555e+04 1.6725e-04 1.7717e-01 1.2555e+04 2.0998e+00 4.4309e-01
8.7647e+01 1.2542e+04 1.2922e-04 1.5923e-01 1.2542e+04 1.6207e+00 3.9818e-01
8.8039e+01 1.2531e+04 9.3639e-05 1.4243e-01 1.2531e+04 1.1734e+00 3.5613e-01
8.8431e+01 1.2521e+04 6.2710e-05 1.2792e-01 1.2521e+04 7.8518e-01 3.1984e-01
8.8824e+01 1.2513e+04 3.8421e-05 1.1673e-01 1.2513e+04 4.8076e-01 2.9183e-01
8.9216e+01 1.2507e+04 2.1522e-05 1.0915e-01 1.2507e+04 2.6918e-01 2.7288e-01
8.9608e+01 1.2504e+04 1.1141e-05 1.0464e-01 1.2504e+04 1.3930e-01 2.6160e-01
9.0000e+01 1.2502e+04 5.4308e-06 1.0223e-01 1.2502e+04 6.7895e-02 2.5557e-01
9.0392e+01 1.2501e+04 2.5443e-06 1.0104e-01 1.2501e+04 3.1806e-02 2.5259e-01
9.0784e+01 1.2500e+04 1.1644e-06 1.0047e-01 1.2500e+04 1.4556e-02 2.5118e-01
9.1176e+01 1.2500e+04 5.2606e-07 1.0021e-01 1.2500e+04 6.5758e-03 2.5053e-01
9.1569e+01 1.2500e+04 2.3598e-07 1.0010e-01 1.2500e+04 2.9497e-03 2.5024e-01
9.1961e+01 1.2500e+04 1.0541e-07 1.0004e-01 1.2500e+04 1.3176e-03 2.5011e-01
9.2353e+01 1.2500e+04 4.6947e-08 1.0002e-01 1.2500e+04 5.8683e-04 2.5005e-01
9.2745e+01 1.2500e+04 2.0863e-08 1.0001e-01 1.2500e+04 2.6078e-04 2.5002e-01
9.3137e+01 1.2500e+04 9.2527e-09 1.0000e-01 1.2500e+04 1.1566e-04 2.5001e-01
9.3529e+01 1.2500e+04 4.0960e-09 1.0000e-01 1.2500e+04 5.1200e-05 2.5000e-01
9.3922e+01 1.2500e+04 1.8099e-09 1.0000e-01 1.2500e+04 2.2624e-05 2.5000e-01
9.4314e+01 1.2500e+04 7.9833e-10 1.0000e-01 1.2500e+04 9.9791e-06 2.5000e-01
9.4706e+01 1.2500e+04 3.5150e-10 1.0000e-01 1.2500e+04 4.3937e-06 2.5000e-01
9.5098e+01 1.2500e+04 1.5448e-10 1.0000e-01 1.2500e+04 1.9310e-06 2.5000e-01
9.5490e+01 1.2500e+04 6.7771e-11 1.0000e-01 1.2500e+04 8.4714e-07 2.5000e-01
9.5882e+01 1.2500e+04 2.9677e-11 1.0000e-01 1.2500e+04 3.7097e-07 2.5000e-01
9.6275e+01 1.2500e+04 1.2972e-11 1.0000e-01 1.2500e+04 1.6215e-07 2.5000e-01
9.6667e+01 1.2500e+04 5.6597e-12 1.0000e-01 1.2500e+04 7.0746e-08 2.5000e-01
9.7059e+01 1.2500e+04 2.4648e-12 1.0000e-01 1.2500e+04 3.0810e-08 2.5000e-01
9.7451e+01 1.2500e+04 1.0714e-12 1.0000e-01 1.2500e+04 1.3393e-08 2.5000e-01
9.7843e+01 1.2500e+04 4.6487e-13 1.0000e-01 1.2500e+04 5.8108e-09 2.5000e-01
9.8235e+01 1.2500e+04 2.0134e-13 1.0000e-01 1.2500e+04 2.5168e-09 2.5000e-01
9.8627e+01 1.2500e+04 8.7090e-14 1.0000e-01 1.2500e+04 1.0886e-09 2.5000e-01
9.9020e+01 1.2500e+04 3.7711e-14 1.0000e-01 1.2500e+04 4.7139e-10 2.5000e-01
9.9412e+01 1.2500e+04 1.6536e-14 1.0000e-01 1.2500e+04 2.0669e-10 2.5000e-01
9.9804e+01 1.2500e+04 8.0133e-15 1.0000e-01 1.2500e+04 1.0017e-10 2.5000e-01
