# # x Density Velocity Pressure q0 q1 q2
1.9608e-01 1.0000e+05 0.0000e+00 1.0000e+00 1.0000e+05 0.0000e+00 2.5000e+00
5.8824e-01 1.0000e+05 0.0000e+00 1.0000e+00 1.0000e+05 0.0000e+00 2.5000e+00
9.8039e-01 1.0000e+05 0.0000e+00 1.0000e+00 1.0000e+05 0.0000e+00 2.5000e+00
1.3725e+00 1.0000e+05 0.0000e+00 1.0000e+00 1.0000e+05 0.0000e+00 2.5000e+00
1.7647e+00 1.0000e+05 0.0000e+00 1.0000e+00 1.0000e+05 0.0000e+00 2.5000e+00
2.1569e+00 1.0000e+05 0.0000e+00 1.0000e+00 1.0000e+05 0.0000e+00 2.5000e+00
2.5490e+00 1.0000e+05 8.4932e-22 1.0000e+00 1.0000e+05 8.4932e-17 2.5000e+00
2.9412e+00 1.0000e+05 4.0201e-19 1.0000e+00 1.0000e+05 4.0201e-14 2.5000e+00
3.3333e+00 1.0000e+05 2.2391e-18 1.0000e+00 1.0000e+05 2.2391e-13 2.5000e+00
3.7255e+00 1.0000e+05 6.0480e-18 1.0000e+00 1.0000e+05 6.0480e-13 2.5000e+00
4.1176e+00 1.0000e+05 1.1826e-17 1.0000e+00 1.0000e+05 1.1826e-12 2.5000e+00
4.5098e+00 1.0000e+05 1.9594e-17 1.0000e+00 1.0000e+05 1.9594e-12 2.5000e+00
4.9020e+00 1.0000e+05 3.0239e-17 1.0000e+00 1.0000e+05 3.0239e-12 2.5000e+00
5.2941e+00 1.0000e+05 4.5943e-17 1.0000e+00 1.0000e+05 4.5943e-12 2.5000e+00
5.6863e+00 1.0000e+05 6.9446e-17 1.0000e+00 1.0000e+05 6.9446e-12 2.5000e+00
6.0784e+00 1.0000e+05 1.0636e-16 1.0000e+00 1.0000e+05 1.0636e-11 2.5000e+00
6.4706e+00 1.0000e+05 1.6542e-16 1.0000e+00 1.0000e+05 1.6542e-11 2.5000e+00
6.8627e+00 1.0000e+05 2.6013e-16 1.0000e+00 1.0000e+05 2.6013e-11 2.5000e+00
7.2549e+00 1.0000e+05 4.1268e-16 1.0000e+00 1.0000e+05 4.1268e-11 2.5000e+00
7.6471e+00 1.0000e+05 6.5742e-16 1.0000e+00 1.0000e+05 6.5742e-11 2.5000e+00
8.0392e+00 1.0000e+05 1.0498e-15 1.0000e+00 1.0000e+05 1.0498e-10 2.5000e+00
8.4314e+00 1.0000e+05 1.6774e-15 1.0000e+00 1.0000e+05 1.6774e-10 2.5000e+00
8.8235e+00 1.0000e+05 2.6758e-15 1.0000e+00 1.0000e+05 2.6758e-10 2.5000e+00
9.2157e+00 1.0000e+05 4.2556e-15 1.0000e+00 1.0000e+05 4.2556e-10 2.5000e+00
9.6078e+00 1.0000e+05 6.7458e-15 1.0000e+00 1.0000e+05 6.7458e-10 2.5000e+00
1.0000e+01 1.0000e+05 1.0654e-14 1.0000e+00 1.0000e+05 1.0654e-09 2.5000e+00
1.0392e+01 1.0000e+05 1.6761e-14 1.0000e+00 1.0000e+05 1.6761e-09 2.5000e+00
1.0784e+01 1.0000e+05 2.6261e-14 1.0000e+00 1.0000e+05 2.6261e-09 2.5000e+00
1.1176e+01 1.0000e+05 4.0975e-14 1.0000e+00 1.0000e+05 4.0975e-09 2.5000e+00
1.1569e+01 1.0000e+05 6.3665e-14 1.0000e+00 1.0000e+05 6.3665e-09 2.5000e+00
1.1961e+01 1.0000e+05 9.8496e-14 1.0000e+00 1.0000e+05 9.8496e-09 2.5000e+00
1.2353e+01 1.0000e+05 1.5173e-13 1.0000e+00 1.0000e+05 1.5173e-08 2.5000e+00
1.2745e+01 1.0000e+05 2.3273e-13 1.0000e+00 1.0000e+05 2.3273e-08 2.5000e+00
1.3137e+01 1.0000e+05 3.5543e-13 1.0000e+00 1.0000e+05 3.5543e-08 2.5000e+00
1.3529e+01 1.0000e+05 5.4049e-13 1.0000e+00 1.0000e+05 5.4049e-08 2.5000e+00
1.3922e+01 1.0000e+05 8.1832e-13 1.0000e+00 1.0000e+05 8.1832e-08 2.5000e+00
1.4314e+01 1.0000e+05 1.2336e-12 1.0000e+00 1.0000e+05 1.2336e-07 2.5000e+00
1.4706e+01 1.0000e+05 1.8516e-12 1.0000e+00 1.0000e+05 1.8516e-07 2.5000e+00
1.5098e+01 1.0000e+05 2.7670e-12 1.0000e+00 1.0000e+05 2.7670e-07 2.5000e+00
1.5490e+01 1.0000e+05 4.1171e-12 1.0000e+00 1.0000e+05 4.1171e-07 2.5000e+00
1.5882e+01 1.0000e+05 6.0992e-12 1.0000e+00 1.0000e+05 6.0992e-07 2.5000e+00
1.6275e+01 1.0000e+05 8.9960e-12 1.0000e+00 1.0000e+05 8.9960e-07 2.5000e+00
1.6667e+01 1.0000e+05 1.3211e-11 1.0000e+00 1.0000e+05 1.3211e-06 2.5000e+00
1.7059e+01 1.0000e+05 1.9315e-11 1.0000e+00 1.0000e+05 1.9315e-06 2.5000e+00
1.7451e+01 1.0000e+05 2.8117e-11 1.0000e+00 1.0000e+05 2.8117e-06 2.5000e+00
1.7843e+01 1.0000e+05 4.0751e-11 1.0000e+00 1.0000e+05 4.0751e-06 2.5000e+00
1.8235e+01 1.0000e+05 5.8802e-11 1.0000e+00 1.0000e+05 5.8802e-06 2.5000e+00
1.8627e+01 1.0000e+05 8.4476e-11 1.0000e+00 1.0000e+05 8.4476e-06 2.5000e+00
1.9020e+01 1.0000e+05 1.2083e-10 1.0000e+00 1.0000e+05 1.2083e-05 2.5000e+00
1.9412e+01 1.0000e+05 1.7206e-10 1.0000e+00 1.0000e+05 1.7206e-05 2.5000e+00
1.9804e+01 1.0000e+05 2.4394e-10 1.0000e+00 1.0000e+05 2.4394e-05 2.5000e+00
2.0196e+01 1.0000e+05 3.4433e-10 1.0000e+00 1.0000e+05 3.4433e-05 2.5000e+00
2.0588e+01 1.0000e+05 4.8389e-10 1.0000e+00 1.0000e+05 4.8389e-05 2.5000e+00
2.0980e+01 1.0000e+05 6.7701e-10 1.0000e+00 1.0000e+05 6.7701e-05 2.5000e+00
2.1373e+01 1.0000e+05 9.4303e-10 1.0000e+00 1.0000e+05 9.4303e-05 2.5000e+00
2.1765e+01 1.0000e+05 1.3078e-09 1.0000e+00 1.0000e+05 1.3078e-04 2.5000e+00
2.2157e+01 1.0000e+05 1.8056e-09 1.0000e+00 1.0000e+05 1.8056e-04 2.5000e+00
2.2549e+01 1.0000e+05 2.4820e-09 9.9999e-01 1.0000e+05 2.4820e-04 2.5000e+00
2.2941e+01 1.0000e+05 3.3966e-09 9.9999e-01 1.0000e+05 3.3966e-04 2.5000e+00
2.3333e+01 1.0000e+05 4.6277e-09 9.9999e-01 1.0000e+05 4.6277e-04 2.5000e+00
2.3725e+01 1.0000e+05 6.2773e-09 9.9999e-01 1.0000e+05 6.2773e-04 2.5000e+00
2.4118e+01 1.0000e+05 8.4772e-09 9.9998e-01 1.0000e+05 8.4772e-04 2.5000e+00
2.4510e+01 1.0000e+05 1.1398e-08 9.9998e-01 1.0000e+05 1.1398e-03 2.4999e+00
2.4902e+01 1.0000e+05 1.5256e-08 9.9997e-01 1.0000e+05 1.5256e-03 2.4999e+00
2.5294e+01 1.0000e+05 2.0332e-08 9.9996e-01 1.0000e+05 2.0332e-03 2.4999e+00
2.5686e+01 1.0000e+05 2.6976e-08 9.9995e-01 1.0000e+05 2.6976e-03 2.4999e+00
2.6078e+01 1.0000e+05 3.5633e-08 9.9993e-01 1.0000e+05 3.5633e-03 2.4998e+00
2.6471e+01 1.0000e+05 4.6862e-08 9.9992e-01 1.0000e+05 4.6862e-03 2.4998e+00
2.6863e+01 1.0000e+05 6.1358e-08 9.9989e-01 1.0000e+05 6.1358e-03 2.4997e+00
2.7255e+01 1.0000e+05 7.9985e-08 9.9986e-01 1.0000e+05 7.9984e-03 2.4996e+00
2.7647e+01 9.9999e+04 1.0381e-07 9.9982e-01 9.9999e+04 1.0381e-02 2.4995e+00
2.8039e+01 9.9999e+04 1.3414e-07 9.9977e-01 9.9999e+04 1.3414e-02 2.4994e+00
2.8431e+01 9.9999e+04 1.7257e-07 9.9971e-01 9.9999e+04 1.7257e-02 2.4993e+00
2.8824e+01 9.9999e+04 2.2104e-07 9.9963e-01 9.9999e+04 2.2104e-02 2.4991e+00
2.9216e+01 9.9998e+04 2.8190e-07 9.9954e-01 9.9998e+04 2.8189e-02 2.4988e+00
2.9608e+01 9.9998e+04 3.5794e-07 9.9942e-01 9.9998e+04 3.5793e-02 2.4986e+00
3.0000e+01 9.9997e+04 4.5252e-07 9.9928e-01 9.9997e+04 4.5250e-02 2.4982e+00
3.0392e+01 9.9996e+04 5.6961e-07 9.9910e-01 9.9996e+04 5.6959e-02 2.4978e+00
3.0784e+01 9.9995e+04 7.1390e-07 9.9889e-01 9.9995e+04 7.1386e-02 2.4972e+00
3.1176e+01 9.9994e+04 8.9088e-07 9.9864e-01 9.9994e+04 8.9083e-02 2.4966e+00
3.1569e+01 9.9993e+04 1.1070e-06 9.9834e-01 9.9993e+04 1.1069e-01 2.4958e+00
3.1961e+01 9.9991e+04 1.3696e-06 9.9797e-01 9.9991e+04 1.3694e-01 2.4949e+00
3.2353e+01 9.9989e+04 1.6872e-06 9.9754e-01 9.9989e+04 1.6871e-01 2.4939e+00
3.2745e+01 9.9986e+04 2.0698e-06 9.9703e-01 9.9986e+04 2.0695e-01 2.4926e+00
3.3137e+01 9.9982e+04 2.5283e-06 9.9643e-01 9.9982e+04 2.5278e-01 2.4911e+00
3.3529e+01 9.9978e+04 3.0754e-06 9.9573e-01 9.9978e+04 3.0747e-01 2.4893e+00
3.3922e+01 9.9973e+04 3.7251e-06 9.9491e-01 9.9973e+04 3.7241e-01 2.4873e+00
3.4314e+01 9.9967e+04 4.4934e-06 9.9396e-01 9.9967e+04 4.4919e-01 2.4849e+00
3.4706e+01 9.9960e+04 5.3976e-06 9.9287e-01 9.9960e+04 5.3955e-01 2.4822e+00
3.5098e+01 9.9952e+04 6.4571e-06 9.9161e-01 9.9952e+04 6.4540e-01 2.4790e+00
3.5490e+01 9.9942e+04 7.6929e-06 9.9018e-01 9.9942e+04 7.6884e-01 2.4754e+00
3.5882e+01 9.9930e+04 9.1280e-06 9.8855e-01 9.9930e+04 9.1216e-01 2.4714e+00
3.6275e+01 9.9916e+04 1.0787e-05 9.8670e-01 9.9916e+04 1.0778e+00 2.4668e+00
3.6667e+01 9.9899e+04 1.2697e-05 9.8462e-01 9.9899e+04 1.2684e+00 2.4616e+00
3.7059e+01 9.9880e+04 1.4885e-05 9.8229e-01 9.9880e+04 1.4867e+00 2.4557e+00
3.7451e+01 9.9858e+04 1.7382e-05 9.7969e-01 9.9858e+04 1.7357e+00 2.4492e+00
3.7843e+01 9.9832e+04 2.0218e-05 9.7680e-01 9.9832e+04 2.0184e+00 2.4420e+00
3.8235e+01 9.9802e+04 2.3426e-05 9.7361e-01 9.9802e+04 2.3380e+00 2.4341e+00
3.8627e+01 9.9768e+04 2.7040e-05 9.7010e-01 9.9768e+04 2.6977e+00 2.4253e+00
3.9020e+01 9.9729e+04 3.1093e-05 9.6627e-01 9.9729e+04 3.1009e+00 2.4157e+00
3.9412e+01 9.9684e+04 3.5620e-05 9.6208e-01 9.9684e+04 3.5508e+00 2.4053e+00
3.9804e+01 9.9634e+04 4.0655e-05 9.5755e-01 9.9634e+04 4.0507e+00 2.3940e+00
4.0196e+01 9.9577e+04 4.6233e-05 9.5265e-01 9.9577e+04 4.6037e+00 2.3817e+00
4.0588e+01 9.9512e+04 5.2387e-05 9.4740e-01 9.9512e+04 5.2131e+00 2.3686e+00
4.0980e+01 9.9440e+04 5.9148e-05 9.4177e-01 9.9440e+04 5.8817e+00 2.3546e+00
4.1373e+01 9.9360e+04 6.6548e-05 9.3578e-01 9.9360e+04 6.6122e+00 2.3397e+00
4.1765e+01 9.9270e+04 7.4615e-05 9.2944e-01 9.9270e+04 7.4070e+00 2.3239e+00
4.2157e+01 9.9171e+04 8.3375e-05 9.2274e-01 9.9171e+04 8.2683e+00 2.3072e+00
4.2549e+01 9.9061e+04 9.2850e-05 9.1571e-01 9.9061e+04 9.1978e+00 2.2897e+00
4.2941e+01 9.8940e+04 1.0306e-04 9.0836e-01 9.8940e+04 1.0197e+01 2.2714e+00
4.3333e+01 9.8807e+04 1.1402e-04 9.0071e-01 9.8807e+04 1.1266e+01 2.2524e+00
4.3725e+01 9.8663e+04 1.2575e-04 8.9279e-01 9.8663e+04 1.2407e+01 2.2328e+00
4.4118e+01 9.8504e+04 1.3821e-04 8.8461e-01 9.8504e+04 1.3614e+01 2.2125e+00
4.4510e+01 9.8335e+04 1.5157e-04 8.7625e-01 9.8335e+04 1.4905e+01 2.1918e+00
4.4902e+01 9.8140e+04 1.6523e-04 8.6756e-01 9.8140e+04 1.6216e+01 2.1702e+00
4.5294e+01 9.7972e+04 1.8114e-04 8.5922e-01 9.7972e+04 1.7747e+01 2.1497e+00
4.5686e+01 9.7665e+04 1.9339e-04 8.4927e-01 9.7665e+04 1.8888e+01 2.1250e+00
4.6078e+01 9.7672e+04 2.1805e-04 8.4324e-01 9.7672e+04 2.1297e+01 2.1104e+00
4.6471e+01 9.6886e+04 2.1572e-04 8.2780e-01 9.6886e+04 2.0900e+01 2.0718e+00
4.6863e+01 9.7691e+04 2.7093e-04 8.3155e-01 9.7691e+04 2.6468e+01 2.0824e+00
4.7255e+01 9.5647e+04 2.2636e-04 8.0178e-01 9.5647e+04 2.1651e+01 2.0069e+00
4.7647e+01 9.7719e+04 3.2803e-04 8.2046e-01 9.7719e+04 3.2055e+01 2.0564e+00
4.8039e+01 9.5026e+04 2.6474e-04 7.8463e-01 9.5026e+04 2.5157e+01 1.9649e+00
4.8431e+01 9.6261e+04 3.3891e-04 7.9376e-01 9.6261e+04 3.2624e+01 1.9899e+00
4.8824e+01 9.5795e+04 3.4252e-04 7.8006e-01 9.5795e+04 3.2811e+01 1.9558e+00
4.9216e+01 9.1051e+04 3.6870e-04 7.7386e-01 9.1051e+04 3.3570e+01 1.9408e+00
4.9608e+01 1.1972e+05 3.7371e-04 7.5996e-01 1.1972e+05 4.4742e+01 1.9083e+00
5.0000e+01 3.6095e+04 3.9641e-04 7.5735e-01 3.6095e+04 1.4309e+01 1.8962e+00
5.0392e+01 1.2957e+04 4.3957e-04 7.5785e-01 1.2957e+04 5.6955e+00 1.8959e+00
5.0784e+01 9.3199e+03 4.8993e-04 7.5313e-01 9.3199e+03 4.5661e+00 1.8839e+00
5.1176e+01 9.5303e+03 5.8661e-04 7.5068e-01 9.5303e+03 5.5905e+00 1.8783e+00
5.1569e+01 1.0062e+04 7.4853e-04 7.5682e-01 1.0062e+04 7.5316e+00 1.8949e+00
5.1961e+01 1.0693e+04 8.5882e-04 7.5963e-01 1.0693e+04 9.1838e+00 1.9030e+00
5.2353e+01 1.0983e+04 8.6874e-04 7.5353e-01 1.0983e+04 9.5412e+00 1.8880e+00
5.2745e+01 1.1272e+04 8.8032e-04 7.4862e-01 1.1272e+04 9.9230e+00 1.8759e+00
5.3137e+01 1.1487e+04 9.5551e-04 7.5160e-01 1.1487e+04 1.0976e+01 1.8842e+00
5.3529e+01 1.1758e+04 1.0606e-03 7.5859e-01 1.1758e+04 1.2471e+01 1.9031e+00
5.3922e+01 1.1921e+04 1.1309e-03 7.6235e-01 1.1921e+04 1.3481e+01 1.9135e+00
5.4314e+01 1.2026e+04 1.1460e-03 7.6025e-01 1.2026e+04 1.3782e+01 1.9085e+00
5.4706e+01 1.2056e+04 1.1264e-03 7.5450e-01 1.2056e+04 1.3579e+01 1.8939e+00
5.5098e+01 1.2113e+04 1.1186e-03 7.4929e-01 1.2113e+04 1.3550e+01 1.8808e+00
5.5490e+01 1.2221e+04 1.1681e-03 7.5122e-01 1.2221e+04 1.4275e+01 1.8864e+00
5.5882e+01 1.2399e+04 1.2715e-03 7.5986e-01 1.2399e+04 1.5766e+01 1.9097e+00
5.6275e+01 1.2589e+04 1.3919e-03 7.7101e-01 1.2589e+04 1.7522e+01 1.9397e+00
5.6667e+01 1.2755e+04 1.4947e-03 7.8059e-01 1.2755e+04 1.9065e+01 1.9657e+00
5.7059e+01 1.2868e+04 1.5635e-03 7.8648e-01 1.2868e+04 2.0119e+01 1.9819e+00
5.7451e+01 1.2935e+04 1.5994e-03 7.8867e-01 1.2935e+04 2.0688e+01 1.9882e+00
5.7843e+01 1.2966e+04 1.6125e-03 7.8828e-01 1.2966e+04 2.0908e+01 1.9876e+00
5.8235e+01 1.2980e+04 1.6142e-03 7.8662e-01 1.2980e+04 2.0952e+01 1.9835e+00
5.8627e+01 1.2987e+04 1.6117e-03 7.8455e-01 1.2987e+04 2.0930e+01 1.9782e+00
5.9020e+01 1.2991e+04 1.6080e-03 7.8233e-01 1.2991e+04 2.0890e+01 1.9726e+00
5.9412e+01 1.2995e+04 1.6038e-03 7.8003e-01 1.2995e+04 2.0842e+01 1.9668e+00
5.9804e+01 1.2998e+04 1.5992e-03 7.7764e-01 1.2998e+04 2.0787e+01 1.9607e+00
6.0196e+01 1.3001e+04 1.5942e-03 7.7516e-01 1.3001e+04 2.0726e+01 1.9544e+00
6.0588e+01 1.3003e+04 1.5887e-03 7.7259e-01 1.3003e+04 2.0658e+01 1.9479e+00
6.0980e+01 1.3005e+04 1.5829e-03 7.6992e-01 1.3005e+04 2.0585e+01 1.9411e+00
6.1373e+01 1.3006e+04 1.5767e-03 7.6716e-01 1.3006e+04 2.0507e+01 1.9341e+00
6.1765e+01 1.3007e+04 1.5700e-03 7.6431e-01 1.3007e+04 2.0422e+01 1.9268e+00
6.2157e+01 1.3008e+04 1.5630e-03 7.6135e-01 1.3008e+04 2.0332e+01 1.9193e+00
6.2549e+01 1.3009e+04 1.5556e-03 7.5828e-01 1.3009e+04 2.0236e+01 1.9114e+00
6.2941e+01 1.3009e+04 1.5478e-03 7.5511e-01 1.3009e+04 2.0135e+01 1.9033e+00
6.3333e+01 1.3008e+04 1.5396e-03 7.5182e-01 1.3008e+04 2.0028e+01 1.8950e+00
6.3725e+01 1.3008e+04 1.5311e-03 7.4842e-01 1.3008e+04 1.9916e+01 1.8863e+00
6.4118e+01 1.3007e+04 1.5221e-03 7.4489e-01 1.3007e+04 1.9797e+01 1.8773e+00
6.4510e+01 1.3006e+04 1.5127e-03 7.4125e-01 1.3006e+04 1.9674e+01 1.8680e+00
6.4902e+01 1.3004e+04 1.5030e-03 7.3748e-01 1.3004e+04 1.9544e+01 1.8584e+00
6.5294e+01 1.3002e+04 1.4928e-03 7.3358e-01 1.3002e+04 1.9410e+01 1.8484e+00
6.5686e+01 1.3000e+04 1.4822e-03 7.2954e-01 1.3000e+04 1.9269e+01 1.8381e+00
6.6078e+01 1.2998e+04 1.4712e-03 7.2537e-01 1.2998e+04 1.9123e+01 1.8275e+00
6.6471e+01 1.2995e+04 1.4599e-03 7.2106e-01 1.2995e+04 1.8971e+01 1.8165e+00
6.6863e+01 1.2992e+04 1.4481e-03 7.1660e-01 1.2992e+04 1.8814e+01 1.8051e+00
6.7255e+01 1.2989e+04 1.4359e-03 7.1199e-01 1.2989e+04 1.8651e+01 1.7934e+00
6.7647e+01 1.2986e+04 1.4232e-03 7.0723e-01 1.2986e+04 1.8482e+01 1.7812e+00
6.8039e+01 1.2982e+04 1.4102e-03 7.0231e-01 1.2982e+04 1.8308e+01 1.7687e+00
6.8431e+01 1.2979e+04 1.3967e-03 6.9724e-01 1.2979e+04 1.8127e+01 1.7558e+00
6.8824e+01 1.2974e+04 1.3828e-03 6.9200e-01 1.2974e+04 1.7942e+01 1.7424e+00
6.9216e+01 1.2970e+04 1.3685e-03 6.8659e-01 1.2970e+04 1.7750e+01 1.7286e+00
6.9608e+01 1.2966e+04 1.3538e-03 6.8101e-01 1.2966e+04 1.7552e+01 1.7144e+00
7.0000e+01 1.2961e+04 1.3386e-03 6.7526e-01 1.2961e+04 1.7349e+01 1.6998e+00
7.0392e+01 1.2956e+04 1.3230e-03 6.6933e-01 1.2956e+04 1.7140e+01 1.6847e+00
7.0784e+01 1.2951e+04 1.3069e-03 6.6322e-01 1.2951e+04 1.6925e+01 1.6691e+00
7.1176e+01 1.2945e+04 1.2904e-03 6.5692e-01 1.2945e+04 1.6705e+01 1.6531e+00
7.1569e+01 1.2940e+04 1.2734e-03 6.5043e-01 1.2940e+04 1.6478e+01 1.6366e+00
7.1961e+01 1.2934e+04 1.2561e-03 6.4374e-01 1.2934e+04 1.6246e+01 1.6196e+00
7.2353e+01 1.2928e+04 1.2382e-03 6.3686e-01 1.2928e+04 1.6007e+01 1.6021e+00
7.2745e+01 1.2922e+04 1.2199e-03 6.2978e-01 1.2922e+04 1.5763e+01 1.5841e+00
7.3137e+01 1.2915e+04 1.2011e-03 6.2250e-01 1.2915e+04 1.5513e+01 1.5656e+00
7.3529e+01 1.2908e+04 1.1819e-03 6.1501e-01 1.2908e+04 1.5257e+01 1.5465e+00
7.3922e+01 1.2902e+04 1.1622e-03 6.0730e-01 1.2902e+04 1.4995e+01 1.5270e+00
7.4314e+01 1.2895e+04 1.1421e-03 5.9938e-01 1.2895e+04 1.4727e+01 1.5069e+00
7.4706e+01 1.2887e+04 1.1215e-03 5.9124e-01 1.2887e+04 1.4453e+01 1.4862e+00
7.5098e+01 1.2880e+04 1.1004e-03 5.8288e-01 1.2880e+04 1.4173e+01 1.4650e+00
7.5490e+01 1.2872e+04 1.0788e-03 5.7428e-01 1.2872e+04 1.3887e+01 1.4432e+00
7.5882e+01 1.2864e+04 1.0567e-03 5.6546e-01 1.2864e+04 1.3594e+01 1.4208e+00
7.6275e+01 1.2856e+04 1.0342e-03 5.5640e-01 1.2856e+04 1.3296e+01 1.3979e+00
7.6667e+01 1.2848e+04 1.0112e-03 5.4709e-01 1.2848e+04 1.2992e+01 1.3743e+00
7.7059e+01 1.2840e+04 9.8762e-04 5.3754e-01 1.2840e+04 1.2681e+01 1.3501e+00
7.7451e+01 1.2831e+04 9.6358e-04 5.2774e-01 1.2831e+04 1.2364e+01 1.3253e+00
7.7843e+01 1.2822e+04 9.3903e-04 5.1768e-01 1.2822e+04 1.2041e+01 1.2999e+00
7.8235e+01 1.2814e+04 9.1396e-04 5.0736e-01 1.2814e+04 1.1711e+01 1.2738e+00
7.8627e+01 1.2804e+04 8.8836e-04 4.9677e-01 1.2804e+04 1.1375e+01 1.2470e+00
7.9020e+01 1.2795e+04 8.6223e-04 4.8590e-01 1.2795e+04 1.1032e+01 1.2195e+00
7.9412e+01 1.2786e+04 8.3557e-04 4.7475e-01 1.2786e+04 1.0683e+01 1.1913e+00
7.9804e+01 1.2776e+04 8.0835e-04 4.6332e-01 1.2776e+04 1.0327e+01 1.1625e+00
8.0196e+01 1.2766e+04 7.8058e-04 4.5158e-01 1.2766e+04 9.9649e+00 1.1328e+00
8.0588e+01 1.2756e+04 7.5224e-04 4.3955e-01 1.2756e+04 9.5955e+00 1.1025e+00
8.0980e+01 1.2746e+04 7.2332e-04 4.2720e-01 1.2746e+04 9.2193e+00 1.0713e+00
8.1373e+01 1.2735e+04 6.9382e-04 4.1453e-01 1.2735e+04 8.8361e+00 1.0394e+00
8.1765e+01 1.2725e+04 6.6372e-04 4.0154e-01 1.2725e+04 8.4458e+00 1.0067e+00
8.2157e+01 1.2714e+04 6.3302e-04 3.8821e-01 1.2714e+04 8.0483e+00 9.7308e-01
8.2549e+01 1.2703e+04 6.0171e-04 3.7454e-01 1.2703e+04 7.6435e+00 9.3866e-01
8.2941e+01 1.2692e+04 5.6976e-04 3.6052e-01 1.2692e+04 7.2313e+00 9.0336e-01
8.3333e+01 1.2681e+04 5.3717e-04 3.4613e-01 1.2681e+04 6.8117e+00 8.6716e-01
8.3725e+01 1.2669e+04 5.0394e-04 3.3137e-01 1.2669e+04 6.3844e+00 8.3004e-01
8.4118e+01 1.2657e+04 4.7004e-04 3.1623e-01 1.2657e+04 5.9495e+00 7.9197e-01
8.4510e+01 1.2645e+04 4.3547e-04 3.0070e-01 1.2645e+04 5.5067e+00 7.5294e-01
8.4902e+01 1.2633e+04 4.0020e-04 2.8476e-01 1.2633e+04 5.0560e+00 7.1291e-01
8.5294e+01 1.2621e+04 3.6424e-04 2.6841e-01 1.2621e+04 4.5971e+00 6.7186e-01
8.5686e+01 1.2609e+04 3.2756e-04 2.5164e-01 1.2609e+04 4.1302e+00 6.2976e-01
8.6078e+01 1.2596e+04 2.9018e-04 2.3443e-01 1.2596e+04 3.6551e+00 5.8661e-01
8.6471e+01 1.2583e+04 2.5211e-04 2.1680e-01 1.2583e+04 3.1723e+00 5.4241e-01
8.6863e+01 1.2570e+04 2.1348e-04 1.9881e-01 1.2570e+04 2.6835e+00 4.9731e-01
8.7255e+01 1.2557e+04 1.7464e-04 1.8060e-01 1.2557e+04 2.1930e+00 4.5170e-01
8.7647e+01 1.2545e+04 1.3639e-04 1.6259e-01 1.2545e+04 1.7110e+00 4.0658e-01
8.8039e+01 1.2533e+04 1.0021e-04 1.4551e-01 1.2533e+04 1.2560e+00 3.6384e-01
8.8431e+01 1.2523e+04 6.8236e-05 1.3049e-01 1.2523e+04 8.5449e-01 3.2625e-01
8.8824e+01 1.2514e+04 4.2567e-05 1.1861e-01 1.2514e+04 5.3269e-01 2.9654e-01
8.9216e+01 1.2508e+04 2.4261e-05 1.1036e-01 1.2508e+04 3.0346e-01 2.7589e-01
8.9608e+01 1.2504e+04 1.2742e-05 1.0532e-01 1.2504e+04 1.5933e-01 2.6331e-01
9.0000e+01 1.2502e+04 6.2767e-06 1.0258e-01 1.2502e+04 7.8473e-02 2.5645e-01
9.0392e+01 1.2501e+04 2.9604e-06 1.0121e-01 1.2501e+04 3.7008e-02 2.5302e-01
9.0784e+01 1.2500e+04 1.3603e-06 1.0055e-01 1.2500e+04 1.7004e-02 2.5138e-01
9.1176e+01 1.2500e+04 6.1600e-07 1.0025e-01 1.2500e+04 7.7002e-03 2.5062e-01
9.1569e+01 1.2500e+04 2.7674e-07 1.0011e-01 1.2500e+04 3.4593e-03 2.5028e-01
9.1961e+01 1.2500e+04 1.2375e-07 1.0005e-01 1.2500e+04 1.5469e-03 2.5013e-01
9.2353e+01 1.2500e+04 5.5168e-08 1.0002e-01 1.2500e+04 6.8960e-04 2.5006e-01
9.2745e+01 1.2500e+04 2.4536e-08 1.0001e-01 1.2500e+04 3.0670e-04 2.5002e-01
9.3137e+01 1.2500e+04 1.0891e-08 1.0000e-01 1.2500e+04 1.3613e-04 2.5001e-01
9.3529e+01 1.2500e+04 4.8249e-09 1.0000e-01 1.2500e+04 6.0312e-05 2.5000e-01
9.3922e+01 1.2500e+04 2.1337e-09 1.0000e-01 1.2500e+04 2.6671e-05 2.5000e-01
9.4314e+01 1.2500e+04 9.4188e-10 1.0000e-01 1.2500e+04 1.1774e-05 2.5000e-01
9.4706e+01 1.2500e+04 4.1503e-10 1.0000e-01 1.2500e+04 5.1879e-06 2.5000e-01
9.5098e+01 1.2500e+04 1.8255e-10 1.0000e-01 1.2500e+04 2.2819e-06 2.5000e-01
9.5490e+01 1.2500e+04 8.0149e-11 1.0000e-01 1.2500e+04 1.0019e-06 2.5000e-01
9.5882e+01 1.2500e+04 3.5126e-11 1.0000e-01 1.2500e+04 4.3907e-07 2.5000e-01
9.6275e+01 1.2500e+04 1.5366e-11 1.0000e-01 1.2500e+04 1.9208e-07 2.5000e-01
9.6667e+01 1.2500e+04 6.7098e-12 1.0000e-01 1.2500e+04 8.3872e-08 2.5000e-01
9.7059e+01 1.2500e+04 2.9245e-12 1.0000e-01 1.2500e+04 3.6556e-08 2.5000e-01
9.7451e+01 1.2500e+04 1.2723e-12 1.0000e-01 1.2500e+04 1.5904e-08 2.5000e-01
9.7843e+01 1.2500e+04 5.5250e-13 1.0000e-01 1.2500e+04 6.9063e-09 2.5000e-01
9.8235e+01 1.2500e+04 2.3950e-13 1.0000e-01 1.2500e+04 2.9938e-09 2.5000e-01
9.8627e+01 1.2500e+04 1.0369e-13 1.0000e-01 1.2500e+04 1.2961e-09 2.5000e-01
9.9020e+01 1.2500e+04 4.4938e-14 1.0000e-01 1.2500e+04 5.6173e-10 2.5000e-01
9.9412e+01 1.2500e+04 1.9724e-14 1.0000e-01 1.2500e+04 2.4655e-10 2.5000e-01
9.9804e+01 1.2500e+04 9.5705e-15 1.0000e-01 1.2500e+04 1.1963e-10 2.5000e-01
