# # x Density Velocity Pressure q0 q1 q2
1.9608e-01 1.0000e+05 0.0000e+00 1.0000e+00 1.0000e+05 0.0000e+00 2.5000e+00
5.8824e-01 1.0000e+05 0.0000e+00 1.0000e+00 1.0000e+05 0.0000e+00 2.5000e+00
9.8039e-01 1.0000e+05 0.0000e+00 1.0000e+00 1.0000e+05 0.0000e+00 2.5000e+00
1.3725e+00 1.0000e+05 0.0000e+00 1.0000e+00 1.0000e+05 0.0000e+00 2.5000e+00
1.7647e+00 1.0000e+05 0.0000e+00 1.0000e+00 1.0000e+05 0.0000e+00 2.5000e+00
2.1569e+00 1.0000e+05 0.0000e+00 1.0000e+00 1.0000e+05 0.0000e+00 2.5000e+00
2.5490e+00 1.0000e+05 2.7716e-19 1.0000e+00 1.0000e+05 2.7716e-14 2.5000e+00
2.9412e+00 1.0000e+05 1.7850e-18 1.0000e+00 1.0000e+05 1.7850e-13 2.5000e+00
3.3333e+00 1.0000e+05 5.2901e-18 1.0000e+00 1.0000e+05 5.2901e-13 2.5000e+00
3.7255e+00 1.0000e+05 1.0763e-17 1.0000e+00 1.0000e+05 1.0763e-12 2.5000e+00
4.1176e+00 1.0000e+05 1.8224e-17 1.0000e+00 1.0000e+05 1.8224e-12 2.5000e+00
4.5098e+00 1.0000e+05 2.8264e-17 1.0000e+00 1.0000e+05 2.8264e-12 2.5000e+00
4.9020e+00 1.0000e+05 4.2860e-17 1.0000e+00 1.0000e+05 4.2860e-12 2.5000e+00
5.2941e+00 1.0000e+05 6.4708e-17 1.0000e+00 1.0000e+05 6.4708e-12 2.5000e+00
5.6863e+00 1.0000e+05 9.8260e-17 1.0000e+00 1.0000e+05 9.8260e-12 2.5000e+00
6.0784e+00 1.0000e+05 1.5180e-16 1.0000e+00 1.0000e+05 1.5180e-11 2.5000e+00
6.4706e+00 1.0000e+05 2.3751e-16 1.0000e+00 1.0000e+05 2.3751e-11 2.5000e+00
6.8627e+00 1.0000e+05 3.7504e-16 1.0000e+00 1.0000e+05 3.7504e-11 2.5000e+00
7.2549e+00 1.0000e+05 5.9544e-16 1.0000e+00 1.0000e+05 5.9544e-11 2.5000e+00
7.6471e+00 1.0000e+05 9.4731e-16 1.0000e+00 1.0000e+05 9.4731e-11 2.5000e+00
8.0392e+00 1.0000e+05 1.5084e-15 1.0000e+00 1.0000e+05 1.5084e-10 2.5000e+00
8.4314e+00 1.0000e+05 2.3999e-15 1.0000e+00 1.0000e+05 2.3999e-10 2.5000e+00
8.8235e+00 1.0000e+05 3.8089e-15 1.0000e+00 1.0000e+05 3.8089e-10 2.5000e+00
9.2157e+00 1.0000e+05 6.0247e-15 1.0000e+00 1.0000e+05 6.0247e-10 2.5000e+00
9.6078e+00 1.0000e+05 9.4957e-15 1.0000e+00 1.0000e+05 9.4957e-10 2.5000e+00
1.0000e+01 1.0000e+05 1.4910e-14 1.0000e+00 1.0000e+05 1.4910e-09 2.5000e+00
1.0392e+01 1.0000e+05 2.3317e-14 1.0000e+00 1.0000e+05 2.3317e-09 2.5000e+00
1.0784e+01 1.0000e+05 3.6317e-14 1.0000e+00 1.0000e+05 3.6317e-09 2.5000e+00
1.1176e+01 1.0000e+05 5.6330e-14 1.0000e+00 1.0000e+05 5.6330e-09 2.5000e+00
1.1569e+01 1.0000e+05 8.7005e-14 1.0000e+00 1.0000e+05 8.7005e-09 2.5000e+00
1.1961e+01 1.0000e+05 1.3382e-13 1.0000e+00 1.0000e+05 1.3382e-08 2.5000e+00
1.2353e+01 1.0000e+05 2.0494e-13 1.0000e+00 1.0000e+05 2.0494e-08 2.5000e+00
1.2745e+01 1.0000e+05 3.1254e-13 1.0000e+00 1.0000e+05 3.1254e-08 2.5000e+00
1.3137e+01 1.0000e+05 4.7459e-13 1.0000e+00 1.0000e+05 4.7459e-08 2.5000e+00
1.3529e+01 1.0000e+05 7.1758e-13 1.0000e+00 1.0000e+05 7.1758e-08 2.5000e+00
1.3922e+01 1.0000e+05 1.0803e-12 1.0000e+00 1.0000e+05 1.0803e-07 2.5000e+00
1.4314e+01 1.0000e+05 1.6195e-12 1.0000e+00 1.0000e+05 1.6195e-07 2.5000e+00
1.4706e+01 1.0000e+05 2.4174e-12 1.0000e+00 1.0000e+05 2.4174e-07 2.5000e+00
1.5098e+01 1.0000e+05 3.5928e-12 1.0000e+00 1.0000e+05 3.5928e-07 2.5000e+00
1.5490e+01 1.0000e+05 5.3167e-12 1.0000e+00 1.0000e+05 5.3167e-07 2.5000e+00
1.5882e+01 1.0000e+05 7.8340e-12 1.0000e+00 1.0000e+05 7.8340e-07 2.5000e+00
1.6275e+01 1.0000e+05 1.1493e-11 1.0000e+00 1.0000e+05 1.1493e-06 2.5000e+00
1.6667e+01 1.0000e+05 1.6789e-11 1.0000e+00 1.0000e+05 1.6789e-06 2.5000e+00
1.7059e+01 1.0000e+05 2.4419e-11 1.0000e+00 1.0000e+05 2.4419e-06 2.5000e+00
1.7451e+01 1.0000e+05 3.5363e-11 1.0000e+00 1.0000e+05 3.5363e-06 2.5000e+00
1.7843e+01 1.0000e+05 5.0991e-11 1.0000e+00 1.0000e+05 5.0991e-06 2.5000e+00
1.8235e+01 1.0000e+05 7.3206e-11 1.0000e+00 1.0000e+05 7.3206e-06 2.5000e+00
1.8627e+01 1.0000e+05 1.0464e-10 1.0000e+00 1.0000e+05 1.0464e-05 2.5000e+00
1.9020e+01 1.0000e+05 1.4893e-10 1.0000e+00 1.0000e+05 1.4893e-05 2.5000e+00
1.9412e+01 1.0000e+05 2.1104e-10 1.0000e+00 1.0000e+05 2.1104e-05 2.5000e+00
1.9804e+01 1.0000e+05 2.9776e-10 1.0000e+00 1.0000e+05 2.9776e-05 2.5000e+00
2.0196e+01 1.0000e+05 4.1829e-10 1.0000e+00 1.0000e+05 4.1829e-05 2.5000e+00
2.0588e+01 1.0000e+05 5.8504e-10 1.0000e+00 1.0000e+05 5.8504e-05 2.5000e+00
2.0980e+01 1.0000e+05 8.1471e-10 1.0000e+00 1.0000e+05 8.1471e-05 2.5000e+00
2.1373e+01 1.0000e+05 1.1296e-09 1.0000e+00 1.0000e+05 1.1296e-04 2.5000e+00
2.1765e+01 1.0000e+05 1.5594e-09 1.0000e+00 1.0000e+05 1.5594e-04 2.5000e+00
2.2157e+01 1.0000e+05 2.1433e-09 1.0000e+00 1.0000e+05 2.1433e-04 2.5000e+00
2.2549e+01 1.0000e+05 2.9330e-09 9.9999e-01 1.0000e+05 2.9330e-04 2.5000e+00
2.2941e+01 1.0000e+05 3.9962e-09 9.9999e-01 1.0000e+05 3.9962e-04 2.5000e+00
2.3333e+01 1.0000e+05 5.4211e-09 9.9999e-01 1.0000e+05 5.4211e-04 2.5000e+00
2.3725e+01 1.0000e+05 7.3220e-09 9.9999e-01 1.0000e+05 7.3220e-04 2.5000e+00
2.4118e+01 1.0000e+05 9.8463e-09 9.9998e-01 1.0000e+05 9.8463e-04 2.5000e+00
2.4510e+01 1.0000e+05 1.3183e-08 9.9997e-01 1.0000e+05 1.3183e-03 2.4999e+00
2.4902e+01 1.0000e+05 1.7574e-08 9.9997e-01 1.0000e+05 1.7574e-03 2.4999e+00
2.5294e+01 1.0000e+05 2.3326e-08 9.9996e-01 1.0000e+05 2.3326e-03 2.4999e+00
2.5686e+01 1.0000e+05 3.0826e-08 9.9994e-01 1.0000e+05 3.0825e-03 2.4999e+00
2.6078e+01 1.0000e+05 4.0559e-08 9.9993e-01 1.0000e+05 4.0559e-03 2.4998e+00
2.6471e+01 1.0000e+05 5.3134e-08 9.9991e-01 1.0000e+05 5.3134e-03 2.4998e+00
2.6863e+01 1.0000e+05 6.9306e-08 9.9988e-01 1.0000e+05 6.9306e-03 2.4997e+00
2.7255e+01 9.9999e+04 9.0008e-08 9.9984e-01 9.9999e+04 9.0008e-03 2.4996e+00
2.7647e+01 9.9999e+04 1.1639e-07 9.9980e-01 9.9999e+04 1.1639e-02 2.4995e+00
2.8039e+01 9.9999e+04 1.4985e-07 9.9975e-01 9.9999e+04 1.4985e-02 2.4994e+00
2.8431e+01 9.9999e+04 1.9210e-07 9.9968e-01 9.9999e+04 1.9210e-02 2.4992e+00
2.8824e+01 9.9999e+04 2.4520e-07 9.9960e-01 9.9999e+04 2.4519e-02 2.4990e+00
2.9216e+01 9.9998e+04 3.1163e-07 9.9949e-01 9.9998e+04 3.1162e-02 2.4987e+00
2.9608e+01 9.9998e+04 3.9436e-07 9.9937e-01 9.9998e+04 3.9435e-02 2.4984e+00
3.0000e+01 9.9997e+04 4.9691e-07 9.9922e-01 9.9997e+04 4.9690e-02 2.4980e+00
3.0392e+01 9.9996e+04 6.2346e-07 9.9903e-01 9.9996e+04 6.2344e-02 2.4976e+00
3.0784e+01 9.9995e+04 7.7891e-07 9.9881e-01 9.9995e+04 7.7888e-02 2.4970e+00
3.1176e+01 9.9994e+04 9.6899e-07 9.9854e-01 9.9994e+04 9.6893e-02 2.4963e+00
3.1569e+01 9.9992e+04 1.2003e-06 9.9822e-01 9.9992e+04 1.2003e-01 2.4955e+00
3.1961e+01 9.9990e+04 1.4807e-06 9.9783e-01 9.9990e+04 1.4805e-01 2.4946e+00
3.2353e+01 9.9988e+04 1.8188e-06 9.9738e-01 9.9988e+04 1.8186e-01 2.4934e+00
3.2745e+01 9.9985e+04 2.2248e-06 9.9684e-01 9.9985e+04 2.2244e-01 2.4921e+00
3.3137e+01 9.9981e+04 2.7100e-06 9.9622e-01 9.9981e+04 2.7095e-01 2.4905e+00
3.3529e+01 9.9977e+04 3.2874e-06 9.9548e-01 9.9977e+04 3.2867e-01 2.4887e+00
3.3922e+01 9.9971e+04 3.9714e-06 9.9463e-01 9.9971e+04 3.9703e-01 2.4866e+00
3.4314e+01 9.9965e+04 4.7780e-06 9.9365e-01 9.9965e+04 4.7763e-01 2.4841e+00
3.4706e+01 9.9957e+04 5.7250e-06 9.9251e-01 9.9957e+04 5.7225e-01 2.4813e+00
3.5098e+01 9.9948e+04 6.8318e-06 9.9122e-01 9.9948e+04 6.8282e-01 2.4780e+00
3.5490e+01 9.9938e+04 8.1197e-06 9.8974e-01 9.9938e+04 8.1146e-01 2.4743e+00
3.5882e+01 9.9925e+04 9.6118e-06 9.8806e-01 9.9925e+04 9.6046e-01 2.4701e+00
3.6275e+01 9.9911e+04 1.1333e-05 9.8616e-01 9.9911e+04 1.1323e+00 2.4654e+00
3.6667e+01 9.9893e+04 1.3310e-05 9.8403e-01 9.9893e+04 1.3295e+00 2.4601e+00
3.7059e+01 9.9873e+04 1.5570e-05 9.8165e-01 9.9873e+04 1.5550e+00 2.4541e+00
3.7451e+01 9.9850e+04 1.8143e-05 9.7900e-01 9.9850e+04 1.8116e+00 2.4475e+00
3.7843e+01 9.9823e+04 2.1061e-05 9.7606e-01 9.9823e+04 2.1024e+00 2.4402e+00
3.8235e+01 9.9792e+04 2.4356e-05 9.7282e-01 9.9792e+04 2.4305e+00 2.4321e+00
3.8627e+01 9.9757e+04 2.8059e-05 9.6926e-01 9.9757e+04 2.7991e+00 2.4232e+00
3.9020e+01 9.9717e+04 3.2206e-05 9.6537e-01 9.9717e+04 3.2114e+00 2.4135e+00
3.9412e+01 9.9671e+04 3.6829e-05 9.6114e-01 9.9671e+04 3.6708e+00 2.4029e+00
3.9804e+01 9.9619e+04 4.1963e-05 9.5657e-01 9.9619e+04 4.1803e+00 2.3915e+00
4.0196e+01 9.9560e+04 4.7640e-05 9.5163e-01 9.9560e+04 4.7431e+00 2.3792e+00
4.0588e+01 9.9494e+04 5.3895e-05 9.4634e-01 9.9494e+04 5.3622e+00 2.3660e+00
4.0980e+01 9.9421e+04 6.0757e-05 9.4068e-01 9.9421e+04 6.0405e+00 2.3519e+00
4.1373e+01 9.9338e+04 6.8256e-05 9.3467e-01 9.9338e+04 6.7805e+00 2.3369e+00
4.1765e+01 9.9247e+04 7.6420e-05 9.2831e-01 9.9247e+04 7.5845e+00 2.3211e+00
4.2157e+01 9.9145e+04 8.5274e-05 9.2160e-01 9.9145e+04 8.4546e+00 2.3044e+00
4.2549e+01 9.9034e+04 9.4839e-05 9.1457e-01 9.9034e+04 9.3923e+00 2.2869e+00
4.2941e+01 9.8911e+04 1.0513e-04 9.0723e-01 9.8911e+04 1.0399e+01 2.2686e+00
4.3333e+01 9.8776e+04 1.1617e-04 8.9959e-01 9.8776e+04 1.1475e+01 2.2496e+00
4.3725e+01 9.8629e+04 1.2797e-04 8.9169e-01 9.8629e+04 1.2622e+01 2.2300e+00
4.4118e+01 9.8469e+04 1.4049e-04 8.8353e-01 9.8469e+04 1.3834e+01 2.2098e+00
4.4510e+01 9.8299e+04 1.5392e-04 8.7522e-01 9.8299e+04 1.5130e+01 2.1892e+00
4.4902e+01 9.8100e+04 1.6758e-04 8.6654e-01 9.8100e+04 1.6439e+01 2.1677e+00
4.5294e+01 9.7934e+04 1.8368e-04 8.5831e-01 9.7934e+04 1.7988e+01 2.1474e+00
4.5686e+01 9.7615e+04 1.9555e-04 8.4828e-01 9.7615e+04 1.9089e+01 2.1226e+00
4.6078e+01 9.7644e+04 2.2107e-04 8.4260e-01 9.7644e+04 2.1586e+01 2.1089e+00
4.6471e+01 9.6813e+04 2.1717e-04 8.2670e-01 9.6813e+04 2.1025e+01 2.0690e+00
4.6863e+01 9.7681e+04 2.7463e-04 8.3126e-01 9.7681e+04 2.6826e+01 2.0818e+00
4.7255e+01 9.5569e+04 2.2770e-04 8.0080e-01 9.5569e+04 2.1761e+01 2.0045e+00
4.7647e+01 9.7668e+04 3.3033e-04 8.1985e-01 9.7668e+04 3.2263e+01 2.0550e+00
4.8039e+01 9.5019e+04 2.6866e-04 7.8464e-01 9.5019e+04 2.5528e+01 1.9650e+00
4.8431e+01 9.6155e+04 3.3931e-04 7.9270e-01 9.6155e+04 3.2626e+01 1.9873e+00
4.8824e+01 9.5780e+04 3.4522e-04 7.7983e-01 9.5780e+04 3.3065e+01 1.9553e+00
4.9216e+01 9.0883e+04 3.7160e-04 7.7378e-01 9.0883e+04 3.3772e+01 1.9407e+00
4.9608e+01 1.1999e+05 3.7582e-04 7.5969e-01 1.1999e+05 4.5096e+01 1.9077e+00
5.0000e+01 3.6644e+04 3.9703e-04 7.5669e-01 3.6644e+04 1.4549e+01 1.8946e+00
5.0392e+01 1.3095e+04 4.4144e-04 7.5751e-01 1.3095e+04 5.7805e+00 1.8951e+00
5.0784e+01 9.3225e+03 4.9922e-04 7.5377e-01 9.3225e+03 4.6540e+00 1.8856e+00
5.1176e+01 9.4906e+03 5.8128e-04 7.4990e-01 9.4906e+03 5.5167e+00 1.8763e+00
5.1569e+01 1.0011e+04 7.3327e-04 7.5498e-01 1.0011e+04 7.3407e+00 1.8901e+00
5.1961e+01 1.0663e+04 8.6034e-04 7.5950e-01 1.0663e+04 9.1738e+00 1.9027e+00
5.2353e+01 1.0972e+04 8.8286e-04 7.5473e-01 1.0972e+04 9.6870e+00 1.8911e+00
5.2745e+01 1.1254e+04 8.8394e-04 7.4867e-01 1.1254e+04 9.9480e+00 1.8761e+00
5.3137e+01 1.1453e+04 9.4240e-04 7.4978e-01 1.1453e+04 1.0793e+01 1.8795e+00
5.3529e+01 1.1722e+04 1.0448e-03 7.5642e-01 1.1722e+04 1.2248e+01 1.8975e+00
5.3922e+01 1.1900e+04 1.1260e-03 7.6141e-01 1.1900e+04 1.3399e+01 1.9111e+00
5.4314e+01 1.2023e+04 1.1538e-03 7.6089e-01 1.2023e+04 1.3872e+01 1.9102e+00
5.4706e+01 1.2059e+04 1.1393e-03 7.5606e-01 1.2059e+04 1.3739e+01 1.8980e+00
5.5098e+01 1.2105e+04 1.1240e-03 7.4992e-01 1.2105e+04 1.3607e+01 1.8825e+00
5.5490e+01 1.2193e+04 1.1558e-03 7.4976e-01 1.2193e+04 1.4092e+01 1.8825e+00
5.5882e+01 1.2355e+04 1.2463e-03 7.5684e-01 1.2355e+04 1.5398e+01 1.9017e+00
5.6275e+01 1.2542e+04 1.3643e-03 7.6762e-01 1.2542e+04 1.7112e+01 1.9307e+00
5.6667e+01 1.2717e+04 1.4731e-03 7.7783e-01 1.2717e+04 1.8734e+01 1.9584e+00
5.7059e+01 1.2844e+04 1.5512e-03 7.8478e-01 1.2844e+04 1.9923e+01 1.9774e+00
5.7451e+01 1.2922e+04 1.5954e-03 7.8794e-01 1.2922e+04 2.0616e+01 1.9863e+00
5.7843e+01 1.2962e+04 1.6139e-03 7.8818e-01 1.2962e+04 2.0918e+01 1.9873e+00
5.8235e+01 1.2980e+04 1.6180e-03 7.8681e-01 1.2980e+04 2.1001e+01 1.9840e+00
5.8627e+01 1.2988e+04 1.6163e-03 7.8484e-01 1.2988e+04 2.0992e+01 1.9791e+00
5.9020e+01 1.2993e+04 1.6130e-03 7.8270e-01 1.2993e+04 2.0957e+01 1.9736e+00
5.9412e+01 1.2996e+04 1.6090e-03 7.8045e-01 1.2996e+04 2.0911e+01 1.9680e+00
5.9804e+01 1.3000e+04 1.6046e-03 7.7812e-01 1.3000e+04 2.0859e+01 1.9620e+00
6.0196e+01 1.3003e+04 1.5998e-03 7.7570e-01 1.3003e+04 2.0801e+01 1.9559e+00
6.0588e+01 1.3005e+04 1.5945e-03 7.7320e-01 1.3005e+04 2.0737e+01 1.9495e+00
6.0980e+01 1.3007e+04 1.5889e-03 7.7060e-01 1.3007e+04 2.0667e+01 1.9429e+00
6.1373e+01 1.3009e+04 1.5829e-03 7.6791e-01 1.3009e+04 2.0591e+01 1.9361e+00
6.1765e+01 1.3010e+04 1.5765e-03 7.6513e-01 1.3010e+04 2.0510e+01 1.9290e+00
6.2157e+01 1.3011e+04 1.5697e-03 7.6225e-01 1.3011e+04 2.0423e+01 1.9217e+00
6.2549e+01 1.3011e+04 1.5626e-03 7.5927e-01 1.3011e+04 2.0331e+01 1.9140e+00
6.2941e+01 1.3011e+04 1.5550e-03 7.5618e-01 1.3011e+04 2.0233e+01 1.9062e+00
6.3333e+01 1.3011e+04 1.5471e-03 7.5298e-01 1.3011e+04 2.0130e+01 1.8980e+00
6.3725e+01 1.3011e+04 1.5388e-03 7.4967e-01 1.3011e+04 2.0021e+01 1.8896e+00
6.4118e+01 1.3010e+04 1.5301e-03 7.4625e-01 1.3010e+04 1.9906e+01 1.8809e+00
6.4510e+01 1.3009e+04 1.5210e-03 7.4271e-01 1.3009e+04 1.9787e+01 1.8718e+00
6.4902e+01 1.3008e+04 1.5115e-03 7.3904e-01 1.3008e+04 1.9661e+01 1.8625e+00
6.5294e+01 1.3006e+04 1.5016e-03 7.3525e-01 1.3006e+04 1.9530e+01 1.8528e+00
6.5686e+01 1.3004e+04 1.4914e-03 7.3133e-01 1.3004e+04 1.9394e+01 1.8428e+00
6.6078e+01 1.3002e+04 1.4807e-03 7.2728e-01 1.3002e+04 1.9252e+01 1.8325e+00
6.6471e+01 1.3000e+04 1.4696e-03 7.2309e-01 1.3000e+04 1.9104e+01 1.8218e+00
6.6863e+01 1.2997e+04 1.4582e-03 7.1877e-01 1.2997e+04 1.8951e+01 1.8107e+00
6.7255e+01 1.2994e+04 1.4463e-03 7.1429e-01 1.2994e+04 1.8793e+01 1.7993e+00
6.7647e+01 1.2991e+04 1.4340e-03 7.0967e-01 1.2991e+04 1.8629e+01 1.7875e+00
6.8039e+01 1.2987e+04 1.4213e-03 7.0490e-01 1.2987e+04 1.8459e+01 1.7754e+00
6.8431e+01 1.2984e+04 1.4082e-03 6.9998e-01 1.2984e+04 1.8283e+01 1.7628e+00
6.8824e+01 1.2980e+04 1.3947e-03 6.9489e-01 1.2980e+04 1.8102e+01 1.7499e+00
6.9216e+01 1.2976e+04 1.3807e-03 6.8965e-01 1.2976e+04 1.7916e+01 1.7365e+00
6.9608e+01 1.2971e+04 1.3664e-03 6.8424e-01 1.2971e+04 1.7723e+01 1.7227e+00
7.0000e+01 1.2967e+04 1.3516e-03 6.7866e-01 1.2967e+04 1.7525e+01 1.7085e+00
7.0392e+01 1.2962e+04 1.3363e-03 6.7290e-01 1.2962e+04 1.7321e+01 1.6938e+00
7.0784e+01 1.2957e+04 1.3207e-03 6.6697e-01 1.2957e+04 1.7112e+01 1.6787e+00
7.1176e+01 1.2951e+04 1.3046e-03 6.6086e-01 1.2951e+04 1.6896e+01 1.6632e+00
7.1569e+01 1.2946e+04 1.2881e-03 6.5456e-01 1.2946e+04 1.6675e+01 1.6471e+00
7.1961e+01 1.2940e+04 1.2711e-03 6.4808e-01 1.2940e+04 1.6449e+01 1.6307e+00
7.2353e+01 1.2934e+04 1.2537e-03 6.4140e-01 1.2934e+04 1.6216e+01 1.6137e+00
7.2745e+01 1.2928e+04 1.2358e-03 6.3453e-01 1.2928e+04 1.5977e+01 1.5962e+00
7.3137e+01 1.2922e+04 1.2175e-03 6.2747e-01 1.2922e+04 1.5733e+01 1.5782e+00
7.3529e+01 1.2916e+04 1.1988e-03 6.2020e-01 1.2916e+04 1.5483e+01 1.5598e+00
7.3922e+01 1.2909e+04 1.1796e-03 6.1272e-01 1.2909e+04 1.5227e+01 1.5408e+00
7.4314e+01 1.2902e+04 1.1599e-03 6.0503e-01 1.2902e+04 1.4965e+01 1.5213e+00
7.4706e+01 1.2895e+04 1.1398e-03 5.9714e-01 1.2895e+04 1.4697e+01 1.5012e+00
7.5098e+01 1.2888e+04 1.1192e-03 5.8902e-01 1.2888e+04 1.4423e+01 1.4806e+00
7.5490e+01 1.2880e+04 1.0981e-03 5.8068e-01 1.2880e+04 1.4144e+01 1.4595e+00
7.5882e+01 1.2873e+04 1.0765e-03 5.7212e-01 1.2873e+04 1.3858e+01 1.4378e+00
7.6275e+01 1.2865e+04 1.0545e-03 5.6332e-01 1.2865e+04 1.3566e+01 1.4155e+00
7.6667e+01 1.2857e+04 1.0320e-03 5.5430e-01 1.2857e+04 1.3268e+01 1.3926e+00
7.7059e+01 1.2848e+04 1.0090e-03 5.4503e-01 1.2848e+04 1.2965e+01 1.3691e+00
7.7451e+01 1.2840e+04 9.8555e-04 5.3552e-01 1.2840e+04 1.2655e+01 1.3450e+00
7.7843e+01 1.2832e+04 9.6156e-04 5.2576e-01 1.2832e+04 1.2338e+01 1.3203e+00
7.8235e+01 1.2823e+04 9.3707e-04 5.1575e-01 1.2823e+04 1.2016e+01 1.2950e+00
7.8627e+01 1.2814e+04 9.1207e-04 5.0548e-01 1.2814e+04 1.1687e+01 1.2690e+00
7.9020e+01 1.2805e+04 8.8655e-04 4.9494e-01 1.2805e+04 1.1352e+01 1.2424e+00
7.9412e+01 1.2795e+04 8.6051e-04 4.8413e-01 1.2795e+04 1.1011e+01 1.2151e+00
7.9804e+01 1.2786e+04 8.3393e-04 4.7304e-01 1.2786e+04 1.0663e+01 1.1870e+00
8.0196e+01 1.2776e+04 8.0681e-04 4.6167e-01 1.2776e+04 1.0308e+01 1.1583e+00
8.0588e+01 1.2766e+04 7.7914e-04 4.5000e-01 1.2766e+04 9.9468e+00 1.1289e+00
8.0980e+01 1.2756e+04 7.5091e-04 4.3804e-01 1.2756e+04 9.5788e+00 1.0987e+00
8.1373e+01 1.2746e+04 7.2211e-04 4.2577e-01 1.2746e+04 9.2041e+00 1.0678e+00
8.1765e+01 1.2736e+04 6.9274e-04 4.1319e-01 1.2736e+04 8.8225e+00 1.0360e+00
8.2157e+01 1.2725e+04 6.6277e-04 4.0029e-01 1.2725e+04 8.4339e+00 1.0035e+00
8.2549e+01 1.2714e+04 6.3221e-04 3.8705e-01 1.2714e+04 8.0382e+00 9.7017e-01
8.2941e+01 1.2703e+04 6.0105e-04 3.7348e-01 1.2703e+04 7.6354e+00 9.3599e-01
8.3333e+01 1.2692e+04 5.6926e-04 3.5956e-01 1.2692e+04 7.2253e+00 9.0096e-01
8.3725e+01 1.2681e+04 5.3685e-04 3.4529e-01 1.2681e+04 6.8078e+00 8.6504e-01
8.4118e+01 1.2670e+04 5.0379e-04 3.3064e-01 1.2670e+04 6.3828e+00 8.2822e-01
8.4510e+01 1.2658e+04 4.7008e-04 3.1563e-01 1.2658e+04 5.9502e+00 7.9047e-01
8.4902e+01 1.2646e+04 4.3571e-04 3.0023e-01 1.2646e+04 5.5100e+00 7.5177e-01
8.5294e+01 1.2634e+04 4.0066e-04 2.8443e-01 1.2634e+04 5.0619e+00 7.1209e-01
8.5686e+01 1.2622e+04 3.6491e-04 2.6823e-01 1.2622e+04 4.6058e+00 6.7141e-01
8.6078e+01 1.2609e+04 3.2847e-04 2.5161e-01 1.2609e+04 4.1418e+00 6.2971e-01
8.6471e+01 1.2597e+04 2.9132e-04 2.3457e-01 1.2597e+04 3.6697e+00 5.8696e-01
8.6863e+01 1.2584e+04 2.5351e-04 2.1712e-01 1.2584e+04 3.1901e+00 5.4319e-01
8.7255e+01 1.2571e+04 2.1513e-04 1.9929e-01 1.2571e+04 2.7044e+00 4.9853e-01
8.7647e+01 1.2558e+04 1.7651e-04 1.8125e-01 1.2558e+04 2.2167e+00 4.5333e-01
8.8039e+01 1.2546e+04 1.3842e-04 1.6337e-01 1.2546e+04 1.7366e+00 4.0853e-01
8.8431e+01 1.2534e+04 1.0226e-04 1.4635e-01 1.2534e+04 1.2817e+00 3.6593e-01
8.8824e+01 1.2523e+04 7.0104e-05 1.3128e-01 1.2523e+04 8.7793e-01 3.2822e-01
8.9216e+01 1.2515e+04 4.4075e-05 1.1925e-01 1.2515e+04 5.5159e-01 2.9814e-01
8.9608e+01 1.2509e+04 2.5324e-05 1.1080e-01 1.2509e+04 3.1677e-01 2.7701e-01
9.0000e+01 1.2505e+04 1.3399e-05 1.0559e-01 1.2505e+04 1.6755e-01 2.6398e-01
9.0392e+01 1.2502e+04 6.6414e-06 1.0273e-01 1.2502e+04 8.3033e-02 2.5682e-01
9.0784e+01 1.2501e+04 3.1475e-06 1.0128e-01 1.2501e+04 3.9347e-02 2.5320e-01
9.1176e+01 1.2501e+04 1.4516e-06 1.0059e-01 1.2501e+04 1.8146e-02 2.5147e-01
9.1569e+01 1.2500e+04 6.5940e-07 1.0027e-01 1.2500e+04 8.2427e-03 2.5067e-01
9.1961e+01 1.2500e+04 2.9704e-07 1.0012e-01 1.2500e+04 3.7130e-03 2.5030e-01
9.2353e+01 1.2500e+04 1.3316e-07 1.0005e-01 1.2500e+04 1.6646e-03 2.5013e-01
9.2745e+01 1.2500e+04 5.9511e-08 1.0002e-01 1.2500e+04 7.4388e-04 2.5006e-01
9.3137e+01 1.2500e+04 2.6532e-08 1.0001e-01 1.2500e+04 3.3166e-04 2.5003e-01
9.3529e+01 1.2500e+04 1.1806e-08 1.0000e-01 1.2500e+04 1.4757e-04 2.5001e-01
9.3922e+01 1.2500e+04 5.2431e-09 1.0000e-01 1.2500e+04 6.5539e-05 2.5001e-01
9.4314e+01 1.2500e+04 2.3244e-09 1.0000e-01 1.2500e+04 2.9055e-05 2.5000e-01
9.4706e+01 1.2500e+04 1.0286e-09 1.0000e-01 1.2500e+04 1.2858e-05 2.5000e-01
9.5098e+01 1.2500e+04 4.5440e-10 1.0000e-01 1.2500e+04 5.6800e-06 2.5000e-01
9.5490e+01 1.2500e+04 2.0038e-10 1.0000e-01 1.2500e+04 2.5047e-06 2.5000e-01
9.5882e+01 1.2500e+04 8.8202e-11 1.0000e-01 1.2500e+04 1.1025e-06 2.5000e-01
9.6275e+01 1.2500e+04 3.8756e-11 1.0000e-01 1.2500e+04 4.8445e-07 2.5000e-01
9.6667e+01 1.2500e+04 1.6999e-11 1.0000e-01 1.2500e+04 2.1249e-07 2.5000e-01
9.7059e+01 1.2500e+04 7.4424e-12 1.0000e-01 1.2500e+04 9.3030e-08 2.5000e-01
9.7451e+01 1.2500e+04 3.2525e-12 1.0000e-01 1.2500e+04 4.0657e-08 2.5000e-01
9.7843e+01 1.2500e+04 1.4189e-12 1.0000e-01 1.2500e+04 1.7736e-08 2.5000e-01
9.8235e+01 1.2500e+04 6.1792e-13 1.0000e-01 1.2500e+04 7.7240e-09 2.5000e-01
9.8627e+01 1.2500e+04 2.6877e-13 1.0000e-01 1.2500e+04 3.3596e-09 2.5000e-01
9.9020e+01 1.2500e+04 1.1705e-13 1.0000e-01 1.2500e+04 1.4631e-09 2.5000e-01
9.9412e+01 1.2500e+04 5.1640e-14 1.0000e-01 1.2500e+04 6.4551e-10 2.5000e-01
9.9804e+01 1.2500e+04 2.5221e-14 1.0000e-01 1.2500e+04 3.1526e-10 2.5000e-01
