# # x Density Velocity Pressure q0 q1 q2
1.9608e-01 1.0000e+05 0.0000e+00 1.0000e+00 1.0000e+05 0.0000e+00 2.5000e+00
5.8824e-01 1.0000e+05 0.0000e+00 1.0000e+00 1.0000e+05 0.0000e+00 2.5000e+00
9.8039e-01 1.0000e+05 0.0000e+00 1.0000e+00 1.0000e+05 0.0000e+00 2.5000e+00
1.3725e+00 1.0000e+05 0.0000e+00 1.0000e+00 1.0000e+05 0.0000e+00 2.5000e+00
1.7647e+00 1.0000e+05 0.0000e+00 1.0000e+00 1.0000e+05 0.0000e+00 2.5000e+00
2.1569e+00 1.0000e+05 0.0000e+00 1.0000e+00 1.0000e+05 0.0000e+00 2.5000e+00
2.5490e+00 1.0000e+05 3.2812e-19 1.0000e+00 1.0000e+05 3.2812e-14 2.5000e+00
2.9412e+00 1.0000e+05 1.9798e-18 1.0000e+00 1.0000e+05 1.9798e-13 2.5000e+00
3.3333e+00 1.0000e+05 5.6352e-18 1.0000e+00 1.0000e+05 5.6352e-13 2.5000e+00
3.7255e+00 1.0000e+05 1.1261e-17 1.0000e+00 1.0000e+05 1.1261e-12 2.5000e+00
4.1176e+00 1.0000e+05 1.8875e-17 1.0000e+00 1.0000e+05 1.8875e-12 2.5000e+00
4.5098e+00 1.0000e+05 2.9184e-17 1.0000e+00 1.0000e+05 2.9184e-12 2.5000e+00
4.9020e+00 1.0000e+05 4.4248e-17 1.0000e+00 1.0000e+05 4.4248e-12 2.5000e+00
5.2941e+00 1.0000e+05 6.6721e-17 1.0000e+00 1.0000e+05 6.6721e-12 2.5000e+00
5.6863e+00 1.0000e+05 1.0141e-16 1.0000e+00 1.0000e+05 1.0141e-11 2.5000e+00
6.0784e+00 1.0000e+05 1.5682e-16 1.0000e+00 1.0000e+05 1.5682e-11 2.5000e+00
6.4706e+00 1.0000e+05 2.4545e-16 1.0000e+00 1.0000e+05 2.4545e-11 2.5000e+00
6.8627e+00 1.0000e+05 3.8765e-16 1.0000e+00 1.0000e+05 3.8765e-11 2.5000e+00
7.2549e+00 1.0000e+05 6.1545e-16 1.0000e+00 1.0000e+05 6.1545e-11 2.5000e+00
7.6471e+00 1.0000e+05 9.7898e-16 1.0000e+00 1.0000e+05 9.7898e-11 2.5000e+00
8.0392e+00 1.0000e+05 1.5584e-15 1.0000e+00 1.0000e+05 1.5584e-10 2.5000e+00
8.4314e+00 1.0000e+05 2.4783e-15 1.0000e+00 1.0000e+05 2.4783e-10 2.5000e+00
8.8235e+00 1.0000e+05 3.9315e-15 1.0000e+00 1.0000e+05 3.9315e-10 2.5000e+00
9.2157e+00 1.0000e+05 6.2155e-15 1.0000e+00 1.0000e+05 6.2155e-10 2.5000e+00
9.6078e+00 1.0000e+05 9.7914e-15 1.0000e+00 1.0000e+05 9.7914e-10 2.5000e+00
1.0000e+01 1.0000e+05 1.5366e-14 1.0000e+00 1.0000e+05 1.5366e-09 2.5000e+00
1.0392e+01 1.0000e+05 2.4018e-14 1.0000e+00 1.0000e+05 2.4018e-09 2.5000e+00
1.0784e+01 1.0000e+05 3.7388e-14 1.0000e+00 1.0000e+05 3.7388e-09 2.5000e+00
1.1176e+01 1.0000e+05 5.7960e-14 1.0000e+00 1.0000e+05 5.7960e-09 2.5000e+00
1.1569e+01 1.0000e+05 8.9476e-14 1.0000e+00 1.0000e+05 8.9476e-09 2.5000e+00
1.1961e+01 1.0000e+05 1.3755e-13 1.0000e+00 1.0000e+05 1.3755e-08 2.5000e+00
1.2353e+01 1.0000e+05 2.1054e-13 1.0000e+00 1.0000e+05 2.1054e-08 2.5000e+00
1.2745e+01 1.0000e+05 3.2091e-13 1.0000e+00 1.0000e+05 3.2091e-08 2.5000e+00
1.3137e+01 1.0000e+05 4.8705e-13 1.0000e+00 1.0000e+05 4.8705e-08 2.5000e+00
1.3529e+01 1.0000e+05 7.3604e-13 1.0000e+00 1.0000e+05 7.3604e-08 2.5000e+00
1.3922e+01 1.0000e+05 1.1076e-12 1.0000e+00 1.0000e+05 1.1076e-07 2.5000e+00
1.4314e+01 1.0000e+05 1.6595e-12 1.0000e+00 1.0000e+05 1.6595e-07 2.5000e+00
1.4706e+01 1.0000e+05 2.4758e-12 1.0000e+00 1.0000e+05 2.4758e-07 2.5000e+00
1.5098e+01 1.0000e+05 3.6778e-12 1.0000e+00 1.0000e+05 3.6778e-07 2.5000e+00
1.5490e+01 1.0000e+05 5.4399e-12 1.0000e+00 1.0000e+05 5.4399e-07 2.5000e+00
1.5882e+01 1.0000e+05 8.0117e-12 1.0000e+00 1.0000e+05 8.0117e-07 2.5000e+00
1.6275e+01 1.0000e+05 1.1748e-11 1.0000e+00 1.0000e+05 1.1748e-06 2.5000e+00
1.6667e+01 1.0000e+05 1.7154e-11 1.0000e+00 1.0000e+05 1.7154e-06 2.5000e+00
1.7059e+01 1.0000e+05 2.4938e-11 1.0000e+00 1.0000e+05 2.4938e-06 2.5000e+00
1.7451e+01 1.0000e+05 3.6098e-11 1.0000e+00 1.0000e+05 3.6098e-06 2.5000e+00
1.7843e+01 1.0000e+05 5.2026e-11 1.0000e+00 1.0000e+05 5.2026e-06 2.5000e+00
1.8235e+01 1.0000e+05 7.4657e-11 1.0000e+00 1.0000e+05 7.4657e-06 2.5000e+00
1.8627e+01 1.0000e+05 1.0667e-10 1.0000e+00 1.0000e+05 1.0667e-05 2.5000e+00
1.9020e+01 1.0000e+05 1.5175e-10 1.0000e+00 1.0000e+05 1.5175e-05 2.5000e+00
1.9412e+01 1.0000e+05 2.1494e-10 1.0000e+00 1.0000e+05 2.1494e-05 2.5000e+00
1.9804e+01 1.0000e+05 3.0313e-10 1.0000e+00 1.0000e+05 3.0313e-05 2.5000e+00
2.0196e+01 1.0000e+05 4.2564e-10 1.0000e+00 1.0000e+05 4.2564e-05 2.5000e+00
2.0588e+01 1.0000e+05 5.9508e-10 1.0000e+00 1.0000e+05 5.9508e-05 2.5000e+00
2.0980e+01 1.0000e+05 8.2834e-10 1.0000e+00 1.0000e+05 8.2834e-05 2.5000e+00
2.1373e+01 1.0000e+05 1.1480e-09 1.0000e+00 1.0000e+05 1.1480e-04 2.5000e+00
2.1765e+01 1.0000e+05 1.5841e-09 1.0000e+00 1.0000e+05 1.5841e-04 2.5000e+00
2.2157e+01 1.0000e+05 2.1765e-09 1.0000e+00 1.0000e+05 2.1765e-04 2.5000e+00
2.2549e+01 1.0000e+05 2.9772e-09 9.9999e-01 1.0000e+05 2.9772e-04 2.5000e+00
2.2941e+01 1.0000e+05 4.0548e-09 9.9999e-01 1.0000e+05 4.0548e-04 2.5000e+00
2.3333e+01 1.0000e+05 5.4985e-09 9.9999e-01 1.0000e+05 5.4985e-04 2.5000e+00
2.3725e+01 1.0000e+05 7.4237e-09 9.9999e-01 1.0000e+05 7.4237e-04 2.5000e+00
2.4118e+01 1.0000e+05 9.9793e-09 9.9998e-01 1.0000e+05 9.9793e-04 2.5000e+00
2.4510e+01 1.0000e+05 1.3356e-08 9.9997e-01 1.0000e+05 1.3356e-03 2.4999e+00
2.4902e+01 1.0000e+05 1.7799e-08 9.9997e-01 1.0000e+05 1.7799e-03 2.4999e+00
2.5294e+01 1.0000e+05 2.3615e-08 9.9996e-01 1.0000e+05 2.3615e-03 2.4999e+00
2.5686e+01 1.0000e+05 3.1196e-08 9.9994e-01 1.0000e+05 3.1196e-03 2.4999e+00
2.6078e+01 1.0000e+05 4.1032e-08 9.9993e-01 1.0000e+05 4.1032e-03 2.4998e+00
2.6471e+01 1.0000e+05 5.3736e-08 9.9990e-01 1.0000e+05 5.3735e-03 2.4998e+00
2.6863e+01 1.0000e+05 7.0067e-08 9.9988e-01 1.0000e+05 7.0066e-03 2.4997e+00
2.7255e+01 9.9999e+04 9.0966e-08 9.9984e-01 9.9999e+04 9.0965e-03 2.4996e+00
2.7647e+01 9.9999e+04 1.1759e-07 9.9980e-01 9.9999e+04 1.1759e-02 2.4995e+00
2.8039e+01 9.9999e+04 1.5134e-07 9.9974e-01 9.9999e+04 1.5134e-02 2.4994e+00
2.8431e+01 9.9999e+04 1.9395e-07 9.9968e-01 9.9999e+04 1.9395e-02 2.4992e+00
2.8824e+01 9.9998e+04 2.4749e-07 9.9959e-01 9.9998e+04 2.4748e-02 2.4990e+00
2.9216e+01 9.9998e+04 3.1444e-07 9.9949e-01 9.9998e+04 3.1444e-02 2.4987e+00
2.9608e+01 9.9998e+04 3.9780e-07 9.9936e-01 9.9998e+04 3.9779e-02 2.4984e+00
3.0000e+01 9.9997e+04 5.0110e-07 9.9921e-01 9.9997e+04 5.0108e-02 2.4980e+00
3.0392e+01 9.9996e+04 6.2853e-07 9.9902e-01 9.9996e+04 6.2851e-02 2.4976e+00
3.0784e+01 9.9995e+04 7.8502e-07 9.9880e-01 9.9995e+04 7.8498e-02 2.4970e+00
3.1176e+01 9.9994e+04 9.7632e-07 9.9853e-01 9.9994e+04 9.7626e-02 2.4963e+00
3.1569e+01 9.9992e+04 1.2091e-06 9.9820e-01 9.9992e+04 1.2090e-01 2.4955e+00
3.1961e+01 9.9990e+04 1.4911e-06 9.9782e-01 9.9990e+04 1.4909e-01 2.4945e+00
3.2353e+01 9.9987e+04 1.8311e-06 9.9736e-01 9.9987e+04 1.8308e-01 2.4934e+00
3.2745e+01 9.9984e+04 2.2392e-06 9.9683e-01 9.9984e+04 2.2389e-01 2.4921e+00
3.3137e+01 9.9981e+04 2.7270e-06 9.9620e-01 9.9981e+04 2.7264e-01 2.4905e+00
3.3529e+01 9.9976e+04 3.3072e-06 9.9546e-01 9.9976e+04 3.3064e-01 2.4887e+00
3.3922e+01 9.9971e+04 3.9943e-06 9.9461e-01 9.9971e+04 3.9931e-01 2.4865e+00
3.4314e+01 9.9965e+04 4.8044e-06 9.9362e-01 9.9965e+04 4.8027e-01 2.4840e+00
3.4706e+01 9.9957e+04 5.7553e-06 9.9248e-01 9.9957e+04 5.7528e-01 2.4812e+00
3.5098e+01 9.9948e+04 6.8664e-06 9.9118e-01 9.9948e+04 6.8628e-01 2.4780e+00
3.5490e+01 9.9937e+04 8.1591e-06 9.8970e-01 9.9937e+04 8.1540e-01 2.4742e+00
3.5882e+01 9.9925e+04 9.6564e-06 9.8801e-01 9.9925e+04 9.6492e-01 2.4700e+00
3.6275e+01 9.9910e+04 1.1383e-05 9.8611e-01 9.9910e+04 1.1373e+00 2.4653e+00
3.6667e+01 9.9893e+04 1.3366e-05 9.8398e-01 9.9893e+04 1.3352e+00 2.4600e+00
3.7059e+01 9.9873e+04 1.5633e-05 9.8159e-01 9.9873e+04 1.5613e+00 2.4540e+00
3.7451e+01 9.9849e+04 1.8213e-05 9.7893e-01 9.9849e+04 1.8186e+00 2.4474e+00
3.7843e+01 9.9823e+04 2.1139e-05 9.7599e-01 9.9823e+04 2.1101e+00 2.4400e+00
3.8235e+01 9.9792e+04 2.4441e-05 9.7275e-01 9.9792e+04 2.4390e+00 2.4319e+00
3.8627e+01 9.9756e+04 2.8152e-05 9.6918e-01 9.9756e+04 2.8084e+00 2.4230e+00
3.9020e+01 9.9716e+04 3.2307e-05 9.6529e-01 9.9716e+04 3.2215e+00 2.4133e+00
3.9412e+01 9.9670e+04 3.6939e-05 9.6106e-01 9.9670e+04 3.6817e+00 2.4027e+00
3.9804e+01 9.9617e+04 4.2082e-05 9.5648e-01 9.9617e+04 4.1921e+00 2.3913e+00
4.0196e+01 9.9559e+04 4.7769e-05 9.5154e-01 9.9559e+04 4.7558e+00 2.3790e+00
4.0588e+01 9.9493e+04 5.4032e-05 9.4624e-01 9.9493e+04 5.3758e+00 2.3657e+00
4.0980e+01 9.9419e+04 6.0903e-05 9.4059e-01 9.9419e+04 6.0549e+00 2.3516e+00
4.1373e+01 9.9336e+04 6.8412e-05 9.3457e-01 9.9336e+04 6.7958e+00 2.3367e+00
4.1765e+01 9.9245e+04 7.6585e-05 9.2821e-01 9.9245e+04 7.6006e+00 2.3208e+00
4.2157e+01 9.9143e+04 8.5447e-05 9.2150e-01 9.9143e+04 8.4715e+00 2.3041e+00
4.2549e+01 9.9031e+04 9.5020e-05 9.1447e-01 9.9031e+04 9.4100e+00 2.2866e+00
4.2941e+01 9.8908e+04 1.0532e-04 9.0712e-01 9.8908e+04 1.0417e+01 2.2684e+00
4.3333e+01 9.8773e+04 1.1637e-04 8.9949e-01 9.8773e+04 1.1494e+01 2.2494e+00
4.3725e+01 9.8626e+04 1.2817e-04 8.9159e-01 9.8626e+04 1.2641e+01 2.2298e+00
4.4118e+01 9.8466e+04 1.4070e-04 8.8343e-01 9.8466e+04 1.3854e+01 2.2096e+00
4.4510e+01 9.8295e+04 1.5414e-04 8.7512e-01 9.8295e+04 1.5151e+01 2.1890e+00
4.4902e+01 9.8096e+04 1.6779e-04 8.6645e-01 9.8096e+04 1.6459e+01 2.1675e+00
4.5294e+01 9.7931e+04 1.8391e-04 8.5823e-01 9.7931e+04 1.8010e+01 2.1472e+00
4.5686e+01 9.7611e+04 1.9575e-04 8.4819e-01 9.7611e+04 1.9107e+01 2.1224e+00
4.6078e+01 9.7642e+04 2.2135e-04 8.4254e-01 9.7642e+04 2.1613e+01 2.1087e+00
4.6471e+01 9.6807e+04 2.1730e-04 8.2660e-01 9.6807e+04 2.1036e+01 2.0688e+00
4.6863e+01 9.7680e+04 2.7497e-04 8.3123e-01 9.7680e+04 2.6859e+01 2.0818e+00
4.7255e+01 9.5562e+04 2.2783e-04 8.0071e-01 9.5562e+04 2.1772e+01 2.0043e+00
4.7647e+01 9.7663e+04 3.3053e-04 8.1979e-01 9.7663e+04 3.2281e+01 2.0548e+00
4.8039e+01 9.5019e+04 2.6902e-04 7.8465e-01 9.5019e+04 2.5562e+01 1.9651e+00
4.8431e+01 9.6145e+04 3.3934e-04 7.9260e-01 9.6145e+04 3.2626e+01 1.9870e+00
4.8824e+01 9.5779e+04 3.4546e-04 7.7980e-01 9.5779e+04 3.3087e+01 1.9552e+00
4.9216e+01 9.0868e+04 3.7186e-04 7.7378e-01 9.0868e+04 3.3790e+01 1.9407e+00
4.9608e+01 1.2002e+05 3.7601e-04 7.5967e-01 1.2002e+05 4.5128e+01 1.9076e+00
5.0000e+01 3.6695e+04 3.9708e-04 7.5663e-01 3.6695e+04 1.4571e+01 1.8945e+00
5.0392e+01 1.3107e+04 4.4154e-04 7.5747e-01 1.3107e+04 5.7874e+00 1.8949e+00
5.0784e+01 9.3229e+03 5.0009e-04 7.5383e-01 9.3229e+03 4.6622e+00 1.8857e+00
5.1176e+01 9.4872e+03 5.8099e-04 7.4985e-01 9.4872e+03 5.5120e+00 1.8762e+00
5.1569e+01 1.0006e+04 7.3184e-04 7.5481e-01 1.0006e+04 7.3230e+00 1.8897e+00
5.1961e+01 1.0660e+04 8.6026e-04 7.5946e-01 1.0660e+04 9.1704e+00 1.9026e+00
5.2353e+01 1.0971e+04 8.8412e-04 7.5484e-01 1.0971e+04 9.6999e+00 1.8914e+00
5.2745e+01 1.1253e+04 8.8447e-04 7.4869e-01 1.1253e+04 9.9528e+00 1.8761e+00
5.3137e+01 1.1450e+04 9.4136e-04 7.4964e-01 1.1450e+04 1.0779e+01 1.8792e+00
5.3529e+01 1.1719e+04 1.0433e-03 7.5623e-01 1.1719e+04 1.2227e+01 1.8969e+00
5.3922e+01 1.1898e+04 1.1253e-03 7.6131e-01 1.1898e+04 1.3389e+01 1.9108e+00
5.4314e+01 1.2023e+04 1.1543e-03 7.6093e-01 1.2023e+04 1.3878e+01 1.9103e+00
5.4706e+01 1.2060e+04 1.1405e-03 7.5619e-01 1.2060e+04 1.3754e+01 1.8983e+00
5.5098e+01 1.2105e+04 1.1247e-03 7.5000e-01 1.2105e+04 1.3614e+01 1.8827e+00
5.5490e+01 1.2191e+04 1.1549e-03 7.4965e-01 1.2191e+04 1.4079e+01 1.8823e+00
5.5882e+01 1.2351e+04 1.2442e-03 7.5658e-01 1.2351e+04 1.5367e+01 1.9010e+00
5.6275e+01 1.2538e+04 1.3618e-03 7.6731e-01 1.2538e+04 1.7074e+01 1.9299e+00
5.6667e+01 1.2713e+04 1.4711e-03 7.7756e-01 1.2713e+04 1.8702e+01 1.9577e+00
5.7059e+01 1.2841e+04 1.5500e-03 7.8461e-01 1.2841e+04 1.9904e+01 1.9770e+00
5.7451e+01 1.2921e+04 1.5949e-03 7.8786e-01 1.2921e+04 2.0608e+01 1.9861e+00
5.7843e+01 1.2961e+04 1.6139e-03 7.8816e-01 1.2961e+04 2.0918e+01 1.9873e+00
5.8235e+01 1.2980e+04 1.6183e-03 7.8683e-01 1.2980e+04 2.1005e+01 1.9841e+00
5.8627e+01 1.2988e+04 1.6168e-03 7.8487e-01 1.2988e+04 2.0998e+01 1.9792e+00
5.9020e+01 1.2993e+04 1.6134e-03 7.8273e-01 1.2993e+04 2.0963e+01 1.9737e+00
5.9412e+01 1.2997e+04 1.6095e-03 7.8049e-01 1.2997e+04 2.0918e+01 1.9681e+00
5.9804e+01 1.3000e+04 1.6051e-03 7.7816e-01 1.3000e+04 2.0866e+01 1.9622e+00
6.0196e+01 1.3003e+04 1.6003e-03 7.7575e-01 1.3003e+04 2.0808e+01 1.9560e+00
6.0588e+01 1.3005e+04 1.5951e-03 7.7325e-01 1.3005e+04 2.0744e+01 1.9497e+00
6.0980e+01 1.3007e+04 1.5895e-03 7.7066e-01 1.3007e+04 2.0674e+01 1.9431e+00
6.1373e+01 1.3009e+04 1.5835e-03 7.6798e-01 1.3009e+04 2.0599e+01 1.9363e+00
6.1765e+01 1.3010e+04 1.5771e-03 7.6520e-01 1.3010e+04 2.0518e+01 1.9292e+00
6.2157e+01 1.3011e+04 1.5703e-03 7.6233e-01 1.3011e+04 2.0432e+01 1.9219e+00
6.2549e+01 1.3011e+04 1.5632e-03 7.5935e-01 1.3011e+04 2.0339e+01 1.9143e+00
6.2941e+01 1.3012e+04 1.5557e-03 7.5627e-01 1.3012e+04 2.0242e+01 1.9064e+00
6.3333e+01 1.3012e+04 1.5478e-03 7.5308e-01 1.3012e+04 2.0139e+01 1.8983e+00
6.3725e+01 1.3011e+04 1.5395e-03 7.4978e-01 1.3011e+04 2.0030e+01 1.8899e+00
6.4118e+01 1.3010e+04 1.5308e-03 7.4637e-01 1.3010e+04 1.9916e+01 1.8812e+00
6.4510e+01 1.3009e+04 1.5217e-03 7.4284e-01 1.3009e+04 1.9797e+01 1.8722e+00
6.4902e+01 1.3008e+04 1.5123e-03 7.3918e-01 1.3008e+04 1.9672e+01 1.8628e+00
6.5294e+01 1.3006e+04 1.5024e-03 7.3540e-01 1.3006e+04 1.9541e+01 1.8532e+00
6.5686e+01 1.3004e+04 1.4922e-03 7.3149e-01 1.3004e+04 1.9405e+01 1.8432e+00
6.6078e+01 1.3002e+04 1.4815e-03 7.2745e-01 1.3002e+04 1.9263e+01 1.8329e+00
6.6471e+01 1.3000e+04 1.4705e-03 7.2327e-01 1.3000e+04 1.9116e+01 1.8222e+00
6.6863e+01 1.2997e+04 1.4591e-03 7.1896e-01 1.2997e+04 1.8964e+01 1.8112e+00
6.7255e+01 1.2994e+04 1.4472e-03 7.1450e-01 1.2994e+04 1.8806e+01 1.7999e+00
6.7647e+01 1.2991e+04 1.4350e-03 7.0989e-01 1.2991e+04 1.8642e+01 1.7881e+00
6.8039e+01 1.2988e+04 1.4223e-03 7.0513e-01 1.2988e+04 1.8472e+01 1.7760e+00
6.8431e+01 1.2984e+04 1.4092e-03 7.0022e-01 1.2984e+04 1.8297e+01 1.7634e+00
6.8824e+01 1.2980e+04 1.3957e-03 6.9515e-01 1.2980e+04 1.8117e+01 1.7505e+00
6.9216e+01 1.2976e+04 1.3818e-03 6.8992e-01 1.2976e+04 1.7931e+01 1.7372e+00
6.9608e+01 1.2972e+04 1.3675e-03 6.8452e-01 1.2972e+04 1.7739e+01 1.7234e+00
7.0000e+01 1.2967e+04 1.3527e-03 6.7896e-01 1.2967e+04 1.7541e+01 1.7093e+00
7.0392e+01 1.2962e+04 1.3375e-03 6.7322e-01 1.2962e+04 1.7338e+01 1.6946e+00
7.0784e+01 1.2957e+04 1.3219e-03 6.6730e-01 1.2957e+04 1.7128e+01 1.6796e+00
7.1176e+01 1.2952e+04 1.3059e-03 6.6121e-01 1.2952e+04 1.6914e+01 1.6641e+00
7.1569e+01 1.2947e+04 1.2894e-03 6.5493e-01 1.2947e+04 1.6693e+01 1.6481e+00
7.1961e+01 1.2941e+04 1.2725e-03 6.4846e-01 1.2941e+04 1.6467e+01 1.6316e+00
7.2353e+01 1.2935e+04 1.2551e-03 6.4181e-01 1.2935e+04 1.6235e+01 1.6147e+00
7.2745e+01 1.2929e+04 1.2373e-03 6.3496e-01 1.2929e+04 1.5997e+01 1.5973e+00
7.3137e+01 1.2923e+04 1.2190e-03 6.2791e-01 1.2923e+04 1.5753e+01 1.5794e+00
7.3529e+01 1.2916e+04 1.2003e-03 6.2066e-01 1.2916e+04 1.5503e+01 1.5609e+00
7.3922e+01 1.2910e+04 1.1811e-03 6.1320e-01 1.2910e+04 1.5248e+01 1.5420e+00
7.4314e+01 1.2903e+04 1.1615e-03 6.0554e-01 1.2903e+04 1.4986e+01 1.5225e+00
7.4706e+01 1.2896e+04 1.1414e-03 5.9766e-01 1.2896e+04 1.4719e+01 1.5025e+00
7.5098e+01 1.2888e+04 1.1208e-03 5.8956e-01 1.2888e+04 1.4446e+01 1.4820e+00
7.5490e+01 1.2881e+04 1.0998e-03 5.8125e-01 1.2881e+04 1.4167e+01 1.4609e+00
7.5882e+01 1.2873e+04 1.0783e-03 5.7271e-01 1.2873e+04 1.3882e+01 1.4393e+00
7.6275e+01 1.2865e+04 1.0563e-03 5.6394e-01 1.2865e+04 1.3590e+01 1.4170e+00
7.6667e+01 1.2857e+04 1.0339e-03 5.5494e-01 1.2857e+04 1.3293e+01 1.3942e+00
7.7059e+01 1.2849e+04 1.0109e-03 5.4570e-01 1.2849e+04 1.2990e+01 1.3708e+00
7.7451e+01 1.2841e+04 9.8751e-04 5.3621e-01 1.2841e+04 1.2681e+01 1.3468e+00
7.7843e+01 1.2832e+04 9.6358e-04 5.2648e-01 1.2832e+04 1.2365e+01 1.3222e+00
7.8235e+01 1.2824e+04 9.3914e-04 5.1649e-01 1.2824e+04 1.2043e+01 1.2969e+00
7.8627e+01 1.2815e+04 9.1419e-04 5.0625e-01 1.2815e+04 1.1715e+01 1.2710e+00
7.9020e+01 1.2806e+04 8.8873e-04 4.9574e-01 1.2806e+04 1.1381e+01 1.2444e+00
7.9412e+01 1.2796e+04 8.6274e-04 4.8496e-01 1.2796e+04 1.1040e+01 1.2172e+00
7.9804e+01 1.2787e+04 8.3621e-04 4.7390e-01 1.2787e+04 1.0692e+01 1.1892e+00
8.0196e+01 1.2777e+04 8.0915e-04 4.6256e-01 1.2777e+04 1.0339e+01 1.1606e+00
8.0588e+01 1.2767e+04 7.8154e-04 4.5093e-01 1.2767e+04 9.9782e+00 1.1312e+00
8.0980e+01 1.2757e+04 7.5337e-04 4.3900e-01 1.2757e+04 9.6110e+00 1.1011e+00
8.1373e+01 1.2747e+04 7.2464e-04 4.2677e-01 1.2747e+04 9.2370e+00 1.0703e+00
8.1765e+01 1.2737e+04 6.9533e-04 4.1422e-01 1.2737e+04 8.8562e+00 1.0386e+00
8.2157e+01 1.2726e+04 6.6543e-04 4.0136e-01 1.2726e+04 8.4684e+00 1.0062e+00
8.2549e+01 1.2715e+04 6.3494e-04 3.8816e-01 1.2715e+04 8.0735e+00 9.7297e-01
8.2941e+01 1.2704e+04 6.0384e-04 3.7463e-01 1.2704e+04 7.6715e+00 9.3889e-01
8.3333e+01 1.2693e+04 5.7213e-04 3.6075e-01 1.2693e+04 7.2622e+00 9.0396e-01
8.3725e+01 1.2682e+04 5.3978e-04 3.4652e-01 1.2682e+04 6.8456e+00 8.6814e-01
8.4118e+01 1.2671e+04 5.0680e-04 3.3192e-01 1.2671e+04 6.4215e+00 8.3143e-01
8.4510e+01 1.2659e+04 4.7317e-04 3.1695e-01 1.2659e+04 5.9899e+00 7.9380e-01
8.4902e+01 1.2647e+04 4.3888e-04 3.0160e-01 1.2647e+04 5.5505e+00 7.5521e-01
8.5294e+01 1.2635e+04 4.0390e-04 2.8585e-01 1.2635e+04 5.1034e+00 7.1566e-01
8.5686e+01 1.2623e+04 3.6824e-04 2.6970e-01 1.2623e+04 4.6483e+00 6.7510e-01
8.6078e+01 1.2611e+04 3.3189e-04 2.5313e-01 1.2611e+04 4.1853e+00 6.3353e-01
8.6471e+01 1.2598e+04 2.9483e-04 2.3615e-01 1.2598e+04 3.7142e+00 5.9091e-01
8.6863e+01 1.2585e+04 2.5709e-04 2.1874e-01 1.2585e+04 3.2355e+00 5.4727e-01
8.7255e+01 1.2572e+04 2.1877e-04 2.0097e-01 1.2572e+04 2.7505e+00 5.0272e-01
8.7647e+01 1.2559e+04 1.8018e-04 1.8295e-01 1.2559e+04 2.2630e+00 4.5758e-01
8.8039e+01 1.2547e+04 1.4201e-04 1.6504e-01 1.2547e+04 1.7817e+00 4.1272e-01
8.8431e+01 1.2535e+04 1.0560e-04 1.4790e-01 1.2535e+04 1.3236e+00 3.6983e-01
8.8824e+01 1.2524e+04 7.2970e-05 1.3261e-01 1.2524e+04 9.1389e-01 3.3155e-01
8.9216e+01 1.2516e+04 4.6285e-05 1.2026e-01 1.2516e+04 5.7928e-01 3.0066e-01
8.9608e+01 1.2509e+04 2.6828e-05 1.1147e-01 1.2509e+04 3.3559e-01 2.7867e-01
9.0000e+01 1.2505e+04 1.4303e-05 1.0598e-01 1.2505e+04 1.7885e-01 2.6495e-01
9.0392e+01 1.2502e+04 7.1294e-06 1.0293e-01 1.2502e+04 8.9136e-02 2.5733e-01
9.0784e+01 1.2501e+04 3.3914e-06 1.0138e-01 1.2501e+04 4.2396e-02 2.5345e-01
9.1176e+01 1.2501e+04 1.5676e-06 1.0063e-01 1.2501e+04 1.9596e-02 2.5159e-01
9.1569e+01 1.2500e+04 7.1301e-07 1.0029e-01 1.2500e+04 8.9128e-03 2.5072e-01
9.1961e+01 1.2500e+04 3.2145e-07 1.0013e-01 1.2500e+04 4.0182e-03 2.5032e-01
9.2353e+01 1.2500e+04 1.4419e-07 1.0006e-01 1.2500e+04 1.8024e-03 2.5015e-01
9.2745e+01 1.2500e+04 6.4469e-08 1.0003e-01 1.2500e+04 8.0587e-04 2.5007e-01
9.3137e+01 1.2500e+04 2.8755e-08 1.0001e-01 1.2500e+04 3.5944e-04 2.5003e-01
9.3529e+01 1.2500e+04 1.2800e-08 1.0001e-01 1.2500e+04 1.5999e-04 2.5001e-01
9.3922e+01 1.2500e+04 5.6868e-09 1.0000e-01 1.2500e+04 7.1084e-05 2.5001e-01
9.4314e+01 1.2500e+04 2.5220e-09 1.0000e-01 1.2500e+04 3.1525e-05 2.5000e-01
9.4706e+01 1.2500e+04 1.1165e-09 1.0000e-01 1.2500e+04 1.3957e-05 2.5000e-01
9.5098e+01 1.2500e+04 4.9342e-10 1.0000e-01 1.2500e+04 6.1677e-06 2.5000e-01
9.5490e+01 1.2500e+04 2.1767e-10 1.0000e-01 1.2500e+04 2.7208e-06 2.5000e-01
9.5882e+01 1.2500e+04 9.5852e-11 1.0000e-01 1.2500e+04 1.1981e-06 2.5000e-01
9.6275e+01 1.2500e+04 4.2134e-11 1.0000e-01 1.2500e+04 5.2667e-07 2.5000e-01
9.6667e+01 1.2500e+04 1.8488e-11 1.0000e-01 1.2500e+04 2.3110e-07 2.5000e-01
9.7059e+01 1.2500e+04 8.0976e-12 1.0000e-01 1.2500e+04 1.0122e-07 2.5000e-01
9.7451e+01 1.2500e+04 3.5403e-12 1.0000e-01 1.2500e+04 4.4254e-08 2.5000e-01
9.7843e+01 1.2500e+04 1.5451e-12 1.0000e-01 1.2500e+04 1.9313e-08 2.5000e-01
9.8235e+01 1.2500e+04 6.7314e-13 1.0000e-01 1.2500e+04 8.4143e-09 2.5000e-01
9.8627e+01 1.2500e+04 2.9291e-13 1.0000e-01 1.2500e+04 3.6614e-09 2.5000e-01
9.9020e+01 1.2500e+04 1.2762e-13 1.0000e-01 1.2500e+04 1.5953e-09 2.5000e-01
9.9412e+01 1.2500e+04 5.6329e-14 1.0000e-01 1.2500e+04 7.0411e-10 2.5000e-01
9.9804e+01 1.2500e+04 2.7526e-14 1.0000e-01 1.2500e+04 3.4407e-10 2.5000e-01
