# # x Density Velocity Pressure q0 q1 q2
1.9608e-01 1.0000e+05 0.0000e+00 1.0000e+00 1.0000e+05 0.0000e+00 2.5000e+00
5.8824e-01 1.0000e+05 0.0000e+00 1.0000e+00 1.0000e+05 0.0000e+00 2.5000e+00
9.8039e-01 1.0000e+05 0.0000e+00 1.0000e+00 1.0000e+05 0.0000e+00 2.5000e+00
1.3725e+00 1.0000e+05 0.0000e+00 1.0000e+00 1.0000e+05 0.0000e+00 2.5000e+00
1.7647e+00 1.0000e+05 0.0000e+00 1.0000e+00 1.0000e+05 0.0000e+00 2.5000e+00
2.1569e+00 1.0000e+05 0.0000e+00 1.0000e+00 1.0000e+05 0.0000e+00 2.5000e+00
2.5490e+00 1.0000e+05 3.8389e-19 1.0000e+00 1.0000e+05 3.8389e-14 2.5000e+00
2.9412e+00 1.0000e+05 2.1887e-18 1.0000e+00 1.0000e+05 2.1887e-13 2.5000e+00
3.3333e+00 1.0000e+05 5.9937e-18 1.0000e+00 1.0000e+05 5.9937e-13 2.5000e+00
3.7255e+00 1.0000e+05 1.1774e-17 1.0000e+00 1.0000e+05 1.1774e-12 2.5000e+00
4.1176e+00 1.0000e+05 1.9545e-17 1.0000e+00 1.0000e+05 1.9545e-12 2.5000e+00
4.5098e+00 1.0000e+05 3.0129e-17 1.0000e+00 1.0000e+05 3.0129e-12 2.5000e+00
4.9020e+00 1.0000e+05 4.5663e-17 1.0000e+00 1.0000e+05 4.5663e-12 2.5000e+00
5.2941e+00 1.0000e+05 6.8788e-17 1.0000e+00 1.0000e+05 6.8788e-12 2.5000e+00
5.6863e+00 1.0000e+05 1.0467e-16 1.0000e+00 1.0000e+05 1.0467e-11 2.5000e+00
6.0784e+00 1.0000e+05 1.6200e-16 1.0000e+00 1.0000e+05 1.6200e-11 2.5000e+00
6.4706e+00 1.0000e+05 2.5366e-16 1.0000e+00 1.0000e+05 2.5366e-11 2.5000e+00
6.8627e+00 1.0000e+05 4.0068e-16 1.0000e+00 1.0000e+05 4.0068e-11 2.5000e+00
7.2549e+00 1.0000e+05 6.3611e-16 1.0000e+00 1.0000e+05 6.3611e-11 2.5000e+00
7.6471e+00 1.0000e+05 1.0117e-15 1.0000e+00 1.0000e+05 1.0117e-10 2.5000e+00
8.0392e+00 1.0000e+05 1.6099e-15 1.0000e+00 1.0000e+05 1.6099e-10 2.5000e+00
8.4314e+00 1.0000e+05 2.5591e-15 1.0000e+00 1.0000e+05 2.5591e-10 2.5000e+00
8.8235e+00 1.0000e+05 4.0578e-15 1.0000e+00 1.0000e+05 4.0578e-10 2.5000e+00
9.2157e+00 1.0000e+05 6.4119e-15 1.0000e+00 1.0000e+05 6.4119e-10 2.5000e+00
9.6078e+00 1.0000e+05 1.0096e-14 1.0000e+00 1.0000e+05 1.0096e-09 2.5000e+00
1.0000e+01 1.0000e+05 1.5835e-14 1.0000e+00 1.0000e+05 1.5835e-09 2.5000e+00
1.0392e+01 1.0000e+05 2.4738e-14 1.0000e+00 1.0000e+05 2.4738e-09 2.5000e+00
1.0784e+01 1.0000e+05 3.8488e-14 1.0000e+00 1.0000e+05 3.8488e-09 2.5000e+00
1.1176e+01 1.0000e+05 5.9633e-14 1.0000e+00 1.0000e+05 5.9633e-09 2.5000e+00
1.1569e+01 1.0000e+05 9.2010e-14 1.0000e+00 1.0000e+05 9.2010e-09 2.5000e+00
1.1961e+01 1.0000e+05 1.4137e-13 1.0000e+00 1.0000e+05 1.4137e-08 2.5000e+00
1.2353e+01 1.0000e+05 2.1628e-13 1.0000e+00 1.0000e+05 2.1628e-08 2.5000e+00
1.2745e+01 1.0000e+05 3.2948e-13 1.0000e+00 1.0000e+05 3.2948e-08 2.5000e+00
1.3137e+01 1.0000e+05 4.9980e-13 1.0000e+00 1.0000e+05 4.9980e-08 2.5000e+00
1.3529e+01 1.0000e+05 7.5493e-13 1.0000e+00 1.0000e+05 7.5493e-08 2.5000e+00
1.3922e+01 1.0000e+05 1.1354e-12 1.0000e+00 1.0000e+05 1.1354e-07 2.5000e+00
1.4314e+01 1.0000e+05 1.7004e-12 1.0000e+00 1.0000e+05 1.7004e-07 2.5000e+00
1.4706e+01 1.0000e+05 2.5356e-12 1.0000e+00 1.0000e+05 2.5356e-07 2.5000e+00
1.5098e+01 1.0000e+05 3.7647e-12 1.0000e+00 1.0000e+05 3.7647e-07 2.5000e+00
1.5490e+01 1.0000e+05 5.5658e-12 1.0000e+00 1.0000e+05 5.5658e-07 2.5000e+00
1.5882e+01 1.0000e+05 8.1930e-12 1.0000e+00 1.0000e+05 8.1930e-07 2.5000e+00
1.6275e+01 1.0000e+05 1.2009e-11 1.0000e+00 1.0000e+05 1.2009e-06 2.5000e+00
1.6667e+01 1.0000e+05 1.7525e-11 1.0000e+00 1.0000e+05 1.7525e-06 2.5000e+00
1.7059e+01 1.0000e+05 2.5466e-11 1.0000e+00 1.0000e+05 2.5466e-06 2.5000e+00
1.7451e+01 1.0000e+05 3.6845e-11 1.0000e+00 1.0000e+05 3.6845e-06 2.5000e+00
1.7843e+01 1.0000e+05 5.3079e-11 1.0000e+00 1.0000e+05 5.3079e-06 2.5000e+00
1.8235e+01 1.0000e+05 7.6134e-11 1.0000e+00 1.0000e+05 7.6134e-06 2.5000e+00
1.8627e+01 1.0000e+05 1.0873e-10 1.0000e+00 1.0000e+05 1.0873e-05 2.5000e+00
1.9020e+01 1.0000e+05 1.5461e-10 1.0000e+00 1.0000e+05 1.5461e-05 2.5000e+00
1.9412e+01 1.0000e+05 2.1890e-10 1.0000e+00 1.0000e+05 2.1890e-05 2.5000e+00
1.9804e+01 1.0000e+05 3.0858e-10 1.0000e+00 1.0000e+05 3.0858e-05 2.5000e+00
2.0196e+01 1.0000e+05 4.3311e-10 1.0000e+00 1.0000e+05 4.3311e-05 2.5000e+00
2.0588e+01 1.0000e+05 6.0526e-10 1.0000e+00 1.0000e+05 6.0526e-05 2.5000e+00
2.0980e+01 1.0000e+05 8.4216e-10 1.0000e+00 1.0000e+05 8.4216e-05 2.5000e+00
2.1373e+01 1.0000e+05 1.1667e-09 1.0000e+00 1.0000e+05 1.1667e-04 2.5000e+00
2.1765e+01 1.0000e+05 1.6093e-09 1.0000e+00 1.0000e+05 1.6093e-04 2.5000e+00
2.2157e+01 1.0000e+05 2.2101e-09 1.0000e+00 1.0000e+05 2.2101e-04 2.5000e+00
2.2549e+01 1.0000e+05 3.0220e-09 9.9999e-01 1.0000e+05 3.0220e-04 2.5000e+00
2.2941e+01 1.0000e+05 4.1142e-09 9.9999e-01 1.0000e+05 4.1142e-04 2.5000e+00
2.3333e+01 1.0000e+05 5.5768e-09 9.9999e-01 1.0000e+05 5.5768e-04 2.5000e+00
2.3725e+01 1.0000e+05 7.5266e-09 9.9999e-01 1.0000e+05 7.5266e-04 2.5000e+00
2.4118e+01 1.0000e+05 1.0114e-08 9.9998e-01 1.0000e+05 1.0114e-03 2.5000e+00
2.4510e+01 1.0000e+05 1.3531e-08 9.9997e-01 1.0000e+05 1.3531e-03 2.4999e+00
2.4902e+01 1.0000e+05 1.8025e-08 9.9997e-01 1.0000e+05 1.8025e-03 2.4999e+00
2.5294e+01 1.0000e+05 2.3907e-08 9.9996e-01 1.0000e+05 2.3907e-03 2.4999e+00
2.5686e+01 1.0000e+05 3.1571e-08 9.9994e-01 1.0000e+05 3.1571e-03 2.4999e+00
2.6078e+01 1.0000e+05 4.1510e-08 9.9992e-01 1.0000e+05 4.1510e-03 2.4998e+00
2.6471e+01 1.0000e+05 5.4343e-08 9.9990e-01 1.0000e+05 5.4342e-03 2.4998e+00
2.6863e+01 1.0000e+05 7.0834e-08 9.9988e-01 1.0000e+05 7.0834e-03 2.4997e+00
2.7255e+01 9.9999e+04 9.1931e-08 9.9984e-01 9.9999e+04 9.1931e-03 2.4996e+00
2.7647e+01 9.9999e+04 1.1880e-07 9.9980e-01 9.9999e+04 1.1880e-02 2.4995e+00
2.8039e+01 9.9999e+04 1.5285e-07 9.9974e-01 9.9999e+04 1.5285e-02 2.4994e+00
2.8431e+01 9.9999e+04 1.9582e-07 9.9967e-01 9.9999e+04 1.9582e-02 2.4992e+00
2.8824e+01 9.9998e+04 2.4979e-07 9.9959e-01 9.9998e+04 2.4979e-02 2.4990e+00
2.9216e+01 9.9998e+04 3.1727e-07 9.9949e-01 9.9998e+04 3.1727e-02 2.4987e+00
2.9608e+01 9.9997e+04 4.0126e-07 9.9936e-01 9.9997e+04 4.0125e-02 2.4984e+00
3.0000e+01 9.9997e+04 5.0531e-07 9.9920e-01 9.9997e+04 5.0530e-02 2.4980e+00
3.0392e+01 9.9996e+04 6.3363e-07 9.9902e-01 9.9996e+04 6.3361e-02 2.4975e+00
3.0784e+01 9.9995e+04 7.9117e-07 9.9879e-01 9.9995e+04 7.9113e-02 2.4970e+00
3.1176e+01 9.9994e+04 9.8369e-07 9.9852e-01 9.9994e+04 9.8362e-02 2.4963e+00
3.1569e+01 9.9992e+04 1.2179e-06 9.9819e-01 9.9992e+04 1.2178e-01 2.4955e+00
3.1961e+01 9.9990e+04 1.5015e-06 9.9781e-01 9.9990e+04 1.5014e-01 2.4945e+00
3.2353e+01 9.9987e+04 1.8434e-06 9.9735e-01 9.9987e+04 1.8432e-01 2.4934e+00
3.2745e+01 9.9984e+04 2.2537e-06 9.9681e-01 9.9984e+04 2.2534e-01 2.4920e+00
3.3137e+01 9.9981e+04 2.7439e-06 9.9618e-01 9.9981e+04 2.7434e-01 2.4904e+00
3.3529e+01 9.9976e+04 3.3269e-06 9.9544e-01 9.9976e+04 3.3262e-01 2.4886e+00
3.3922e+01 9.9971e+04 4.0172e-06 9.9458e-01 9.9971e+04 4.0161e-01 2.4865e+00
3.4314e+01 9.9965e+04 4.8309e-06 9.9359e-01 9.9965e+04 4.8292e-01 2.4840e+00
3.4706e+01 9.9957e+04 5.7857e-06 9.9245e-01 9.9957e+04 5.7832e-01 2.4811e+00
3.5098e+01 9.9948e+04 6.9012e-06 9.9114e-01 9.9948e+04 6.8976e-01 2.4779e+00
3.5490e+01 9.9937e+04 8.1986e-06 9.8966e-01 9.9937e+04 8.1935e-01 2.4741e+00
3.5882e+01 9.9924e+04 9.7012e-06 9.8797e-01 9.9924e+04 9.6938e-01 2.4699e+00
3.6275e+01 9.9910e+04 1.1434e-05 9.8606e-01 9.9910e+04 1.1423e+00 2.4652e+00
3.6667e+01 9.9892e+04 1.3422e-05 9.8392e-01 9.9892e+04 1.3408e+00 2.4598e+00
3.7059e+01 9.9872e+04 1.5696e-05 9.8153e-01 9.9872e+04 1.5676e+00 2.4538e+00
3.7451e+01 9.9849e+04 1.8284e-05 9.7887e-01 9.9849e+04 1.8256e+00 2.4472e+00
3.7843e+01 9.9822e+04 2.1216e-05 9.7592e-01 9.9822e+04 2.1178e+00 2.4398e+00
3.8235e+01 9.9791e+04 2.4526e-05 9.7267e-01 9.9791e+04 2.4475e+00 2.4317e+00
3.8627e+01 9.9755e+04 2.8246e-05 9.6911e-01 9.9755e+04 2.8177e+00 2.4228e+00
3.9020e+01 9.9714e+04 3.2409e-05 9.6521e-01 9.9714e+04 3.2317e+00 2.4131e+00
3.9412e+01 9.9668e+04 3.7050e-05 9.6097e-01 9.9668e+04 3.6927e+00 2.4025e+00
3.9804e+01 9.9616e+04 4.2202e-05 9.5639e-01 9.9616e+04 4.2040e+00 2.3911e+00
4.0196e+01 9.9557e+04 4.7897e-05 9.5145e-01 9.9557e+04 4.7685e+00 2.3787e+00
4.0588e+01 9.9491e+04 5.4170e-05 9.4615e-01 9.9491e+04 5.3894e+00 2.3655e+00
4.0980e+01 9.9417e+04 6.1050e-05 9.4049e-01 9.9417e+04 6.0694e+00 2.3514e+00
4.1373e+01 9.9334e+04 6.8567e-05 9.3447e-01 9.9334e+04 6.8111e+00 2.3364e+00
4.1765e+01 9.9242e+04 7.6749e-05 9.2811e-01 9.9242e+04 7.6168e+00 2.3206e+00
4.2157e+01 9.9141e+04 8.5620e-05 9.2140e-01 9.9141e+04 8.4884e+00 2.3039e+00
4.2549e+01 9.9029e+04 9.5201e-05 9.1436e-01 9.9029e+04 9.4276e+00 2.2864e+00
4.2941e+01 9.8906e+04 1.0551e-04 9.0702e-01 9.8906e+04 1.0436e+01 2.2681e+00
4.3333e+01 9.8771e+04 1.1656e-04 8.9938e-01 9.8771e+04 1.1513e+01 2.2491e+00
4.3725e+01 9.8623e+04 1.2838e-04 8.9149e-01 9.8623e+04 1.2661e+01 2.2295e+00
4.4118e+01 9.8462e+04 1.4091e-04 8.8333e-01 9.8462e+04 1.3874e+01 2.2093e+00
4.4510e+01 9.8292e+04 1.5435e-04 8.7503e-01 9.8292e+04 1.5171e+01 2.1887e+00
4.4902e+01 9.8093e+04 1.6800e-04 8.6636e-01 9.8093e+04 1.6479e+01 2.1673e+00
4.5294e+01 9.7927e+04 1.8414e-04 8.5815e-01 9.7927e+04 1.8032e+01 2.1470e+00
4.5686e+01 9.7606e+04 1.9594e-04 8.4810e-01 9.7606e+04 1.9125e+01 2.1221e+00
4.6078e+01 9.7639e+04 2.2162e-04 8.4248e-01 9.7639e+04 2.1639e+01 2.1086e+00
4.6471e+01 9.6800e+04 2.1743e-04 8.2650e-01 9.6800e+04 2.1047e+01 2.0685e+00
4.6863e+01 9.7679e+04 2.7530e-04 8.3121e-01 9.7679e+04 2.6891e+01 2.0817e+00
4.7255e+01 9.5555e+04 2.2795e-04 8.0062e-01 9.5555e+04 2.1782e+01 2.0040e+00
4.7647e+01 9.7658e+04 3.3073e-04 8.1974e-01 9.7658e+04 3.2299e+01 2.0547e+00
4.8039e+01 9.5018e+04 2.6938e-04 7.8465e-01 9.5018e+04 2.5596e+01 1.9651e+00
4.8431e+01 9.6136e+04 3.3938e-04 7.9251e-01 9.6136e+04 3.2627e+01 1.9868e+00
4.8824e+01 9.5777e+04 3.4569e-04 7.7978e-01 9.5777e+04 3.3110e+01 1.9552e+00
4.9216e+01 9.0852e+04 3.7212e-04 7.7377e-01 9.0852e+04 3.3808e+01 1.9407e+00
4.9608e+01 1.2004e+05 3.7621e-04 7.5964e-01 1.2004e+05 4.5161e+01 1.9076e+00
5.0000e+01 3.6745e+04 3.9714e-04 7.5657e-01 3.6745e+04 1.4593e+01 1.8943e+00
5.0392e+01 1.3120e+04 4.4162e-04 7.5743e-01 1.3120e+04 5.7941e+00 1.8948e+00
5.0784e+01 9.3232e+03 5.0096e-04 7.5389e-01 9.3232e+03 4.6705e+00 1.8859e+00
5.1176e+01 9.4838e+03 5.8073e-04 7.4980e-01 9.4838e+03 5.5076e+00 1.8761e+00
5.1569e+01 1.0002e+04 7.3041e-04 7.5464e-01 1.0002e+04 7.3053e+00 1.8893e+00
5.1961e+01 1.0657e+04 8.6015e-04 7.5942e-01 1.0657e+04 9.1666e+00 1.9025e+00
5.2353e+01 1.0970e+04 8.8537e-04 7.5494e-01 1.0970e+04 9.7128e+00 1.8917e+00
5.2745e+01 1.1251e+04 8.8503e-04 7.4872e-01 1.1251e+04 9.9579e+00 1.8762e+00
5.3137e+01 1.1447e+04 9.4035e-04 7.4949e-01 1.1447e+04 1.0764e+01 1.8788e+00
5.3529e+01 1.1716e+04 1.0418e-03 7.5603e-01 1.1716e+04 1.2206e+01 1.8964e+00
5.3922e+01 1.1896e+04 1.1247e-03 7.6121e-01 1.1896e+04 1.3379e+01 1.9106e+00
5.4314e+01 1.2022e+04 1.1548e-03 7.6098e-01 1.2022e+04 1.3884e+01 1.9105e+00
5.4706e+01 1.2060e+04 1.1416e-03 7.5632e-01 1.2060e+04 1.3768e+01 1.8987e+00
5.5098e+01 1.2105e+04 1.1254e-03 7.5008e-01 1.2105e+04 1.3622e+01 1.8829e+00
5.5490e+01 1.2189e+04 1.1540e-03 7.4955e-01 1.2189e+04 1.4066e+01 1.8820e+00
5.5882e+01 1.2347e+04 1.2420e-03 7.5632e-01 1.2347e+04 1.5336e+01 1.9003e+00
5.6275e+01 1.2534e+04 1.3593e-03 7.6700e-01 1.2534e+04 1.7037e+01 1.9291e+00
5.6667e+01 1.2710e+04 1.4690e-03 7.7730e-01 1.2710e+04 1.8670e+01 1.9570e+00
5.7059e+01 1.2839e+04 1.5487e-03 7.8444e-01 1.2839e+04 1.9884e+01 1.9765e+00
5.7451e+01 1.2920e+04 1.5944e-03 7.8778e-01 1.2920e+04 2.0600e+01 1.9859e+00
5.7843e+01 1.2961e+04 1.6140e-03 7.8815e-01 1.2961e+04 2.0918e+01 1.9872e+00
5.8235e+01 1.2979e+04 1.6186e-03 7.8684e-01 1.2979e+04 2.1009e+01 1.9841e+00
5.8627e+01 1.2988e+04 1.6172e-03 7.8490e-01 1.2988e+04 2.1003e+01 1.9792e+00
5.9020e+01 1.2993e+04 1.6139e-03 7.8276e-01 1.2993e+04 2.0969e+01 1.9738e+00
5.9412e+01 1.2997e+04 1.6099e-03 7.8053e-01 1.2997e+04 2.0924e+01 1.9682e+00
5.9804e+01 1.3000e+04 1.6056e-03 7.7821e-01 1.3000e+04 2.0872e+01 1.9623e+00
6.0196e+01 1.3003e+04 1.6008e-03 7.7580e-01 1.3003e+04 2.0815e+01 1.9562e+00
6.0588e+01 1.3005e+04 1.5956e-03 7.7331e-01 1.3005e+04 2.0751e+01 1.9498e+00
6.0980e+01 1.3007e+04 1.5900e-03 7.7072e-01 1.3007e+04 2.0682e+01 1.9432e+00
6.1373e+01 1.3009e+04 1.5840e-03 7.6805e-01 1.3009e+04 2.0607e+01 1.9364e+00
6.1765e+01 1.3010e+04 1.5777e-03 7.6528e-01 1.3010e+04 2.0526e+01 1.9294e+00
6.2157e+01 1.3011e+04 1.5709e-03 7.6241e-01 1.3011e+04 2.0440e+01 1.9221e+00
6.2549e+01 1.3012e+04 1.5638e-03 7.5944e-01 1.3012e+04 2.0348e+01 1.9145e+00
6.2941e+01 1.3012e+04 1.5563e-03 7.5637e-01 1.3012e+04 2.0251e+01 1.9067e+00
6.3333e+01 1.3012e+04 1.5484e-03 7.5319e-01 1.3012e+04 2.0148e+01 1.8986e+00
6.3725e+01 1.3011e+04 1.5402e-03 7.4989e-01 1.3011e+04 2.0040e+01 1.8902e+00
6.4118e+01 1.3011e+04 1.5315e-03 7.4649e-01 1.3011e+04 1.9926e+01 1.8815e+00
6.4510e+01 1.3010e+04 1.5225e-03 7.4296e-01 1.3010e+04 1.9807e+01 1.8725e+00
6.4902e+01 1.3008e+04 1.5130e-03 7.3932e-01 1.3008e+04 1.9682e+01 1.8632e+00
6.5294e+01 1.3007e+04 1.5032e-03 7.3555e-01 1.3007e+04 1.9552e+01 1.8536e+00
6.5686e+01 1.3005e+04 1.4930e-03 7.3165e-01 1.3005e+04 1.9416e+01 1.8436e+00
6.6078e+01 1.3003e+04 1.4824e-03 7.2762e-01 1.3003e+04 1.9275e+01 1.8333e+00
6.6471e+01 1.3000e+04 1.4714e-03 7.2345e-01 1.3000e+04 1.9128e+01 1.8227e+00
6.6863e+01 1.2998e+04 1.4600e-03 7.1915e-01 1.2998e+04 1.8976e+01 1.8117e+00
6.7255e+01 1.2995e+04 1.4481e-03 7.1470e-01 1.2995e+04 1.8818e+01 1.8004e+00
6.7647e+01 1.2992e+04 1.4359e-03 7.1011e-01 1.2992e+04 1.8655e+01 1.7887e+00
6.8039e+01 1.2988e+04 1.4233e-03 7.0536e-01 1.2988e+04 1.8486e+01 1.7766e+00
6.8431e+01 1.2985e+04 1.4102e-03 7.0046e-01 1.2985e+04 1.8311e+01 1.7641e+00
6.8824e+01 1.2981e+04 1.3968e-03 6.9541e-01 1.2981e+04 1.8131e+01 1.7512e+00
6.9216e+01 1.2977e+04 1.3829e-03 6.9019e-01 1.2977e+04 1.7945e+01 1.7379e+00
6.9608e+01 1.2972e+04 1.3686e-03 6.8481e-01 1.2972e+04 1.7754e+01 1.7242e+00
7.0000e+01 1.2968e+04 1.3539e-03 6.7926e-01 1.2968e+04 1.7557e+01 1.7100e+00
7.0392e+01 1.2963e+04 1.3387e-03 6.7353e-01 1.2963e+04 1.7354e+01 1.6954e+00
7.0784e+01 1.2958e+04 1.3231e-03 6.6763e-01 1.2958e+04 1.7145e+01 1.6804e+00
7.1176e+01 1.2953e+04 1.3071e-03 6.6156e-01 1.2953e+04 1.6931e+01 1.6650e+00
7.1569e+01 1.2947e+04 1.2907e-03 6.5529e-01 1.2947e+04 1.6711e+01 1.6490e+00
7.1961e+01 1.2942e+04 1.2738e-03 6.4885e-01 1.2942e+04 1.6485e+01 1.6326e+00
7.2353e+01 1.2936e+04 1.2565e-03 6.4221e-01 1.2936e+04 1.6253e+01 1.6157e+00
7.2745e+01 1.2930e+04 1.2387e-03 6.3538e-01 1.2930e+04 1.6016e+01 1.5984e+00
7.3137e+01 1.2923e+04 1.2205e-03 6.2835e-01 1.2923e+04 1.5772e+01 1.5805e+00
7.3529e+01 1.2917e+04 1.2018e-03 6.2112e-01 1.2917e+04 1.5523e+01 1.5621e+00
7.3922e+01 1.2910e+04 1.1827e-03 6.1368e-01 1.2910e+04 1.5268e+01 1.5432e+00
7.4314e+01 1.2903e+04 1.1631e-03 6.0604e-01 1.2903e+04 1.5008e+01 1.5238e+00
7.4706e+01 1.2896e+04 1.1430e-03 5.9818e-01 1.2896e+04 1.4741e+01 1.5039e+00
7.5098e+01 1.2889e+04 1.1225e-03 5.9011e-01 1.2889e+04 1.4468e+01 1.4834e+00
7.5490e+01 1.2882e+04 1.1015e-03 5.8181e-01 1.2882e+04 1.4190e+01 1.4624e+00
7.5882e+01 1.2874e+04 1.0801e-03 5.7330e-01 1.2874e+04 1.3905e+01 1.4408e+00
7.6275e+01 1.2866e+04 1.0582e-03 5.6455e-01 1.2866e+04 1.3614e+01 1.4186e+00
7.6667e+01 1.2858e+04 1.0357e-03 5.5557e-01 1.2858e+04 1.3318e+01 1.3958e+00
7.7059e+01 1.2850e+04 1.0129e-03 5.4636e-01 1.2850e+04 1.3015e+01 1.3725e+00
7.7451e+01 1.2842e+04 9.8947e-04 5.3690e-01 1.2842e+04 1.2706e+01 1.3485e+00
7.7843e+01 1.2833e+04 9.6559e-04 5.2719e-01 1.2833e+04 1.2392e+01 1.3240e+00
7.8235e+01 1.2824e+04 9.4120e-04 5.1723e-01 1.2824e+04 1.2070e+01 1.2988e+00
7.8627e+01 1.2815e+04 9.1631e-04 5.0702e-01 1.2815e+04 1.1743e+01 1.2729e+00
7.9020e+01 1.2806e+04 8.9090e-04 4.9654e-01 1.2806e+04 1.1409e+01 1.2464e+00
7.9412e+01 1.2797e+04 8.6496e-04 4.8579e-01 1.2797e+04 1.1069e+01 1.2193e+00
7.9804e+01 1.2788e+04 8.3850e-04 4.7476e-01 1.2788e+04 1.0722e+01 1.1914e+00
8.0196e+01 1.2778e+04 8.1149e-04 4.6345e-01 1.2778e+04 1.0369e+01 1.1628e+00
8.0588e+01 1.2768e+04 7.8394e-04 4.5185e-01 1.2768e+04 1.0010e+01 1.1336e+00
8.0980e+01 1.2758e+04 7.5583e-04 4.3996e-01 1.2758e+04 9.6431e+00 1.1035e+00
8.1373e+01 1.2748e+04 7.2716e-04 4.2776e-01 1.2748e+04 9.2699e+00 1.0728e+00
8.1765e+01 1.2738e+04 6.9791e-04 4.1525e-01 1.2738e+04 8.8898e+00 1.0412e+00
8.2157e+01 1.2727e+04 6.6808e-04 4.0242e-01 1.2727e+04 8.5028e+00 1.0089e+00
8.2549e+01 1.2716e+04 6.3766e-04 3.8927e-01 1.2716e+04 8.1087e+00 9.7575e-01
8.2941e+01 1.2706e+04 6.0663e-04 3.7577e-01 1.2706e+04 7.7075e+00 9.4177e-01
8.3333e+01 1.2694e+04 5.7498e-04 3.6194e-01 1.2694e+04 7.2991e+00 9.0694e-01
8.3725e+01 1.2683e+04 5.4271e-04 3.4775e-01 1.2683e+04 6.8833e+00 8.7124e-01
8.4118e+01 1.2672e+04 5.0981e-04 3.3320e-01 1.2672e+04 6.4601e+00 8.3463e-01
8.4510e+01 1.2660e+04 4.7625e-04 3.1827e-01 1.2660e+04 6.0294e+00 7.9711e-01
8.4902e+01 1.2648e+04 4.4203e-04 3.0296e-01 1.2648e+04 5.5910e+00 7.5865e-01
8.5294e+01 1.2636e+04 4.0714e-04 2.8726e-01 1.2636e+04 5.1448e+00 7.1921e-01
8.5686e+01 1.2624e+04 3.7157e-04 2.7116e-01 1.2624e+04 4.6907e+00 6.7878e-01
8.6078e+01 1.2612e+04 3.3529e-04 2.5465e-01 1.2612e+04 4.2286e+00 6.3733e-01
8.6471e+01 1.2599e+04 2.9832e-04 2.3771e-01 1.2599e+04 3.7585e+00 5.9485e-01
8.6863e+01 1.2586e+04 2.6066e-04 2.2036e-01 1.2586e+04 3.2808e+00 5.5134e-01
8.7255e+01 1.2574e+04 2.2241e-04 2.0263e-01 1.2574e+04 2.7965e+00 5.0689e-01
8.7647e+01 1.2561e+04 1.8385e-04 1.8464e-01 1.2561e+04 2.3092e+00 4.6182e-01
8.8039e+01 1.2548e+04 1.4560e-04 1.6671e-01 1.2548e+04 1.8270e+00 4.1691e-01
8.8431e+01 1.2536e+04 1.0896e-04 1.4948e-01 1.2536e+04 1.3660e+00 3.7377e-01
8.8824e+01 1.2525e+04 7.5889e-05 1.3396e-01 1.2525e+04 9.5052e-01 3.3494e-01
8.9216e+01 1.2516e+04 4.8562e-05 1.2130e-01 1.2516e+04 6.0781e-01 3.0325e-01
8.9608e+01 1.2510e+04 2.8396e-05 1.1216e-01 1.2510e+04 3.5523e-01 2.8041e-01
9.0000e+01 1.2505e+04 1.5256e-05 1.0639e-01 1.2505e+04 1.9078e-01 2.6597e-01
9.0392e+01 1.2503e+04 7.6494e-06 1.0315e-01 1.2503e+04 9.5638e-02 2.5787e-01
9.0784e+01 1.2501e+04 3.6529e-06 1.0149e-01 1.2501e+04 4.5666e-02 2.5372e-01
9.1176e+01 1.2501e+04 1.6925e-06 1.0069e-01 1.2501e+04 2.1157e-02 2.5171e-01
9.1569e+01 1.2500e+04 7.7087e-07 1.0031e-01 1.2500e+04 9.6361e-03 2.5078e-01
9.1961e+01 1.2500e+04 3.4784e-07 1.0014e-01 1.2500e+04 4.3480e-03 2.5035e-01
9.2353e+01 1.2500e+04 1.5612e-07 1.0006e-01 1.2500e+04 1.9515e-03 2.5016e-01
9.2745e+01 1.2500e+04 6.9835e-08 1.0003e-01 1.2500e+04 8.7294e-04 2.5007e-01
9.3137e+01 1.2500e+04 3.1161e-08 1.0001e-01 1.2500e+04 3.8952e-04 2.5003e-01
9.3529e+01 1.2500e+04 1.3876e-08 1.0001e-01 1.2500e+04 1.7345e-04 2.5001e-01
9.3922e+01 1.2500e+04 6.1674e-09 1.0000e-01 1.2500e+04 7.7093e-05 2.5001e-01
9.4314e+01 1.2500e+04 2.7363e-09 1.0000e-01 1.2500e+04 3.4203e-05 2.5000e-01
9.4706e+01 1.2500e+04 1.2118e-09 1.0000e-01 1.2500e+04 1.5148e-05 2.5000e-01
9.5098e+01 1.2500e+04 5.3575e-10 1.0000e-01 1.2500e+04 6.6968e-06 2.5000e-01
9.5490e+01 1.2500e+04 2.3643e-10 1.0000e-01 1.2500e+04 2.9554e-06 2.5000e-01
9.5882e+01 1.2500e+04 1.0416e-10 1.0000e-01 1.2500e+04 1.3019e-06 2.5000e-01
9.6275e+01 1.2500e+04 4.5802e-11 1.0000e-01 1.2500e+04 5.7253e-07 2.5000e-01
9.6667e+01 1.2500e+04 2.0105e-11 1.0000e-01 1.2500e+04 2.5132e-07 2.5000e-01
9.7059e+01 1.2500e+04 8.8096e-12 1.0000e-01 1.2500e+04 1.1012e-07 2.5000e-01
9.7451e+01 1.2500e+04 3.8532e-12 1.0000e-01 1.2500e+04 4.8165e-08 2.5000e-01
9.7843e+01 1.2500e+04 1.6823e-12 1.0000e-01 1.2500e+04 2.1029e-08 2.5000e-01
9.8235e+01 1.2500e+04 7.3323e-13 1.0000e-01 1.2500e+04 9.1654e-09 2.5000e-01
9.8627e+01 1.2500e+04 3.1919e-13 1.0000e-01 1.2500e+04 3.9899e-09 2.5000e-01
9.9020e+01 1.2500e+04 1.3913e-13 1.0000e-01 1.2500e+04 1.7391e-09 2.5000e-01
9.9412e+01 1.2500e+04 6.1438e-14 1.0000e-01 1.2500e+04 7.6797e-10 2.5000e-01
9.9804e+01 1.2500e+04 3.0039e-14 1.0000e-01 1.2500e+04 3.7549e-10 2.5000e-01
