# # x Density Velocity Pressure q0 q1 q2
1.9608e-01 1.0000e+05 0.0000e+00 1.0000e+00 1.0000e+05 0.0000e+00 2.5000e+00
5.8824e-01 1.0000e+05 0.0000e+00 1.0000e+00 1.0000e+05 0.0000e+00 2.5000e+00
9.8039e-01 1.0000e+05 0.0000e+00 1.0000e+00 1.0000e+05 0.0000e+00 2.5000e+00
1.3725e+00 1.0000e+05 0.0000e+00 1.0000e+00 1.0000e+05 0.0000e+00 2.5000e+00
1.7647e+00 1.0000e+05 0.0000e+00 1.0000e+00 1.0000e+05 0.0000e+00 2.5000e+00
2.1569e+00 1.0000e+05 8.2101e-21 1.0000e+00 1.0000e+05 8.2101e-16 2.5000e+00
2.5490e+00 1.0000e+05 5.2545e-19 1.0000e+00 1.0000e+05 5.2545e-14 2.5000e+00
2.9412e+00 1.0000e+05 2.6366e-18 1.0000e+00 1.0000e+05 2.6366e-13 2.5000e+00
3.3333e+00 1.0000e+05 6.7416e-18 1.0000e+00 1.0000e+05 6.7416e-13 2.5000e+00
3.7255e+00 1.0000e+05 1.2832e-17 1.0000e+00 1.0000e+05 1.2832e-12 2.5000e+00
4.1176e+00 1.0000e+05 2.0937e-17 1.0000e+00 1.0000e+05 2.0937e-12 2.5000e+00
4.5098e+00 1.0000e+05 3.2104e-17 1.0000e+00 1.0000e+05 3.2104e-12 2.5000e+00
4.9020e+00 1.0000e+05 4.8590e-17 1.0000e+00 1.0000e+05 4.8590e-12 2.5000e+00
5.2941e+00 1.0000e+05 7.3104e-17 1.0000e+00 1.0000e+05 7.3104e-12 2.5000e+00
5.6863e+00 1.0000e+05 1.1153e-16 1.0000e+00 1.0000e+05 1.1153e-11 2.5000e+00
6.0784e+00 1.0000e+05 1.7289e-16 1.0000e+00 1.0000e+05 1.7289e-11 2.5000e+00
6.4706e+00 1.0000e+05 2.7091e-16 1.0000e+00 1.0000e+05 2.7091e-11 2.5000e+00
6.8627e+00 1.0000e+05 4.2802e-16 1.0000e+00 1.0000e+05 4.2802e-11 2.5000e+00
7.2549e+00 1.0000e+05 6.7942e-16 1.0000e+00 1.0000e+05 6.7942e-11 2.5000e+00
7.6471e+00 1.0000e+05 1.0801e-15 1.0000e+00 1.0000e+05 1.0801e-10 2.5000e+00
8.0392e+00 1.0000e+05 1.7177e-15 1.0000e+00 1.0000e+05 1.7177e-10 2.5000e+00
8.4314e+00 1.0000e+05 2.7282e-15 1.0000e+00 1.0000e+05 2.7282e-10 2.5000e+00
8.8235e+00 1.0000e+05 4.3217e-15 1.0000e+00 1.0000e+05 4.3217e-10 2.5000e+00
9.2157e+00 1.0000e+05 6.8221e-15 1.0000e+00 1.0000e+05 6.8221e-10 2.5000e+00
9.6078e+00 1.0000e+05 1.0730e-14 1.0000e+00 1.0000e+05 1.0730e-09 2.5000e+00
1.0000e+01 1.0000e+05 1.6813e-14 1.0000e+00 1.0000e+05 1.6813e-09 2.5000e+00
1.0392e+01 1.0000e+05 2.6237e-14 1.0000e+00 1.0000e+05 2.6237e-09 2.5000e+00
1.0784e+01 1.0000e+05 4.0777e-14 1.0000e+00 1.0000e+05 4.0777e-09 2.5000e+00
1.1176e+01 1.0000e+05 6.3114e-14 1.0000e+00 1.0000e+05 6.3114e-09 2.5000e+00
1.1569e+01 1.0000e+05 9.7278e-14 1.0000e+00 1.0000e+05 9.7278e-09 2.5000e+00
1.1961e+01 1.0000e+05 1.4930e-13 1.0000e+00 1.0000e+05 1.4930e-08 2.5000e+00
1.2353e+01 1.0000e+05 2.2818e-13 1.0000e+00 1.0000e+05 2.2818e-08 2.5000e+00
1.2745e+01 1.0000e+05 3.4726e-13 1.0000e+00 1.0000e+05 3.4726e-08 2.5000e+00
1.3137e+01 1.0000e+05 5.2623e-13 1.0000e+00 1.0000e+05 5.2623e-08 2.5000e+00
1.3529e+01 1.0000e+05 7.9404e-13 1.0000e+00 1.0000e+05 7.9404e-08 2.5000e+00
1.3922e+01 1.0000e+05 1.1930e-12 1.0000e+00 1.0000e+05 1.1930e-07 2.5000e+00
1.4314e+01 1.0000e+05 1.7849e-12 1.0000e+00 1.0000e+05 1.7849e-07 2.5000e+00
1.4706e+01 1.0000e+05 2.6590e-12 1.0000e+00 1.0000e+05 2.6590e-07 2.5000e+00
1.5098e+01 1.0000e+05 3.9441e-12 1.0000e+00 1.0000e+05 3.9441e-07 2.5000e+00
1.5490e+01 1.0000e+05 5.8252e-12 1.0000e+00 1.0000e+05 5.8252e-07 2.5000e+00
1.5882e+01 1.0000e+05 8.5668e-12 1.0000e+00 1.0000e+05 8.5668e-07 2.5000e+00
1.6275e+01 1.0000e+05 1.2544e-11 1.0000e+00 1.0000e+05 1.2544e-06 2.5000e+00
1.6667e+01 1.0000e+05 1.8290e-11 1.0000e+00 1.0000e+05 1.8290e-06 2.5000e+00
1.7059e+01 1.0000e+05 2.6553e-11 1.0000e+00 1.0000e+05 2.6553e-06 2.5000e+00
1.7451e+01 1.0000e+05 3.8382e-11 1.0000e+00 1.0000e+05 3.8382e-06 2.5000e+00
1.7843e+01 1.0000e+05 5.5242e-11 1.0000e+00 1.0000e+05 5.5242e-06 2.5000e+00
1.8235e+01 1.0000e+05 7.9166e-11 1.0000e+00 1.0000e+05 7.9166e-06 2.5000e+00
1.8627e+01 1.0000e+05 1.1296e-10 1.0000e+00 1.0000e+05 1.1296e-05 2.5000e+00
1.9020e+01 1.0000e+05 1.6048e-10 1.0000e+00 1.0000e+05 1.6048e-05 2.5000e+00
1.9412e+01 1.0000e+05 2.2702e-10 1.0000e+00 1.0000e+05 2.2702e-05 2.5000e+00
1.9804e+01 1.0000e+05 3.1974e-10 1.0000e+00 1.0000e+05 3.1974e-05 2.5000e+00
2.0196e+01 1.0000e+05 4.4839e-10 1.0000e+00 1.0000e+05 4.4839e-05 2.5000e+00
2.0588e+01 1.0000e+05 6.2609e-10 1.0000e+00 1.0000e+05 6.2609e-05 2.5000e+00
2.0980e+01 1.0000e+05 8.7041e-10 1.0000e+00 1.0000e+05 8.7041e-05 2.5000e+00
2.1373e+01 1.0000e+05 1.2048e-09 1.0000e+00 1.0000e+05 1.2048e-04 2.5000e+00
2.1765e+01 1.0000e+05 1.6605e-09 1.0000e+00 1.0000e+05 1.6605e-04 2.5000e+00
2.2157e+01 1.0000e+05 2.2786e-09 1.0000e+00 1.0000e+05 2.2786e-04 2.5000e+00
2.2549e+01 1.0000e+05 3.1132e-09 9.9999e-01 1.0000e+05 3.1132e-04 2.5000e+00
2.2941e+01 1.0000e+05 4.2351e-09 9.9999e-01 1.0000e+05 4.2351e-04 2.5000e+00
2.3333e+01 1.0000e+05 5.7363e-09 9.9999e-01 1.0000e+05 5.7363e-04 2.5000e+00
2.3725e+01 1.0000e+05 7.7359e-09 9.9998e-01 1.0000e+05 7.7359e-04 2.5000e+00
2.4118e+01 1.0000e+05 1.0387e-08 9.9998e-01 1.0000e+05 1.0387e-03 2.5000e+00
2.4510e+01 1.0000e+05 1.3887e-08 9.9997e-01 1.0000e+05 1.3887e-03 2.4999e+00
2.4902e+01 1.0000e+05 1.8485e-08 9.9997e-01 1.0000e+05 1.8485e-03 2.4999e+00
2.5294e+01 1.0000e+05 2.4500e-08 9.9995e-01 1.0000e+05 2.4500e-03 2.4999e+00
2.5686e+01 1.0000e+05 3.2330e-08 9.9994e-01 1.0000e+05 3.2330e-03 2.4999e+00
2.6078e+01 1.0000e+05 4.2479e-08 9.9992e-01 1.0000e+05 4.2479e-03 2.4998e+00
2.6471e+01 1.0000e+05 5.5573e-08 9.9990e-01 1.0000e+05 5.5573e-03 2.4998e+00
2.6863e+01 1.0000e+05 7.2388e-08 9.9987e-01 1.0000e+05 7.2388e-03 2.4997e+00
2.7255e+01 9.9999e+04 9.3886e-08 9.9984e-01 9.9999e+04 9.3885e-03 2.4996e+00
2.7647e+01 9.9999e+04 1.2124e-07 9.9979e-01 9.9999e+04 1.2124e-02 2.4995e+00
2.8039e+01 9.9999e+04 1.5590e-07 9.9974e-01 9.9999e+04 1.5590e-02 2.4993e+00
2.8431e+01 9.9999e+04 1.9960e-07 9.9967e-01 9.9999e+04 1.9960e-02 2.4992e+00
2.8824e+01 9.9998e+04 2.5445e-07 9.9958e-01 9.9998e+04 2.5445e-02 2.4990e+00
2.9216e+01 9.9998e+04 3.2300e-07 9.9948e-01 9.9998e+04 3.2299e-02 2.4987e+00
2.9608e+01 9.9997e+04 4.0825e-07 9.9935e-01 9.9997e+04 4.0824e-02 2.4984e+00
3.0000e+01 9.9997e+04 5.1381e-07 9.9919e-01 9.9997e+04 5.1380e-02 2.4980e+00
3.0392e+01 9.9996e+04 6.4392e-07 9.9900e-01 9.9996e+04 6.4389e-02 2.4975e+00
3.0784e+01 9.9995e+04 8.0356e-07 9.9877e-01 9.9995e+04 8.0352e-02 2.4969e+00
3.1176e+01 9.9993e+04 9.9854e-07 9.9850e-01 9.9993e+04 9.9847e-02 2.4962e+00
3.1569e+01 9.9992e+04 1.2356e-06 9.9817e-01 9.9992e+04 1.2355e-01 2.4954e+00
3.1961e+01 9.9990e+04 1.5225e-06 9.9778e-01 9.9990e+04 1.5224e-01 2.4945e+00
3.2353e+01 9.9987e+04 1.8683e-06 9.9732e-01 9.9987e+04 1.8680e-01 2.4933e+00
3.2745e+01 9.9984e+04 2.2829e-06 9.9677e-01 9.9984e+04 2.2826e-01 2.4919e+00
3.3137e+01 9.9980e+04 2.7781e-06 9.9614e-01 9.9980e+04 2.7776e-01 2.4903e+00
3.3529e+01 9.9976e+04 3.3668e-06 9.9539e-01 9.9976e+04 3.3659e-01 2.4885e+00
3.3922e+01 9.9971e+04 4.0634e-06 9.9453e-01 9.9971e+04 4.0622e-01 2.4863e+00
3.4314e+01 9.9964e+04 4.8841e-06 9.9353e-01 9.9964e+04 4.8823e-01 2.4838e+00
3.4706e+01 9.9956e+04 5.8468e-06 9.9238e-01 9.9956e+04 5.8442e-01 2.4810e+00
3.5098e+01 9.9947e+04 6.9709e-06 9.9107e-01 9.9947e+04 6.9673e-01 2.4777e+00
3.5490e+01 9.9936e+04 8.2780e-06 9.8957e-01 9.9936e+04 8.2727e-01 2.4739e+00
3.5882e+01 9.9924e+04 9.7910e-06 9.8788e-01 9.9924e+04 9.7835e-01 2.4697e+00
3.6275e+01 9.9909e+04 1.1535e-05 9.8597e-01 9.9909e+04 1.1524e+00 2.4649e+00
3.6667e+01 9.9891e+04 1.3536e-05 9.8382e-01 9.9891e+04 1.3521e+00 2.4596e+00
3.7059e+01 9.9871e+04 1.5822e-05 9.8142e-01 9.9871e+04 1.5802e+00 2.4536e+00
3.7451e+01 9.9847e+04 1.8424e-05 9.7875e-01 9.9847e+04 1.8396e+00 2.4469e+00
3.7843e+01 9.9820e+04 2.1372e-05 9.7579e-01 9.9820e+04 2.1333e+00 2.4395e+00
3.8235e+01 9.9789e+04 2.4697e-05 9.7253e-01 9.9789e+04 2.4645e+00 2.4314e+00
3.8627e+01 9.9753e+04 2.8433e-05 9.6895e-01 9.9753e+04 2.8363e+00 2.4224e+00
3.9020e+01 9.9712e+04 3.2613e-05 9.6505e-01 9.9712e+04 3.2520e+00 2.4127e+00
3.9412e+01 9.9666e+04 3.7271e-05 9.6080e-01 9.9666e+04 3.7147e+00 2.4021e+00
3.9804e+01 9.9613e+04 4.2441e-05 9.5621e-01 9.9613e+04 4.2277e+00 2.3906e+00
4.0196e+01 9.9554e+04 4.8155e-05 9.5126e-01 9.9554e+04 4.7940e+00 2.3783e+00
4.0588e+01 9.9488e+04 5.4445e-05 9.4595e-01 9.9488e+04 5.4166e+00 2.3650e+00
4.0980e+01 9.9413e+04 6.1344e-05 9.4029e-01 9.9413e+04 6.0984e+00 2.3509e+00
4.1373e+01 9.9330e+04 6.8879e-05 9.3427e-01 9.9330e+04 6.8418e+00 2.3359e+00
4.1765e+01 9.9238e+04 7.7078e-05 9.2790e-01 9.9238e+04 7.6491e+00 2.3200e+00
4.2157e+01 9.9136e+04 8.5966e-05 9.2119e-01 9.9136e+04 8.5223e+00 2.3033e+00
4.2549e+01 9.9024e+04 9.5563e-05 9.1416e-01 9.9024e+04 9.4630e+00 2.2858e+00
4.2941e+01 9.8900e+04 1.0589e-04 9.0681e-01 9.8900e+04 1.0472e+01 2.2676e+00
4.3333e+01 9.8765e+04 1.1695e-04 8.9918e-01 9.8765e+04 1.1551e+01 2.2486e+00
4.3725e+01 9.8617e+04 1.2878e-04 8.9129e-01 9.8617e+04 1.2700e+01 2.2290e+00
4.4118e+01 9.8456e+04 1.4132e-04 8.8314e-01 9.8456e+04 1.3914e+01 2.2088e+00
4.4510e+01 9.8285e+04 1.5478e-04 8.7484e-01 9.8285e+04 1.5212e+01 2.1883e+00
4.4902e+01 9.8085e+04 1.6842e-04 8.6618e-01 9.8085e+04 1.6520e+01 2.1668e+00
4.5294e+01 9.7921e+04 1.8460e-04 8.5799e-01 9.7921e+04 1.8076e+01 2.1466e+00
4.5686e+01 9.7597e+04 1.9633e-04 8.4792e-01 9.7597e+04 1.9161e+01 2.1217e+00
4.6078e+01 9.7634e+04 2.2217e-04 8.4237e-01 9.7634e+04 2.1692e+01 2.1083e+00
4.6471e+01 9.6787e+04 2.1769e-04 8.2630e-01 9.6787e+04 2.1069e+01 2.0680e+00
4.6863e+01 9.7677e+04 2.7597e-04 8.3115e-01 9.7677e+04 2.6956e+01 2.0816e+00
4.7255e+01 9.5542e+04 2.2820e-04 8.0045e-01 9.5542e+04 2.1803e+01 2.0036e+00
4.7647e+01 9.7648e+04 3.3113e-04 8.1962e-01 9.7648e+04 3.2334e+01 2.0544e+00
4.8039e+01 9.5017e+04 2.7011e-04 7.8466e-01 9.5017e+04 2.5665e+01 1.9651e+00
4.8431e+01 9.6116e+04 3.3946e-04 7.9232e-01 9.6116e+04 3.2628e+01 1.9863e+00
4.8824e+01 9.5774e+04 3.4616e-04 7.7973e-01 9.5774e+04 3.3153e+01 1.9551e+00
4.9216e+01 9.0822e+04 3.7265e-04 7.7376e-01 9.0822e+04 3.3845e+01 1.9407e+00
4.9608e+01 1.2009e+05 3.7660e-04 7.5960e-01 1.2009e+05 4.5226e+01 1.9075e+00
5.0000e+01 3.6845e+04 3.9727e-04 7.5646e-01 3.6845e+04 1.4637e+01 1.8941e+00
5.0392e+01 1.3145e+04 4.4176e-04 7.5733e-01 1.3145e+04 5.8070e+00 1.8946e+00
5.0784e+01 9.3240e+03 5.0269e-04 7.5401e-01 9.3240e+03 4.6871e+00 1.8862e+00
5.1176e+01 9.4771e+03 5.8032e-04 7.4971e-01 9.4771e+03 5.4998e+00 1.8759e+00
5.1569e+01 9.9922e+03 7.2754e-04 7.5429e-01 9.9922e+03 7.2698e+00 1.8884e+00
5.1961e+01 1.0651e+04 8.5982e-04 7.5933e-01 1.0651e+04 9.1577e+00 1.9023e+00
5.2353e+01 1.0968e+04 8.8784e-04 7.5515e-01 1.0968e+04 9.7381e+00 1.8922e+00
5.2745e+01 1.1249e+04 8.8624e-04 7.4879e-01 1.1249e+04 9.9692e+00 1.8764e+00
5.3137e+01 1.1441e+04 9.3841e-04 7.4921e-01 1.1441e+04 1.0737e+01 1.8781e+00
5.3529e+01 1.1709e+04 1.0388e-03 7.5563e-01 1.1709e+04 1.2164e+01 1.8954e+00
5.3922e+01 1.1891e+04 1.1233e-03 7.6101e-01 1.1891e+04 1.3357e+01 1.9100e+00
5.4314e+01 1.2021e+04 1.1558e-03 7.6106e-01 1.2021e+04 1.3894e+01 1.9107e+00
5.4706e+01 1.2061e+04 1.1440e-03 7.5656e-01 1.2061e+04 1.3797e+01 1.8993e+00
5.5098e+01 1.2104e+04 1.1269e-03 7.5024e-01 1.2104e+04 1.3639e+01 1.8833e+00
5.5490e+01 1.2184e+04 1.1525e-03 7.4936e-01 1.2184e+04 1.4042e+01 1.8815e+00
5.5882e+01 1.2340e+04 1.2378e-03 7.5582e-01 1.2340e+04 1.5275e+01 1.8990e+00
5.6275e+01 1.2525e+04 1.3543e-03 7.6639e-01 1.2525e+04 1.6962e+01 1.9275e+00
5.6667e+01 1.2702e+04 1.4648e-03 7.7677e-01 1.2702e+04 1.8606e+01 1.9555e+00
5.7059e+01 1.2834e+04 1.5461e-03 7.8409e-01 1.2834e+04 1.9843e+01 1.9756e+00
5.7451e+01 1.2917e+04 1.5934e-03 7.8761e-01 1.2917e+04 2.0582e+01 1.9854e+00
5.7843e+01 1.2960e+04 1.6141e-03 7.8811e-01 1.2960e+04 2.0917e+01 1.9871e+00
5.8235e+01 1.2979e+04 1.6193e-03 7.8687e-01 1.2979e+04 2.1017e+01 1.9842e+00
5.8627e+01 1.2988e+04 1.6180e-03 7.8495e-01 1.2988e+04 2.1014e+01 1.9794e+00
5.9020e+01 1.2993e+04 1.6148e-03 7.8282e-01 1.2993e+04 2.0981e+01 1.9740e+00
5.9412e+01 1.2997e+04 1.6109e-03 7.8060e-01 1.2997e+04 2.0936e+01 1.9684e+00
5.9804e+01 1.3000e+04 1.6065e-03 7.7829e-01 1.3000e+04 2.0885e+01 1.9625e+00
6.0196e+01 1.3003e+04 1.6018e-03 7.7589e-01 1.3003e+04 2.0828e+01 1.9564e+00
6.0588e+01 1.3006e+04 1.5966e-03 7.7341e-01 1.3006e+04 2.0765e+01 1.9501e+00
6.0980e+01 1.3008e+04 1.5911e-03 7.7084e-01 1.3008e+04 2.0696e+01 1.9436e+00
6.1373e+01 1.3009e+04 1.5851e-03 7.6818e-01 1.3009e+04 2.0622e+01 1.9368e+00
6.1765e+01 1.3011e+04 1.5788e-03 7.6542e-01 1.3011e+04 2.0542e+01 1.9298e+00
6.2157e+01 1.3012e+04 1.5721e-03 7.6257e-01 1.3012e+04 2.0456e+01 1.9225e+00
6.2549e+01 1.3012e+04 1.5650e-03 7.5961e-01 1.3012e+04 2.0365e+01 1.9150e+00
6.2941e+01 1.3012e+04 1.5576e-03 7.5655e-01 1.3012e+04 2.0268e+01 1.9072e+00
6.3333e+01 1.3012e+04 1.5498e-03 7.5339e-01 1.3012e+04 2.0166e+01 1.8991e+00
6.3725e+01 1.3012e+04 1.5415e-03 7.5011e-01 1.3012e+04 2.0058e+01 1.8907e+00
6.4118e+01 1.3011e+04 1.5329e-03 7.4672e-01 1.3011e+04 1.9945e+01 1.8821e+00
6.4510e+01 1.3010e+04 1.5239e-03 7.4322e-01 1.3010e+04 1.9827e+01 1.8732e+00
6.4902e+01 1.3009e+04 1.5146e-03 7.3959e-01 1.3009e+04 1.9703e+01 1.8639e+00
6.5294e+01 1.3007e+04 1.5048e-03 7.3584e-01 1.3007e+04 1.9573e+01 1.8543e+00
6.5686e+01 1.3006e+04 1.4946e-03 7.3196e-01 1.3006e+04 1.9438e+01 1.8444e+00
6.6078e+01 1.3003e+04 1.4841e-03 7.2795e-01 1.3003e+04 1.9298e+01 1.8342e+00
6.6471e+01 1.3001e+04 1.4731e-03 7.2381e-01 1.3001e+04 1.9152e+01 1.8236e+00
6.6863e+01 1.2998e+04 1.4618e-03 7.1953e-01 1.2998e+04 1.9000e+01 1.8127e+00
6.7255e+01 1.2996e+04 1.4500e-03 7.1510e-01 1.2996e+04 1.8844e+01 1.8014e+00
6.7647e+01 1.2992e+04 1.4378e-03 7.1053e-01 1.2992e+04 1.8681e+01 1.7898e+00
6.8039e+01 1.2989e+04 1.4253e-03 7.0581e-01 1.2989e+04 1.8513e+01 1.7777e+00
6.8431e+01 1.2985e+04 1.4123e-03 7.0094e-01 1.2985e+04 1.8339e+01 1.7653e+00
6.8824e+01 1.2982e+04 1.3989e-03 6.9591e-01 1.2982e+04 1.8160e+01 1.7525e+00
6.9216e+01 1.2977e+04 1.3851e-03 6.9072e-01 1.2977e+04 1.7975e+01 1.7393e+00
6.9608e+01 1.2973e+04 1.3708e-03 6.8537e-01 1.2973e+04 1.7784e+01 1.7256e+00
7.0000e+01 1.2969e+04 1.3562e-03 6.7985e-01 1.2969e+04 1.7588e+01 1.7116e+00
7.0392e+01 1.2964e+04 1.3411e-03 6.7416e-01 1.2964e+04 1.7386e+01 1.6971e+00
7.0784e+01 1.2959e+04 1.3256e-03 6.6829e-01 1.2959e+04 1.7178e+01 1.6821e+00
7.1176e+01 1.2954e+04 1.3097e-03 6.6225e-01 1.2954e+04 1.6965e+01 1.6667e+00
7.1569e+01 1.2948e+04 1.2933e-03 6.5602e-01 1.2948e+04 1.6746e+01 1.6509e+00
7.1961e+01 1.2943e+04 1.2765e-03 6.4961e-01 1.2943e+04 1.6521e+01 1.6346e+00
7.2353e+01 1.2937e+04 1.2592e-03 6.4300e-01 1.2937e+04 1.6290e+01 1.6178e+00
7.2745e+01 1.2931e+04 1.2415e-03 6.3621e-01 1.2931e+04 1.6054e+01 1.6005e+00
7.3137e+01 1.2925e+04 1.2234e-03 6.2922e-01 1.2925e+04 1.5812e+01 1.5827e+00
7.3529e+01 1.2918e+04 1.2048e-03 6.2203e-01 1.2918e+04 1.5564e+01 1.5644e+00
7.3922e+01 1.2912e+04 1.1857e-03 6.1463e-01 1.2912e+04 1.5310e+01 1.5457e+00
7.4314e+01 1.2905e+04 1.1662e-03 6.0703e-01 1.2905e+04 1.5050e+01 1.5264e+00
7.4706e+01 1.2898e+04 1.1463e-03 5.9922e-01 1.2898e+04 1.4784e+01 1.5065e+00
7.5098e+01 1.2890e+04 1.1259e-03 5.9119e-01 1.2890e+04 1.4513e+01 1.4861e+00
7.5490e+01 1.2883e+04 1.1050e-03 5.8294e-01 1.2883e+04 1.4235e+01 1.4652e+00
7.5882e+01 1.2875e+04 1.0836e-03 5.7447e-01 1.2875e+04 1.3952e+01 1.4437e+00
7.6275e+01 1.2868e+04 1.0618e-03 5.6577e-01 1.2868e+04 1.3663e+01 1.4217e+00
7.6667e+01 1.2860e+04 1.0395e-03 5.5684e-01 1.2860e+04 1.3367e+01 1.3990e+00
7.7059e+01 1.2852e+04 1.0167e-03 5.4767e-01 1.2852e+04 1.3066e+01 1.3758e+00
7.7451e+01 1.2843e+04 9.9337e-04 5.3827e-01 1.2843e+04 1.2758e+01 1.3520e+00
7.7843e+01 1.2835e+04 9.6959e-04 5.2861e-01 1.2835e+04 1.2444e+01 1.3276e+00
7.8235e+01 1.2826e+04 9.4531e-04 5.1871e-01 1.2826e+04 1.2125e+01 1.3025e+00
7.8627e+01 1.2817e+04 9.2052e-04 5.0855e-01 1.2817e+04 1.1798e+01 1.2768e+00
7.9020e+01 1.2808e+04 8.9521e-04 4.9813e-01 1.2808e+04 1.1466e+01 1.2505e+00
7.9412e+01 1.2799e+04 8.6939e-04 4.8744e-01 1.2799e+04 1.1127e+01 1.2234e+00
7.9804e+01 1.2789e+04 8.4304e-04 4.7647e-01 1.2789e+04 1.0782e+01 1.1957e+00
8.0196e+01 1.2780e+04 8.1615e-04 4.6523e-01 1.2780e+04 1.0430e+01 1.1673e+00
8.0588e+01 1.2770e+04 7.8871e-04 4.5369e-01 1.2770e+04 1.0072e+01 1.1382e+00
8.0980e+01 1.2760e+04 7.6073e-04 4.4187e-01 1.2760e+04 9.7070e+00 1.1084e+00
8.1373e+01 1.2750e+04 7.3218e-04 4.2974e-01 1.2750e+04 9.3353e+00 1.0778e+00
8.1765e+01 1.2740e+04 7.0306e-04 4.1730e-01 1.2740e+04 8.9567e+00 1.0464e+00
8.2157e+01 1.2729e+04 6.7336e-04 4.0454e-01 1.2729e+04 8.5713e+00 1.0142e+00
8.2549e+01 1.2718e+04 6.4307e-04 3.9146e-01 1.2718e+04 8.1788e+00 9.8129e-01
8.2941e+01 1.2708e+04 6.1217e-04 3.7805e-01 1.2708e+04 7.7793e+00 9.4751e-01
8.3333e+01 1.2697e+04 5.8067e-04 3.6430e-01 1.2697e+04 7.3725e+00 9.1288e-01
8.3725e+01 1.2685e+04 5.4855e-04 3.5019e-01 1.2685e+04 6.9585e+00 8.7738e-01
8.4118e+01 1.2674e+04 5.1579e-04 3.3572e-01 1.2674e+04 6.5370e+00 8.4100e-01
8.4510e+01 1.2662e+04 4.8238e-04 3.2089e-01 1.2662e+04 6.1081e+00 8.0370e-01
8.4902e+01 1.2651e+04 4.4832e-04 3.0568e-01 1.2651e+04 5.6715e+00 7.6546e-01
8.5294e+01 1.2639e+04 4.1359e-04 2.9007e-01 1.2639e+04 5.2272e+00 7.2627e-01
8.5686e+01 1.2626e+04 3.7818e-04 2.7407e-01 1.2626e+04 4.7750e+00 6.8608e-01
8.6078e+01 1.2614e+04 3.4207e-04 2.5766e-01 1.2614e+04 4.3149e+00 6.4489e-01
8.6471e+01 1.2602e+04 3.0527e-04 2.4083e-01 1.2602e+04 3.8468e+00 6.0267e-01
8.6863e+01 1.2589e+04 2.6777e-04 2.2359e-01 1.2589e+04 3.3710e+00 5.5942e-01
8.7255e+01 1.2576e+04 2.2967e-04 2.0595e-01 1.2576e+04 2.8883e+00 5.1520e-01
8.7647e+01 1.2563e+04 1.9117e-04 1.8802e-01 1.2563e+04 2.4017e+00 4.7028e-01
8.8039e+01 1.2550e+04 1.5283e-04 1.7007e-01 1.2550e+04 1.9180e+00 4.2532e-01
8.8431e+01 1.2538e+04 1.1578e-04 1.5266e-01 1.2538e+04 1.4517e+00 3.8173e-01
8.8824e+01 1.2527e+04 8.1877e-05 1.3674e-01 1.2527e+04 1.0257e+00 3.4190e-01
8.9216e+01 1.2518e+04 5.3313e-05 1.2347e-01 1.2518e+04 6.6736e-01 3.0869e-01
8.9608e+01 1.2511e+04 3.1733e-05 1.1365e-01 1.2511e+04 3.9700e-01 2.8412e-01
9.0000e+01 1.2506e+04 1.7321e-05 1.0728e-01 1.2506e+04 2.1662e-01 2.6820e-01
9.0392e+01 1.2503e+04 8.7921e-06 1.0363e-01 1.2503e+04 1.0993e-01 2.5907e-01
9.0784e+01 1.2501e+04 4.2336e-06 1.0173e-01 1.2501e+04 5.2926e-02 2.5431e-01
9.1176e+01 1.2501e+04 1.9715e-06 1.0080e-01 1.2501e+04 2.4645e-02 2.5200e-01
9.1569e+01 1.2500e+04 9.0065e-07 1.0036e-01 1.2500e+04 1.1258e-02 2.5091e-01
9.1961e+01 1.2500e+04 4.0714e-07 1.0016e-01 1.2500e+04 5.0893e-03 2.5041e-01
9.2353e+01 1.2500e+04 1.8296e-07 1.0007e-01 1.2500e+04 2.2870e-03 2.5018e-01
9.2745e+01 1.2500e+04 8.1921e-08 1.0003e-01 1.2500e+04 1.0240e-03 2.5008e-01
9.3137e+01 1.2500e+04 3.6586e-08 1.0001e-01 1.2500e+04 4.5732e-04 2.5004e-01
9.3529e+01 1.2500e+04 1.6304e-08 1.0001e-01 1.2500e+04 2.0381e-04 2.5002e-01
9.3922e+01 1.2500e+04 7.2524e-09 1.0000e-01 1.2500e+04 9.0654e-05 2.5001e-01
9.4314e+01 1.2500e+04 3.2201e-09 1.0000e-01 1.2500e+04 4.0251e-05 2.5000e-01
9.4706e+01 1.2500e+04 1.4272e-09 1.0000e-01 1.2500e+04 1.7840e-05 2.5000e-01
9.5098e+01 1.2500e+04 6.3144e-10 1.0000e-01 1.2500e+04 7.8930e-06 2.5000e-01
9.5490e+01 1.2500e+04 2.7888e-10 1.0000e-01 1.2500e+04 3.4860e-06 2.5000e-01
9.5882e+01 1.2500e+04 1.2295e-10 1.0000e-01 1.2500e+04 1.5369e-06 2.5000e-01
9.6275e+01 1.2500e+04 5.4111e-11 1.0000e-01 1.2500e+04 6.7638e-07 2.5000e-01
9.6667e+01 1.2500e+04 2.3771e-11 1.0000e-01 1.2500e+04 2.9714e-07 2.5000e-01
9.7059e+01 1.2500e+04 1.0424e-11 1.0000e-01 1.2500e+04 1.3030e-07 2.5000e-01
9.7451e+01 1.2500e+04 4.5631e-12 1.0000e-01 1.2500e+04 5.7038e-08 2.5000e-01
9.7843e+01 1.2500e+04 1.9938e-12 1.0000e-01 1.2500e+04 2.4923e-08 2.5000e-01
9.8235e+01 1.2500e+04 8.6974e-13 1.0000e-01 1.2500e+04 1.0872e-08 2.5000e-01
9.8627e+01 1.2500e+04 3.7893e-13 1.0000e-01 1.2500e+04 4.7367e-09 2.5000e-01
9.9020e+01 1.2500e+04 1.6531e-13 1.0000e-01 1.2500e+04 2.0664e-09 2.5000e-01
9.9412e+01 1.2500e+04 7.3065e-14 1.0000e-01 1.2500e+04 9.1332e-10 2.5000e-01
9.9804e+01 1.2500e+04 3.5763e-14 1.0000e-01 1.2500e+04 4.4704e-10 2.5000e-01
