# # x Density Velocity Pressure q0 q1 q2
1.9608e-01 1.0000e+05 0.0000e+00 1.0000e+00 1.0000e+05 0.0000e+00 2.5000e+00
5.8824e-01 1.0000e+05 0.0000e+00 1.0000e+00 1.0000e+05 0.0000e+00 2.5000e+00
9.8039e-01 1.0000e+05 0.0000e+00 1.0000e+00 1.0000e+05 0.0000e+00 2.5000e+00
1.3725e+00 1.0000e+05 0.0000e+00 1.0000e+00 1.0000e+05 0.0000e+00 2.5000e+00
1.7647e+00 1.0000e+05 0.0000e+00 1.0000e+00 1.0000e+05 0.0000e+00 2.5000e+00
2.1569e+00 1.0000e+05 7.9270e-20 1.0000e+00 1.0000e+05 7.9270e-15 2.5000e+00
2.5490e+00 1.0000e+05 9.4501e-19 1.0000e+00 1.0000e+05 9.4501e-14 2.5000e+00
2.9412e+00 1.0000e+05 3.6626e-18 1.0000e+00 1.0000e+05 3.6626e-13 2.5000e+00
3.3333e+00 1.0000e+05 8.3743e-18 1.0000e+00 1.0000e+05 8.3743e-13 2.5000e+00
3.7255e+00 1.0000e+05 1.5075e-17 1.0000e+00 1.0000e+05 1.5075e-12 2.5000e+00
4.1176e+00 1.0000e+05 2.3919e-17 1.0000e+00 1.0000e+05 2.3919e-12 2.5000e+00
4.5098e+00 1.0000e+05 3.6360e-17 1.0000e+00 1.0000e+05 3.6360e-12 2.5000e+00
4.9020e+00 1.0000e+05 5.4955e-17 1.0000e+00 1.0000e+05 5.4955e-12 2.5000e+00
5.2941e+00 1.0000e+05 8.2765e-17 1.0000e+00 1.0000e+05 8.2765e-12 2.5000e+00
5.6863e+00 1.0000e+05 1.2663e-16 1.0000e+00 1.0000e+05 1.2663e-11 2.5000e+00
6.0784e+00 1.0000e+05 1.9675e-16 1.0000e+00 1.0000e+05 1.9675e-11 2.5000e+00
6.4706e+00 1.0000e+05 3.0892e-16 1.0000e+00 1.0000e+05 3.0892e-11 2.5000e+00
6.8627e+00 1.0000e+05 4.8823e-16 1.0000e+00 1.0000e+05 4.8823e-11 2.5000e+00
7.2549e+00 1.0000e+05 7.7463e-16 1.0000e+00 1.0000e+05 7.7463e-11 2.5000e+00
7.6471e+00 1.0000e+05 1.2305e-15 1.0000e+00 1.0000e+05 1.2305e-10 2.5000e+00
8.0392e+00 1.0000e+05 1.9541e-15 1.0000e+00 1.0000e+05 1.9541e-10 2.5000e+00
8.4314e+00 1.0000e+05 3.0981e-15 1.0000e+00 1.0000e+05 3.0981e-10 2.5000e+00
8.8235e+00 1.0000e+05 4.8982e-15 1.0000e+00 1.0000e+05 4.8982e-10 2.5000e+00
9.2157e+00 1.0000e+05 7.7166e-15 1.0000e+00 1.0000e+05 7.7166e-10 2.5000e+00
9.6078e+00 1.0000e+05 1.2112e-14 1.0000e+00 1.0000e+05 1.2112e-09 2.5000e+00
1.0000e+01 1.0000e+05 1.8938e-14 1.0000e+00 1.0000e+05 1.8938e-09 2.5000e+00
1.0392e+01 1.0000e+05 2.9491e-14 1.0000e+00 1.0000e+05 2.9491e-09 2.5000e+00
1.0784e+01 1.0000e+05 4.5737e-14 1.0000e+00 1.0000e+05 4.5737e-09 2.5000e+00
1.1176e+01 1.0000e+05 7.0641e-14 1.0000e+00 1.0000e+05 7.0641e-09 2.5000e+00
1.1569e+01 1.0000e+05 1.0865e-13 1.0000e+00 1.0000e+05 1.0865e-08 2.5000e+00
1.1961e+01 1.0000e+05 1.6641e-13 1.0000e+00 1.0000e+05 1.6641e-08 2.5000e+00
1.2353e+01 1.0000e+05 2.5381e-13 1.0000e+00 1.0000e+05 2.5381e-08 2.5000e+00
1.2745e+01 1.0000e+05 3.8546e-13 1.0000e+00 1.0000e+05 3.8546e-08 2.5000e+00
1.3137e+01 1.0000e+05 5.8293e-13 1.0000e+00 1.0000e+05 5.8293e-08 2.5000e+00
1.3529e+01 1.0000e+05 8.7783e-13 1.0000e+00 1.0000e+05 8.7783e-08 2.5000e+00
1.3922e+01 1.0000e+05 1.3163e-12 1.0000e+00 1.0000e+05 1.3163e-07 2.5000e+00
1.4314e+01 1.0000e+05 1.9654e-12 1.0000e+00 1.0000e+05 1.9654e-07 2.5000e+00
1.4706e+01 1.0000e+05 2.9221e-12 1.0000e+00 1.0000e+05 2.9221e-07 2.5000e+00
1.5098e+01 1.0000e+05 4.3260e-12 1.0000e+00 1.0000e+05 4.3260e-07 2.5000e+00
1.5490e+01 1.0000e+05 6.3770e-12 1.0000e+00 1.0000e+05 6.3770e-07 2.5000e+00
1.5882e+01 1.0000e+05 9.3604e-12 1.0000e+00 1.0000e+05 9.3604e-07 2.5000e+00
1.6275e+01 1.0000e+05 1.3681e-11 1.0000e+00 1.0000e+05 1.3681e-06 2.5000e+00
1.6667e+01 1.0000e+05 1.9909e-11 1.0000e+00 1.0000e+05 1.9909e-06 2.5000e+00
1.7059e+01 1.0000e+05 2.8850e-11 1.0000e+00 1.0000e+05 2.8850e-06 2.5000e+00
1.7451e+01 1.0000e+05 4.1626e-11 1.0000e+00 1.0000e+05 4.1626e-06 2.5000e+00
1.7843e+01 1.0000e+05 5.9803e-11 1.0000e+00 1.0000e+05 5.9803e-06 2.5000e+00
1.8235e+01 1.0000e+05 8.5548e-11 1.0000e+00 1.0000e+05 8.5548e-06 2.5000e+00
1.8627e+01 1.0000e+05 1.2185e-10 1.0000e+00 1.0000e+05 1.2185e-05 2.5000e+00
1.9020e+01 1.0000e+05 1.7281e-10 1.0000e+00 1.0000e+05 1.7281e-05 2.5000e+00
1.9412e+01 1.0000e+05 2.4403e-10 1.0000e+00 1.0000e+05 2.4403e-05 2.5000e+00
1.9804e+01 1.0000e+05 3.4311e-10 1.0000e+00 1.0000e+05 3.4311e-05 2.5000e+00
2.0196e+01 1.0000e+05 4.8035e-10 1.0000e+00 1.0000e+05 4.8035e-05 2.5000e+00
2.0588e+01 1.0000e+05 6.6959e-10 1.0000e+00 1.0000e+05 6.6959e-05 2.5000e+00
2.0980e+01 1.0000e+05 9.2934e-10 1.0000e+00 1.0000e+05 9.2934e-05 2.5000e+00
2.1373e+01 1.0000e+05 1.2843e-09 1.0000e+00 1.0000e+05 1.2843e-04 2.5000e+00
2.1765e+01 1.0000e+05 1.7672e-09 1.0000e+00 1.0000e+05 1.7672e-04 2.5000e+00
2.2157e+01 1.0000e+05 2.4211e-09 1.0000e+00 1.0000e+05 2.4211e-04 2.5000e+00
2.2549e+01 1.0000e+05 3.3027e-09 9.9999e-01 1.0000e+05 3.3027e-04 2.5000e+00
2.2941e+01 1.0000e+05 4.4859e-09 9.9999e-01 1.0000e+05 4.4859e-04 2.5000e+00
2.3333e+01 1.0000e+05 6.0666e-09 9.9999e-01 1.0000e+05 6.0666e-04 2.5000e+00
2.3725e+01 1.0000e+05 8.1690e-09 9.9998e-01 1.0000e+05 8.1690e-04 2.5000e+00
2.4118e+01 1.0000e+05 1.0952e-08 9.9998e-01 1.0000e+05 1.0952e-03 2.4999e+00
2.4510e+01 1.0000e+05 1.4621e-08 9.9997e-01 1.0000e+05 1.4621e-03 2.4999e+00
2.4902e+01 1.0000e+05 1.9434e-08 9.9996e-01 1.0000e+05 1.9434e-03 2.4999e+00
2.5294e+01 1.0000e+05 2.5720e-08 9.9995e-01 1.0000e+05 2.5720e-03 2.4999e+00
2.5686e+01 1.0000e+05 3.3893e-08 9.9994e-01 1.0000e+05 3.3893e-03 2.4998e+00
2.6078e+01 1.0000e+05 4.4471e-08 9.9992e-01 1.0000e+05 4.4471e-03 2.4998e+00
2.6471e+01 1.0000e+05 5.8099e-08 9.9990e-01 1.0000e+05 5.8099e-03 2.4997e+00
2.6863e+01 1.0000e+05 7.5577e-08 9.9987e-01 1.0000e+05 7.5577e-03 2.4997e+00
2.7255e+01 9.9999e+04 9.7892e-08 9.9983e-01 9.9999e+04 9.7892e-03 2.4996e+00
2.7647e+01 9.9999e+04 1.2625e-07 9.9978e-01 9.9999e+04 1.2625e-02 2.4995e+00
2.8039e+01 9.9999e+04 1.6213e-07 9.9973e-01 9.9999e+04 1.6213e-02 2.4993e+00
2.8431e+01 9.9999e+04 2.0732e-07 9.9966e-01 9.9999e+04 2.0732e-02 2.4991e+00
2.8824e+01 9.9998e+04 2.6397e-07 9.9957e-01 9.9998e+04 2.6396e-02 2.4989e+00
2.9216e+01 9.9998e+04 3.3467e-07 9.9946e-01 9.9998e+04 3.3466e-02 2.4987e+00
2.9608e+01 9.9997e+04 4.2250e-07 9.9933e-01 9.9997e+04 4.2249e-02 2.4983e+00
3.0000e+01 9.9997e+04 5.3112e-07 9.9917e-01 9.9997e+04 5.3110e-02 2.4979e+00
3.0392e+01 9.9996e+04 6.6485e-07 9.9897e-01 9.9996e+04 6.6482e-02 2.4974e+00
3.0784e+01 9.9995e+04 8.2875e-07 9.9874e-01 9.9995e+04 8.2870e-02 2.4969e+00
3.1176e+01 9.9993e+04 1.0287e-06 9.9846e-01 9.9993e+04 1.0286e-01 2.4961e+00
3.1569e+01 9.9991e+04 1.2716e-06 9.9812e-01 9.9991e+04 1.2714e-01 2.4953e+00
3.1961e+01 9.9989e+04 1.5652e-06 9.9773e-01 9.9989e+04 1.5650e-01 2.4943e+00
3.2353e+01 9.9987e+04 1.9186e-06 9.9726e-01 9.9987e+04 1.9184e-01 2.4931e+00
3.2745e+01 9.9984e+04 2.3421e-06 9.9670e-01 9.9984e+04 2.3417e-01 2.4918e+00
3.3137e+01 9.9980e+04 2.8473e-06 9.9605e-01 9.9980e+04 2.8467e-01 2.4901e+00
3.3529e+01 9.9975e+04 3.4472e-06 9.9530e-01 9.9975e+04 3.4464e-01 2.4882e+00
3.3922e+01 9.9970e+04 4.1566e-06 9.9442e-01 9.9970e+04 4.1553e-01 2.4861e+00
3.4314e+01 9.9963e+04 4.9915e-06 9.9341e-01 9.9963e+04 4.9897e-01 2.4835e+00
3.4706e+01 9.9955e+04 5.9700e-06 9.9225e-01 9.9955e+04 5.9674e-01 2.4806e+00
3.5098e+01 9.9946e+04 7.1117e-06 9.9092e-01 9.9946e+04 7.1079e-01 2.4773e+00
3.5490e+01 9.9935e+04 8.4379e-06 9.8941e-01 9.9935e+04 8.4324e-01 2.4735e+00
3.5882e+01 9.9922e+04 9.9719e-06 9.8770e-01 9.9922e+04 9.9641e-01 2.4692e+00
3.6275e+01 9.9907e+04 1.1738e-05 9.8577e-01 9.9907e+04 1.1727e+00 2.4644e+00
3.6667e+01 9.9889e+04 1.3764e-05 9.8360e-01 9.9889e+04 1.3749e+00 2.4590e+00
3.7059e+01 9.9868e+04 1.6077e-05 9.8118e-01 9.9868e+04 1.6056e+00 2.4530e+00
3.7451e+01 9.9845e+04 1.8707e-05 9.7849e-01 9.9845e+04 1.8677e+00 2.4462e+00
3.7843e+01 9.9817e+04 2.1684e-05 9.7552e-01 9.9817e+04 2.1644e+00 2.4388e+00
3.8235e+01 9.9785e+04 2.5040e-05 9.7224e-01 9.9785e+04 2.4987e+00 2.4306e+00
3.8627e+01 9.9749e+04 2.8809e-05 9.6864e-01 9.9749e+04 2.8737e+00 2.4217e+00
3.9020e+01 9.9708e+04 3.3023e-05 9.6472e-01 9.9708e+04 3.2926e+00 2.4119e+00
3.9412e+01 9.9661e+04 3.7716e-05 9.6046e-01 9.9661e+04 3.7588e+00 2.4012e+00
3.9804e+01 9.9608e+04 4.2921e-05 9.5585e-01 9.9608e+04 4.2752e+00 2.3897e+00
4.0196e+01 9.9548e+04 4.8670e-05 9.5089e-01 9.9548e+04 4.8450e+00 2.3773e+00
4.0588e+01 9.9481e+04 5.4997e-05 9.4557e-01 9.9481e+04 5.4712e+00 2.3641e+00
4.0980e+01 9.9406e+04 6.1931e-05 9.3990e-01 9.9406e+04 6.1563e+00 2.3499e+00
4.1373e+01 9.9322e+04 6.9502e-05 9.3387e-01 9.9322e+04 6.9031e+00 2.3349e+00
4.1765e+01 9.9230e+04 7.7736e-05 9.2749e-01 9.9230e+04 7.7137e+00 2.3190e+00
4.2157e+01 9.9127e+04 8.6657e-05 9.2078e-01 9.9127e+04 8.5900e+00 2.3023e+00
4.2549e+01 9.9014e+04 9.6286e-05 9.1375e-01 9.9014e+04 9.5337e+00 2.2848e+00
4.2941e+01 9.8890e+04 1.0664e-04 9.0641e-01 9.8890e+04 1.0546e+01 2.2666e+00
4.3333e+01 9.8753e+04 1.1773e-04 8.9878e-01 9.8753e+04 1.1627e+01 2.2476e+00
4.3725e+01 9.8605e+04 1.2959e-04 8.9089e-01 9.8605e+04 1.2778e+01 2.2281e+00
4.4118e+01 9.8443e+04 1.4215e-04 8.8275e-01 9.8443e+04 1.3993e+01 2.2079e+00
4.4510e+01 9.8272e+04 1.5563e-04 8.7447e-01 9.8272e+04 1.5294e+01 2.1874e+00
4.4902e+01 9.8071e+04 1.6927e-04 8.6581e-01 9.8071e+04 1.6600e+01 2.1659e+00
4.5294e+01 9.7907e+04 1.8552e-04 8.5766e-01 9.7907e+04 1.8164e+01 2.1458e+00
4.5686e+01 9.7578e+04 1.9710e-04 8.4756e-01 9.7578e+04 1.9232e+01 2.1208e+00
4.6078e+01 9.7625e+04 2.2328e-04 8.4214e-01 9.7625e+04 2.1798e+01 2.1078e+00
4.6471e+01 9.6760e+04 2.1819e-04 8.2590e-01 9.6760e+04 2.1112e+01 2.0670e+00
4.6863e+01 9.7673e+04 2.7731e-04 8.3105e-01 9.7673e+04 2.7085e+01 2.0814e+00
4.7255e+01 9.5514e+04 2.2871e-04 8.0010e-01 9.5514e+04 2.1845e+01 2.0028e+00
4.7647e+01 9.7628e+04 3.3191e-04 8.1938e-01 9.7628e+04 3.2404e+01 2.0538e+00
4.8039e+01 9.5016e+04 2.7156e-04 7.8467e-01 9.5016e+04 2.5803e+01 1.9652e+00
4.8431e+01 9.6078e+04 3.3962e-04 7.9194e-01 9.6078e+04 3.2630e+01 1.9854e+00
4.8824e+01 9.5768e+04 3.4708e-04 7.7963e-01 9.5768e+04 3.3240e+01 1.9549e+00
4.9216e+01 9.0760e+04 3.7371e-04 7.7373e-01 9.0760e+04 3.3918e+01 1.9407e+00
4.9608e+01 1.2019e+05 3.7739e-04 7.5951e-01 1.2019e+05 4.5358e+01 1.9073e+00
5.0000e+01 3.7047e+04 3.9752e-04 7.5623e-01 3.7047e+04 1.4727e+01 1.8935e+00
5.0392e+01 1.3196e+04 4.4189e-04 7.5713e-01 1.3196e+04 5.8312e+00 1.8941e+00
5.0784e+01 9.3256e+03 5.0615e-04 7.5424e-01 9.3256e+03 4.7202e+00 1.8868e+00
5.1176e+01 9.4642e+03 5.7989e-04 7.4957e-01 9.4642e+03 5.4882e+00 1.8755e+00
5.1569e+01 9.9736e+03 7.2180e-04 7.5360e-01 9.9736e+03 7.1990e+00 1.8866e+00
5.1961e+01 1.0638e+04 8.5873e-04 7.5911e-01 1.0638e+04 9.1351e+00 1.9017e+00
5.2353e+01 1.0964e+04 8.9266e-04 7.5555e-01 1.0964e+04 9.7871e+00 1.8932e+00
5.2745e+01 1.1244e+04 8.8901e-04 7.4897e-01 1.1244e+04 9.9961e+00 1.8769e+00
5.3137e+01 1.1430e+04 9.3488e-04 7.4870e-01 1.1430e+04 1.0686e+01 1.8768e+00
5.3529e+01 1.1696e+04 1.0328e-03 7.5484e-01 1.1696e+04 1.2079e+01 1.8933e+00
5.3922e+01 1.1882e+04 1.1202e-03 7.6056e-01 1.1882e+04 1.3310e+01 1.9089e+00
5.4314e+01 1.2019e+04 1.1574e-03 7.6117e-01 1.2019e+04 1.3910e+01 1.9110e+00
5.4706e+01 1.2062e+04 1.1485e-03 7.5699e-01 1.2062e+04 1.3853e+01 1.9004e+00
5.5098e+01 1.2103e+04 1.1301e-03 7.5057e-01 1.2103e+04 1.3677e+01 1.8842e+00
5.5490e+01 1.2176e+04 1.1498e-03 7.4903e-01 1.2176e+04 1.4001e+01 1.8806e+00
5.5882e+01 1.2325e+04 1.2297e-03 7.5485e-01 1.2325e+04 1.5157e+01 1.8964e+00
5.6275e+01 1.2508e+04 1.3442e-03 7.6516e-01 1.2508e+04 1.6814e+01 1.9242e+00
5.6667e+01 1.2687e+04 1.4562e-03 7.7568e-01 1.2687e+04 1.8475e+01 1.9526e+00
5.7059e+01 1.2823e+04 1.5407e-03 7.8336e-01 1.2823e+04 1.9757e+01 1.9736e+00
5.7451e+01 1.2911e+04 1.5912e-03 7.8725e-01 1.2911e+04 2.0544e+01 1.9845e+00
5.7843e+01 1.2957e+04 1.6141e-03 7.8801e-01 1.2957e+04 2.0914e+01 1.9869e+00
5.8235e+01 1.2979e+04 1.6204e-03 7.8692e-01 1.2979e+04 2.1031e+01 1.9843e+00
5.8627e+01 1.2988e+04 1.6196e-03 7.8504e-01 1.2988e+04 2.1035e+01 1.9796e+00
5.9020e+01 1.2993e+04 1.6165e-03 7.8294e-01 1.2993e+04 2.1004e+01 1.9743e+00
5.9412e+01 1.2997e+04 1.6127e-03 7.8074e-01 1.2997e+04 2.0961e+01 1.9688e+00
5.9804e+01 1.3001e+04 1.6084e-03 7.7845e-01 1.3001e+04 2.0911e+01 1.9629e+00
6.0196e+01 1.3004e+04 1.6037e-03 7.7608e-01 1.3004e+04 2.0855e+01 1.9569e+00
6.0588e+01 1.3006e+04 1.5987e-03 7.7362e-01 1.3006e+04 2.0793e+01 1.9507e+00
6.0980e+01 1.3008e+04 1.5932e-03 7.7107e-01 1.3008e+04 2.0725e+01 1.9442e+00
6.1373e+01 1.3010e+04 1.5873e-03 7.6843e-01 1.3010e+04 2.0652e+01 1.9375e+00
6.1765e+01 1.3012e+04 1.5811e-03 7.6570e-01 1.3012e+04 2.0573e+01 1.9305e+00
6.2157e+01 1.3013e+04 1.5745e-03 7.6288e-01 1.3013e+04 2.0488e+01 1.9233e+00
6.2549e+01 1.3013e+04 1.5675e-03 7.5995e-01 1.3013e+04 2.0398e+01 1.9159e+00
6.2941e+01 1.3013e+04 1.5601e-03 7.5692e-01 1.3013e+04 2.0303e+01 1.9081e+00
6.3333e+01 1.3013e+04 1.5524e-03 7.5379e-01 1.3013e+04 2.0202e+01 1.9002e+00
6.3725e+01 1.3013e+04 1.5443e-03 7.5055e-01 1.3013e+04 2.0095e+01 1.8919e+00
6.4118e+01 1.3012e+04 1.5357e-03 7.4719e-01 1.3012e+04 1.9984e+01 1.8833e+00
6.4510e+01 1.3011e+04 1.5268e-03 7.4372e-01 1.3011e+04 1.9867e+01 1.8745e+00
6.4902e+01 1.3010e+04 1.5176e-03 7.4013e-01 1.3010e+04 1.9744e+01 1.8653e+00
6.5294e+01 1.3009e+04 1.5079e-03 7.3642e-01 1.3009e+04 1.9616e+01 1.8558e+00
6.5686e+01 1.3007e+04 1.4978e-03 7.3258e-01 1.3007e+04 1.9482e+01 1.8460e+00
6.6078e+01 1.3005e+04 1.4874e-03 7.2861e-01 1.3005e+04 1.9343e+01 1.8359e+00
6.6471e+01 1.3003e+04 1.4766e-03 7.2451e-01 1.3003e+04 1.9199e+01 1.8255e+00
6.6863e+01 1.3000e+04 1.4653e-03 7.2028e-01 1.3000e+04 1.9049e+01 1.8146e+00
6.7255e+01 1.2997e+04 1.4537e-03 7.1590e-01 1.2997e+04 1.8894e+01 1.8035e+00
6.7647e+01 1.2994e+04 1.4416e-03 7.1138e-01 1.2994e+04 1.8733e+01 1.7919e+00
6.8039e+01 1.2991e+04 1.4292e-03 7.0671e-01 1.2991e+04 1.8566e+01 1.7800e+00
6.8431e+01 1.2987e+04 1.4163e-03 7.0189e-01 1.2987e+04 1.8394e+01 1.7677e+00
6.8824e+01 1.2983e+04 1.4031e-03 6.9691e-01 1.2983e+04 1.8217e+01 1.7551e+00
6.9216e+01 1.2979e+04 1.3894e-03 6.9178e-01 1.2979e+04 1.8033e+01 1.7420e+00
6.9608e+01 1.2975e+04 1.3753e-03 6.8649e-01 1.2975e+04 1.7844e+01 1.7285e+00
7.0000e+01 1.2971e+04 1.3608e-03 6.8103e-01 1.2971e+04 1.7650e+01 1.7146e+00
7.0392e+01 1.2966e+04 1.3458e-03 6.7540e-01 1.2966e+04 1.7450e+01 1.7002e+00
7.0784e+01 1.2961e+04 1.3305e-03 6.6959e-01 1.2961e+04 1.7244e+01 1.6855e+00
7.1176e+01 1.2956e+04 1.3147e-03 6.6361e-01 1.2956e+04 1.7033e+01 1.6702e+00
7.1569e+01 1.2951e+04 1.2984e-03 6.5745e-01 1.2951e+04 1.6815e+01 1.6546e+00
7.1961e+01 1.2945e+04 1.2818e-03 6.5111e-01 1.2945e+04 1.6593e+01 1.6384e+00
7.2353e+01 1.2939e+04 1.2647e-03 6.4458e-01 1.2939e+04 1.6364e+01 1.6218e+00
7.2745e+01 1.2933e+04 1.2471e-03 6.3786e-01 1.2933e+04 1.6130e+01 1.6047e+00
7.3137e+01 1.2927e+04 1.2291e-03 6.3094e-01 1.2927e+04 1.5889e+01 1.5871e+00
7.3529e+01 1.2921e+04 1.2107e-03 6.2383e-01 1.2921e+04 1.5643e+01 1.5690e+00
7.3922e+01 1.2914e+04 1.1918e-03 6.1651e-01 1.2914e+04 1.5392e+01 1.5505e+00
7.4314e+01 1.2907e+04 1.1725e-03 6.0899e-01 1.2907e+04 1.5134e+01 1.5314e+00
7.4706e+01 1.2900e+04 1.1527e-03 6.0126e-01 1.2900e+04 1.4871e+01 1.5117e+00
7.5098e+01 1.2893e+04 1.1325e-03 5.9332e-01 1.2893e+04 1.4601e+01 1.4916e+00
7.5490e+01 1.2886e+04 1.1118e-03 5.8516e-01 1.2886e+04 1.4326e+01 1.4709e+00
7.5882e+01 1.2878e+04 1.0906e-03 5.7678e-01 1.2878e+04 1.4045e+01 1.4496e+00
7.6275e+01 1.2871e+04 1.0689e-03 5.6818e-01 1.2871e+04 1.3758e+01 1.4278e+00
7.6667e+01 1.2863e+04 1.0468e-03 5.5935e-01 1.2863e+04 1.3465e+01 1.4054e+00
7.7059e+01 1.2855e+04 1.0242e-03 5.5028e-01 1.2855e+04 1.3166e+01 1.3824e+00
7.7451e+01 1.2846e+04 1.0011e-03 5.4097e-01 1.2846e+04 1.2861e+01 1.3589e+00
7.7843e+01 1.2838e+04 9.7753e-04 5.3142e-01 1.2838e+04 1.2550e+01 1.3347e+00
7.8235e+01 1.2829e+04 9.5345e-04 5.2163e-01 1.2829e+04 1.2232e+01 1.3099e+00
7.8627e+01 1.2821e+04 9.2887e-04 5.1158e-01 1.2821e+04 1.1909e+01 1.2845e+00
7.9020e+01 1.2812e+04 9.0378e-04 5.0127e-01 1.2812e+04 1.1579e+01 1.2584e+00
7.9412e+01 1.2802e+04 8.7817e-04 4.9070e-01 1.2802e+04 1.1243e+01 1.2317e+00
7.9804e+01 1.2793e+04 8.5204e-04 4.7985e-01 1.2793e+04 1.0900e+01 1.2043e+00
8.0196e+01 1.2783e+04 8.2538e-04 4.6873e-01 1.2783e+04 1.0551e+01 1.1762e+00
8.0588e+01 1.2774e+04 7.9818e-04 4.5733e-01 1.2774e+04 1.0196e+01 1.1474e+00
8.0980e+01 1.2764e+04 7.7044e-04 4.4563e-01 1.2764e+04 9.8337e+00 1.1179e+00
8.1373e+01 1.2754e+04 7.4213e-04 4.3364e-01 1.2754e+04 9.4650e+00 1.0876e+00
8.1765e+01 1.2744e+04 7.1326e-04 4.2134e-01 1.2744e+04 9.0895e+00 1.0566e+00
8.2157e+01 1.2733e+04 6.8382e-04 4.0873e-01 1.2733e+04 8.7072e+00 1.0248e+00
8.2549e+01 1.2722e+04 6.5379e-04 3.9580e-01 1.2722e+04 8.3179e+00 9.9223e-01
8.2941e+01 1.2712e+04 6.2317e-04 3.8255e-01 1.2712e+04 7.9216e+00 9.5884e-01
8.3333e+01 1.2701e+04 5.9195e-04 3.6895e-01 1.2701e+04 7.5181e+00 9.2461e-01
8.3725e+01 1.2690e+04 5.6011e-04 3.5501e-01 1.2690e+04 7.1075e+00 8.8953e-01
8.4118e+01 1.2678e+04 5.2764e-04 3.4072e-01 1.2678e+04 6.6895e+00 8.5357e-01
8.4510e+01 1.2667e+04 4.9454e-04 3.2606e-01 1.2667e+04 6.2641e+00 8.1671e-01
8.4902e+01 1.2655e+04 4.6078e-04 3.1104e-01 1.2655e+04 5.8312e+00 7.7893e-01
8.5294e+01 1.2643e+04 4.2637e-04 2.9562e-01 1.2643e+04 5.3906e+00 7.4021e-01
8.5686e+01 1.2631e+04 3.9128e-04 2.7982e-01 1.2631e+04 4.9423e+00 7.0051e-01
8.6078e+01 1.2619e+04 3.5551e-04 2.6361e-01 1.2619e+04 4.4861e+00 6.5982e-01
8.6471e+01 1.2606e+04 3.1904e-04 2.4699e-01 1.2606e+04 4.0219e+00 6.1811e-01
8.6863e+01 1.2594e+04 2.8188e-04 2.2995e-01 1.2594e+04 3.5499e+00 5.7538e-01
8.7255e+01 1.2581e+04 2.4407e-04 2.1251e-01 1.2581e+04 3.0706e+00 5.3165e-01
8.7647e+01 1.2568e+04 2.0576e-04 1.9473e-01 1.2568e+04 2.5860e+00 4.8709e-01
8.8039e+01 1.2555e+04 1.6734e-04 1.7680e-01 1.2555e+04 2.1010e+00 4.4217e-01
8.8431e+01 1.2543e+04 1.2970e-04 1.5914e-01 1.2543e+04 1.6268e+00 3.9796e-01
8.8824e+01 1.2531e+04 9.4397e-05 1.4257e-01 1.2531e+04 1.1829e+00 3.5648e-01
8.9216e+01 1.2521e+04 6.3574e-05 1.2819e-01 1.2521e+04 7.9602e-01 3.2049e-01
8.9608e+01 1.2513e+04 3.9213e-05 1.1701e-01 1.2513e+04 4.9068e-01 2.9252e-01
9.0000e+01 1.2508e+04 2.2126e-05 1.0937e-01 1.2508e+04 2.7675e-01 2.7343e-01
9.0392e+01 1.2504e+04 1.1536e-05 1.0479e-01 1.2504e+04 1.4425e-01 2.6196e-01
9.0784e+01 1.2502e+04 5.6606e-06 1.0231e-01 1.2502e+04 7.0768e-02 2.5579e-01
9.1176e+01 1.2501e+04 2.6673e-06 1.0108e-01 1.2501e+04 3.3344e-02 2.5270e-01
9.1569e+01 1.2500e+04 1.2270e-06 1.0050e-01 1.2500e+04 1.5339e-02 2.5124e-01
9.1961e+01 1.2500e+04 5.5700e-07 1.0022e-01 1.2500e+04 6.9626e-03 2.5056e-01
9.2353e+01 1.2500e+04 2.5100e-07 1.0010e-01 1.2500e+04 3.1375e-03 2.5025e-01
9.2745e+01 1.2500e+04 1.1261e-07 1.0005e-01 1.2500e+04 1.4077e-03 2.5011e-01
9.3137e+01 1.2500e+04 5.0380e-08 1.0002e-01 1.2500e+04 6.2975e-04 2.5005e-01
9.3529e+01 1.2500e+04 2.2488e-08 1.0001e-01 1.2500e+04 2.8110e-04 2.5002e-01
9.3922e+01 1.2500e+04 1.0018e-08 1.0000e-01 1.2500e+04 1.2523e-04 2.5001e-01
9.4314e+01 1.2500e+04 4.4550e-09 1.0000e-01 1.2500e+04 5.5688e-05 2.5000e-01
9.4706e+01 1.2500e+04 1.9776e-09 1.0000e-01 1.2500e+04 2.4719e-05 2.5000e-01
9.5098e+01 1.2500e+04 8.7628e-10 1.0000e-01 1.2500e+04 1.0954e-05 2.5000e-01
9.5490e+01 1.2500e+04 3.8761e-10 1.0000e-01 1.2500e+04 4.8452e-06 2.5000e-01
9.5882e+01 1.2500e+04 1.7116e-10 1.0000e-01 1.2500e+04 2.1395e-06 2.5000e-01
9.6275e+01 1.2500e+04 7.5443e-11 1.0000e-01 1.2500e+04 9.4304e-07 2.5000e-01
9.6667e+01 1.2500e+04 3.3195e-11 1.0000e-01 1.2500e+04 4.1494e-07 2.5000e-01
9.7059e+01 1.2500e+04 1.4580e-11 1.0000e-01 1.2500e+04 1.8225e-07 2.5000e-01
9.7451e+01 1.2500e+04 6.3924e-12 1.0000e-01 1.2500e+04 7.9905e-08 2.5000e-01
9.7843e+01 1.2500e+04 2.7977e-12 1.0000e-01 1.2500e+04 3.4971e-08 2.5000e-01
9.8235e+01 1.2500e+04 1.2224e-12 1.0000e-01 1.2500e+04 1.5280e-08 2.5000e-01
9.8627e+01 1.2500e+04 5.3346e-13 1.0000e-01 1.2500e+04 6.6682e-09 2.5000e-01
9.9020e+01 1.2500e+04 2.3312e-13 1.0000e-01 1.2500e+04 2.9140e-09 2.5000e-01
9.9412e+01 1.2500e+04 1.0322e-13 1.0000e-01 1.2500e+04 1.2903e-09 2.5000e-01
9.9804e+01 1.2500e+04 5.0632e-14 1.0000e-01 1.2500e+04 6.3290e-10 2.5000e-01
