# # x Density Velocity Pressure q0 q1 q2
1.9608e-01 1.0000e+05 0.0000e+00 1.0000e+00 1.0000e+05 0.0000e+00 2.5000e+00
5.8824e-01 1.0000e+05 0.0000e+00 1.0000e+00 1.0000e+05 0.0000e+00 2.5000e+00
9.8039e-01 1.0000e+05 0.0000e+00 1.0000e+00 1.0000e+05 0.0000e+00 2.5000e+00
1.3725e+00 1.0000e+05 0.0000e+00 1.0000e+00 1.0000e+05 0.0000e+00 2.5000e+00
1.7647e+00 1.0000e+05 0.0000e+00 1.0000e+00 1.0000e+05 0.0000e+00 2.5000e+00
2.1569e+00 1.0000e+05 2.1488e-19 1.0000e+00 1.0000e+05 2.1488e-14 2.5000e+00
2.5490e+00 1.0000e+05 1.5424e-18 1.0000e+00 1.0000e+05 1.5424e-13 2.5000e+00
2.9412e+00 1.0000e+05 4.8641e-18 1.0000e+00 1.0000e+05 4.8641e-13 2.5000e+00
3.3333e+00 1.0000e+05 1.0181e-17 1.0000e+00 1.0000e+05 1.0181e-12 2.5000e+00
3.7255e+00 1.0000e+05 1.7491e-17 1.0000e+00 1.0000e+05 1.7491e-12 2.5000e+00
4.1176e+00 1.0000e+05 2.7213e-17 1.0000e+00 1.0000e+05 2.7213e-12 2.5000e+00
4.5098e+00 1.0000e+05 4.1175e-17 1.0000e+00 1.0000e+05 4.1175e-12 2.5000e+00
4.9020e+00 1.0000e+05 6.2070e-17 1.0000e+00 1.0000e+05 6.2070e-12 2.5000e+00
5.2941e+00 1.0000e+05 9.3732e-17 1.0000e+00 1.0000e+05 9.3732e-12 2.5000e+00
5.6863e+00 1.0000e+05 1.4383e-16 1.0000e+00 1.0000e+05 1.4383e-11 2.5000e+00
6.0784e+00 1.0000e+05 2.2392e-16 1.0000e+00 1.0000e+05 2.2392e-11 2.5000e+00
6.4706e+00 1.0000e+05 3.5207e-16 1.0000e+00 1.0000e+05 3.5207e-11 2.5000e+00
6.8627e+00 1.0000e+05 5.5651e-16 1.0000e+00 1.0000e+05 5.5651e-11 2.5000e+00
7.2549e+00 1.0000e+05 8.8251e-16 1.0000e+00 1.0000e+05 8.8251e-11 2.5000e+00
7.6471e+00 1.0000e+05 1.4005e-15 1.0000e+00 1.0000e+05 1.4005e-10 2.5000e+00
8.0392e+00 1.0000e+05 2.2207e-15 1.0000e+00 1.0000e+05 2.2207e-10 2.5000e+00
8.4314e+00 1.0000e+05 3.5144e-15 1.0000e+00 1.0000e+05 3.5144e-10 2.5000e+00
8.8235e+00 1.0000e+05 5.5455e-15 1.0000e+00 1.0000e+05 5.5455e-10 2.5000e+00
9.2157e+00 1.0000e+05 8.7188e-15 1.0000e+00 1.0000e+05 8.7188e-10 2.5000e+00
9.6078e+00 1.0000e+05 1.3657e-14 1.0000e+00 1.0000e+05 1.3657e-09 2.5000e+00
1.0000e+01 1.0000e+05 2.1308e-14 1.0000e+00 1.0000e+05 2.1308e-09 2.5000e+00
1.0392e+01 1.0000e+05 3.3112e-14 1.0000e+00 1.0000e+05 3.3112e-09 2.5000e+00
1.0784e+01 1.0000e+05 5.1246e-14 1.0000e+00 1.0000e+05 5.1246e-09 2.5000e+00
1.1176e+01 1.0000e+05 7.8984e-14 1.0000e+00 1.0000e+05 7.8984e-09 2.5000e+00
1.1569e+01 1.0000e+05 1.2123e-13 1.0000e+00 1.0000e+05 1.2123e-08 2.5000e+00
1.1961e+01 1.0000e+05 1.8530e-13 1.0000e+00 1.0000e+05 1.8530e-08 2.5000e+00
1.2353e+01 1.0000e+05 2.8203e-13 1.0000e+00 1.0000e+05 2.8203e-08 2.5000e+00
1.2745e+01 1.0000e+05 4.2745e-13 1.0000e+00 1.0000e+05 4.2745e-08 2.5000e+00
1.3137e+01 1.0000e+05 6.4513e-13 1.0000e+00 1.0000e+05 6.4513e-08 2.5000e+00
1.3529e+01 1.0000e+05 9.6955e-13 1.0000e+00 1.0000e+05 9.6955e-08 2.5000e+00
1.3922e+01 1.0000e+05 1.4510e-12 1.0000e+00 1.0000e+05 1.4510e-07 2.5000e+00
1.4314e+01 1.0000e+05 2.1622e-12 1.0000e+00 1.0000e+05 2.1622e-07 2.5000e+00
1.4706e+01 1.0000e+05 3.2085e-12 1.0000e+00 1.0000e+05 3.2085e-07 2.5000e+00
1.5098e+01 1.0000e+05 4.7408e-12 1.0000e+00 1.0000e+05 4.7408e-07 2.5000e+00
1.5490e+01 1.0000e+05 6.9752e-12 1.0000e+00 1.0000e+05 6.9752e-07 2.5000e+00
1.5882e+01 1.0000e+05 1.0219e-11 1.0000e+00 1.0000e+05 1.0219e-06 2.5000e+00
1.6275e+01 1.0000e+05 1.4908e-11 1.0000e+00 1.0000e+05 1.4908e-06 2.5000e+00
1.6667e+01 1.0000e+05 2.1655e-11 1.0000e+00 1.0000e+05 2.1655e-06 2.5000e+00
1.7059e+01 1.0000e+05 3.1322e-11 1.0000e+00 1.0000e+05 3.1322e-06 2.5000e+00
1.7451e+01 1.0000e+05 4.5111e-11 1.0000e+00 1.0000e+05 4.5111e-06 2.5000e+00
1.7843e+01 1.0000e+05 6.4693e-11 1.0000e+00 1.0000e+05 6.4693e-06 2.5000e+00
1.8235e+01 1.0000e+05 9.2378e-11 1.0000e+00 1.0000e+05 9.2378e-06 2.5000e+00
1.8627e+01 1.0000e+05 1.3135e-10 1.0000e+00 1.0000e+05 1.3135e-05 2.5000e+00
1.9020e+01 1.0000e+05 1.8596e-10 1.0000e+00 1.0000e+05 1.8596e-05 2.5000e+00
1.9412e+01 1.0000e+05 2.6214e-10 1.0000e+00 1.0000e+05 2.6214e-05 2.5000e+00
1.9804e+01 1.0000e+05 3.6795e-10 1.0000e+00 1.0000e+05 3.6795e-05 2.5000e+00
2.0196e+01 1.0000e+05 5.1426e-10 1.0000e+00 1.0000e+05 5.1426e-05 2.5000e+00
2.0588e+01 1.0000e+05 7.1566e-10 1.0000e+00 1.0000e+05 7.1566e-05 2.5000e+00
2.0980e+01 1.0000e+05 9.9166e-10 1.0000e+00 1.0000e+05 9.9166e-05 2.5000e+00
2.1373e+01 1.0000e+05 1.3682e-09 1.0000e+00 1.0000e+05 1.3682e-04 2.5000e+00
2.1765e+01 1.0000e+05 1.8796e-09 1.0000e+00 1.0000e+05 1.8796e-04 2.5000e+00
2.2157e+01 1.0000e+05 2.5711e-09 9.9999e-01 1.0000e+05 2.5711e-04 2.5000e+00
2.2549e+01 1.0000e+05 3.5018e-09 9.9999e-01 1.0000e+05 3.5018e-04 2.5000e+00
2.2941e+01 1.0000e+05 4.7490e-09 9.9999e-01 1.0000e+05 4.7490e-04 2.5000e+00
2.3333e+01 1.0000e+05 6.4127e-09 9.9999e-01 1.0000e+05 6.4127e-04 2.5000e+00
2.3725e+01 1.0000e+05 8.6220e-09 9.9998e-01 1.0000e+05 8.6220e-04 2.5000e+00
2.4118e+01 1.0000e+05 1.1543e-08 9.9998e-01 1.0000e+05 1.1543e-03 2.4999e+00
2.4510e+01 1.0000e+05 1.5386e-08 9.9997e-01 1.0000e+05 1.5386e-03 2.4999e+00
2.4902e+01 1.0000e+05 2.0422e-08 9.9996e-01 1.0000e+05 2.0422e-03 2.4999e+00
2.5294e+01 1.0000e+05 2.6990e-08 9.9995e-01 1.0000e+05 2.6989e-03 2.4999e+00
2.5686e+01 1.0000e+05 3.5516e-08 9.9994e-01 1.0000e+05 3.5516e-03 2.4998e+00
2.6078e+01 1.0000e+05 4.6536e-08 9.9992e-01 1.0000e+05 4.6536e-03 2.4998e+00
2.6471e+01 1.0000e+05 6.0715e-08 9.9989e-01 1.0000e+05 6.0715e-03 2.4997e+00
2.6863e+01 1.0000e+05 7.8875e-08 9.9986e-01 1.0000e+05 7.8875e-03 2.4997e+00
2.7255e+01 9.9999e+04 1.0203e-07 9.9982e-01 9.9999e+04 1.0203e-02 2.4996e+00
2.7647e+01 9.9999e+04 1.3142e-07 9.9978e-01 9.9999e+04 1.3142e-02 2.4994e+00
2.8039e+01 9.9999e+04 1.6855e-07 9.9972e-01 9.9999e+04 1.6855e-02 2.4993e+00
2.8431e+01 9.9999e+04 2.1526e-07 9.9964e-01 9.9999e+04 2.1526e-02 2.4991e+00
2.8824e+01 9.9998e+04 2.7375e-07 9.9955e-01 9.9998e+04 2.7374e-02 2.4989e+00
2.9216e+01 9.9998e+04 3.4665e-07 9.9944e-01 9.9998e+04 3.4664e-02 2.4986e+00
2.9608e+01 9.9997e+04 4.3711e-07 9.9931e-01 9.9997e+04 4.3709e-02 2.4983e+00
3.0000e+01 9.9997e+04 5.4885e-07 9.9914e-01 9.9997e+04 5.4883e-02 2.4979e+00
3.0392e+01 9.9996e+04 6.8626e-07 9.9895e-01 9.9996e+04 6.8623e-02 2.4974e+00
3.0784e+01 9.9994e+04 8.5448e-07 9.9871e-01 9.9994e+04 8.5443e-02 2.4968e+00
3.1176e+01 9.9993e+04 1.0595e-06 9.9842e-01 9.9993e+04 1.0594e-01 2.4960e+00
3.1569e+01 9.9991e+04 1.3082e-06 9.9808e-01 9.9991e+04 1.3081e-01 2.4952e+00
3.1961e+01 9.9989e+04 1.6086e-06 9.9767e-01 9.9989e+04 1.6084e-01 2.4942e+00
3.2353e+01 9.9986e+04 1.9698e-06 9.9719e-01 9.9986e+04 1.9696e-01 2.4930e+00
3.2745e+01 9.9983e+04 2.4022e-06 9.9663e-01 9.9983e+04 2.4018e-01 2.4916e+00
3.3137e+01 9.9979e+04 2.9175e-06 9.9597e-01 9.9979e+04 2.9169e-01 2.4899e+00
3.3529e+01 9.9975e+04 3.5289e-06 9.9521e-01 9.9975e+04 3.5280e-01 2.4880e+00
3.3922e+01 9.9969e+04 4.2511e-06 9.9432e-01 9.9969e+04 4.2498e-01 2.4858e+00
3.4314e+01 9.9962e+04 5.1004e-06 9.9329e-01 9.9962e+04 5.0985e-01 2.4832e+00
3.4706e+01 9.9954e+04 6.0948e-06 9.9212e-01 9.9954e+04 6.0920e-01 2.4803e+00
3.5098e+01 9.9945e+04 7.2540e-06 9.9077e-01 9.9945e+04 7.2500e-01 2.4769e+00
3.5490e+01 9.9934e+04 8.5995e-06 9.8925e-01 9.9934e+04 8.5938e-01 2.4731e+00
3.5882e+01 9.9920e+04 1.0155e-05 9.8752e-01 9.9920e+04 1.0146e+00 2.4688e+00
3.6275e+01 9.9905e+04 1.1944e-05 9.8557e-01 9.9905e+04 1.1933e+00 2.4639e+00
3.6667e+01 9.9887e+04 1.3994e-05 9.8338e-01 9.9887e+04 1.3978e+00 2.4585e+00
3.7059e+01 9.9866e+04 1.6333e-05 9.8095e-01 9.9866e+04 1.6311e+00 2.4524e+00
3.7451e+01 9.9842e+04 1.8991e-05 9.7824e-01 9.9842e+04 1.8961e+00 2.4456e+00
3.7843e+01 9.9814e+04 2.1998e-05 9.7524e-01 9.9814e+04 2.1957e+00 2.4381e+00
3.8235e+01 9.9782e+04 2.5385e-05 9.7195e-01 9.9782e+04 2.5330e+00 2.4299e+00
3.8627e+01 9.9745e+04 2.9187e-05 9.6834e-01 9.9745e+04 2.9112e+00 2.4209e+00
3.9020e+01 9.9703e+04 3.3434e-05 9.6440e-01 9.9703e+04 3.3335e+00 2.4110e+00
3.9412e+01 9.9656e+04 3.8162e-05 9.6012e-01 9.9656e+04 3.8030e+00 2.4004e+00
3.9804e+01 9.9602e+04 4.3402e-05 9.5550e-01 9.9602e+04 4.3229e+00 2.3888e+00
4.0196e+01 9.9542e+04 4.9187e-05 9.5052e-01 9.9542e+04 4.8962e+00 2.3764e+00
4.0588e+01 9.9474e+04 5.5550e-05 9.4519e-01 9.9474e+04 5.5258e+00 2.3631e+00
4.0980e+01 9.9399e+04 6.2520e-05 9.3951e-01 9.9399e+04 6.2144e+00 2.3490e+00
4.1373e+01 9.9314e+04 7.0126e-05 9.3347e-01 9.9314e+04 6.9645e+00 2.3339e+00
4.1765e+01 9.9221e+04 7.8394e-05 9.2709e-01 9.9221e+04 7.7784e+00 2.3180e+00
4.2157e+01 9.9118e+04 8.7349e-05 9.2037e-01 9.9118e+04 8.6578e+00 2.3013e+00
4.2549e+01 9.9004e+04 9.7010e-05 9.1334e-01 9.9004e+04 9.6043e+00 2.2838e+00
4.2941e+01 9.8879e+04 1.0739e-04 9.0600e-01 9.8879e+04 1.0619e+01 2.2656e+00
4.3333e+01 9.8742e+04 1.1851e-04 8.9838e-01 9.8742e+04 1.1702e+01 2.2466e+00
4.3725e+01 9.8593e+04 1.3039e-04 8.9050e-01 9.8593e+04 1.2856e+01 2.2271e+00
4.4118e+01 9.8430e+04 1.4297e-04 8.8237e-01 9.8430e+04 1.4073e+01 2.2069e+00
4.4510e+01 9.8259e+04 1.5648e-04 8.7410e-01 9.8259e+04 1.5376e+01 2.1865e+00
4.4902e+01 9.8056e+04 1.7011e-04 8.6545e-01 9.8056e+04 1.6680e+01 2.1650e+00
4.5294e+01 9.7894e+04 1.8644e-04 8.5734e-01 9.7894e+04 1.8251e+01 2.1451e+00
4.5686e+01 9.7560e+04 1.9786e-04 8.4721e-01 9.7560e+04 1.9303e+01 2.1199e+00
4.6078e+01 9.7615e+04 2.2439e-04 8.4192e-01 9.7615e+04 2.1904e+01 2.1073e+00
4.6471e+01 9.6733e+04 2.1870e-04 8.2549e-01 9.6733e+04 2.1155e+01 2.0660e+00
4.6863e+01 9.7670e+04 2.7864e-04 8.3095e-01 9.7670e+04 2.7215e+01 2.0812e+00
4.7255e+01 9.5487e+04 2.2923e-04 7.9976e-01 9.5487e+04 2.1889e+01 2.0019e+00
4.7647e+01 9.7608e+04 3.3267e-04 8.1914e-01 9.7608e+04 3.2471e+01 2.0532e+00
4.8039e+01 9.5015e+04 2.7302e-04 7.8470e-01 9.5015e+04 2.5941e+01 1.9653e+00
4.8431e+01 9.6041e+04 3.3978e-04 7.9156e-01 9.6041e+04 3.2633e+01 1.9845e+00
4.8824e+01 9.5761e+04 3.4799e-04 7.7953e-01 9.5761e+04 3.3324e+01 1.9546e+00
4.9216e+01 9.0698e+04 3.7477e-04 7.7371e-01 9.0698e+04 3.3991e+01 1.9406e+00
4.9608e+01 1.2029e+05 3.7819e-04 7.5943e-01 1.2029e+05 4.5491e+01 1.9072e+00
5.0000e+01 3.7248e+04 3.9780e-04 7.5602e-01 3.7248e+04 1.4817e+01 1.8930e+00
5.0392e+01 1.3247e+04 4.4184e-04 7.5691e-01 1.3247e+04 5.8532e+00 1.8936e+00
5.0784e+01 9.3274e+03 5.0955e-04 7.5446e-01 9.3274e+03 4.7528e+00 1.8874e+00
5.1176e+01 9.4519e+03 5.7998e-04 7.4949e-01 9.4519e+03 5.4819e+00 1.8753e+00
5.1569e+01 9.9551e+03 7.1613e-04 7.5292e-01 9.9551e+03 7.1291e+00 1.8848e+00
5.1961e+01 1.0624e+04 8.5709e-04 7.5882e-01 1.0624e+04 9.1060e+00 1.9010e+00
5.2353e+01 1.0959e+04 8.9725e-04 7.5592e-01 1.0959e+04 9.8334e+00 1.8942e+00
5.2745e+01 1.1240e+04 8.9223e-04 7.4919e-01 1.1240e+04 1.0028e+01 1.8775e+00
5.3137e+01 1.1420e+04 9.3184e-04 7.4825e-01 1.1420e+04 1.0642e+01 1.8756e+00
5.3529e+01 1.1682e+04 1.0267e-03 7.5406e-01 1.1682e+04 1.1994e+01 1.8913e+00
5.3922e+01 1.1873e+04 1.1166e-03 7.6007e-01 1.1873e+04 1.3257e+01 1.9076e+00
5.4314e+01 1.2015e+04 1.1586e-03 7.6121e-01 1.2015e+04 1.3921e+01 1.9111e+00
5.4706e+01 1.2063e+04 1.1530e-03 7.5735e-01 1.2063e+04 1.3908e+01 1.9014e+00
5.5098e+01 1.2102e+04 1.1337e-03 7.5092e-01 1.2102e+04 1.3720e+01 1.8851e+00
5.5490e+01 1.2169e+04 1.1477e-03 7.4876e-01 1.2169e+04 1.3967e+01 1.8799e+00
5.5882e+01 1.2311e+04 1.2220e-03 7.5392e-01 1.2311e+04 1.5045e+01 1.8940e+00
5.6275e+01 1.2491e+04 1.3343e-03 7.6394e-01 1.2491e+04 1.6666e+01 1.9210e+00
5.6667e+01 1.2672e+04 1.4474e-03 7.7457e-01 1.2672e+04 1.8341e+01 1.9497e+00
5.7059e+01 1.2813e+04 1.5349e-03 7.8259e-01 1.2813e+04 1.9666e+01 1.9716e+00
5.7451e+01 1.2905e+04 1.5886e-03 7.8685e-01 1.2905e+04 2.0501e+01 1.9834e+00
5.7843e+01 1.2955e+04 1.6139e-03 7.8790e-01 1.2955e+04 2.0907e+01 1.9866e+00
5.8235e+01 1.2978e+04 1.6215e-03 7.8695e-01 1.2978e+04 2.1044e+01 1.9844e+00
5.8627e+01 1.2988e+04 1.6212e-03 7.8514e-01 1.2988e+04 2.1056e+01 1.9799e+00
5.9020e+01 1.2994e+04 1.6182e-03 7.8306e-01 1.2994e+04 2.1027e+01 1.9747e+00
5.9412e+01 1.2998e+04 1.6145e-03 7.8088e-01 1.2998e+04 2.0985e+01 1.9691e+00
5.9804e+01 1.3001e+04 1.6103e-03 7.7861e-01 1.3001e+04 2.0936e+01 1.9634e+00
6.0196e+01 1.3004e+04 1.6057e-03 7.7626e-01 1.3004e+04 2.0881e+01 1.9574e+00
6.0588e+01 1.3007e+04 1.6007e-03 7.7382e-01 1.3007e+04 2.0820e+01 1.9512e+00
6.0980e+01 1.3009e+04 1.5953e-03 7.7130e-01 1.3009e+04 2.0754e+01 1.9448e+00
6.1373e+01 1.3011e+04 1.5895e-03 7.6869e-01 1.3011e+04 2.0681e+01 1.9382e+00
6.1765e+01 1.3012e+04 1.5834e-03 7.6598e-01 1.3012e+04 2.0603e+01 1.9313e+00
6.2157e+01 1.3013e+04 1.5768e-03 7.6318e-01 1.3013e+04 2.0520e+01 1.9241e+00
6.2549e+01 1.3014e+04 1.5699e-03 7.6028e-01 1.3014e+04 2.0431e+01 1.9167e+00
6.2941e+01 1.3014e+04 1.5626e-03 7.5728e-01 1.3014e+04 2.0337e+01 1.9091e+00
6.3333e+01 1.3014e+04 1.5550e-03 7.5418e-01 1.3014e+04 2.0237e+01 1.9012e+00
6.3725e+01 1.3014e+04 1.5469e-03 7.5097e-01 1.3014e+04 2.0132e+01 1.8930e+00
6.4118e+01 1.3014e+04 1.5385e-03 7.4765e-01 1.3014e+04 2.0022e+01 1.8845e+00
6.4510e+01 1.3013e+04 1.5297e-03 7.4421e-01 1.3013e+04 1.9906e+01 1.8758e+00
6.4902e+01 1.3012e+04 1.5206e-03 7.4066e-01 1.3012e+04 1.9785e+01 1.8667e+00
6.5294e+01 1.3010e+04 1.5110e-03 7.3699e-01 1.3010e+04 1.9658e+01 1.8573e+00
6.5686e+01 1.3008e+04 1.5010e-03 7.3319e-01 1.3008e+04 1.9526e+01 1.8476e+00
6.6078e+01 1.3006e+04 1.4907e-03 7.2926e-01 1.3006e+04 1.9388e+01 1.8376e+00
6.6471e+01 1.3004e+04 1.4800e-03 7.2521e-01 1.3004e+04 1.9245e+01 1.8273e+00
6.6863e+01 1.3002e+04 1.4688e-03 7.2101e-01 1.3002e+04 1.9097e+01 1.8166e+00
6.7255e+01 1.2999e+04 1.4573e-03 7.1668e-01 1.2999e+04 1.8943e+01 1.8055e+00
6.7647e+01 1.2996e+04 1.4454e-03 7.1221e-01 1.2996e+04 1.8784e+01 1.7941e+00
6.8039e+01 1.2992e+04 1.4331e-03 7.0759e-01 1.2992e+04 1.8619e+01 1.7823e+00
6.8431e+01 1.2989e+04 1.4203e-03 7.0282e-01 1.2989e+04 1.8449e+01 1.7702e+00
6.8824e+01 1.2985e+04 1.4072e-03 6.9790e-01 1.2985e+04 1.8273e+01 1.7576e+00
6.9216e+01 1.2981e+04 1.3936e-03 6.9282e-01 1.2981e+04 1.8091e+01 1.7447e+00
6.9608e+01 1.2977e+04 1.3797e-03 6.8758e-01 1.2977e+04 1.7904e+01 1.7313e+00
7.0000e+01 1.2973e+04 1.3653e-03 6.8218e-01 1.2973e+04 1.7711e+01 1.7175e+00
7.0392e+01 1.2968e+04 1.3505e-03 6.7661e-01 1.2968e+04 1.7513e+01 1.7034e+00
7.0784e+01 1.2963e+04 1.3353e-03 6.7087e-01 1.2963e+04 1.7309e+01 1.6887e+00
7.1176e+01 1.2958e+04 1.3196e-03 6.6496e-01 1.2958e+04 1.7100e+01 1.6737e+00
7.1569e+01 1.2953e+04 1.3035e-03 6.5886e-01 1.2953e+04 1.6884e+01 1.6582e+00
7.1961e+01 1.2947e+04 1.2870e-03 6.5259e-01 1.2947e+04 1.6663e+01 1.6422e+00
7.2353e+01 1.2942e+04 1.2701e-03 6.4613e-01 1.2942e+04 1.6437e+01 1.6258e+00
7.2745e+01 1.2936e+04 1.2527e-03 6.3948e-01 1.2936e+04 1.6204e+01 1.6089e+00
7.3137e+01 1.2930e+04 1.2349e-03 6.3264e-01 1.2930e+04 1.5966e+01 1.5915e+00
7.3529e+01 1.2923e+04 1.2166e-03 6.2560e-01 1.2923e+04 1.5722e+01 1.5736e+00
7.3922e+01 1.2917e+04 1.1979e-03 6.1837e-01 1.2917e+04 1.5473e+01 1.5552e+00
7.4314e+01 1.2910e+04 1.1787e-03 6.1093e-01 1.2910e+04 1.5217e+01 1.5363e+00
7.4706e+01 1.2903e+04 1.1591e-03 6.0328e-01 1.2903e+04 1.4956e+01 1.5169e+00
7.5098e+01 1.2896e+04 1.1390e-03 5.9542e-01 1.2896e+04 1.4689e+01 1.4969e+00
7.5490e+01 1.2889e+04 1.1185e-03 5.8735e-01 1.2889e+04 1.4416e+01 1.4764e+00
7.5882e+01 1.2881e+04 1.0975e-03 5.7906e-01 1.2881e+04 1.4137e+01 1.4554e+00
7.6275e+01 1.2874e+04 1.0760e-03 5.7055e-01 1.2874e+04 1.3852e+01 1.4338e+00
7.6667e+01 1.2866e+04 1.0541e-03 5.6181e-01 1.2866e+04 1.3562e+01 1.4117e+00
7.7059e+01 1.2858e+04 1.0317e-03 5.5284e-01 1.2858e+04 1.3265e+01 1.3889e+00
7.7451e+01 1.2850e+04 1.0088e-03 5.4364e-01 1.2850e+04 1.2962e+01 1.3656e+00
7.7843e+01 1.2841e+04 9.8539e-04 5.3419e-01 1.2841e+04 1.2654e+01 1.3417e+00
7.8235e+01 1.2833e+04 9.6151e-04 5.2450e-01 1.2833e+04 1.2339e+01 1.3172e+00
7.8627e+01 1.2824e+04 9.3714e-04 5.1456e-01 1.2824e+04 1.2018e+01 1.2920e+00
7.9020e+01 1.2815e+04 9.1226e-04 5.0436e-01 1.2815e+04 1.1690e+01 1.2662e+00
7.9412e+01 1.2806e+04 8.8686e-04 4.9390e-01 1.2806e+04 1.1357e+01 1.2398e+00
7.9804e+01 1.2797e+04 8.6095e-04 4.8318e-01 1.2797e+04 1.1017e+01 1.2127e+00
8.0196e+01 1.2787e+04 8.3452e-04 4.7218e-01 1.2787e+04 1.0671e+01 1.1849e+00
8.0588e+01 1.2777e+04 8.0755e-04 4.6090e-01 1.2777e+04 1.0318e+01 1.1564e+00
8.0980e+01 1.2768e+04 7.8004e-04 4.4934e-01 1.2768e+04 9.9592e+00 1.1272e+00
8.1373e+01 1.2758e+04 7.5197e-04 4.3748e-01 1.2758e+04 9.5934e+00 1.0973e+00
8.1765e+01 1.2747e+04 7.2335e-04 4.2532e-01 1.2747e+04 9.2209e+00 1.0666e+00
8.2157e+01 1.2737e+04 6.9416e-04 4.1286e-01 1.2737e+04 8.8416e+00 1.0352e+00
8.2549e+01 1.2726e+04 6.6440e-04 4.0008e-01 1.2726e+04 8.4554e+00 1.0030e+00
8.2941e+01 1.2716e+04 6.3404e-04 3.8697e-01 1.2716e+04 8.0623e+00 9.6999e-01
8.3333e+01 1.2705e+04 6.0309e-04 3.7354e-01 1.2705e+04 7.6622e+00 9.3615e-01
8.3725e+01 1.2694e+04 5.7153e-04 3.5976e-01 1.2694e+04 7.2549e+00 9.0148e-01
8.4118e+01 1.2683e+04 5.3935e-04 3.4564e-01 1.2683e+04 6.8403e+00 8.6594e-01
8.4510e+01 1.2671e+04 5.0654e-04 3.3116e-01 1.2671e+04 6.4184e+00 8.2951e-01
8.4902e+01 1.2659e+04 4.7309e-04 3.1631e-01 1.2659e+04 5.9891e+00 7.9218e-01
8.5294e+01 1.2648e+04 4.3899e-04 3.0108e-01 1.2648e+04 5.5522e+00 7.5392e-01
8.5686e+01 1.2636e+04 4.0422e-04 2.8547e-01 1.2636e+04 5.1076e+00 7.1470e-01
8.6078e+01 1.2623e+04 3.6878e-04 2.6946e-01 1.2623e+04 4.6552e+00 6.7450e-01
8.6471e+01 1.2611e+04 3.3264e-04 2.5304e-01 1.2611e+04 4.1950e+00 6.3330e-01
8.6863e+01 1.2599e+04 2.9582e-04 2.3621e-01 1.2599e+04 3.7269e+00 5.9108e-01
8.7255e+01 1.2586e+04 2.5832e-04 2.1898e-01 1.2586e+04 3.2512e+00 5.4786e-01
8.7647e+01 1.2573e+04 2.2025e-04 2.0137e-01 1.2573e+04 2.7693e+00 5.0372e-01
8.8039e+01 1.2560e+04 1.8189e-04 1.8351e-01 1.2560e+04 2.2845e+00 4.5899e-01
8.8431e+01 1.2548e+04 1.4388e-04 1.6574e-01 1.2548e+04 1.8054e+00 4.1447e-01
8.8824e+01 1.2536e+04 1.0752e-04 1.4868e-01 1.2536e+04 1.3478e+00 3.7177e-01
8.9216e+01 1.2525e+04 7.4766e-05 1.3336e-01 1.2525e+04 9.3644e-01 3.3343e-01
8.9608e+01 1.2516e+04 4.7773e-05 1.2088e-01 1.2516e+04 5.9792e-01 3.0223e-01
9.0000e+01 1.2509e+04 2.7904e-05 1.1191e-01 1.2509e+04 3.4907e-01 2.7979e-01
9.0392e+01 1.2505e+04 1.4985e-05 1.0626e-01 1.2505e+04 1.8739e-01 2.6564e-01
9.0784e+01 1.2503e+04 7.5155e-06 1.0308e-01 1.2503e+04 9.3964e-02 2.5771e-01
9.1176e+01 1.2501e+04 3.5924e-06 1.0146e-01 1.2501e+04 4.4909e-02 2.5365e-01
9.1569e+01 1.2501e+04 1.6668e-06 1.0067e-01 1.2501e+04 2.0836e-02 2.5168e-01
9.1961e+01 1.2500e+04 7.6046e-07 1.0031e-01 1.2500e+04 9.5059e-03 2.5077e-01
9.2353e+01 1.2500e+04 3.4376e-07 1.0014e-01 1.2500e+04 4.2971e-03 2.5035e-01
9.2745e+01 1.2500e+04 1.5458e-07 1.0006e-01 1.2500e+04 1.9323e-03 2.5016e-01
9.3137e+01 1.2500e+04 6.9283e-08 1.0003e-01 1.2500e+04 8.6604e-04 2.5007e-01
9.3529e+01 1.2500e+04 3.0976e-08 1.0001e-01 1.2500e+04 3.8720e-04 2.5003e-01
9.3922e+01 1.2500e+04 1.3821e-08 1.0001e-01 1.2500e+04 1.7277e-04 2.5001e-01
9.4314e+01 1.2500e+04 6.1554e-09 1.0000e-01 1.2500e+04 7.6943e-05 2.5001e-01
9.4706e+01 1.2500e+04 2.7365e-09 1.0000e-01 1.2500e+04 3.4206e-05 2.5000e-01
9.5098e+01 1.2500e+04 1.2144e-09 1.0000e-01 1.2500e+04 1.5180e-05 2.5000e-01
9.5490e+01 1.2500e+04 5.3802e-10 1.0000e-01 1.2500e+04 6.7252e-06 2.5000e-01
9.5882e+01 1.2500e+04 2.3793e-10 1.0000e-01 1.2500e+04 2.9742e-06 2.5000e-01
9.6275e+01 1.2500e+04 1.0504e-10 1.0000e-01 1.2500e+04 1.3130e-06 2.5000e-01
9.6667e+01 1.2500e+04 4.6290e-11 1.0000e-01 1.2500e+04 5.7863e-07 2.5000e-01
9.7059e+01 1.2500e+04 2.0364e-11 1.0000e-01 1.2500e+04 2.5455e-07 2.5000e-01
9.7451e+01 1.2500e+04 8.9424e-12 1.0000e-01 1.2500e+04 1.1178e-07 2.5000e-01
9.7843e+01 1.2500e+04 3.9200e-12 1.0000e-01 1.2500e+04 4.9000e-08 2.5000e-01
9.8235e+01 1.2500e+04 1.7155e-12 1.0000e-01 1.2500e+04 2.1444e-08 2.5000e-01
9.8627e+01 1.2500e+04 7.4989e-13 1.0000e-01 1.2500e+04 9.3737e-09 2.5000e-01
9.9020e+01 1.2500e+04 3.2825e-13 1.0000e-01 1.2500e+04 4.1032e-09 2.5000e-01
9.9412e+01 1.2500e+04 1.4560e-13 1.0000e-01 1.2500e+04 1.8200e-09 2.5000e-01
9.9804e+01 1.2500e+04 7.1572e-14 1.0000e-01 1.2500e+04 8.9465e-10 2.5000e-01
