# # x Density Velocity Pressure q0 q1 q2
1.9608e-01 1.0000e+05 0.0000e+00 1.0000e+00 1.0000e+05 0.0000e+00 2.5000e+00
5.8824e-01 1.0000e+05 0.0000e+00 1.0000e+00 1.0000e+05 0.0000e+00 2.5000e+00
9.8039e-01 1.0000e+05 0.0000e+00 1.0000e+00 1.0000e+05 0.0000e+00 2.5000e+00
1.3725e+00 1.0000e+05 0.0000e+00 1.0000e+00 1.0000e+05 0.0000e+00 2.5000e+00
1.7647e+00 1.0000e+05 2.8028e-20 1.0000e+00 1.0000e+05 2.8028e-15 2.5000e+00
2.1569e+00 1.0000e+05 6.7125e-19 1.0000e+00 1.0000e+05 6.7125e-14 2.5000e+00
2.5490e+00 1.0000e+05 3.0335e-18 1.0000e+00 1.0000e+05 3.0335e-13 2.5000e+00
2.9412e+00 1.0000e+05 7.4041e-18 1.0000e+00 1.0000e+05 7.4041e-13 2.5000e+00
3.3333e+00 1.0000e+05 1.3795e-17 1.0000e+00 1.0000e+05 1.3795e-12 2.5000e+00
3.7255e+00 1.0000e+05 2.2231e-17 1.0000e+00 1.0000e+05 2.2231e-12 2.5000e+00
4.1176e+00 1.0000e+05 3.3898e-17 1.0000e+00 1.0000e+05 3.3898e-12 2.5000e+00
4.5098e+00 1.0000e+05 5.1148e-17 1.0000e+00 1.0000e+05 5.1148e-12 2.5000e+00
4.9020e+00 1.0000e+05 7.6647e-17 1.0000e+00 1.0000e+05 7.6647e-12 2.5000e+00
5.2941e+00 1.0000e+05 1.1655e-16 1.0000e+00 1.0000e+05 1.1655e-11 2.5000e+00
5.6863e+00 1.0000e+05 1.7989e-16 1.0000e+00 1.0000e+05 1.7989e-11 2.5000e+00
6.0784e+00 1.0000e+05 2.8079e-16 1.0000e+00 1.0000e+05 2.8079e-11 2.5000e+00
6.4706e+00 1.0000e+05 4.4200e-16 1.0000e+00 1.0000e+05 4.4200e-11 2.5000e+00
6.8627e+00 1.0000e+05 6.9862e-16 1.0000e+00 1.0000e+05 6.9862e-11 2.5000e+00
7.2549e+00 1.0000e+05 1.1065e-15 1.0000e+00 1.0000e+05 1.1065e-10 2.5000e+00
7.6471e+00 1.0000e+05 1.7523e-15 1.0000e+00 1.0000e+05 1.7523e-10 2.5000e+00
8.0392e+00 1.0000e+05 2.7708e-15 1.0000e+00 1.0000e+05 2.7708e-10 2.5000e+00
8.4314e+00 1.0000e+05 4.3709e-15 1.0000e+00 1.0000e+05 4.3709e-10 2.5000e+00
8.8235e+00 1.0000e+05 6.8732e-15 1.0000e+00 1.0000e+05 6.8732e-10 2.5000e+00
9.2157e+00 1.0000e+05 1.0768e-14 1.0000e+00 1.0000e+05 1.0768e-09 2.5000e+00
9.6078e+00 1.0000e+05 1.6805e-14 1.0000e+00 1.0000e+05 1.6805e-09 2.5000e+00
1.0000e+01 1.0000e+05 2.6125e-14 1.0000e+00 1.0000e+05 2.6125e-09 2.5000e+00
1.0392e+01 1.0000e+05 4.0450e-14 1.0000e+00 1.0000e+05 4.0450e-09 2.5000e+00
1.0784e+01 1.0000e+05 6.2375e-14 1.0000e+00 1.0000e+05 6.2375e-09 2.5000e+00
1.1176e+01 1.0000e+05 9.5789e-14 1.0000e+00 1.0000e+05 9.5789e-09 2.5000e+00
1.1569e+01 1.0000e+05 1.4650e-13 1.0000e+00 1.0000e+05 1.4650e-08 2.5000e+00
1.1961e+01 1.0000e+05 2.2311e-13 1.0000e+00 1.0000e+05 2.2311e-08 2.5000e+00
1.2353e+01 1.0000e+05 3.3839e-13 1.0000e+00 1.0000e+05 3.3839e-08 2.5000e+00
1.2745e+01 1.0000e+05 5.1107e-13 1.0000e+00 1.0000e+05 5.1107e-08 2.5000e+00
1.3137e+01 1.0000e+05 7.6865e-13 1.0000e+00 1.0000e+05 7.6865e-08 2.5000e+00
1.3529e+01 1.0000e+05 1.1512e-12 1.0000e+00 1.0000e+05 1.1512e-07 2.5000e+00
1.3922e+01 1.0000e+05 1.7169e-12 1.0000e+00 1.0000e+05 1.7169e-07 2.5000e+00
1.4314e+01 1.0000e+05 2.5499e-12 1.0000e+00 1.0000e+05 2.5499e-07 2.5000e+00
1.4706e+01 1.0000e+05 3.7710e-12 1.0000e+00 1.0000e+05 3.7710e-07 2.5000e+00
1.5098e+01 1.0000e+05 5.5535e-12 1.0000e+00 1.0000e+05 5.5535e-07 2.5000e+00
1.5490e+01 1.0000e+05 8.1439e-12 1.0000e+00 1.0000e+05 8.1439e-07 2.5000e+00
1.5882e+01 1.0000e+05 1.1892e-11 1.0000e+00 1.0000e+05 1.1892e-06 2.5000e+00
1.6275e+01 1.0000e+05 1.7293e-11 1.0000e+00 1.0000e+05 1.7293e-06 2.5000e+00
1.6667e+01 1.0000e+05 2.5039e-11 1.0000e+00 1.0000e+05 2.5039e-06 2.5000e+00
1.7059e+01 1.0000e+05 3.6102e-11 1.0000e+00 1.0000e+05 3.6102e-06 2.5000e+00
1.7451e+01 1.0000e+05 5.1833e-11 1.0000e+00 1.0000e+05 5.1833e-06 2.5000e+00
1.7843e+01 1.0000e+05 7.4102e-11 1.0000e+00 1.0000e+05 7.4102e-06 2.5000e+00
1.8235e+01 1.0000e+05 1.0549e-10 1.0000e+00 1.0000e+05 1.0549e-05 2.5000e+00
1.8627e+01 1.0000e+05 1.4953e-10 1.0000e+00 1.0000e+05 1.4953e-05 2.5000e+00
1.9020e+01 1.0000e+05 2.1107e-10 1.0000e+00 1.0000e+05 2.1107e-05 2.5000e+00
1.9412e+01 1.0000e+05 2.9666e-10 1.0000e+00 1.0000e+05 2.9666e-05 2.5000e+00
1.9804e+01 1.0000e+05 4.1518e-10 1.0000e+00 1.0000e+05 4.1518e-05 2.5000e+00
2.0196e+01 1.0000e+05 5.7858e-10 1.0000e+00 1.0000e+05 5.7858e-05 2.5000e+00
2.0588e+01 1.0000e+05 8.0286e-10 1.0000e+00 1.0000e+05 8.0286e-05 2.5000e+00
2.0980e+01 1.0000e+05 1.1093e-09 1.0000e+00 1.0000e+05 1.1093e-04 2.5000e+00
2.1373e+01 1.0000e+05 1.5263e-09 1.0000e+00 1.0000e+05 1.5263e-04 2.5000e+00
2.1765e+01 1.0000e+05 2.0910e-09 1.0000e+00 1.0000e+05 2.0910e-04 2.5000e+00
2.2157e+01 1.0000e+05 2.8524e-09 9.9999e-01 1.0000e+05 2.8524e-04 2.5000e+00
2.2549e+01 1.0000e+05 3.8745e-09 9.9999e-01 1.0000e+05 3.8745e-04 2.5000e+00
2.2941e+01 1.0000e+05 5.2404e-09 9.9999e-01 1.0000e+05 5.2404e-04 2.5000e+00
2.3333e+01 1.0000e+05 7.0576e-09 9.9999e-01 1.0000e+05 7.0576e-04 2.5000e+00
2.3725e+01 1.0000e+05 9.4646e-09 9.9998e-01 1.0000e+05 9.4646e-04 2.5000e+00
2.4118e+01 1.0000e+05 1.2638e-08 9.9998e-01 1.0000e+05 1.2638e-03 2.4999e+00
2.4510e+01 1.0000e+05 1.6804e-08 9.9997e-01 1.0000e+05 1.6804e-03 2.4999e+00
2.4902e+01 1.0000e+05 2.2249e-08 9.9996e-01 1.0000e+05 2.2249e-03 2.4999e+00
2.5294e+01 1.0000e+05 2.9332e-08 9.9995e-01 1.0000e+05 2.9332e-03 2.4999e+00
2.5686e+01 1.0000e+05 3.8506e-08 9.9993e-01 1.0000e+05 3.8506e-03 2.4998e+00
2.6078e+01 1.0000e+05 5.0334e-08 9.9991e-01 1.0000e+05 5.0334e-03 2.4998e+00
2.6471e+01 1.0000e+05 6.5516e-08 9.9989e-01 1.0000e+05 6.5516e-03 2.4997e+00
2.6863e+01 1.0000e+05 8.4917e-08 9.9985e-01 1.0000e+05 8.4916e-03 2.4996e+00
2.7255e+01 9.9999e+04 1.0960e-07 9.9981e-01 9.9999e+04 1.0960e-02 2.4995e+00
2.7647e+01 9.9999e+04 1.4085e-07 9.9976e-01 9.9999e+04 1.4085e-02 2.4994e+00
2.8039e+01 9.9999e+04 1.8025e-07 9.9970e-01 9.9999e+04 1.8025e-02 2.4993e+00
2.8431e+01 9.9999e+04 2.2971e-07 9.9962e-01 9.9999e+04 2.2971e-02 2.4991e+00
2.8824e+01 9.9998e+04 2.9150e-07 9.9953e-01 9.9998e+04 2.9150e-02 2.4988e+00
2.9216e+01 9.9998e+04 3.6837e-07 9.9941e-01 9.9998e+04 3.6836e-02 2.4985e+00
2.9608e+01 9.9997e+04 4.6355e-07 9.9927e-01 9.9997e+04 4.6354e-02 2.4982e+00
3.0000e+01 9.9996e+04 5.8089e-07 9.9910e-01 9.9996e+04 5.8087e-02 2.4978e+00
3.0392e+01 9.9995e+04 7.2490e-07 9.9889e-01 9.9995e+04 7.2487e-02 2.4972e+00
3.0784e+01 9.9994e+04 9.0086e-07 9.9865e-01 9.9994e+04 9.0081e-02 2.4966e+00
3.1176e+01 9.9993e+04 1.1149e-06 9.9835e-01 9.9993e+04 1.1148e-01 2.4959e+00
3.1569e+01 9.9991e+04 1.3741e-06 9.9799e-01 9.9991e+04 1.3740e-01 2.4950e+00
3.1961e+01 9.9988e+04 1.6866e-06 9.9758e-01 9.9988e+04 1.6864e-01 2.4939e+00
3.2353e+01 9.9986e+04 2.0616e-06 9.9708e-01 9.9986e+04 2.0613e-01 2.4927e+00
3.2745e+01 9.9982e+04 2.5098e-06 9.9650e-01 9.9982e+04 2.5094e-01 2.4913e+00
3.3137e+01 9.9978e+04 3.0431e-06 9.9583e-01 9.9978e+04 3.0424e-01 2.4896e+00
3.3529e+01 9.9973e+04 3.6747e-06 9.9504e-01 9.9973e+04 3.6737e-01 2.4876e+00
3.3922e+01 9.9968e+04 4.4196e-06 9.9413e-01 9.9968e+04 4.4181e-01 2.4853e+00
3.4314e+01 9.9961e+04 5.2942e-06 9.9308e-01 9.9961e+04 5.2921e-01 2.4827e+00
3.4706e+01 9.9952e+04 6.3167e-06 9.9188e-01 9.9952e+04 6.3137e-01 2.4797e+00
3.5098e+01 9.9942e+04 7.5069e-06 9.9051e-01 9.9942e+04 7.5026e-01 2.4763e+00
3.5490e+01 9.9931e+04 8.8863e-06 9.8896e-01 9.9931e+04 8.8802e-01 2.4724e+00
3.5882e+01 9.9917e+04 1.0478e-05 9.8720e-01 9.9917e+04 1.0470e+00 2.4680e+00
3.6275e+01 9.9901e+04 1.2308e-05 9.8522e-01 9.9901e+04 1.2296e+00 2.4631e+00
3.6667e+01 9.9883e+04 1.4401e-05 9.8300e-01 9.9883e+04 1.4384e+00 2.4575e+00
3.7059e+01 9.9861e+04 1.6786e-05 9.8053e-01 9.9861e+04 1.6763e+00 2.4513e+00
3.7451e+01 9.9837e+04 1.9493e-05 9.7779e-01 9.9837e+04 1.9461e+00 2.4445e+00
3.7843e+01 9.9808e+04 2.2552e-05 9.7477e-01 9.9808e+04 2.2508e+00 2.4369e+00
3.8235e+01 9.9775e+04 2.5994e-05 9.7144e-01 9.9775e+04 2.5935e+00 2.4286e+00
3.8627e+01 9.9738e+04 2.9852e-05 9.6780e-01 9.9738e+04 2.9773e+00 2.4195e+00
3.9020e+01 9.9695e+04 3.4158e-05 9.6383e-01 9.9695e+04 3.4054e+00 2.4096e+00
3.9412e+01 9.9647e+04 3.8946e-05 9.5952e-01 9.9647e+04 3.8808e+00 2.3989e+00
3.9804e+01 9.9592e+04 4.4247e-05 9.5487e-01 9.9592e+04 4.4067e+00 2.3873e+00
4.0196e+01 9.9531e+04 5.0095e-05 9.4987e-01 9.9531e+04 4.9860e+00 2.3748e+00
4.0588e+01 9.9462e+04 5.6520e-05 9.4452e-01 9.9462e+04 5.6216e+00 2.3615e+00
4.0980e+01 9.9386e+04 6.3552e-05 9.3882e-01 9.9386e+04 6.3162e+00 2.3473e+00
4.1373e+01 9.9300e+04 7.1220e-05 9.3277e-01 9.9300e+04 7.0721e+00 2.3322e+00
4.1765e+01 9.9206e+04 7.9548e-05 9.2638e-01 9.9206e+04 7.8916e+00 2.3163e+00
4.2157e+01 9.9101e+04 8.8560e-05 9.1966e-01 9.9101e+04 8.7764e+00 2.2995e+00
4.2549e+01 9.8986e+04 9.8275e-05 9.1263e-01 9.8986e+04 9.7279e+00 2.2820e+00
4.2941e+01 9.8860e+04 1.0871e-04 9.0529e-01 9.8860e+04 1.0747e+01 2.2638e+00
4.3333e+01 9.8722e+04 1.1988e-04 8.9768e-01 9.8722e+04 1.1835e+01 2.2449e+00
4.3725e+01 9.8572e+04 1.3180e-04 8.8981e-01 9.8572e+04 1.2992e+01 2.2254e+00
4.4118e+01 9.8408e+04 1.4441e-04 8.8170e-01 9.8408e+04 1.4211e+01 2.2053e+00
4.4510e+01 9.8236e+04 1.5797e-04 8.7346e-01 9.8236e+04 1.5518e+01 2.1849e+00
4.4902e+01 9.8030e+04 1.7158e-04 8.6482e-01 9.8030e+04 1.6820e+01 2.1635e+00
4.5294e+01 9.7871e+04 1.8805e-04 8.5678e-01 9.7871e+04 1.8405e+01 2.1437e+00
4.5686e+01 9.7527e+04 1.9918e-04 8.4658e-01 9.7527e+04 1.9426e+01 2.1184e+00
4.6078e+01 9.7599e+04 2.2634e-04 8.4154e-01 9.7599e+04 2.2090e+01 2.1064e+00
4.6471e+01 9.6685e+04 2.1955e-04 8.2479e-01 9.6685e+04 2.1228e+01 2.0643e+00
4.6863e+01 9.7663e+04 2.8097e-04 8.3077e-01 9.7663e+04 2.7440e+01 2.0808e+00
4.7255e+01 9.5441e+04 2.3016e-04 7.9918e-01 9.5441e+04 2.1967e+01 2.0005e+00
4.7647e+01 9.7571e+04 3.3395e-04 8.1870e-01 9.7571e+04 3.2584e+01 2.0522e+00
4.8039e+01 9.5014e+04 2.7560e-04 7.8474e-01 9.5014e+04 2.6186e+01 1.9655e+00
4.8431e+01 9.5975e+04 3.4009e-04 7.9092e-01 9.5975e+04 3.2640e+01 1.9828e+00
4.8824e+01 9.5748e+04 3.4952e-04 7.7933e-01 9.5748e+04 3.3466e+01 1.9542e+00
4.9216e+01 9.0589e+04 3.7661e-04 7.7367e-01 9.0589e+04 3.4117e+01 1.9406e+00
4.9608e+01 1.2046e+05 3.7960e-04 7.5929e-01 1.2046e+05 4.5726e+01 1.9069e+00
5.0000e+01 3.7603e+04 3.9834e-04 7.5565e-01 3.7603e+04 1.4979e+01 1.8921e+00
5.0392e+01 1.3338e+04 4.4137e-04 7.5646e-01 1.3338e+04 5.8868e+00 1.8925e+00
5.0784e+01 9.3309e+03 5.1522e-04 7.5482e-01 9.3309e+03 4.8075e+00 1.8883e+00
5.1176e+01 9.4314e+03 5.8138e-04 7.4945e-01 9.4314e+03 5.4832e+00 1.8752e+00
5.1569e+01 9.9230e+03 7.0652e-04 7.5175e-01 9.9230e+03 7.0108e+00 1.8818e+00
5.1961e+01 1.0599e+04 8.5293e-04 7.5819e-01 1.0599e+04 9.0405e+00 1.8993e+00
5.2353e+01 1.0951e+04 9.0457e-04 7.5651e-01 1.0951e+04 9.9057e+00 1.8957e+00
5.2745e+01 1.1233e+04 8.9877e-04 7.4969e-01 1.1233e+04 1.0096e+01 1.8788e+00
5.3137e+01 1.1404e+04 9.2774e-04 7.4760e-01 1.1404e+04 1.0579e+01 1.8739e+00
5.3529e+01 1.1659e+04 1.0162e-03 7.5270e-01 1.1659e+04 1.1848e+01 1.8878e+00
5.3922e+01 1.1855e+04 1.1095e-03 7.5908e-01 1.1855e+04 1.3153e+01 1.9050e+00
5.4314e+01 1.2009e+04 1.1597e-03 7.6110e-01 1.2009e+04 1.3927e+01 1.9108e+00
5.4706e+01 1.2064e+04 1.1604e-03 7.5783e-01 1.2064e+04 1.3999e+01 1.9027e+00
5.5098e+01 1.2102e+04 1.1405e-03 7.5164e-01 1.2102e+04 1.3803e+01 1.8870e+00
5.5490e+01 1.2159e+04 1.1456e-03 7.4844e-01 1.2159e+04 1.3929e+01 1.8791e+00
5.5882e+01 1.2288e+04 1.2097e-03 7.5243e-01 1.2288e+04 1.4865e+01 1.8901e+00
5.6275e+01 1.2462e+04 1.3170e-03 7.6185e-01 1.2462e+04 1.6413e+01 1.9154e+00
5.6667e+01 1.2645e+04 1.4315e-03 7.7257e-01 1.2645e+04 1.8101e+01 1.9444e+00
5.7059e+01 1.2793e+04 1.5240e-03 7.8115e-01 1.2793e+04 1.9496e+01 1.9677e+00
5.7451e+01 1.2894e+04 1.5834e-03 7.8607e-01 1.2894e+04 2.0416e+01 1.9813e+00
5.7843e+01 1.2949e+04 1.6130e-03 7.8763e-01 1.2949e+04 2.0888e+01 1.9859e+00
5.8235e+01 1.2976e+04 1.6232e-03 7.8698e-01 1.2976e+04 2.1063e+01 1.9845e+00
5.8627e+01 1.2988e+04 1.6238e-03 7.8528e-01 1.2988e+04 2.1091e+01 1.9803e+00
5.9020e+01 1.2994e+04 1.6212e-03 7.8326e-01 1.2994e+04 2.1067e+01 1.9752e+00
5.9412e+01 1.2999e+04 1.6177e-03 7.8112e-01 1.2999e+04 2.1027e+01 1.9698e+00
5.9804e+01 1.3002e+04 1.6136e-03 7.7889e-01 1.3002e+04 2.0980e+01 1.9641e+00
6.0196e+01 1.3005e+04 1.6091e-03 7.7657e-01 1.3005e+04 2.0927e+01 1.9583e+00
6.0588e+01 1.3008e+04 1.6042e-03 7.7417e-01 1.3008e+04 2.0868e+01 1.9522e+00
6.0980e+01 1.3010e+04 1.5990e-03 7.7169e-01 1.3010e+04 2.0803e+01 1.9459e+00
6.1373e+01 1.3012e+04 1.5933e-03 7.6912e-01 1.3012e+04 2.0733e+01 1.9393e+00
6.1765e+01 1.3014e+04 1.5873e-03 7.6645e-01 1.3014e+04 2.0657e+01 1.9325e+00
6.2157e+01 1.3015e+04 1.5809e-03 7.6370e-01 1.3015e+04 2.0575e+01 1.9255e+00
6.2549e+01 1.3016e+04 1.5741e-03 7.6085e-01 1.3016e+04 2.0488e+01 1.9182e+00
6.2941e+01 1.3016e+04 1.5670e-03 7.5790e-01 1.3016e+04 2.0396e+01 1.9107e+00
6.3333e+01 1.3016e+04 1.5595e-03 7.5485e-01 1.3016e+04 2.0299e+01 1.9030e+00
6.3725e+01 1.3016e+04 1.5516e-03 7.5169e-01 1.3016e+04 2.0196e+01 1.8949e+00
6.4118e+01 1.3016e+04 1.5433e-03 7.4843e-01 1.3016e+04 2.0088e+01 1.8866e+00
6.4510e+01 1.3015e+04 1.5347e-03 7.4506e-01 1.3015e+04 1.9974e+01 1.8780e+00
6.4902e+01 1.3014e+04 1.5257e-03 7.4156e-01 1.3014e+04 1.9855e+01 1.8691e+00
6.5294e+01 1.3012e+04 1.5163e-03 7.3796e-01 1.3012e+04 1.9731e+01 1.8598e+00
6.5686e+01 1.3011e+04 1.5065e-03 7.3423e-01 1.3011e+04 1.9601e+01 1.8503e+00
6.6078e+01 1.3009e+04 1.4964e-03 7.3037e-01 1.3009e+04 1.9466e+01 1.8405e+00
6.6471e+01 1.3007e+04 1.4858e-03 7.2639e-01 1.3007e+04 1.9326e+01 1.8303e+00
6.6863e+01 1.3004e+04 1.4749e-03 7.2227e-01 1.3004e+04 1.9180e+01 1.8198e+00
6.7255e+01 1.3002e+04 1.4636e-03 7.1802e-01 1.3002e+04 1.9029e+01 1.8090e+00
6.7647e+01 1.2999e+04 1.4519e-03 7.1363e-01 1.2999e+04 1.8872e+01 1.7978e+00
6.8039e+01 1.2995e+04 1.4397e-03 7.0909e-01 1.2995e+04 1.8710e+01 1.7862e+00
6.8431e+01 1.2992e+04 1.4272e-03 7.0441e-01 1.2992e+04 1.8543e+01 1.7743e+00
6.8824e+01 1.2988e+04 1.4143e-03 6.9958e-01 1.2988e+04 1.8370e+01 1.7619e+00
6.9216e+01 1.2985e+04 1.4010e-03 6.9460e-01 1.2985e+04 1.8191e+01 1.7492e+00
6.9608e+01 1.2980e+04 1.3872e-03 6.8946e-01 1.2980e+04 1.8007e+01 1.7361e+00
7.0000e+01 1.2976e+04 1.3731e-03 6.8416e-01 1.2976e+04 1.7818e+01 1.7226e+00
7.0392e+01 1.2972e+04 1.3585e-03 6.7869e-01 1.2972e+04 1.7622e+01 1.7087e+00
7.0784e+01 1.2967e+04 1.3436e-03 6.7306e-01 1.2967e+04 1.7422e+01 1.6944e+00
7.1176e+01 1.2962e+04 1.3282e-03 6.6726e-01 1.2962e+04 1.7215e+01 1.6796e+00
7.1569e+01 1.2957e+04 1.3123e-03 6.6128e-01 1.2957e+04 1.7003e+01 1.6644e+00
7.1961e+01 1.2951e+04 1.2961e-03 6.5512e-01 1.2951e+04 1.6786e+01 1.6487e+00
7.2353e+01 1.2946e+04 1.2794e-03 6.4878e-01 1.2946e+04 1.6563e+01 1.6326e+00
7.2745e+01 1.2940e+04 1.2623e-03 6.4226e-01 1.2940e+04 1.6334e+01 1.6160e+00
7.3137e+01 1.2934e+04 1.2447e-03 6.3555e-01 1.2934e+04 1.6099e+01 1.5989e+00
7.3529e+01 1.2928e+04 1.2267e-03 6.2864e-01 1.2928e+04 1.5859e+01 1.5813e+00
7.3922e+01 1.2921e+04 1.2083e-03 6.2154e-01 1.2921e+04 1.5613e+01 1.5633e+00
7.4314e+01 1.2915e+04 1.1894e-03 6.1424e-01 1.2915e+04 1.5361e+01 1.5447e+00
7.4706e+01 1.2908e+04 1.1701e-03 6.0673e-01 1.2908e+04 1.5103e+01 1.5257e+00
7.5098e+01 1.2901e+04 1.1503e-03 5.9902e-01 1.2901e+04 1.4840e+01 1.5061e+00
7.5490e+01 1.2894e+04 1.1301e-03 5.9110e-01 1.2894e+04 1.4571e+01 1.4860e+00
7.5882e+01 1.2886e+04 1.1094e-03 5.8297e-01 1.2886e+04 1.4296e+01 1.4653e+00
7.6275e+01 1.2879e+04 1.0882e-03 5.7461e-01 1.2879e+04 1.4015e+01 1.4442e+00
7.6667e+01 1.2871e+04 1.0666e-03 5.6604e-01 1.2871e+04 1.3729e+01 1.4224e+00
7.7059e+01 1.2863e+04 1.0445e-03 5.5723e-01 1.2863e+04 1.3436e+01 1.4001e+00
7.7451e+01 1.2855e+04 1.0220e-03 5.4820e-01 1.2855e+04 1.3138e+01 1.3772e+00
7.7843e+01 1.2847e+04 9.9894e-04 5.3893e-01 1.2847e+04 1.2833e+01 1.3537e+00
7.8235e+01 1.2838e+04 9.7541e-04 5.2942e-01 1.2838e+04 1.2522e+01 1.3297e+00
7.8627e+01 1.2830e+04 9.5139e-04 5.1967e-01 1.2830e+04 1.2206e+01 1.3050e+00
7.9020e+01 1.2821e+04 9.2687e-04 5.0966e-01 1.2821e+04 1.1883e+01 1.2797e+00
7.9412e+01 1.2812e+04 9.0185e-04 4.9940e-01 1.2812e+04 1.1554e+01 1.2537e+00
7.9804e+01 1.2803e+04 8.7631e-04 4.8888e-01 1.2803e+04 1.1219e+01 1.2271e+00
8.0196e+01 1.2793e+04 8.5026e-04 4.7809e-01 1.2793e+04 1.0878e+01 1.1999e+00
8.0588e+01 1.2784e+04 8.2369e-04 4.6703e-01 1.2784e+04 1.0530e+01 1.1719e+00
8.0980e+01 1.2774e+04 7.9658e-04 4.5569e-01 1.2774e+04 1.0176e+01 1.1433e+00
8.1373e+01 1.2764e+04 7.6894e-04 4.4406e-01 1.2764e+04 9.8148e+00 1.1139e+00
8.1765e+01 1.2754e+04 7.4074e-04 4.3214e-01 1.2754e+04 9.4474e+00 1.0839e+00
8.2157e+01 1.2744e+04 7.1199e-04 4.1992e-01 1.2744e+04 9.0734e+00 1.0530e+00
8.2549e+01 1.2733e+04 6.8267e-04 4.0739e-01 1.2733e+04 8.6926e+00 1.0215e+00
8.2941e+01 1.2723e+04 6.5277e-04 3.9455e-01 1.2723e+04 8.3050e+00 9.8909e-01
8.3333e+01 1.2712e+04 6.2229e-04 3.8138e-01 1.2712e+04 7.9105e+00 9.5592e-01
8.3725e+01 1.2701e+04 5.9121e-04 3.6789e-01 1.2701e+04 7.5089e+00 9.2194e-01
8.4118e+01 1.2690e+04 5.5952e-04 3.5405e-01 1.2690e+04 7.1003e+00 8.8711e-01
8.4510e+01 1.2679e+04 5.2722e-04 3.3987e-01 1.2679e+04 6.6844e+00 8.5143e-01
8.4902e+01 1.2667e+04 4.9429e-04 3.2532e-01 1.2667e+04 6.2612e+00 8.1486e-01
8.5294e+01 1.2655e+04 4.6072e-04 3.1042e-01 1.2655e+04 5.8306e+00 7.7738e-01
8.5686e+01 1.2644e+04 4.2650e-04 2.9513e-01 1.2644e+04 5.3924e+00 7.3898e-01
8.6078e+01 1.2632e+04 3.9161e-04 2.7946e-01 1.2632e+04 4.9467e+00 6.9962e-01
8.6471e+01 1.2619e+04 3.5605e-04 2.6339e-01 1.2619e+04 4.4931e+00 6.5929e-01
8.6863e+01 1.2607e+04 3.1981e-04 2.4692e-01 1.2607e+04 4.0318e+00 6.1795e-01
8.7255e+01 1.2594e+04 2.8288e-04 2.3004e-01 1.2594e+04 3.5627e+00 5.7561e-01
8.7647e+01 1.2582e+04 2.4531e-04 2.1277e-01 1.2582e+04 3.0864e+00 5.3230e-01
8.8039e+01 1.2569e+04 2.0724e-04 1.9515e-01 1.2569e+04 2.6047e+00 4.8815e-01
8.8431e+01 1.2556e+04 1.6903e-04 1.7737e-01 1.2556e+04 2.1224e+00 4.4362e-01
8.8824e+01 1.2544e+04 1.3153e-04 1.5984e-01 1.2544e+04 1.6498e+00 3.9970e-01
8.9216e+01 1.2532e+04 9.6228e-05 1.4331e-01 1.2532e+04 1.2059e+00 3.5834e-01
8.9608e+01 1.2522e+04 6.5227e-05 1.2888e-01 1.2522e+04 8.1676e-01 3.2222e-01
9.0000e+01 1.2514e+04 4.0528e-05 1.1756e-01 1.2514e+04 5.0715e-01 2.9390e-01
9.0392e+01 1.2508e+04 2.3039e-05 1.0975e-01 1.2508e+04 2.8817e-01 2.7437e-01
9.0784e+01 1.2504e+04 1.2094e-05 1.0501e-01 1.2504e+04 1.5122e-01 2.6253e-01
9.1176e+01 1.2502e+04 5.9674e-06 1.0244e-01 1.2502e+04 7.4605e-02 2.5609e-01
9.1569e+01 1.2501e+04 2.8242e-06 1.0114e-01 1.2501e+04 3.5306e-02 2.5286e-01
9.1961e+01 1.2500e+04 1.3037e-06 1.0053e-01 1.2500e+04 1.6297e-02 2.5131e-01
9.2353e+01 1.2500e+04 5.9351e-07 1.0024e-01 1.2500e+04 7.4190e-03 2.5060e-01
9.2745e+01 1.2500e+04 2.6813e-07 1.0011e-01 1.2500e+04 3.3517e-03 2.5027e-01
9.3137e+01 1.2500e+04 1.2060e-07 1.0005e-01 1.2500e+04 1.5075e-03 2.5012e-01
9.3529e+01 1.2500e+04 5.4079e-08 1.0002e-01 1.2500e+04 6.7599e-04 2.5005e-01
9.3922e+01 1.2500e+04 2.4196e-08 1.0001e-01 1.2500e+04 3.0245e-04 2.5002e-01
9.4314e+01 1.2500e+04 1.0805e-08 1.0000e-01 1.2500e+04 1.3506e-04 2.5001e-01
9.4706e+01 1.2500e+04 4.8162e-09 1.0000e-01 1.2500e+04 6.0203e-05 2.5000e-01
9.5098e+01 1.2500e+04 2.1430e-09 1.0000e-01 1.2500e+04 2.6788e-05 2.5000e-01
9.5490e+01 1.2500e+04 9.5191e-10 1.0000e-01 1.2500e+04 1.1899e-05 2.5000e-01
9.5882e+01 1.2500e+04 4.2210e-10 1.0000e-01 1.2500e+04 5.2762e-06 2.5000e-01
9.6275e+01 1.2500e+04 1.8684e-10 1.0000e-01 1.2500e+04 2.3355e-06 2.5000e-01
9.6667e+01 1.2500e+04 8.2563e-11 1.0000e-01 1.2500e+04 1.0320e-06 2.5000e-01
9.7059e+01 1.2500e+04 3.6420e-11 1.0000e-01 1.2500e+04 4.5525e-07 2.5000e-01
9.7451e+01 1.2500e+04 1.6037e-11 1.0000e-01 1.2500e+04 2.0046e-07 2.5000e-01
9.7843e+01 1.2500e+04 7.0495e-12 1.0000e-01 1.2500e+04 8.8119e-08 2.5000e-01
9.8235e+01 1.2500e+04 3.0937e-12 1.0000e-01 1.2500e+04 3.8671e-08 2.5000e-01
9.8627e+01 1.2500e+04 1.3562e-12 1.0000e-01 1.2500e+04 1.6952e-08 2.5000e-01
9.9020e+01 1.2500e+04 5.9536e-13 1.0000e-01 1.2500e+04 7.4421e-09 2.5000e-01
9.9412e+01 1.2500e+04 2.6489e-13 1.0000e-01 1.2500e+04 3.3111e-09 2.5000e-01
9.9804e+01 1.2500e+04 1.3068e-13 1.0000e-01 1.2500e+04 1.6335e-09 2.5000e-01
