# # x Density Velocity Pressure q0 q1 q2
1.9608e-01 1.0000e+05 0.0000e+00 1.0000e+00 1.0000e+05 0.0000e+00 2.5000e+00
5.8824e-01 1.0000e+05 0.0000e+00 1.0000e+00 1.0000e+05 0.0000e+00 2.5000e+00
9.8039e-01 1.0000e+05 0.0000e+00 1.0000e+00 1.0000e+05 0.0000e+00 2.5000e+00
1.3725e+00 1.0000e+05 0.0000e+00 1.0000e+00 1.0000e+05 0.0000e+00 2.5000e+00
1.7647e+00 1.0000e+05 3.9295e-19 1.0000e+00 1.0000e+05 3.9295e-14 2.5000e+00
2.1569e+00 1.0000e+05 2.2309e-18 1.0000e+00 1.0000e+05 2.2309e-13 2.5000e+00
2.5490e+00 1.0000e+05 6.0961e-18 1.0000e+00 1.0000e+05 6.0961e-13 2.5000e+00
2.9412e+00 1.0000e+05 1.1981e-17 1.0000e+00 1.0000e+05 1.1981e-12 2.5000e+00
3.3333e+00 1.0000e+05 1.9893e-17 1.0000e+00 1.0000e+05 1.9893e-12 2.5000e+00
3.7255e+00 1.0000e+05 3.0564e-17 1.0000e+00 1.0000e+05 3.0564e-12 2.5000e+00
4.1176e+00 1.0000e+05 4.6100e-17 1.0000e+00 1.0000e+05 4.6100e-12 2.5000e+00
4.5098e+00 1.0000e+05 6.9040e-17 1.0000e+00 1.0000e+05 6.9040e-12 2.5000e+00
4.9020e+00 1.0000e+05 1.0405e-16 1.0000e+00 1.0000e+05 1.0405e-11 2.5000e+00
5.2941e+00 1.0000e+05 1.5936e-16 1.0000e+00 1.0000e+05 1.5936e-11 2.5000e+00
5.6863e+00 1.0000e+05 2.4728e-16 1.0000e+00 1.0000e+05 2.4728e-11 2.5000e+00
6.0784e+00 1.0000e+05 3.8731e-16 1.0000e+00 1.0000e+05 3.8731e-11 2.5000e+00
6.4706e+00 1.0000e+05 6.0995e-16 1.0000e+00 1.0000e+05 6.0995e-11 2.5000e+00
6.8627e+00 1.0000e+05 9.6296e-16 1.0000e+00 1.0000e+05 9.6296e-11 2.5000e+00
7.2549e+00 1.0000e+05 1.5216e-15 1.0000e+00 1.0000e+05 1.5216e-10 2.5000e+00
7.6471e+00 1.0000e+05 2.4010e-15 1.0000e+00 1.0000e+05 2.4010e-10 2.5000e+00
8.0392e+00 1.0000e+05 3.7803e-15 1.0000e+00 1.0000e+05 3.7803e-10 2.5000e+00
8.4314e+00 1.0000e+05 5.9353e-15 1.0000e+00 1.0000e+05 5.9353e-10 2.5000e+00
8.8235e+00 1.0000e+05 9.2865e-15 1.0000e+00 1.0000e+05 9.2865e-10 2.5000e+00
9.2157e+00 1.0000e+05 1.4475e-14 1.0000e+00 1.0000e+05 1.4475e-09 2.5000e+00
9.6078e+00 1.0000e+05 2.2475e-14 1.0000e+00 1.0000e+05 2.2475e-09 2.5000e+00
1.0000e+01 1.0000e+05 3.4761e-14 1.0000e+00 1.0000e+05 3.4761e-09 2.5000e+00
1.0392e+01 1.0000e+05 5.3546e-14 1.0000e+00 1.0000e+05 5.3546e-09 2.5000e+00
1.0784e+01 1.0000e+05 8.2149e-14 1.0000e+00 1.0000e+05 8.2149e-09 2.5000e+00
1.1176e+01 1.0000e+05 1.2552e-13 1.0000e+00 1.0000e+05 1.2552e-08 2.5000e+00
1.1569e+01 1.0000e+05 1.9099e-13 1.0000e+00 1.0000e+05 1.9099e-08 2.5000e+00
1.1961e+01 1.0000e+05 2.8943e-13 1.0000e+00 1.0000e+05 2.8943e-08 2.5000e+00
1.2353e+01 1.0000e+05 4.3679e-13 1.0000e+00 1.0000e+05 4.3679e-08 2.5000e+00
1.2745e+01 1.0000e+05 6.5644e-13 1.0000e+00 1.0000e+05 6.5644e-08 2.5000e+00
1.3137e+01 1.0000e+05 9.8248e-13 1.0000e+00 1.0000e+05 9.8248e-08 2.5000e+00
1.3529e+01 1.0000e+05 1.4643e-12 1.0000e+00 1.0000e+05 1.4643e-07 2.5000e+00
1.3922e+01 1.0000e+05 2.1735e-12 1.0000e+00 1.0000e+05 2.1735e-07 2.5000e+00
1.4314e+01 1.0000e+05 3.2126e-12 1.0000e+00 1.0000e+05 3.2126e-07 2.5000e+00
1.4706e+01 1.0000e+05 4.7288e-12 1.0000e+00 1.0000e+05 4.7288e-07 2.5000e+00
1.5098e+01 1.0000e+05 6.9315e-12 1.0000e+00 1.0000e+05 6.9315e-07 2.5000e+00
1.5490e+01 1.0000e+05 1.0118e-11 1.0000e+00 1.0000e+05 1.0118e-06 2.5000e+00
1.5882e+01 1.0000e+05 1.4707e-11 1.0000e+00 1.0000e+05 1.4707e-06 2.5000e+00
1.6275e+01 1.0000e+05 2.1289e-11 1.0000e+00 1.0000e+05 2.1289e-06 2.5000e+00
1.6667e+01 1.0000e+05 3.0688e-11 1.0000e+00 1.0000e+05 3.0688e-06 2.5000e+00
1.7059e+01 1.0000e+05 4.4050e-11 1.0000e+00 1.0000e+05 4.4050e-06 2.5000e+00
1.7451e+01 1.0000e+05 6.2966e-11 1.0000e+00 1.0000e+05 6.2966e-06 2.5000e+00
1.7843e+01 1.0000e+05 8.9627e-11 1.0000e+00 1.0000e+05 8.9627e-06 2.5000e+00
1.8235e+01 1.0000e+05 1.2704e-10 1.0000e+00 1.0000e+05 1.2704e-05 2.5000e+00
1.8627e+01 1.0000e+05 1.7932e-10 1.0000e+00 1.0000e+05 1.7932e-05 2.5000e+00
1.9020e+01 1.0000e+05 2.5205e-10 1.0000e+00 1.0000e+05 2.5205e-05 2.5000e+00
1.9412e+01 1.0000e+05 3.5278e-10 1.0000e+00 1.0000e+05 3.5278e-05 2.5000e+00
1.9804e+01 1.0000e+05 4.9170e-10 1.0000e+00 1.0000e+05 4.9170e-05 2.5000e+00
2.0196e+01 1.0000e+05 6.8243e-10 1.0000e+00 1.0000e+05 6.8243e-05 2.5000e+00
2.0588e+01 1.0000e+05 9.4316e-10 1.0000e+00 1.0000e+05 9.4316e-05 2.5000e+00
2.0980e+01 1.0000e+05 1.2980e-09 1.0000e+00 1.0000e+05 1.2980e-04 2.5000e+00
2.1373e+01 1.0000e+05 1.7789e-09 1.0000e+00 1.0000e+05 1.7789e-04 2.5000e+00
2.1765e+01 1.0000e+05 2.4276e-09 1.0000e+00 1.0000e+05 2.4276e-04 2.5000e+00
2.2157e+01 1.0000e+05 3.2989e-09 9.9999e-01 1.0000e+05 3.2989e-04 2.5000e+00
2.2549e+01 1.0000e+05 4.4641e-09 9.9999e-01 1.0000e+05 4.4641e-04 2.5000e+00
2.2941e+01 1.0000e+05 6.0154e-09 9.9999e-01 1.0000e+05 6.0154e-04 2.5000e+00
2.3333e+01 1.0000e+05 8.0717e-09 9.9998e-01 1.0000e+05 8.0717e-04 2.5000e+00
2.3725e+01 1.0000e+05 1.0785e-08 9.9998e-01 1.0000e+05 1.0785e-03 2.4999e+00
2.4118e+01 1.0000e+05 1.4350e-08 9.9997e-01 1.0000e+05 1.4350e-03 2.4999e+00
2.4510e+01 1.0000e+05 1.9014e-08 9.9996e-01 1.0000e+05 1.9013e-03 2.4999e+00
2.4902e+01 1.0000e+05 2.5086e-08 9.9995e-01 1.0000e+05 2.5086e-03 2.4999e+00
2.5294e+01 1.0000e+05 3.2959e-08 9.9994e-01 1.0000e+05 3.2959e-03 2.4999e+00
2.5686e+01 1.0000e+05 4.3121e-08 9.9992e-01 1.0000e+05 4.3121e-03 2.4998e+00
2.6078e+01 1.0000e+05 5.6180e-08 9.9990e-01 1.0000e+05 5.6180e-03 2.4998e+00
2.6471e+01 1.0000e+05 7.2887e-08 9.9987e-01 1.0000e+05 7.2887e-03 2.4997e+00
2.6863e+01 9.9999e+04 9.4166e-08 9.9984e-01 9.9999e+04 9.4166e-03 2.4996e+00
2.7255e+01 9.9999e+04 1.2115e-07 9.9980e-01 9.9999e+04 1.2115e-02 2.4995e+00
2.7647e+01 9.9999e+04 1.5521e-07 9.9974e-01 9.9999e+04 1.5521e-02 2.4994e+00
2.8039e+01 9.9999e+04 1.9803e-07 9.9967e-01 9.9999e+04 1.9803e-02 2.4992e+00
2.8431e+01 9.9998e+04 2.5160e-07 9.9959e-01 9.9998e+04 2.5160e-02 2.4990e+00
2.8824e+01 9.9998e+04 3.1834e-07 9.9949e-01 9.9998e+04 3.1833e-02 2.4987e+00
2.9216e+01 9.9997e+04 4.0111e-07 9.9937e-01 9.9997e+04 4.0110e-02 2.4984e+00
2.9608e+01 9.9997e+04 5.0332e-07 9.9922e-01 9.9997e+04 5.0330e-02 2.4980e+00
3.0000e+01 9.9996e+04 6.2896e-07 9.9904e-01 9.9996e+04 6.2894e-02 2.4976e+00
3.0392e+01 9.9995e+04 7.8274e-07 9.9882e-01 9.9995e+04 7.8270e-02 2.4970e+00
3.0784e+01 9.9994e+04 9.7013e-07 9.9855e-01 9.9994e+04 9.7006e-02 2.4964e+00
3.1176e+01 9.9992e+04 1.1975e-06 9.9824e-01 9.9992e+04 1.1974e-01 2.4956e+00
3.1569e+01 9.9990e+04 1.4720e-06 9.9787e-01 9.9990e+04 1.4719e-01 2.4947e+00
3.1961e+01 9.9988e+04 1.8022e-06 9.9743e-01 9.9988e+04 1.8020e-01 2.4936e+00
3.2353e+01 9.9985e+04 2.1976e-06 9.9692e-01 9.9985e+04 2.1972e-01 2.4923e+00
3.2745e+01 9.9981e+04 2.6689e-06 9.9632e-01 9.9981e+04 2.6684e-01 2.4908e+00
3.3137e+01 9.9977e+04 3.2282e-06 9.9561e-01 9.9977e+04 3.2275e-01 2.4890e+00
3.3529e+01 9.9972e+04 3.8893e-06 9.9480e-01 9.9972e+04 3.8882e-01 2.4870e+00
3.3922e+01 9.9965e+04 4.6671e-06 9.9386e-01 9.9965e+04 4.6655e-01 2.4846e+00
3.4314e+01 9.9958e+04 5.5784e-06 9.9278e-01 9.9958e+04 5.5761e-01 2.4819e+00
3.4706e+01 9.9949e+04 6.6415e-06 9.9154e-01 9.9949e+04 6.6382e-01 2.4788e+00
3.5098e+01 9.9939e+04 7.8764e-06 9.9013e-01 9.9939e+04 7.8716e-01 2.4753e+00
3.5490e+01 9.9927e+04 9.3048e-06 9.8854e-01 9.9927e+04 9.2980e-01 2.4713e+00
3.5882e+01 9.9913e+04 1.0950e-05 9.8674e-01 9.9913e+04 1.0940e+00 2.4668e+00
3.6275e+01 9.9896e+04 1.2837e-05 9.8471e-01 9.9896e+04 1.2824e+00 2.4618e+00
3.6667e+01 9.9877e+04 1.4992e-05 9.8245e-01 9.9877e+04 1.4974e+00 2.4561e+00
3.7059e+01 9.9855e+04 1.7444e-05 9.7994e-01 9.9855e+04 1.7418e+00 2.4499e+00
3.7451e+01 9.9829e+04 2.0220e-05 9.7715e-01 9.9829e+04 2.0186e+00 2.4429e+00
3.7843e+01 9.9800e+04 2.3353e-05 9.7408e-01 9.9800e+04 2.3306e+00 2.4352e+00
3.8235e+01 9.9766e+04 2.6872e-05 9.7071e-01 9.9766e+04 2.6810e+00 2.4268e+00
3.8627e+01 9.9727e+04 3.0811e-05 9.6702e-01 9.9727e+04 3.0727e+00 2.4176e+00
3.9020e+01 9.9684e+04 3.5201e-05 9.6301e-01 9.9684e+04 3.5089e+00 2.4076e+00
3.9412e+01 9.9634e+04 4.0074e-05 9.5867e-01 9.9634e+04 3.9927e+00 2.3968e+00
3.9804e+01 9.9578e+04 4.5463e-05 9.5398e-01 9.9578e+04 4.5271e+00 2.3851e+00
4.0196e+01 9.9516e+04 5.1399e-05 9.4895e-01 9.9516e+04 5.1150e+00 2.3725e+00
4.0588e+01 9.9445e+04 5.7912e-05 9.4357e-01 9.9445e+04 5.7591e+00 2.3591e+00
4.0980e+01 9.9367e+04 6.5032e-05 9.3785e-01 9.9367e+04 6.4620e+00 2.3448e+00
4.1373e+01 9.9280e+04 7.2786e-05 9.3178e-01 9.9280e+04 7.2262e+00 2.3297e+00
4.1765e+01 9.9184e+04 8.1198e-05 9.2538e-01 9.9184e+04 8.0535e+00 2.3138e+00
4.2157e+01 9.9078e+04 9.0290e-05 9.1865e-01 9.9078e+04 8.9458e+00 2.2970e+00
4.2549e+01 9.8961e+04 1.0008e-04 9.1162e-01 9.8961e+04 9.9043e+00 2.2795e+00
4.2941e+01 9.8833e+04 1.1059e-04 9.0429e-01 9.8833e+04 1.0930e+01 2.2613e+00
4.3333e+01 9.8693e+04 1.2182e-04 8.9669e-01 9.8693e+04 1.2023e+01 2.2424e+00
4.3725e+01 9.8542e+04 1.3381e-04 8.8884e-01 9.8542e+04 1.3186e+01 2.2230e+00
4.4118e+01 9.8375e+04 1.4646e-04 8.8075e-01 9.8375e+04 1.4408e+01 2.2029e+00
4.4510e+01 9.8202e+04 1.6009e-04 8.7256e-01 9.8202e+04 1.5721e+01 2.1826e+00
4.4902e+01 9.7993e+04 1.7366e-04 8.6393e-01 9.7993e+04 1.7017e+01 2.1613e+00
4.5294e+01 9.7837e+04 1.9035e-04 8.5600e-01 9.7837e+04 1.8624e+01 2.1418e+00
4.5686e+01 9.7480e+04 2.0104e-04 8.4569e-01 9.7480e+04 1.9598e+01 2.1162e+00
4.6078e+01 9.7576e+04 2.2914e-04 8.4101e-01 9.7576e+04 2.2358e+01 2.1051e+00
4.6471e+01 9.6617e+04 2.2074e-04 8.2378e-01 9.6617e+04 2.1328e+01 2.0618e+00
4.6863e+01 9.7654e+04 2.8427e-04 8.3053e-01 9.7654e+04 2.7760e+01 2.0803e+00
4.7255e+01 9.5377e+04 2.3153e-04 7.9836e-01 9.5377e+04 2.2083e+01 1.9985e+00
4.7647e+01 9.7516e+04 3.3568e-04 8.1805e-01 9.7516e+04 3.2734e+01 2.0506e+00
4.8039e+01 9.5014e+04 2.7933e-04 7.8483e-01 9.5014e+04 2.6540e+01 1.9658e+00
4.8431e+01 9.5883e+04 3.4057e-04 7.9002e-01 9.5883e+04 3.2655e+01 1.9806e+00
4.8824e+01 9.5729e+04 3.5160e-04 7.7903e-01 9.5729e+04 3.3658e+01 1.9535e+00
4.9216e+01 9.0432e+04 3.7925e-04 7.7362e-01 9.0432e+04 3.4296e+01 1.9406e+00
4.9608e+01 1.2070e+05 3.8166e-04 7.5911e-01 1.2070e+05 4.6067e+01 1.9066e+00
5.0000e+01 3.8113e+04 3.9927e-04 7.5519e-01 3.8113e+04 1.5218e+01 1.8910e+00
5.0392e+01 1.3468e+04 4.3993e-04 7.5573e-01 1.3468e+04 5.9251e+00 1.8906e+00
5.0784e+01 9.3361e+03 5.2235e-04 7.5521e-01 9.3361e+03 4.8767e+00 1.8893e+00
5.1176e+01 9.4048e+03 5.8591e-04 7.4964e-01 9.4048e+03 5.5104e+00 1.8757e+00
5.1569e+01 9.8785e+03 6.9403e-04 7.5021e-01 9.8785e+03 6.8560e+00 1.8779e+00
5.1961e+01 1.0561e+04 8.4438e-04 7.5700e-01 1.0561e+04 8.9175e+00 1.8963e+00
5.2353e+01 1.0936e+04 9.1305e-04 7.5713e-01 1.0936e+04 9.9849e+00 1.8974e+00
5.2745e+01 1.1225e+04 9.0970e-04 7.5058e-01 1.1225e+04 1.0212e+01 1.8811e+00
5.3137e+01 1.1383e+04 9.2473e-04 7.4697e-01 1.1383e+04 1.0526e+01 1.8723e+00
5.3529e+01 1.1627e+04 1.0020e-03 7.5082e-01 1.1627e+04 1.1650e+01 1.8829e+00
5.3922e+01 1.1827e+04 1.0978e-03 7.5741e-01 1.1827e+04 1.2984e+01 1.9006e+00
5.4314e+01 1.1996e+04 1.1591e-03 7.6060e-01 1.1996e+04 1.3905e+01 1.9095e+00
5.4706e+01 1.2065e+04 1.1696e-03 7.5836e-01 1.2065e+04 1.4111e+01 1.9041e+00
5.5098e+01 1.2104e+04 1.1510e-03 7.5288e-01 1.2104e+04 1.3932e+01 1.8902e+00
5.5490e+01 1.2147e+04 1.1457e-03 7.4839e-01 1.2147e+04 1.3917e+01 1.8789e+00
5.5882e+01 1.2258e+04 1.1948e-03 7.5061e-01 1.2258e+04 1.4646e+01 1.8853e+00
5.6275e+01 1.2422e+04 1.2933e-03 7.5896e-01 1.2422e+04 1.6065e+01 1.9078e+00
5.6667e+01 1.2605e+04 1.4079e-03 7.6964e-01 1.2605e+04 1.7747e+01 1.9366e+00
5.7059e+01 1.2762e+04 1.5068e-03 7.7890e-01 1.2762e+04 1.9229e+01 1.9617e+00
5.7451e+01 1.2874e+04 1.5743e-03 7.8476e-01 1.2874e+04 2.0268e+01 1.9779e+00
5.7843e+01 1.2940e+04 1.6106e-03 7.8711e-01 1.2940e+04 2.0842e+01 1.9846e+00
5.8235e+01 1.2973e+04 1.6249e-03 7.8695e-01 1.2973e+04 2.1080e+01 1.9845e+00
5.8627e+01 1.2988e+04 1.6274e-03 7.8547e-01 1.2988e+04 2.1136e+01 1.9809e+00
5.9020e+01 1.2995e+04 1.6254e-03 7.8353e-01 1.2995e+04 2.1122e+01 1.9760e+00
5.9412e+01 1.3000e+04 1.6220e-03 7.8143e-01 1.3000e+04 2.1086e+01 1.9707e+00
5.9804e+01 1.3004e+04 1.6182e-03 7.7925e-01 1.3004e+04 2.1042e+01 1.9652e+00
6.0196e+01 1.3007e+04 1.6138e-03 7.7699e-01 1.3007e+04 2.0991e+01 1.9594e+00
6.0588e+01 1.3010e+04 1.6091e-03 7.7465e-01 1.3010e+04 2.0934e+01 1.9535e+00
6.0980e+01 1.3012e+04 1.6041e-03 7.7222e-01 1.3012e+04 2.0872e+01 1.9473e+00
6.1373e+01 1.3014e+04 1.5986e-03 7.6970e-01 1.3014e+04 2.0804e+01 1.9409e+00
6.1765e+01 1.3016e+04 1.5928e-03 7.6710e-01 1.3016e+04 2.0731e+01 1.9343e+00
6.2157e+01 1.3017e+04 1.5866e-03 7.6441e-01 1.3017e+04 2.0652e+01 1.9274e+00
6.2549e+01 1.3018e+04 1.5800e-03 7.6163e-01 1.3018e+04 2.0568e+01 1.9203e+00
6.2941e+01 1.3019e+04 1.5731e-03 7.5875e-01 1.3019e+04 2.0479e+01 1.9130e+00
6.3333e+01 1.3019e+04 1.5658e-03 7.5577e-01 1.3019e+04 2.0384e+01 1.9054e+00
6.3725e+01 1.3019e+04 1.5581e-03 7.5269e-01 1.3019e+04 2.0285e+01 1.8975e+00
6.4118e+01 1.3018e+04 1.5501e-03 7.4951e-01 1.3018e+04 2.0179e+01 1.8894e+00
6.4510e+01 1.3018e+04 1.5417e-03 7.4621e-01 1.3018e+04 2.0069e+01 1.8810e+00
6.4902e+01 1.3017e+04 1.5329e-03 7.4281e-01 1.3017e+04 1.9953e+01 1.8723e+00
6.5294e+01 1.3016e+04 1.5238e-03 7.3929e-01 1.3016e+04 1.9833e+01 1.8633e+00
6.5686e+01 1.3014e+04 1.5142e-03 7.3565e-01 1.3014e+04 1.9706e+01 1.8541e+00
6.6078e+01 1.3012e+04 1.5043e-03 7.3189e-01 1.3012e+04 1.9575e+01 1.8445e+00
6.6471e+01 1.3010e+04 1.4941e-03 7.2801e-01 1.3010e+04 1.9438e+01 1.8346e+00
6.6863e+01 1.3008e+04 1.4834e-03 7.2400e-01 1.3008e+04 1.9296e+01 1.8243e+00
6.7255e+01 1.3005e+04 1.4723e-03 7.1986e-01 1.3005e+04 1.9149e+01 1.8137e+00
6.7647e+01 1.3003e+04 1.4609e-03 7.1558e-01 1.3003e+04 1.8996e+01 1.8028e+00
6.8039e+01 1.3000e+04 1.4491e-03 7.1116e-01 1.3000e+04 1.8838e+01 1.7916e+00
6.8431e+01 1.2996e+04 1.4369e-03 7.0661e-01 1.2996e+04 1.8674e+01 1.7799e+00
6.8824e+01 1.2993e+04 1.4243e-03 7.0190e-01 1.2993e+04 1.8505e+01 1.7679e+00
6.9216e+01 1.2989e+04 1.4112e-03 6.9705e-01 1.2989e+04 1.8331e+01 1.7556e+00
6.9608e+01 1.2985e+04 1.3978e-03 6.9205e-01 1.2985e+04 1.8151e+01 1.7428e+00
7.0000e+01 1.2981e+04 1.3840e-03 6.8688e-01 1.2981e+04 1.7966e+01 1.7296e+00
7.0392e+01 1.2977e+04 1.3698e-03 6.8156e-01 1.2977e+04 1.7775e+01 1.7161e+00
7.0784e+01 1.2972e+04 1.3551e-03 6.7608e-01 1.2972e+04 1.7579e+01 1.7021e+00
7.1176e+01 1.2967e+04 1.3401e-03 6.7043e-01 1.2967e+04 1.7377e+01 1.6877e+00
7.1569e+01 1.2962e+04 1.3246e-03 6.6461e-01 1.2962e+04 1.7170e+01 1.6729e+00
7.1961e+01 1.2957e+04 1.3087e-03 6.5861e-01 1.2957e+04 1.6957e+01 1.6576e+00
7.2353e+01 1.2951e+04 1.2924e-03 6.5244e-01 1.2951e+04 1.6738e+01 1.6419e+00
7.2745e+01 1.2946e+04 1.2757e-03 6.4609e-01 1.2946e+04 1.6514e+01 1.6258e+00
7.3137e+01 1.2940e+04 1.2585e-03 6.3956e-01 1.2940e+04 1.6285e+01 1.6091e+00
7.3529e+01 1.2934e+04 1.2409e-03 6.3283e-01 1.2934e+04 1.6049e+01 1.5920e+00
7.3922e+01 1.2927e+04 1.2228e-03 6.2592e-01 1.2927e+04 1.5808e+01 1.5745e+00
7.4314e+01 1.2921e+04 1.2044e-03 6.1881e-01 1.2921e+04 1.5562e+01 1.5564e+00
7.4706e+01 1.2914e+04 1.1855e-03 6.1151e-01 1.2914e+04 1.5309e+01 1.5378e+00
7.5098e+01 1.2908e+04 1.1661e-03 6.0400e-01 1.2908e+04 1.5051e+01 1.5188e+00
7.5490e+01 1.2901e+04 1.1463e-03 5.9629e-01 1.2901e+04 1.4788e+01 1.4992e+00
7.5882e+01 1.2893e+04 1.1260e-03 5.8837e-01 1.2893e+04 1.4518e+01 1.4791e+00
7.6275e+01 1.2886e+04 1.1053e-03 5.8023e-01 1.2886e+04 1.4243e+01 1.4585e+00
7.6667e+01 1.2878e+04 1.0842e-03 5.7188e-01 1.2878e+04 1.3962e+01 1.4373e+00
7.7059e+01 1.2871e+04 1.0625e-03 5.6331e-01 1.2871e+04 1.3675e+01 1.4155e+00
7.7451e+01 1.2863e+04 1.0404e-03 5.5451e-01 1.2863e+04 1.3383e+01 1.3932e+00
7.7843e+01 1.2854e+04 1.0179e-03 5.4549e-01 1.2854e+04 1.3084e+01 1.3704e+00
7.8235e+01 1.2846e+04 9.9481e-04 5.3623e-01 1.2846e+04 1.2779e+01 1.3469e+00
7.8627e+01 1.2838e+04 9.7128e-04 5.2674e-01 1.2838e+04 1.2469e+01 1.3229e+00
7.9020e+01 1.2829e+04 9.4727e-04 5.1700e-01 1.2829e+04 1.2153e+01 1.2982e+00
7.9412e+01 1.2820e+04 9.2276e-04 5.0701e-01 1.2820e+04 1.1830e+01 1.2730e+00
7.9804e+01 1.2811e+04 8.9776e-04 4.9677e-01 1.2811e+04 1.1501e+01 1.2471e+00
8.0196e+01 1.2802e+04 8.7224e-04 4.8627e-01 1.2802e+04 1.1166e+01 1.2205e+00
8.0588e+01 1.2793e+04 8.4622e-04 4.7551e-01 1.2793e+04 1.0825e+01 1.1933e+00
8.0980e+01 1.2783e+04 8.1968e-04 4.6447e-01 1.2783e+04 1.0478e+01 1.1655e+00
8.1373e+01 1.2773e+04 7.9260e-04 4.5316e-01 1.2773e+04 1.0124e+01 1.1369e+00
8.1765e+01 1.2763e+04 7.6500e-04 4.4157e-01 1.2763e+04 9.7640e+00 1.1077e+00
8.2157e+01 1.2753e+04 7.3685e-04 4.2968e-01 1.2753e+04 9.3972e+00 1.0777e+00
8.2549e+01 1.2743e+04 7.0814e-04 4.1750e-01 1.2743e+04 9.0239e+00 1.0470e+00
8.2941e+01 1.2733e+04 6.7888e-04 4.0502e-01 1.2733e+04 8.6439e+00 1.0155e+00
8.3333e+01 1.2722e+04 6.4905e-04 3.9222e-01 1.2722e+04 8.2572e+00 9.8324e-01
8.3725e+01 1.2711e+04 6.1863e-04 3.7911e-01 1.2711e+04 7.8636e+00 9.5020e-01
8.4118e+01 1.2700e+04 5.8763e-04 3.6567e-01 1.2700e+04 7.4631e+00 9.1636e-01
8.4510e+01 1.2689e+04 5.5603e-04 3.5189e-01 1.2689e+04 7.0555e+00 8.8169e-01
8.4902e+01 1.2678e+04 5.2381e-04 3.3777e-01 1.2678e+04 6.6408e+00 8.4616e-01
8.5294e+01 1.2666e+04 4.9098e-04 3.2330e-01 1.2666e+04 6.2189e+00 8.0977e-01
8.5686e+01 1.2655e+04 4.5751e-04 3.0846e-01 1.2655e+04 5.7897e+00 7.7248e-01
8.6078e+01 1.2643e+04 4.2340e-04 2.9326e-01 1.2643e+04 5.3530e+00 7.3427e-01
8.6471e+01 1.2631e+04 3.8864e-04 2.7767e-01 1.2631e+04 4.9088e+00 6.9513e-01
8.6863e+01 1.2619e+04 3.5321e-04 2.6169e-01 1.2619e+04 4.4570e+00 6.5502e-01
8.7255e+01 1.2606e+04 3.1710e-04 2.4532e-01 1.2606e+04 3.9974e+00 6.1393e-01
8.7647e+01 1.2594e+04 2.8032e-04 2.2854e-01 1.2594e+04 3.5303e+00 5.7185e-01
8.8039e+01 1.2581e+04 2.4291e-04 2.1138e-01 1.2581e+04 3.0561e+00 5.2881e-01
8.8431e+01 1.2568e+04 2.0501e-04 1.9388e-01 1.2568e+04 2.5767e+00 4.8498e-01
8.8824e+01 1.2556e+04 1.6702e-04 1.7624e-01 1.2556e+04 2.0970e+00 4.4078e-01
8.9216e+01 1.2543e+04 1.2976e-04 1.5887e-01 1.2543e+04 1.6276e+00 3.9727e-01
8.9608e+01 1.2532e+04 9.4765e-05 1.4253e-01 1.2532e+04 1.1875e+00 3.5637e-01
9.0000e+01 1.2521e+04 6.4111e-05 1.2830e-01 1.2521e+04 8.0276e-01 3.2076e-01
9.0392e+01 1.2513e+04 3.9763e-05 1.1717e-01 1.2513e+04 4.9757e-01 2.9294e-01
9.0784e+01 1.2508e+04 2.2574e-05 1.0952e-01 1.2508e+04 2.8236e-01 2.7381e-01
9.1176e+01 1.2504e+04 1.1843e-05 1.0489e-01 1.2504e+04 1.4809e-01 2.6224e-01
9.1569e+01 1.2502e+04 5.8454e-06 1.0238e-01 1.2502e+04 7.3080e-02 2.5595e-01
9.1961e+01 1.2501e+04 2.7691e-06 1.0112e-01 1.2501e+04 3.4617e-02 2.5279e-01
9.2353e+01 1.2500e+04 1.2801e-06 1.0051e-01 1.2500e+04 1.6001e-02 2.5129e-01
9.2745e+01 1.2500e+04 5.8370e-07 1.0023e-01 1.2500e+04 7.2964e-03 2.5059e-01
9.3137e+01 1.2500e+04 2.6417e-07 1.0011e-01 1.2500e+04 3.3022e-03 2.5027e-01
9.3529e+01 1.2500e+04 1.1904e-07 1.0005e-01 1.2500e+04 1.4880e-03 2.5012e-01
9.3922e+01 1.2500e+04 5.3481e-08 1.0002e-01 1.2500e+04 6.6851e-04 2.5005e-01
9.4314e+01 1.2500e+04 2.3974e-08 1.0001e-01 1.2500e+04 2.9968e-04 2.5002e-01
9.4706e+01 1.2500e+04 1.0727e-08 1.0000e-01 1.2500e+04 1.3408e-04 2.5001e-01
9.5098e+01 1.2500e+04 4.7907e-09 1.0000e-01 1.2500e+04 5.9884e-05 2.5000e-01
9.5490e+01 1.2500e+04 2.1359e-09 1.0000e-01 1.2500e+04 2.6699e-05 2.5000e-01
9.5882e+01 1.2500e+04 9.5066e-10 1.0000e-01 1.2500e+04 1.1883e-05 2.5000e-01
9.6275e+01 1.2500e+04 4.2240e-10 1.0000e-01 1.2500e+04 5.2800e-06 2.5000e-01
9.6667e+01 1.2500e+04 1.8736e-10 1.0000e-01 1.2500e+04 2.3420e-06 2.5000e-01
9.7059e+01 1.2500e+04 8.2962e-11 1.0000e-01 1.2500e+04 1.0370e-06 2.5000e-01
9.7451e+01 1.2500e+04 3.6672e-11 1.0000e-01 1.2500e+04 4.5840e-07 2.5000e-01
9.7843e+01 1.2500e+04 1.6183e-11 1.0000e-01 1.2500e+04 2.0229e-07 2.5000e-01
9.8235e+01 1.2500e+04 7.1298e-12 1.0000e-01 1.2500e+04 8.9122e-08 2.5000e-01
9.8627e+01 1.2500e+04 3.1378e-12 1.0000e-01 1.2500e+04 3.9223e-08 2.5000e-01
9.9020e+01 1.2500e+04 1.3831e-12 1.0000e-01 1.2500e+04 1.7289e-08 2.5000e-01
9.9412e+01 1.2500e+04 6.1800e-13 1.0000e-01 1.2500e+04 7.7250e-09 2.5000e-01
9.9804e+01 1.2500e+04 3.0641e-13 1.0000e-01 1.2500e+04 3.8302e-09 2.5000e-01
