# # x Density Velocity Pressure q0 q1 q2
1.9608e-01 1.0000e+05 0.0000e+00 1.0000e+00 1.0000e+05 0.0000e+00 2.5000e+00
5.8824e-01 1.0000e+05 0.0000e+00 1.0000e+00 1.0000e+05 0.0000e+00 2.5000e+00
9.8039e-01 1.0000e+05 0.0000e+00 1.0000e+00 1.0000e+05 0.0000e+00 2.5000e+00
1.3725e+00 1.0000e+05 2.1176e-19 1.0000e+00 1.0000e+05 2.1176e-14 2.5000e+00
1.7647e+00 1.0000e+05 1.5443e-18 1.0000e+00 1.0000e+05 1.5443e-13 2.5000e+00
2.1569e+00 1.0000e+05 4.8961e-18 1.0000e+00 1.0000e+05 4.8961e-13 2.5000e+00
2.5490e+00 1.0000e+05 1.0270e-17 1.0000e+00 1.0000e+05 1.0270e-12 2.5000e+00
2.9412e+00 1.0000e+05 1.7684e-17 1.0000e+00 1.0000e+05 1.7684e-12 2.5000e+00
3.3333e+00 1.0000e+05 2.7478e-17 1.0000e+00 1.0000e+05 2.7478e-12 2.5000e+00
3.7255e+00 1.0000e+05 4.1430e-17 1.0000e+00 1.0000e+05 4.1430e-12 2.5000e+00
4.1176e+00 1.0000e+05 6.2182e-17 1.0000e+00 1.0000e+05 6.2182e-12 2.5000e+00
4.5098e+00 1.0000e+05 9.3103e-17 1.0000e+00 1.0000e+05 9.3103e-12 2.5000e+00
4.9020e+00 1.0000e+05 1.4142e-16 1.0000e+00 1.0000e+05 1.4142e-11 2.5000e+00
5.2941e+00 1.0000e+05 2.1798e-16 1.0000e+00 1.0000e+05 2.1798e-11 2.5000e+00
5.6863e+00 1.0000e+05 3.3967e-16 1.0000e+00 1.0000e+05 3.3967e-11 2.5000e+00
6.0784e+00 1.0000e+05 5.3264e-16 1.0000e+00 1.0000e+05 5.3264e-11 2.5000e+00
6.4706e+00 1.0000e+05 8.3817e-16 1.0000e+00 1.0000e+05 8.3817e-11 2.5000e+00
6.8627e+00 1.0000e+05 1.3207e-15 1.0000e+00 1.0000e+05 1.3207e-10 2.5000e+00
7.2549e+00 1.0000e+05 2.0802e-15 1.0000e+00 1.0000e+05 2.0802e-10 2.5000e+00
7.6471e+00 1.0000e+05 3.2694e-15 1.0000e+00 1.0000e+05 3.2694e-10 2.5000e+00
8.0392e+00 1.0000e+05 5.1243e-15 1.0000e+00 1.0000e+05 5.1243e-10 2.5000e+00
8.4314e+00 1.0000e+05 8.0066e-15 1.0000e+00 1.0000e+05 8.0066e-10 2.5000e+00
8.8235e+00 1.0000e+05 1.2465e-14 1.0000e+00 1.0000e+05 1.2465e-09 2.5000e+00
9.2157e+00 1.0000e+05 1.9333e-14 1.0000e+00 1.0000e+05 1.9333e-09 2.5000e+00
9.6078e+00 1.0000e+05 2.9867e-14 1.0000e+00 1.0000e+05 2.9867e-09 2.5000e+00
1.0000e+01 1.0000e+05 4.5959e-14 1.0000e+00 1.0000e+05 4.5959e-09 2.5000e+00
1.0392e+01 1.0000e+05 7.0442e-14 1.0000e+00 1.0000e+05 7.0442e-09 2.5000e+00
1.0784e+01 1.0000e+05 1.0753e-13 1.0000e+00 1.0000e+05 1.0753e-08 2.5000e+00
1.1176e+01 1.0000e+05 1.6348e-13 1.0000e+00 1.0000e+05 1.6348e-08 2.5000e+00
1.1569e+01 1.0000e+05 2.4753e-13 1.0000e+00 1.0000e+05 2.4753e-08 2.5000e+00
1.1961e+01 1.0000e+05 3.7328e-13 1.0000e+00 1.0000e+05 3.7328e-08 2.5000e+00
1.2353e+01 1.0000e+05 5.6059e-13 1.0000e+00 1.0000e+05 5.6059e-08 2.5000e+00
1.2745e+01 1.0000e+05 8.3845e-13 1.0000e+00 1.0000e+05 8.3845e-08 2.5000e+00
1.3137e+01 1.0000e+05 1.2489e-12 1.0000e+00 1.0000e+05 1.2489e-07 2.5000e+00
1.3529e+01 1.0000e+05 1.8526e-12 1.0000e+00 1.0000e+05 1.8526e-07 2.5000e+00
1.3922e+01 1.0000e+05 2.7369e-12 1.0000e+00 1.0000e+05 2.7369e-07 2.5000e+00
1.4314e+01 1.0000e+05 4.0266e-12 1.0000e+00 1.0000e+05 4.0266e-07 2.5000e+00
1.4706e+01 1.0000e+05 5.8997e-12 1.0000e+00 1.0000e+05 5.8997e-07 2.5000e+00
1.5098e+01 1.0000e+05 8.6084e-12 1.0000e+00 1.0000e+05 8.6084e-07 2.5000e+00
1.5490e+01 1.0000e+05 1.2509e-11 1.0000e+00 1.0000e+05 1.2509e-06 2.5000e+00
1.5882e+01 1.0000e+05 1.8102e-11 1.0000e+00 1.0000e+05 1.8102e-06 2.5000e+00
1.6275e+01 1.0000e+05 2.6087e-11 1.0000e+00 1.0000e+05 2.6087e-06 2.5000e+00
1.6667e+01 1.0000e+05 3.7438e-11 1.0000e+00 1.0000e+05 3.7438e-06 2.5000e+00
1.7059e+01 1.0000e+05 5.3507e-11 1.0000e+00 1.0000e+05 5.3507e-06 2.5000e+00
1.7451e+01 1.0000e+05 7.6156e-11 1.0000e+00 1.0000e+05 7.6156e-06 2.5000e+00
1.7843e+01 1.0000e+05 1.0794e-10 1.0000e+00 1.0000e+05 1.0794e-05 2.5000e+00
1.8235e+01 1.0000e+05 1.5236e-10 1.0000e+00 1.0000e+05 1.5236e-05 2.5000e+00
1.8627e+01 1.0000e+05 2.1416e-10 1.0000e+00 1.0000e+05 2.1416e-05 2.5000e+00
1.9020e+01 1.0000e+05 2.9978e-10 1.0000e+00 1.0000e+05 2.9978e-05 2.5000e+00
1.9412e+01 1.0000e+05 4.1788e-10 1.0000e+00 1.0000e+05 4.1788e-05 2.5000e+00
1.9804e+01 1.0000e+05 5.8009e-10 1.0000e+00 1.0000e+05 5.8009e-05 2.5000e+00
2.0196e+01 1.0000e+05 8.0192e-10 1.0000e+00 1.0000e+05 8.0192e-05 2.5000e+00
2.0588e+01 1.0000e+05 1.1040e-09 1.0000e+00 1.0000e+05 1.1040e-04 2.5000e+00
2.0980e+01 1.0000e+05 1.5134e-09 1.0000e+00 1.0000e+05 1.5134e-04 2.5000e+00
2.1373e+01 1.0000e+05 2.0661e-09 1.0000e+00 1.0000e+05 2.0661e-04 2.5000e+00
2.1765e+01 1.0000e+05 2.8089e-09 9.9999e-01 1.0000e+05 2.8089e-04 2.5000e+00
2.2157e+01 1.0000e+05 3.8029e-09 9.9999e-01 1.0000e+05 3.8029e-04 2.5000e+00
2.2549e+01 1.0000e+05 5.1271e-09 9.9999e-01 1.0000e+05 5.1271e-04 2.5000e+00
2.2941e+01 1.0000e+05 6.8836e-09 9.9999e-01 1.0000e+05 6.8836e-04 2.5000e+00
2.3333e+01 1.0000e+05 9.2034e-09 9.9998e-01 1.0000e+05 9.2034e-04 2.5000e+00
2.3725e+01 1.0000e+05 1.2254e-08 9.9998e-01 1.0000e+05 1.2254e-03 2.4999e+00
2.4118e+01 1.0000e+05 1.6247e-08 9.9997e-01 1.0000e+05 1.6247e-03 2.4999e+00
2.4510e+01 1.0000e+05 2.1453e-08 9.9996e-01 1.0000e+05 2.1453e-03 2.4999e+00
2.4902e+01 1.0000e+05 2.8209e-08 9.9995e-01 1.0000e+05 2.8209e-03 2.4999e+00
2.5294e+01 1.0000e+05 3.6938e-08 9.9993e-01 1.0000e+05 3.6938e-03 2.4998e+00
2.5686e+01 1.0000e+05 4.8168e-08 9.9992e-01 1.0000e+05 4.8168e-03 2.4998e+00
2.6078e+01 1.0000e+05 6.2551e-08 9.9989e-01 1.0000e+05 6.2551e-03 2.4997e+00
2.6471e+01 1.0000e+05 8.0893e-08 9.9986e-01 1.0000e+05 8.0893e-03 2.4997e+00
2.6863e+01 9.9999e+04 1.0418e-07 9.9982e-01 9.9999e+04 1.0418e-02 2.4996e+00
2.7255e+01 9.9999e+04 1.3362e-07 9.9978e-01 9.9999e+04 1.3362e-02 2.4994e+00
2.7647e+01 9.9999e+04 1.7067e-07 9.9972e-01 9.9999e+04 1.7067e-02 2.4993e+00
2.8039e+01 9.9999e+04 2.1710e-07 9.9965e-01 9.9999e+04 2.1709e-02 2.4991e+00
2.8431e+01 9.9998e+04 2.7502e-07 9.9956e-01 9.9998e+04 2.7501e-02 2.4989e+00
2.8824e+01 9.9998e+04 3.4697e-07 9.9945e-01 9.9998e+04 3.4696e-02 2.4986e+00
2.9216e+01 9.9997e+04 4.3594e-07 9.9932e-01 9.9997e+04 4.3593e-02 2.4983e+00
2.9608e+01 9.9996e+04 5.4550e-07 9.9916e-01 9.9996e+04 5.4548e-02 2.4979e+00
3.0000e+01 9.9996e+04 6.7982e-07 9.9897e-01 9.9996e+04 6.7979e-02 2.4974e+00
3.0392e+01 9.9994e+04 8.4377e-07 9.9874e-01 9.9994e+04 8.4372e-02 2.4968e+00
3.0784e+01 9.9993e+04 1.0430e-06 9.9846e-01 9.9993e+04 1.0429e-01 2.4962e+00
3.1176e+01 9.9991e+04 1.2841e-06 9.9813e-01 9.9991e+04 1.2840e-01 2.4953e+00
3.1569e+01 9.9989e+04 1.5746e-06 9.9774e-01 9.9989e+04 1.5744e-01 2.4944e+00
3.1961e+01 9.9987e+04 1.9230e-06 9.9729e-01 9.9987e+04 1.9228e-01 2.4932e+00
3.2353e+01 9.9983e+04 2.3392e-06 9.9675e-01 9.9983e+04 2.3388e-01 2.4919e+00
3.2745e+01 9.9980e+04 2.8342e-06 9.9612e-01 9.9980e+04 2.8336e-01 2.4903e+00
3.3137e+01 9.9975e+04 3.4203e-06 9.9539e-01 9.9975e+04 3.4194e-01 2.4885e+00
3.3529e+01 9.9970e+04 4.1114e-06 9.9455e-01 9.9970e+04 4.1101e-01 2.4864e+00
3.3922e+01 9.9963e+04 4.9228e-06 9.9358e-01 9.9963e+04 4.9209e-01 2.4839e+00
3.4314e+01 9.9956e+04 5.8713e-06 9.9246e-01 9.9956e+04 5.8687e-01 2.4812e+00
3.4706e+01 9.9946e+04 6.9756e-06 9.9119e-01 9.9946e+04 6.9719e-01 2.4780e+00
3.5098e+01 9.9936e+04 8.2558e-06 9.8974e-01 9.9936e+04 8.2504e-01 2.4744e+00
3.5490e+01 9.9923e+04 9.7335e-06 9.8811e-01 9.9923e+04 9.7260e-01 2.4703e+00
3.5882e+01 9.9908e+04 1.1432e-05 9.8627e-01 9.9908e+04 1.1422e+00 2.4657e+00
3.6275e+01 9.9891e+04 1.3377e-05 9.8420e-01 9.9891e+04 1.3363e+00 2.4605e+00
3.6667e+01 9.9871e+04 1.5594e-05 9.8190e-01 9.9871e+04 1.5574e+00 2.4548e+00
3.7059e+01 9.9848e+04 1.8112e-05 9.7934e-01 9.9848e+04 1.8085e+00 2.4484e+00
3.7451e+01 9.9822e+04 2.0959e-05 9.7651e-01 9.9822e+04 2.0922e+00 2.4413e+00
3.7843e+01 9.9791e+04 2.4165e-05 9.7339e-01 9.9791e+04 2.4115e+00 2.4335e+00
3.8235e+01 9.9756e+04 2.7762e-05 9.6998e-01 9.9756e+04 2.7695e+00 2.4250e+00
3.8627e+01 9.9717e+04 3.1781e-05 9.6625e-01 9.9717e+04 3.1691e+00 2.4157e+00
3.9020e+01 9.9672e+04 3.6253e-05 9.6220e-01 9.9672e+04 3.6134e+00 2.4056e+00
3.9412e+01 9.9621e+04 4.1212e-05 9.5782e-01 9.9621e+04 4.1055e+00 2.3946e+00
3.9804e+01 9.9564e+04 4.6687e-05 9.5310e-01 9.9564e+04 4.6483e+00 2.3828e+00
4.0196e+01 9.9500e+04 5.2710e-05 9.4803e-01 9.9500e+04 5.2446e+00 2.3702e+00
4.0588e+01 9.9428e+04 5.9310e-05 9.4263e-01 9.9428e+04 5.8971e+00 2.3567e+00
4.0980e+01 9.9348e+04 6.6517e-05 9.3688e-01 9.9348e+04 6.6083e+00 2.3424e+00
4.1373e+01 9.9260e+04 7.4355e-05 9.3080e-01 9.9260e+04 7.3805e+00 2.3273e+00
4.1765e+01 9.9162e+04 8.2850e-05 9.2438e-01 9.9162e+04 8.2156e+00 2.3113e+00
4.2157e+01 9.9054e+04 9.2022e-05 9.1765e-01 9.9054e+04 9.1152e+00 2.2945e+00
4.2549e+01 9.8936e+04 1.0189e-04 9.1062e-01 9.8936e+04 1.0081e+01 2.2771e+00
4.2941e+01 9.8806e+04 1.1247e-04 9.0329e-01 9.8806e+04 1.1113e+01 2.2589e+00
4.3333e+01 9.8665e+04 1.2376e-04 8.9571e-01 9.8665e+04 1.2211e+01 2.2400e+00
4.3725e+01 9.8511e+04 1.3581e-04 8.8788e-01 9.8511e+04 1.3379e+01 2.2206e+00
4.4118e+01 9.8343e+04 1.4851e-04 8.7982e-01 9.8343e+04 1.4604e+01 2.2006e+00
4.4510e+01 9.8169e+04 1.6220e-04 8.7166e-01 9.8169e+04 1.5923e+01 2.1804e+00
4.4902e+01 9.7956e+04 1.7572e-04 8.6304e-01 9.7956e+04 1.7213e+01 2.1591e+00
4.5294e+01 9.7805e+04 1.9266e-04 8.5523e-01 9.7805e+04 1.8843e+01 2.1399e+00
4.5686e+01 9.7432e+04 2.0287e-04 8.4480e-01 9.7432e+04 1.9766e+01 2.1140e+00
4.6078e+01 9.7555e+04 2.3195e-04 8.4051e-01 9.7555e+04 2.2628e+01 2.1039e+00
4.6471e+01 9.6547e+04 2.2190e-04 8.2277e-01 9.6547e+04 2.1423e+01 2.0593e+00
4.6863e+01 9.7644e+04 2.8754e-04 8.3028e-01 9.7644e+04 2.8077e+01 2.0797e+00
4.7255e+01 9.5314e+04 2.3297e-04 7.9758e-01 9.5314e+04 2.2205e+01 1.9965e+00
4.7647e+01 9.7457e+04 3.3728e-04 8.1737e-01 9.7457e+04 3.2871e+01 2.0490e+00
4.8039e+01 9.5016e+04 2.8308e-04 7.8493e-01 9.5016e+04 2.6898e+01 1.9661e+00
4.8431e+01 9.5794e+04 3.4111e-04 7.8915e-01 9.5794e+04 3.2676e+01 1.9784e+00
4.8824e+01 9.5707e+04 3.5356e-04 7.7869e-01 9.5707e+04 3.3838e+01 1.9527e+00
4.9216e+01 9.0273e+04 3.8186e-04 7.7357e-01 9.0273e+04 3.4471e+01 1.9405e+00
4.9608e+01 1.2094e+05 3.8375e-04 7.5896e-01 1.2094e+05 4.6413e+01 1.9063e+00
5.0000e+01 3.8627e+04 4.0042e-04 7.5479e-01 3.8627e+04 1.5467e+01 1.8901e+00
5.0392e+01 1.3601e+04 4.3782e-04 7.5491e-01 1.3601e+04 5.9549e+00 1.8886e+00
5.0784e+01 9.3413e+03 5.2787e-04 7.5543e-01 9.3413e+03 4.9310e+00 1.8899e+00
5.1176e+01 9.3808e+03 5.9299e-04 7.5007e-01 9.3808e+03 5.5627e+00 1.8768e+00
5.1569e+01 9.8363e+03 6.8373e-04 7.4888e-01 9.8363e+03 6.7253e+00 1.8745e+00
5.1961e+01 1.0520e+04 8.3329e-04 7.5555e-01 1.0520e+04 8.7661e+00 1.8925e+00
5.2353e+01 1.0918e+04 9.1866e-04 7.5744e-01 1.0918e+04 1.0030e+01 1.8982e+00
5.2745e+01 1.1219e+04 9.2180e-04 7.5159e-01 1.1219e+04 1.0342e+01 1.8837e+00
5.3137e+01 1.1367e+04 9.2515e-04 7.4670e-01 1.1367e+04 1.0516e+01 1.8716e+00
5.3529e+01 1.1597e+04 9.8934e-04 7.4909e-01 1.1597e+04 1.1473e+01 1.8784e+00
5.3922e+01 1.1798e+04 1.0846e-03 7.5556e-01 1.1798e+04 1.2796e+01 1.8958e+00
5.4314e+01 1.1980e+04 1.1558e-03 7.5983e-01 1.1980e+04 1.3847e+01 1.9076e+00
5.4706e+01 1.2064e+04 1.1768e-03 7.5886e-01 1.2064e+04 1.4196e+01 1.9055e+00
5.5098e+01 1.2107e+04 1.1617e-03 7.5416e-01 1.2107e+04 1.4065e+01 1.8936e+00
5.5490e+01 1.2140e+04 1.1491e-03 7.4877e-01 1.2140e+04 1.3951e+01 1.8799e+00
5.5882e+01 1.2233e+04 1.1833e-03 7.4921e-01 1.2233e+04 1.4476e+01 1.8816e+00
5.6275e+01 1.2383e+04 1.2712e-03 7.5627e-01 1.2383e+04 1.5741e+01 1.9007e+00
5.6667e+01 1.2565e+04 1.3838e-03 7.6665e-01 1.2565e+04 1.7387e+01 1.9287e+00
5.7059e+01 1.2729e+04 1.4877e-03 7.7645e-01 1.2729e+04 1.8937e+01 1.9552e+00
5.7451e+01 1.2852e+04 1.5631e-03 7.8322e-01 1.2852e+04 2.0090e+01 1.9737e+00
5.7843e+01 1.2929e+04 1.6067e-03 7.8641e-01 1.2929e+04 2.0772e+01 1.9827e+00
5.8235e+01 1.2969e+04 1.6257e-03 7.8681e-01 1.2969e+04 2.1084e+01 1.9842e+00
5.8627e+01 1.2987e+04 1.6305e-03 7.8561e-01 1.2987e+04 2.1176e+01 1.9813e+00
5.9020e+01 1.2996e+04 1.6294e-03 7.8377e-01 1.2996e+04 2.1175e+01 1.9767e+00
5.9412e+01 1.3001e+04 1.6263e-03 7.8173e-01 1.3001e+04 2.1143e+01 1.9715e+00
5.9804e+01 1.3005e+04 1.6226e-03 7.7960e-01 1.3005e+04 2.1102e+01 1.9661e+00
6.0196e+01 1.3008e+04 1.6185e-03 7.7739e-01 1.3008e+04 2.1053e+01 1.9605e+00
6.0588e+01 1.3011e+04 1.6140e-03 7.7510e-01 1.3011e+04 2.0999e+01 1.9547e+00
6.0980e+01 1.3014e+04 1.6090e-03 7.7272e-01 1.3014e+04 2.0940e+01 1.9486e+00
6.1373e+01 1.3016e+04 1.6038e-03 7.7026e-01 1.3016e+04 2.0874e+01 1.9424e+00
6.1765e+01 1.3018e+04 1.5981e-03 7.6772e-01 1.3018e+04 2.0804e+01 1.9359e+00
6.2157e+01 1.3019e+04 1.5921e-03 7.6509e-01 1.3019e+04 2.0728e+01 1.9292e+00
6.2549e+01 1.3020e+04 1.5857e-03 7.6237e-01 1.3020e+04 2.0647e+01 1.9223e+00
6.2941e+01 1.3021e+04 1.5790e-03 7.5956e-01 1.3021e+04 2.0560e+01 1.9151e+00
6.3333e+01 1.3021e+04 1.5719e-03 7.5665e-01 1.3021e+04 2.0468e+01 1.9077e+00
6.3725e+01 1.3021e+04 1.5645e-03 7.5364e-01 1.3021e+04 2.0371e+01 1.9000e+00
6.4118e+01 1.3021e+04 1.5566e-03 7.5053e-01 1.3021e+04 2.0269e+01 1.8921e+00
6.4510e+01 1.3021e+04 1.5485e-03 7.4732e-01 1.3021e+04 2.0162e+01 1.8839e+00
6.4902e+01 1.3020e+04 1.5399e-03 7.4400e-01 1.3020e+04 2.0049e+01 1.8754e+00
6.5294e+01 1.3019e+04 1.5310e-03 7.4057e-01 1.3019e+04 1.9932e+01 1.8667e+00
6.5686e+01 1.3017e+04 1.5217e-03 7.3702e-01 1.3017e+04 1.9809e+01 1.8576e+00
6.6078e+01 1.3016e+04 1.5121e-03 7.3335e-01 1.3016e+04 1.9681e+01 1.8483e+00
6.6471e+01 1.3014e+04 1.5021e-03 7.2957e-01 1.3014e+04 1.9548e+01 1.8386e+00
6.6863e+01 1.3012e+04 1.4917e-03 7.2566e-01 1.3012e+04 1.9409e+01 1.8286e+00
6.7255e+01 1.3009e+04 1.4809e-03 7.2162e-01 1.3009e+04 1.9265e+01 1.8183e+00
6.7647e+01 1.3007e+04 1.4697e-03 7.1745e-01 1.3007e+04 1.9116e+01 1.8077e+00
6.8039e+01 1.3004e+04 1.4582e-03 7.1315e-01 1.3004e+04 1.8962e+01 1.7967e+00
6.8431e+01 1.3001e+04 1.4463e-03 7.0871e-01 1.3001e+04 1.8802e+01 1.7854e+00
6.8824e+01 1.2997e+04 1.4339e-03 7.0413e-01 1.2997e+04 1.8637e+01 1.7737e+00
6.9216e+01 1.2994e+04 1.4212e-03 6.9940e-01 1.2994e+04 1.8467e+01 1.7616e+00
6.9608e+01 1.2990e+04 1.4081e-03 6.9453e-01 1.2990e+04 1.8291e+01 1.7492e+00
7.0000e+01 1.2986e+04 1.3946e-03 6.8950e-01 1.2986e+04 1.8110e+01 1.7364e+00
7.0392e+01 1.2981e+04 1.3807e-03 6.8432e-01 1.2981e+04 1.7924e+01 1.7232e+00
7.0784e+01 1.2977e+04 1.3664e-03 6.7898e-01 1.2977e+04 1.7732e+01 1.7096e+00
7.1176e+01 1.2972e+04 1.3517e-03 6.7348e-01 1.2972e+04 1.7534e+01 1.6955e+00
7.1569e+01 1.2967e+04 1.3366e-03 6.6781e-01 1.2967e+04 1.7332e+01 1.6811e+00
7.1961e+01 1.2962e+04 1.3210e-03 6.6197e-01 1.2962e+04 1.7123e+01 1.6662e+00
7.2353e+01 1.2957e+04 1.3051e-03 6.5596e-01 1.2957e+04 1.6910e+01 1.6509e+00
7.2745e+01 1.2951e+04 1.2887e-03 6.4978e-01 1.2951e+04 1.6690e+01 1.6352e+00
7.3137e+01 1.2946e+04 1.2719e-03 6.4341e-01 1.2946e+04 1.6465e+01 1.6190e+00
7.3529e+01 1.2940e+04 1.2547e-03 6.3687e-01 1.2940e+04 1.6235e+01 1.6024e+00
7.3922e+01 1.2934e+04 1.2370e-03 6.3013e-01 1.2934e+04 1.5999e+01 1.5852e+00
7.4314e+01 1.2927e+04 1.2189e-03 6.2321e-01 1.2927e+04 1.5758e+01 1.5676e+00
7.4706e+01 1.2921e+04 1.2004e-03 6.1610e-01 1.2921e+04 1.5510e+01 1.5496e+00
7.5098e+01 1.2914e+04 1.1815e-03 6.0879e-01 1.2914e+04 1.5258e+01 1.5310e+00
7.5490e+01 1.2907e+04 1.1621e-03 6.0128e-01 1.2907e+04 1.4999e+01 1.5119e+00
7.5882e+01 1.2900e+04 1.1422e-03 5.9356e-01 1.2900e+04 1.4735e+01 1.4923e+00
7.6275e+01 1.2893e+04 1.1220e-03 5.8564e-01 1.2893e+04 1.4465e+01 1.4722e+00
7.6667e+01 1.2885e+04 1.1012e-03 5.7751e-01 1.2885e+04 1.4190e+01 1.4516e+00
7.7059e+01 1.2878e+04 1.0800e-03 5.6916e-01 1.2878e+04 1.3909e+01 1.4304e+00
7.7451e+01 1.2870e+04 1.0584e-03 5.6059e-01 1.2870e+04 1.3622e+01 1.4087e+00
7.7843e+01 1.2862e+04 1.0363e-03 5.5180e-01 1.2862e+04 1.3329e+01 1.3864e+00
7.8235e+01 1.2854e+04 1.0137e-03 5.4279e-01 1.2854e+04 1.3030e+01 1.3636e+00
7.8627e+01 1.2846e+04 9.9066e-04 5.3354e-01 1.2846e+04 1.2726e+01 1.3402e+00
7.9020e+01 1.2837e+04 9.6714e-04 5.2406e-01 1.2837e+04 1.2415e+01 1.3161e+00
7.9412e+01 1.2828e+04 9.4313e-04 5.1433e-01 1.2828e+04 1.2099e+01 1.2915e+00
7.9804e+01 1.2820e+04 9.1863e-04 5.0436e-01 1.2820e+04 1.1776e+01 1.2663e+00
8.0196e+01 1.2810e+04 8.9364e-04 4.9414e-01 1.2810e+04 1.1448e+01 1.2405e+00
8.0588e+01 1.2801e+04 8.6815e-04 4.8367e-01 1.2801e+04 1.1113e+01 1.2140e+00
8.0980e+01 1.2792e+04 8.4215e-04 4.7293e-01 1.2792e+04 1.0773e+01 1.1869e+00
8.1373e+01 1.2782e+04 8.1563e-04 4.6192e-01 1.2782e+04 1.0426e+01 1.1591e+00
8.1765e+01 1.2773e+04 7.8860e-04 4.5064e-01 1.2773e+04 1.0072e+01 1.1306e+00
8.2157e+01 1.2763e+04 7.6103e-04 4.3908e-01 1.2763e+04 9.7127e+00 1.1014e+00
8.2549e+01 1.2753e+04 7.3292e-04 4.2723e-01 1.2753e+04 9.3466e+00 1.0715e+00
8.2941e+01 1.2742e+04 7.0427e-04 4.1509e-01 1.2742e+04 8.9740e+00 1.0409e+00
8.3333e+01 1.2732e+04 6.7506e-04 4.0265e-01 1.2732e+04 8.5948e+00 1.0095e+00
8.3725e+01 1.2721e+04 6.4529e-04 3.8990e-01 1.2721e+04 8.2089e+00 9.7740e-01
8.4118e+01 1.2711e+04 6.1494e-04 3.7683e-01 1.2711e+04 7.8162e+00 9.4449e-01
8.4510e+01 1.2700e+04 5.8401e-04 3.6345e-01 1.2700e+04 7.4167e+00 9.1078e-01
8.4902e+01 1.2688e+04 5.5249e-04 3.4973e-01 1.2688e+04 7.0103e+00 8.7626e-01
8.5294e+01 1.2677e+04 5.2036e-04 3.3567e-01 1.2677e+04 6.5967e+00 8.4089e-01
8.5686e+01 1.2666e+04 4.8763e-04 3.2126e-01 1.2666e+04 6.1761e+00 8.0467e-01
8.6078e+01 1.2654e+04 4.5426e-04 3.0650e-01 1.2654e+04 5.7482e+00 7.6756e-01
8.6471e+01 1.2642e+04 4.2026e-04 2.9137e-01 1.2642e+04 5.3130e+00 7.2955e-01
8.6863e+01 1.2630e+04 3.8561e-04 2.7587e-01 1.2630e+04 4.8703e+00 6.9061e-01
8.7255e+01 1.2618e+04 3.5030e-04 2.5998e-01 1.2618e+04 4.4201e+00 6.5073e-01
8.7647e+01 1.2606e+04 3.1433e-04 2.4370e-01 1.2606e+04 3.9623e+00 6.0987e-01
8.8039e+01 1.2593e+04 2.7769e-04 2.2702e-01 1.2593e+04 3.4970e+00 5.6804e-01
8.8431e+01 1.2580e+04 2.4044e-04 2.0997e-01 1.2580e+04 3.0249e+00 5.2528e-01
8.8824e+01 1.2568e+04 2.0272e-04 1.9259e-01 1.2568e+04 2.5477e+00 4.8174e-01
8.9216e+01 1.2555e+04 1.6493e-04 1.7509e-01 1.2555e+04 2.0707e+00 4.3789e-01
8.9608e+01 1.2543e+04 1.2793e-04 1.5787e-01 1.2543e+04 1.6045e+00 3.9478e-01
9.0000e+01 1.2531e+04 9.3239e-05 1.4172e-01 1.2531e+04 1.1684e+00 3.5434e-01
9.0392e+01 1.2521e+04 6.2943e-05 1.2769e-01 1.2521e+04 7.8812e-01 3.1926e-01
9.0784e+01 1.2513e+04 3.8960e-05 1.1677e-01 1.2513e+04 4.8751e-01 2.9194e-01
9.1176e+01 1.2508e+04 2.2085e-05 1.0929e-01 1.2508e+04 2.7623e-01 2.7323e-01
9.1569e+01 1.2504e+04 1.1578e-05 1.0477e-01 1.2504e+04 1.4477e-01 2.6193e-01
9.1961e+01 1.2502e+04 5.7154e-06 1.0232e-01 1.2502e+04 7.1454e-02 2.5580e-01
9.2353e+01 1.2501e+04 2.7098e-06 1.0109e-01 1.2501e+04 3.3876e-02 2.5273e-01
9.2745e+01 1.2500e+04 1.2543e-06 1.0050e-01 1.2500e+04 1.5680e-02 2.5126e-01
9.3137e+01 1.2500e+04 5.7288e-07 1.0023e-01 1.2500e+04 7.1611e-03 2.5057e-01
9.3529e+01 1.2500e+04 2.5973e-07 1.0010e-01 1.2500e+04 3.2466e-03 2.5026e-01
9.3922e+01 1.2500e+04 1.1725e-07 1.0005e-01 1.2500e+04 1.4656e-03 2.5012e-01
9.4314e+01 1.2500e+04 5.2774e-08 1.0002e-01 1.2500e+04 6.5968e-04 2.5005e-01
9.4706e+01 1.2500e+04 2.3702e-08 1.0001e-01 1.2500e+04 2.9628e-04 2.5002e-01
9.5098e+01 1.2500e+04 1.0625e-08 1.0000e-01 1.2500e+04 1.3281e-04 2.5001e-01
9.5490e+01 1.2500e+04 4.7546e-09 1.0000e-01 1.2500e+04 5.9432e-05 2.5000e-01
9.5882e+01 1.2500e+04 2.1239e-09 1.0000e-01 1.2500e+04 2.6549e-05 2.5000e-01
9.6275e+01 1.2500e+04 9.4719e-10 1.0000e-01 1.2500e+04 1.1840e-05 2.5000e-01
9.6667e+01 1.2500e+04 4.2170e-10 1.0000e-01 1.2500e+04 5.2712e-06 2.5000e-01
9.7059e+01 1.2500e+04 1.8742e-10 1.0000e-01 1.2500e+04 2.3428e-06 2.5000e-01
9.7451e+01 1.2500e+04 8.3161e-11 1.0000e-01 1.2500e+04 1.0395e-06 2.5000e-01
9.7843e+01 1.2500e+04 3.6837e-11 1.0000e-01 1.2500e+04 4.6046e-07 2.5000e-01
9.8235e+01 1.2500e+04 1.6291e-11 1.0000e-01 1.2500e+04 2.0364e-07 2.5000e-01
9.8627e+01 1.2500e+04 7.1977e-12 1.0000e-01 1.2500e+04 8.9971e-08 2.5000e-01
9.9020e+01 1.2500e+04 3.1853e-12 1.0000e-01 1.2500e+04 3.9816e-08 2.5000e-01
9.9412e+01 1.2500e+04 1.4292e-12 1.0000e-01 1.2500e+04 1.7865e-08 2.5000e-01
9.9804e+01 1.2500e+04 7.1206e-13 1.0000e-01 1.2500e+04 8.9007e-09 2.5000e-01
