# # x Density Velocity Pressure q0 q1 q2
1.9608e-01 1.0000e+05 0.0000e+00 1.0000e+00 1.0000e+05 0.0000e+00 2.5000e+00
5.8824e-01 1.0000e+05 0.0000e+00 1.0000e+00 1.0000e+05 0.0000e+00 2.5000e+00
9.8039e-01 1.0000e+05 0.0000e+00 1.0000e+00 1.0000e+05 0.0000e+00 2.5000e+00
1.3725e+00 1.0000e+05 3.0576e-19 1.0000e+00 1.0000e+05 3.0576e-14 2.5000e+00
1.7647e+00 1.0000e+05 1.9132e-18 1.0000e+00 1.0000e+05 1.9132e-13 2.5000e+00
2.1569e+00 1.0000e+05 5.5622e-18 1.0000e+00 1.0000e+05 5.5622e-13 2.5000e+00
2.5490e+00 1.0000e+05 1.1237e-17 1.0000e+00 1.0000e+05 1.1237e-12 2.5000e+00
2.9412e+00 1.0000e+05 1.8954e-17 1.0000e+00 1.0000e+05 1.8954e-12 2.5000e+00
3.3333e+00 1.0000e+05 2.9231e-17 1.0000e+00 1.0000e+05 2.9231e-12 2.5000e+00
3.7255e+00 1.0000e+05 4.4023e-17 1.0000e+00 1.0000e+05 4.4023e-12 2.5000e+00
4.1176e+00 1.0000e+05 6.5937e-17 1.0000e+00 1.0000e+05 6.5937e-12 2.5000e+00
4.5098e+00 1.0000e+05 9.8856e-17 1.0000e+00 1.0000e+05 9.8856e-12 2.5000e+00
4.9020e+00 1.0000e+05 1.5042e-16 1.0000e+00 1.0000e+05 1.5042e-11 2.5000e+00
5.2941e+00 1.0000e+05 2.3206e-16 1.0000e+00 1.0000e+05 2.3206e-11 2.5000e+00
5.6863e+00 1.0000e+05 3.6184e-16 1.0000e+00 1.0000e+05 3.6184e-11 2.5000e+00
6.0784e+00 1.0000e+05 5.6745e-16 1.0000e+00 1.0000e+05 5.6745e-11 2.5000e+00
6.4706e+00 1.0000e+05 8.9271e-16 1.0000e+00 1.0000e+05 8.9271e-11 2.5000e+00
6.8627e+00 1.0000e+05 1.4059e-15 1.0000e+00 1.0000e+05 1.4059e-10 2.5000e+00
7.2549e+00 1.0000e+05 2.2129e-15 1.0000e+00 1.0000e+05 2.2129e-10 2.5000e+00
7.6471e+00 1.0000e+05 3.4750e-15 1.0000e+00 1.0000e+05 3.4750e-10 2.5000e+00
8.0392e+00 1.0000e+05 5.4415e-15 1.0000e+00 1.0000e+05 5.4415e-10 2.5000e+00
8.4314e+00 1.0000e+05 8.4940e-15 1.0000e+00 1.0000e+05 8.4940e-10 2.5000e+00
8.8235e+00 1.0000e+05 1.3211e-14 1.0000e+00 1.0000e+05 1.3211e-09 2.5000e+00
9.2157e+00 1.0000e+05 2.0469e-14 1.0000e+00 1.0000e+05 2.0469e-09 2.5000e+00
9.6078e+00 1.0000e+05 3.1591e-14 1.0000e+00 1.0000e+05 3.1591e-09 2.5000e+00
1.0000e+01 1.0000e+05 4.8563e-14 1.0000e+00 1.0000e+05 4.8563e-09 2.5000e+00
1.0392e+01 1.0000e+05 7.4359e-14 1.0000e+00 1.0000e+05 7.4359e-09 2.5000e+00
1.0784e+01 1.0000e+05 1.1340e-13 1.0000e+00 1.0000e+05 1.1340e-08 2.5000e+00
1.1176e+01 1.0000e+05 1.7223e-13 1.0000e+00 1.0000e+05 1.7223e-08 2.5000e+00
1.1569e+01 1.0000e+05 2.6053e-13 1.0000e+00 1.0000e+05 2.6053e-08 2.5000e+00
1.1961e+01 1.0000e+05 3.9249e-13 1.0000e+00 1.0000e+05 3.9249e-08 2.5000e+00
1.2353e+01 1.0000e+05 5.8888e-13 1.0000e+00 1.0000e+05 5.8888e-08 2.5000e+00
1.2745e+01 1.0000e+05 8.7993e-13 1.0000e+00 1.0000e+05 8.7993e-08 2.5000e+00
1.3137e+01 1.0000e+05 1.3094e-12 1.0000e+00 1.0000e+05 1.3094e-07 2.5000e+00
1.3529e+01 1.0000e+05 1.9406e-12 1.0000e+00 1.0000e+05 1.9406e-07 2.5000e+00
1.3922e+01 1.0000e+05 2.8643e-12 1.0000e+00 1.0000e+05 2.8643e-07 2.5000e+00
1.4314e+01 1.0000e+05 4.2101e-12 1.0000e+00 1.0000e+05 4.2101e-07 2.5000e+00
1.4706e+01 1.0000e+05 6.1629e-12 1.0000e+00 1.0000e+05 6.1629e-07 2.5000e+00
1.5098e+01 1.0000e+05 8.9844e-12 1.0000e+00 1.0000e+05 8.9844e-07 2.5000e+00
1.5490e+01 1.0000e+05 1.3044e-11 1.0000e+00 1.0000e+05 1.3044e-06 2.5000e+00
1.5882e+01 1.0000e+05 1.8859e-11 1.0000e+00 1.0000e+05 1.8859e-06 2.5000e+00
1.6275e+01 1.0000e+05 2.7154e-11 1.0000e+00 1.0000e+05 2.7154e-06 2.5000e+00
1.6667e+01 1.0000e+05 3.8936e-11 1.0000e+00 1.0000e+05 3.8936e-06 2.5000e+00
1.7059e+01 1.0000e+05 5.5600e-11 1.0000e+00 1.0000e+05 5.5600e-06 2.5000e+00
1.7451e+01 1.0000e+05 7.9068e-11 1.0000e+00 1.0000e+05 7.9068e-06 2.5000e+00
1.7843e+01 1.0000e+05 1.1197e-10 1.0000e+00 1.0000e+05 1.1197e-05 2.5000e+00
1.8235e+01 1.0000e+05 1.5792e-10 1.0000e+00 1.0000e+05 1.5792e-05 2.5000e+00
1.8627e+01 1.0000e+05 2.2180e-10 1.0000e+00 1.0000e+05 2.2180e-05 2.5000e+00
1.9020e+01 1.0000e+05 3.1021e-10 1.0000e+00 1.0000e+05 3.1021e-05 2.5000e+00
1.9412e+01 1.0000e+05 4.3208e-10 1.0000e+00 1.0000e+05 4.3208e-05 2.5000e+00
1.9804e+01 1.0000e+05 5.9933e-10 1.0000e+00 1.0000e+05 5.9933e-05 2.5000e+00
2.0196e+01 1.0000e+05 8.2786e-10 1.0000e+00 1.0000e+05 8.2786e-05 2.5000e+00
2.0588e+01 1.0000e+05 1.1388e-09 1.0000e+00 1.0000e+05 1.1388e-04 2.5000e+00
2.0980e+01 1.0000e+05 1.5600e-09 1.0000e+00 1.0000e+05 1.5600e-04 2.5000e+00
2.1373e+01 1.0000e+05 2.1280e-09 1.0000e+00 1.0000e+05 2.1280e-04 2.5000e+00
2.1765e+01 1.0000e+05 2.8909e-09 9.9999e-01 1.0000e+05 2.8909e-04 2.5000e+00
2.2157e+01 1.0000e+05 3.9110e-09 9.9999e-01 1.0000e+05 3.9110e-04 2.5000e+00
2.2549e+01 1.0000e+05 5.2691e-09 9.9999e-01 1.0000e+05 5.2691e-04 2.5000e+00
2.2941e+01 1.0000e+05 7.0691e-09 9.9999e-01 1.0000e+05 7.0691e-04 2.5000e+00
2.3333e+01 1.0000e+05 9.4448e-09 9.9998e-01 1.0000e+05 9.4448e-04 2.5000e+00
2.3725e+01 1.0000e+05 1.2566e-08 9.9998e-01 1.0000e+05 1.2566e-03 2.4999e+00
2.4118e+01 1.0000e+05 1.6650e-08 9.9997e-01 1.0000e+05 1.6650e-03 2.4999e+00
2.4510e+01 1.0000e+05 2.1970e-08 9.9996e-01 1.0000e+05 2.1970e-03 2.4999e+00
2.4902e+01 1.0000e+05 2.8869e-08 9.9995e-01 1.0000e+05 2.8869e-03 2.4999e+00
2.5294e+01 1.0000e+05 3.7778e-08 9.9993e-01 1.0000e+05 3.7778e-03 2.4998e+00
2.5686e+01 1.0000e+05 4.9231e-08 9.9991e-01 1.0000e+05 4.9231e-03 2.4998e+00
2.6078e+01 1.0000e+05 6.3891e-08 9.9989e-01 1.0000e+05 6.3891e-03 2.4997e+00
2.6471e+01 1.0000e+05 8.2574e-08 9.9986e-01 1.0000e+05 8.2574e-03 2.4996e+00
2.6863e+01 9.9999e+04 1.0628e-07 9.9982e-01 9.9999e+04 1.0628e-02 2.4996e+00
2.7255e+01 9.9999e+04 1.3623e-07 9.9977e-01 9.9999e+04 1.3623e-02 2.4994e+00
2.7647e+01 9.9999e+04 1.7390e-07 9.9971e-01 9.9999e+04 1.7390e-02 2.4993e+00
2.8039e+01 9.9999e+04 2.2107e-07 9.9964e-01 9.9999e+04 2.2107e-02 2.4991e+00
2.8431e+01 9.9998e+04 2.7989e-07 9.9955e-01 9.9998e+04 2.7989e-02 2.4989e+00
2.8824e+01 9.9998e+04 3.5291e-07 9.9944e-01 9.9998e+04 3.5290e-02 2.4986e+00
2.9216e+01 9.9997e+04 4.4317e-07 9.9931e-01 9.9997e+04 4.4315e-02 2.4983e+00
2.9608e+01 9.9996e+04 5.5424e-07 9.9915e-01 9.9996e+04 5.5422e-02 2.4979e+00
3.0000e+01 9.9995e+04 6.9033e-07 9.9895e-01 9.9995e+04 6.9030e-02 2.4974e+00
3.0392e+01 9.9994e+04 8.5636e-07 9.9872e-01 9.9994e+04 8.5631e-02 2.4968e+00
3.0784e+01 9.9993e+04 1.0580e-06 9.9844e-01 9.9993e+04 1.0580e-01 2.4961e+00
3.1176e+01 9.9991e+04 1.3019e-06 9.9811e-01 9.9991e+04 1.3018e-01 2.4953e+00
3.1569e+01 9.9989e+04 1.5957e-06 9.9772e-01 9.9989e+04 1.5955e-01 2.4943e+00
3.1961e+01 9.9986e+04 1.9478e-06 9.9726e-01 9.9986e+04 1.9475e-01 2.4931e+00
3.2353e+01 9.9983e+04 2.3682e-06 9.9672e-01 9.9983e+04 2.3678e-01 2.4918e+00
3.2745e+01 9.9979e+04 2.8680e-06 9.9608e-01 9.9979e+04 2.8674e-01 2.4902e+00
3.3137e+01 9.9975e+04 3.4595e-06 9.9535e-01 9.9975e+04 3.4587e-01 2.4884e+00
3.3529e+01 9.9969e+04 4.1567e-06 9.9450e-01 9.9969e+04 4.1554e-01 2.4862e+00
3.3922e+01 9.9963e+04 4.9749e-06 9.9352e-01 9.9963e+04 4.9730e-01 2.4838e+00
3.4314e+01 9.9955e+04 5.9310e-06 9.9240e-01 9.9955e+04 5.9283e-01 2.4810e+00
3.4706e+01 9.9946e+04 7.0436e-06 9.9112e-01 9.9946e+04 7.0397e-01 2.4778e+00
3.5098e+01 9.9935e+04 8.3328e-06 9.8967e-01 9.9935e+04 8.3274e-01 2.4742e+00
3.5490e+01 9.9922e+04 9.8205e-06 9.8802e-01 9.9922e+04 9.8129e-01 2.4701e+00
3.5882e+01 9.9907e+04 1.1530e-05 9.8617e-01 9.9907e+04 1.1519e+00 2.4654e+00
3.6275e+01 9.9890e+04 1.3487e-05 9.8410e-01 9.9890e+04 1.3472e+00 2.4603e+00
3.6667e+01 9.9870e+04 1.5716e-05 9.8179e-01 9.9870e+04 1.5696e+00 2.4545e+00
3.7059e+01 9.9847e+04 1.8247e-05 9.7922e-01 9.9847e+04 1.8219e+00 2.4481e+00
3.7451e+01 9.9820e+04 2.1108e-05 9.7638e-01 9.9820e+04 2.1070e+00 2.4410e+00
3.7843e+01 9.9789e+04 2.4329e-05 9.7326e-01 9.9789e+04 2.4278e+00 2.4332e+00
3.8235e+01 9.9754e+04 2.7941e-05 9.6983e-01 9.9754e+04 2.7873e+00 2.4246e+00
3.8627e+01 9.9715e+04 3.1976e-05 9.6609e-01 9.9715e+04 3.1885e+00 2.4153e+00
3.9020e+01 9.9669e+04 3.6465e-05 9.6204e-01 9.9669e+04 3.6345e+00 2.4052e+00
3.9412e+01 9.9618e+04 4.1440e-05 9.5765e-01 9.9618e+04 4.1282e+00 2.3942e+00
3.9804e+01 9.9561e+04 4.6933e-05 9.5292e-01 9.9561e+04 4.6726e+00 2.3824e+00
4.0196e+01 9.9497e+04 5.2973e-05 9.4785e-01 9.9497e+04 5.2706e+00 2.3698e+00
4.0588e+01 9.9425e+04 5.9591e-05 9.4244e-01 9.9425e+04 5.9248e+00 2.3563e+00
4.0980e+01 9.9345e+04 6.6814e-05 9.3669e-01 9.9345e+04 6.6376e+00 2.3419e+00
4.1373e+01 9.9256e+04 7.4670e-05 9.3060e-01 9.9256e+04 7.4114e+00 2.3268e+00
4.1765e+01 9.9158e+04 8.3181e-05 9.2419e-01 9.9158e+04 8.2480e+00 2.3108e+00
4.2157e+01 9.9049e+04 9.2368e-05 9.1745e-01 9.9049e+04 9.1490e+00 2.2941e+00
4.2549e+01 9.8931e+04 1.0225e-04 9.1042e-01 9.8931e+04 1.0116e+01 2.2766e+00
4.2941e+01 9.8801e+04 1.1284e-04 9.0310e-01 9.8801e+04 1.1149e+01 2.2584e+00
4.3333e+01 9.8659e+04 1.2415e-04 8.9551e-01 9.8659e+04 1.2249e+01 2.2395e+00
4.3725e+01 9.8505e+04 1.3621e-04 8.8769e-01 9.8505e+04 1.3417e+01 2.2201e+00
4.4118e+01 9.8337e+04 1.4891e-04 8.7963e-01 9.8337e+04 1.4644e+01 2.2002e+00
4.4510e+01 9.8162e+04 1.6262e-04 8.7148e-01 9.8162e+04 1.5964e+01 2.1800e+00
4.4902e+01 9.7949e+04 1.7614e-04 8.6286e-01 9.7949e+04 1.7252e+01 2.1587e+00
4.5294e+01 9.7798e+04 1.9312e-04 8.5508e-01 9.7798e+04 1.8886e+01 2.1395e+00
4.5686e+01 9.7422e+04 2.0323e-04 8.4462e-01 9.7422e+04 1.9799e+01 2.1136e+00
4.6078e+01 9.7550e+04 2.3252e-04 8.4041e-01 9.7550e+04 2.2682e+01 2.1037e+00
4.6471e+01 9.6534e+04 2.2212e-04 8.2257e-01 9.6534e+04 2.1442e+01 2.0588e+00
4.6863e+01 9.7642e+04 2.8820e-04 8.3023e-01 9.7642e+04 2.8140e+01 2.0796e+00
4.7255e+01 9.5302e+04 2.3327e-04 7.9743e-01 9.5302e+04 2.2231e+01 1.9962e+00
4.7647e+01 9.7445e+04 3.3759e-04 8.1723e-01 9.7445e+04 3.2896e+01 2.0486e+00
4.8039e+01 9.5017e+04 2.8384e-04 7.8496e-01 9.5017e+04 2.6969e+01 1.9662e+00
4.8431e+01 9.5776e+04 3.4122e-04 7.8898e-01 9.5776e+04 3.2681e+01 1.9780e+00
4.8824e+01 9.5702e+04 3.5394e-04 7.7862e-01 9.5702e+04 3.3873e+01 1.9525e+00
4.9216e+01 9.0240e+04 3.8238e-04 7.7356e-01 9.0240e+04 3.4506e+01 1.9405e+00
4.9608e+01 1.2099e+05 3.8418e-04 7.5893e-01 1.2099e+05 4.6483e+01 1.9062e+00
5.0000e+01 3.8730e+04 4.0068e-04 7.5472e-01 3.8730e+04 1.5518e+01 1.8899e+00
5.0392e+01 1.3628e+04 4.3734e-04 7.5474e-01 1.3628e+04 5.9602e+00 1.8881e+00
5.0784e+01 9.3423e+03 5.2875e-04 7.5544e-01 9.3423e+03 4.9397e+00 1.8899e+00
5.1176e+01 9.3762e+03 5.9466e-04 7.5018e-01 9.3762e+03 5.5757e+00 1.8771e+00
5.1569e+01 9.8282e+03 6.8199e-04 7.4865e-01 9.8282e+03 6.7027e+00 1.8739e+00
5.1961e+01 1.0511e+04 8.3083e-04 7.5523e-01 1.0511e+04 8.7332e+00 1.8917e+00
5.2353e+01 1.0913e+04 9.1940e-04 7.5746e-01 1.0913e+04 1.0034e+01 1.8983e+00
5.2745e+01 1.1218e+04 9.2428e-04 7.5180e-01 1.1218e+04 1.0368e+01 1.8843e+00
5.3137e+01 1.1364e+04 9.2563e-04 7.4669e-01 1.1364e+04 1.0519e+01 1.8716e+00
5.3529e+01 1.1591e+04 9.8705e-04 7.4876e-01 1.1591e+04 1.1441e+01 1.8776e+00
5.3922e+01 1.1792e+04 1.0818e-03 7.5518e-01 1.1792e+04 1.2756e+01 1.8948e+00
5.4314e+01 1.1977e+04 1.1548e-03 7.5966e-01 1.1977e+04 1.3831e+01 1.9071e+00
5.4706e+01 1.2063e+04 1.1779e-03 7.5895e-01 1.2063e+04 1.4209e+01 1.9058e+00
5.5098e+01 1.2108e+04 1.1639e-03 7.5441e-01 1.2108e+04 1.4092e+01 1.8942e+00
5.5490e+01 1.2139e+04 1.1502e-03 7.4888e-01 1.2139e+04 1.3963e+01 1.8802e+00
5.5882e+01 1.2229e+04 1.1814e-03 7.4899e-01 1.2229e+04 1.4448e+01 1.8810e+00
5.6275e+01 1.2376e+04 1.2670e-03 7.5576e-01 1.2376e+04 1.5680e+01 1.8993e+00
5.6667e+01 1.2556e+04 1.3790e-03 7.6605e-01 1.2556e+04 1.7315e+01 1.9271e+00
5.7059e+01 1.2722e+04 1.4837e-03 7.7594e-01 1.2722e+04 1.8875e+01 1.9538e+00
5.7451e+01 1.2848e+04 1.5607e-03 7.8288e-01 1.2848e+04 2.0051e+01 1.9728e+00
5.7843e+01 1.2926e+04 1.6057e-03 7.8625e-01 1.2926e+04 2.0755e+01 1.9823e+00
5.8235e+01 1.2968e+04 1.6258e-03 7.8677e-01 1.2968e+04 2.1083e+01 1.9841e+00
5.8627e+01 1.2987e+04 1.6311e-03 7.8563e-01 1.2987e+04 2.1183e+01 1.9814e+00
5.9020e+01 1.2996e+04 1.6301e-03 7.8381e-01 1.2996e+04 2.1185e+01 1.9768e+00
5.9412e+01 1.3001e+04 1.6272e-03 7.8179e-01 1.3001e+04 2.1154e+01 1.9717e+00
5.9804e+01 1.3005e+04 1.6235e-03 7.7967e-01 1.3005e+04 2.1114e+01 1.9663e+00
6.0196e+01 1.3008e+04 1.6194e-03 7.7747e-01 1.3008e+04 2.1066e+01 1.9607e+00
6.0588e+01 1.3011e+04 1.6149e-03 7.7518e-01 1.3011e+04 2.1012e+01 1.9549e+00
6.0980e+01 1.3014e+04 1.6100e-03 7.7282e-01 1.3014e+04 2.0953e+01 1.9489e+00
6.1373e+01 1.3016e+04 1.6048e-03 7.7037e-01 1.3016e+04 2.0888e+01 1.9427e+00
6.1765e+01 1.3018e+04 1.5992e-03 7.6784e-01 1.3018e+04 2.0818e+01 1.9362e+00
6.2157e+01 1.3019e+04 1.5932e-03 7.6522e-01 1.3019e+04 2.0743e+01 1.9296e+00
6.2549e+01 1.3021e+04 1.5869e-03 7.6251e-01 1.3021e+04 2.0662e+01 1.9227e+00
6.2941e+01 1.3021e+04 1.5802e-03 7.5971e-01 1.3021e+04 2.0576e+01 1.9155e+00
6.3333e+01 1.3022e+04 1.5731e-03 7.5682e-01 1.3022e+04 2.0485e+01 1.9082e+00
6.3725e+01 1.3022e+04 1.5657e-03 7.5383e-01 1.3022e+04 2.0388e+01 1.9005e+00
6.4118e+01 1.3022e+04 1.5579e-03 7.5073e-01 1.3022e+04 2.0287e+01 1.8926e+00
6.4510e+01 1.3021e+04 1.5498e-03 7.4753e-01 1.3021e+04 2.0180e+01 1.8845e+00
6.4902e+01 1.3020e+04 1.5413e-03 7.4423e-01 1.3020e+04 2.0068e+01 1.8760e+00
6.5294e+01 1.3019e+04 1.5324e-03 7.4081e-01 1.3019e+04 1.9951e+01 1.8673e+00
6.5686e+01 1.3018e+04 1.5232e-03 7.3728e-01 1.3018e+04 1.9829e+01 1.8583e+00
6.6078e+01 1.3016e+04 1.5136e-03 7.3364e-01 1.3016e+04 1.9702e+01 1.8490e+00
6.6471e+01 1.3014e+04 1.5036e-03 7.2987e-01 1.3014e+04 1.9569e+01 1.8394e+00
6.6863e+01 1.3012e+04 1.4933e-03 7.2598e-01 1.3012e+04 1.9431e+01 1.8295e+00
6.7255e+01 1.3010e+04 1.4826e-03 7.2197e-01 1.3010e+04 1.9288e+01 1.8192e+00
6.7647e+01 1.3007e+04 1.4715e-03 7.1782e-01 1.3007e+04 1.9140e+01 1.8086e+00
6.8039e+01 1.3004e+04 1.4600e-03 7.1354e-01 1.3004e+04 1.8986e+01 1.7977e+00
6.8431e+01 1.3001e+04 1.4481e-03 7.0912e-01 1.3001e+04 1.8827e+01 1.7864e+00
6.8824e+01 1.2998e+04 1.4358e-03 7.0456e-01 1.2998e+04 1.8663e+01 1.7748e+00
6.9216e+01 1.2994e+04 1.4232e-03 6.9986e-01 1.2994e+04 1.8494e+01 1.7628e+00
6.9608e+01 1.2991e+04 1.4102e-03 6.9501e-01 1.2991e+04 1.8319e+01 1.7504e+00
7.0000e+01 1.2987e+04 1.3967e-03 6.9001e-01 1.2987e+04 1.8139e+01 1.7377e+00
7.0392e+01 1.2982e+04 1.3829e-03 6.8486e-01 1.2982e+04 1.7953e+01 1.7246e+00
7.0784e+01 1.2978e+04 1.3686e-03 6.7954e-01 1.2978e+04 1.7762e+01 1.7110e+00
7.1176e+01 1.2973e+04 1.3540e-03 6.7407e-01 1.2973e+04 1.7565e+01 1.6971e+00
7.1569e+01 1.2968e+04 1.3389e-03 6.6843e-01 1.2968e+04 1.7364e+01 1.6827e+00
7.1961e+01 1.2963e+04 1.3234e-03 6.6263e-01 1.2963e+04 1.7156e+01 1.6679e+00
7.2353e+01 1.2958e+04 1.3076e-03 6.5665e-01 1.2958e+04 1.6943e+01 1.6527e+00
7.2745e+01 1.2953e+04 1.2912e-03 6.5050e-01 1.2953e+04 1.6725e+01 1.6370e+00
7.3137e+01 1.2947e+04 1.2745e-03 6.4417e-01 1.2947e+04 1.6501e+01 1.6209e+00
7.3529e+01 1.2941e+04 1.2574e-03 6.3765e-01 1.2941e+04 1.6272e+01 1.6044e+00
7.3922e+01 1.2935e+04 1.2398e-03 6.3096e-01 1.2935e+04 1.6037e+01 1.5873e+00
7.4314e+01 1.2929e+04 1.2218e-03 6.2407e-01 1.2929e+04 1.5796e+01 1.5698e+00
7.4706e+01 1.2922e+04 1.2034e-03 6.1700e-01 1.2922e+04 1.5550e+01 1.5518e+00
7.5098e+01 1.2915e+04 1.1845e-03 6.0972e-01 1.2915e+04 1.5298e+01 1.5334e+00
7.5490e+01 1.2909e+04 1.1652e-03 6.0225e-01 1.2909e+04 1.5041e+01 1.5144e+00
7.5882e+01 1.2902e+04 1.1454e-03 5.9458e-01 1.2902e+04 1.4778e+01 1.4949e+00
7.6275e+01 1.2894e+04 1.1252e-03 5.8670e-01 1.2894e+04 1.4509e+01 1.4749e+00
7.6667e+01 1.2887e+04 1.1046e-03 5.7861e-01 1.2887e+04 1.4235e+01 1.4544e+00
7.7059e+01 1.2879e+04 1.0835e-03 5.7030e-01 1.2879e+04 1.3955e+01 1.4333e+00
7.7451e+01 1.2872e+04 1.0619e-03 5.6178e-01 1.2872e+04 1.3669e+01 1.4117e+00
7.7843e+01 1.2864e+04 1.0399e-03 5.5304e-01 1.2864e+04 1.3377e+01 1.3896e+00
7.8235e+01 1.2855e+04 1.0174e-03 5.4407e-01 1.2855e+04 1.3080e+01 1.3668e+00
7.8627e+01 1.2847e+04 9.9448e-04 5.3487e-01 1.2847e+04 1.2776e+01 1.3435e+00
7.9020e+01 1.2839e+04 9.7105e-04 5.2544e-01 1.2839e+04 1.2467e+01 1.3196e+00
7.9412e+01 1.2830e+04 9.4714e-04 5.1577e-01 1.2830e+04 1.2152e+01 1.2952e+00
7.9804e+01 1.2821e+04 9.2274e-04 5.0585e-01 1.2821e+04 1.1831e+01 1.2701e+00
8.0196e+01 1.2812e+04 8.9785e-04 4.9568e-01 1.2812e+04 1.1503e+01 1.2444e+00
8.0588e+01 1.2803e+04 8.7246e-04 4.8526e-01 1.2803e+04 1.1170e+01 1.2180e+00
8.0980e+01 1.2794e+04 8.4657e-04 4.7458e-01 1.2794e+04 1.0831e+01 1.1910e+00
8.1373e+01 1.2784e+04 8.2016e-04 4.6363e-01 1.2784e+04 1.0485e+01 1.1634e+00
8.1765e+01 1.2774e+04 7.9324e-04 4.5241e-01 1.2774e+04 1.0133e+01 1.1350e+00
8.2157e+01 1.2765e+04 7.6579e-04 4.4091e-01 1.2765e+04 9.7749e+00 1.1060e+00
8.2549e+01 1.2754e+04 7.3780e-04 4.2913e-01 1.2754e+04 9.4102e+00 1.0763e+00
8.2941e+01 1.2744e+04 7.0926e-04 4.1706e-01 1.2744e+04 9.0390e+00 1.0458e+00
8.3333e+01 1.2734e+04 6.8018e-04 4.0469e-01 1.2734e+04 8.6613e+00 1.0147e+00
8.3725e+01 1.2723e+04 6.5053e-04 3.9201e-01 1.2723e+04 8.2769e+00 9.8271e-01
8.4118e+01 1.2713e+04 6.2031e-04 3.7902e-01 1.2713e+04 7.8858e+00 9.4999e-01
8.4510e+01 1.2702e+04 5.8952e-04 3.6570e-01 1.2702e+04 7.4878e+00 9.1647e-01
8.4902e+01 1.2691e+04 5.5813e-04 3.5206e-01 1.2691e+04 7.0829e+00 8.8214e-01
8.5294e+01 1.2679e+04 5.2614e-04 3.3809e-01 1.2679e+04 6.6711e+00 8.4697e-01
8.5686e+01 1.2668e+04 4.9354e-04 3.2376e-01 1.2668e+04 6.2521e+00 8.1095e-01
8.6078e+01 1.2656e+04 4.6032e-04 3.0909e-01 1.2656e+04 5.8260e+00 7.7406e-01
8.6471e+01 1.2644e+04 4.2647e-04 2.9405e-01 1.2644e+04 5.3925e+00 7.3627e-01
8.6863e+01 1.2632e+04 3.9198e-04 2.7864e-01 1.2632e+04 4.9516e+00 6.9756e-01
8.7255e+01 1.2620e+04 3.5683e-04 2.6284e-01 1.2620e+04 4.5033e+00 6.5791e-01
8.7647e+01 1.2608e+04 3.2101e-04 2.4666e-01 1.2608e+04 4.0473e+00 6.1729e-01
8.8039e+01 1.2595e+04 2.8454e-04 2.3008e-01 1.2595e+04 3.5839e+00 5.7571e-01
8.8431e+01 1.2583e+04 2.4743e-04 2.1312e-01 1.2583e+04 3.1134e+00 5.3318e-01
8.8824e+01 1.2570e+04 2.0982e-04 1.9582e-01 1.2570e+04 2.6374e+00 4.8983e-01
8.9216e+01 1.2557e+04 1.7203e-04 1.7834e-01 1.2557e+04 2.1602e+00 4.4604e-01
8.9608e+01 1.2545e+04 1.3481e-04 1.6105e-01 1.2545e+04 1.6912e+00 4.0274e-01
9.0000e+01 1.2533e+04 9.9570e-05 1.4464e-01 1.2533e+04 1.2479e+00 3.6166e-01
9.0392e+01 1.2523e+04 6.8294e-05 1.3014e-01 1.2523e+04 8.5524e-01 3.2539e-01
9.0784e+01 1.2515e+04 4.3011e-05 1.1859e-01 1.2515e+04 5.3827e-01 2.9649e-01
9.1176e+01 1.2509e+04 2.4795e-05 1.1047e-01 1.2509e+04 3.1014e-01 2.7618e-01
9.1569e+01 1.2505e+04 1.3184e-05 1.0545e-01 1.2505e+04 1.6486e-01 2.6363e-01
9.1961e+01 1.2502e+04 6.5761e-06 1.0268e-01 1.2502e+04 8.2217e-02 2.5669e-01
9.2353e+01 1.2501e+04 3.1390e-06 1.0127e-01 1.2501e+04 3.9241e-02 2.5316e-01
9.2745e+01 1.2501e+04 1.4588e-06 1.0059e-01 1.2501e+04 1.8236e-02 2.5146e-01
9.3137e+01 1.2500e+04 6.6787e-07 1.0027e-01 1.2500e+04 8.3485e-03 2.5067e-01
9.3529e+01 1.2500e+04 3.0325e-07 1.0012e-01 1.2500e+04 3.7906e-03 2.5030e-01
9.3922e+01 1.2500e+04 1.3704e-07 1.0005e-01 1.2500e+04 1.7130e-03 2.5014e-01
9.4314e+01 1.2500e+04 6.1737e-08 1.0002e-01 1.2500e+04 7.7171e-04 2.5006e-01
9.4706e+01 1.2500e+04 2.7749e-08 1.0001e-01 1.2500e+04 3.4687e-04 2.5003e-01
9.5098e+01 1.2500e+04 1.2449e-08 1.0001e-01 1.2500e+04 1.5561e-04 2.5001e-01
9.5490e+01 1.2500e+04 5.5746e-09 1.0000e-01 1.2500e+04 6.9682e-05 2.5001e-01
9.5882e+01 1.2500e+04 2.4920e-09 1.0000e-01 1.2500e+04 3.1151e-05 2.5000e-01
9.6275e+01 1.2500e+04 1.1122e-09 1.0000e-01 1.2500e+04 1.3902e-05 2.5000e-01
9.6667e+01 1.2500e+04 4.9550e-10 1.0000e-01 1.2500e+04 6.1938e-06 2.5000e-01
9.7059e+01 1.2500e+04 2.2039e-10 1.0000e-01 1.2500e+04 2.7549e-06 2.5000e-01
9.7451e+01 1.2500e+04 9.7860e-11 1.0000e-01 1.2500e+04 1.2233e-06 2.5000e-01
9.7843e+01 1.2500e+04 4.3380e-11 1.0000e-01 1.2500e+04 5.4225e-07 2.5000e-01
9.8235e+01 1.2500e+04 1.9200e-11 1.0000e-01 1.2500e+04 2.4000e-07 2.5000e-01
9.8627e+01 1.2500e+04 8.4892e-12 1.0000e-01 1.2500e+04 1.0611e-07 2.5000e-01
9.9020e+01 1.2500e+04 3.7598e-12 1.0000e-01 1.2500e+04 4.6997e-08 2.5000e-01
9.9412e+01 1.2500e+04 1.6883e-12 1.0000e-01 1.2500e+04 2.1104e-08 2.5000e-01
9.9804e+01 1.2500e+04 8.4198e-13 1.0000e-01 1.2500e+04 1.0525e-08 2.5000e-01
