# # x Density Velocity Pressure q0 q1 q2
1.9608e-01 1.0000e+05 0.0000e+00 1.0000e+00 1.0000e+05 0.0000e+00 2.5000e+00
5.8824e-01 1.0000e+05 0.0000e+00 1.0000e+00 1.0000e+05 0.0000e+00 2.5000e+00
9.8039e-01 1.0000e+05 2.1516e-20 1.0000e+00 1.0000e+05 2.1516e-15 2.5000e+00
1.3725e+00 1.0000e+05 6.5058e-19 1.0000e+00 1.0000e+05 6.5058e-14 2.5000e+00
1.7647e+00 1.0000e+05 3.0162e-18 1.0000e+00 1.0000e+05 3.0162e-13 2.5000e+00
2.1569e+00 1.0000e+05 7.4143e-18 1.0000e+00 1.0000e+05 7.4143e-13 2.5000e+00
2.5490e+00 1.0000e+05 1.3857e-17 1.0000e+00 1.0000e+05 1.3857e-12 2.5000e+00
2.9412e+00 1.0000e+05 2.2376e-17 1.0000e+00 1.0000e+05 2.2376e-12 2.5000e+00
3.3333e+00 1.0000e+05 3.4054e-17 1.0000e+00 1.0000e+05 3.4054e-12 2.5000e+00
3.7255e+00 1.0000e+05 5.1190e-17 1.0000e+00 1.0000e+05 5.1190e-12 2.5000e+00
4.1176e+00 1.0000e+05 7.6311e-17 1.0000e+00 1.0000e+05 7.6311e-12 2.5000e+00
4.5098e+00 1.0000e+05 1.1490e-16 1.0000e+00 1.0000e+05 1.1490e-11 2.5000e+00
4.9020e+00 1.0000e+05 1.7550e-16 1.0000e+00 1.0000e+05 1.7550e-11 2.5000e+00
5.2941e+00 1.0000e+05 2.7135e-16 1.0000e+00 1.0000e+05 2.7135e-11 2.5000e+00
5.6863e+00 1.0000e+05 4.2357e-16 1.0000e+00 1.0000e+05 4.2357e-11 2.5000e+00
6.0784e+00 1.0000e+05 6.6431e-16 1.0000e+00 1.0000e+05 6.6431e-11 2.5000e+00
6.4706e+00 1.0000e+05 1.0443e-15 1.0000e+00 1.0000e+05 1.0443e-10 2.5000e+00
6.8627e+00 1.0000e+05 1.6423e-15 1.0000e+00 1.0000e+05 1.6423e-10 2.5000e+00
7.2549e+00 1.0000e+05 2.5800e-15 1.0000e+00 1.0000e+05 2.5800e-10 2.5000e+00
7.6471e+00 1.0000e+05 4.0428e-15 1.0000e+00 1.0000e+05 4.0428e-10 2.5000e+00
8.0392e+00 1.0000e+05 6.3162e-15 1.0000e+00 1.0000e+05 6.3162e-10 2.5000e+00
8.4314e+00 1.0000e+05 9.8355e-15 1.0000e+00 1.0000e+05 9.8355e-10 2.5000e+00
8.8235e+00 1.0000e+05 1.5260e-14 1.0000e+00 1.0000e+05 1.5260e-09 2.5000e+00
9.2157e+00 1.0000e+05 2.3584e-14 1.0000e+00 1.0000e+05 2.3584e-09 2.5000e+00
9.6078e+00 1.0000e+05 3.6309e-14 1.0000e+00 1.0000e+05 3.6309e-09 2.5000e+00
1.0000e+01 1.0000e+05 5.5678e-14 1.0000e+00 1.0000e+05 5.5678e-09 2.5000e+00
1.0392e+01 1.0000e+05 8.5042e-14 1.0000e+00 1.0000e+05 8.5042e-09 2.5000e+00
1.0784e+01 1.0000e+05 1.2937e-13 1.0000e+00 1.0000e+05 1.2937e-08 2.5000e+00
1.1176e+01 1.0000e+05 1.9601e-13 1.0000e+00 1.0000e+05 1.9601e-08 2.5000e+00
1.1569e+01 1.0000e+05 2.9579e-13 1.0000e+00 1.0000e+05 2.9579e-08 2.5000e+00
1.1961e+01 1.0000e+05 4.4454e-13 1.0000e+00 1.0000e+05 4.4454e-08 2.5000e+00
1.2353e+01 1.0000e+05 6.6538e-13 1.0000e+00 1.0000e+05 6.6538e-08 2.5000e+00
1.2745e+01 1.0000e+05 9.9189e-13 1.0000e+00 1.0000e+05 9.9189e-08 2.5000e+00
1.3137e+01 1.0000e+05 1.4726e-12 1.0000e+00 1.0000e+05 1.4726e-07 2.5000e+00
1.3529e+01 1.0000e+05 2.1774e-12 1.0000e+00 1.0000e+05 2.1774e-07 2.5000e+00
1.3922e+01 1.0000e+05 3.2063e-12 1.0000e+00 1.0000e+05 3.2063e-07 2.5000e+00
1.4314e+01 1.0000e+05 4.7022e-12 1.0000e+00 1.0000e+05 4.7022e-07 2.5000e+00
1.4706e+01 1.0000e+05 6.8677e-12 1.0000e+00 1.0000e+05 6.8677e-07 2.5000e+00
1.5098e+01 1.0000e+05 9.9894e-12 1.0000e+00 1.0000e+05 9.9894e-07 2.5000e+00
1.5490e+01 1.0000e+05 1.4471e-11 1.0000e+00 1.0000e+05 1.4471e-06 2.5000e+00
1.5882e+01 1.0000e+05 2.0876e-11 1.0000e+00 1.0000e+05 2.0876e-06 2.5000e+00
1.6275e+01 1.0000e+05 2.9993e-11 1.0000e+00 1.0000e+05 2.9993e-06 2.5000e+00
1.6667e+01 1.0000e+05 4.2915e-11 1.0000e+00 1.0000e+05 4.2915e-06 2.5000e+00
1.7059e+01 1.0000e+05 6.1152e-11 1.0000e+00 1.0000e+05 6.1152e-06 2.5000e+00
1.7451e+01 1.0000e+05 8.6780e-11 1.0000e+00 1.0000e+05 8.6780e-06 2.5000e+00
1.7843e+01 1.0000e+05 1.2264e-10 1.0000e+00 1.0000e+05 1.2264e-05 2.5000e+00
1.8235e+01 1.0000e+05 1.7261e-10 1.0000e+00 1.0000e+05 1.7261e-05 2.5000e+00
1.8627e+01 1.0000e+05 2.4193e-10 1.0000e+00 1.0000e+05 2.4193e-05 2.5000e+00
1.9020e+01 1.0000e+05 3.3769e-10 1.0000e+00 1.0000e+05 3.3769e-05 2.5000e+00
1.9412e+01 1.0000e+05 4.6942e-10 1.0000e+00 1.0000e+05 4.6942e-05 2.5000e+00
1.9804e+01 1.0000e+05 6.4983e-10 1.0000e+00 1.0000e+05 6.4983e-05 2.5000e+00
2.0196e+01 1.0000e+05 8.9587e-10 1.0000e+00 1.0000e+05 8.9587e-05 2.5000e+00
2.0588e+01 1.0000e+05 1.2300e-09 1.0000e+00 1.0000e+05 1.2300e-04 2.5000e+00
2.0980e+01 1.0000e+05 1.6817e-09 1.0000e+00 1.0000e+05 1.6817e-04 2.5000e+00
2.1373e+01 1.0000e+05 2.2898e-09 1.0000e+00 1.0000e+05 2.2898e-04 2.5000e+00
2.1765e+01 1.0000e+05 3.1049e-09 9.9999e-01 1.0000e+05 3.1049e-04 2.5000e+00
2.2157e+01 1.0000e+05 4.1928e-09 9.9999e-01 1.0000e+05 4.1928e-04 2.5000e+00
2.2549e+01 1.0000e+05 5.6385e-09 9.9999e-01 1.0000e+05 5.6384e-04 2.5000e+00
2.2941e+01 1.0000e+05 7.5513e-09 9.9999e-01 1.0000e+05 7.5513e-04 2.5000e+00
2.3333e+01 1.0000e+05 1.0071e-08 9.9998e-01 1.0000e+05 1.0071e-03 2.5000e+00
2.3725e+01 1.0000e+05 1.3377e-08 9.9998e-01 1.0000e+05 1.3377e-03 2.4999e+00
2.4118e+01 1.0000e+05 1.7694e-08 9.9997e-01 1.0000e+05 1.7694e-03 2.4999e+00
2.4510e+01 1.0000e+05 2.3307e-08 9.9996e-01 1.0000e+05 2.3307e-03 2.4999e+00
2.4902e+01 1.0000e+05 3.0575e-08 9.9995e-01 1.0000e+05 3.0575e-03 2.4999e+00
2.5294e+01 1.0000e+05 3.9945e-08 9.9993e-01 1.0000e+05 3.9945e-03 2.4998e+00
2.5686e+01 1.0000e+05 5.1971e-08 9.9991e-01 1.0000e+05 5.1971e-03 2.4998e+00
2.6078e+01 1.0000e+05 6.7340e-08 9.9988e-01 1.0000e+05 6.7340e-03 2.4997e+00
2.6471e+01 9.9999e+04 8.6896e-08 9.9985e-01 9.9999e+04 8.6895e-03 2.4996e+00
2.6863e+01 9.9999e+04 1.1167e-07 9.9981e-01 9.9999e+04 1.1167e-02 2.4995e+00
2.7255e+01 9.9999e+04 1.4292e-07 9.9976e-01 9.9999e+04 1.4292e-02 2.4994e+00
2.7647e+01 9.9999e+04 1.8217e-07 9.9970e-01 9.9999e+04 1.8217e-02 2.4993e+00
2.8039e+01 9.9999e+04 2.3125e-07 9.9963e-01 9.9999e+04 2.3125e-02 2.4991e+00
2.8431e+01 9.9998e+04 2.9235e-07 9.9953e-01 9.9998e+04 2.9235e-02 2.4988e+00
2.8824e+01 9.9998e+04 3.6811e-07 9.9942e-01 9.9998e+04 3.6810e-02 2.4986e+00
2.9216e+01 9.9997e+04 4.6160e-07 9.9928e-01 9.9997e+04 4.6159e-02 2.4982e+00
2.9608e+01 9.9996e+04 5.7651e-07 9.9912e-01 9.9996e+04 5.7649e-02 2.4978e+00
3.0000e+01 9.9995e+04 7.1711e-07 9.9892e-01 9.9995e+04 7.1708e-02 2.4973e+00
3.0392e+01 9.9994e+04 8.8842e-07 9.9868e-01 9.9994e+04 8.8837e-02 2.4967e+00
3.0784e+01 9.9993e+04 1.0962e-06 9.9839e-01 9.9993e+04 1.0962e-01 2.4960e+00
3.1176e+01 9.9991e+04 1.3473e-06 9.9805e-01 9.9991e+04 1.3471e-01 2.4951e+00
3.1569e+01 9.9989e+04 1.6492e-06 9.9765e-01 9.9989e+04 1.6490e-01 2.4941e+00
3.1961e+01 9.9986e+04 2.0107e-06 9.9718e-01 9.9986e+04 2.0104e-01 2.4930e+00
3.2353e+01 9.9983e+04 2.4418e-06 9.9663e-01 9.9983e+04 2.4414e-01 2.4916e+00
3.2745e+01 9.9979e+04 2.9537e-06 9.9598e-01 9.9979e+04 2.9530e-01 2.4900e+00
3.3137e+01 9.9974e+04 3.5589e-06 9.9524e-01 9.9974e+04 3.5579e-01 2.4881e+00
3.3529e+01 9.9968e+04 4.2713e-06 9.9437e-01 9.9968e+04 4.2700e-01 2.4859e+00
3.3922e+01 9.9962e+04 5.1065e-06 9.9338e-01 9.9962e+04 5.1046e-01 2.4834e+00
3.4314e+01 9.9954e+04 6.0816e-06 9.9224e-01 9.9954e+04 6.0787e-01 2.4806e+00
3.4706e+01 9.9944e+04 7.2150e-06 9.9094e-01 9.9944e+04 7.2110e-01 2.4774e+00
3.5098e+01 9.9933e+04 8.5271e-06 9.8947e-01 9.9933e+04 8.5214e-01 2.4737e+00
3.5490e+01 9.9920e+04 1.0040e-05 9.8781e-01 9.9920e+04 1.0032e+00 2.4695e+00
3.5882e+01 9.9905e+04 1.1776e-05 9.8594e-01 9.9905e+04 1.1765e+00 2.4649e+00
3.6275e+01 9.9887e+04 1.3762e-05 9.8384e-01 9.9887e+04 1.3746e+00 2.4596e+00
3.6667e+01 9.9867e+04 1.6023e-05 9.8151e-01 9.9867e+04 1.6001e+00 2.4538e+00
3.7059e+01 9.9843e+04 1.8587e-05 9.7892e-01 9.9843e+04 1.8558e+00 2.4473e+00
3.7451e+01 9.9816e+04 2.1483e-05 9.7606e-01 9.9816e+04 2.1443e+00 2.4402e+00
3.7843e+01 9.9785e+04 2.4741e-05 9.7291e-01 9.9785e+04 2.4688e+00 2.4323e+00
3.8235e+01 9.9749e+04 2.8391e-05 9.6946e-01 9.9749e+04 2.8320e+00 2.4237e+00
3.8627e+01 9.9709e+04 3.2466e-05 9.6571e-01 9.9709e+04 3.2372e+00 2.4143e+00
3.9020e+01 9.9663e+04 3.6996e-05 9.6163e-01 9.9663e+04 3.6872e+00 2.4041e+00
3.9412e+01 9.9612e+04 4.2013e-05 9.5722e-01 9.9612e+04 4.1850e+00 2.3931e+00
3.9804e+01 9.9554e+04 4.7549e-05 9.5248e-01 9.9554e+04 4.7336e+00 2.3813e+00
4.0196e+01 9.9489e+04 5.3632e-05 9.4739e-01 9.9489e+04 5.3358e+00 2.3686e+00
4.0588e+01 9.9416e+04 6.0293e-05 9.4197e-01 9.9416e+04 5.9941e+00 2.3551e+00
4.0980e+01 9.9335e+04 6.7559e-05 9.3621e-01 9.9335e+04 6.7110e+00 2.3407e+00
4.1373e+01 9.9245e+04 7.5456e-05 9.3011e-01 9.9245e+04 7.4887e+00 2.3256e+00
4.1765e+01 9.9146e+04 8.4008e-05 9.2369e-01 9.9146e+04 8.3291e+00 2.3096e+00
4.2157e+01 9.9037e+04 9.3234e-05 9.1696e-01 9.9037e+04 9.2337e+00 2.2928e+00
4.2549e+01 9.8918e+04 1.0315e-04 9.0992e-01 9.8918e+04 1.0204e+01 2.2753e+00
4.2941e+01 9.8787e+04 1.1378e-04 9.0260e-01 9.8787e+04 1.1240e+01 2.2572e+00
4.3333e+01 9.8644e+04 1.2512e-04 8.9503e-01 9.8644e+04 1.2342e+01 2.2383e+00
4.3725e+01 9.8490e+04 1.3721e-04 8.8722e-01 9.8490e+04 1.3513e+01 2.2190e+00
4.4118e+01 9.8320e+04 1.4993e-04 8.7917e-01 9.8320e+04 1.4741e+01 2.1990e+00
4.4510e+01 9.8146e+04 1.6368e-04 8.7104e-01 9.8146e+04 1.6064e+01 2.1789e+00
4.4902e+01 9.7930e+04 1.7716e-04 8.6243e-01 9.7930e+04 1.7349e+01 2.1576e+00
4.5294e+01 9.7782e+04 1.9427e-04 8.5470e-01 9.7782e+04 1.8996e+01 2.1386e+00
4.5686e+01 9.7398e+04 2.0412e-04 8.4417e-01 9.7398e+04 1.9881e+01 2.1125e+00
4.6078e+01 9.7540e+04 2.3394e-04 8.4016e-01 9.7540e+04 2.2818e+01 2.1031e+00
4.6471e+01 9.6499e+04 2.2268e-04 8.2206e-01 9.6499e+04 2.1488e+01 2.0576e+00
4.6863e+01 9.7637e+04 2.8982e-04 8.3011e-01 9.7637e+04 2.8297e+01 2.0794e+00
4.7255e+01 9.5272e+04 2.3402e-04 7.9706e-01 9.5272e+04 2.2295e+01 1.9953e+00
4.7647e+01 9.7415e+04 3.3833e-04 8.1687e-01 9.7415e+04 3.2958e+01 2.0478e+00
4.8039e+01 9.5018e+04 2.8573e-04 7.8502e-01 9.5018e+04 2.7150e+01 1.9664e+00
4.8431e+01 9.5732e+04 3.4152e-04 7.8855e-01 9.5732e+04 3.2695e+01 1.9770e+00
4.8824e+01 9.5690e+04 3.5487e-04 7.7843e-01 9.5690e+04 3.3957e+01 1.9521e+00
4.9216e+01 9.0160e+04 3.8367e-04 7.7354e-01 9.0160e+04 3.4592e+01 1.9405e+00
4.9608e+01 1.2111e+05 3.8524e-04 7.5886e-01 1.2111e+05 4.6658e+01 1.9061e+00
5.0000e+01 3.8989e+04 4.0137e-04 7.5455e-01 3.8989e+04 1.5649e+01 1.8895e+00
5.0392e+01 1.3696e+04 4.3610e-04 7.5430e-01 1.3696e+04 5.9728e+00 1.8871e+00
5.0784e+01 9.3446e+03 5.3057e-04 7.5545e-01 9.3446e+03 4.9579e+00 1.8899e+00
5.1176e+01 9.3652e+03 5.9913e-04 7.5048e-01 9.3652e+03 5.6110e+00 1.8779e+00
5.1569e+01 9.8085e+03 6.7817e-04 7.4812e-01 9.8085e+03 6.6518e+00 1.8726e+00
5.1961e+01 1.0490e+04 8.2441e-04 7.5442e-01 1.0490e+04 8.6480e+00 1.8896e+00
5.2353e+01 1.0903e+04 9.2067e-04 7.5744e-01 1.0903e+04 1.0038e+01 1.8982e+00
5.2745e+01 1.1215e+04 9.3049e-04 7.5232e-01 1.1215e+04 1.0435e+01 1.8856e+00
5.3137e+01 1.1358e+04 9.2741e-04 7.4672e-01 1.1358e+04 1.0533e+01 1.8717e+00
5.3529e+01 1.1577e+04 9.8173e-04 7.4801e-01 1.1577e+04 1.1365e+01 1.8756e+00
5.3922e+01 1.1776e+04 1.0748e-03 7.5422e-01 1.1776e+04 1.2657e+01 1.8924e+00
5.4314e+01 1.1967e+04 1.1519e-03 7.5919e-01 1.1967e+04 1.3784e+01 1.9059e+00
5.4706e+01 1.2061e+04 1.1804e-03 7.5915e-01 1.2061e+04 1.4236e+01 1.9063e+00
5.5098e+01 1.2109e+04 1.1692e-03 7.5497e-01 1.2109e+04 1.4158e+01 1.8957e+00
5.5490e+01 1.2137e+04 1.1533e-03 7.4921e-01 1.2137e+04 1.3998e+01 1.8811e+00
5.5882e+01 1.2218e+04 1.1774e-03 7.4849e-01 1.2218e+04 1.4386e+01 1.8797e+00
5.6275e+01 1.2358e+04 1.2569e-03 7.5454e-01 1.2358e+04 1.5532e+01 1.8961e+00
5.6667e+01 1.2536e+04 1.3669e-03 7.6457e-01 1.2536e+04 1.7136e+01 1.9231e+00
5.7059e+01 1.2704e+04 1.4734e-03 7.7463e-01 1.2704e+04 1.8719e+01 1.9504e+00
5.7451e+01 1.2835e+04 1.5541e-03 7.8200e-01 1.2835e+04 1.9948e+01 1.9705e+00
5.7843e+01 1.2919e+04 1.6029e-03 7.8580e-01 1.2919e+04 2.0709e+01 1.9811e+00
5.8235e+01 1.2965e+04 1.6257e-03 7.8664e-01 1.2965e+04 2.1077e+01 1.9837e+00
5.8627e+01 1.2986e+04 1.6325e-03 7.8568e-01 1.2986e+04 2.1199e+01 1.9815e+00
5.9020e+01 1.2996e+04 1.6320e-03 7.8392e-01 1.2996e+04 2.1210e+01 1.9771e+00
5.9412e+01 1.3001e+04 1.6292e-03 7.8193e-01 1.3001e+04 2.1182e+01 1.9721e+00
5.9804e+01 1.3006e+04 1.6257e-03 7.7983e-01 1.3006e+04 2.1143e+01 1.9668e+00
6.0196e+01 1.3009e+04 1.6217e-03 7.7765e-01 1.3009e+04 2.1096e+01 1.9612e+00
6.0588e+01 1.3012e+04 1.6173e-03 7.7540e-01 1.3012e+04 2.1044e+01 1.9555e+00
6.0980e+01 1.3015e+04 1.6125e-03 7.7306e-01 1.3015e+04 2.0986e+01 1.9496e+00
6.1373e+01 1.3017e+04 1.6073e-03 7.7064e-01 1.3017e+04 2.0923e+01 1.9434e+00
6.1765e+01 1.3019e+04 1.6018e-03 7.6813e-01 1.3019e+04 2.0854e+01 1.9370e+00
6.2157e+01 1.3020e+04 1.5959e-03 7.6555e-01 1.3020e+04 2.0780e+01 1.9304e+00
6.2549e+01 1.3022e+04 1.5897e-03 7.6287e-01 1.3022e+04 2.0700e+01 1.9236e+00
6.2941e+01 1.3022e+04 1.5831e-03 7.6010e-01 1.3022e+04 2.0616e+01 1.9166e+00
6.3333e+01 1.3023e+04 1.5761e-03 7.5724e-01 1.3023e+04 2.0526e+01 1.9093e+00
6.3725e+01 1.3023e+04 1.5688e-03 7.5428e-01 1.3023e+04 2.0431e+01 1.9017e+00
6.4118e+01 1.3023e+04 1.5612e-03 7.5122e-01 1.3023e+04 2.0331e+01 1.8939e+00
6.4510e+01 1.3022e+04 1.5531e-03 7.4806e-01 1.3022e+04 2.0226e+01 1.8859e+00
6.4902e+01 1.3022e+04 1.5447e-03 7.4480e-01 1.3022e+04 2.0115e+01 1.8775e+00
6.5294e+01 1.3021e+04 1.5360e-03 7.4143e-01 1.3021e+04 2.0000e+01 1.8689e+00
6.5686e+01 1.3020e+04 1.5269e-03 7.3794e-01 1.3020e+04 1.9879e+01 1.8600e+00
6.6078e+01 1.3018e+04 1.5174e-03 7.3434e-01 1.3018e+04 1.9753e+01 1.8508e+00
6.6471e+01 1.3016e+04 1.5076e-03 7.3062e-01 1.3016e+04 1.9623e+01 1.8413e+00
6.6863e+01 1.3014e+04 1.4973e-03 7.2678e-01 1.3014e+04 1.9486e+01 1.8315e+00
6.7255e+01 1.3012e+04 1.4867e-03 7.2281e-01 1.3012e+04 1.9345e+01 1.8214e+00
6.7647e+01 1.3009e+04 1.4758e-03 7.1872e-01 1.3009e+04 1.9199e+01 1.8110e+00
6.8039e+01 1.3006e+04 1.4644e-03 7.1449e-01 1.3006e+04 1.9047e+01 1.8002e+00
6.8431e+01 1.3003e+04 1.4527e-03 7.1013e-01 1.3003e+04 1.8890e+01 1.7890e+00
6.8824e+01 1.3000e+04 1.4406e-03 7.0563e-01 1.3000e+04 1.8728e+01 1.7776e+00
6.9216e+01 1.2997e+04 1.4281e-03 7.0099e-01 1.2997e+04 1.8560e+01 1.7657e+00
6.9608e+01 1.2993e+04 1.4152e-03 6.9620e-01 1.2993e+04 1.8387e+01 1.7535e+00
7.0000e+01 1.2989e+04 1.4019e-03 6.9127e-01 1.2989e+04 1.8209e+01 1.7409e+00
7.0392e+01 1.2985e+04 1.3882e-03 6.8618e-01 1.2985e+04 1.8026e+01 1.7280e+00
7.0784e+01 1.2980e+04 1.3741e-03 6.8094e-01 1.2980e+04 1.7837e+01 1.7146e+00
7.1176e+01 1.2976e+04 1.3596e-03 6.7554e-01 1.2976e+04 1.7642e+01 1.7008e+00
7.1569e+01 1.2971e+04 1.3447e-03 6.6997e-01 1.2971e+04 1.7443e+01 1.6867e+00
7.1961e+01 1.2966e+04 1.3294e-03 6.6424e-01 1.2966e+04 1.7238e+01 1.6721e+00
7.2353e+01 1.2961e+04 1.3137e-03 6.5834e-01 1.2961e+04 1.7027e+01 1.6570e+00
7.2745e+01 1.2955e+04 1.2976e-03 6.5227e-01 1.2955e+04 1.6811e+01 1.6416e+00
7.3137e+01 1.2950e+04 1.2811e-03 6.4602e-01 1.2950e+04 1.6589e+01 1.6257e+00
7.3529e+01 1.2944e+04 1.2641e-03 6.3960e-01 1.2944e+04 1.6362e+01 1.6093e+00
7.3922e+01 1.2938e+04 1.2467e-03 6.3299e-01 1.2938e+04 1.6130e+01 1.5925e+00
7.4314e+01 1.2932e+04 1.2289e-03 6.2619e-01 1.2932e+04 1.5892e+01 1.5752e+00
7.4706e+01 1.2925e+04 1.2107e-03 6.1921e-01 1.2925e+04 1.5648e+01 1.5575e+00
7.5098e+01 1.2919e+04 1.1920e-03 6.1203e-01 1.2919e+04 1.5399e+01 1.5393e+00
7.5490e+01 1.2912e+04 1.1729e-03 6.0466e-01 1.2912e+04 1.5144e+01 1.5205e+00
7.5882e+01 1.2905e+04 1.1533e-03 5.9708e-01 1.2905e+04 1.4884e+01 1.5013e+00
7.6275e+01 1.2898e+04 1.1333e-03 5.8930e-01 1.2898e+04 1.4618e+01 1.4815e+00
7.6667e+01 1.2890e+04 1.1129e-03 5.8132e-01 1.2890e+04 1.4346e+01 1.4613e+00
7.7059e+01 1.2883e+04 1.0920e-03 5.7312e-01 1.2883e+04 1.4068e+01 1.4405e+00
7.7451e+01 1.2875e+04 1.0707e-03 5.6471e-01 1.2875e+04 1.3785e+01 1.4192e+00
7.7843e+01 1.2867e+04 1.0489e-03 5.5609e-01 1.2867e+04 1.3497e+01 1.3973e+00
7.8235e+01 1.2859e+04 1.0266e-03 5.4723e-01 1.2859e+04 1.3202e+01 1.3749e+00
7.8627e+01 1.2851e+04 1.0039e-03 5.3816e-01 1.2851e+04 1.2901e+01 1.3519e+00
7.9020e+01 1.2843e+04 9.8074e-04 5.2885e-01 1.2843e+04 1.2595e+01 1.3283e+00
7.9412e+01 1.2834e+04 9.5707e-04 5.1930e-01 1.2834e+04 1.2283e+01 1.3041e+00
7.9804e+01 1.2825e+04 9.3292e-04 5.0951e-01 1.2825e+04 1.1965e+01 1.2794e+00
8.0196e+01 1.2816e+04 9.0828e-04 4.9948e-01 1.2816e+04 1.1641e+01 1.2540e+00
8.0588e+01 1.2807e+04 8.8315e-04 4.8920e-01 1.2807e+04 1.1311e+01 1.2280e+00
8.0980e+01 1.2798e+04 8.5752e-04 4.7866e-01 1.2798e+04 1.0975e+01 1.2014e+00
8.1373e+01 1.2789e+04 8.3139e-04 4.6786e-01 1.2789e+04 1.0632e+01 1.1741e+00
8.1765e+01 1.2779e+04 8.0474e-04 4.5679e-01 1.2779e+04 1.0284e+01 1.1461e+00
8.2157e+01 1.2769e+04 7.7757e-04 4.4544e-01 1.2769e+04 9.9288e+00 1.1175e+00
8.2549e+01 1.2759e+04 7.4987e-04 4.3382e-01 1.2759e+04 9.5676e+00 1.0881e+00
8.2941e+01 1.2749e+04 7.2163e-04 4.2191e-01 1.2749e+04 9.2000e+00 1.0581e+00
8.3333e+01 1.2739e+04 6.9285e-04 4.0971e-01 1.2739e+04 8.8260e+00 1.0273e+00
8.3725e+01 1.2728e+04 6.6351e-04 3.9721e-01 1.2728e+04 8.4453e+00 9.9582e-01
8.4118e+01 1.2718e+04 6.3361e-04 3.8440e-01 1.2718e+04 8.0580e+00 9.6354e-01
8.4510e+01 1.2707e+04 6.0314e-04 3.7127e-01 1.2707e+04 7.6639e+00 9.3049e-01
8.4902e+01 1.2696e+04 5.7208e-04 3.5782e-01 1.2696e+04 7.2630e+00 8.9664e-01
8.5294e+01 1.2685e+04 5.4044e-04 3.4404e-01 1.2685e+04 6.8552e+00 8.6196e-01
8.5686e+01 1.2673e+04 5.0819e-04 3.2993e-01 1.2673e+04 6.4404e+00 8.2645e-01
8.6078e+01 1.2662e+04 4.7533e-04 3.1546e-01 1.2662e+04 6.0185e+00 7.9008e-01
8.6471e+01 1.2650e+04 4.4185e-04 3.0064e-01 1.2650e+04 5.5893e+00 7.5284e-01
8.6863e+01 1.2638e+04 4.0773e-04 2.8545e-01 1.2638e+04 5.1529e+00 7.1469e-01
8.7255e+01 1.2626e+04 3.7296e-04 2.6989e-01 1.2626e+04 4.7091e+00 6.7561e-01
8.7647e+01 1.2614e+04 3.3755e-04 2.5395e-01 1.2614e+04 4.2577e+00 6.3559e-01
8.8039e+01 1.2601e+04 3.0146e-04 2.3762e-01 1.2601e+04 3.7989e+00 5.9461e-01
8.8431e+01 1.2589e+04 2.6474e-04 2.2089e-01 1.2589e+04 3.3327e+00 5.5267e-01
8.8824e+01 1.2576e+04 2.2743e-04 2.0381e-01 1.2576e+04 2.8602e+00 5.0984e-01
8.9216e+01 1.2563e+04 1.8976e-04 1.8645e-01 1.2563e+04 2.3840e+00 4.6635e-01
8.9608e+01 1.2551e+04 1.5224e-04 1.6907e-01 1.2551e+04 1.9107e+00 4.2282e-01
9.0000e+01 1.2539e+04 1.1593e-04 1.5219e-01 1.2539e+04 1.4536e+00 3.8057e-01
9.0392e+01 1.2528e+04 8.2561e-05 1.3670e-01 1.2528e+04 1.0343e+00 3.4179e-01
9.0784e+01 1.2518e+04 5.4254e-05 1.2367e-01 1.2518e+04 6.7917e-01 3.0920e-01
9.1176e+01 1.2511e+04 3.2647e-05 1.1393e-01 1.2511e+04 4.0845e-01 2.8482e-01
9.1569e+01 1.2506e+04 1.8032e-05 1.0752e-01 1.2506e+04 2.2552e-01 2.6880e-01
9.1961e+01 1.2503e+04 9.2609e-06 1.0379e-01 1.2503e+04 1.1579e-01 2.5948e-01
9.2353e+01 1.2502e+04 4.5084e-06 1.0182e-01 1.2502e+04 5.6363e-02 2.5456e-01
9.2745e+01 1.2501e+04 2.1206e-06 1.0085e-01 1.2501e+04 2.6509e-02 2.5213e-01
9.3137e+01 1.2500e+04 9.7772e-07 1.0039e-01 1.2500e+04 1.2222e-02 2.5098e-01
9.3529e+01 1.2500e+04 4.4587e-07 1.0018e-01 1.2500e+04 5.5734e-03 2.5045e-01
9.3922e+01 1.2500e+04 2.0208e-07 1.0008e-01 1.2500e+04 2.5260e-03 2.5020e-01
9.4314e+01 1.2500e+04 9.1249e-08 1.0004e-01 1.2500e+04 1.1406e-03 2.5009e-01
9.4706e+01 1.2500e+04 4.1097e-08 1.0002e-01 1.2500e+04 5.1371e-04 2.5004e-01
9.5098e+01 1.2500e+04 1.8471e-08 1.0001e-01 1.2500e+04 2.3088e-04 2.5002e-01
9.5490e+01 1.2500e+04 8.2864e-09 1.0000e-01 1.2500e+04 1.0358e-04 2.5001e-01
9.5882e+01 1.2500e+04 3.7111e-09 1.0000e-01 1.2500e+04 4.6388e-05 2.5000e-01
9.6275e+01 1.2500e+04 1.6592e-09 1.0000e-01 1.2500e+04 2.0740e-05 2.5000e-01
9.6667e+01 1.2500e+04 7.4056e-10 1.0000e-01 1.2500e+04 9.2570e-06 2.5000e-01
9.7059e+01 1.2500e+04 3.2999e-10 1.0000e-01 1.2500e+04 4.1249e-06 2.5000e-01
9.7451e+01 1.2500e+04 1.4680e-10 1.0000e-01 1.2500e+04 1.8349e-06 2.5000e-01
9.7843e+01 1.2500e+04 6.5194e-11 1.0000e-01 1.2500e+04 8.1492e-07 2.5000e-01
9.8235e+01 1.2500e+04 2.8909e-11 1.0000e-01 1.2500e+04 3.6136e-07 2.5000e-01
9.8627e+01 1.2500e+04 1.2806e-11 1.0000e-01 1.2500e+04 1.6007e-07 2.5000e-01
9.9020e+01 1.2500e+04 5.6827e-12 1.0000e-01 1.2500e+04 7.1034e-08 2.5000e-01
9.9412e+01 1.2500e+04 2.5570e-12 1.0000e-01 1.2500e+04 3.1962e-08 2.5000e-01
9.9804e+01 1.2500e+04 1.2782e-12 1.0000e-01 1.2500e+04 1.5978e-08 2.5000e-01
