# # x Density Velocity Pressure q0 q1 q2
1.9608e-01 1.0000e+05 0.0000e+00 1.0000e+00 1.0000e+05 0.0000e+00 2.5000e+00
5.8824e-01 1.0000e+05 0.0000e+00 1.0000e+00 1.0000e+05 0.0000e+00 2.5000e+00
9.8039e-01 1.0000e+05 3.8503e-20 1.0000e+00 1.0000e+05 3.8503e-15 2.5000e+00
1.3725e+00 1.0000e+05 7.5278e-19 1.0000e+00 1.0000e+05 7.5278e-14 2.5000e+00
1.7647e+00 1.0000e+05 3.2685e-18 1.0000e+00 1.0000e+05 3.2685e-13 2.5000e+00
2.1569e+00 1.0000e+05 7.8197e-18 1.0000e+00 1.0000e+05 7.8197e-13 2.5000e+00
2.5490e+00 1.0000e+05 1.4414e-17 1.0000e+00 1.0000e+05 1.4414e-12 2.5000e+00
2.9412e+00 1.0000e+05 2.3109e-17 1.0000e+00 1.0000e+05 2.3109e-12 2.5000e+00
3.3333e+00 1.0000e+05 3.5096e-17 1.0000e+00 1.0000e+05 3.5096e-12 2.5000e+00
3.7255e+00 1.0000e+05 5.2714e-17 1.0000e+00 1.0000e+05 5.2714e-12 2.5000e+00
4.1176e+00 1.0000e+05 7.8553e-17 1.0000e+00 1.0000e+05 7.8553e-12 2.5000e+00
4.5098e+00 1.0000e+05 1.1842e-16 1.0000e+00 1.0000e+05 1.1842e-11 2.5000e+00
4.9020e+00 1.0000e+05 1.8102e-16 1.0000e+00 1.0000e+05 1.8102e-11 2.5000e+00
5.2941e+00 1.0000e+05 2.7997e-16 1.0000e+00 1.0000e+05 2.7997e-11 2.5000e+00
5.6863e+00 1.0000e+05 4.3709e-16 1.0000e+00 1.0000e+05 4.3709e-11 2.5000e+00
6.0784e+00 1.0000e+05 6.8550e-16 1.0000e+00 1.0000e+05 6.8550e-11 2.5000e+00
6.4706e+00 1.0000e+05 1.0774e-15 1.0000e+00 1.0000e+05 1.0774e-10 2.5000e+00
6.8627e+00 1.0000e+05 1.6938e-15 1.0000e+00 1.0000e+05 1.6938e-10 2.5000e+00
7.2549e+00 1.0000e+05 2.6599e-15 1.0000e+00 1.0000e+05 2.6599e-10 2.5000e+00
7.6471e+00 1.0000e+05 4.1663e-15 1.0000e+00 1.0000e+05 4.1663e-10 2.5000e+00
8.0392e+00 1.0000e+05 6.5061e-15 1.0000e+00 1.0000e+05 6.5061e-10 2.5000e+00
8.4314e+00 1.0000e+05 1.0126e-14 1.0000e+00 1.0000e+05 1.0126e-09 2.5000e+00
8.8235e+00 1.0000e+05 1.5703e-14 1.0000e+00 1.0000e+05 1.5703e-09 2.5000e+00
9.2157e+00 1.0000e+05 2.4258e-14 1.0000e+00 1.0000e+05 2.4258e-09 2.5000e+00
9.6078e+00 1.0000e+05 3.7327e-14 1.0000e+00 1.0000e+05 3.7327e-09 2.5000e+00
1.0000e+01 1.0000e+05 5.7211e-14 1.0000e+00 1.0000e+05 5.7211e-09 2.5000e+00
1.0392e+01 1.0000e+05 8.7341e-14 1.0000e+00 1.0000e+05 8.7341e-09 2.5000e+00
1.0784e+01 1.0000e+05 1.3280e-13 1.0000e+00 1.0000e+05 1.3280e-08 2.5000e+00
1.1176e+01 1.0000e+05 2.0112e-13 1.0000e+00 1.0000e+05 2.0112e-08 2.5000e+00
1.1569e+01 1.0000e+05 3.0334e-13 1.0000e+00 1.0000e+05 3.0334e-08 2.5000e+00
1.1961e+01 1.0000e+05 4.5567e-13 1.0000e+00 1.0000e+05 4.5567e-08 2.5000e+00
1.2353e+01 1.0000e+05 6.8173e-13 1.0000e+00 1.0000e+05 6.8173e-08 2.5000e+00
1.2745e+01 1.0000e+05 1.0158e-12 1.0000e+00 1.0000e+05 1.0158e-07 2.5000e+00
1.3137e+01 1.0000e+05 1.5074e-12 1.0000e+00 1.0000e+05 1.5074e-07 2.5000e+00
1.3529e+01 1.0000e+05 2.2277e-12 1.0000e+00 1.0000e+05 2.2277e-07 2.5000e+00
1.3922e+01 1.0000e+05 3.2790e-12 1.0000e+00 1.0000e+05 3.2790e-07 2.5000e+00
1.4314e+01 1.0000e+05 4.8066e-12 1.0000e+00 1.0000e+05 4.8066e-07 2.5000e+00
1.4706e+01 1.0000e+05 7.0170e-12 1.0000e+00 1.0000e+05 7.0170e-07 2.5000e+00
1.5098e+01 1.0000e+05 1.0202e-11 1.0000e+00 1.0000e+05 1.0202e-06 2.5000e+00
1.5490e+01 1.0000e+05 1.4772e-11 1.0000e+00 1.0000e+05 1.4772e-06 2.5000e+00
1.5882e+01 1.0000e+05 2.1302e-11 1.0000e+00 1.0000e+05 2.1302e-06 2.5000e+00
1.6275e+01 1.0000e+05 3.0592e-11 1.0000e+00 1.0000e+05 3.0592e-06 2.5000e+00
1.6667e+01 1.0000e+05 4.3753e-11 1.0000e+00 1.0000e+05 4.3753e-06 2.5000e+00
1.7059e+01 1.0000e+05 6.2319e-11 1.0000e+00 1.0000e+05 6.2319e-06 2.5000e+00
1.7451e+01 1.0000e+05 8.8399e-11 1.0000e+00 1.0000e+05 8.8399e-06 2.5000e+00
1.7843e+01 1.0000e+05 1.2488e-10 1.0000e+00 1.0000e+05 1.2488e-05 2.5000e+00
1.8235e+01 1.0000e+05 1.7568e-10 1.0000e+00 1.0000e+05 1.7568e-05 2.5000e+00
1.8627e+01 1.0000e+05 2.4614e-10 1.0000e+00 1.0000e+05 2.4614e-05 2.5000e+00
1.9020e+01 1.0000e+05 3.4343e-10 1.0000e+00 1.0000e+05 3.4343e-05 2.5000e+00
1.9412e+01 1.0000e+05 4.7721e-10 1.0000e+00 1.0000e+05 4.7721e-05 2.5000e+00
1.9804e+01 1.0000e+05 6.6036e-10 1.0000e+00 1.0000e+05 6.6036e-05 2.5000e+00
2.0196e+01 1.0000e+05 9.1004e-10 1.0000e+00 1.0000e+05 9.1004e-05 2.5000e+00
2.0588e+01 1.0000e+05 1.2489e-09 1.0000e+00 1.0000e+05 1.2489e-04 2.5000e+00
2.0980e+01 1.0000e+05 1.7070e-09 1.0000e+00 1.0000e+05 1.7070e-04 2.5000e+00
2.1373e+01 1.0000e+05 2.3234e-09 1.0000e+00 1.0000e+05 2.3234e-04 2.5000e+00
2.1765e+01 1.0000e+05 3.1493e-09 9.9999e-01 1.0000e+05 3.1493e-04 2.5000e+00
2.2157e+01 1.0000e+05 4.2511e-09 9.9999e-01 1.0000e+05 4.2511e-04 2.5000e+00
2.2549e+01 1.0000e+05 5.7149e-09 9.9999e-01 1.0000e+05 5.7149e-04 2.5000e+00
2.2941e+01 1.0000e+05 7.6509e-09 9.9999e-01 1.0000e+05 7.6509e-04 2.5000e+00
2.3333e+01 1.0000e+05 1.0200e-08 9.9998e-01 1.0000e+05 1.0200e-03 2.5000e+00
2.3725e+01 1.0000e+05 1.3544e-08 9.9997e-01 1.0000e+05 1.3544e-03 2.4999e+00
2.4118e+01 1.0000e+05 1.7909e-08 9.9997e-01 1.0000e+05 1.7908e-03 2.4999e+00
2.4510e+01 1.0000e+05 2.3582e-08 9.9996e-01 1.0000e+05 2.3582e-03 2.4999e+00
2.4902e+01 1.0000e+05 3.0926e-08 9.9994e-01 1.0000e+05 3.0926e-03 2.4999e+00
2.5294e+01 1.0000e+05 4.0390e-08 9.9993e-01 1.0000e+05 4.0390e-03 2.4998e+00
2.5686e+01 1.0000e+05 5.2533e-08 9.9991e-01 1.0000e+05 5.2533e-03 2.4998e+00
2.6078e+01 1.0000e+05 6.8047e-08 9.9988e-01 1.0000e+05 6.8047e-03 2.4997e+00
2.6471e+01 9.9999e+04 8.7781e-08 9.9985e-01 9.9999e+04 8.7780e-03 2.4996e+00
2.6863e+01 9.9999e+04 1.1277e-07 9.9981e-01 9.9999e+04 1.1277e-02 2.4995e+00
2.7255e+01 9.9999e+04 1.4429e-07 9.9976e-01 9.9999e+04 1.4429e-02 2.4994e+00
2.7647e+01 9.9999e+04 1.8386e-07 9.9970e-01 9.9999e+04 1.8386e-02 2.4992e+00
2.8039e+01 9.9999e+04 2.3333e-07 9.9962e-01 9.9999e+04 2.3332e-02 2.4991e+00
2.8431e+01 9.9998e+04 2.9490e-07 9.9953e-01 9.9998e+04 2.9489e-02 2.4988e+00
2.8824e+01 9.9998e+04 3.7120e-07 9.9942e-01 9.9998e+04 3.7119e-02 2.4985e+00
2.9216e+01 9.9997e+04 4.6536e-07 9.9928e-01 9.9997e+04 4.6534e-02 2.4982e+00
2.9608e+01 9.9996e+04 5.8104e-07 9.9911e-01 9.9996e+04 5.8102e-02 2.4978e+00
3.0000e+01 9.9995e+04 7.2256e-07 9.9891e-01 9.9995e+04 7.2252e-02 2.4973e+00
3.0392e+01 9.9994e+04 8.9493e-07 9.9867e-01 9.9994e+04 8.9488e-02 2.4967e+00
3.0784e+01 9.9993e+04 1.1040e-06 9.9838e-01 9.9993e+04 1.1039e-01 2.4960e+00
3.1176e+01 9.9991e+04 1.3564e-06 9.9804e-01 9.9991e+04 1.3563e-01 2.4951e+00
3.1569e+01 9.9989e+04 1.6600e-06 9.9764e-01 9.9989e+04 1.6598e-01 2.4941e+00
3.1961e+01 9.9986e+04 2.0234e-06 9.9717e-01 9.9986e+04 2.0231e-01 2.4929e+00
3.2353e+01 9.9983e+04 2.4567e-06 9.9661e-01 9.9983e+04 2.4563e-01 2.4915e+00
3.2745e+01 9.9979e+04 2.9710e-06 9.9596e-01 9.9979e+04 2.9704e-01 2.4899e+00
3.3137e+01 9.9974e+04 3.5789e-06 9.9521e-01 9.9974e+04 3.5780e-01 2.4880e+00
3.3529e+01 9.9968e+04 4.2945e-06 9.9435e-01 9.9968e+04 4.2931e-01 2.4859e+00
3.3922e+01 9.9961e+04 5.1331e-06 9.9335e-01 9.9961e+04 5.1311e-01 2.4834e+00
3.4314e+01 9.9953e+04 6.1119e-06 9.9221e-01 9.9953e+04 6.1091e-01 2.4805e+00
3.4706e+01 9.9944e+04 7.2496e-06 9.9091e-01 9.9944e+04 7.2455e-01 2.4773e+00
3.5098e+01 9.9933e+04 8.5663e-06 9.8943e-01 9.9933e+04 8.5605e-01 2.4736e+00
3.5490e+01 9.9920e+04 1.0084e-05 9.8776e-01 9.9920e+04 1.0076e+00 2.4694e+00
3.5882e+01 9.9905e+04 1.1826e-05 9.8589e-01 9.9905e+04 1.1815e+00 2.4647e+00
3.6275e+01 9.9887e+04 1.3817e-05 9.8379e-01 9.9887e+04 1.3802e+00 2.4595e+00
3.6667e+01 9.9866e+04 1.6084e-05 9.8145e-01 9.9866e+04 1.6063e+00 2.4536e+00
3.7059e+01 9.9843e+04 1.8655e-05 9.7886e-01 9.9843e+04 1.8626e+00 2.4472e+00
3.7451e+01 9.9815e+04 2.1558e-05 9.7599e-01 9.9815e+04 2.1518e+00 2.4400e+00
3.7843e+01 9.9784e+04 2.4823e-05 9.7284e-01 9.9784e+04 2.4770e+00 2.4321e+00
3.8235e+01 9.9748e+04 2.8482e-05 9.6939e-01 9.9748e+04 2.8410e+00 2.4235e+00
3.8627e+01 9.9708e+04 3.2564e-05 9.6563e-01 9.9708e+04 3.2469e+00 2.4141e+00
3.9020e+01 9.9662e+04 3.7103e-05 9.6155e-01 9.9662e+04 3.6977e+00 2.4039e+00
3.9412e+01 9.9610e+04 4.2128e-05 9.5714e-01 9.9610e+04 4.1964e+00 2.3929e+00
3.9804e+01 9.9552e+04 4.7672e-05 9.5239e-01 9.9552e+04 4.7458e+00 2.3811e+00
4.0196e+01 9.9487e+04 5.3764e-05 9.4730e-01 9.9487e+04 5.3488e+00 2.3684e+00
4.0588e+01 9.9414e+04 6.0433e-05 9.4188e-01 9.9414e+04 6.0079e+00 2.3549e+00
4.0980e+01 9.9333e+04 6.7708e-05 9.3611e-01 9.9333e+04 6.7257e+00 2.3405e+00
4.1373e+01 9.9243e+04 7.5614e-05 9.3001e-01 9.9243e+04 7.5041e+00 2.3253e+00
4.1765e+01 9.9144e+04 8.4173e-05 9.2359e-01 9.9144e+04 8.3453e+00 2.3093e+00
4.2157e+01 9.9035e+04 9.3408e-05 9.1686e-01 9.9035e+04 9.2506e+00 2.2926e+00
4.2549e+01 9.8915e+04 1.0333e-04 9.0982e-01 9.8915e+04 1.0221e+01 2.2751e+00
4.2941e+01 9.8784e+04 1.1397e-04 9.0251e-01 9.8784e+04 1.1258e+01 2.2569e+00
4.3333e+01 9.8641e+04 1.2531e-04 8.9493e-01 9.8641e+04 1.2361e+01 2.2381e+00
4.3725e+01 9.8487e+04 1.3740e-04 8.8712e-01 9.8487e+04 1.3533e+01 2.2187e+00
4.4118e+01 9.8317e+04 1.5013e-04 8.7908e-01 9.8317e+04 1.4761e+01 2.1988e+00
4.4510e+01 9.8142e+04 1.6389e-04 8.7095e-01 9.8142e+04 1.6084e+01 2.1787e+00
4.4902e+01 9.7926e+04 1.7737e-04 8.6234e-01 9.7926e+04 1.7369e+01 2.1574e+00
4.5294e+01 9.7779e+04 1.9450e-04 8.5462e-01 9.7779e+04 1.9018e+01 2.1384e+00
4.5686e+01 9.7393e+04 2.0430e-04 8.4409e-01 9.7393e+04 1.9898e+01 2.1122e+00
4.6078e+01 9.7538e+04 2.3422e-04 8.4011e-01 9.7538e+04 2.2845e+01 2.1030e+00
4.6471e+01 9.6492e+04 2.2279e-04 8.2196e-01 9.6492e+04 2.1497e+01 2.0573e+00
4.6863e+01 9.7636e+04 2.9014e-04 8.3008e-01 9.7636e+04 2.8328e+01 2.0793e+00
4.7255e+01 9.5266e+04 2.3417e-04 7.9698e-01 9.5266e+04 2.2308e+01 1.9951e+00
4.7647e+01 9.7408e+04 3.3848e-04 8.1680e-01 9.7408e+04 3.2971e+01 2.0476e+00
4.8039e+01 9.5018e+04 2.8611e-04 7.8503e-01 9.5018e+04 2.7186e+01 1.9665e+00
4.8431e+01 9.5724e+04 3.4159e-04 7.8847e-01 9.5724e+04 3.2698e+01 1.9768e+00
4.8824e+01 9.5688e+04 3.5505e-04 7.7840e-01 9.5688e+04 3.3974e+01 1.9520e+00
4.9216e+01 9.0144e+04 3.8393e-04 7.7353e-01 9.0144e+04 3.4609e+01 1.9405e+00
4.9608e+01 1.2114e+05 3.8545e-04 7.5884e-01 1.2114e+05 4.6693e+01 1.9061e+00
5.0000e+01 3.9041e+04 4.0151e-04 7.5452e-01 3.9041e+04 1.5675e+01 1.8894e+00
5.0392e+01 1.3710e+04 4.3584e-04 7.5422e-01 1.3710e+04 5.9753e+00 1.8868e+00
5.0784e+01 9.3451e+03 5.3086e-04 7.5544e-01 9.3451e+03 4.9610e+00 1.8899e+00
5.1176e+01 9.3631e+03 6.0007e-04 7.5055e-01 9.3631e+03 5.6185e+00 1.8781e+00
5.1569e+01 9.8046e+03 6.7750e-04 7.4803e-01 9.8046e+03 6.6426e+00 1.8723e+00
5.1961e+01 1.0486e+04 8.2308e-04 7.5425e-01 1.0486e+04 8.6306e+00 1.8892e+00
5.2353e+01 1.0900e+04 9.2082e-04 7.5743e-01 1.0900e+04 1.0037e+01 1.8982e+00
5.2745e+01 1.1214e+04 9.3173e-04 7.5242e-01 1.1214e+04 1.0448e+01 1.8859e+00
5.3137e+01 1.1356e+04 9.2786e-04 7.4674e-01 1.1356e+04 1.0537e+01 1.8717e+00
5.3529e+01 1.1574e+04 9.8073e-04 7.4787e-01 1.1574e+04 1.1351e+01 1.8752e+00
5.3922e+01 1.1773e+04 1.0733e-03 7.5403e-01 1.1773e+04 1.2636e+01 1.8919e+00
5.4314e+01 1.1965e+04 1.1512e-03 7.5909e-01 1.1965e+04 1.3774e+01 1.9056e+00
5.4706e+01 1.2060e+04 1.1808e-03 7.5918e-01 1.2060e+04 1.4241e+01 1.9064e+00
5.5098e+01 1.2110e+04 1.1703e-03 7.5508e-01 1.2110e+04 1.4171e+01 1.8960e+00
5.5490e+01 1.2137e+04 1.1540e-03 7.4928e-01 1.2137e+04 1.4006e+01 1.8813e+00
5.5882e+01 1.2217e+04 1.1767e-03 7.4840e-01 1.2217e+04 1.4376e+01 1.8795e+00
5.6275e+01 1.2354e+04 1.2549e-03 7.5430e-01 1.2354e+04 1.5504e+01 1.8955e+00
5.6667e+01 1.2532e+04 1.3645e-03 7.6427e-01 1.2532e+04 1.7100e+01 1.9223e+00
5.7059e+01 1.2700e+04 1.4714e-03 7.7437e-01 1.2700e+04 1.8687e+01 1.9497e+00
5.7451e+01 1.2833e+04 1.5528e-03 7.8181e-01 1.2833e+04 1.9927e+01 1.9700e+00
5.7843e+01 1.2918e+04 1.6023e-03 7.8571e-01 1.2918e+04 2.0698e+01 1.9809e+00
5.8235e+01 1.2964e+04 1.6256e-03 7.8661e-01 1.2964e+04 2.1075e+01 1.9837e+00
5.8627e+01 1.2986e+04 1.6327e-03 7.8568e-01 1.2986e+04 2.1202e+01 1.9815e+00
5.9020e+01 1.2996e+04 1.6324e-03 7.8394e-01 1.2996e+04 2.1215e+01 1.9772e+00
5.9412e+01 1.3001e+04 1.6297e-03 7.8196e-01 1.3001e+04 2.1188e+01 1.9722e+00
5.9804e+01 1.3006e+04 1.6261e-03 7.7986e-01 1.3006e+04 2.1149e+01 1.9669e+00
6.0196e+01 1.3009e+04 1.6221e-03 7.7769e-01 1.3009e+04 2.1102e+01 1.9613e+00
6.0588e+01 1.3012e+04 1.6177e-03 7.7544e-01 1.3012e+04 2.1050e+01 1.9556e+00
6.0980e+01 1.3015e+04 1.6130e-03 7.7311e-01 1.3015e+04 2.0993e+01 1.9497e+00
6.1373e+01 1.3017e+04 1.6078e-03 7.7069e-01 1.3017e+04 2.0929e+01 1.9436e+00
6.1765e+01 1.3019e+04 1.6023e-03 7.6819e-01 1.3019e+04 2.0861e+01 1.9372e+00
6.2157e+01 1.3021e+04 1.5965e-03 7.6561e-01 1.3021e+04 2.0787e+01 1.9306e+00
6.2549e+01 1.3022e+04 1.5902e-03 7.6294e-01 1.3022e+04 2.0708e+01 1.9238e+00
6.2941e+01 1.3023e+04 1.5837e-03 7.6018e-01 1.3023e+04 2.0623e+01 1.9168e+00
6.3333e+01 1.3023e+04 1.5767e-03 7.5732e-01 1.3023e+04 2.0534e+01 1.9095e+00
6.3725e+01 1.3023e+04 1.5694e-03 7.5437e-01 1.3023e+04 2.0439e+01 1.9020e+00
6.4118e+01 1.3023e+04 1.5618e-03 7.5132e-01 1.3023e+04 2.0339e+01 1.8942e+00
6.4510e+01 1.3023e+04 1.5538e-03 7.4817e-01 1.3023e+04 2.0235e+01 1.8861e+00
6.4902e+01 1.3022e+04 1.5454e-03 7.4491e-01 1.3022e+04 2.0125e+01 1.8778e+00
6.5294e+01 1.3021e+04 1.5367e-03 7.4155e-01 1.3021e+04 2.0009e+01 1.8692e+00
6.5686e+01 1.3020e+04 1.5276e-03 7.3807e-01 1.3020e+04 1.9889e+01 1.8604e+00
6.6078e+01 1.3018e+04 1.5182e-03 7.3448e-01 1.3018e+04 1.9764e+01 1.8512e+00
6.6471e+01 1.3017e+04 1.5083e-03 7.3077e-01 1.3017e+04 1.9633e+01 1.8417e+00
6.6863e+01 1.3014e+04 1.4981e-03 7.2694e-01 1.3014e+04 1.9497e+01 1.8319e+00
6.7255e+01 1.3012e+04 1.4876e-03 7.2298e-01 1.3012e+04 1.9356e+01 1.8218e+00
6.7647e+01 1.3010e+04 1.4766e-03 7.1890e-01 1.3010e+04 1.9210e+01 1.8114e+00
6.8039e+01 1.3007e+04 1.4653e-03 7.1468e-01 1.3007e+04 1.9059e+01 1.8007e+00
6.8431e+01 1.3004e+04 1.4536e-03 7.1033e-01 1.3004e+04 1.8902e+01 1.7896e+00
6.8824e+01 1.3001e+04 1.4415e-03 7.0584e-01 1.3001e+04 1.8740e+01 1.7781e+00
6.9216e+01 1.2997e+04 1.4290e-03 7.0121e-01 1.2997e+04 1.8573e+01 1.7663e+00
6.9608e+01 1.2993e+04 1.4162e-03 6.9644e-01 1.2993e+04 1.8401e+01 1.7541e+00
7.0000e+01 1.2989e+04 1.4029e-03 6.9152e-01 1.2989e+04 1.8223e+01 1.7416e+00
7.0392e+01 1.2985e+04 1.3893e-03 6.8644e-01 1.2985e+04 1.8040e+01 1.7286e+00
7.0784e+01 1.2981e+04 1.3752e-03 6.8121e-01 1.2981e+04 1.7851e+01 1.7153e+00
7.1176e+01 1.2976e+04 1.3608e-03 6.7582e-01 1.2976e+04 1.7658e+01 1.7016e+00
7.1569e+01 1.2972e+04 1.3459e-03 6.7028e-01 1.2972e+04 1.7458e+01 1.6874e+00
7.1961e+01 1.2967e+04 1.3306e-03 6.6456e-01 1.2967e+04 1.7254e+01 1.6729e+00
7.2353e+01 1.2961e+04 1.3150e-03 6.5868e-01 1.2961e+04 1.7044e+01 1.6579e+00
7.2745e+01 1.2956e+04 1.2989e-03 6.5262e-01 1.2956e+04 1.6828e+01 1.6425e+00
7.3137e+01 1.2950e+04 1.2824e-03 6.4639e-01 1.2950e+04 1.6607e+01 1.6266e+00
7.3529e+01 1.2944e+04 1.2654e-03 6.3998e-01 1.2944e+04 1.6380e+01 1.6103e+00
7.3922e+01 1.2938e+04 1.2481e-03 6.3339e-01 1.2938e+04 1.6148e+01 1.5935e+00
7.4314e+01 1.2932e+04 1.2303e-03 6.2661e-01 1.2932e+04 1.5911e+01 1.5763e+00
7.4706e+01 1.2926e+04 1.2121e-03 6.1965e-01 1.2926e+04 1.5668e+01 1.5586e+00
7.5098e+01 1.2919e+04 1.1935e-03 6.1249e-01 1.2919e+04 1.5419e+01 1.5404e+00
7.5490e+01 1.2913e+04 1.1744e-03 6.0513e-01 1.2913e+04 1.5165e+01 1.5217e+00
7.5882e+01 1.2906e+04 1.1549e-03 5.9758e-01 1.2906e+04 1.4905e+01 1.5026e+00
7.6275e+01 1.2898e+04 1.1350e-03 5.8982e-01 1.2898e+04 1.4639e+01 1.4829e+00
7.6667e+01 1.2891e+04 1.1146e-03 5.8186e-01 1.2891e+04 1.4368e+01 1.4626e+00
7.7059e+01 1.2884e+04 1.0937e-03 5.7368e-01 1.2884e+04 1.4091e+01 1.4419e+00
7.7451e+01 1.2876e+04 1.0724e-03 5.6529e-01 1.2876e+04 1.3809e+01 1.4206e+00
7.7843e+01 1.2868e+04 1.0507e-03 5.5669e-01 1.2868e+04 1.3520e+01 1.3988e+00
7.8235e+01 1.2860e+04 1.0285e-03 5.4786e-01 1.2860e+04 1.3226e+01 1.3765e+00
7.8627e+01 1.2852e+04 1.0058e-03 5.3881e-01 1.2852e+04 1.2926e+01 1.3535e+00
7.9020e+01 1.2843e+04 9.8266e-04 5.2952e-01 1.2843e+04 1.2621e+01 1.3300e+00
7.9412e+01 1.2835e+04 9.5904e-04 5.2000e-01 1.2835e+04 1.2309e+01 1.3059e+00
7.9804e+01 1.2826e+04 9.3494e-04 5.1024e-01 1.2826e+04 1.1992e+01 1.2812e+00
8.0196e+01 1.2817e+04 9.1035e-04 5.0023e-01 1.2817e+04 1.1668e+01 1.2559e+00
8.0588e+01 1.2808e+04 8.8528e-04 4.8998e-01 1.2808e+04 1.1339e+01 1.2300e+00
8.0980e+01 1.2799e+04 8.5970e-04 4.7946e-01 1.2799e+04 1.1003e+01 1.2034e+00
8.1373e+01 1.2789e+04 8.3362e-04 4.6869e-01 1.2789e+04 1.0661e+01 1.1762e+00
8.1765e+01 1.2780e+04 8.0702e-04 4.5765e-01 1.2780e+04 1.0314e+01 1.1483e+00
8.2157e+01 1.2770e+04 7.7990e-04 4.4634e-01 1.2770e+04 9.9594e+00 1.1197e+00
8.2549e+01 1.2760e+04 7.5226e-04 4.3475e-01 1.2760e+04 9.5989e+00 1.0905e+00
8.2941e+01 1.2750e+04 7.2408e-04 4.2287e-01 1.2750e+04 9.2320e+00 1.0605e+00
8.3333e+01 1.2740e+04 6.9536e-04 4.1070e-01 1.2740e+04 8.8586e+00 1.0298e+00
8.3725e+01 1.2729e+04 6.6608e-04 3.9824e-01 1.2729e+04 8.4787e+00 9.9841e-01
8.4118e+01 1.2719e+04 6.3625e-04 3.8546e-01 1.2719e+04 8.0921e+00 9.6623e-01
8.4510e+01 1.2708e+04 6.0584e-04 3.7237e-01 1.2708e+04 7.6988e+00 9.3326e-01
8.4902e+01 1.2697e+04 5.7485e-04 3.5896e-01 1.2697e+04 7.2987e+00 8.9950e-01
8.5294e+01 1.2686e+04 5.4327e-04 3.4522e-01 1.2686e+04 6.8917e+00 8.6493e-01
8.5686e+01 1.2674e+04 5.1109e-04 3.3114e-01 1.2674e+04 6.4777e+00 8.2952e-01
8.6078e+01 1.2663e+04 4.7830e-04 3.1672e-01 1.2663e+04 6.0567e+00 7.9325e-01
8.6471e+01 1.2651e+04 4.4489e-04 3.0194e-01 1.2651e+04 5.6284e+00 7.5611e-01
8.6863e+01 1.2639e+04 4.1085e-04 2.8680e-01 1.2639e+04 5.1928e+00 7.1807e-01
8.7255e+01 1.2627e+04 3.7616e-04 2.7129e-01 1.2627e+04 4.7499e+00 6.7911e-01
8.7647e+01 1.2615e+04 3.4082e-04 2.5539e-01 1.2615e+04 4.2995e+00 6.3921e-01
8.8039e+01 1.2603e+04 3.0482e-04 2.3910e-01 1.2603e+04 3.8415e+00 5.9835e-01
8.8431e+01 1.2590e+04 2.6817e-04 2.2243e-01 1.2590e+04 3.3763e+00 5.5653e-01
8.8824e+01 1.2577e+04 2.3093e-04 2.0539e-01 1.2577e+04 2.9045e+00 5.1380e-01
8.9216e+01 1.2565e+04 1.9330e-04 1.8806e-01 1.2565e+04 2.4287e+00 4.7039e-01
8.9608e+01 1.2552e+04 1.5575e-04 1.7068e-01 1.2552e+04 1.9549e+00 4.2686e-01
9.0000e+01 1.2540e+04 1.1927e-04 1.5374e-01 1.2540e+04 1.4957e+00 3.8443e-01
9.0392e+01 1.2529e+04 8.5552e-05 1.3807e-01 1.2529e+04 1.0719e+00 3.4523e-01
9.0784e+01 1.2519e+04 5.6687e-05 1.2478e-01 1.2519e+04 7.0967e-01 3.1197e-01
9.1176e+01 1.2512e+04 3.4408e-05 1.1471e-01 1.2512e+04 4.3050e-01 2.8678e-01
9.1569e+01 1.2507e+04 1.9157e-05 1.0800e-01 1.2507e+04 2.3959e-01 2.7001e-01
9.1961e+01 1.2503e+04 9.9017e-06 1.0406e-01 1.2503e+04 1.2381e-01 2.6014e-01
9.2353e+01 1.2502e+04 4.8419e-06 1.0196e-01 1.2502e+04 6.0532e-02 2.5490e-01
9.2745e+01 1.2501e+04 2.2838e-06 1.0092e-01 1.2501e+04 2.8549e-02 2.5229e-01
9.3137e+01 1.2500e+04 1.0547e-06 1.0042e-01 1.2500e+04 1.3184e-02 2.5106e-01
9.3529e+01 1.2500e+04 4.8144e-07 1.0019e-01 1.2500e+04 6.0181e-03 2.5048e-01
9.3922e+01 1.2500e+04 2.1835e-07 1.0009e-01 1.2500e+04 2.7293e-03 2.5022e-01
9.4314e+01 1.2500e+04 9.8641e-08 1.0004e-01 1.2500e+04 1.2330e-03 2.5010e-01
9.4706e+01 1.2500e+04 4.4444e-08 1.0002e-01 1.2500e+04 5.5555e-04 2.5004e-01
9.5098e+01 1.2500e+04 1.9983e-08 1.0001e-01 1.2500e+04 2.4979e-04 2.5002e-01
9.5490e+01 1.2500e+04 8.9681e-09 1.0000e-01 1.2500e+04 1.1210e-04 2.5001e-01
9.5882e+01 1.2500e+04 4.0178e-09 1.0000e-01 1.2500e+04 5.0222e-05 2.5000e-01
9.6275e+01 1.2500e+04 1.7970e-09 1.0000e-01 1.2500e+04 2.2462e-05 2.5000e-01
9.6667e+01 1.2500e+04 8.0235e-10 1.0000e-01 1.2500e+04 1.0029e-05 2.5000e-01
9.7059e+01 1.2500e+04 3.5765e-10 1.0000e-01 1.2500e+04 4.4706e-06 2.5000e-01
9.7451e+01 1.2500e+04 1.5916e-10 1.0000e-01 1.2500e+04 1.9895e-06 2.5000e-01
9.7843e+01 1.2500e+04 7.0710e-11 1.0000e-01 1.2500e+04 8.8388e-07 2.5000e-01
9.8235e+01 1.2500e+04 3.1366e-11 1.0000e-01 1.2500e+04 3.9208e-07 2.5000e-01
9.8627e+01 1.2500e+04 1.3900e-11 1.0000e-01 1.2500e+04 1.7375e-07 2.5000e-01
9.9020e+01 1.2500e+04 6.1706e-12 1.0000e-01 1.2500e+04 7.7132e-08 2.5000e-01
9.9412e+01 1.2500e+04 2.7776e-12 1.0000e-01 1.2500e+04 3.4721e-08 2.5000e-01
9.9804e+01 1.2500e+04 1.3892e-12 1.0000e-01 1.2500e+04 1.7365e-08 2.5000e-01
