# # x Density Velocity Pressure q0 q1 q2
1.9608e-01 1.0000e+05 0.0000e+00 1.0000e+00 1.0000e+05 0.0000e+00 2.5000e+00
5.8824e-01 1.0000e+05 0.0000e+00 1.0000e+00 1.0000e+05 0.0000e+00 2.5000e+00
9.8039e-01 1.0000e+05 1.4410e-19 1.0000e+00 1.0000e+05 1.4410e-14 2.5000e+00
1.3725e+00 1.0000e+05 1.2661e-18 1.0000e+00 1.0000e+05 1.2661e-13 2.5000e+00
1.7647e+00 1.0000e+05 4.3862e-18 1.0000e+00 1.0000e+05 4.3862e-13 2.5000e+00
2.1569e+00 1.0000e+05 9.5424e-18 1.0000e+00 1.0000e+05 9.5424e-13 2.5000e+00
2.5490e+00 1.0000e+05 1.6747e-17 1.0000e+00 1.0000e+05 1.6747e-12 2.5000e+00
2.9412e+00 1.0000e+05 2.6206e-17 1.0000e+00 1.0000e+05 2.6206e-12 2.5000e+00
3.3333e+00 1.0000e+05 3.9523e-17 1.0000e+00 1.0000e+05 3.9523e-12 2.5000e+00
3.7255e+00 1.0000e+05 5.9272e-17 1.0000e+00 1.0000e+05 5.9272e-12 2.5000e+00
4.1176e+00 1.0000e+05 8.8419e-17 1.0000e+00 1.0000e+05 8.8419e-12 2.5000e+00
4.5098e+00 1.0000e+05 1.3361e-16 1.0000e+00 1.0000e+05 1.3361e-11 2.5000e+00
4.9020e+00 1.0000e+05 2.0473e-16 1.0000e+00 1.0000e+05 2.0473e-11 2.5000e+00
5.2941e+00 1.0000e+05 3.1726e-16 1.0000e+00 1.0000e+05 3.1726e-11 2.5000e+00
5.6863e+00 1.0000e+05 4.9549e-16 1.0000e+00 1.0000e+05 4.9549e-11 2.5000e+00
6.0784e+00 1.0000e+05 7.7685e-16 1.0000e+00 1.0000e+05 7.7685e-11 2.5000e+00
6.4706e+00 1.0000e+05 1.2201e-15 1.0000e+00 1.0000e+05 1.2201e-10 2.5000e+00
6.8627e+00 1.0000e+05 1.9156e-15 1.0000e+00 1.0000e+05 1.9156e-10 2.5000e+00
7.2549e+00 1.0000e+05 3.0034e-15 1.0000e+00 1.0000e+05 3.0034e-10 2.5000e+00
7.6471e+00 1.0000e+05 4.6962e-15 1.0000e+00 1.0000e+05 4.6962e-10 2.5000e+00
8.0392e+00 1.0000e+05 7.3200e-15 1.0000e+00 1.0000e+05 7.3200e-10 2.5000e+00
8.4314e+00 1.0000e+05 1.1371e-14 1.0000e+00 1.0000e+05 1.1371e-09 2.5000e+00
8.8235e+00 1.0000e+05 1.7599e-14 1.0000e+00 1.0000e+05 1.7599e-09 2.5000e+00
9.2157e+00 1.0000e+05 2.7132e-14 1.0000e+00 1.0000e+05 2.7132e-09 2.5000e+00
9.6078e+00 1.0000e+05 4.1668e-14 1.0000e+00 1.0000e+05 4.1668e-09 2.5000e+00
1.0000e+01 1.0000e+05 6.3739e-14 1.0000e+00 1.0000e+05 6.3739e-09 2.5000e+00
1.0392e+01 1.0000e+05 9.7116e-14 1.0000e+00 1.0000e+05 9.7116e-09 2.5000e+00
1.0784e+01 1.0000e+05 1.4738e-13 1.0000e+00 1.0000e+05 1.4738e-08 2.5000e+00
1.1176e+01 1.0000e+05 2.2276e-13 1.0000e+00 1.0000e+05 2.2276e-08 2.5000e+00
1.1569e+01 1.0000e+05 3.3535e-13 1.0000e+00 1.0000e+05 3.3535e-08 2.5000e+00
1.1961e+01 1.0000e+05 5.0280e-13 1.0000e+00 1.0000e+05 5.0280e-08 2.5000e+00
1.2353e+01 1.0000e+05 7.5081e-13 1.0000e+00 1.0000e+05 7.5081e-08 2.5000e+00
1.2745e+01 1.0000e+05 1.1166e-12 1.0000e+00 1.0000e+05 1.1166e-07 2.5000e+00
1.3137e+01 1.0000e+05 1.6540e-12 1.0000e+00 1.0000e+05 1.6540e-07 2.5000e+00
1.3529e+01 1.0000e+05 2.4399e-12 1.0000e+00 1.0000e+05 2.4399e-07 2.5000e+00
1.3922e+01 1.0000e+05 3.5847e-12 1.0000e+00 1.0000e+05 3.5847e-07 2.5000e+00
1.4314e+01 1.0000e+05 5.2453e-12 1.0000e+00 1.0000e+05 5.2453e-07 2.5000e+00
1.4706e+01 1.0000e+05 7.6438e-12 1.0000e+00 1.0000e+05 7.6438e-07 2.5000e+00
1.5098e+01 1.0000e+05 1.1094e-11 1.0000e+00 1.0000e+05 1.1094e-06 2.5000e+00
1.5490e+01 1.0000e+05 1.6035e-11 1.0000e+00 1.0000e+05 1.6035e-06 2.5000e+00
1.5882e+01 1.0000e+05 2.3083e-11 1.0000e+00 1.0000e+05 2.3083e-06 2.5000e+00
1.6275e+01 1.0000e+05 3.3093e-11 1.0000e+00 1.0000e+05 3.3093e-06 2.5000e+00
1.6667e+01 1.0000e+05 4.7250e-11 1.0000e+00 1.0000e+05 4.7250e-06 2.5000e+00
1.7059e+01 1.0000e+05 6.7187e-11 1.0000e+00 1.0000e+05 6.7187e-06 2.5000e+00
1.7451e+01 1.0000e+05 9.5146e-11 1.0000e+00 1.0000e+05 9.5146e-06 2.5000e+00
1.7843e+01 1.0000e+05 1.3419e-10 1.0000e+00 1.0000e+05 1.3419e-05 2.5000e+00
1.8235e+01 1.0000e+05 1.8847e-10 1.0000e+00 1.0000e+05 1.8847e-05 2.5000e+00
1.8627e+01 1.0000e+05 2.6363e-10 1.0000e+00 1.0000e+05 2.6363e-05 2.5000e+00
1.9020e+01 1.0000e+05 3.6726e-10 1.0000e+00 1.0000e+05 3.6726e-05 2.5000e+00
1.9412e+01 1.0000e+05 5.0951e-10 1.0000e+00 1.0000e+05 5.0951e-05 2.5000e+00
1.9804e+01 1.0000e+05 7.0396e-10 1.0000e+00 1.0000e+05 7.0396e-05 2.5000e+00
2.0196e+01 1.0000e+05 9.6863e-10 1.0000e+00 1.0000e+05 9.6863e-05 2.5000e+00
2.0588e+01 1.0000e+05 1.3273e-09 1.0000e+00 1.0000e+05 1.3273e-04 2.5000e+00
2.0980e+01 1.0000e+05 1.8114e-09 1.0000e+00 1.0000e+05 1.8114e-04 2.5000e+00
2.1373e+01 1.0000e+05 2.4618e-09 1.0000e+00 1.0000e+05 2.4618e-04 2.5000e+00
2.1765e+01 1.0000e+05 3.3320e-09 9.9999e-01 1.0000e+05 3.3320e-04 2.5000e+00
2.2157e+01 1.0000e+05 4.4914e-09 9.9999e-01 1.0000e+05 4.4914e-04 2.5000e+00
2.2549e+01 1.0000e+05 6.0292e-09 9.9999e-01 1.0000e+05 6.0292e-04 2.5000e+00
2.2941e+01 1.0000e+05 8.0603e-09 9.9998e-01 1.0000e+05 8.0603e-04 2.5000e+00
2.3333e+01 1.0000e+05 1.0731e-08 9.9998e-01 1.0000e+05 1.0731e-03 2.4999e+00
2.3725e+01 1.0000e+05 1.4229e-08 9.9997e-01 1.0000e+05 1.4229e-03 2.4999e+00
2.4118e+01 1.0000e+05 1.8789e-08 9.9997e-01 1.0000e+05 1.8789e-03 2.4999e+00
2.4510e+01 1.0000e+05 2.4710e-08 9.9996e-01 1.0000e+05 2.4709e-03 2.4999e+00
2.4902e+01 1.0000e+05 3.2362e-08 9.9994e-01 1.0000e+05 3.2362e-03 2.4999e+00
2.5294e+01 1.0000e+05 4.2210e-08 9.9993e-01 1.0000e+05 4.2210e-03 2.4998e+00
2.5686e+01 1.0000e+05 5.4831e-08 9.9990e-01 1.0000e+05 5.4831e-03 2.4998e+00
2.6078e+01 1.0000e+05 7.0934e-08 9.9988e-01 1.0000e+05 7.0934e-03 2.4997e+00
2.6471e+01 9.9999e+04 9.1392e-08 9.9984e-01 9.9999e+04 9.1391e-03 2.4996e+00
2.6863e+01 9.9999e+04 1.1727e-07 9.9980e-01 9.9999e+04 1.1727e-02 2.4995e+00
2.7255e+01 9.9999e+04 1.4986e-07 9.9975e-01 9.9999e+04 1.4986e-02 2.4994e+00
2.7647e+01 9.9999e+04 1.9074e-07 9.9969e-01 9.9999e+04 1.9073e-02 2.4992e+00
2.8039e+01 9.9999e+04 2.4177e-07 9.9961e-01 9.9999e+04 2.4177e-02 2.4990e+00
2.8431e+01 9.9998e+04 3.0523e-07 9.9952e-01 9.9998e+04 3.0522e-02 2.4988e+00
2.8824e+01 9.9998e+04 3.8378e-07 9.9940e-01 9.9998e+04 3.8377e-02 2.4985e+00
2.9216e+01 9.9997e+04 4.8060e-07 9.9926e-01 9.9997e+04 4.8058e-02 2.4981e+00
2.9608e+01 9.9996e+04 5.9942e-07 9.9909e-01 9.9996e+04 5.9940e-02 2.4977e+00
3.0000e+01 9.9995e+04 7.4463e-07 9.9888e-01 9.9995e+04 7.4459e-02 2.4972e+00
3.0392e+01 9.9994e+04 9.2132e-07 9.9864e-01 9.9994e+04 9.2126e-02 2.4966e+00
3.0784e+01 9.9992e+04 1.1354e-06 9.9834e-01 9.9992e+04 1.1353e-01 2.4959e+00
3.1176e+01 9.9990e+04 1.3936e-06 9.9800e-01 9.9990e+04 1.3935e-01 2.4950e+00
3.1569e+01 9.9988e+04 1.7038e-06 9.9759e-01 9.9988e+04 1.7036e-01 2.4940e+00
3.1961e+01 9.9985e+04 2.0749e-06 9.9710e-01 9.9985e+04 2.0746e-01 2.4928e+00
3.2353e+01 9.9982e+04 2.5168e-06 9.9654e-01 9.9982e+04 2.5164e-01 2.4914e+00
3.2745e+01 9.9978e+04 3.0409e-06 9.9588e-01 9.9978e+04 3.0403e-01 2.4897e+00
3.3137e+01 9.9973e+04 3.6599e-06 9.9512e-01 9.9973e+04 3.6589e-01 2.4878e+00
3.3529e+01 9.9967e+04 4.3878e-06 9.9424e-01 9.9967e+04 4.3864e-01 2.4856e+00
3.3922e+01 9.9961e+04 5.2403e-06 9.9323e-01 9.9961e+04 5.2382e-01 2.4831e+00
3.4314e+01 9.9952e+04 6.2343e-06 9.9208e-01 9.9952e+04 6.2314e-01 2.4802e+00
3.4706e+01 9.9943e+04 7.3888e-06 9.9076e-01 9.9943e+04 7.3845e-01 2.4769e+00
3.5098e+01 9.9931e+04 8.7238e-06 9.8927e-01 9.9931e+04 8.7179e-01 2.4732e+00
3.5490e+01 9.9918e+04 1.0261e-05 9.8759e-01 9.9918e+04 1.0253e+00 2.4690e+00
3.5882e+01 9.9903e+04 1.2025e-05 9.8570e-01 9.9903e+04 1.2013e+00 2.4643e+00
3.6275e+01 9.9885e+04 1.4040e-05 9.8358e-01 9.9885e+04 1.4024e+00 2.4590e+00
3.6667e+01 9.9864e+04 1.6332e-05 9.8123e-01 9.9864e+04 1.6310e+00 2.4531e+00
3.7059e+01 9.9840e+04 1.8929e-05 9.7862e-01 9.9840e+04 1.8899e+00 2.4466e+00
3.7451e+01 9.9812e+04 2.1860e-05 9.7573e-01 9.9812e+04 2.1819e+00 2.4394e+00
3.7843e+01 9.9781e+04 2.5155e-05 9.7257e-01 9.9781e+04 2.5100e+00 2.4314e+00
3.8235e+01 9.9745e+04 2.8844e-05 9.6910e-01 9.9745e+04 2.8770e+00 2.4228e+00
3.8627e+01 9.9704e+04 3.2959e-05 9.6532e-01 9.9704e+04 3.2861e+00 2.4134e+00
3.9020e+01 9.9657e+04 3.7530e-05 9.6122e-01 9.9657e+04 3.7401e+00 2.4031e+00
3.9412e+01 9.9605e+04 4.2589e-05 9.5680e-01 9.9605e+04 4.2421e+00 2.3921e+00
3.9804e+01 9.9546e+04 4.8167e-05 9.5203e-01 9.9546e+04 4.7948e+00 2.3802e+00
4.0196e+01 9.9480e+04 5.4293e-05 9.4694e-01 9.9480e+04 5.4011e+00 2.3675e+00
4.0588e+01 9.9407e+04 6.0997e-05 9.4150e-01 9.9407e+04 6.0635e+00 2.3539e+00
4.0980e+01 9.9326e+04 6.8305e-05 9.3573e-01 9.9326e+04 6.7844e+00 2.3396e+00
4.1373e+01 9.9235e+04 7.6244e-05 9.2962e-01 9.9235e+04 7.5660e+00 2.3243e+00
4.1765e+01 9.9135e+04 8.4835e-05 9.2320e-01 9.9135e+04 8.4102e+00 2.3084e+00
4.2157e+01 9.9025e+04 9.4101e-05 9.1646e-01 9.9025e+04 9.3184e+00 2.2916e+00
4.2549e+01 9.8905e+04 1.0406e-04 9.0943e-01 9.8905e+04 1.0292e+01 2.2741e+00
4.2941e+01 9.8773e+04 1.1472e-04 9.0211e-01 9.8773e+04 1.1331e+01 2.2559e+00
4.3333e+01 9.8630e+04 1.2609e-04 8.9454e-01 9.8630e+04 1.2436e+01 2.2371e+00
4.3725e+01 9.8475e+04 1.3820e-04 8.8674e-01 9.8475e+04 1.3609e+01 2.2178e+00
4.4118e+01 9.8304e+04 1.5095e-04 8.7871e-01 9.8304e+04 1.4839e+01 2.1979e+00
4.4510e+01 9.8129e+04 1.6473e-04 8.7060e-01 9.8129e+04 1.6165e+01 2.1778e+00
4.4902e+01 9.7911e+04 1.7818e-04 8.6199e-01 9.7911e+04 1.7446e+01 2.1565e+00
4.5294e+01 9.7766e+04 1.9542e-04 8.5432e-01 9.7766e+04 1.9106e+01 2.1377e+00
4.5686e+01 9.7373e+04 2.0501e-04 8.4373e-01 9.7373e+04 1.9963e+01 2.1114e+00
4.6078e+01 9.7530e+04 2.3536e-04 8.3992e-01 9.7530e+04 2.2954e+01 2.1025e+00
4.6471e+01 9.6464e+04 2.2323e-04 8.2156e-01 9.6464e+04 2.1533e+01 2.0563e+00
4.6863e+01 9.7632e+04 2.9143e-04 8.2998e-01 9.7632e+04 2.8453e+01 2.0791e+00
4.7255e+01 9.5243e+04 2.3479e-04 7.9669e-01 9.5243e+04 2.2362e+01 1.9944e+00
4.7647e+01 9.7383e+04 3.3905e-04 8.1651e-01 9.7383e+04 3.3017e+01 2.0469e+00
4.8039e+01 9.5020e+04 2.8763e-04 7.8508e-01 9.5020e+04 2.7330e+01 1.9666e+00
4.8431e+01 9.5689e+04 3.4184e-04 7.8814e-01 9.5689e+04 3.2710e+01 1.9759e+00
4.8824e+01 9.5678e+04 3.5576e-04 7.7824e-01 9.5678e+04 3.4039e+01 1.9517e+00
4.9216e+01 9.0079e+04 3.8496e-04 7.7351e-01 9.0079e+04 3.4677e+01 1.9404e+00
4.9608e+01 1.2123e+05 3.8631e-04 7.5879e-01 1.2123e+05 4.6834e+01 1.9060e+00
5.0000e+01 3.9249e+04 4.0211e-04 7.5440e-01 3.9249e+04 1.5782e+01 1.8892e+00
5.0392e+01 1.3764e+04 4.3481e-04 7.5387e-01 1.3764e+04 5.9850e+00 1.8860e+00
5.0784e+01 9.3469e+03 5.3183e-04 7.5539e-01 9.3469e+03 4.9710e+00 1.8898e+00
5.1176e+01 9.3546e+03 6.0394e-04 7.5081e-01 9.3546e+03 5.6496e+00 1.8787e+00
5.1569e+01 9.7895e+03 6.7514e-04 7.4767e-01 9.7895e+03 6.6093e+00 1.8714e+00
5.1961e+01 1.0468e+04 8.1768e-04 7.5356e-01 1.0468e+04 8.5597e+00 1.8874e+00
5.2353e+01 1.0891e+04 9.2108e-04 7.5734e-01 1.0891e+04 1.0031e+01 1.8980e+00
5.2745e+01 1.1211e+04 9.3663e-04 7.5282e-01 1.1211e+04 1.0501e+01 1.8870e+00
5.3137e+01 1.1352e+04 9.2995e-04 7.4684e-01 1.1352e+04 1.0557e+01 1.8720e+00
5.3529e+01 1.1564e+04 9.7702e-04 7.4733e-01 1.1564e+04 1.1298e+01 1.8738e+00
5.3922e+01 1.1761e+04 1.0676e-03 7.5327e-01 1.1761e+04 1.2555e+01 1.8899e+00
5.4314e+01 1.1956e+04 1.1483e-03 7.5866e-01 1.1956e+04 1.3729e+01 1.9045e+00
5.4706e+01 1.2058e+04 1.1822e-03 7.5926e-01 1.2058e+04 1.4255e+01 1.9066e+00
5.5098e+01 1.2111e+04 1.1744e-03 7.5545e-01 1.2111e+04 1.4223e+01 1.8970e+00
5.5490e+01 1.2136e+04 1.1570e-03 7.4958e-01 1.2136e+04 1.4042e+01 1.8821e+00
5.5882e+01 1.2209e+04 1.1743e-03 7.4809e-01 1.2209e+04 1.4338e+01 1.8786e+00
5.6275e+01 1.2341e+04 1.2474e-03 7.5339e-01 1.2341e+04 1.5393e+01 1.8931e+00
5.6667e+01 1.2516e+04 1.3549e-03 7.6309e-01 1.2516e+04 1.6958e+01 1.9192e+00
5.7059e+01 1.2686e+04 1.4628e-03 7.7329e-01 1.2686e+04 1.8557e+01 1.9468e+00
5.7451e+01 1.2822e+04 1.5471e-03 7.8105e-01 1.2822e+04 1.9838e+01 1.9680e+00
5.7843e+01 1.2912e+04 1.5997e-03 7.8531e-01 1.2912e+04 2.0655e+01 1.9798e+00
5.8235e+01 1.2962e+04 1.6253e-03 7.8648e-01 1.2962e+04 2.1067e+01 1.9833e+00
5.8627e+01 1.2985e+04 1.6337e-03 7.8570e-01 1.2985e+04 2.1213e+01 1.9816e+00
5.9020e+01 1.2996e+04 1.6339e-03 7.8402e-01 1.2996e+04 2.1234e+01 1.9774e+00
5.9412e+01 1.3002e+04 1.6313e-03 7.8206e-01 1.3002e+04 2.1210e+01 1.9725e+00
5.9804e+01 1.3006e+04 1.6278e-03 7.7999e-01 1.3006e+04 2.1172e+01 1.9672e+00
6.0196e+01 1.3010e+04 1.6239e-03 7.7784e-01 1.3010e+04 2.1127e+01 1.9617e+00
6.0588e+01 1.3013e+04 1.6196e-03 7.7560e-01 1.3013e+04 2.1076e+01 1.9561e+00
6.0980e+01 1.3016e+04 1.6149e-03 7.7329e-01 1.3016e+04 2.1019e+01 1.9502e+00
6.1373e+01 1.3018e+04 1.6098e-03 7.7090e-01 1.3018e+04 2.0956e+01 1.9441e+00
6.1765e+01 1.3020e+04 1.6044e-03 7.6842e-01 1.3020e+04 2.0889e+01 1.9378e+00
6.2157e+01 1.3021e+04 1.5986e-03 7.6586e-01 1.3021e+04 2.0816e+01 1.9313e+00
6.2549e+01 1.3023e+04 1.5925e-03 7.6321e-01 1.3023e+04 2.0738e+01 1.9245e+00
6.2941e+01 1.3024e+04 1.5859e-03 7.6048e-01 1.3024e+04 2.0655e+01 1.9176e+00
6.3333e+01 1.3024e+04 1.5791e-03 7.5765e-01 1.3024e+04 2.0566e+01 1.9104e+00
6.3725e+01 1.3024e+04 1.5719e-03 7.5473e-01 1.3024e+04 2.0473e+01 1.9029e+00
6.4118e+01 1.3024e+04 1.5643e-03 7.5171e-01 1.3024e+04 2.0374e+01 1.8952e+00
6.4510e+01 1.3024e+04 1.5564e-03 7.4858e-01 1.3024e+04 2.0270e+01 1.8872e+00
6.4902e+01 1.3023e+04 1.5481e-03 7.4536e-01 1.3023e+04 2.0162e+01 1.8790e+00
6.5294e+01 1.3022e+04 1.5395e-03 7.4202e-01 1.3022e+04 2.0048e+01 1.8705e+00
6.5686e+01 1.3021e+04 1.5305e-03 7.3858e-01 1.3021e+04 1.9929e+01 1.8617e+00
6.6078e+01 1.3020e+04 1.5211e-03 7.3502e-01 1.3020e+04 1.9805e+01 1.8526e+00
6.6471e+01 1.3018e+04 1.5114e-03 7.3135e-01 1.3018e+04 1.9675e+01 1.8432e+00
6.6863e+01 1.3016e+04 1.5013e-03 7.2756e-01 1.3016e+04 1.9541e+01 1.8336e+00
6.7255e+01 1.3014e+04 1.4909e-03 7.2364e-01 1.3014e+04 1.9401e+01 1.8236e+00
6.7647e+01 1.3011e+04 1.4800e-03 7.1960e-01 1.3011e+04 1.9257e+01 1.8132e+00
6.8039e+01 1.3008e+04 1.4688e-03 7.1543e-01 1.3008e+04 1.9107e+01 1.8026e+00
6.8431e+01 1.3005e+04 1.4572e-03 7.1112e-01 1.3005e+04 1.8952e+01 1.7916e+00
6.8824e+01 1.3002e+04 1.4452e-03 7.0668e-01 1.3002e+04 1.8791e+01 1.7803e+00
6.9216e+01 1.2999e+04 1.4329e-03 7.0210e-01 1.2999e+04 1.8626e+01 1.7686e+00
6.9608e+01 1.2995e+04 1.4201e-03 6.9737e-01 1.2995e+04 1.8455e+01 1.7565e+00
7.0000e+01 1.2991e+04 1.4070e-03 6.9250e-01 1.2991e+04 1.8279e+01 1.7441e+00
7.0392e+01 1.2987e+04 1.3935e-03 6.8748e-01 1.2987e+04 1.8097e+01 1.7313e+00
7.0784e+01 1.2983e+04 1.3795e-03 6.8230e-01 1.2983e+04 1.7910e+01 1.7181e+00
7.1176e+01 1.2978e+04 1.3652e-03 6.7697e-01 1.2978e+04 1.7718e+01 1.7045e+00
7.1569e+01 1.2974e+04 1.3505e-03 6.7148e-01 1.2974e+04 1.7521e+01 1.6905e+00
7.1961e+01 1.2969e+04 1.3354e-03 6.6582e-01 1.2969e+04 1.7318e+01 1.6761e+00
7.2353e+01 1.2963e+04 1.3198e-03 6.6000e-01 1.2963e+04 1.7110e+01 1.6613e+00
7.2745e+01 1.2958e+04 1.3039e-03 6.5401e-01 1.2958e+04 1.6896e+01 1.6460e+00
7.3137e+01 1.2953e+04 1.2875e-03 6.4784e-01 1.2953e+04 1.6677e+01 1.6303e+00
7.3529e+01 1.2947e+04 1.2707e-03 6.4150e-01 1.2947e+04 1.6452e+01 1.6142e+00
7.3922e+01 1.2941e+04 1.2535e-03 6.3498e-01 1.2941e+04 1.6222e+01 1.5976e+00
7.4314e+01 1.2935e+04 1.2359e-03 6.2827e-01 1.2935e+04 1.5986e+01 1.5806e+00
7.4706e+01 1.2928e+04 1.2179e-03 6.2138e-01 1.2928e+04 1.5745e+01 1.5630e+00
7.5098e+01 1.2922e+04 1.1994e-03 6.1429e-01 1.2922e+04 1.5498e+01 1.5450e+00
7.5490e+01 1.2915e+04 1.1805e-03 6.0702e-01 1.2915e+04 1.5246e+01 1.5265e+00
7.5882e+01 1.2908e+04 1.1611e-03 5.9954e-01 1.2908e+04 1.4988e+01 1.5076e+00
7.6275e+01 1.2901e+04 1.1414e-03 5.9186e-01 1.2901e+04 1.4725e+01 1.4881e+00
7.6667e+01 1.2894e+04 1.1211e-03 5.8398e-01 1.2894e+04 1.4456e+01 1.4681e+00
7.7059e+01 1.2886e+04 1.1005e-03 5.7589e-01 1.2886e+04 1.4181e+01 1.4475e+00
7.7451e+01 1.2879e+04 1.0793e-03 5.6759e-01 1.2879e+04 1.3901e+01 1.4265e+00
7.7843e+01 1.2871e+04 1.0578e-03 5.5908e-01 1.2871e+04 1.3615e+01 1.4049e+00
7.8235e+01 1.2863e+04 1.0357e-03 5.5034e-01 1.2863e+04 1.3323e+01 1.3827e+00
7.8627e+01 1.2855e+04 1.0133e-03 5.4138e-01 1.2855e+04 1.3025e+01 1.3600e+00
7.9020e+01 1.2847e+04 9.9030e-04 5.3219e-01 1.2847e+04 1.2722e+01 1.3368e+00
7.9412e+01 1.2838e+04 9.6687e-04 5.2277e-01 1.2838e+04 1.2413e+01 1.3129e+00
7.9804e+01 1.2829e+04 9.4297e-04 5.1311e-01 1.2829e+04 1.2098e+01 1.2885e+00
8.0196e+01 1.2820e+04 9.1858e-04 5.0321e-01 1.2820e+04 1.1777e+01 1.2634e+00
8.0588e+01 1.2811e+04 8.9370e-04 4.9306e-01 1.2811e+04 1.1450e+01 1.2378e+00
8.0980e+01 1.2802e+04 8.6833e-04 4.8266e-01 1.2802e+04 1.1117e+01 1.2115e+00
8.1373e+01 1.2793e+04 8.4246e-04 4.7200e-01 1.2793e+04 1.0778e+01 1.1845e+00
8.1765e+01 1.2783e+04 8.1608e-04 4.6108e-01 1.2783e+04 1.0432e+01 1.1570e+00
8.2157e+01 1.2774e+04 7.8919e-04 4.4989e-01 1.2774e+04 1.0081e+01 1.1287e+00
8.2549e+01 1.2764e+04 7.6177e-04 4.3842e-01 1.2764e+04 9.7231e+00 1.0998e+00
8.2941e+01 1.2754e+04 7.3383e-04 4.2668e-01 1.2754e+04 9.3590e+00 1.0701e+00
8.3333e+01 1.2743e+04 7.0534e-04 4.1464e-01 1.2743e+04 8.9885e+00 1.0398e+00
8.3725e+01 1.2733e+04 6.7631e-04 4.0231e-01 1.2733e+04 8.6115e+00 1.0087e+00
8.4118e+01 1.2723e+04 6.4672e-04 3.8968e-01 1.2723e+04 8.2279e+00 9.7685e-01
8.4510e+01 1.2712e+04 6.1657e-04 3.7673e-01 1.2712e+04 7.8377e+00 9.4425e-01
8.4902e+01 1.2701e+04 5.8584e-04 3.6347e-01 1.2701e+04 7.4407e+00 9.1086e-01
8.5294e+01 1.2690e+04 5.5453e-04 3.4989e-01 1.2690e+04 7.0369e+00 8.7667e-01
8.5686e+01 1.2679e+04 5.2263e-04 3.3597e-01 1.2679e+04 6.6261e+00 8.4166e-01
8.6078e+01 1.2667e+04 4.9012e-04 3.2171e-01 1.2667e+04 6.2084e+00 8.0580e-01
8.6471e+01 1.2655e+04 4.5700e-04 3.0710e-01 1.2655e+04 5.7835e+00 7.6908e-01
8.6863e+01 1.2644e+04 4.2325e-04 2.9214e-01 1.2644e+04 5.3514e+00 7.3148e-01
8.7255e+01 1.2632e+04 3.8887e-04 2.7681e-01 1.2632e+04 4.9121e+00 6.9297e-01
8.7647e+01 1.2620e+04 3.5384e-04 2.6110e-01 1.2620e+04 4.4653e+00 6.5353e-01
8.8039e+01 1.2607e+04 3.1815e-04 2.4500e-01 1.2607e+04 4.0110e+00 6.1314e-01
8.8431e+01 1.2595e+04 2.8181e-04 2.2852e-01 1.2595e+04 3.5493e+00 5.7180e-01
8.8824e+01 1.2582e+04 2.4485e-04 2.1166e-01 1.2582e+04 3.0808e+00 5.2953e-01
8.9216e+01 1.2569e+04 2.0741e-04 1.9448e-01 1.2569e+04 2.6070e+00 4.8646e-01
8.9608e+01 1.2557e+04 1.6982e-04 1.7713e-01 1.2557e+04 2.1323e+00 4.4301e-01
9.0000e+01 1.2544e+04 1.3285e-04 1.5999e-01 1.2544e+04 1.6665e+00 4.0008e-01
9.0392e+01 1.2533e+04 9.7906e-05 1.4376e-01 1.2533e+04 1.2270e+00 3.5947e-01
9.0784e+01 1.2523e+04 6.6993e-05 1.2948e-01 1.2523e+04 8.3892e-01 3.2372e-01
9.1176e+01 1.2514e+04 4.2093e-05 1.1814e-01 1.2514e+04 5.2677e-01 2.9535e-01
9.1569e+01 1.2508e+04 2.4220e-05 1.1020e-01 1.2508e+04 3.0295e-01 2.7549e-01
9.1961e+01 1.2505e+04 1.2864e-05 1.0530e-01 1.2505e+04 1.6086e-01 2.6326e-01
9.2353e+01 1.2502e+04 6.4154e-06 1.0260e-01 1.2502e+04 8.0207e-02 2.5651e-01
9.2745e+01 1.2501e+04 3.0642e-06 1.0123e-01 1.2501e+04 3.8306e-02 2.5308e-01
9.3137e+01 1.2501e+04 1.4257e-06 1.0057e-01 1.2501e+04 1.7822e-02 2.5143e-01
9.3529e+01 1.2500e+04 6.5370e-07 1.0026e-01 1.2500e+04 8.1714e-03 2.5065e-01
9.3922e+01 1.2500e+04 2.9731e-07 1.0012e-01 1.2500e+04 3.7164e-03 2.5030e-01
9.4314e+01 1.2500e+04 1.3459e-07 1.0005e-01 1.2500e+04 1.6824e-03 2.5013e-01
9.4706e+01 1.2500e+04 6.0745e-08 1.0002e-01 1.2500e+04 7.5931e-04 2.5006e-01
9.5098e+01 1.2500e+04 2.7354e-08 1.0001e-01 1.2500e+04 3.4192e-04 2.5003e-01
9.5490e+01 1.2500e+04 1.2294e-08 1.0000e-01 1.2500e+04 1.5368e-04 2.5001e-01
9.5882e+01 1.2500e+04 5.5158e-09 1.0000e-01 1.2500e+04 6.8947e-05 2.5001e-01
9.6275e+01 1.2500e+04 2.4705e-09 1.0000e-01 1.2500e+04 3.0881e-05 2.5000e-01
9.6667e+01 1.2500e+04 1.1047e-09 1.0000e-01 1.2500e+04 1.3808e-05 2.5000e-01
9.7059e+01 1.2500e+04 4.9312e-10 1.0000e-01 1.2500e+04 6.1640e-06 2.5000e-01
9.7451e+01 1.2500e+04 2.1976e-10 1.0000e-01 1.2500e+04 2.7470e-06 2.5000e-01
9.7843e+01 1.2500e+04 9.7779e-11 1.0000e-01 1.2500e+04 1.2222e-06 2.5000e-01
9.8235e+01 1.2500e+04 4.3438e-11 1.0000e-01 1.2500e+04 5.4297e-07 2.5000e-01
9.8627e+01 1.2500e+04 1.9278e-11 1.0000e-01 1.2500e+04 2.4098e-07 2.5000e-01
9.9020e+01 1.2500e+04 8.5713e-12 1.0000e-01 1.2500e+04 1.0714e-07 2.5000e-01
9.9412e+01 1.2500e+04 3.8645e-12 1.0000e-01 1.2500e+04 4.8306e-08 2.5000e-01
9.9804e+01 1.2500e+04 1.9364e-12 1.0000e-01 1.2500e+04 2.4205e-08 2.5000e-01
