# # x Density Velocity Pressure q0 q1 q2
1.9608e-01 1.0000e+05 0.0000e+00 1.0000e+00 1.0000e+05 0.0000e+00 2.5000e+00
5.8824e-01 1.0000e+05 0.0000e+00 1.0000e+00 1.0000e+05 0.0000e+00 2.5000e+00
9.8039e-01 1.0000e+05 1.8119e-19 1.0000e+00 1.0000e+05 1.8119e-14 2.5000e+00
1.3725e+00 1.0000e+05 1.4229e-18 1.0000e+00 1.0000e+05 1.4229e-13 2.5000e+00
1.7647e+00 1.0000e+05 4.6939e-18 1.0000e+00 1.0000e+05 4.6939e-13 2.5000e+00
2.1569e+00 1.0000e+05 9.9993e-18 1.0000e+00 1.0000e+05 9.9993e-13 2.5000e+00
2.5490e+00 1.0000e+05 1.7355e-17 1.0000e+00 1.0000e+05 1.7355e-12 2.5000e+00
2.9412e+00 1.0000e+05 2.7026e-17 1.0000e+00 1.0000e+05 2.7026e-12 2.5000e+00
3.3333e+00 1.0000e+05 4.0708e-17 1.0000e+00 1.0000e+05 4.0708e-12 2.5000e+00
3.7255e+00 1.0000e+05 6.1030e-17 1.0000e+00 1.0000e+05 6.1030e-12 2.5000e+00
4.1176e+00 1.0000e+05 9.1094e-17 1.0000e+00 1.0000e+05 9.1094e-12 2.5000e+00
4.5098e+00 1.0000e+05 1.3771e-16 1.0000e+00 1.0000e+05 1.3771e-11 2.5000e+00
4.9020e+00 1.0000e+05 2.1111e-16 1.0000e+00 1.0000e+05 2.1111e-11 2.5000e+00
5.2941e+00 1.0000e+05 3.2732e-16 1.0000e+00 1.0000e+05 3.2732e-11 2.5000e+00
5.6863e+00 1.0000e+05 5.1123e-16 1.0000e+00 1.0000e+05 5.1123e-11 2.5000e+00
6.0784e+00 1.0000e+05 8.0144e-16 1.0000e+00 1.0000e+05 8.0144e-11 2.5000e+00
6.4706e+00 1.0000e+05 1.2584e-15 1.0000e+00 1.0000e+05 1.2584e-10 2.5000e+00
6.8627e+00 1.0000e+05 1.9752e-15 1.0000e+00 1.0000e+05 1.9752e-10 2.5000e+00
7.2549e+00 1.0000e+05 3.0956e-15 1.0000e+00 1.0000e+05 3.0956e-10 2.5000e+00
7.6471e+00 1.0000e+05 4.8382e-15 1.0000e+00 1.0000e+05 4.8382e-10 2.5000e+00
8.0392e+00 1.0000e+05 7.5377e-15 1.0000e+00 1.0000e+05 7.5377e-10 2.5000e+00
8.4314e+00 1.0000e+05 1.1703e-14 1.0000e+00 1.0000e+05 1.1703e-09 2.5000e+00
8.8235e+00 1.0000e+05 1.8104e-14 1.0000e+00 1.0000e+05 1.8104e-09 2.5000e+00
9.2157e+00 1.0000e+05 2.7898e-14 1.0000e+00 1.0000e+05 2.7898e-09 2.5000e+00
9.6078e+00 1.0000e+05 4.2823e-14 1.0000e+00 1.0000e+05 4.2823e-09 2.5000e+00
1.0000e+01 1.0000e+05 6.5474e-14 1.0000e+00 1.0000e+05 6.5474e-09 2.5000e+00
1.0392e+01 1.0000e+05 9.9712e-14 1.0000e+00 1.0000e+05 9.9712e-09 2.5000e+00
1.0784e+01 1.0000e+05 1.5125e-13 1.0000e+00 1.0000e+05 1.5125e-08 2.5000e+00
1.1176e+01 1.0000e+05 2.2850e-13 1.0000e+00 1.0000e+05 2.2850e-08 2.5000e+00
1.1569e+01 1.0000e+05 3.4381e-13 1.0000e+00 1.0000e+05 3.4381e-08 2.5000e+00
1.1961e+01 1.0000e+05 5.1525e-13 1.0000e+00 1.0000e+05 5.1525e-08 2.5000e+00
1.2353e+01 1.0000e+05 7.6905e-13 1.0000e+00 1.0000e+05 7.6905e-08 2.5000e+00
1.2745e+01 1.0000e+05 1.1432e-12 1.0000e+00 1.0000e+05 1.1432e-07 2.5000e+00
1.3137e+01 1.0000e+05 1.6926e-12 1.0000e+00 1.0000e+05 1.6926e-07 2.5000e+00
1.3529e+01 1.0000e+05 2.4957e-12 1.0000e+00 1.0000e+05 2.4957e-07 2.5000e+00
1.3922e+01 1.0000e+05 3.6651e-12 1.0000e+00 1.0000e+05 3.6651e-07 2.5000e+00
1.4314e+01 1.0000e+05 5.3604e-12 1.0000e+00 1.0000e+05 5.3604e-07 2.5000e+00
1.4706e+01 1.0000e+05 7.8082e-12 1.0000e+00 1.0000e+05 7.8082e-07 2.5000e+00
1.5098e+01 1.0000e+05 1.1327e-11 1.0000e+00 1.0000e+05 1.1327e-06 2.5000e+00
1.5490e+01 1.0000e+05 1.6366e-11 1.0000e+00 1.0000e+05 1.6366e-06 2.5000e+00
1.5882e+01 1.0000e+05 2.3549e-11 1.0000e+00 1.0000e+05 2.3549e-06 2.5000e+00
1.6275e+01 1.0000e+05 3.3746e-11 1.0000e+00 1.0000e+05 3.3746e-06 2.5000e+00
1.6667e+01 1.0000e+05 4.8162e-11 1.0000e+00 1.0000e+05 4.8162e-06 2.5000e+00
1.7059e+01 1.0000e+05 6.8455e-11 1.0000e+00 1.0000e+05 6.8455e-06 2.5000e+00
1.7451e+01 1.0000e+05 9.6902e-11 1.0000e+00 1.0000e+05 9.6902e-06 2.5000e+00
1.7843e+01 1.0000e+05 1.3661e-10 1.0000e+00 1.0000e+05 1.3661e-05 2.5000e+00
1.8235e+01 1.0000e+05 1.9179e-10 1.0000e+00 1.0000e+05 1.9179e-05 2.5000e+00
1.8627e+01 1.0000e+05 2.6817e-10 1.0000e+00 1.0000e+05 2.6817e-05 2.5000e+00
1.9020e+01 1.0000e+05 3.7343e-10 1.0000e+00 1.0000e+05 3.7343e-05 2.5000e+00
1.9412e+01 1.0000e+05 5.1787e-10 1.0000e+00 1.0000e+05 5.1787e-05 2.5000e+00
1.9804e+01 1.0000e+05 7.1524e-10 1.0000e+00 1.0000e+05 7.1524e-05 2.5000e+00
2.0196e+01 1.0000e+05 9.8377e-10 1.0000e+00 1.0000e+05 9.8377e-05 2.5000e+00
2.0588e+01 1.0000e+05 1.3476e-09 1.0000e+00 1.0000e+05 1.3476e-04 2.5000e+00
2.0980e+01 1.0000e+05 1.8383e-09 1.0000e+00 1.0000e+05 1.8383e-04 2.5000e+00
2.1373e+01 1.0000e+05 2.4975e-09 1.0000e+00 1.0000e+05 2.4975e-04 2.5000e+00
2.1765e+01 1.0000e+05 3.3791e-09 9.9999e-01 1.0000e+05 3.3791e-04 2.5000e+00
2.2157e+01 1.0000e+05 4.5532e-09 9.9999e-01 1.0000e+05 4.5532e-04 2.5000e+00
2.2549e+01 1.0000e+05 6.1100e-09 9.9999e-01 1.0000e+05 6.1100e-04 2.5000e+00
2.2941e+01 1.0000e+05 8.1655e-09 9.9998e-01 1.0000e+05 8.1655e-04 2.5000e+00
2.3333e+01 1.0000e+05 1.0868e-08 9.9998e-01 1.0000e+05 1.0868e-03 2.4999e+00
2.3725e+01 1.0000e+05 1.4405e-08 9.9997e-01 1.0000e+05 1.4405e-03 2.4999e+00
2.4118e+01 1.0000e+05 1.9015e-08 9.9997e-01 1.0000e+05 1.9015e-03 2.4999e+00
2.4510e+01 1.0000e+05 2.4998e-08 9.9995e-01 1.0000e+05 2.4998e-03 2.4999e+00
2.4902e+01 1.0000e+05 3.2729e-08 9.9994e-01 1.0000e+05 3.2729e-03 2.4999e+00
2.5294e+01 1.0000e+05 4.2675e-08 9.9992e-01 1.0000e+05 4.2675e-03 2.4998e+00
2.5686e+01 1.0000e+05 5.5417e-08 9.9990e-01 1.0000e+05 5.5417e-03 2.4998e+00
2.6078e+01 1.0000e+05 7.1670e-08 9.9988e-01 1.0000e+05 7.1670e-03 2.4997e+00
2.6471e+01 9.9999e+04 9.2312e-08 9.9984e-01 9.9999e+04 9.2312e-03 2.4996e+00
2.6863e+01 9.9999e+04 1.1841e-07 9.9980e-01 9.9999e+04 1.1841e-02 2.4995e+00
2.7255e+01 9.9999e+04 1.5128e-07 9.9975e-01 9.9999e+04 1.5128e-02 2.4994e+00
2.7647e+01 9.9999e+04 1.9249e-07 9.9969e-01 9.9999e+04 1.9248e-02 2.4992e+00
2.8039e+01 9.9998e+04 2.4392e-07 9.9961e-01 9.9998e+04 2.4392e-02 2.4990e+00
2.8431e+01 9.9998e+04 3.0785e-07 9.9951e-01 9.9998e+04 3.0784e-02 2.4988e+00
2.8824e+01 9.9998e+04 3.8697e-07 9.9939e-01 9.9998e+04 3.8696e-02 2.4985e+00
2.9216e+01 9.9997e+04 4.8446e-07 9.9925e-01 9.9997e+04 4.8445e-02 2.4981e+00
2.9608e+01 9.9996e+04 6.0408e-07 9.9908e-01 9.9996e+04 6.0406e-02 2.4977e+00
3.0000e+01 9.9995e+04 7.5022e-07 9.9887e-01 9.9995e+04 7.5018e-02 2.4972e+00
3.0392e+01 9.9994e+04 9.2800e-07 9.9863e-01 9.9994e+04 9.2794e-02 2.4966e+00
3.0784e+01 9.9992e+04 1.1433e-06 9.9833e-01 9.9992e+04 1.1432e-01 2.4958e+00
3.1176e+01 9.9990e+04 1.4030e-06 9.9798e-01 9.9990e+04 1.4029e-01 2.4950e+00
3.1569e+01 9.9988e+04 1.7149e-06 9.9757e-01 9.9988e+04 1.7147e-01 2.4939e+00
3.1961e+01 9.9985e+04 2.0879e-06 9.9709e-01 9.9985e+04 2.0876e-01 2.4927e+00
3.2353e+01 9.9982e+04 2.5320e-06 9.9652e-01 9.9982e+04 2.5315e-01 2.4913e+00
3.2745e+01 9.9978e+04 3.0586e-06 9.9586e-01 9.9978e+04 3.0579e-01 2.4897e+00
3.3137e+01 9.9973e+04 3.6804e-06 9.9510e-01 9.9973e+04 3.6794e-01 2.4878e+00
3.3529e+01 9.9967e+04 4.4114e-06 9.9422e-01 9.9967e+04 4.4099e-01 2.4855e+00
3.3922e+01 9.9960e+04 5.2673e-06 9.9321e-01 9.9960e+04 5.2652e-01 2.4830e+00
3.4314e+01 9.9952e+04 6.2652e-06 9.9205e-01 9.9952e+04 6.2622e-01 2.4801e+00
3.4706e+01 9.9942e+04 7.4238e-06 9.9073e-01 9.9942e+04 7.4195e-01 2.4768e+00
3.5098e+01 9.9931e+04 8.7635e-06 9.8923e-01 9.9931e+04 8.7574e-01 2.4731e+00
3.5490e+01 9.9918e+04 1.0306e-05 9.8755e-01 9.9918e+04 1.0298e+00 2.4689e+00
3.5882e+01 9.9902e+04 1.2075e-05 9.8565e-01 9.9902e+04 1.2063e+00 2.4641e+00
3.6275e+01 9.9884e+04 1.4096e-05 9.8353e-01 9.9884e+04 1.4079e+00 2.4588e+00
3.6667e+01 9.9863e+04 1.6394e-05 9.8117e-01 9.9863e+04 1.6372e+00 2.4529e+00
3.7059e+01 9.9839e+04 1.8998e-05 9.7856e-01 9.9839e+04 1.8967e+00 2.4464e+00
3.7451e+01 9.9811e+04 2.1936e-05 9.7567e-01 9.9811e+04 2.1895e+00 2.4392e+00
3.7843e+01 9.9780e+04 2.5238e-05 9.7250e-01 9.9780e+04 2.5183e+00 2.4313e+00
3.8235e+01 9.9744e+04 2.8935e-05 9.6902e-01 9.9744e+04 2.8861e+00 2.4226e+00
3.8627e+01 9.9703e+04 3.3057e-05 9.6524e-01 9.9703e+04 3.2959e+00 2.4132e+00
3.9020e+01 9.9656e+04 3.7637e-05 9.6114e-01 9.9656e+04 3.7507e+00 2.4029e+00
3.9412e+01 9.9604e+04 4.2704e-05 9.5671e-01 9.9604e+04 4.2535e+00 2.3919e+00
3.9804e+01 9.9545e+04 4.8290e-05 9.5195e-01 9.9545e+04 4.8071e+00 2.3800e+00
4.0196e+01 9.9479e+04 5.4425e-05 9.4685e-01 9.9479e+04 5.4142e+00 2.3673e+00
4.0588e+01 9.9405e+04 6.1137e-05 9.4141e-01 9.9405e+04 6.0774e+00 2.3537e+00
4.0980e+01 9.9324e+04 6.8454e-05 9.3563e-01 9.9324e+04 6.7991e+00 2.3393e+00
4.1373e+01 9.9233e+04 7.6401e-05 9.2953e-01 9.9233e+04 7.5815e+00 2.3241e+00
4.1765e+01 9.9133e+04 8.5001e-05 9.2310e-01 9.9133e+04 8.4264e+00 2.3081e+00
4.2157e+01 9.9023e+04 9.4274e-05 9.1636e-01 9.9023e+04 9.3353e+00 2.2913e+00
4.2549e+01 9.8902e+04 1.0424e-04 9.0933e-01 9.8902e+04 1.0309e+01 2.2739e+00
4.2941e+01 9.8771e+04 1.1491e-04 9.0202e-01 9.8771e+04 1.1349e+01 2.2557e+00
4.3333e+01 9.8627e+04 1.2628e-04 8.9445e-01 9.8627e+04 1.2455e+01 2.2369e+00
4.3725e+01 9.8472e+04 1.3840e-04 8.8665e-01 9.8472e+04 1.3629e+01 2.2176e+00
4.4118e+01 9.8301e+04 1.5115e-04 8.7862e-01 9.8301e+04 1.4858e+01 2.1977e+00
4.4510e+01 9.8126e+04 1.6494e-04 8.7051e-01 9.8126e+04 1.6185e+01 2.1776e+00
4.4902e+01 9.7908e+04 1.7839e-04 8.6190e-01 9.7908e+04 1.7465e+01 2.1563e+00
4.5294e+01 9.7763e+04 1.9565e-04 8.5425e-01 9.7763e+04 1.9128e+01 2.1375e+00
4.5686e+01 9.7368e+04 2.0519e-04 8.4364e-01 9.7368e+04 1.9979e+01 2.1112e+00
4.6078e+01 9.7528e+04 2.3564e-04 8.3987e-01 9.7528e+04 2.2982e+01 2.1024e+00
4.6471e+01 9.6457e+04 2.2334e-04 8.2146e-01 9.6457e+04 2.1542e+01 2.0561e+00
4.6863e+01 9.7630e+04 2.9175e-04 8.2996e-01 9.7630e+04 2.8484e+01 2.0791e+00
4.7255e+01 9.5237e+04 2.3494e-04 7.9662e-01 9.5237e+04 2.2375e+01 1.9942e+00
4.7647e+01 9.7377e+04 3.3919e-04 8.1644e-01 9.7377e+04 3.3029e+01 2.0467e+00
4.8039e+01 9.5020e+04 2.8801e-04 7.8510e-01 9.5020e+04 2.7367e+01 1.9667e+00
4.8431e+01 9.5681e+04 3.4191e-04 7.8806e-01 9.5681e+04 3.2714e+01 1.9757e+00
4.8824e+01 9.5675e+04 3.5594e-04 7.7821e-01 9.5675e+04 3.4055e+01 1.9516e+00
4.9216e+01 9.0062e+04 3.8521e-04 7.7350e-01 9.0062e+04 3.4693e+01 1.9404e+00
4.9608e+01 1.2126e+05 3.8652e-04 7.5877e-01 1.2126e+05 4.6869e+01 1.9060e+00
5.0000e+01 3.9301e+04 4.0227e-04 7.5437e-01 3.9301e+04 1.5809e+01 1.8891e+00
5.0392e+01 1.3778e+04 4.3455e-04 7.5378e-01 1.3778e+04 5.9874e+00 1.8858e+00
5.0784e+01 9.3473e+03 5.3202e-04 7.5538e-01 9.3473e+03 4.9729e+00 1.8898e+00
5.1176e+01 9.3525e+03 6.0494e-04 7.5088e-01 9.3525e+03 5.6577e+00 1.8789e+00
5.1569e+01 9.7858e+03 6.7464e-04 7.4759e-01 9.7858e+03 6.6019e+00 1.8712e+00
5.1961e+01 1.0464e+04 8.1630e-04 7.5339e-01 1.0464e+04 8.5417e+00 1.8870e+00
5.2353e+01 1.0888e+04 9.2106e-04 7.5730e-01 1.0888e+04 1.0029e+01 1.8979e+00
5.2745e+01 1.1211e+04 9.3784e-04 7.5292e-01 1.1211e+04 1.0514e+01 1.8872e+00
5.3137e+01 1.1351e+04 9.3054e-04 7.4687e-01 1.1351e+04 1.0563e+01 1.8721e+00
5.3529e+01 1.1561e+04 9.7616e-04 7.4721e-01 1.1561e+04 1.1286e+01 1.8735e+00
5.3922e+01 1.1758e+04 1.0661e-03 7.5308e-01 1.1758e+04 1.2535e+01 1.8894e+00
5.4314e+01 1.1954e+04 1.1475e-03 7.5854e-01 1.1954e+04 1.3717e+01 1.9042e+00
5.4706e+01 1.2058e+04 1.1825e-03 7.5927e-01 1.2058e+04 1.4258e+01 1.9066e+00
5.5098e+01 1.2111e+04 1.1755e-03 7.5554e-01 1.2111e+04 1.4236e+01 1.8972e+00
5.5490e+01 1.2136e+04 1.1578e-03 7.4965e-01 1.2136e+04 1.4051e+01 1.8823e+00
5.5882e+01 1.2208e+04 1.1738e-03 7.4802e-01 1.2208e+04 1.4329e+01 1.8785e+00
5.6275e+01 1.2337e+04 1.2455e-03 7.5317e-01 1.2337e+04 1.5367e+01 1.8925e+00
5.6667e+01 1.2512e+04 1.3525e-03 7.6280e-01 1.2512e+04 1.6922e+01 1.9184e+00
5.7059e+01 1.2682e+04 1.4607e-03 7.7302e-01 1.2682e+04 1.8525e+01 1.9461e+00
5.7451e+01 1.2820e+04 1.5456e-03 7.8086e-01 1.2820e+04 1.9815e+01 1.9675e+00
5.7843e+01 1.2910e+04 1.5990e-03 7.8520e-01 1.2910e+04 2.0644e+01 1.9795e+00
5.8235e+01 1.2961e+04 1.6252e-03 7.8644e-01 1.2961e+04 2.1064e+01 1.9832e+00
5.8627e+01 1.2985e+04 1.6339e-03 7.8570e-01 1.2985e+04 2.1216e+01 1.9816e+00
5.9020e+01 1.2996e+04 1.6342e-03 7.8404e-01 1.2996e+04 2.1239e+01 1.9775e+00
5.9412e+01 1.3002e+04 1.6317e-03 7.8209e-01 1.3002e+04 2.1215e+01 1.9725e+00
5.9804e+01 1.3006e+04 1.6283e-03 7.8002e-01 1.3006e+04 2.1177e+01 1.9673e+00
6.0196e+01 1.3010e+04 1.6244e-03 7.7787e-01 1.3010e+04 2.1133e+01 1.9618e+00
6.0588e+01 1.3013e+04 1.6201e-03 7.7565e-01 1.3013e+04 2.1082e+01 1.9562e+00
6.0980e+01 1.3016e+04 1.6154e-03 7.7334e-01 1.3016e+04 2.1025e+01 1.9503e+00
6.1373e+01 1.3018e+04 1.6103e-03 7.7095e-01 1.3018e+04 2.0963e+01 1.9443e+00
6.1765e+01 1.3020e+04 1.6049e-03 7.6848e-01 1.3020e+04 2.0896e+01 1.9380e+00
6.2157e+01 1.3022e+04 1.5991e-03 7.6592e-01 1.3022e+04 2.0823e+01 1.9315e+00
6.2549e+01 1.3023e+04 1.5930e-03 7.6328e-01 1.3023e+04 2.0745e+01 1.9247e+00
6.2941e+01 1.3024e+04 1.5865e-03 7.6055e-01 1.3024e+04 2.0662e+01 1.9178e+00
6.3333e+01 1.3024e+04 1.5797e-03 7.5773e-01 1.3024e+04 2.0574e+01 1.9106e+00
6.3725e+01 1.3025e+04 1.5725e-03 7.5481e-01 1.3025e+04 2.0481e+01 1.9031e+00
6.4118e+01 1.3024e+04 1.5650e-03 7.5180e-01 1.3024e+04 2.0383e+01 1.8954e+00
6.4510e+01 1.3024e+04 1.5571e-03 7.4869e-01 1.3024e+04 2.0279e+01 1.8875e+00
6.4902e+01 1.3023e+04 1.5488e-03 7.4547e-01 1.3023e+04 2.0171e+01 1.8793e+00
6.5294e+01 1.3023e+04 1.5402e-03 7.4214e-01 1.3023e+04 2.0057e+01 1.8708e+00
6.5686e+01 1.3021e+04 1.5312e-03 7.3871e-01 1.3021e+04 1.9939e+01 1.8620e+00
6.6078e+01 1.3020e+04 1.5219e-03 7.3516e-01 1.3020e+04 1.9815e+01 1.8530e+00
6.6471e+01 1.3018e+04 1.5122e-03 7.3149e-01 1.3018e+04 1.9686e+01 1.8436e+00
6.6863e+01 1.3016e+04 1.5021e-03 7.2771e-01 1.3016e+04 1.9552e+01 1.8340e+00
6.7255e+01 1.3014e+04 1.4917e-03 7.2380e-01 1.3014e+04 1.9413e+01 1.8240e+00
6.7647e+01 1.3012e+04 1.4809e-03 7.1977e-01 1.3012e+04 1.9268e+01 1.8137e+00
6.8039e+01 1.3009e+04 1.4697e-03 7.1561e-01 1.3009e+04 1.9119e+01 1.8031e+00
6.8431e+01 1.3006e+04 1.4581e-03 7.1132e-01 1.3006e+04 1.8964e+01 1.7921e+00
6.8824e+01 1.3003e+04 1.4462e-03 7.0688e-01 1.3003e+04 1.8804e+01 1.7808e+00
6.9216e+01 1.2999e+04 1.4338e-03 7.0231e-01 1.2999e+04 1.8639e+01 1.7691e+00
6.9608e+01 1.2996e+04 1.4211e-03 6.9760e-01 1.2996e+04 1.8468e+01 1.7571e+00
7.0000e+01 1.2992e+04 1.4080e-03 6.9274e-01 1.2992e+04 1.8293e+01 1.7447e+00
7.0392e+01 1.2988e+04 1.3945e-03 6.8773e-01 1.2988e+04 1.8111e+01 1.7320e+00
7.0784e+01 1.2983e+04 1.3806e-03 6.8257e-01 1.2983e+04 1.7925e+01 1.7188e+00
7.1176e+01 1.2979e+04 1.3663e-03 6.7726e-01 1.2979e+04 1.7733e+01 1.7053e+00
7.1569e+01 1.2974e+04 1.3516e-03 6.7178e-01 1.2974e+04 1.7536e+01 1.6913e+00
7.1961e+01 1.2969e+04 1.3365e-03 6.6614e-01 1.2969e+04 1.7334e+01 1.6769e+00
7.2353e+01 1.2964e+04 1.3210e-03 6.6033e-01 1.2964e+04 1.7126e+01 1.6621e+00
7.2745e+01 1.2959e+04 1.3051e-03 6.5435e-01 1.2959e+04 1.6913e+01 1.6469e+00
7.3137e+01 1.2953e+04 1.2888e-03 6.4820e-01 1.2953e+04 1.6694e+01 1.6313e+00
7.3529e+01 1.2947e+04 1.2720e-03 6.4188e-01 1.2947e+04 1.6470e+01 1.6152e+00
7.3922e+01 1.2941e+04 1.2549e-03 6.3537e-01 1.2941e+04 1.6240e+01 1.5986e+00
7.4314e+01 1.2935e+04 1.2373e-03 6.2868e-01 1.2935e+04 1.6005e+01 1.5816e+00
7.4706e+01 1.2929e+04 1.2193e-03 6.2181e-01 1.2929e+04 1.5764e+01 1.5641e+00
7.5098e+01 1.2922e+04 1.2009e-03 6.1474e-01 1.2922e+04 1.5518e+01 1.5462e+00
7.5490e+01 1.2916e+04 1.1820e-03 6.0748e-01 1.2916e+04 1.5266e+01 1.5277e+00
7.5882e+01 1.2909e+04 1.1627e-03 6.0003e-01 1.2909e+04 1.5009e+01 1.5088e+00
7.6275e+01 1.2902e+04 1.1429e-03 5.9237e-01 1.2902e+04 1.4746e+01 1.4894e+00
7.6667e+01 1.2895e+04 1.1228e-03 5.8451e-01 1.2895e+04 1.4478e+01 1.4694e+00
7.7059e+01 1.2887e+04 1.1021e-03 5.7644e-01 1.2887e+04 1.4203e+01 1.4489e+00
7.7451e+01 1.2880e+04 1.0811e-03 5.6816e-01 1.2880e+04 1.3924e+01 1.4279e+00
7.7843e+01 1.2872e+04 1.0595e-03 5.5967e-01 1.2872e+04 1.3638e+01 1.4064e+00
7.8235e+01 1.2864e+04 1.0375e-03 5.5095e-01 1.2864e+04 1.3347e+01 1.3843e+00
7.8627e+01 1.2856e+04 1.0151e-03 5.4202e-01 1.2856e+04 1.3050e+01 1.3617e+00
7.9020e+01 1.2847e+04 9.9220e-04 5.3285e-01 1.2847e+04 1.2747e+01 1.3385e+00
7.9412e+01 1.2839e+04 9.6882e-04 5.2346e-01 1.2839e+04 1.2438e+01 1.3147e+00
7.9804e+01 1.2830e+04 9.4496e-04 5.1382e-01 1.2830e+04 1.2124e+01 1.2903e+00
8.0196e+01 1.2821e+04 9.2062e-04 5.0395e-01 1.2821e+04 1.1804e+01 1.2653e+00
8.0588e+01 1.2812e+04 8.9580e-04 4.9383e-01 1.2812e+04 1.1477e+01 1.2397e+00
8.0980e+01 1.2803e+04 8.7048e-04 4.8345e-01 1.2803e+04 1.1145e+01 1.2135e+00
8.1373e+01 1.2794e+04 8.4466e-04 4.7282e-01 1.2794e+04 1.0806e+01 1.1866e+00
8.1765e+01 1.2784e+04 8.1834e-04 4.6193e-01 1.2784e+04 1.0462e+01 1.1591e+00
8.2157e+01 1.2775e+04 7.9150e-04 4.5077e-01 1.2775e+04 1.0111e+01 1.1309e+00
8.2549e+01 1.2765e+04 7.6414e-04 4.3933e-01 1.2765e+04 9.7540e+00 1.1021e+00
8.2941e+01 1.2755e+04 7.3625e-04 4.2762e-01 1.2755e+04 9.3906e+00 1.0725e+00
8.3333e+01 1.2744e+04 7.0782e-04 4.1562e-01 1.2744e+04 9.0208e+00 1.0422e+00
8.3725e+01 1.2734e+04 6.7885e-04 4.0332e-01 1.2734e+04 8.6445e+00 1.0112e+00
8.4118e+01 1.2723e+04 6.4932e-04 3.9072e-01 1.2723e+04 8.2616e+00 9.7948e-01
8.4510e+01 1.2713e+04 6.1923e-04 3.7781e-01 1.2713e+04 7.8722e+00 9.4697e-01
8.4902e+01 1.2702e+04 5.8857e-04 3.6459e-01 1.2702e+04 7.4759e+00 9.1367e-01
8.5294e+01 1.2691e+04 5.5733e-04 3.5104e-01 1.2691e+04 7.0729e+00 8.7958e-01
8.5686e+01 1.2680e+04 5.2549e-04 3.3716e-01 1.2680e+04 6.6630e+00 8.4466e-01
8.6078e+01 1.2668e+04 4.9305e-04 3.2295e-01 1.2668e+04 6.2461e+00 8.0891e-01
8.6471e+01 1.2657e+04 4.6000e-04 3.0838e-01 1.2657e+04 5.8220e+00 7.7229e-01
8.6863e+01 1.2645e+04 4.2633e-04 2.9346e-01 1.2645e+04 5.3908e+00 7.3480e-01
8.7255e+01 1.2633e+04 3.9202e-04 2.7817e-01 1.2633e+04 4.9523e+00 6.9640e-01
8.7647e+01 1.2621e+04 3.5706e-04 2.6251e-01 1.2621e+04 4.5064e+00 6.5707e-01
8.8039e+01 1.2608e+04 3.2146e-04 2.4646e-01 1.2608e+04 4.0531e+00 6.1680e-01
8.8431e+01 1.2596e+04 2.8519e-04 2.3003e-01 1.2596e+04 3.5923e+00 5.7558e-01
8.8824e+01 1.2583e+04 2.4831e-04 2.1321e-01 1.2583e+04 3.1246e+00 5.3342e-01
8.9216e+01 1.2571e+04 2.1092e-04 1.9607e-01 1.2571e+04 2.6514e+00 4.9046e-01
8.9608e+01 1.2558e+04 1.7334e-04 1.7874e-01 1.2558e+04 2.1768e+00 4.4704e-01
9.0000e+01 1.2546e+04 1.3628e-04 1.6157e-01 1.2546e+04 1.7097e+00 4.0404e-01
9.0392e+01 1.2534e+04 1.0108e-04 1.4523e-01 1.2534e+04 1.2669e+00 3.6313e-01
9.0784e+01 1.2523e+04 6.9705e-05 1.3072e-01 1.2523e+04 8.7295e-01 3.2682e-01
9.1176e+01 1.2515e+04 4.4175e-05 1.1907e-01 1.2515e+04 5.5285e-01 2.9769e-01
9.1569e+01 1.2509e+04 2.5632e-05 1.1081e-01 1.2509e+04 3.2062e-01 2.7703e-01
9.1961e+01 1.2505e+04 1.3713e-05 1.0566e-01 1.2505e+04 1.7148e-01 2.6416e-01
9.2353e+01 1.2502e+04 6.8755e-06 1.0279e-01 1.2502e+04 8.5961e-02 2.5698e-01
9.2745e+01 1.2501e+04 3.2956e-06 1.0133e-01 1.2501e+04 4.1198e-02 2.5331e-01
9.3137e+01 1.2501e+04 1.5366e-06 1.0062e-01 1.2501e+04 1.9209e-02 2.5154e-01
9.3529e+01 1.2500e+04 7.0543e-07 1.0028e-01 1.2500e+04 8.8180e-03 2.5071e-01
9.3922e+01 1.2500e+04 3.2109e-07 1.0013e-01 1.2500e+04 4.0136e-03 2.5032e-01
9.4314e+01 1.2500e+04 1.4543e-07 1.0006e-01 1.2500e+04 1.8179e-03 2.5015e-01
9.4706e+01 1.2500e+04 6.5667e-08 1.0003e-01 1.2500e+04 8.2084e-04 2.5007e-01
9.5098e+01 1.2500e+04 2.9582e-08 1.0001e-01 1.2500e+04 3.6977e-04 2.5003e-01
9.5490e+01 1.2500e+04 1.3300e-08 1.0001e-01 1.2500e+04 1.6625e-04 2.5001e-01
9.5882e+01 1.2500e+04 5.9694e-09 1.0000e-01 1.2500e+04 7.4617e-05 2.5001e-01
9.6275e+01 1.2500e+04 2.6746e-09 1.0000e-01 1.2500e+04 3.3432e-05 2.5000e-01
9.6667e+01 1.2500e+04 1.1964e-09 1.0000e-01 1.2500e+04 1.4954e-05 2.5000e-01
9.7059e+01 1.2500e+04 5.3425e-10 1.0000e-01 1.2500e+04 6.6781e-06 2.5000e-01
9.7451e+01 1.2500e+04 2.3818e-10 1.0000e-01 1.2500e+04 2.9772e-06 2.5000e-01
9.7843e+01 1.2500e+04 1.0601e-10 1.0000e-01 1.2500e+04 1.3251e-06 2.5000e-01
9.8235e+01 1.2500e+04 4.7112e-11 1.0000e-01 1.2500e+04 5.8890e-07 2.5000e-01
9.8627e+01 1.2500e+04 2.0917e-11 1.0000e-01 1.2500e+04 2.6146e-07 2.5000e-01
9.9020e+01 1.2500e+04 9.3033e-12 1.0000e-01 1.2500e+04 1.1629e-07 2.5000e-01
9.9412e+01 1.2500e+04 4.1962e-12 1.0000e-01 1.2500e+04 5.2453e-08 2.5000e-01
9.9804e+01 1.2500e+04 2.1036e-12 1.0000e-01 1.2500e+04 2.6295e-08 2.5000e-01
