# # x Density Velocity Pressure q0 q1 q2
1.9608e-01 1.0000e+05 0.0000e+00 1.0000e+00 1.0000e+05 0.0000e+00 2.5000e+00
5.8824e-01 1.0000e+05 0.0000e+00 1.0000e+00 1.0000e+05 0.0000e+00 2.5000e+00
9.8039e-01 1.0000e+05 2.6839e-19 1.0000e+00 1.0000e+05 2.6839e-14 2.5000e+00
1.3725e+00 1.0000e+05 1.7745e-18 1.0000e+00 1.0000e+05 1.7745e-13 2.5000e+00
1.7647e+00 1.0000e+05 5.3400e-18 1.0000e+00 1.0000e+05 5.3400e-13 2.5000e+00
2.1569e+00 1.0000e+05 1.0947e-17 1.0000e+00 1.0000e+05 1.0947e-12 2.5000e+00
2.5490e+00 1.0000e+05 1.8605e-17 1.0000e+00 1.0000e+05 1.8605e-12 2.5000e+00
2.9412e+00 1.0000e+05 2.8733e-17 1.0000e+00 1.0000e+05 2.8733e-12 2.5000e+00
3.3333e+00 1.0000e+05 4.3204e-17 1.0000e+00 1.0000e+05 4.3204e-12 2.5000e+00
3.7255e+00 1.0000e+05 6.4677e-17 1.0000e+00 1.0000e+05 6.4677e-12 2.5000e+00
4.1176e+00 1.0000e+05 9.6648e-17 1.0000e+00 1.0000e+05 9.6648e-12 2.5000e+00
4.5098e+00 1.0000e+05 1.4628e-16 1.0000e+00 1.0000e+05 1.4628e-11 2.5000e+00
4.9020e+00 1.0000e+05 2.2450e-16 1.0000e+00 1.0000e+05 2.2450e-11 2.5000e+00
5.2941e+00 1.0000e+05 3.4837e-16 1.0000e+00 1.0000e+05 3.4837e-11 2.5000e+00
5.6863e+00 1.0000e+05 5.4417e-16 1.0000e+00 1.0000e+05 5.4417e-11 2.5000e+00
6.0784e+00 1.0000e+05 8.5288e-16 1.0000e+00 1.0000e+05 8.5288e-11 2.5000e+00
6.4706e+00 1.0000e+05 1.3386e-15 1.0000e+00 1.0000e+05 1.3386e-10 2.5000e+00
6.8627e+00 1.0000e+05 2.0996e-15 1.0000e+00 1.0000e+05 2.0996e-10 2.5000e+00
7.2549e+00 1.0000e+05 3.2878e-15 1.0000e+00 1.0000e+05 3.2878e-10 2.5000e+00
7.6471e+00 1.0000e+05 5.1341e-15 1.0000e+00 1.0000e+05 5.1341e-10 2.5000e+00
8.0392e+00 1.0000e+05 7.9912e-15 1.0000e+00 1.0000e+05 7.9912e-10 2.5000e+00
8.4314e+00 1.0000e+05 1.2396e-14 1.0000e+00 1.0000e+05 1.2396e-09 2.5000e+00
8.8235e+00 1.0000e+05 1.9156e-14 1.0000e+00 1.0000e+05 1.9156e-09 2.5000e+00
9.2157e+00 1.0000e+05 2.9491e-14 1.0000e+00 1.0000e+05 2.9491e-09 2.5000e+00
9.6078e+00 1.0000e+05 4.5223e-14 1.0000e+00 1.0000e+05 4.5223e-09 2.5000e+00
1.0000e+01 1.0000e+05 6.9076e-14 1.0000e+00 1.0000e+05 6.9076e-09 2.5000e+00
1.0392e+01 1.0000e+05 1.0510e-13 1.0000e+00 1.0000e+05 1.0510e-08 2.5000e+00
1.0784e+01 1.0000e+05 1.5926e-13 1.0000e+00 1.0000e+05 1.5926e-08 2.5000e+00
1.1176e+01 1.0000e+05 2.4037e-13 1.0000e+00 1.0000e+05 2.4037e-08 2.5000e+00
1.1569e+01 1.0000e+05 3.6134e-13 1.0000e+00 1.0000e+05 3.6134e-08 2.5000e+00
1.1961e+01 1.0000e+05 5.4100e-13 1.0000e+00 1.0000e+05 5.4100e-08 2.5000e+00
1.2353e+01 1.0000e+05 8.0673e-13 1.0000e+00 1.0000e+05 8.0673e-08 2.5000e+00
1.2745e+01 1.0000e+05 1.1981e-12 1.0000e+00 1.0000e+05 1.1981e-07 2.5000e+00
1.3137e+01 1.0000e+05 1.7722e-12 1.0000e+00 1.0000e+05 1.7722e-07 2.5000e+00
1.3529e+01 1.0000e+05 2.6108e-12 1.0000e+00 1.0000e+05 2.6108e-07 2.5000e+00
1.3922e+01 1.0000e+05 3.8306e-12 1.0000e+00 1.0000e+05 3.8306e-07 2.5000e+00
1.4314e+01 1.0000e+05 5.5976e-12 1.0000e+00 1.0000e+05 5.5976e-07 2.5000e+00
1.4706e+01 1.0000e+05 8.1464e-12 1.0000e+00 1.0000e+05 8.1464e-07 2.5000e+00
1.5098e+01 1.0000e+05 1.1808e-11 1.0000e+00 1.0000e+05 1.1808e-06 2.5000e+00
1.5490e+01 1.0000e+05 1.7045e-11 1.0000e+00 1.0000e+05 1.7045e-06 2.5000e+00
1.5882e+01 1.0000e+05 2.4505e-11 1.0000e+00 1.0000e+05 2.4505e-06 2.5000e+00
1.6275e+01 1.0000e+05 3.5086e-11 1.0000e+00 1.0000e+05 3.5086e-06 2.5000e+00
1.6667e+01 1.0000e+05 5.0033e-11 1.0000e+00 1.0000e+05 5.0033e-06 2.5000e+00
1.7059e+01 1.0000e+05 7.1055e-11 1.0000e+00 1.0000e+05 7.1055e-06 2.5000e+00
1.7451e+01 1.0000e+05 1.0050e-10 1.0000e+00 1.0000e+05 1.0050e-05 2.5000e+00
1.7843e+01 1.0000e+05 1.4156e-10 1.0000e+00 1.0000e+05 1.4156e-05 2.5000e+00
1.8235e+01 1.0000e+05 1.9859e-10 1.0000e+00 1.0000e+05 1.9859e-05 2.5000e+00
1.8627e+01 1.0000e+05 2.7745e-10 1.0000e+00 1.0000e+05 2.7745e-05 2.5000e+00
1.9020e+01 1.0000e+05 3.8605e-10 1.0000e+00 1.0000e+05 3.8605e-05 2.5000e+00
1.9412e+01 1.0000e+05 5.3496e-10 1.0000e+00 1.0000e+05 5.3496e-05 2.5000e+00
1.9804e+01 1.0000e+05 7.3826e-10 1.0000e+00 1.0000e+05 7.3826e-05 2.5000e+00
2.0196e+01 1.0000e+05 1.0147e-09 1.0000e+00 1.0000e+05 1.0147e-04 2.5000e+00
2.0588e+01 1.0000e+05 1.3888e-09 1.0000e+00 1.0000e+05 1.3888e-04 2.5000e+00
2.0980e+01 1.0000e+05 1.8932e-09 1.0000e+00 1.0000e+05 1.8932e-04 2.5000e+00
2.1373e+01 1.0000e+05 2.5702e-09 9.9999e-01 1.0000e+05 2.5702e-04 2.5000e+00
2.1765e+01 1.0000e+05 3.4749e-09 9.9999e-01 1.0000e+05 3.4749e-04 2.5000e+00
2.2157e+01 1.0000e+05 4.6789e-09 9.9999e-01 1.0000e+05 4.6789e-04 2.5000e+00
2.2549e+01 1.0000e+05 6.2743e-09 9.9999e-01 1.0000e+05 6.2743e-04 2.5000e+00
2.2941e+01 1.0000e+05 8.3792e-09 9.9998e-01 1.0000e+05 8.3792e-04 2.5000e+00
2.3333e+01 1.0000e+05 1.1144e-08 9.9998e-01 1.0000e+05 1.1144e-03 2.4999e+00
2.3725e+01 1.0000e+05 1.4762e-08 9.9997e-01 1.0000e+05 1.4762e-03 2.4999e+00
2.4118e+01 1.0000e+05 1.9473e-08 9.9996e-01 1.0000e+05 1.9473e-03 2.4999e+00
2.4510e+01 1.0000e+05 2.5583e-08 9.9995e-01 1.0000e+05 2.5583e-03 2.4999e+00
2.4902e+01 1.0000e+05 3.3473e-08 9.9994e-01 1.0000e+05 3.3473e-03 2.4999e+00
2.5294e+01 1.0000e+05 4.3618e-08 9.9992e-01 1.0000e+05 4.3618e-03 2.4998e+00
2.5686e+01 1.0000e+05 5.6606e-08 9.9990e-01 1.0000e+05 5.6605e-03 2.4998e+00
2.6078e+01 1.0000e+05 7.3161e-08 9.9987e-01 1.0000e+05 7.3161e-03 2.4997e+00
2.6471e+01 9.9999e+04 9.4175e-08 9.9984e-01 9.9999e+04 9.4174e-03 2.4996e+00
2.6863e+01 9.9999e+04 1.2073e-07 9.9980e-01 9.9999e+04 1.2073e-02 2.4995e+00
2.7255e+01 9.9999e+04 1.5415e-07 9.9975e-01 9.9999e+04 1.5415e-02 2.4994e+00
2.7647e+01 9.9999e+04 1.9602e-07 9.9968e-01 9.9999e+04 1.9602e-02 2.4992e+00
2.8039e+01 9.9998e+04 2.4826e-07 9.9960e-01 9.9998e+04 2.4826e-02 2.4990e+00
2.8431e+01 9.9998e+04 3.1315e-07 9.9950e-01 9.9998e+04 3.1314e-02 2.4988e+00
2.8824e+01 9.9997e+04 3.9341e-07 9.9939e-01 9.9997e+04 3.9340e-02 2.4985e+00
2.9216e+01 9.9997e+04 4.9226e-07 9.9924e-01 9.9997e+04 4.9224e-02 2.4981e+00
2.9608e+01 9.9996e+04 6.1348e-07 9.9907e-01 9.9996e+04 6.1345e-02 2.4977e+00
3.0000e+01 9.9995e+04 7.6149e-07 9.9886e-01 9.9995e+04 7.6146e-02 2.4971e+00
3.0392e+01 9.9994e+04 9.4146e-07 9.9861e-01 9.9994e+04 9.4140e-02 2.4965e+00
3.0784e+01 9.9992e+04 1.1593e-06 9.9831e-01 9.9992e+04 1.1592e-01 2.4958e+00
3.1176e+01 9.9990e+04 1.4220e-06 9.9796e-01 9.9990e+04 1.4218e-01 2.4949e+00
3.1569e+01 9.9988e+04 1.7372e-06 9.9755e-01 9.9988e+04 1.7370e-01 2.4939e+00
3.1961e+01 9.9985e+04 2.1140e-06 9.9706e-01 9.9985e+04 2.1137e-01 2.4926e+00
3.2353e+01 9.9982e+04 2.5625e-06 9.9649e-01 9.9982e+04 2.5621e-01 2.4912e+00
3.2745e+01 9.9978e+04 3.0941e-06 9.9582e-01 9.9978e+04 3.0934e-01 2.4896e+00
3.3137e+01 9.9973e+04 3.7214e-06 9.9505e-01 9.9973e+04 3.7204e-01 2.4876e+00
3.3529e+01 9.9967e+04 4.4587e-06 9.9417e-01 9.9967e+04 4.4572e-01 2.4854e+00
3.3922e+01 9.9960e+04 5.3215e-06 9.9315e-01 9.9960e+04 5.3193e-01 2.4829e+00
3.4314e+01 9.9952e+04 6.3271e-06 9.9198e-01 9.9952e+04 6.3240e-01 2.4800e+00
3.4706e+01 9.9942e+04 7.4941e-06 9.9066e-01 9.9942e+04 7.4898e-01 2.4766e+00
3.5098e+01 9.9930e+04 8.8430e-06 9.8915e-01 9.9930e+04 8.8369e-01 2.4729e+00
3.5490e+01 9.9917e+04 1.0396e-05 9.8746e-01 9.9917e+04 1.0387e+00 2.4687e+00
3.5882e+01 9.9901e+04 1.2176e-05 9.8556e-01 9.9901e+04 1.2164e+00 2.4639e+00
3.6275e+01 9.9883e+04 1.4208e-05 9.8343e-01 9.9883e+04 1.4191e+00 2.4586e+00
3.6667e+01 9.9862e+04 1.6519e-05 9.8106e-01 9.9862e+04 1.6496e+00 2.4527e+00
3.7059e+01 9.9838e+04 1.9136e-05 9.7844e-01 9.9838e+04 1.9105e+00 2.4461e+00
3.7451e+01 9.9810e+04 2.2088e-05 9.7554e-01 9.9810e+04 2.2046e+00 2.4389e+00
3.7843e+01 9.9778e+04 2.5405e-05 9.7236e-01 9.9778e+04 2.5348e+00 2.4309e+00
3.8235e+01 9.9742e+04 2.9117e-05 9.6888e-01 9.9742e+04 2.9042e+00 2.4222e+00
3.8627e+01 9.9700e+04 3.3255e-05 9.6509e-01 9.9700e+04 3.3156e+00 2.4128e+00
3.9020e+01 9.9654e+04 3.7851e-05 9.6098e-01 9.9654e+04 3.7720e+00 2.4025e+00
3.9412e+01 9.9601e+04 4.2935e-05 9.5654e-01 9.9601e+04 4.2764e+00 2.3914e+00
3.9804e+01 9.9542e+04 4.8538e-05 9.5177e-01 9.9542e+04 4.8316e+00 2.3795e+00
4.0196e+01 9.9476e+04 5.4690e-05 9.4666e-01 9.9476e+04 5.4403e+00 2.3668e+00
4.0588e+01 9.9402e+04 6.1419e-05 9.4122e-01 9.9402e+04 6.1052e+00 2.3532e+00
4.0980e+01 9.9320e+04 6.8753e-05 9.3544e-01 9.9320e+04 6.8285e+00 2.3388e+00
4.1373e+01 9.9229e+04 7.6716e-05 9.2933e-01 9.9229e+04 7.6125e+00 2.3236e+00
4.1765e+01 9.9129e+04 8.5332e-05 9.2290e-01 9.9129e+04 8.4589e+00 2.3076e+00
4.2157e+01 9.9018e+04 9.4620e-05 9.1617e-01 9.9018e+04 9.3691e+00 2.2909e+00
4.2549e+01 9.8897e+04 1.0460e-04 9.0913e-01 9.8897e+04 1.0344e+01 2.2734e+00
4.2941e+01 9.8765e+04 1.1528e-04 9.0182e-01 9.8765e+04 1.1386e+01 2.2552e+00
4.3333e+01 9.8621e+04 1.2667e-04 8.9425e-01 9.8621e+04 1.2492e+01 2.2364e+00
4.3725e+01 9.8465e+04 1.3880e-04 8.8646e-01 9.8465e+04 1.3667e+01 2.2171e+00
4.4118e+01 9.8294e+04 1.5155e-04 8.7843e-01 9.8294e+04 1.4897e+01 2.1972e+00
4.4510e+01 9.8119e+04 1.6536e-04 8.7034e-01 9.8119e+04 1.6225e+01 2.1772e+00
4.4902e+01 9.7900e+04 1.7879e-04 8.6173e-01 9.7900e+04 1.7504e+01 2.1559e+00
4.5294e+01 9.7756e+04 1.9611e-04 8.5410e-01 9.7756e+04 1.9171e+01 2.1371e+00
4.5686e+01 9.7359e+04 2.0554e-04 8.4346e-01 9.7359e+04 2.0011e+01 2.1107e+00
4.6078e+01 9.7524e+04 2.3621e-04 8.3978e-01 9.7524e+04 2.3036e+01 2.1022e+00
4.6471e+01 9.6443e+04 2.2355e-04 8.2126e-01 9.6443e+04 2.1560e+01 2.0556e+00
4.6863e+01 9.7628e+04 2.9240e-04 8.2991e-01 9.7628e+04 2.8546e+01 2.0789e+00
4.7255e+01 9.5225e+04 2.3526e-04 7.9648e-01 9.5225e+04 2.2402e+01 1.9938e+00
4.7647e+01 9.7364e+04 3.3946e-04 8.1629e-01 9.7364e+04 3.3051e+01 2.0463e+00
4.8039e+01 9.5021e+04 2.8877e-04 7.8512e-01 9.5021e+04 2.7439e+01 1.9668e+00
4.8431e+01 9.5664e+04 3.4204e-04 7.8790e-01 9.5664e+04 3.2721e+01 1.9753e+00
4.8824e+01 9.5670e+04 3.5629e-04 7.7813e-01 9.5670e+04 3.4086e+01 1.9514e+00
4.9216e+01 9.0029e+04 3.8573e-04 7.7349e-01 9.0029e+04 3.4727e+01 1.9404e+00
4.9608e+01 1.2131e+05 3.8695e-04 7.5875e-01 1.2131e+05 4.6940e+01 1.9059e+00
5.0000e+01 3.9405e+04 4.0259e-04 7.5432e-01 3.9405e+04 1.5864e+01 1.8890e+00
5.0392e+01 1.3806e+04 4.3403e-04 7.5361e-01 1.3806e+04 5.9923e+00 1.8853e+00
5.0784e+01 9.3481e+03 5.3233e-04 7.5533e-01 9.3481e+03 4.9762e+00 1.8897e+00
5.1176e+01 9.3484e+03 6.0696e-04 7.5103e-01 9.3484e+03 5.6740e+00 1.8793e+00
5.1569e+01 9.7785e+03 6.7373e-04 7.4744e-01 9.7785e+03 6.5881e+00 1.8708e+00
5.1961e+01 1.0455e+04 8.1354e-04 7.5304e-01 1.0455e+04 8.5057e+00 1.8861e+00
5.2353e+01 1.0883e+04 9.2091e-04 7.5722e-01 1.0883e+04 1.0022e+01 1.8977e+00
5.2745e+01 1.1209e+04 9.4022e-04 7.5312e-01 1.1209e+04 1.0539e+01 1.8878e+00
5.3137e+01 1.1349e+04 9.3182e-04 7.4694e-01 1.1349e+04 1.0575e+01 1.8723e+00
5.3529e+01 1.1556e+04 9.7452e-04 7.4696e-01 1.1556e+04 1.1262e+01 1.8729e+00
5.3922e+01 1.1751e+04 1.0632e-03 7.5270e-01 1.1751e+04 1.2494e+01 1.8884e+00
5.4314e+01 1.1950e+04 1.1458e-03 7.5830e-01 1.1950e+04 1.3692e+01 1.9036e+00
5.4706e+01 1.2056e+04 1.1830e-03 7.5928e-01 1.2056e+04 1.4263e+01 1.9066e+00
5.5098e+01 1.2111e+04 1.1775e-03 7.5569e-01 1.2111e+04 1.4261e+01 1.8976e+00
5.5490e+01 1.2136e+04 1.1595e-03 7.4981e-01 1.2136e+04 1.4071e+01 1.8827e+00
5.5882e+01 1.2204e+04 1.1729e-03 7.4789e-01 1.2204e+04 1.4314e+01 1.8781e+00
5.6275e+01 1.2331e+04 1.2420e-03 7.5273e-01 1.2331e+04 1.5315e+01 1.8913e+00
5.6667e+01 1.2504e+04 1.3477e-03 7.6221e-01 1.2504e+04 1.6852e+01 1.9169e+00
5.7059e+01 1.2675e+04 1.4563e-03 7.7247e-01 1.2675e+04 1.8459e+01 1.9446e+00
5.7451e+01 1.2814e+04 1.5427e-03 7.8046e-01 1.2814e+04 1.9768e+01 1.9664e+00
5.7843e+01 1.2907e+04 1.5976e-03 7.8498e-01 1.2907e+04 2.0620e+01 1.9789e+00
5.8235e+01 1.2959e+04 1.6249e-03 7.8637e-01 1.2959e+04 2.1058e+01 1.9830e+00
5.8627e+01 1.2984e+04 1.6343e-03 7.8571e-01 1.2984e+04 2.1221e+01 1.9816e+00
5.9020e+01 1.2996e+04 1.6350e-03 7.8408e-01 1.2996e+04 2.1248e+01 1.9776e+00
5.9412e+01 1.3002e+04 1.6325e-03 7.8214e-01 1.3002e+04 2.1226e+01 1.9727e+00
5.9804e+01 1.3006e+04 1.6291e-03 7.8008e-01 1.3006e+04 2.1189e+01 1.9675e+00
6.0196e+01 1.3010e+04 1.6252e-03 7.7794e-01 1.3010e+04 2.1145e+01 1.9620e+00
6.0588e+01 1.3013e+04 1.6210e-03 7.7573e-01 1.3013e+04 2.1094e+01 1.9564e+00
6.0980e+01 1.3016e+04 1.6163e-03 7.7343e-01 1.3016e+04 2.1038e+01 1.9506e+00
6.1373e+01 1.3018e+04 1.6113e-03 7.7105e-01 1.3018e+04 2.0977e+01 1.9445e+00
6.1765e+01 1.3020e+04 1.6059e-03 7.6859e-01 1.3020e+04 2.0910e+01 1.9383e+00
6.2157e+01 1.3022e+04 1.6002e-03 7.6605e-01 1.3022e+04 2.0838e+01 1.9318e+00
6.2549e+01 1.3023e+04 1.5941e-03 7.6342e-01 1.3023e+04 2.0760e+01 1.9251e+00
6.2941e+01 1.3024e+04 1.5877e-03 7.6070e-01 1.3024e+04 2.0678e+01 1.9182e+00
6.3333e+01 1.3025e+04 1.5809e-03 7.5789e-01 1.3025e+04 2.0590e+01 1.9110e+00
6.3725e+01 1.3025e+04 1.5737e-03 7.5499e-01 1.3025e+04 2.0498e+01 1.9036e+00
6.4118e+01 1.3025e+04 1.5662e-03 7.5199e-01 1.3025e+04 2.0400e+01 1.8959e+00
6.4510e+01 1.3025e+04 1.5584e-03 7.4889e-01 1.3025e+04 2.0297e+01 1.8880e+00
6.4902e+01 1.3024e+04 1.5501e-03 7.4569e-01 1.3024e+04 2.0189e+01 1.8799e+00
6.5294e+01 1.3023e+04 1.5416e-03 7.4238e-01 1.3023e+04 2.0076e+01 1.8714e+00
6.5686e+01 1.3022e+04 1.5326e-03 7.3896e-01 1.3022e+04 1.9958e+01 1.8627e+00
6.6078e+01 1.3021e+04 1.5234e-03 7.3543e-01 1.3021e+04 1.9835e+01 1.8537e+00
6.6471e+01 1.3019e+04 1.5137e-03 7.3178e-01 1.3019e+04 1.9707e+01 1.8444e+00
6.6863e+01 1.3017e+04 1.5037e-03 7.2802e-01 1.3017e+04 1.9573e+01 1.8348e+00
6.7255e+01 1.3015e+04 1.4933e-03 7.2413e-01 1.3015e+04 1.9435e+01 1.8248e+00
6.7647e+01 1.3012e+04 1.4825e-03 7.2012e-01 1.3012e+04 1.9291e+01 1.8146e+00
6.8039e+01 1.3010e+04 1.4714e-03 7.1598e-01 1.3010e+04 1.9142e+01 1.8040e+00
6.8431e+01 1.3007e+04 1.4599e-03 7.1170e-01 1.3007e+04 1.8988e+01 1.7931e+00
6.8824e+01 1.3003e+04 1.4480e-03 7.0730e-01 1.3003e+04 1.8829e+01 1.7819e+00
6.9216e+01 1.3000e+04 1.4357e-03 7.0275e-01 1.3000e+04 1.8665e+01 1.7703e+00
6.9608e+01 1.2996e+04 1.4231e-03 6.9806e-01 1.2996e+04 1.8495e+01 1.7583e+00
7.0000e+01 1.2993e+04 1.4100e-03 6.9323e-01 1.2993e+04 1.8320e+01 1.7460e+00
7.0392e+01 1.2989e+04 1.3966e-03 6.8824e-01 1.2989e+04 1.8140e+01 1.7333e+00
7.0784e+01 1.2984e+04 1.3828e-03 6.8311e-01 1.2984e+04 1.7954e+01 1.7202e+00
7.1176e+01 1.2980e+04 1.3685e-03 6.7782e-01 1.2980e+04 1.7763e+01 1.7067e+00
7.1569e+01 1.2975e+04 1.3539e-03 6.7237e-01 1.2975e+04 1.7567e+01 1.6928e+00
7.1961e+01 1.2970e+04 1.3389e-03 6.6676e-01 1.2970e+04 1.7366e+01 1.6785e+00
7.2353e+01 1.2965e+04 1.3234e-03 6.6098e-01 1.2965e+04 1.7159e+01 1.6638e+00
7.2745e+01 1.2960e+04 1.3076e-03 6.5504e-01 1.2960e+04 1.6946e+01 1.6487e+00
7.3137e+01 1.2954e+04 1.2913e-03 6.4892e-01 1.2954e+04 1.6728e+01 1.6331e+00
7.3529e+01 1.2949e+04 1.2747e-03 6.4263e-01 1.2949e+04 1.6505e+01 1.6171e+00
7.3922e+01 1.2943e+04 1.2576e-03 6.3616e-01 1.2943e+04 1.6276e+01 1.6006e+00
7.4314e+01 1.2937e+04 1.2401e-03 6.2950e-01 1.2937e+04 1.6042e+01 1.5837e+00
7.4706e+01 1.2930e+04 1.2221e-03 6.2266e-01 1.2930e+04 1.5803e+01 1.5663e+00
7.5098e+01 1.2924e+04 1.2038e-03 6.1563e-01 1.2924e+04 1.5557e+01 1.5484e+00
7.5490e+01 1.2917e+04 1.1850e-03 6.0841e-01 1.2917e+04 1.5307e+01 1.5301e+00
7.5882e+01 1.2910e+04 1.1658e-03 6.0099e-01 1.2910e+04 1.5050e+01 1.5113e+00
7.6275e+01 1.2903e+04 1.1461e-03 5.9338e-01 1.2903e+04 1.4788e+01 1.4919e+00
7.6667e+01 1.2896e+04 1.1260e-03 5.8556e-01 1.2896e+04 1.4521e+01 1.4721e+00
7.7059e+01 1.2889e+04 1.1055e-03 5.7753e-01 1.2889e+04 1.4248e+01 1.4517e+00
7.7451e+01 1.2881e+04 1.0845e-03 5.6929e-01 1.2881e+04 1.3969e+01 1.4308e+00
7.7843e+01 1.2873e+04 1.0630e-03 5.6084e-01 1.2873e+04 1.3685e+01 1.4094e+00
7.8235e+01 1.2865e+04 1.0411e-03 5.5218e-01 1.2865e+04 1.3395e+01 1.3874e+00
7.8627e+01 1.2857e+04 1.0188e-03 5.4329e-01 1.2857e+04 1.3099e+01 1.3649e+00
7.9020e+01 1.2849e+04 9.9598e-04 5.3417e-01 1.2849e+04 1.2797e+01 1.3418e+00
7.9412e+01 1.2840e+04 9.7269e-04 5.2482e-01 1.2840e+04 1.2490e+01 1.3181e+00
7.9804e+01 1.2832e+04 9.4893e-04 5.1524e-01 1.2832e+04 1.2176e+01 1.2939e+00
8.0196e+01 1.2823e+04 9.2469e-04 5.0541e-01 1.2823e+04 1.1857e+01 1.2690e+00
8.0588e+01 1.2814e+04 8.9997e-04 4.9535e-01 1.2814e+04 1.1532e+01 1.2436e+00
8.0980e+01 1.2805e+04 8.7475e-04 4.8503e-01 1.2805e+04 1.1201e+01 1.2175e+00
8.1373e+01 1.2796e+04 8.4904e-04 4.7445e-01 1.2796e+04 1.0864e+01 1.1907e+00
8.1765e+01 1.2786e+04 8.2282e-04 4.6362e-01 1.2786e+04 1.0521e+01 1.1634e+00
8.2157e+01 1.2776e+04 7.9609e-04 4.5252e-01 1.2776e+04 1.0171e+01 1.1353e+00
8.2549e+01 1.2767e+04 7.6884e-04 4.4115e-01 1.2767e+04 9.8154e+00 1.1066e+00
8.2941e+01 1.2757e+04 7.4107e-04 4.2949e-01 1.2757e+04 9.4534e+00 1.0772e+00
8.3333e+01 1.2746e+04 7.1276e-04 4.1755e-01 1.2746e+04 9.0851e+00 1.0471e+00
8.3725e+01 1.2736e+04 6.8391e-04 4.0532e-01 1.2736e+04 8.7102e+00 1.0163e+00
8.4118e+01 1.2725e+04 6.5450e-04 3.9279e-01 1.2725e+04 8.3288e+00 9.8471e-01
8.4510e+01 1.2715e+04 6.2454e-04 3.7996e-01 1.2715e+04 7.9409e+00 9.5238e-01
8.4902e+01 1.2704e+04 5.9401e-04 3.6681e-01 1.2704e+04 7.5462e+00 9.1926e-01
8.5294e+01 1.2693e+04 5.6289e-04 3.5334e-01 1.2693e+04 7.1447e+00 8.8536e-01
8.5686e+01 1.2682e+04 5.3119e-04 3.3954e-01 1.2682e+04 6.7364e+00 8.5064e-01
8.6078e+01 1.2670e+04 4.9889e-04 3.2540e-01 1.2670e+04 6.3211e+00 8.1509e-01
8.6471e+01 1.2659e+04 4.6598e-04 3.1092e-01 1.2659e+04 5.8988e+00 7.7868e-01
8.6863e+01 1.2647e+04 4.3246e-04 2.9609e-01 1.2647e+04 5.4693e+00 7.4140e-01
8.7255e+01 1.2635e+04 3.9830e-04 2.8089e-01 1.2635e+04 5.0325e+00 7.0322e-01
8.7647e+01 1.2623e+04 3.6349e-04 2.6531e-01 1.2623e+04 4.5884e+00 6.6412e-01
8.8039e+01 1.2611e+04 3.2804e-04 2.4936e-01 1.2611e+04 4.1369e+00 6.2408e-01
8.8431e+01 1.2598e+04 2.9194e-04 2.3302e-01 1.2598e+04 3.6779e+00 5.8310e-01
8.8824e+01 1.2586e+04 2.5520e-04 2.1631e-01 1.2586e+04 3.2119e+00 5.4117e-01
8.9216e+01 1.2573e+04 2.1793e-04 1.9924e-01 1.2573e+04 2.7400e+00 4.9840e-01
8.9608e+01 1.2560e+04 1.8038e-04 1.8195e-01 1.2560e+04 2.2656e+00 4.5509e-01
9.0000e+01 1.2548e+04 1.4317e-04 1.6474e-01 1.2548e+04 1.7965e+00 4.1197e-01
9.0392e+01 1.2536e+04 1.0752e-04 1.4819e-01 1.2536e+04 1.3479e+00 3.7056e-01
9.0784e+01 1.2525e+04 7.5281e-05 1.3327e-01 1.2525e+04 9.4292e-01 3.3321e-01
9.1176e+01 1.2516e+04 4.8526e-05 1.2103e-01 1.2516e+04 6.0738e-01 3.0259e-01
9.1569e+01 1.2510e+04 2.8639e-05 1.1213e-01 1.2510e+04 3.5827e-01 2.8033e-01
9.1961e+01 1.2505e+04 1.5552e-05 1.0644e-01 1.2505e+04 1.9448e-01 2.6611e-01
9.2353e+01 1.2503e+04 7.8859e-06 1.0321e-01 1.2503e+04 9.8596e-02 2.5803e-01
9.2745e+01 1.2501e+04 3.8084e-06 1.0153e-01 1.2501e+04 4.7610e-02 2.5383e-01
9.3137e+01 1.2501e+04 1.7839e-06 1.0071e-01 1.2501e+04 2.2300e-02 2.5179e-01
9.3529e+01 1.2500e+04 8.2115e-07 1.0033e-01 1.2500e+04 1.0265e-02 2.5082e-01
9.3922e+01 1.2500e+04 3.7438e-07 1.0015e-01 1.2500e+04 4.6798e-03 2.5037e-01
9.4314e+01 1.2500e+04 1.6977e-07 1.0007e-01 1.2500e+04 2.1221e-03 2.5017e-01
9.4706e+01 1.2500e+04 7.6722e-08 1.0003e-01 1.2500e+04 9.5903e-04 2.5008e-01
9.5098e+01 1.2500e+04 3.4589e-08 1.0001e-01 1.2500e+04 4.3236e-04 2.5003e-01
9.5490e+01 1.2500e+04 1.5563e-08 1.0001e-01 1.2500e+04 1.9454e-04 2.5002e-01
9.5882e+01 1.2500e+04 6.9900e-09 1.0000e-01 1.2500e+04 8.7375e-05 2.5001e-01
9.6275e+01 1.2500e+04 3.1341e-09 1.0000e-01 1.2500e+04 3.9176e-05 2.5000e-01
9.6667e+01 1.2500e+04 1.4029e-09 1.0000e-01 1.2500e+04 1.7536e-05 2.5000e-01
9.7059e+01 1.2500e+04 6.2693e-10 1.0000e-01 1.2500e+04 7.8366e-06 2.5000e-01
9.7451e+01 1.2500e+04 2.7970e-10 1.0000e-01 1.2500e+04 3.4962e-06 2.5000e-01
9.7843e+01 1.2500e+04 1.2458e-10 1.0000e-01 1.2500e+04 1.5573e-06 2.5000e-01
9.8235e+01 1.2500e+04 5.5406e-11 1.0000e-01 1.2500e+04 6.9257e-07 2.5000e-01
9.8627e+01 1.2500e+04 2.4617e-11 1.0000e-01 1.2500e+04 3.0772e-07 2.5000e-01
9.9020e+01 1.2500e+04 1.0958e-11 1.0000e-01 1.2500e+04 1.3697e-07 2.5000e-01
9.9412e+01 1.2500e+04 4.9463e-12 1.0000e-01 1.2500e+04 6.1829e-08 2.5000e-01
9.9804e+01 1.2500e+04 2.4819e-12 1.0000e-01 1.2500e+04 3.1024e-08 2.5000e-01
