# # x Density Velocity Pressure q0 q1 q2
1.9608e-01 1.0000e+05 0.0000e+00 1.0000e+00 1.0000e+05 0.0000e+00 2.5000e+00
5.8824e-01 1.0000e+05 6.1717e-20 1.0000e+00 1.0000e+05 6.1717e-15 2.5000e+00
9.8039e-01 1.0000e+05 8.8358e-19 1.0000e+00 1.0000e+05 8.8358e-14 2.5000e+00
1.3725e+00 1.0000e+05 3.5932e-18 1.0000e+00 1.0000e+05 3.5932e-13 2.5000e+00
1.7647e+00 1.0000e+05 8.3627e-18 1.0000e+00 1.0000e+05 8.3627e-13 2.5000e+00
2.1569e+00 1.0000e+05 1.5188e-17 1.0000e+00 1.0000e+05 1.5188e-12 2.5000e+00
2.5490e+00 1.0000e+05 2.4164e-17 1.0000e+00 1.0000e+05 2.4164e-12 2.5000e+00
2.9412e+00 1.0000e+05 3.6575e-17 1.0000e+00 1.0000e+05 3.6575e-12 2.5000e+00
3.3333e+00 1.0000e+05 5.4748e-17 1.0000e+00 1.0000e+05 5.4748e-12 2.5000e+00
3.7255e+00 1.0000e+05 8.1348e-17 1.0000e+00 1.0000e+05 8.1348e-12 2.5000e+00
4.1176e+00 1.0000e+05 1.2241e-16 1.0000e+00 1.0000e+05 1.2241e-11 2.5000e+00
4.5098e+00 1.0000e+05 1.8653e-16 1.0000e+00 1.0000e+05 1.8653e-11 2.5000e+00
4.9020e+00 1.0000e+05 2.8723e-16 1.0000e+00 1.0000e+05 2.8723e-11 2.5000e+00
5.2941e+00 1.0000e+05 4.4641e-16 1.0000e+00 1.0000e+05 4.4641e-11 2.5000e+00
5.6863e+00 1.0000e+05 6.9743e-16 1.0000e+00 1.0000e+05 6.9743e-11 2.5000e+00
6.0784e+00 1.0000e+05 1.0918e-15 1.0000e+00 1.0000e+05 1.0918e-10 2.5000e+00
6.4706e+00 1.0000e+05 1.7099e-15 1.0000e+00 1.0000e+05 1.7099e-10 2.5000e+00
6.8627e+00 1.0000e+05 2.6744e-15 1.0000e+00 1.0000e+05 2.6744e-10 2.5000e+00
7.2549e+00 1.0000e+05 4.1738e-15 1.0000e+00 1.0000e+05 4.1738e-10 2.5000e+00
7.6471e+00 1.0000e+05 6.4941e-15 1.0000e+00 1.0000e+05 6.4941e-10 2.5000e+00
8.0392e+00 1.0000e+05 1.0070e-14 1.0000e+00 1.0000e+05 1.0070e-09 2.5000e+00
8.4314e+00 1.0000e+05 1.5561e-14 1.0000e+00 1.0000e+05 1.5561e-09 2.5000e+00
8.8235e+00 1.0000e+05 2.3954e-14 1.0000e+00 1.0000e+05 2.3954e-09 2.5000e+00
9.2157e+00 1.0000e+05 3.6734e-14 1.0000e+00 1.0000e+05 3.6734e-09 2.5000e+00
9.6078e+00 1.0000e+05 5.6112e-14 1.0000e+00 1.0000e+05 5.6112e-09 2.5000e+00
1.0000e+01 1.0000e+05 8.5379e-14 1.0000e+00 1.0000e+05 8.5379e-09 2.5000e+00
1.0392e+01 1.0000e+05 1.2940e-13 1.0000e+00 1.0000e+05 1.2940e-08 2.5000e+00
1.0784e+01 1.0000e+05 1.9534e-13 1.0000e+00 1.0000e+05 1.9534e-08 2.5000e+00
1.1176e+01 1.0000e+05 2.9372e-13 1.0000e+00 1.0000e+05 2.9372e-08 2.5000e+00
1.1569e+01 1.0000e+05 4.3988e-13 1.0000e+00 1.0000e+05 4.3988e-08 2.5000e+00
1.1961e+01 1.0000e+05 6.5614e-13 1.0000e+00 1.0000e+05 6.5614e-08 2.5000e+00
1.2353e+01 1.0000e+05 9.7481e-13 1.0000e+00 1.0000e+05 9.7481e-08 2.5000e+00
1.2745e+01 1.0000e+05 1.4425e-12 1.0000e+00 1.0000e+05 1.4425e-07 2.5000e+00
1.3137e+01 1.0000e+05 2.1259e-12 1.0000e+00 1.0000e+05 2.1259e-07 2.5000e+00
1.3529e+01 1.0000e+05 3.1206e-12 1.0000e+00 1.0000e+05 3.1206e-07 2.5000e+00
1.3922e+01 1.0000e+05 4.5622e-12 1.0000e+00 1.0000e+05 4.5622e-07 2.5000e+00
1.4314e+01 1.0000e+05 6.6431e-12 1.0000e+00 1.0000e+05 6.6431e-07 2.5000e+00
1.4706e+01 1.0000e+05 9.6343e-12 1.0000e+00 1.0000e+05 9.6343e-07 2.5000e+00
1.5098e+01 1.0000e+05 1.3916e-11 1.0000e+00 1.0000e+05 1.3916e-06 2.5000e+00
1.5490e+01 1.0000e+05 2.0019e-11 1.0000e+00 1.0000e+05 2.0019e-06 2.5000e+00
1.5882e+01 1.0000e+05 2.8683e-11 1.0000e+00 1.0000e+05 2.8683e-06 2.5000e+00
1.6275e+01 1.0000e+05 4.0931e-11 1.0000e+00 1.0000e+05 4.0931e-06 2.5000e+00
1.6667e+01 1.0000e+05 5.8173e-11 1.0000e+00 1.0000e+05 5.8173e-06 2.5000e+00
1.7059e+01 1.0000e+05 8.2344e-11 1.0000e+00 1.0000e+05 8.2344e-06 2.5000e+00
1.7451e+01 1.0000e+05 1.1609e-10 1.0000e+00 1.0000e+05 1.1609e-05 2.5000e+00
1.7843e+01 1.0000e+05 1.6299e-10 1.0000e+00 1.0000e+05 1.6299e-05 2.5000e+00
1.8235e+01 1.0000e+05 2.2792e-10 1.0000e+00 1.0000e+05 2.2792e-05 2.5000e+00
1.8627e+01 1.0000e+05 3.1743e-10 1.0000e+00 1.0000e+05 3.1743e-05 2.5000e+00
1.9020e+01 1.0000e+05 4.4030e-10 1.0000e+00 1.0000e+05 4.4030e-05 2.5000e+00
1.9412e+01 1.0000e+05 6.0824e-10 1.0000e+00 1.0000e+05 6.0824e-05 2.5000e+00
1.9804e+01 1.0000e+05 8.3684e-10 1.0000e+00 1.0000e+05 8.3684e-05 2.5000e+00
2.0196e+01 1.0000e+05 1.1467e-09 1.0000e+00 1.0000e+05 1.1467e-04 2.5000e+00
2.0588e+01 1.0000e+05 1.5649e-09 1.0000e+00 1.0000e+05 1.5649e-04 2.5000e+00
2.0980e+01 1.0000e+05 2.1269e-09 1.0000e+00 1.0000e+05 2.1269e-04 2.5000e+00
2.1373e+01 1.0000e+05 2.8790e-09 9.9999e-01 1.0000e+05 2.8790e-04 2.5000e+00
2.1765e+01 1.0000e+05 3.8813e-09 9.9999e-01 1.0000e+05 3.8813e-04 2.5000e+00
2.2157e+01 1.0000e+05 5.2113e-09 9.9999e-01 1.0000e+05 5.2113e-04 2.5000e+00
2.2549e+01 1.0000e+05 6.9687e-09 9.9999e-01 1.0000e+05 6.9687e-04 2.5000e+00
2.2941e+01 1.0000e+05 9.2809e-09 9.9998e-01 1.0000e+05 9.2809e-04 2.5000e+00
2.3333e+01 1.0000e+05 1.2310e-08 9.9998e-01 1.0000e+05 1.2310e-03 2.4999e+00
2.3725e+01 1.0000e+05 1.6262e-08 9.9997e-01 1.0000e+05 1.6262e-03 2.4999e+00
2.4118e+01 1.0000e+05 2.1395e-08 9.9996e-01 1.0000e+05 2.1395e-03 2.4999e+00
2.4510e+01 1.0000e+05 2.8035e-08 9.9995e-01 1.0000e+05 2.8035e-03 2.4999e+00
2.4902e+01 1.0000e+05 3.6587e-08 9.9994e-01 1.0000e+05 3.6587e-03 2.4998e+00
2.5294e+01 1.0000e+05 4.7555e-08 9.9992e-01 1.0000e+05 4.7555e-03 2.4998e+00
2.5686e+01 1.0000e+05 6.1561e-08 9.9989e-01 1.0000e+05 6.1561e-03 2.4997e+00
2.6078e+01 1.0000e+05 7.9371e-08 9.9986e-01 1.0000e+05 7.9370e-03 2.4997e+00
2.6471e+01 9.9999e+04 1.0192e-07 9.9983e-01 9.9999e+04 1.0192e-02 2.4996e+00
2.6863e+01 9.9999e+04 1.3035e-07 9.9978e-01 9.9999e+04 1.3035e-02 2.4995e+00
2.7255e+01 9.9999e+04 1.6604e-07 9.9973e-01 9.9999e+04 1.6604e-02 2.4993e+00
2.7647e+01 9.9999e+04 2.1066e-07 9.9966e-01 9.9999e+04 2.1066e-02 2.4991e+00
2.8039e+01 9.9998e+04 2.6619e-07 9.9958e-01 9.9998e+04 2.6619e-02 2.4989e+00
2.8431e+01 9.9998e+04 3.3502e-07 9.9947e-01 9.9998e+04 3.3502e-02 2.4987e+00
2.8824e+01 9.9997e+04 4.1997e-07 9.9935e-01 9.9997e+04 4.1996e-02 2.4984e+00
2.9216e+01 9.9997e+04 5.2437e-07 9.9920e-01 9.9997e+04 5.2435e-02 2.4980e+00
2.9608e+01 9.9996e+04 6.5212e-07 9.9902e-01 9.9996e+04 6.5209e-02 2.4975e+00
3.0000e+01 9.9995e+04 8.0779e-07 9.9880e-01 9.9995e+04 8.0774e-02 2.4970e+00
3.0392e+01 9.9993e+04 9.9666e-07 9.9854e-01 9.9993e+04 9.9660e-02 2.4963e+00
3.0784e+01 9.9992e+04 1.2249e-06 9.9823e-01 9.9992e+04 1.2248e-01 2.4956e+00
3.1176e+01 9.9990e+04 1.4994e-06 9.9787e-01 9.9990e+04 1.4993e-01 2.4947e+00
3.1569e+01 9.9987e+04 1.8284e-06 9.9744e-01 9.9987e+04 1.8282e-01 2.4936e+00
3.1961e+01 9.9984e+04 2.2208e-06 9.9693e-01 9.9984e+04 2.2205e-01 2.4923e+00
3.2353e+01 9.9981e+04 2.6871e-06 9.9634e-01 9.9981e+04 2.6865e-01 2.4909e+00
3.2745e+01 9.9976e+04 3.2386e-06 9.9566e-01 9.9976e+04 3.2379e-01 2.4891e+00
3.3137e+01 9.9971e+04 3.8885e-06 9.9487e-01 9.9971e+04 3.8874e-01 2.4872e+00
3.3529e+01 9.9965e+04 4.6509e-06 9.9396e-01 9.9965e+04 4.6493e-01 2.4849e+00
3.3922e+01 9.9958e+04 5.5417e-06 9.9291e-01 9.9958e+04 5.5393e-01 2.4823e+00
3.4314e+01 9.9949e+04 6.5781e-06 9.9172e-01 9.9949e+04 6.5748e-01 2.4793e+00
3.4706e+01 9.9939e+04 7.7792e-06 9.9037e-01 9.9939e+04 7.7744e-01 2.4759e+00
3.5098e+01 9.9927e+04 9.1652e-06 9.8883e-01 9.9927e+04 9.1586e-01 2.4721e+00
3.5490e+01 9.9913e+04 1.0758e-05 9.8711e-01 9.9913e+04 1.0749e+00 2.4678e+00
3.5882e+01 9.9897e+04 1.2582e-05 9.8517e-01 9.9897e+04 1.2569e+00 2.4629e+00
3.6275e+01 9.9879e+04 1.4661e-05 9.8301e-01 9.9879e+04 1.4643e+00 2.4575e+00
3.6667e+01 9.9857e+04 1.7022e-05 9.8061e-01 9.9857e+04 1.6997e+00 2.4515e+00
3.7059e+01 9.9832e+04 1.9692e-05 9.7795e-01 9.9832e+04 1.9659e+00 2.4449e+00
3.7451e+01 9.9803e+04 2.2700e-05 9.7502e-01 9.9803e+04 2.2656e+00 2.4376e+00
3.7843e+01 9.9771e+04 2.6076e-05 9.7180e-01 9.9771e+04 2.6016e+00 2.4295e+00
3.8235e+01 9.9734e+04 2.9849e-05 9.6829e-01 9.9734e+04 2.9770e+00 2.4208e+00
3.8627e+01 9.9691e+04 3.4051e-05 9.6447e-01 9.9691e+04 3.3946e+00 2.4112e+00
3.9020e+01 9.9644e+04 3.8712e-05 9.6033e-01 9.9644e+04 3.8574e+00 2.4009e+00
3.9412e+01 9.9590e+04 4.3863e-05 9.5586e-01 9.9590e+04 4.3683e+00 2.3897e+00
3.9804e+01 9.9530e+04 4.9533e-05 9.5106e-01 9.9530e+04 4.9300e+00 2.3778e+00
4.0196e+01 9.9463e+04 5.5753e-05 9.4594e-01 9.9463e+04 5.5453e+00 2.3650e+00
4.0588e+01 9.9388e+04 6.2550e-05 9.4047e-01 9.9388e+04 6.2167e+00 2.3514e+00
4.0980e+01 9.9304e+04 6.9950e-05 9.3468e-01 9.9304e+04 6.9463e+00 2.3369e+00
4.1373e+01 9.9212e+04 7.7979e-05 9.2856e-01 9.9212e+04 7.7364e+00 2.3217e+00
4.1765e+01 9.9111e+04 8.6658e-05 9.2212e-01 9.9111e+04 8.5887e+00 2.3057e+00
4.2157e+01 9.8999e+04 9.6007e-05 9.1538e-01 9.8999e+04 9.5045e+00 2.2889e+00
4.2549e+01 9.8877e+04 1.0604e-04 9.0835e-01 9.8877e+04 1.0485e+01 2.2714e+00
4.2941e+01 9.8743e+04 1.1678e-04 9.0105e-01 9.8743e+04 1.1531e+01 2.2533e+00
4.3333e+01 9.8598e+04 1.2821e-04 8.9349e-01 9.8598e+04 1.2641e+01 2.2345e+00
4.3725e+01 9.8441e+04 1.4039e-04 8.8572e-01 9.8441e+04 1.3820e+01 2.2153e+00
4.4118e+01 9.8268e+04 1.5317e-04 8.7770e-01 9.8268e+04 1.5052e+01 2.1954e+00
4.4510e+01 9.8093e+04 1.6704e-04 8.6965e-01 9.8093e+04 1.6385e+01 2.1755e+00
4.4902e+01 9.7870e+04 1.8041e-04 8.6103e-01 9.7870e+04 1.7657e+01 2.1542e+00
4.5294e+01 9.7731e+04 1.9796e-04 8.5351e-01 9.7731e+04 1.9347e+01 2.1357e+00
4.5686e+01 9.7319e+04 2.0693e-04 8.4275e-01 9.7319e+04 2.0138e+01 2.1090e+00
4.6078e+01 9.7508e+04 2.3850e-04 8.3941e-01 9.7508e+04 2.3256e+01 2.1013e+00
4.6471e+01 9.6386e+04 2.2440e-04 8.2045e-01 9.6386e+04 2.1630e+01 2.0536e+00
4.6863e+01 9.7620e+04 2.9495e-04 8.2971e-01 9.7620e+04 2.8793e+01 2.0785e+00
4.7255e+01 9.5180e+04 2.3654e-04 7.9592e-01 9.5180e+04 2.2514e+01 1.9925e+00
4.7647e+01 9.7312e+04 3.4051e-04 8.1569e-01 9.7312e+04 3.3136e+01 2.0449e+00
4.8039e+01 9.5025e+04 2.9181e-04 7.8524e-01 9.5025e+04 2.7729e+01 1.9671e+00
4.8431e+01 9.5597e+04 3.4260e-04 7.8726e-01 9.5597e+04 3.2752e+01 1.9738e+00
4.8824e+01 9.5649e+04 3.5764e-04 7.7780e-01 9.5649e+04 3.4208e+01 1.9506e+00
4.9216e+01 8.9898e+04 3.8776e-04 7.7344e-01 8.9898e+04 3.4859e+01 1.9404e+00
4.9608e+01 1.2150e+05 3.8867e-04 7.5864e-01 1.2150e+05 4.7223e+01 1.9058e+00
5.0000e+01 3.9824e+04 4.0396e-04 7.5412e-01 3.9824e+04 1.6087e+01 1.8886e+00
5.0392e+01 1.3918e+04 4.3201e-04 7.5293e-01 1.3918e+04 6.0128e+00 1.8836e+00
5.0784e+01 9.3511e+03 5.3262e-04 7.5506e-01 9.3511e+03 4.9806e+00 1.8890e+00
5.1176e+01 9.3322e+03 6.1525e-04 7.5161e-01 9.3322e+03 5.7416e+00 1.8808e+00
5.1569e+01 9.7507e+03 6.7147e-04 7.4698e-01 9.7507e+03 6.5473e+00 1.8696e+00
5.1961e+01 1.0420e+04 8.0236e-04 7.5163e-01 1.0420e+04 8.3607e+00 1.8824e+00
5.2353e+01 1.0861e+04 9.1895e-04 7.5677e-01 1.0861e+04 9.9809e+00 1.8965e+00
5.2745e+01 1.1203e+04 9.4931e-04 7.5385e-01 1.1203e+04 1.0635e+01 1.8897e+00
5.3137e+01 1.1343e+04 9.3793e-04 7.4736e-01 1.1343e+04 1.0639e+01 1.8734e+00
5.3529e+01 1.1538e+04 9.6910e-04 7.4613e-01 1.1538e+04 1.1181e+01 1.8707e+00
5.3922e+01 1.1727e+04 1.0517e-03 7.5119e-01 1.1727e+04 1.2333e+01 1.8845e+00
5.4314e+01 1.1931e+04 1.1383e-03 7.5722e-01 1.1931e+04 1.3580e+01 1.9008e+00
5.4706e+01 1.2049e+04 1.1842e-03 7.5914e-01 1.2049e+04 1.4269e+01 1.9063e+00
5.5098e+01 1.2113e+04 1.1852e-03 7.5619e-01 1.2113e+04 1.4357e+01 1.8990e+00
5.5490e+01 1.2136e+04 1.1666e-03 7.5054e-01 1.2136e+04 1.4158e+01 1.8846e+00
5.5882e+01 1.2193e+04 1.1706e-03 7.4753e-01 1.2193e+04 1.4273e+01 1.8772e+00
5.6275e+01 1.2306e+04 1.2288e-03 7.5111e-01 1.2306e+04 1.5122e+01 1.8871e+00
5.6667e+01 1.2472e+04 1.3290e-03 7.5991e-01 1.2472e+04 1.6575e+01 1.9108e+00
5.7059e+01 1.2645e+04 1.4385e-03 7.7023e-01 1.2645e+04 1.8190e+01 1.9387e+00
5.7451e+01 1.2791e+04 1.5300e-03 7.7879e-01 1.2791e+04 1.9570e+01 1.9619e+00
5.7843e+01 1.2893e+04 1.5910e-03 7.8402e-01 1.2893e+04 2.0513e+01 1.9764e+00
5.8235e+01 1.2953e+04 1.6234e-03 7.8599e-01 1.2953e+04 2.1027e+01 1.9820e+00
5.8627e+01 1.2982e+04 1.6358e-03 7.8569e-01 1.2982e+04 2.1235e+01 1.9816e+00
5.9020e+01 1.2996e+04 1.6377e-03 7.8422e-01 1.2996e+04 2.1283e+01 1.9780e+00
5.9412e+01 1.3002e+04 1.6357e-03 7.8234e-01 1.3002e+04 2.1268e+01 1.9732e+00
5.9804e+01 1.3007e+04 1.6325e-03 7.8032e-01 1.3007e+04 2.1234e+01 1.9681e+00
6.0196e+01 1.3011e+04 1.6288e-03 7.7822e-01 1.3011e+04 2.1192e+01 1.9628e+00
6.0588e+01 1.3014e+04 1.6246e-03 7.7604e-01 1.3014e+04 2.1143e+01 1.9573e+00
6.0980e+01 1.3017e+04 1.6201e-03 7.7378e-01 1.3017e+04 2.1089e+01 1.9515e+00
6.1373e+01 1.3020e+04 1.6152e-03 7.7145e-01 1.3020e+04 2.1030e+01 1.9456e+00
6.1765e+01 1.3022e+04 1.6100e-03 7.6903e-01 1.3022e+04 2.0965e+01 1.9395e+00
6.2157e+01 1.3024e+04 1.6044e-03 7.6653e-01 1.3024e+04 2.0895e+01 1.9331e+00
6.2549e+01 1.3025e+04 1.5984e-03 7.6395e-01 1.3025e+04 2.0819e+01 1.9265e+00
6.2941e+01 1.3026e+04 1.5921e-03 7.6128e-01 1.3026e+04 2.0739e+01 1.9197e+00
6.3333e+01 1.3027e+04 1.5855e-03 7.5852e-01 1.3027e+04 2.0654e+01 1.9127e+00
6.3725e+01 1.3027e+04 1.5785e-03 7.5567e-01 1.3027e+04 2.0563e+01 1.9054e+00
6.4118e+01 1.3027e+04 1.5712e-03 7.5273e-01 1.3027e+04 2.0468e+01 1.8979e+00
6.4510e+01 1.3027e+04 1.5635e-03 7.4968e-01 1.3027e+04 2.0367e+01 1.8901e+00
6.4902e+01 1.3026e+04 1.5554e-03 7.4654e-01 1.3026e+04 2.0262e+01 1.8821e+00
6.5294e+01 1.3025e+04 1.5471e-03 7.4330e-01 1.3025e+04 2.0151e+01 1.8738e+00
6.5686e+01 1.3024e+04 1.5383e-03 7.3994e-01 1.3024e+04 2.0036e+01 1.8653e+00
6.6078e+01 1.3023e+04 1.5292e-03 7.3648e-01 1.3023e+04 1.9915e+01 1.8564e+00
6.6471e+01 1.3022e+04 1.5197e-03 7.3291e-01 1.3022e+04 1.9789e+01 1.8473e+00
6.6863e+01 1.3020e+04 1.5099e-03 7.2921e-01 1.3020e+04 1.9659e+01 1.8379e+00
6.7255e+01 1.3018e+04 1.4997e-03 7.2540e-01 1.3018e+04 1.9523e+01 1.8281e+00
6.7647e+01 1.3015e+04 1.4892e-03 7.2147e-01 1.3015e+04 1.9382e+01 1.8181e+00
6.8039e+01 1.3013e+04 1.4783e-03 7.1741e-01 1.3013e+04 1.9236e+01 1.8078e+00
6.8431e+01 1.3010e+04 1.4670e-03 7.1323e-01 1.3010e+04 1.9085e+01 1.7971e+00
6.8824e+01 1.3007e+04 1.4553e-03 7.0891e-01 1.3007e+04 1.8929e+01 1.7860e+00
6.9216e+01 1.3003e+04 1.4432e-03 7.0445e-01 1.3003e+04 1.8767e+01 1.7747e+00
6.9608e+01 1.3000e+04 1.4308e-03 6.9986e-01 1.3000e+04 1.8601e+01 1.7630e+00
7.0000e+01 1.2996e+04 1.4180e-03 6.9512e-01 1.2996e+04 1.8429e+01 1.7509e+00
7.0392e+01 1.2992e+04 1.4048e-03 6.9024e-01 1.2992e+04 1.8252e+01 1.7384e+00
7.0784e+01 1.2988e+04 1.3912e-03 6.8521e-01 1.2988e+04 1.8070e+01 1.7256e+00
7.1176e+01 1.2984e+04 1.3773e-03 6.8003e-01 1.2984e+04 1.7882e+01 1.7124e+00
7.1569e+01 1.2979e+04 1.3629e-03 6.7469e-01 1.2979e+04 1.7689e+01 1.6988e+00
7.1961e+01 1.2974e+04 1.3481e-03 6.6920e-01 1.2974e+04 1.7491e+01 1.6848e+00
7.2353e+01 1.2969e+04 1.3330e-03 6.6354e-01 1.2969e+04 1.7288e+01 1.6704e+00
7.2745e+01 1.2964e+04 1.3174e-03 6.5772e-01 1.2964e+04 1.7079e+01 1.6555e+00
7.3137e+01 1.2959e+04 1.3014e-03 6.5173e-01 1.2959e+04 1.6865e+01 1.6403e+00
7.3529e+01 1.2953e+04 1.2850e-03 6.4556e-01 1.2953e+04 1.6645e+01 1.6246e+00
7.3922e+01 1.2947e+04 1.2682e-03 6.3923e-01 1.2947e+04 1.6420e+01 1.6085e+00
7.4314e+01 1.2941e+04 1.2510e-03 6.3271e-01 1.2941e+04 1.6190e+01 1.5919e+00
7.4706e+01 1.2935e+04 1.2334e-03 6.2601e-01 1.2935e+04 1.5954e+01 1.5749e+00
7.5098e+01 1.2929e+04 1.2153e-03 6.1913e-01 1.2929e+04 1.5713e+01 1.5574e+00
7.5490e+01 1.2922e+04 1.1968e-03 6.1205e-01 1.2922e+04 1.5466e+01 1.5394e+00
7.5882e+01 1.2915e+04 1.1779e-03 6.0479e-01 1.2915e+04 1.5214e+01 1.5209e+00
7.6275e+01 1.2909e+04 1.1586e-03 5.9733e-01 1.2909e+04 1.4956e+01 1.5020e+00
7.6667e+01 1.2901e+04 1.1388e-03 5.8967e-01 1.2901e+04 1.4693e+01 1.4825e+00
7.7059e+01 1.2894e+04 1.1186e-03 5.8181e-01 1.2894e+04 1.4424e+01 1.4626e+00
7.7451e+01 1.2887e+04 1.0980e-03 5.7374e-01 1.2887e+04 1.4149e+01 1.4421e+00
7.7843e+01 1.2879e+04 1.0769e-03 5.6546e-01 1.2879e+04 1.3869e+01 1.4211e+00
7.8235e+01 1.2871e+04 1.0553e-03 5.5697e-01 1.2871e+04 1.3584e+01 1.3996e+00
7.8627e+01 1.2863e+04 1.0334e-03 5.4827e-01 1.2863e+04 1.3292e+01 1.3775e+00
7.9020e+01 1.2855e+04 1.0109e-03 5.3934e-01 1.2855e+04 1.2995e+01 1.3549e+00
7.9412e+01 1.2847e+04 9.8799e-04 5.3018e-01 1.2847e+04 1.2692e+01 1.3317e+00
7.9804e+01 1.2838e+04 9.6461e-04 5.2080e-01 1.2838e+04 1.2384e+01 1.3080e+00
8.0196e+01 1.2829e+04 9.4076e-04 5.1118e-01 1.2829e+04 1.2069e+01 1.2836e+00
8.0588e+01 1.2821e+04 9.1643e-04 5.0132e-01 1.2821e+04 1.1749e+01 1.2587e+00
8.0980e+01 1.2812e+04 8.9162e-04 4.9121e-01 1.2812e+04 1.1423e+01 1.2331e+00
8.1373e+01 1.2802e+04 8.6632e-04 4.8086e-01 1.2802e+04 1.1091e+01 1.2070e+00
8.1765e+01 1.2793e+04 8.4052e-04 4.7025e-01 1.2793e+04 1.0753e+01 1.1802e+00
8.2157e+01 1.2783e+04 8.1422e-04 4.5939e-01 1.2783e+04 1.0409e+01 1.1527e+00
8.2549e+01 1.2774e+04 7.8742e-04 4.4825e-01 1.2774e+04 1.0058e+01 1.1246e+00
8.2941e+01 1.2764e+04 7.6009e-04 4.3685e-01 1.2764e+04 9.7017e+00 1.0958e+00
8.3333e+01 1.2754e+04 7.3224e-04 4.2517e-01 1.2754e+04 9.3389e+00 1.0663e+00
8.3725e+01 1.2744e+04 7.0386e-04 4.1320e-01 1.2744e+04 8.9698e+00 1.0362e+00
8.4118e+01 1.2733e+04 6.7494e-04 4.0094e-01 1.2733e+04 8.5942e+00 1.0053e+00
8.4510e+01 1.2723e+04 6.4547e-04 3.8838e-01 1.2723e+04 8.2121e+00 9.7361e-01
8.4902e+01 1.2712e+04 6.1544e-04 3.7552e-01 1.2712e+04 7.8235e+00 9.4122e-01
8.5294e+01 1.2701e+04 5.8485e-04 3.6235e-01 1.2701e+04 7.4282e+00 9.0805e-01
8.5686e+01 1.2690e+04 5.5368e-04 3.4886e-01 1.2690e+04 7.0262e+00 8.7409e-01
8.6078e+01 1.2679e+04 5.2193e-04 3.3504e-01 1.2679e+04 6.6174e+00 8.3932e-01
8.6471e+01 1.2667e+04 4.8957e-04 3.2088e-01 1.2667e+04 6.2016e+00 8.0373e-01
8.6863e+01 1.2656e+04 4.5662e-04 3.0639e-01 1.2656e+04 5.7788e+00 7.6728e-01
8.7255e+01 1.2644e+04 4.2304e-04 2.9153e-01 1.2644e+04 5.3490e+00 7.2997e-01
8.7647e+01 1.2632e+04 3.8884e-04 2.7632e-01 1.2632e+04 4.9119e+00 6.9176e-01
8.8039e+01 1.2620e+04 3.5400e-04 2.6074e-01 1.2620e+04 4.4675e+00 6.5264e-01
8.8431e+01 1.2608e+04 3.1852e-04 2.4478e-01 1.2608e+04 4.0158e+00 6.1259e-01
8.8824e+01 1.2595e+04 2.8239e-04 2.2844e-01 1.2595e+04 3.5568e+00 5.7160e-01
8.9216e+01 1.2583e+04 2.4565e-04 2.1173e-01 1.2583e+04 3.0910e+00 5.2969e-01
8.9608e+01 1.2570e+04 2.0842e-04 1.9469e-01 1.2570e+04 2.6199e+00 4.8701e-01
9.0000e+01 1.2557e+04 1.7103e-04 1.7749e-01 1.2557e+04 2.1477e+00 4.4391e-01
9.0392e+01 1.2545e+04 1.3421e-04 1.6047e-01 1.2545e+04 1.6837e+00 4.0128e-01
9.0784e+01 1.2533e+04 9.9322e-05 1.4431e-01 1.2533e+04 1.2448e+00 3.6083e-01
9.1176e+01 1.2523e+04 6.8314e-05 1.3001e-01 1.2523e+04 8.5550e-01 3.2505e-01
9.1569e+01 1.2515e+04 4.3181e-05 1.1858e-01 1.2515e+04 5.4040e-01 2.9647e-01
9.1961e+01 1.2509e+04 2.5001e-05 1.1051e-01 1.2509e+04 3.1273e-01 2.7629e-01
9.2353e+01 1.2505e+04 1.3357e-05 1.0550e-01 1.2505e+04 1.6703e-01 2.6375e-01
9.2745e+01 1.2502e+04 6.6944e-06 1.0271e-01 1.2502e+04 8.3696e-02 2.5678e-01
9.3137e+01 1.2501e+04 3.2102e-06 1.0129e-01 1.2501e+04 4.0131e-02 2.5322e-01
9.3529e+01 1.2501e+04 1.4984e-06 1.0060e-01 1.2501e+04 1.8731e-02 2.5150e-01
9.3922e+01 1.2500e+04 6.8888e-07 1.0027e-01 1.2500e+04 8.6112e-03 2.5069e-01
9.4314e+01 1.2500e+04 3.1407e-07 1.0013e-01 1.2500e+04 3.9259e-03 2.5031e-01
9.4706e+01 1.2500e+04 1.4250e-07 1.0006e-01 1.2500e+04 1.7812e-03 2.5014e-01
9.5098e+01 1.2500e+04 6.4455e-08 1.0003e-01 1.2500e+04 8.0569e-04 2.5006e-01
9.5490e+01 1.2500e+04 2.9088e-08 1.0001e-01 1.2500e+04 3.6360e-04 2.5003e-01
9.5882e+01 1.2500e+04 1.3102e-08 1.0001e-01 1.2500e+04 1.6378e-04 2.5001e-01
9.6275e+01 1.2500e+04 5.8914e-09 1.0000e-01 1.2500e+04 7.3643e-05 2.5001e-01
9.6667e+01 1.2500e+04 2.6446e-09 1.0000e-01 1.2500e+04 3.3058e-05 2.5000e-01
9.7059e+01 1.2500e+04 1.1852e-09 1.0000e-01 1.2500e+04 1.4815e-05 2.5000e-01
9.7451e+01 1.2500e+04 5.3027e-10 1.0000e-01 1.2500e+04 6.6284e-06 2.5000e-01
9.7843e+01 1.2500e+04 2.3687e-10 1.0000e-01 1.2500e+04 2.9609e-06 2.5000e-01
9.8235e+01 1.2500e+04 1.0565e-10 1.0000e-01 1.2500e+04 1.3206e-06 2.5000e-01
9.8627e+01 1.2500e+04 4.7079e-11 1.0000e-01 1.2500e+04 5.8849e-07 2.5000e-01
9.9020e+01 1.2500e+04 2.1019e-11 1.0000e-01 1.2500e+04 2.6274e-07 2.5000e-01
9.9412e+01 1.2500e+04 9.5180e-12 1.0000e-01 1.2500e+04 1.1898e-07 2.5000e-01
9.9804e+01 1.2500e+04 4.7935e-12 1.0000e-01 1.2500e+04 5.9918e-08 2.5000e-01
