# # x Density Velocity Pressure q0 q1 q2
1.9608e-01 1.0000e+05 0.0000e+00 1.0000e+00 1.0000e+05 0.0000e+00 2.5000e+00
5.8824e-01 1.0000e+05 1.1579e-19 1.0000e+00 1.0000e+05 1.1579e-14 2.5000e+00
9.8039e-01 1.0000e+05 1.1423e-18 1.0000e+00 1.0000e+05 1.1423e-13 2.5000e+00
1.3725e+00 1.0000e+05 4.1537e-18 1.0000e+00 1.0000e+05 4.1537e-13 2.5000e+00
1.7647e+00 1.0000e+05 9.2256e-18 1.0000e+00 1.0000e+05 9.2256e-13 2.5000e+00
2.1569e+00 1.0000e+05 1.6356e-17 1.0000e+00 1.0000e+05 1.6356e-12 2.5000e+00
2.5490e+00 1.0000e+05 2.5714e-17 1.0000e+00 1.0000e+05 2.5714e-12 2.5000e+00
2.9412e+00 1.0000e+05 3.8790e-17 1.0000e+00 1.0000e+05 3.8790e-12 2.5000e+00
3.3333e+00 1.0000e+05 5.8007e-17 1.0000e+00 1.0000e+05 5.8007e-12 2.5000e+00
3.7255e+00 1.0000e+05 8.6205e-17 1.0000e+00 1.0000e+05 8.6205e-12 2.5000e+00
4.1176e+00 1.0000e+05 1.2990e-16 1.0000e+00 1.0000e+05 1.2990e-11 2.5000e+00
4.5098e+00 1.0000e+05 1.9818e-16 1.0000e+00 1.0000e+05 1.9818e-11 2.5000e+00
4.9020e+00 1.0000e+05 3.0545e-16 1.0000e+00 1.0000e+05 3.0545e-11 2.5000e+00
5.2941e+00 1.0000e+05 4.7485e-16 1.0000e+00 1.0000e+05 4.7485e-11 2.5000e+00
5.6863e+00 1.0000e+05 7.4175e-16 1.0000e+00 1.0000e+05 7.4175e-11 2.5000e+00
6.0784e+00 1.0000e+05 1.1608e-15 1.0000e+00 1.0000e+05 1.1608e-10 2.5000e+00
6.4706e+00 1.0000e+05 1.8168e-15 1.0000e+00 1.0000e+05 1.8168e-10 2.5000e+00
6.8627e+00 1.0000e+05 2.8395e-15 1.0000e+00 1.0000e+05 2.8395e-10 2.5000e+00
7.2549e+00 1.0000e+05 4.4277e-15 1.0000e+00 1.0000e+05 4.4277e-10 2.5000e+00
7.6471e+00 1.0000e+05 6.8829e-15 1.0000e+00 1.0000e+05 6.8829e-10 2.5000e+00
8.0392e+00 1.0000e+05 1.0663e-14 1.0000e+00 1.0000e+05 1.0663e-09 2.5000e+00
8.4314e+00 1.0000e+05 1.6461e-14 1.0000e+00 1.0000e+05 1.6461e-09 2.5000e+00
8.8235e+00 1.0000e+05 2.5316e-14 1.0000e+00 1.0000e+05 2.5316e-09 2.5000e+00
9.2157e+00 1.0000e+05 3.8784e-14 1.0000e+00 1.0000e+05 3.8784e-09 2.5000e+00
9.6078e+00 1.0000e+05 5.9187e-14 1.0000e+00 1.0000e+05 5.9187e-09 2.5000e+00
1.0000e+01 1.0000e+05 8.9971e-14 1.0000e+00 1.0000e+05 8.9971e-09 2.5000e+00
1.0392e+01 1.0000e+05 1.3623e-13 1.0000e+00 1.0000e+05 1.3623e-08 2.5000e+00
1.0784e+01 1.0000e+05 2.0546e-13 1.0000e+00 1.0000e+05 2.0546e-08 2.5000e+00
1.1176e+01 1.0000e+05 3.0864e-13 1.0000e+00 1.0000e+05 3.0864e-08 2.5000e+00
1.1569e+01 1.0000e+05 4.6180e-13 1.0000e+00 1.0000e+05 4.6180e-08 2.5000e+00
1.1961e+01 1.0000e+05 6.8820e-13 1.0000e+00 1.0000e+05 6.8820e-08 2.5000e+00
1.2353e+01 1.0000e+05 1.0215e-12 1.0000e+00 1.0000e+05 1.0215e-07 2.5000e+00
1.2745e+01 1.0000e+05 1.5102e-12 1.0000e+00 1.0000e+05 1.5102e-07 2.5000e+00
1.3137e+01 1.0000e+05 2.2237e-12 1.0000e+00 1.0000e+05 2.2237e-07 2.5000e+00
1.3529e+01 1.0000e+05 3.2613e-12 1.0000e+00 1.0000e+05 3.2613e-07 2.5000e+00
1.3922e+01 1.0000e+05 4.7637e-12 1.0000e+00 1.0000e+05 4.7637e-07 2.5000e+00
1.4314e+01 1.0000e+05 6.9305e-12 1.0000e+00 1.0000e+05 6.9305e-07 2.5000e+00
1.4706e+01 1.0000e+05 1.0042e-11 1.0000e+00 1.0000e+05 1.0042e-06 2.5000e+00
1.5098e+01 1.0000e+05 1.4493e-11 1.0000e+00 1.0000e+05 1.4493e-06 2.5000e+00
1.5490e+01 1.0000e+05 2.0832e-11 1.0000e+00 1.0000e+05 2.0832e-06 2.5000e+00
1.5882e+01 1.0000e+05 2.9822e-11 1.0000e+00 1.0000e+05 2.9822e-06 2.5000e+00
1.6275e+01 1.0000e+05 4.2521e-11 1.0000e+00 1.0000e+05 4.2521e-06 2.5000e+00
1.6667e+01 1.0000e+05 6.0383e-11 1.0000e+00 1.0000e+05 6.0383e-06 2.5000e+00
1.7059e+01 1.0000e+05 8.5402e-11 1.0000e+00 1.0000e+05 8.5402e-06 2.5000e+00
1.7451e+01 1.0000e+05 1.2030e-10 1.0000e+00 1.0000e+05 1.2030e-05 2.5000e+00
1.7843e+01 1.0000e+05 1.6877e-10 1.0000e+00 1.0000e+05 1.6877e-05 2.5000e+00
1.8235e+01 1.0000e+05 2.3582e-10 1.0000e+00 1.0000e+05 2.3582e-05 2.5000e+00
1.8627e+01 1.0000e+05 3.2817e-10 1.0000e+00 1.0000e+05 3.2817e-05 2.5000e+00
1.9020e+01 1.0000e+05 4.5484e-10 1.0000e+00 1.0000e+05 4.5484e-05 2.5000e+00
1.9412e+01 1.0000e+05 6.2786e-10 1.0000e+00 1.0000e+05 6.2786e-05 2.5000e+00
1.9804e+01 1.0000e+05 8.6318e-10 1.0000e+00 1.0000e+05 8.6318e-05 2.5000e+00
2.0196e+01 1.0000e+05 1.1819e-09 1.0000e+00 1.0000e+05 1.1819e-04 2.5000e+00
2.0588e+01 1.0000e+05 1.6117e-09 1.0000e+00 1.0000e+05 1.6117e-04 2.5000e+00
2.0980e+01 1.0000e+05 2.1890e-09 1.0000e+00 1.0000e+05 2.1890e-04 2.5000e+00
2.1373e+01 1.0000e+05 2.9609e-09 9.9999e-01 1.0000e+05 2.9609e-04 2.5000e+00
2.1765e+01 1.0000e+05 3.9889e-09 9.9999e-01 1.0000e+05 3.9889e-04 2.5000e+00
2.2157e+01 1.0000e+05 5.3521e-09 9.9999e-01 1.0000e+05 5.3521e-04 2.5000e+00
2.2549e+01 1.0000e+05 7.1519e-09 9.9999e-01 1.0000e+05 7.1519e-04 2.5000e+00
2.2941e+01 1.0000e+05 9.5184e-09 9.9998e-01 1.0000e+05 9.5184e-04 2.5000e+00
2.3333e+01 1.0000e+05 1.2617e-08 9.9998e-01 1.0000e+05 1.2617e-03 2.4999e+00
2.3725e+01 1.0000e+05 1.6656e-08 9.9997e-01 1.0000e+05 1.6656e-03 2.4999e+00
2.4118e+01 1.0000e+05 2.1899e-08 9.9996e-01 1.0000e+05 2.1899e-03 2.4999e+00
2.4510e+01 1.0000e+05 2.8677e-08 9.9995e-01 1.0000e+05 2.8677e-03 2.4999e+00
2.4902e+01 1.0000e+05 3.7401e-08 9.9993e-01 1.0000e+05 3.7401e-03 2.4998e+00
2.5294e+01 1.0000e+05 4.8582e-08 9.9992e-01 1.0000e+05 4.8582e-03 2.4998e+00
2.5686e+01 1.0000e+05 6.2852e-08 9.9989e-01 1.0000e+05 6.2852e-03 2.4997e+00
2.6078e+01 1.0000e+05 8.0986e-08 9.9986e-01 1.0000e+05 8.0985e-03 2.4997e+00
2.6471e+01 9.9999e+04 1.0393e-07 9.9983e-01 9.9999e+04 1.0393e-02 2.4996e+00
2.6863e+01 9.9999e+04 1.3285e-07 9.9978e-01 9.9999e+04 1.3284e-02 2.4995e+00
2.7255e+01 9.9999e+04 1.6912e-07 9.9972e-01 9.9999e+04 1.6912e-02 2.4993e+00
2.7647e+01 9.9999e+04 2.1444e-07 9.9965e-01 9.9999e+04 2.1444e-02 2.4991e+00
2.8039e+01 9.9998e+04 2.7082e-07 9.9957e-01 9.9998e+04 2.7082e-02 2.4989e+00
2.8431e+01 9.9998e+04 3.4067e-07 9.9947e-01 9.9998e+04 3.4066e-02 2.4987e+00
2.8824e+01 9.9997e+04 4.2681e-07 9.9934e-01 9.9997e+04 4.2680e-02 2.4983e+00
2.9216e+01 9.9997e+04 5.3263e-07 9.9919e-01 9.9997e+04 5.3261e-02 2.4980e+00
2.9608e+01 9.9996e+04 6.6205e-07 9.9900e-01 9.9996e+04 6.6202e-02 2.4975e+00
3.0000e+01 9.9995e+04 8.1966e-07 9.9878e-01 9.9995e+04 8.1962e-02 2.4970e+00
3.0392e+01 9.9993e+04 1.0108e-06 9.9852e-01 9.9993e+04 1.0107e-01 2.4963e+00
3.0784e+01 9.9992e+04 1.2416e-06 9.9821e-01 9.9992e+04 1.2415e-01 2.4955e+00
3.1176e+01 9.9989e+04 1.5192e-06 9.9784e-01 9.9989e+04 1.5191e-01 2.4946e+00
3.1569e+01 9.9987e+04 1.8517e-06 9.9741e-01 9.9987e+04 1.8514e-01 2.4935e+00
3.1961e+01 9.9984e+04 2.2481e-06 9.9690e-01 9.9984e+04 2.2477e-01 2.4922e+00
3.2353e+01 9.9980e+04 2.7188e-06 9.9631e-01 9.9980e+04 2.7183e-01 2.4908e+00
3.2745e+01 9.9976e+04 3.2754e-06 9.9562e-01 9.9976e+04 3.2747e-01 2.4890e+00
3.3137e+01 9.9971e+04 3.9310e-06 9.9482e-01 9.9971e+04 3.9298e-01 2.4871e+00
3.3529e+01 9.9965e+04 4.6997e-06 9.9390e-01 9.9965e+04 4.6981e-01 2.4848e+00
3.3922e+01 9.9957e+04 5.5975e-06 9.9285e-01 9.9957e+04 5.5951e-01 2.4821e+00
3.4314e+01 9.9949e+04 6.6418e-06 9.9165e-01 9.9949e+04 6.6384e-01 2.4791e+00
3.4706e+01 9.9938e+04 7.8514e-06 9.9029e-01 9.9938e+04 7.8465e-01 2.4757e+00
3.5098e+01 9.9927e+04 9.2467e-06 9.8875e-01 9.9927e+04 9.2399e-01 2.4719e+00
3.5490e+01 9.9913e+04 1.0850e-05 9.8702e-01 9.9913e+04 1.0840e+00 2.4676e+00
3.5882e+01 9.9896e+04 1.2684e-05 9.8508e-01 9.9896e+04 1.2671e+00 2.4627e+00
3.6275e+01 9.9877e+04 1.4775e-05 9.8291e-01 9.9877e+04 1.4757e+00 2.4573e+00
3.6667e+01 9.9856e+04 1.7149e-05 9.8049e-01 9.9856e+04 1.7124e+00 2.4513e+00
3.7059e+01 9.9831e+04 1.9832e-05 9.7783e-01 9.9831e+04 1.9798e+00 2.4446e+00
3.7451e+01 9.9802e+04 2.2854e-05 9.7489e-01 9.9802e+04 2.2809e+00 2.4372e+00
3.7843e+01 9.9769e+04 2.6245e-05 9.7166e-01 9.9769e+04 2.6184e+00 2.4292e+00
3.8235e+01 9.9732e+04 3.0033e-05 9.6814e-01 9.9732e+04 2.9953e+00 2.4204e+00
3.8627e+01 9.9689e+04 3.4251e-05 9.6431e-01 9.9689e+04 3.4145e+00 2.4108e+00
3.9020e+01 9.9641e+04 3.8928e-05 9.6016e-01 9.9641e+04 3.8789e+00 2.4005e+00
3.9412e+01 9.9587e+04 4.4095e-05 9.5569e-01 9.9587e+04 4.3913e+00 2.3893e+00
3.9804e+01 9.9527e+04 4.9783e-05 9.5089e-01 9.9527e+04 4.9547e+00 2.3773e+00
4.0196e+01 9.9459e+04 5.6019e-05 9.4575e-01 9.9459e+04 5.5716e+00 2.3645e+00
4.0588e+01 9.9384e+04 6.2833e-05 9.4029e-01 9.9384e+04 6.2446e+00 2.3509e+00
4.0980e+01 9.9300e+04 7.0250e-05 9.3449e-01 9.9300e+04 6.9758e+00 2.3365e+00
4.1373e+01 9.9208e+04 7.8295e-05 9.2836e-01 9.9208e+04 7.7675e+00 2.3212e+00
4.1765e+01 9.9106e+04 8.6989e-05 9.2193e-01 9.9106e+04 8.6212e+00 2.3052e+00
4.2157e+01 9.8994e+04 9.6353e-05 9.1518e-01 9.8994e+04 9.5384e+00 2.2884e+00
4.2549e+01 9.8872e+04 1.0640e-04 9.0815e-01 9.8872e+04 1.0520e+01 2.2709e+00
4.2941e+01 9.8738e+04 1.1715e-04 9.0085e-01 9.8738e+04 1.1567e+01 2.2528e+00
4.3333e+01 9.8592e+04 1.2860e-04 8.9330e-01 9.8592e+04 1.2679e+01 2.2341e+00
4.3725e+01 9.8435e+04 1.4079e-04 8.8553e-01 9.8435e+04 1.3858e+01 2.2148e+00
4.4118e+01 9.8262e+04 1.5358e-04 8.7752e-01 9.8262e+04 1.5091e+01 2.1950e+00
4.4510e+01 9.8086e+04 1.6746e-04 8.6947e-01 9.8086e+04 1.6425e+01 2.1751e+00
4.4902e+01 9.7863e+04 1.8082e-04 8.6086e-01 9.7863e+04 1.7695e+01 2.1538e+00
4.5294e+01 9.7725e+04 1.9842e-04 8.5337e-01 9.7725e+04 1.9391e+01 2.1353e+00
4.5686e+01 9.7309e+04 2.0727e-04 8.4257e-01 9.7309e+04 2.0169e+01 2.1085e+00
4.6078e+01 9.7505e+04 2.3907e-04 8.3931e-01 9.7505e+04 2.3311e+01 2.1011e+00
4.6471e+01 9.6372e+04 2.2461e-04 8.2025e-01 9.6372e+04 2.1647e+01 2.0531e+00
4.6863e+01 9.7617e+04 2.9558e-04 8.2966e-01 9.7617e+04 2.8854e+01 2.0784e+00
4.7255e+01 9.5169e+04 2.3687e-04 7.9578e-01 9.5169e+04 2.2543e+01 1.9921e+00
4.7647e+01 9.7299e+04 3.4077e-04 8.1553e-01 9.7299e+04 3.3156e+01 2.0445e+00
4.8039e+01 9.5026e+04 2.9257e-04 7.8527e-01 9.5026e+04 2.7802e+01 1.9672e+00
4.8431e+01 9.5580e+04 3.4275e-04 7.8711e-01 9.5580e+04 3.2760e+01 1.9734e+00
4.8824e+01 9.5644e+04 3.5797e-04 7.7772e-01 9.5644e+04 3.4238e+01 1.9504e+00
4.9216e+01 8.9864e+04 3.8826e-04 7.7343e-01 8.9864e+04 3.4891e+01 1.9404e+00
4.9608e+01 1.2155e+05 3.8910e-04 7.5862e-01 1.2155e+05 4.7294e+01 1.9057e+00
5.0000e+01 3.9929e+04 4.0432e-04 7.5408e-01 3.9929e+04 1.6144e+01 1.8885e+00
5.0392e+01 1.3946e+04 4.3153e-04 7.5276e-01 1.3946e+04 6.0183e+00 1.8832e+00
5.0784e+01 9.3518e+03 5.3247e-04 7.5497e-01 9.3518e+03 4.9795e+00 1.8888e+00
5.1176e+01 9.3282e+03 6.1734e-04 7.5175e-01 9.3282e+03 5.7587e+00 1.8812e+00
5.1569e+01 9.7441e+03 6.7126e-04 7.4690e-01 9.7441e+03 6.5408e+00 1.8694e+00
5.1961e+01 1.0411e+04 7.9957e-04 7.5128e-01 1.0411e+04 8.3247e+00 1.8815e+00
5.2353e+01 1.0855e+04 9.1813e-04 7.5662e-01 1.0855e+04 9.9665e+00 1.8961e+00
5.2745e+01 1.1201e+04 9.5143e-04 7.5402e-01 1.1201e+04 1.0657e+01 1.8901e+00
5.3137e+01 1.1341e+04 9.3969e-04 7.4749e-01 1.1341e+04 1.0657e+01 1.8737e+00
5.3529e+01 1.1534e+04 9.6805e-04 7.4595e-01 1.1534e+04 1.1165e+01 1.8703e+00
5.3922e+01 1.1721e+04 1.0489e-03 7.5082e-01 1.1721e+04 1.2293e+01 1.8835e+00
5.4314e+01 1.1926e+04 1.1362e-03 7.5692e-01 1.1926e+04 1.3550e+01 1.9000e+00
5.4706e+01 1.2047e+04 1.1842e-03 7.5906e-01 1.2047e+04 1.4267e+01 1.9061e+00
5.5098e+01 1.2113e+04 1.1870e-03 7.5630e-01 1.2113e+04 1.4379e+01 1.8993e+00
5.5490e+01 1.2136e+04 1.1685e-03 7.5075e-01 1.2136e+04 1.4181e+01 1.8852e+00
5.5882e+01 1.2191e+04 1.1704e-03 7.4749e-01 1.2191e+04 1.4268e+01 1.8771e+00
5.6275e+01 1.2300e+04 1.2258e-03 7.5074e-01 1.2300e+04 1.5077e+01 1.8861e+00
5.6667e+01 1.2464e+04 1.3244e-03 7.5935e-01 1.2464e+04 1.6508e+01 1.9093e+00
5.7059e+01 1.2637e+04 1.4340e-03 7.6966e-01 1.2637e+04 1.8121e+01 1.9371e+00
5.7451e+01 1.2785e+04 1.5266e-03 7.7835e-01 1.2785e+04 1.9518e+01 1.9608e+00
5.7843e+01 1.2889e+04 1.5892e-03 7.8376e-01 1.2889e+04 2.0483e+01 1.9757e+00
5.8235e+01 1.2951e+04 1.6228e-03 7.8588e-01 1.2951e+04 2.1017e+01 1.9818e+00
5.8627e+01 1.2981e+04 1.6360e-03 7.8567e-01 1.2981e+04 2.1238e+01 1.9816e+00
5.9020e+01 1.2996e+04 1.6384e-03 7.8425e-01 1.2996e+04 2.1292e+01 1.9781e+00
5.9412e+01 1.3003e+04 1.6365e-03 7.8239e-01 1.3003e+04 2.1278e+01 1.9734e+00
5.9804e+01 1.3007e+04 1.6333e-03 7.8038e-01 1.3007e+04 2.1245e+01 1.9683e+00
6.0196e+01 1.3011e+04 1.6296e-03 7.7829e-01 1.3011e+04 2.1203e+01 1.9630e+00
6.0588e+01 1.3015e+04 1.6255e-03 7.7612e-01 1.3015e+04 2.1156e+01 1.9575e+00
6.0980e+01 1.3018e+04 1.6210e-03 7.7387e-01 1.3018e+04 2.1102e+01 1.9518e+00
6.1373e+01 1.3020e+04 1.6162e-03 7.7154e-01 1.3020e+04 2.1043e+01 1.9459e+00
6.1765e+01 1.3022e+04 1.6110e-03 7.6914e-01 1.3022e+04 2.0978e+01 1.9397e+00
6.2157e+01 1.3024e+04 1.6054e-03 7.6665e-01 1.3024e+04 2.0909e+01 1.9334e+00
6.2549e+01 1.3025e+04 1.5995e-03 7.6408e-01 1.3025e+04 2.0834e+01 1.9269e+00
6.2941e+01 1.3026e+04 1.5933e-03 7.6142e-01 1.3026e+04 2.0754e+01 1.9201e+00
6.3333e+01 1.3027e+04 1.5867e-03 7.5868e-01 1.3027e+04 2.0669e+01 1.9131e+00
6.3725e+01 1.3027e+04 1.5797e-03 7.5584e-01 1.3027e+04 2.0579e+01 1.9059e+00
6.4118e+01 1.3028e+04 1.5724e-03 7.5291e-01 1.3028e+04 2.0484e+01 1.8984e+00
6.4510e+01 1.3027e+04 1.5648e-03 7.4988e-01 1.3027e+04 2.0385e+01 1.8906e+00
6.4902e+01 1.3027e+04 1.5568e-03 7.4675e-01 1.3027e+04 2.0280e+01 1.8827e+00
6.5294e+01 1.3026e+04 1.5484e-03 7.4352e-01 1.3026e+04 2.0170e+01 1.8744e+00
6.5686e+01 1.3025e+04 1.5397e-03 7.4018e-01 1.3025e+04 2.0055e+01 1.8659e+00
6.6078e+01 1.3024e+04 1.5306e-03 7.3674e-01 1.3024e+04 1.9935e+01 1.8571e+00
6.6471e+01 1.3022e+04 1.5212e-03 7.3318e-01 1.3022e+04 1.9810e+01 1.8480e+00
6.6863e+01 1.3020e+04 1.5115e-03 7.2951e-01 1.3020e+04 1.9680e+01 1.8386e+00
6.7255e+01 1.3018e+04 1.5013e-03 7.2572e-01 1.3018e+04 1.9545e+01 1.8290e+00
6.7647e+01 1.3016e+04 1.4908e-03 7.2180e-01 1.3016e+04 1.9404e+01 1.8190e+00
6.8039e+01 1.3013e+04 1.4799e-03 7.1776e-01 1.3013e+04 1.9259e+01 1.8087e+00
6.8431e+01 1.3011e+04 1.4687e-03 7.1360e-01 1.3011e+04 1.9109e+01 1.7980e+00
6.8824e+01 1.3008e+04 1.4571e-03 7.0930e-01 1.3008e+04 1.8953e+01 1.7871e+00
6.9216e+01 1.3004e+04 1.4451e-03 7.0487e-01 1.3004e+04 1.8793e+01 1.7758e+00
6.9608e+01 1.3001e+04 1.4327e-03 7.0030e-01 1.3001e+04 1.8627e+01 1.7641e+00
7.0000e+01 1.2997e+04 1.4200e-03 6.9559e-01 1.2997e+04 1.8456e+01 1.7521e+00
7.0392e+01 1.2993e+04 1.4069e-03 6.9073e-01 1.2993e+04 1.8280e+01 1.7397e+00
7.0784e+01 1.2989e+04 1.3933e-03 6.8573e-01 1.2989e+04 1.8098e+01 1.7269e+00
7.1176e+01 1.2985e+04 1.3794e-03 6.8057e-01 1.2985e+04 1.7911e+01 1.7138e+00
7.1569e+01 1.2980e+04 1.3651e-03 6.7526e-01 1.2980e+04 1.7719e+01 1.7003e+00
7.1961e+01 1.2975e+04 1.3504e-03 6.6980e-01 1.2975e+04 1.7522e+01 1.6863e+00
7.2353e+01 1.2970e+04 1.3353e-03 6.6417e-01 1.2970e+04 1.7320e+01 1.6720e+00
7.2745e+01 1.2965e+04 1.3198e-03 6.5838e-01 1.2965e+04 1.7112e+01 1.6572e+00
7.3137e+01 1.2960e+04 1.3039e-03 6.5242e-01 1.2960e+04 1.6898e+01 1.6421e+00
7.3529e+01 1.2954e+04 1.2876e-03 6.4628e-01 1.2954e+04 1.6680e+01 1.6264e+00
7.3922e+01 1.2948e+04 1.2709e-03 6.3998e-01 1.2948e+04 1.6456e+01 1.6104e+00
7.4314e+01 1.2943e+04 1.2537e-03 6.3350e-01 1.2943e+04 1.6226e+01 1.5939e+00
7.4706e+01 1.2936e+04 1.2362e-03 6.2683e-01 1.2936e+04 1.5991e+01 1.5770e+00
7.5098e+01 1.2930e+04 1.2182e-03 6.1998e-01 1.2930e+04 1.5751e+01 1.5595e+00
7.5490e+01 1.2923e+04 1.1998e-03 6.1295e-01 1.2923e+04 1.5505e+01 1.5417e+00
7.5882e+01 1.2917e+04 1.1809e-03 6.0572e-01 1.2917e+04 1.5254e+01 1.5233e+00
7.6275e+01 1.2910e+04 1.1617e-03 5.9830e-01 1.2910e+04 1.4997e+01 1.5045e+00
7.6667e+01 1.2903e+04 1.1420e-03 5.9068e-01 1.2903e+04 1.4735e+01 1.4851e+00
7.7059e+01 1.2896e+04 1.1219e-03 5.8286e-01 1.2896e+04 1.4467e+01 1.4653e+00
7.7451e+01 1.2888e+04 1.1013e-03 5.7483e-01 1.2888e+04 1.4194e+01 1.4449e+00
7.7843e+01 1.2880e+04 1.0803e-03 5.6660e-01 1.2880e+04 1.3915e+01 1.4240e+00
7.8235e+01 1.2873e+04 1.0589e-03 5.5815e-01 1.2873e+04 1.3630e+01 1.4026e+00
7.8627e+01 1.2865e+04 1.0369e-03 5.4949e-01 1.2865e+04 1.3340e+01 1.3806e+00
7.9020e+01 1.2857e+04 1.0146e-03 5.4060e-01 1.2857e+04 1.3044e+01 1.3581e+00
7.9412e+01 1.2848e+04 9.9177e-04 5.3150e-01 1.2848e+04 1.2742e+01 1.3351e+00
7.9804e+01 1.2840e+04 9.6848e-04 5.2216e-01 1.2840e+04 1.2435e+01 1.3114e+00
8.0196e+01 1.2831e+04 9.4473e-04 5.1259e-01 1.2831e+04 1.2122e+01 1.2872e+00
8.0588e+01 1.2822e+04 9.2049e-04 5.0278e-01 1.2822e+04 1.1803e+01 1.2624e+00
8.0980e+01 1.2813e+04 8.9578e-04 4.9273e-01 1.2813e+04 1.1478e+01 1.2370e+00
8.1373e+01 1.2804e+04 8.7058e-04 4.8243e-01 1.2804e+04 1.1147e+01 1.2109e+00
8.1765e+01 1.2795e+04 8.4489e-04 4.7188e-01 1.2795e+04 1.0810e+01 1.1843e+00
8.2157e+01 1.2785e+04 8.1870e-04 4.6107e-01 1.2785e+04 1.0467e+01 1.1570e+00
8.2549e+01 1.2776e+04 7.9200e-04 4.5000e-01 1.2776e+04 1.0118e+01 1.1290e+00
8.2941e+01 1.2766e+04 7.6478e-04 4.3865e-01 1.2766e+04 9.7630e+00 1.1004e+00
8.3333e+01 1.2756e+04 7.3705e-04 4.2703e-01 1.2756e+04 9.4016e+00 1.0710e+00
8.3725e+01 1.2746e+04 7.0878e-04 4.1513e-01 1.2746e+04 9.0338e+00 1.0410e+00
8.4118e+01 1.2735e+04 6.7998e-04 4.0294e-01 1.2735e+04 8.6597e+00 1.0103e+00
8.4510e+01 1.2725e+04 6.5063e-04 3.9045e-01 1.2725e+04 8.2791e+00 9.7882e-01
8.4902e+01 1.2714e+04 6.2073e-04 3.7766e-01 1.2714e+04 7.8919e+00 9.4660e-01
8.5294e+01 1.2703e+04 5.9026e-04 3.6456e-01 1.2703e+04 7.4982e+00 9.1362e-01
8.5686e+01 1.2692e+04 5.5922e-04 3.5114e-01 1.2692e+04 7.0977e+00 8.7985e-01
8.6078e+01 1.2681e+04 5.2760e-04 3.3740e-01 1.2681e+04 6.6905e+00 8.4527e-01
8.6471e+01 1.2669e+04 4.9539e-04 3.2333e-01 1.2669e+04 6.2763e+00 8.0987e-01
8.6863e+01 1.2658e+04 4.6257e-04 3.0891e-01 1.2658e+04 5.8552e+00 7.7363e-01
8.7255e+01 1.2646e+04 4.2914e-04 2.9414e-01 1.2646e+04 5.4270e+00 7.3653e-01
8.7647e+01 1.2634e+04 3.9509e-04 2.7902e-01 1.2634e+04 4.9917e+00 6.9854e-01
8.8039e+01 1.2622e+04 3.6040e-04 2.6353e-01 1.2622e+04 4.5491e+00 6.5964e-01
8.8431e+01 1.2610e+04 3.2507e-04 2.4766e-01 1.2610e+04 4.0991e+00 6.1982e-01
8.8824e+01 1.2598e+04 2.8909e-04 2.3141e-01 1.2598e+04 3.6419e+00 5.7906e-01
8.9216e+01 1.2585e+04 2.5250e-04 2.1479e-01 1.2585e+04 3.1777e+00 5.3738e-01
8.9608e+01 1.2572e+04 2.1538e-04 1.9784e-01 1.2572e+04 2.7079e+00 4.9489e-01
9.0000e+01 1.2560e+04 1.7802e-04 1.8067e-01 1.2560e+04 2.2359e+00 4.5188e-01
9.0392e+01 1.2547e+04 1.4105e-04 1.6360e-01 1.2547e+04 1.7697e+00 4.0913e-01
9.0784e+01 1.2535e+04 1.0569e-04 1.4723e-01 1.2535e+04 1.3248e+00 3.6815e-01
9.1176e+01 1.2525e+04 7.3803e-05 1.3252e-01 1.2525e+04 9.2438e-01 3.3132e-01
9.1569e+01 1.2516e+04 4.7447e-05 1.2050e-01 1.2516e+04 5.9385e-01 3.0125e-01
9.1961e+01 1.2510e+04 2.7937e-05 1.1179e-01 1.2510e+04 3.4948e-01 2.7949e-01
9.2353e+01 1.2505e+04 1.5146e-05 1.0626e-01 1.2505e+04 1.8941e-01 2.6564e-01
9.2745e+01 1.2503e+04 7.6756e-06 1.0312e-01 1.2503e+04 9.5966e-02 2.5779e-01
9.3137e+01 1.2501e+04 3.7079e-06 1.0149e-01 1.2501e+04 4.6354e-02 2.5372e-01
9.3529e+01 1.2501e+04 1.7385e-06 1.0069e-01 1.2501e+04 2.1732e-02 2.5174e-01
9.3922e+01 1.2500e+04 8.0134e-07 1.0032e-01 1.2500e+04 1.0017e-02 2.5080e-01
9.4314e+01 1.2500e+04 3.6593e-07 1.0015e-01 1.2500e+04 4.5741e-03 2.5036e-01
9.4706e+01 1.2500e+04 1.6621e-07 1.0007e-01 1.2500e+04 2.0777e-03 2.5017e-01
9.5098e+01 1.2500e+04 7.5249e-08 1.0003e-01 1.2500e+04 9.4062e-04 2.5008e-01
9.5490e+01 1.2500e+04 3.3986e-08 1.0001e-01 1.2500e+04 4.2482e-04 2.5003e-01
9.5882e+01 1.2500e+04 1.5319e-08 1.0001e-01 1.2500e+04 1.9149e-04 2.5002e-01
9.6275e+01 1.2500e+04 6.8932e-09 1.0000e-01 1.2500e+04 8.6165e-05 2.5001e-01
9.6667e+01 1.2500e+04 3.0965e-09 1.0000e-01 1.2500e+04 3.8706e-05 2.5000e-01
9.7059e+01 1.2500e+04 1.3887e-09 1.0000e-01 1.2500e+04 1.7358e-05 2.5000e-01
9.7451e+01 1.2500e+04 6.2175e-10 1.0000e-01 1.2500e+04 7.7719e-06 2.5000e-01
9.7843e+01 1.2500e+04 2.7793e-10 1.0000e-01 1.2500e+04 3.4741e-06 2.5000e-01
9.8235e+01 1.2500e+04 1.2405e-10 1.0000e-01 1.2500e+04 1.5507e-06 2.5000e-01
9.8627e+01 1.2500e+04 5.5320e-11 1.0000e-01 1.2500e+04 6.9150e-07 2.5000e-01
9.9020e+01 1.2500e+04 2.4716e-11 1.0000e-01 1.2500e+04 3.0896e-07 2.5000e-01
9.9412e+01 1.2500e+04 1.1201e-11 1.0000e-01 1.2500e+04 1.4001e-07 2.5000e-01
9.9804e+01 1.2500e+04 5.6463e-12 1.0000e-01 1.2500e+04 7.0578e-08 2.5000e-01
