# # x Density Velocity Pressure q0 q1 q2
1.9608e-01 1.0000e+05 0.0000e+00 1.0000e+00 1.0000e+05 0.0000e+00 2.5000e+00
5.8824e-01 1.0000e+05 1.4863e-19 1.0000e+00 1.0000e+05 1.4863e-14 2.5000e+00
9.8039e-01 1.0000e+05 1.2881e-18 1.0000e+00 1.0000e+05 1.2881e-13 2.5000e+00
1.3725e+00 1.0000e+05 4.4496e-18 1.0000e+00 1.0000e+05 4.4496e-13 2.5000e+00
1.7647e+00 1.0000e+05 9.6740e-18 1.0000e+00 1.0000e+05 9.6740e-13 2.5000e+00
2.1569e+00 1.0000e+05 1.6960e-17 1.0000e+00 1.0000e+05 1.6960e-12 2.5000e+00
2.5490e+00 1.0000e+05 2.6514e-17 1.0000e+00 1.0000e+05 2.6514e-12 2.5000e+00
2.9412e+00 1.0000e+05 3.9929e-17 1.0000e+00 1.0000e+05 3.9929e-12 2.5000e+00
3.3333e+00 1.0000e+05 5.9707e-17 1.0000e+00 1.0000e+05 5.9707e-12 2.5000e+00
3.7255e+00 1.0000e+05 8.8775e-17 1.0000e+00 1.0000e+05 8.8775e-12 2.5000e+00
4.1176e+00 1.0000e+05 1.3381e-16 1.0000e+00 1.0000e+05 1.3381e-11 2.5000e+00
4.5098e+00 1.0000e+05 2.0426e-16 1.0000e+00 1.0000e+05 2.0426e-11 2.5000e+00
4.9020e+00 1.0000e+05 3.1499e-16 1.0000e+00 1.0000e+05 3.1499e-11 2.5000e+00
5.2941e+00 1.0000e+05 4.8972e-16 1.0000e+00 1.0000e+05 4.8972e-11 2.5000e+00
5.6863e+00 1.0000e+05 7.6491e-16 1.0000e+00 1.0000e+05 7.6491e-11 2.5000e+00
6.0784e+00 1.0000e+05 1.1968e-15 1.0000e+00 1.0000e+05 1.1968e-10 2.5000e+00
6.4706e+00 1.0000e+05 1.8726e-15 1.0000e+00 1.0000e+05 1.8726e-10 2.5000e+00
6.8627e+00 1.0000e+05 2.9256e-15 1.0000e+00 1.0000e+05 2.9256e-10 2.5000e+00
7.2549e+00 1.0000e+05 4.5600e-15 1.0000e+00 1.0000e+05 4.5600e-10 2.5000e+00
7.6471e+00 1.0000e+05 7.0852e-15 1.0000e+00 1.0000e+05 7.0852e-10 2.5000e+00
8.0392e+00 1.0000e+05 1.0971e-14 1.0000e+00 1.0000e+05 1.0971e-09 2.5000e+00
8.4314e+00 1.0000e+05 1.6929e-14 1.0000e+00 1.0000e+05 1.6929e-09 2.5000e+00
8.8235e+00 1.0000e+05 2.6023e-14 1.0000e+00 1.0000e+05 2.6023e-09 2.5000e+00
9.2157e+00 1.0000e+05 3.9848e-14 1.0000e+00 1.0000e+05 3.9848e-09 2.5000e+00
9.6078e+00 1.0000e+05 6.0782e-14 1.0000e+00 1.0000e+05 6.0782e-09 2.5000e+00
1.0000e+01 1.0000e+05 9.2352e-14 1.0000e+00 1.0000e+05 9.2352e-09 2.5000e+00
1.0392e+01 1.0000e+05 1.3977e-13 1.0000e+00 1.0000e+05 1.3977e-08 2.5000e+00
1.0784e+01 1.0000e+05 2.1070e-13 1.0000e+00 1.0000e+05 2.1070e-08 2.5000e+00
1.1176e+01 1.0000e+05 3.1636e-13 1.0000e+00 1.0000e+05 3.1636e-08 2.5000e+00
1.1569e+01 1.0000e+05 4.7313e-13 1.0000e+00 1.0000e+05 4.7313e-08 2.5000e+00
1.1961e+01 1.0000e+05 7.0476e-13 1.0000e+00 1.0000e+05 7.0476e-08 2.5000e+00
1.2353e+01 1.0000e+05 1.0456e-12 1.0000e+00 1.0000e+05 1.0456e-07 2.5000e+00
1.2745e+01 1.0000e+05 1.5451e-12 1.0000e+00 1.0000e+05 1.5451e-07 2.5000e+00
1.3137e+01 1.0000e+05 2.2741e-12 1.0000e+00 1.0000e+05 2.2741e-07 2.5000e+00
1.3529e+01 1.0000e+05 3.3337e-12 1.0000e+00 1.0000e+05 3.3337e-07 2.5000e+00
1.3922e+01 1.0000e+05 4.8675e-12 1.0000e+00 1.0000e+05 4.8675e-07 2.5000e+00
1.4314e+01 1.0000e+05 7.0783e-12 1.0000e+00 1.0000e+05 7.0783e-07 2.5000e+00
1.4706e+01 1.0000e+05 1.0252e-11 1.0000e+00 1.0000e+05 1.0252e-06 2.5000e+00
1.5098e+01 1.0000e+05 1.4789e-11 1.0000e+00 1.0000e+05 1.4789e-06 2.5000e+00
1.5490e+01 1.0000e+05 2.1249e-11 1.0000e+00 1.0000e+05 2.1249e-06 2.5000e+00
1.5882e+01 1.0000e+05 3.0406e-11 1.0000e+00 1.0000e+05 3.0406e-06 2.5000e+00
1.6275e+01 1.0000e+05 4.3336e-11 1.0000e+00 1.0000e+05 4.3336e-06 2.5000e+00
1.6667e+01 1.0000e+05 6.1515e-11 1.0000e+00 1.0000e+05 6.1515e-06 2.5000e+00
1.7059e+01 1.0000e+05 8.6967e-11 1.0000e+00 1.0000e+05 8.6967e-06 2.5000e+00
1.7451e+01 1.0000e+05 1.2246e-10 1.0000e+00 1.0000e+05 1.2246e-05 2.5000e+00
1.7843e+01 1.0000e+05 1.7173e-10 1.0000e+00 1.0000e+05 1.7173e-05 2.5000e+00
1.8235e+01 1.0000e+05 2.3986e-10 1.0000e+00 1.0000e+05 2.3986e-05 2.5000e+00
1.8627e+01 1.0000e+05 3.3366e-10 1.0000e+00 1.0000e+05 3.3366e-05 2.5000e+00
1.9020e+01 1.0000e+05 4.6227e-10 1.0000e+00 1.0000e+05 4.6227e-05 2.5000e+00
1.9412e+01 1.0000e+05 6.3787e-10 1.0000e+00 1.0000e+05 6.3787e-05 2.5000e+00
1.9804e+01 1.0000e+05 8.7661e-10 1.0000e+00 1.0000e+05 8.7661e-05 2.5000e+00
2.0196e+01 1.0000e+05 1.1998e-09 1.0000e+00 1.0000e+05 1.1998e-04 2.5000e+00
2.0588e+01 1.0000e+05 1.6356e-09 1.0000e+00 1.0000e+05 1.6356e-04 2.5000e+00
2.0980e+01 1.0000e+05 2.2206e-09 1.0000e+00 1.0000e+05 2.2206e-04 2.5000e+00
2.1373e+01 1.0000e+05 3.0026e-09 9.9999e-01 1.0000e+05 3.0026e-04 2.5000e+00
2.1765e+01 1.0000e+05 4.0437e-09 9.9999e-01 1.0000e+05 4.0437e-04 2.5000e+00
2.2157e+01 1.0000e+05 5.4236e-09 9.9999e-01 1.0000e+05 5.4236e-04 2.5000e+00
2.2549e+01 1.0000e+05 7.2450e-09 9.9999e-01 1.0000e+05 7.2450e-04 2.5000e+00
2.2941e+01 1.0000e+05 9.6390e-09 9.9998e-01 1.0000e+05 9.6390e-04 2.5000e+00
2.3333e+01 1.0000e+05 1.2772e-08 9.9998e-01 1.0000e+05 1.2772e-03 2.4999e+00
2.3725e+01 1.0000e+05 1.6856e-08 9.9997e-01 1.0000e+05 1.6856e-03 2.4999e+00
2.4118e+01 1.0000e+05 2.2155e-08 9.9996e-01 1.0000e+05 2.2155e-03 2.4999e+00
2.4510e+01 1.0000e+05 2.9002e-08 9.9995e-01 1.0000e+05 2.9002e-03 2.4999e+00
2.4902e+01 1.0000e+05 3.7813e-08 9.9993e-01 1.0000e+05 3.7813e-03 2.4998e+00
2.5294e+01 1.0000e+05 4.9102e-08 9.9991e-01 1.0000e+05 4.9102e-03 2.4998e+00
2.5686e+01 1.0000e+05 6.3505e-08 9.9989e-01 1.0000e+05 6.3505e-03 2.4997e+00
2.6078e+01 1.0000e+05 8.1803e-08 9.9986e-01 1.0000e+05 8.1802e-03 2.4997e+00
2.6471e+01 9.9999e+04 1.0495e-07 9.9982e-01 9.9999e+04 1.0495e-02 2.4996e+00
2.6863e+01 9.9999e+04 1.3411e-07 9.9978e-01 9.9999e+04 1.3411e-02 2.4994e+00
2.7255e+01 9.9999e+04 1.7068e-07 9.9972e-01 9.9999e+04 1.7068e-02 2.4993e+00
2.7647e+01 9.9999e+04 2.1635e-07 9.9965e-01 9.9999e+04 2.1635e-02 2.4991e+00
2.8039e+01 9.9998e+04 2.7316e-07 9.9957e-01 9.9998e+04 2.7316e-02 2.4989e+00
2.8431e+01 9.9998e+04 3.4351e-07 9.9946e-01 9.9998e+04 3.4350e-02 2.4987e+00
2.8824e+01 9.9997e+04 4.3026e-07 9.9933e-01 9.9997e+04 4.3025e-02 2.4983e+00
2.9216e+01 9.9997e+04 5.3679e-07 9.9918e-01 9.9997e+04 5.3677e-02 2.4980e+00
2.9608e+01 9.9996e+04 6.6705e-07 9.9900e-01 9.9996e+04 6.6702e-02 2.4975e+00
3.0000e+01 9.9994e+04 8.2565e-07 9.9878e-01 9.9994e+04 8.2560e-02 2.4969e+00
3.0392e+01 9.9993e+04 1.0179e-06 9.9851e-01 9.9993e+04 1.0179e-01 2.4963e+00
3.0784e+01 9.9991e+04 1.2501e-06 9.9820e-01 9.9991e+04 1.2500e-01 2.4955e+00
3.1176e+01 9.9989e+04 1.5292e-06 9.9783e-01 9.9989e+04 1.5291e-01 2.4946e+00
3.1569e+01 9.9987e+04 1.8634e-06 9.9739e-01 9.9987e+04 1.8631e-01 2.4935e+00
3.1961e+01 9.9984e+04 2.2618e-06 9.9688e-01 9.9984e+04 2.2614e-01 2.4922e+00
3.2353e+01 9.9980e+04 2.7347e-06 9.9629e-01 9.9980e+04 2.7342e-01 2.4907e+00
3.2745e+01 9.9976e+04 3.2939e-06 9.9560e-01 9.9976e+04 3.2931e-01 2.4890e+00
3.3137e+01 9.9971e+04 3.9523e-06 9.9480e-01 9.9971e+04 3.9511e-01 2.4870e+00
3.3529e+01 9.9964e+04 4.7242e-06 9.9388e-01 9.9964e+04 4.7226e-01 2.4847e+00
3.3922e+01 9.9957e+04 5.6256e-06 9.9282e-01 9.9957e+04 5.6232e-01 2.4821e+00
3.4314e+01 9.9948e+04 6.6737e-06 9.9162e-01 9.9948e+04 6.6703e-01 2.4791e+00
3.4706e+01 9.9938e+04 7.8876e-06 9.9026e-01 9.9938e+04 7.8827e-01 2.4756e+00
3.5098e+01 9.9926e+04 9.2876e-06 9.8871e-01 9.9926e+04 9.2808e-01 2.4718e+00
3.5490e+01 9.9912e+04 1.0896e-05 9.8697e-01 9.9912e+04 1.0886e+00 2.4674e+00
3.5882e+01 9.9896e+04 1.2736e-05 9.8503e-01 9.9896e+04 1.2723e+00 2.4626e+00
3.6275e+01 9.9877e+04 1.4833e-05 9.8285e-01 9.9877e+04 1.4814e+00 2.4571e+00
3.6667e+01 9.9855e+04 1.7212e-05 9.8044e-01 9.9855e+04 1.7187e+00 2.4511e+00
3.7059e+01 9.9830e+04 1.9902e-05 9.7777e-01 9.9830e+04 1.9868e+00 2.4444e+00
3.7451e+01 9.9801e+04 2.2932e-05 9.7482e-01 9.9801e+04 2.2886e+00 2.4371e+00
3.7843e+01 9.9768e+04 2.6329e-05 9.7159e-01 9.9768e+04 2.6268e+00 2.4290e+00
3.8235e+01 9.9731e+04 3.0126e-05 9.6807e-01 9.9731e+04 3.0044e+00 2.4202e+00
3.8627e+01 9.9688e+04 3.4351e-05 9.6423e-01 9.9688e+04 3.4244e+00 2.4106e+00
3.9020e+01 9.9640e+04 3.9036e-05 9.6008e-01 9.9640e+04 3.8896e+00 2.4003e+00
3.9412e+01 9.9586e+04 4.4212e-05 9.5561e-01 9.9586e+04 4.4029e+00 2.3891e+00
3.9804e+01 9.9525e+04 4.9908e-05 9.5080e-01 9.9525e+04 4.9671e+00 2.3771e+00
4.0196e+01 9.9458e+04 5.6152e-05 9.4566e-01 9.9458e+04 5.5848e+00 2.3643e+00
4.0588e+01 9.9382e+04 6.2974e-05 9.4019e-01 9.9382e+04 6.2585e+00 2.3507e+00
4.0980e+01 9.9299e+04 7.0400e-05 9.3439e-01 9.9299e+04 6.9906e+00 2.3362e+00
4.1373e+01 9.9206e+04 7.8453e-05 9.2827e-01 9.9206e+04 7.7830e+00 2.3210e+00
4.1765e+01 9.9104e+04 8.7155e-05 9.2183e-01 9.9104e+04 8.6374e+00 2.3049e+00
4.2157e+01 9.8992e+04 9.6526e-05 9.1509e-01 9.8992e+04 9.5553e+00 2.2882e+00
4.2549e+01 9.8869e+04 1.0658e-04 9.0806e-01 9.8869e+04 1.0538e+01 2.2707e+00
4.2941e+01 9.8735e+04 1.1734e-04 9.0076e-01 9.8735e+04 1.1585e+01 2.2526e+00
4.3333e+01 9.8589e+04 1.2879e-04 8.9320e-01 9.8589e+04 1.2697e+01 2.2338e+00
4.3725e+01 9.8432e+04 1.4099e-04 8.8544e-01 9.8432e+04 1.3877e+01 2.2146e+00
4.4118e+01 9.8258e+04 1.5378e-04 8.7743e-01 9.8258e+04 1.5110e+01 2.1947e+00
4.4510e+01 9.8083e+04 1.6767e-04 8.6939e-01 9.8083e+04 1.6445e+01 2.1748e+00
4.4902e+01 9.7859e+04 1.8102e-04 8.6078e-01 9.7859e+04 1.7714e+01 2.1535e+00
4.5294e+01 9.7721e+04 1.9866e-04 8.5329e-01 9.7721e+04 1.9413e+01 2.1352e+00
4.5686e+01 9.7304e+04 2.0744e-04 8.4248e-01 9.7304e+04 2.0185e+01 2.1083e+00
4.6078e+01 9.7503e+04 2.3936e-04 8.3927e-01 9.7503e+04 2.3338e+01 2.1010e+00
4.6471e+01 9.6365e+04 2.2472e-04 8.2015e-01 9.6365e+04 2.1655e+01 2.0528e+00
4.6863e+01 9.7616e+04 2.9590e-04 8.2963e-01 9.7616e+04 2.8884e+01 2.0784e+00
4.7255e+01 9.5164e+04 2.3704e-04 7.9571e-01 9.5164e+04 2.2557e+01 1.9920e+00
4.7647e+01 9.7292e+04 3.4089e-04 8.1546e-01 9.7292e+04 3.3166e+01 2.0443e+00
4.8039e+01 9.5026e+04 2.9295e-04 7.8528e-01 9.5026e+04 2.7838e+01 1.9673e+00
4.8431e+01 9.5572e+04 3.4283e-04 7.8703e-01 9.5572e+04 3.2765e+01 1.9732e+00
4.8824e+01 9.5641e+04 3.5813e-04 7.7768e-01 9.5641e+04 3.4252e+01 1.9503e+00
4.9216e+01 8.9848e+04 3.8851e-04 7.7343e-01 8.9848e+04 3.4907e+01 1.9403e+00
4.9608e+01 1.2157e+05 3.8932e-04 7.5860e-01 1.2157e+05 4.7330e+01 1.9057e+00
5.0000e+01 3.9982e+04 4.0451e-04 7.5406e-01 3.9982e+04 1.6173e+01 1.8884e+00
5.0392e+01 1.3961e+04 4.3130e-04 7.5268e-01 1.3961e+04 6.0212e+00 1.8830e+00
5.0784e+01 9.3521e+03 5.3235e-04 7.5492e-01 9.3521e+03 4.9786e+00 1.8886e+00
5.1176e+01 9.3262e+03 6.1839e-04 7.5183e-01 9.3262e+03 5.7672e+00 1.8813e+00
5.1569e+01 9.7408e+03 6.7121e-04 7.4686e-01 9.7408e+03 6.5381e+00 1.8693e+00
5.1961e+01 1.0407e+04 7.9819e-04 7.5111e-01 1.0407e+04 8.3067e+00 1.8811e+00
5.2353e+01 1.0852e+04 9.1766e-04 7.5654e-01 1.0852e+04 9.9587e+00 1.8959e+00
5.2745e+01 1.1201e+04 9.5246e-04 7.5410e-01 1.1201e+04 1.0668e+01 1.8903e+00
5.3137e+01 1.1341e+04 9.4061e-04 7.4756e-01 1.1341e+04 1.0667e+01 1.8739e+00
5.3529e+01 1.1532e+04 9.6757e-04 7.4587e-01 1.1532e+04 1.1158e+01 1.8701e+00
5.3922e+01 1.1718e+04 1.0475e-03 7.5063e-01 1.1718e+04 1.2274e+01 1.8830e+00
5.4314e+01 1.1923e+04 1.1351e-03 7.5677e-01 1.1923e+04 1.3534e+01 1.8996e+00
5.4706e+01 1.2046e+04 1.1842e-03 7.5902e-01 1.2046e+04 1.4265e+01 1.9060e+00
5.5098e+01 1.2113e+04 1.1879e-03 7.5635e-01 1.2113e+04 1.4390e+01 1.8994e+00
5.5490e+01 1.2137e+04 1.1694e-03 7.5086e-01 1.2137e+04 1.4193e+01 1.8854e+00
5.5882e+01 1.2190e+04 1.1703e-03 7.4747e-01 1.2190e+04 1.4266e+01 1.8770e+00
5.6275e+01 1.2298e+04 1.2243e-03 7.5056e-01 1.2298e+04 1.5056e+01 1.8856e+00
5.6667e+01 1.2460e+04 1.3221e-03 7.5907e-01 1.2460e+04 1.6474e+01 1.9086e+00
5.7059e+01 1.2633e+04 1.4317e-03 7.6937e-01 1.2633e+04 1.8087e+01 1.9364e+00
5.7451e+01 1.2782e+04 1.5249e-03 7.7813e-01 1.2782e+04 1.9492e+01 1.9602e+00
5.7843e+01 1.2887e+04 1.5883e-03 7.8362e-01 1.2887e+04 2.0468e+01 1.9753e+00
5.8235e+01 1.2950e+04 1.6225e-03 7.8582e-01 1.2950e+04 2.1012e+01 1.9816e+00
5.8627e+01 1.2981e+04 1.6362e-03 7.8566e-01 1.2981e+04 2.1239e+01 1.9815e+00
5.9020e+01 1.2996e+04 1.6387e-03 7.8426e-01 1.2996e+04 2.1296e+01 1.9781e+00
5.9412e+01 1.3003e+04 1.6369e-03 7.8241e-01 1.3003e+04 2.1284e+01 1.9734e+00
5.9804e+01 1.3007e+04 1.6337e-03 7.8041e-01 1.3007e+04 2.1251e+01 1.9684e+00
6.0196e+01 1.3011e+04 1.6301e-03 7.7832e-01 1.3011e+04 2.1209e+01 1.9631e+00
6.0588e+01 1.3015e+04 1.6260e-03 7.7616e-01 1.3015e+04 2.1162e+01 1.9576e+00
6.0980e+01 1.3018e+04 1.6215e-03 7.7391e-01 1.3018e+04 2.1108e+01 1.9519e+00
6.1373e+01 1.3020e+04 1.6167e-03 7.7159e-01 1.3020e+04 2.1049e+01 1.9460e+00
6.1765e+01 1.3022e+04 1.6115e-03 7.6919e-01 1.3022e+04 2.0985e+01 1.9399e+00
6.2157e+01 1.3024e+04 1.6059e-03 7.6671e-01 1.3024e+04 2.0916e+01 1.9336e+00
6.2549e+01 1.3025e+04 1.6000e-03 7.6414e-01 1.3025e+04 2.0841e+01 1.9270e+00
6.2941e+01 1.3027e+04 1.5938e-03 7.6149e-01 1.3027e+04 2.0762e+01 1.9203e+00
6.3333e+01 1.3027e+04 1.5872e-03 7.5875e-01 1.3027e+04 2.0677e+01 1.9133e+00
6.3725e+01 1.3028e+04 1.5803e-03 7.5592e-01 1.3028e+04 2.0587e+01 1.9061e+00
6.4118e+01 1.3028e+04 1.5730e-03 7.5300e-01 1.3028e+04 2.0493e+01 1.8986e+00
6.4510e+01 1.3028e+04 1.5654e-03 7.4998e-01 1.3028e+04 2.0393e+01 1.8909e+00
6.4902e+01 1.3027e+04 1.5574e-03 7.4686e-01 1.3027e+04 2.0288e+01 1.8829e+00
6.5294e+01 1.3026e+04 1.5491e-03 7.4363e-01 1.3026e+04 2.0179e+01 1.8747e+00
6.5686e+01 1.3025e+04 1.5404e-03 7.4030e-01 1.3025e+04 2.0064e+01 1.8662e+00
6.6078e+01 1.3024e+04 1.5314e-03 7.3687e-01 1.3024e+04 1.9945e+01 1.8574e+00
6.6471e+01 1.3022e+04 1.5220e-03 7.3332e-01 1.3022e+04 1.9820e+01 1.8484e+00
6.6863e+01 1.3021e+04 1.5122e-03 7.2965e-01 1.3021e+04 1.9690e+01 1.8390e+00
6.7255e+01 1.3019e+04 1.5021e-03 7.2587e-01 1.3019e+04 1.9555e+01 1.8294e+00
6.7647e+01 1.3016e+04 1.4916e-03 7.2197e-01 1.3016e+04 1.9416e+01 1.8194e+00
6.8039e+01 1.3014e+04 1.4808e-03 7.1794e-01 1.3014e+04 1.9271e+01 1.8091e+00
6.8431e+01 1.3011e+04 1.4696e-03 7.1378e-01 1.3011e+04 1.9121e+01 1.7985e+00
6.8824e+01 1.3008e+04 1.4580e-03 7.0950e-01 1.3008e+04 1.8965e+01 1.7876e+00
6.9216e+01 1.3005e+04 1.4460e-03 7.0508e-01 1.3005e+04 1.8805e+01 1.7763e+00
6.9608e+01 1.3001e+04 1.4337e-03 7.0052e-01 1.3001e+04 1.8640e+01 1.7647e+00
7.0000e+01 1.2998e+04 1.4210e-03 6.9582e-01 1.2998e+04 1.8469e+01 1.7527e+00
7.0392e+01 1.2994e+04 1.4079e-03 6.9098e-01 1.2994e+04 1.8293e+01 1.7403e+00
7.0784e+01 1.2990e+04 1.3944e-03 6.8598e-01 1.2990e+04 1.8112e+01 1.7276e+00
7.1176e+01 1.2985e+04 1.3805e-03 6.8084e-01 1.2985e+04 1.7926e+01 1.7145e+00
7.1569e+01 1.2981e+04 1.3662e-03 6.7555e-01 1.2981e+04 1.7734e+01 1.7010e+00
7.1961e+01 1.2976e+04 1.3516e-03 6.7009e-01 1.2976e+04 1.7538e+01 1.6871e+00
7.2353e+01 1.2971e+04 1.3365e-03 6.6448e-01 1.2971e+04 1.7335e+01 1.6728e+00
7.2745e+01 1.2966e+04 1.3210e-03 6.5870e-01 1.2966e+04 1.7128e+01 1.6581e+00
7.3137e+01 1.2960e+04 1.3051e-03 6.5276e-01 1.2960e+04 1.6915e+01 1.6429e+00
7.3529e+01 1.2955e+04 1.2889e-03 6.4664e-01 1.2955e+04 1.6697e+01 1.6274e+00
7.3922e+01 1.2949e+04 1.2722e-03 6.4035e-01 1.2949e+04 1.6473e+01 1.6114e+00
7.4314e+01 1.2943e+04 1.2551e-03 6.3389e-01 1.2943e+04 1.6244e+01 1.5949e+00
7.4706e+01 1.2937e+04 1.2375e-03 6.2724e-01 1.2937e+04 1.6010e+01 1.5780e+00
7.5098e+01 1.2931e+04 1.2196e-03 6.2041e-01 1.2931e+04 1.5770e+01 1.5606e+00
7.5490e+01 1.2924e+04 1.2012e-03 6.1339e-01 1.2924e+04 1.5525e+01 1.5428e+00
7.5882e+01 1.2917e+04 1.1824e-03 6.0618e-01 1.2917e+04 1.5274e+01 1.5245e+00
7.6275e+01 1.2911e+04 1.1632e-03 5.9878e-01 1.2911e+04 1.5018e+01 1.5057e+00
7.6667e+01 1.2903e+04 1.1436e-03 5.9118e-01 1.2903e+04 1.4756e+01 1.4864e+00
7.7059e+01 1.2896e+04 1.1235e-03 5.8338e-01 1.2896e+04 1.4489e+01 1.4666e+00
7.7451e+01 1.2889e+04 1.1030e-03 5.7537e-01 1.2889e+04 1.4216e+01 1.4463e+00
7.7843e+01 1.2881e+04 1.0820e-03 5.6716e-01 1.2881e+04 1.3938e+01 1.4254e+00
7.8235e+01 1.2873e+04 1.0606e-03 5.5874e-01 1.2873e+04 1.3654e+01 1.4041e+00
7.8627e+01 1.2865e+04 1.0387e-03 5.5010e-01 1.2865e+04 1.3364e+01 1.3822e+00
7.9020e+01 1.2857e+04 1.0164e-03 5.4123e-01 1.2857e+04 1.3068e+01 1.3597e+00
7.9412e+01 1.2849e+04 9.9365e-04 5.3215e-01 1.2849e+04 1.2767e+01 1.3367e+00
7.9804e+01 1.2841e+04 9.7041e-04 5.2284e-01 1.2841e+04 1.2461e+01 1.3131e+00
8.0196e+01 1.2832e+04 9.4670e-04 5.1329e-01 1.2832e+04 1.2148e+01 1.2890e+00
8.0588e+01 1.2823e+04 9.2252e-04 5.0351e-01 1.2823e+04 1.1830e+01 1.2642e+00
8.0980e+01 1.2814e+04 8.9786e-04 4.9349e-01 1.2814e+04 1.1505e+01 1.2389e+00
8.1373e+01 1.2805e+04 8.7271e-04 4.8321e-01 1.2805e+04 1.1175e+01 1.2129e+00
8.1765e+01 1.2796e+04 8.4707e-04 4.7269e-01 1.2796e+04 1.0839e+01 1.1863e+00
8.2157e+01 1.2786e+04 8.2093e-04 4.6191e-01 1.2786e+04 1.0496e+01 1.1591e+00
8.2549e+01 1.2776e+04 7.9428e-04 4.5086e-01 1.2776e+04 1.0148e+01 1.1312e+00
8.2941e+01 1.2767e+04 7.6712e-04 4.3955e-01 1.2767e+04 9.7936e+00 1.1026e+00
8.3333e+01 1.2757e+04 7.3944e-04 4.2796e-01 1.2757e+04 9.4328e+00 1.0734e+00
8.3725e+01 1.2746e+04 7.1124e-04 4.1609e-01 1.2746e+04 9.0657e+00 1.0435e+00
8.4118e+01 1.2736e+04 6.8249e-04 4.0393e-01 1.2736e+04 8.6923e+00 1.0128e+00
8.4510e+01 1.2726e+04 6.5320e-04 3.9148e-01 1.2726e+04 8.3124e+00 9.8141e-01
8.4902e+01 1.2715e+04 6.2336e-04 3.7872e-01 1.2715e+04 7.9260e+00 9.4928e-01
8.5294e+01 1.2704e+04 5.9296e-04 3.6566e-01 1.2704e+04 7.5330e+00 9.1638e-01
8.5686e+01 1.2693e+04 5.6199e-04 3.5228e-01 1.2693e+04 7.1333e+00 8.8271e-01
8.6078e+01 1.2682e+04 5.3043e-04 3.3858e-01 1.2682e+04 6.7269e+00 8.4823e-01
8.6471e+01 1.2671e+04 4.9828e-04 3.2454e-01 1.2671e+04 6.3135e+00 8.1293e-01
8.6863e+01 1.2659e+04 4.6554e-04 3.1017e-01 1.2659e+04 5.8932e+00 7.7679e-01
8.7255e+01 1.2647e+04 4.3218e-04 2.9544e-01 1.2647e+04 5.4659e+00 7.3979e-01
8.7647e+01 1.2635e+04 3.9820e-04 2.8036e-01 1.2635e+04 5.0314e+00 7.0190e-01
8.8039e+01 1.2623e+04 3.6359e-04 2.6491e-01 1.2623e+04 4.5897e+00 6.6312e-01
8.8431e+01 1.2611e+04 3.2833e-04 2.4909e-01 1.2611e+04 4.1406e+00 6.2341e-01
8.8824e+01 1.2599e+04 2.9243e-04 2.3289e-01 1.2599e+04 3.6843e+00 5.8277e-01
8.9216e+01 1.2586e+04 2.5591e-04 2.1632e-01 1.2586e+04 3.2210e+00 5.4121e-01
8.9608e+01 1.2574e+04 2.1885e-04 1.9940e-01 1.2574e+04 2.7518e+00 4.9881e-01
9.0000e+01 1.2561e+04 1.8151e-04 1.8226e-01 1.2561e+04 2.2800e+00 4.5586e-01
9.0392e+01 1.2548e+04 1.4448e-04 1.6517e-01 1.2548e+04 1.8130e+00 4.1306e-01
9.0784e+01 1.2537e+04 1.0891e-04 1.4871e-01 1.2537e+04 1.3654e+00 3.7186e-01
9.1176e+01 1.2526e+04 7.6620e-05 1.3380e-01 1.2526e+04 9.5973e-01 3.3455e-01
9.1569e+01 1.2517e+04 4.9672e-05 1.2150e-01 1.2517e+04 6.2174e-01 3.0376e-01
9.1961e+01 1.2510e+04 2.9497e-05 1.1248e-01 1.2510e+04 3.6901e-01 2.8120e-01
9.2353e+01 1.2506e+04 1.6113e-05 1.0667e-01 1.2506e+04 2.0150e-01 2.6667e-01
9.2745e+01 1.2503e+04 8.2129e-06 1.0334e-01 1.2503e+04 1.0268e-01 2.5835e-01
9.3137e+01 1.2501e+04 3.9831e-06 1.0160e-01 1.2501e+04 4.9794e-02 2.5400e-01
9.3529e+01 1.2501e+04 1.8720e-06 1.0075e-01 1.2501e+04 2.3401e-02 2.5187e-01
9.3922e+01 1.2500e+04 8.6410e-07 1.0034e-01 1.2500e+04 1.0801e-02 2.5086e-01
9.4314e+01 1.2500e+04 3.9493e-07 1.0016e-01 1.2500e+04 4.9366e-03 2.5039e-01
9.4706e+01 1.2500e+04 1.7949e-07 1.0007e-01 1.2500e+04 2.2437e-03 2.5018e-01
9.5098e+01 1.2500e+04 8.1297e-08 1.0003e-01 1.2500e+04 1.0162e-03 2.5008e-01
9.5490e+01 1.2500e+04 3.6731e-08 1.0001e-01 1.2500e+04 4.5914e-04 2.5004e-01
9.5882e+01 1.2500e+04 1.6563e-08 1.0001e-01 1.2500e+04 2.0704e-04 2.5002e-01
9.6275e+01 1.2500e+04 7.4555e-09 1.0000e-01 1.2500e+04 9.3193e-05 2.5001e-01
9.6667e+01 1.2500e+04 3.3502e-09 1.0000e-01 1.2500e+04 4.1878e-05 2.5000e-01
9.7059e+01 1.2500e+04 1.5030e-09 1.0000e-01 1.2500e+04 1.8787e-05 2.5000e-01
9.7451e+01 1.2500e+04 6.7317e-10 1.0000e-01 1.2500e+04 8.4147e-06 2.5000e-01
9.7843e+01 1.2500e+04 3.0102e-10 1.0000e-01 1.2500e+04 3.7628e-06 2.5000e-01
9.8235e+01 1.2500e+04 1.3441e-10 1.0000e-01 1.2500e+04 1.6801e-06 2.5000e-01
9.8627e+01 1.2500e+04 5.9960e-11 1.0000e-01 1.2500e+04 7.4949e-07 2.5000e-01
9.9020e+01 1.2500e+04 2.6799e-11 1.0000e-01 1.2500e+04 3.3499e-07 2.5000e-01
9.9412e+01 1.2500e+04 1.2150e-11 1.0000e-01 1.2500e+04 1.5187e-07 2.5000e-01
9.9804e+01 1.2500e+04 6.1272e-12 1.0000e-01 1.2500e+04 7.6590e-08 2.5000e-01
