# # x Density Velocity Pressure q0 q1 q2
1.9608e-01 1.0000e+05 0.0000e+00 1.0000e+00 1.0000e+05 0.0000e+00 2.5000e+00
5.8824e-01 1.0000e+05 2.2875e-19 1.0000e+00 1.0000e+05 2.2875e-14 2.5000e+00
9.8039e-01 1.0000e+05 1.6182e-18 1.0000e+00 1.0000e+05 1.6182e-13 2.5000e+00
1.3725e+00 1.0000e+05 5.0758e-18 1.0000e+00 1.0000e+05 5.0758e-13 2.5000e+00
1.7647e+00 1.0000e+05 1.0600e-17 1.0000e+00 1.0000e+05 1.0600e-12 2.5000e+00
2.1569e+00 1.0000e+05 1.8188e-17 1.0000e+00 1.0000e+05 1.8188e-12 2.5000e+00
2.5490e+00 1.0000e+05 2.8168e-17 1.0000e+00 1.0000e+05 2.8168e-12 2.5000e+00
2.9412e+00 1.0000e+05 4.2324e-17 1.0000e+00 1.0000e+05 4.2324e-12 2.5000e+00
3.3333e+00 1.0000e+05 6.3253e-17 1.0000e+00 1.0000e+05 6.3253e-12 2.5000e+00
3.7255e+00 1.0000e+05 9.4144e-17 1.0000e+00 1.0000e+05 9.4144e-12 2.5000e+00
4.1176e+00 1.0000e+05 1.4198e-16 1.0000e+00 1.0000e+05 1.4198e-11 2.5000e+00
4.5098e+00 1.0000e+05 2.1698e-16 1.0000e+00 1.0000e+05 2.1698e-11 2.5000e+00
4.9020e+00 1.0000e+05 3.3493e-16 1.0000e+00 1.0000e+05 3.3493e-11 2.5000e+00
5.2941e+00 1.0000e+05 5.2083e-16 1.0000e+00 1.0000e+05 5.2083e-11 2.5000e+00
5.6863e+00 1.0000e+05 8.1332e-16 1.0000e+00 1.0000e+05 8.1332e-11 2.5000e+00
6.0784e+00 1.0000e+05 1.2721e-15 1.0000e+00 1.0000e+05 1.2721e-10 2.5000e+00
6.4706e+00 1.0000e+05 1.9891e-15 1.0000e+00 1.0000e+05 1.9891e-10 2.5000e+00
6.8627e+00 1.0000e+05 3.1051e-15 1.0000e+00 1.0000e+05 3.1051e-10 2.5000e+00
7.2549e+00 1.0000e+05 4.8356e-15 1.0000e+00 1.0000e+05 4.8356e-10 2.5000e+00
7.6471e+00 1.0000e+05 7.5067e-15 1.0000e+00 1.0000e+05 7.5067e-10 2.5000e+00
8.0392e+00 1.0000e+05 1.1613e-14 1.0000e+00 1.0000e+05 1.1613e-09 2.5000e+00
8.4314e+00 1.0000e+05 1.7902e-14 1.0000e+00 1.0000e+05 1.7902e-09 2.5000e+00
8.8235e+00 1.0000e+05 2.7492e-14 1.0000e+00 1.0000e+05 2.7492e-09 2.5000e+00
9.2157e+00 1.0000e+05 4.2057e-14 1.0000e+00 1.0000e+05 4.2057e-09 2.5000e+00
9.6078e+00 1.0000e+05 6.4091e-14 1.0000e+00 1.0000e+05 6.4091e-09 2.5000e+00
1.0000e+01 1.0000e+05 9.7287e-14 1.0000e+00 1.0000e+05 9.7287e-09 2.5000e+00
1.0392e+01 1.0000e+05 1.4710e-13 1.0000e+00 1.0000e+05 1.4710e-08 2.5000e+00
1.0784e+01 1.0000e+05 2.2154e-13 1.0000e+00 1.0000e+05 2.2154e-08 2.5000e+00
1.1176e+01 1.0000e+05 3.3233e-13 1.0000e+00 1.0000e+05 3.3233e-08 2.5000e+00
1.1569e+01 1.0000e+05 4.9655e-13 1.0000e+00 1.0000e+05 4.9655e-08 2.5000e+00
1.1961e+01 1.0000e+05 7.3897e-13 1.0000e+00 1.0000e+05 7.3897e-08 2.5000e+00
1.2353e+01 1.0000e+05 1.0954e-12 1.0000e+00 1.0000e+05 1.0954e-07 2.5000e+00
1.2745e+01 1.0000e+05 1.6172e-12 1.0000e+00 1.0000e+05 1.6172e-07 2.5000e+00
1.3137e+01 1.0000e+05 2.3781e-12 1.0000e+00 1.0000e+05 2.3781e-07 2.5000e+00
1.3529e+01 1.0000e+05 3.4830e-12 1.0000e+00 1.0000e+05 3.4830e-07 2.5000e+00
1.3922e+01 1.0000e+05 5.0810e-12 1.0000e+00 1.0000e+05 5.0810e-07 2.5000e+00
1.4314e+01 1.0000e+05 7.3824e-12 1.0000e+00 1.0000e+05 7.3824e-07 2.5000e+00
1.4706e+01 1.0000e+05 1.0683e-11 1.0000e+00 1.0000e+05 1.0683e-06 2.5000e+00
1.5098e+01 1.0000e+05 1.5398e-11 1.0000e+00 1.0000e+05 1.5398e-06 2.5000e+00
1.5490e+01 1.0000e+05 2.2105e-11 1.0000e+00 1.0000e+05 2.2105e-06 2.5000e+00
1.5882e+01 1.0000e+05 3.1605e-11 1.0000e+00 1.0000e+05 3.1605e-06 2.5000e+00
1.6275e+01 1.0000e+05 4.5008e-11 1.0000e+00 1.0000e+05 4.5008e-06 2.5000e+00
1.6667e+01 1.0000e+05 6.3835e-11 1.0000e+00 1.0000e+05 6.3835e-06 2.5000e+00
1.7059e+01 1.0000e+05 9.0175e-11 1.0000e+00 1.0000e+05 9.0175e-06 2.5000e+00
1.7451e+01 1.0000e+05 1.2687e-10 1.0000e+00 1.0000e+05 1.2687e-05 2.5000e+00
1.7843e+01 1.0000e+05 1.7778e-10 1.0000e+00 1.0000e+05 1.7778e-05 2.5000e+00
1.8235e+01 1.0000e+05 2.4811e-10 1.0000e+00 1.0000e+05 2.4811e-05 2.5000e+00
1.8627e+01 1.0000e+05 3.4488e-10 1.0000e+00 1.0000e+05 3.4488e-05 2.5000e+00
1.9020e+01 1.0000e+05 4.7745e-10 1.0000e+00 1.0000e+05 4.7745e-05 2.5000e+00
1.9412e+01 1.0000e+05 6.5831e-10 1.0000e+00 1.0000e+05 6.5831e-05 2.5000e+00
1.9804e+01 1.0000e+05 9.0402e-10 1.0000e+00 1.0000e+05 9.0402e-05 2.5000e+00
2.0196e+01 1.0000e+05 1.2364e-09 1.0000e+00 1.0000e+05 1.2364e-04 2.5000e+00
2.0588e+01 1.0000e+05 1.6842e-09 1.0000e+00 1.0000e+05 1.6842e-04 2.5000e+00
2.0980e+01 1.0000e+05 2.2850e-09 1.0000e+00 1.0000e+05 2.2850e-04 2.5000e+00
2.1373e+01 1.0000e+05 3.0875e-09 9.9999e-01 1.0000e+05 3.0875e-04 2.5000e+00
2.1765e+01 1.0000e+05 4.1550e-09 9.9999e-01 1.0000e+05 4.1550e-04 2.5000e+00
2.2157e+01 1.0000e+05 5.5691e-09 9.9999e-01 1.0000e+05 5.5691e-04 2.5000e+00
2.2549e+01 1.0000e+05 7.4343e-09 9.9999e-01 1.0000e+05 7.4343e-04 2.5000e+00
2.2941e+01 1.0000e+05 9.8841e-09 9.9998e-01 1.0000e+05 9.8841e-04 2.5000e+00
2.3333e+01 1.0000e+05 1.3088e-08 9.9998e-01 1.0000e+05 1.3088e-03 2.4999e+00
2.3725e+01 1.0000e+05 1.7261e-08 9.9997e-01 1.0000e+05 1.7261e-03 2.4999e+00
2.4118e+01 1.0000e+05 2.2673e-08 9.9996e-01 1.0000e+05 2.2673e-03 2.4999e+00
2.4510e+01 1.0000e+05 2.9662e-08 9.9995e-01 1.0000e+05 2.9662e-03 2.4999e+00
2.4902e+01 1.0000e+05 3.8649e-08 9.9993e-01 1.0000e+05 3.8648e-03 2.4998e+00
2.5294e+01 1.0000e+05 5.0156e-08 9.9991e-01 1.0000e+05 5.0156e-03 2.4998e+00
2.5686e+01 1.0000e+05 6.4828e-08 9.9989e-01 1.0000e+05 6.4828e-03 2.4997e+00
2.6078e+01 1.0000e+05 8.3456e-08 9.9986e-01 1.0000e+05 8.3456e-03 2.4996e+00
2.6471e+01 9.9999e+04 1.0701e-07 9.9982e-01 9.9999e+04 1.0701e-02 2.4996e+00
2.6863e+01 9.9999e+04 1.3666e-07 9.9977e-01 9.9999e+04 1.3665e-02 2.4994e+00
2.7255e+01 9.9999e+04 1.7382e-07 9.9972e-01 9.9999e+04 1.7382e-02 2.4993e+00
2.7647e+01 9.9999e+04 2.2022e-07 9.9965e-01 9.9999e+04 2.2021e-02 2.4991e+00
2.8039e+01 9.9998e+04 2.7788e-07 9.9956e-01 9.9998e+04 2.7788e-02 2.4989e+00
2.8431e+01 9.9998e+04 3.4926e-07 9.9945e-01 9.9998e+04 3.4925e-02 2.4986e+00
2.8824e+01 9.9997e+04 4.3723e-07 9.9932e-01 9.9997e+04 4.3722e-02 2.4983e+00
2.9216e+01 9.9996e+04 5.4519e-07 9.9917e-01 9.9996e+04 5.4517e-02 2.4979e+00
2.9608e+01 9.9996e+04 6.7714e-07 9.9898e-01 9.9996e+04 6.7711e-02 2.4975e+00
3.0000e+01 9.9994e+04 8.3771e-07 9.9876e-01 9.9994e+04 8.3766e-02 2.4969e+00
3.0392e+01 9.9993e+04 1.0323e-06 9.9849e-01 9.9993e+04 1.0322e-01 2.4962e+00
3.0784e+01 9.9991e+04 1.2671e-06 9.9818e-01 9.9991e+04 1.2670e-01 2.4954e+00
3.1176e+01 9.9989e+04 1.5493e-06 9.9780e-01 9.9989e+04 1.5491e-01 2.4945e+00
3.1569e+01 9.9987e+04 1.8869e-06 9.9736e-01 9.9987e+04 1.8867e-01 2.4934e+00
3.1961e+01 9.9984e+04 2.2893e-06 9.9685e-01 9.9984e+04 2.2890e-01 2.4921e+00
3.2353e+01 9.9980e+04 2.7668e-06 9.9625e-01 9.9980e+04 2.7663e-01 2.4906e+00
3.2745e+01 9.9976e+04 3.3311e-06 9.9555e-01 9.9976e+04 3.3303e-01 2.4889e+00
3.3137e+01 9.9970e+04 3.9952e-06 9.9475e-01 9.9970e+04 3.9940e-01 2.4869e+00
3.3529e+01 9.9964e+04 4.7735e-06 9.9382e-01 9.9964e+04 4.7718e-01 2.4846e+00
3.3922e+01 9.9957e+04 5.6819e-06 9.9276e-01 9.9957e+04 5.6795e-01 2.4819e+00
3.4314e+01 9.9948e+04 6.7379e-06 9.9156e-01 9.9948e+04 6.7344e-01 2.4789e+00
3.4706e+01 9.9937e+04 7.9603e-06 9.9018e-01 9.9937e+04 7.9554e-01 2.4755e+00
3.5098e+01 9.9925e+04 9.3697e-06 9.8863e-01 9.9925e+04 9.3627e-01 2.4716e+00
3.5490e+01 9.9911e+04 1.0988e-05 9.8689e-01 9.9911e+04 1.0978e+00 2.4672e+00
3.5882e+01 9.9895e+04 1.2839e-05 9.8493e-01 9.9895e+04 1.2826e+00 2.4623e+00
3.6275e+01 9.9876e+04 1.4947e-05 9.8275e-01 9.9876e+04 1.4929e+00 2.4569e+00
3.6667e+01 9.9854e+04 1.7340e-05 9.8032e-01 9.9854e+04 1.7314e+00 2.4508e+00
3.7059e+01 9.9828e+04 2.0043e-05 9.7764e-01 9.9828e+04 2.0009e+00 2.4441e+00
3.7451e+01 9.9799e+04 2.3086e-05 9.7469e-01 9.9799e+04 2.3040e+00 2.4368e+00
3.7843e+01 9.9766e+04 2.6499e-05 9.7145e-01 9.9766e+04 2.6437e+00 2.4287e+00
3.8235e+01 9.9728e+04 3.0310e-05 9.6792e-01 9.9728e+04 3.0228e+00 2.4198e+00
3.8627e+01 9.9686e+04 3.4552e-05 9.6408e-01 9.9686e+04 3.4443e+00 2.4103e+00
3.9020e+01 9.9637e+04 3.9253e-05 9.5992e-01 9.9637e+04 3.9111e+00 2.3999e+00
3.9412e+01 9.9583e+04 4.4445e-05 9.5544e-01 9.9583e+04 4.4260e+00 2.3887e+00
3.9804e+01 9.9522e+04 5.0157e-05 9.5062e-01 9.9522e+04 4.9918e+00 2.3767e+00
4.0196e+01 9.9454e+04 5.6419e-05 9.4548e-01 9.9454e+04 5.6111e+00 2.3639e+00
4.0588e+01 9.9379e+04 6.3258e-05 9.4001e-01 9.9379e+04 6.2865e+00 2.3502e+00
4.0980e+01 9.9295e+04 7.0700e-05 9.3420e-01 9.9295e+04 7.0201e+00 2.3358e+00
4.1373e+01 9.9202e+04 7.8769e-05 9.2808e-01 9.9202e+04 7.8140e+00 2.3205e+00
4.1765e+01 9.9099e+04 8.7487e-05 9.2163e-01 9.9099e+04 8.6699e+00 2.3045e+00
4.2157e+01 9.8987e+04 9.6873e-05 9.1489e-01 9.8987e+04 9.5891e+00 2.2877e+00
4.2549e+01 9.8864e+04 1.0694e-04 9.0786e-01 9.8864e+04 1.0573e+01 2.2702e+00
4.2941e+01 9.8729e+04 1.1771e-04 9.0056e-01 9.8729e+04 1.1621e+01 2.2521e+00
4.3333e+01 9.8583e+04 1.2918e-04 8.9301e-01 9.8583e+04 1.2735e+01 2.2334e+00
4.3725e+01 9.8425e+04 1.4138e-04 8.8525e-01 9.8425e+04 1.3916e+01 2.2141e+00
4.4118e+01 9.8252e+04 1.5418e-04 8.7725e-01 9.8252e+04 1.5149e+01 2.1943e+00
4.4510e+01 9.8076e+04 1.6809e-04 8.6922e-01 9.8076e+04 1.6485e+01 2.1744e+00
4.4902e+01 9.7851e+04 1.8142e-04 8.6060e-01 9.7851e+04 1.7752e+01 2.1531e+00
4.5294e+01 9.7715e+04 1.9912e-04 8.5315e-01 9.7715e+04 1.9457e+01 2.1348e+00
4.5686e+01 9.7294e+04 2.0778e-04 8.4231e-01 9.7294e+04 2.0216e+01 2.1079e+00
4.6078e+01 9.7499e+04 2.3993e-04 8.3918e-01 9.7499e+04 2.3393e+01 2.1008e+00
4.6471e+01 9.6351e+04 2.2493e-04 8.1995e-01 9.6351e+04 2.1672e+01 2.0523e+00
4.6863e+01 9.7614e+04 2.9653e-04 8.2958e-01 9.7614e+04 2.8945e+01 2.0782e+00
4.7255e+01 9.5153e+04 2.3737e-04 7.9558e-01 9.5153e+04 2.2587e+01 1.9916e+00
4.7647e+01 9.7278e+04 3.4113e-04 8.1530e-01 9.7278e+04 3.3185e+01 2.0439e+00
4.8039e+01 9.5027e+04 2.9372e-04 7.8531e-01 9.5027e+04 2.7911e+01 1.9674e+00
4.8431e+01 9.5556e+04 3.4298e-04 7.8687e-01 9.5556e+04 3.2774e+01 1.9728e+00
4.8824e+01 9.5636e+04 3.5845e-04 7.7759e-01 9.5636e+04 3.4281e+01 1.9501e+00
4.9216e+01 8.9814e+04 3.8902e-04 7.7341e-01 8.9814e+04 3.4939e+01 1.9403e+00
4.9608e+01 1.2162e+05 3.8975e-04 7.5858e-01 1.2162e+05 4.7401e+01 1.9057e+00
5.0000e+01 4.0087e+04 4.0488e-04 7.5402e-01 4.0087e+04 1.6231e+01 1.8883e+00
5.0392e+01 1.3989e+04 4.3084e-04 7.5252e-01 1.3989e+04 6.0271e+00 1.8826e+00
5.0784e+01 9.3527e+03 5.3206e-04 7.5482e-01 9.3527e+03 4.9762e+00 1.8884e+00
5.1176e+01 9.3222e+03 6.2048e-04 7.5197e-01 9.3222e+03 5.7842e+00 1.8817e+00
5.1569e+01 9.7344e+03 6.7120e-04 7.4680e-01 9.7344e+03 6.5338e+00 1.8692e+00
5.1961e+01 1.0398e+04 7.9543e-04 7.5076e-01 1.0398e+04 8.2711e+00 1.8802e+00
5.2353e+01 1.0846e+04 9.1664e-04 7.5636e-01 1.0846e+04 9.9420e+00 1.8955e+00
5.2745e+01 1.1199e+04 9.5448e-04 7.5426e-01 1.1199e+04 1.0689e+01 1.8907e+00
5.3137e+01 1.1340e+04 9.4249e-04 7.4770e-01 1.1340e+04 1.0687e+01 1.8743e+00
5.3529e+01 1.1528e+04 9.6670e-04 7.4572e-01 1.1528e+04 1.1144e+01 1.8697e+00
5.3922e+01 1.1712e+04 1.0447e-03 7.5026e-01 1.1712e+04 1.2235e+01 1.8820e+00
5.4314e+01 1.1918e+04 1.1329e-03 7.5646e-01 1.1918e+04 1.3502e+01 1.8988e+00
5.4706e+01 1.2044e+04 1.1841e-03 7.5892e-01 1.2044e+04 1.4261e+01 1.9058e+00
5.5098e+01 1.2114e+04 1.1896e-03 7.5644e-01 1.2114e+04 1.4410e+01 1.8997e+00
5.5490e+01 1.2137e+04 1.1713e-03 7.5108e-01 1.2137e+04 1.4216e+01 1.8860e+00
5.5882e+01 1.2187e+04 1.1703e-03 7.4745e-01 1.2187e+04 1.4263e+01 1.8770e+00
5.6275e+01 1.2292e+04 1.2215e-03 7.5021e-01 1.2292e+04 1.5015e+01 1.8847e+00
5.6667e+01 1.2453e+04 1.3176e-03 7.5852e-01 1.2453e+04 1.6408e+01 1.9071e+00
5.7059e+01 1.2625e+04 1.4271e-03 7.6880e-01 1.2625e+04 1.8018e+01 1.9349e+00
5.7451e+01 1.2776e+04 1.5214e-03 7.7768e-01 1.2776e+04 1.9438e+01 1.9590e+00
5.7843e+01 1.2883e+04 1.5863e-03 7.8335e-01 1.2883e+04 2.0437e+01 1.9746e+00
5.8235e+01 1.2948e+04 1.6219e-03 7.8570e-01 1.2948e+04 2.1000e+01 1.9813e+00
5.8627e+01 1.2980e+04 1.6364e-03 7.8564e-01 1.2980e+04 2.1241e+01 1.9815e+00
5.9020e+01 1.2995e+04 1.6393e-03 7.8429e-01 1.2995e+04 2.1304e+01 1.9782e+00
5.9412e+01 1.3003e+04 1.6376e-03 7.8246e-01 1.3003e+04 2.1294e+01 1.9736e+00
5.9804e+01 1.3008e+04 1.6346e-03 7.8047e-01 1.3008e+04 2.1262e+01 1.9685e+00
6.0196e+01 1.3012e+04 1.6309e-03 7.7839e-01 1.3012e+04 2.1221e+01 1.9633e+00
6.0588e+01 1.3015e+04 1.6269e-03 7.7623e-01 1.3015e+04 2.1174e+01 1.9578e+00
6.0980e+01 1.3018e+04 1.6224e-03 7.7400e-01 1.3018e+04 2.1121e+01 1.9521e+00
6.1373e+01 1.3020e+04 1.6176e-03 7.7169e-01 1.3020e+04 2.1062e+01 1.9463e+00
6.1765e+01 1.3023e+04 1.6125e-03 7.6930e-01 1.3023e+04 2.0999e+01 1.9402e+00
6.2157e+01 1.3024e+04 1.6070e-03 7.6683e-01 1.3024e+04 2.0930e+01 1.9339e+00
6.2549e+01 1.3026e+04 1.6011e-03 7.6427e-01 1.3026e+04 2.0856e+01 1.9274e+00
6.2941e+01 1.3027e+04 1.5949e-03 7.6163e-01 1.3027e+04 2.0777e+01 1.9206e+00
6.3333e+01 1.3028e+04 1.5884e-03 7.5890e-01 1.3028e+04 2.0693e+01 1.9137e+00
6.3725e+01 1.3028e+04 1.5815e-03 7.5609e-01 1.3028e+04 2.0604e+01 1.9065e+00
6.4118e+01 1.3028e+04 1.5742e-03 7.5318e-01 1.3028e+04 2.0509e+01 1.8991e+00
6.4510e+01 1.3028e+04 1.5666e-03 7.5017e-01 1.3028e+04 2.0410e+01 1.8914e+00
6.4902e+01 1.3028e+04 1.5587e-03 7.4706e-01 1.3028e+04 2.0306e+01 1.8835e+00
6.5294e+01 1.3027e+04 1.5504e-03 7.4385e-01 1.3027e+04 2.0197e+01 1.8753e+00
6.5686e+01 1.3026e+04 1.5418e-03 7.4054e-01 1.3026e+04 2.0083e+01 1.8668e+00
6.6078e+01 1.3025e+04 1.5328e-03 7.3712e-01 1.3025e+04 1.9964e+01 1.8581e+00
6.6471e+01 1.3023e+04 1.5235e-03 7.3359e-01 1.3023e+04 1.9840e+01 1.8491e+00
6.6863e+01 1.3021e+04 1.5137e-03 7.2994e-01 1.3021e+04 1.9711e+01 1.8398e+00
6.7255e+01 1.3019e+04 1.5037e-03 7.2618e-01 1.3019e+04 1.9577e+01 1.8302e+00
6.7647e+01 1.3017e+04 1.4933e-03 7.2229e-01 1.3017e+04 1.9438e+01 1.8202e+00
6.8039e+01 1.3015e+04 1.4825e-03 7.1829e-01 1.3015e+04 1.9294e+01 1.8100e+00
6.8431e+01 1.3012e+04 1.4713e-03 7.1415e-01 1.3012e+04 1.9144e+01 1.7995e+00
6.8824e+01 1.3009e+04 1.4598e-03 7.0989e-01 1.3009e+04 1.8990e+01 1.7886e+00
6.9216e+01 1.3006e+04 1.4479e-03 7.0549e-01 1.3006e+04 1.8830e+01 1.7774e+00
6.9608e+01 1.3002e+04 1.4356e-03 7.0095e-01 1.3002e+04 1.8666e+01 1.7658e+00
7.0000e+01 1.2998e+04 1.4229e-03 6.9628e-01 1.2998e+04 1.8496e+01 1.7539e+00
7.0392e+01 1.2995e+04 1.4099e-03 6.9146e-01 1.2995e+04 1.8321e+01 1.7416e+00
7.0784e+01 1.2990e+04 1.3964e-03 6.8649e-01 1.2990e+04 1.8140e+01 1.7289e+00
7.1176e+01 1.2986e+04 1.3826e-03 6.8138e-01 1.2986e+04 1.7955e+01 1.7159e+00
7.1569e+01 1.2982e+04 1.3684e-03 6.7611e-01 1.2982e+04 1.7764e+01 1.7024e+00
7.1961e+01 1.2977e+04 1.3538e-03 6.7069e-01 1.2977e+04 1.7568e+01 1.6886e+00
7.2353e+01 1.2972e+04 1.3388e-03 6.6510e-01 1.2972e+04 1.7367e+01 1.6744e+00
7.2745e+01 1.2967e+04 1.3234e-03 6.5935e-01 1.2967e+04 1.7160e+01 1.6597e+00
7.3137e+01 1.2961e+04 1.3076e-03 6.5344e-01 1.2961e+04 1.6948e+01 1.6447e+00
7.3529e+01 1.2956e+04 1.2914e-03 6.4735e-01 1.2956e+04 1.6731e+01 1.6292e+00
7.3922e+01 1.2950e+04 1.2748e-03 6.4110e-01 1.2950e+04 1.6509e+01 1.6133e+00
7.4314e+01 1.2944e+04 1.2577e-03 6.3466e-01 1.2944e+04 1.6281e+01 1.5969e+00
7.4706e+01 1.2938e+04 1.2403e-03 6.2805e-01 1.2938e+04 1.6047e+01 1.5801e+00
7.5098e+01 1.2932e+04 1.2224e-03 6.2126e-01 1.2932e+04 1.5808e+01 1.5628e+00
7.5490e+01 1.2925e+04 1.2041e-03 6.1427e-01 1.2925e+04 1.5564e+01 1.5451e+00
7.5882e+01 1.2919e+04 1.1854e-03 6.0710e-01 1.2919e+04 1.5314e+01 1.5268e+00
7.6275e+01 1.2912e+04 1.1663e-03 5.9974e-01 1.2912e+04 1.5059e+01 1.5081e+00
7.6667e+01 1.2905e+04 1.1467e-03 5.9218e-01 1.2905e+04 1.4798e+01 1.4889e+00
7.7059e+01 1.2898e+04 1.1267e-03 5.8442e-01 1.2898e+04 1.4532e+01 1.4692e+00
7.7451e+01 1.2890e+04 1.1063e-03 5.7645e-01 1.2890e+04 1.4260e+01 1.4490e+00
7.7843e+01 1.2883e+04 1.0854e-03 5.6828e-01 1.2883e+04 1.3983e+01 1.4283e+00
7.8235e+01 1.2875e+04 1.0641e-03 5.5990e-01 1.2875e+04 1.3700e+01 1.4070e+00
7.8627e+01 1.2867e+04 1.0423e-03 5.5130e-01 1.2867e+04 1.3411e+01 1.3853e+00
7.9020e+01 1.2859e+04 1.0201e-03 5.4249e-01 1.2859e+04 1.3117e+01 1.3629e+00
7.9412e+01 1.2851e+04 9.9740e-04 5.3345e-01 1.2851e+04 1.2817e+01 1.3400e+00
7.9804e+01 1.2842e+04 9.7425e-04 5.2419e-01 1.2842e+04 1.2511e+01 1.3166e+00
8.0196e+01 1.2834e+04 9.5064e-04 5.1469e-01 1.2834e+04 1.2200e+01 1.2925e+00
8.0588e+01 1.2825e+04 9.2655e-04 5.0496e-01 1.2825e+04 1.1883e+01 1.2679e+00
8.0980e+01 1.2816e+04 9.0199e-04 4.9499e-01 1.2816e+04 1.1560e+01 1.2427e+00
8.1373e+01 1.2807e+04 8.7694e-04 4.8477e-01 1.2807e+04 1.1231e+01 1.2168e+00
8.1765e+01 1.2797e+04 8.5140e-04 4.7430e-01 1.2797e+04 1.0896e+01 1.1904e+00
8.2157e+01 1.2788e+04 8.2536e-04 4.6358e-01 1.2788e+04 1.0555e+01 1.1633e+00
8.2549e+01 1.2778e+04 7.9883e-04 4.5259e-01 1.2778e+04 1.0208e+01 1.1356e+00
8.2941e+01 1.2768e+04 7.7178e-04 4.4134e-01 1.2768e+04 9.8544e+00 1.1071e+00
8.3333e+01 1.2758e+04 7.4421e-04 4.2981e-01 1.2758e+04 9.4950e+00 1.0781e+00
8.3725e+01 1.2748e+04 7.1612e-04 4.1800e-01 1.2748e+04 9.1293e+00 1.0483e+00
8.4118e+01 1.2738e+04 6.8749e-04 4.0591e-01 1.2738e+04 8.7573e+00 1.0178e+00
8.4510e+01 1.2728e+04 6.5832e-04 3.9352e-01 1.2728e+04 8.3789e+00 9.8657e-01
8.4902e+01 1.2717e+04 6.2861e-04 3.8084e-01 1.2717e+04 7.9939e+00 9.5461e-01
8.5294e+01 1.2706e+04 5.9833e-04 3.6785e-01 1.2706e+04 7.6024e+00 9.2189e-01
8.5686e+01 1.2695e+04 5.6748e-04 3.5454e-01 1.2695e+04 7.2043e+00 8.8839e-01
8.6078e+01 1.2684e+04 5.3606e-04 3.4091e-01 1.2684e+04 6.7994e+00 8.5410e-01
8.6471e+01 1.2673e+04 5.0405e-04 3.2696e-01 1.2673e+04 6.3876e+00 8.1900e-01
8.6863e+01 1.2661e+04 4.7144e-04 3.1266e-01 1.2661e+04 5.9690e+00 7.8306e-01
8.7255e+01 1.2650e+04 4.3823e-04 2.9802e-01 1.2650e+04 5.5433e+00 7.4627e-01
8.7647e+01 1.2638e+04 4.0439e-04 2.8303e-01 1.2638e+04 5.1106e+00 7.0860e-01
8.8039e+01 1.2626e+04 3.6993e-04 2.6767e-01 1.2626e+04 4.6706e+00 6.7004e-01
8.8431e+01 1.2613e+04 3.3482e-04 2.5194e-01 1.2613e+04 4.2233e+00 6.3056e-01
8.8824e+01 1.2601e+04 2.9908e-04 2.3583e-01 1.2601e+04 3.7687e+00 5.9015e-01
8.9216e+01 1.2589e+04 2.6270e-04 2.1935e-01 1.2589e+04 3.3071e+00 5.4881e-01
8.9608e+01 1.2576e+04 2.2577e-04 2.0252e-01 1.2576e+04 2.8393e+00 5.0662e-01
9.0000e+01 1.2563e+04 1.8849e-04 1.8543e-01 1.2563e+04 2.3681e+00 4.6380e-01
9.0392e+01 1.2551e+04 1.5136e-04 1.6832e-01 1.2551e+04 1.8997e+00 4.2095e-01
9.0784e+01 1.2539e+04 1.1543e-04 1.5171e-01 1.2539e+04 1.4474e+00 3.7935e-01
9.1176e+01 1.2528e+04 8.2389e-05 1.3644e-01 1.2528e+04 1.0321e+00 3.4115e-01
9.1569e+01 1.2518e+04 5.4303e-05 1.2359e-01 1.2518e+04 6.7979e-01 3.0898e-01
9.1961e+01 1.2511e+04 3.2801e-05 1.1393e-01 1.2511e+04 4.1038e-01 2.8484e-01
9.2353e+01 1.2506e+04 1.8196e-05 1.0756e-01 1.2506e+04 2.2757e-01 2.6889e-01
9.2745e+01 1.2503e+04 9.3885e-06 1.0383e-01 1.2503e+04 1.1739e-01 2.5957e-01
9.3137e+01 1.2502e+04 4.5914e-06 1.0185e-01 1.2502e+04 5.7401e-02 2.5462e-01
9.3529e+01 1.2501e+04 2.1691e-06 1.0087e-01 1.2501e+04 2.7116e-02 2.5217e-01
9.3922e+01 1.2500e+04 1.0043e-06 1.0040e-01 1.2500e+04 1.2554e-02 2.5100e-01
9.4314e+01 1.2500e+04 4.5985e-07 1.0018e-01 1.2500e+04 5.7482e-03 2.5046e-01
9.4706e+01 1.2500e+04 2.0926e-07 1.0008e-01 1.2500e+04 2.6157e-03 2.5021e-01
9.5098e+01 1.2500e+04 9.4866e-08 1.0004e-01 1.2500e+04 1.1858e-03 2.5009e-01
9.5490e+01 1.2500e+04 4.2896e-08 1.0002e-01 1.2500e+04 5.3620e-04 2.5004e-01
9.5882e+01 1.2500e+04 1.9357e-08 1.0001e-01 1.2500e+04 2.4197e-04 2.5002e-01
9.6275e+01 1.2500e+04 8.7193e-09 1.0000e-01 1.2500e+04 1.0899e-04 2.5001e-01
9.6667e+01 1.2500e+04 3.9209e-09 1.0000e-01 1.2500e+04 4.9011e-05 2.5000e-01
9.7059e+01 1.2500e+04 1.7602e-09 1.0000e-01 1.2500e+04 2.2003e-05 2.5000e-01
9.7451e+01 1.2500e+04 7.8895e-10 1.0000e-01 1.2500e+04 9.8618e-06 2.5000e-01
9.7843e+01 1.2500e+04 3.5304e-10 1.0000e-01 1.2500e+04 4.4130e-06 2.5000e-01
9.8235e+01 1.2500e+04 1.5775e-10 1.0000e-01 1.2500e+04 1.9718e-06 2.5000e-01
9.8627e+01 1.2500e+04 7.0422e-11 1.0000e-01 1.2500e+04 8.8028e-07 2.5000e-01
9.9020e+01 1.2500e+04 3.1499e-11 1.0000e-01 1.2500e+04 3.9374e-07 2.5000e-01
9.9412e+01 1.2500e+04 1.4291e-11 1.0000e-01 1.2500e+04 1.7864e-07 2.5000e-01
9.9804e+01 1.2500e+04 7.2138e-12 1.0000e-01 1.2500e+04 9.0173e-08 2.5000e-01
