# # x Density Velocity Pressure q0 q1 q2
1.9608e-01 1.0000e+05 2.6612e-20 1.0000e+00 1.0000e+05 2.6612e-15 2.5000e+00
5.8824e-01 1.0000e+05 6.7946e-19 1.0000e+00 1.0000e+05 6.7946e-14 2.5000e+00
9.8039e-01 1.0000e+05 3.1068e-18 1.0000e+00 1.0000e+05 3.1068e-13 2.5000e+00
1.3725e+00 1.0000e+05 7.6122e-18 1.0000e+00 1.0000e+05 7.6122e-13 2.5000e+00
1.7647e+00 1.0000e+05 1.4205e-17 1.0000e+00 1.0000e+05 1.4205e-12 2.5000e+00
2.1569e+00 1.0000e+05 2.2888e-17 1.0000e+00 1.0000e+05 2.2888e-12 2.5000e+00
2.5490e+00 1.0000e+05 3.4707e-17 1.0000e+00 1.0000e+05 3.4707e-12 2.5000e+00
2.9412e+00 1.0000e+05 5.2006e-17 1.0000e+00 1.0000e+05 5.2006e-12 2.5000e+00
3.3333e+00 1.0000e+05 7.7175e-17 1.0000e+00 1.0000e+05 7.7175e-12 2.5000e+00
3.7255e+00 1.0000e+05 1.1537e-16 1.0000e+00 1.0000e+05 1.1537e-11 2.5000e+00
4.1176e+00 1.0000e+05 1.7491e-16 1.0000e+00 1.0000e+05 1.7491e-11 2.5000e+00
4.5098e+00 1.0000e+05 2.6823e-16 1.0000e+00 1.0000e+05 2.6823e-11 2.5000e+00
4.9020e+00 1.0000e+05 4.1484e-16 1.0000e+00 1.0000e+05 4.1484e-11 2.5000e+00
5.2941e+00 1.0000e+05 6.4532e-16 1.0000e+00 1.0000e+05 6.4532e-11 2.5000e+00
5.6863e+00 1.0000e+05 1.0068e-15 1.0000e+00 1.0000e+05 1.0068e-10 2.5000e+00
6.0784e+00 1.0000e+05 1.5722e-15 1.0000e+00 1.0000e+05 1.5722e-10 2.5000e+00
6.4706e+00 1.0000e+05 2.4525e-15 1.0000e+00 1.0000e+05 2.4525e-10 2.5000e+00
6.8627e+00 1.0000e+05 3.8177e-15 1.0000e+00 1.0000e+05 3.8177e-10 2.5000e+00
7.2549e+00 1.0000e+05 5.9270e-15 1.0000e+00 1.0000e+05 5.9270e-10 2.5000e+00
7.6471e+00 1.0000e+05 9.1717e-15 1.0000e+00 1.0000e+05 9.1717e-10 2.5000e+00
8.0392e+00 1.0000e+05 1.4142e-14 1.0000e+00 1.0000e+05 1.4142e-09 2.5000e+00
8.4314e+00 1.0000e+05 2.1728e-14 1.0000e+00 1.0000e+05 2.1728e-09 2.5000e+00
8.8235e+00 1.0000e+05 3.3257e-14 1.0000e+00 1.0000e+05 3.3257e-09 2.5000e+00
9.2157e+00 1.0000e+05 5.0708e-14 1.0000e+00 1.0000e+05 5.0708e-09 2.5000e+00
9.6078e+00 1.0000e+05 7.7018e-14 1.0000e+00 1.0000e+05 7.7018e-09 2.5000e+00
1.0000e+01 1.0000e+05 1.1652e-13 1.0000e+00 1.0000e+05 1.1652e-08 2.5000e+00
1.0392e+01 1.0000e+05 1.7561e-13 1.0000e+00 1.0000e+05 1.7561e-08 2.5000e+00
1.0784e+01 1.0000e+05 2.6362e-13 1.0000e+00 1.0000e+05 2.6362e-08 2.5000e+00
1.1176e+01 1.0000e+05 3.9418e-13 1.0000e+00 1.0000e+05 3.9418e-08 2.5000e+00
1.1569e+01 1.0000e+05 5.8708e-13 1.0000e+00 1.0000e+05 5.8708e-08 2.5000e+00
1.1961e+01 1.0000e+05 8.7092e-13 1.0000e+00 1.0000e+05 8.7092e-08 2.5000e+00
1.2353e+01 1.0000e+05 1.2869e-12 1.0000e+00 1.0000e+05 1.2869e-07 2.5000e+00
1.2745e+01 1.0000e+05 1.8940e-12 1.0000e+00 1.0000e+05 1.8940e-07 2.5000e+00
1.3137e+01 1.0000e+05 2.7766e-12 1.0000e+00 1.0000e+05 2.7766e-07 2.5000e+00
1.3529e+01 1.0000e+05 4.0542e-12 1.0000e+00 1.0000e+05 4.0542e-07 2.5000e+00
1.3922e+01 1.0000e+05 5.8963e-12 1.0000e+00 1.0000e+05 5.8963e-07 2.5000e+00
1.4314e+01 1.0000e+05 8.5413e-12 1.0000e+00 1.0000e+05 8.5413e-07 2.5000e+00
1.4706e+01 1.0000e+05 1.2323e-11 1.0000e+00 1.0000e+05 1.2323e-06 2.5000e+00
1.5098e+01 1.0000e+05 1.7710e-11 1.0000e+00 1.0000e+05 1.7710e-06 2.5000e+00
1.5490e+01 1.0000e+05 2.5349e-11 1.0000e+00 1.0000e+05 2.5349e-06 2.5000e+00
1.5882e+01 1.0000e+05 3.6139e-11 1.0000e+00 1.0000e+05 3.6139e-06 2.5000e+00
1.6275e+01 1.0000e+05 5.1316e-11 1.0000e+00 1.0000e+05 5.1316e-06 2.5000e+00
1.6667e+01 1.0000e+05 7.2577e-11 1.0000e+00 1.0000e+05 7.2577e-06 2.5000e+00
1.7059e+01 1.0000e+05 1.0224e-10 1.0000e+00 1.0000e+05 1.0224e-05 2.5000e+00
1.7451e+01 1.0000e+05 1.4344e-10 1.0000e+00 1.0000e+05 1.4344e-05 2.5000e+00
1.7843e+01 1.0000e+05 2.0045e-10 1.0000e+00 1.0000e+05 2.0045e-05 2.5000e+00
1.8235e+01 1.0000e+05 2.7899e-10 1.0000e+00 1.0000e+05 2.7899e-05 2.5000e+00
1.8627e+01 1.0000e+05 3.8675e-10 1.0000e+00 1.0000e+05 3.8675e-05 2.5000e+00
1.9020e+01 1.0000e+05 5.3399e-10 1.0000e+00 1.0000e+05 5.3399e-05 2.5000e+00
1.9412e+01 1.0000e+05 7.3434e-10 1.0000e+00 1.0000e+05 7.3434e-05 2.5000e+00
1.9804e+01 1.0000e+05 1.0058e-09 1.0000e+00 1.0000e+05 1.0058e-04 2.5000e+00
2.0196e+01 1.0000e+05 1.3721e-09 1.0000e+00 1.0000e+05 1.3721e-04 2.5000e+00
2.0588e+01 1.0000e+05 1.8643e-09 1.0000e+00 1.0000e+05 1.8643e-04 2.5000e+00
2.0980e+01 1.0000e+05 2.5230e-09 1.0000e+00 1.0000e+05 2.5230e-04 2.5000e+00
2.1373e+01 1.0000e+05 3.4007e-09 9.9999e-01 1.0000e+05 3.4007e-04 2.5000e+00
2.1765e+01 1.0000e+05 4.5653e-09 9.9999e-01 1.0000e+05 4.5653e-04 2.5000e+00
2.2157e+01 1.0000e+05 6.1042e-09 9.9999e-01 1.0000e+05 6.1042e-04 2.5000e+00
2.2549e+01 1.0000e+05 8.1292e-09 9.9998e-01 1.0000e+05 8.1292e-04 2.5000e+00
2.2941e+01 1.0000e+05 1.0783e-08 9.9998e-01 1.0000e+05 1.0783e-03 2.4999e+00
2.3333e+01 1.0000e+05 1.4245e-08 9.9997e-01 1.0000e+05 1.4245e-03 2.4999e+00
2.3725e+01 1.0000e+05 1.8744e-08 9.9997e-01 1.0000e+05 1.8744e-03 2.4999e+00
2.4118e+01 1.0000e+05 2.4565e-08 9.9996e-01 1.0000e+05 2.4565e-03 2.4999e+00
2.4510e+01 1.0000e+05 3.2066e-08 9.9994e-01 1.0000e+05 3.2066e-03 2.4999e+00
2.4902e+01 1.0000e+05 4.1689e-08 9.9993e-01 1.0000e+05 4.1689e-03 2.4998e+00
2.5294e+01 1.0000e+05 5.3986e-08 9.9991e-01 1.0000e+05 5.3985e-03 2.4998e+00
2.5686e+01 1.0000e+05 6.9630e-08 9.9988e-01 1.0000e+05 6.9630e-03 2.4997e+00
2.6078e+01 9.9999e+04 8.9451e-08 9.9985e-01 9.9999e+04 8.9450e-03 2.4996e+00
2.6471e+01 9.9999e+04 1.1446e-07 9.9981e-01 9.9999e+04 1.1446e-02 2.4995e+00
2.6863e+01 9.9999e+04 1.4587e-07 9.9976e-01 9.9999e+04 1.4587e-02 2.4994e+00
2.7255e+01 9.9999e+04 1.8518e-07 9.9970e-01 9.9999e+04 1.8518e-02 2.4993e+00
2.7647e+01 9.9999e+04 2.3414e-07 9.9963e-01 9.9999e+04 2.3414e-02 2.4991e+00
2.8039e+01 9.9998e+04 2.9489e-07 9.9954e-01 9.9998e+04 2.9488e-02 2.4988e+00
2.8431e+01 9.9998e+04 3.6993e-07 9.9942e-01 9.9998e+04 3.6992e-02 2.4986e+00
2.8824e+01 9.9997e+04 4.6225e-07 9.9929e-01 9.9997e+04 4.6223e-02 2.4982e+00
2.9216e+01 9.9996e+04 5.7534e-07 9.9913e-01 9.9996e+04 5.7532e-02 2.4978e+00
2.9608e+01 9.9995e+04 7.1330e-07 9.9894e-01 9.9995e+04 7.1327e-02 2.4973e+00
3.0000e+01 9.9994e+04 8.8090e-07 9.9870e-01 9.9994e+04 8.8084e-02 2.4968e+00
3.0392e+01 9.9993e+04 1.0836e-06 9.9843e-01 9.9993e+04 1.0836e-01 2.4961e+00
3.0784e+01 9.9991e+04 1.3279e-06 9.9810e-01 9.9991e+04 1.3278e-01 2.4953e+00
3.1176e+01 9.9989e+04 1.6209e-06 9.9772e-01 9.9989e+04 1.6207e-01 2.4943e+00
3.1569e+01 9.9986e+04 1.9710e-06 9.9726e-01 9.9986e+04 1.9707e-01 2.4932e+00
3.1961e+01 9.9983e+04 2.3875e-06 9.9674e-01 9.9983e+04 2.3871e-01 2.4918e+00
3.2353e+01 9.9979e+04 2.8810e-06 9.9612e-01 9.9979e+04 2.8804e-01 2.4903e+00
3.2745e+01 9.9974e+04 3.4633e-06 9.9541e-01 9.9974e+04 3.4624e-01 2.4885e+00
3.3137e+01 9.9969e+04 4.1476e-06 9.9458e-01 9.9969e+04 4.1463e-01 2.4865e+00
3.3529e+01 9.9963e+04 4.9484e-06 9.9364e-01 9.9963e+04 4.9466e-01 2.4841e+00
3.3922e+01 9.9955e+04 5.8818e-06 9.9255e-01 9.9955e+04 5.8791e-01 2.4814e+00
3.4314e+01 9.9946e+04 6.9652e-06 9.9132e-01 9.9946e+04 6.9615e-01 2.4783e+00
3.4706e+01 9.9935e+04 8.2178e-06 9.8992e-01 9.9935e+04 8.2125e-01 2.4748e+00
3.5098e+01 9.9923e+04 9.6601e-06 9.8835e-01 9.9923e+04 9.6526e-01 2.4709e+00
3.5490e+01 9.9908e+04 1.1314e-05 9.8657e-01 9.9908e+04 1.1304e+00 2.4664e+00
3.5882e+01 9.9891e+04 1.3204e-05 9.8459e-01 9.9891e+04 1.3189e+00 2.4615e+00
3.6275e+01 9.9872e+04 1.5353e-05 9.8238e-01 9.9872e+04 1.5333e+00 2.4560e+00
3.6667e+01 9.9849e+04 1.7789e-05 9.7992e-01 9.9849e+04 1.7762e+00 2.4498e+00
3.7059e+01 9.9823e+04 2.0539e-05 9.7721e-01 9.9823e+04 2.0503e+00 2.4431e+00
3.7451e+01 9.9794e+04 2.3631e-05 9.7423e-01 9.9794e+04 2.3583e+00 2.4356e+00
3.7843e+01 9.9760e+04 2.7095e-05 9.7097e-01 9.9760e+04 2.7030e+00 2.4275e+00
3.8235e+01 9.9721e+04 3.0960e-05 9.6740e-01 9.9721e+04 3.0874e+00 2.4186e+00
3.8627e+01 9.9678e+04 3.5256e-05 9.6354e-01 9.9678e+04 3.5143e+00 2.4089e+00
3.9020e+01 9.9629e+04 4.0014e-05 9.5935e-01 9.9629e+04 3.9866e+00 2.3985e+00
3.9412e+01 9.9574e+04 4.5264e-05 9.5484e-01 9.9574e+04 4.5071e+00 2.3872e+00
3.9804e+01 9.9512e+04 5.1035e-05 9.5001e-01 9.9512e+04 5.0785e+00 2.3752e+00
4.0196e+01 9.9443e+04 5.7355e-05 9.4485e-01 9.9443e+04 5.7035e+00 2.3623e+00
4.0588e+01 9.9366e+04 6.4252e-05 9.3936e-01 9.9366e+04 6.3844e+00 2.3486e+00
4.0980e+01 9.9281e+04 7.1751e-05 9.3354e-01 9.9281e+04 7.1235e+00 2.3341e+00
4.1373e+01 9.9187e+04 7.9876e-05 9.2740e-01 9.9187e+04 7.9226e+00 2.3188e+00
4.1765e+01 9.9083e+04 8.8648e-05 9.2096e-01 9.9083e+04 8.7835e+00 2.3028e+00
4.2157e+01 9.8970e+04 9.8086e-05 9.1421e-01 9.8970e+04 9.7075e+00 2.2860e+00
4.2549e+01 9.8846e+04 1.0820e-04 9.0718e-01 9.8846e+04 1.0695e+01 2.2685e+00
4.2941e+01 9.8710e+04 1.1902e-04 8.9989e-01 9.8710e+04 1.1748e+01 2.2504e+00
4.3333e+01 9.8563e+04 1.3052e-04 8.9235e-01 9.8563e+04 1.2865e+01 2.2317e+00
4.3725e+01 9.8404e+04 1.4277e-04 8.8461e-01 9.8404e+04 1.4049e+01 2.2125e+00
4.4118e+01 9.8229e+04 1.5559e-04 8.7662e-01 9.8229e+04 1.5283e+01 2.1927e+00
4.4510e+01 9.8053e+04 1.6955e-04 8.6862e-01 9.8053e+04 1.6625e+01 2.1730e+00
4.4902e+01 9.7825e+04 1.8282e-04 8.6000e-01 9.7825e+04 1.7884e+01 2.1516e+00
4.5294e+01 9.7693e+04 2.0074e-04 8.5265e-01 9.7693e+04 1.9611e+01 2.1336e+00
4.5686e+01 9.7259e+04 2.0896e-04 8.4168e-01 9.7259e+04 2.0324e+01 2.1063e+00
4.6078e+01 9.7486e+04 2.4195e-04 8.3887e-01 9.7486e+04 2.3587e+01 2.1000e+00
4.6471e+01 9.6301e+04 2.2565e-04 8.1924e-01 9.6301e+04 2.1730e+01 2.0506e+00
4.6863e+01 9.7605e+04 2.9872e-04 8.2941e-01 9.7605e+04 2.9157e+01 2.0779e+00
4.7255e+01 9.5116e+04 2.3857e-04 7.9512e-01 9.5116e+04 2.2692e+01 1.9905e+00
4.7647e+01 9.7230e+04 3.4195e-04 8.1475e-01 9.7230e+04 3.3248e+01 2.0426e+00
4.8039e+01 9.5031e+04 2.9638e-04 7.8542e-01 9.5031e+04 2.8166e+01 1.9677e+00
4.8431e+01 9.5500e+04 3.4355e-04 7.8635e-01 9.5500e+04 3.2809e+01 1.9715e+00
4.8824e+01 9.5616e+04 3.5955e-04 7.7728e-01 9.5616e+04 3.4379e+01 1.9494e+00
4.9216e+01 8.9696e+04 3.9076e-04 7.7336e-01 8.9696e+04 3.5050e+01 1.9403e+00
4.9608e+01 1.2179e+05 3.9127e-04 7.5849e-01 1.2179e+05 4.7651e+01 1.9056e+00
5.0000e+01 4.0458e+04 4.0627e-04 7.5390e-01 4.0458e+04 1.6437e+01 1.8881e+00
5.0392e+01 1.4091e+04 4.2938e-04 7.5198e-01 1.4091e+04 6.0503e+00 1.8812e+00
5.0784e+01 9.3547e+03 5.3036e-04 7.5438e-01 9.3547e+03 4.9613e+00 1.8873e+00
5.1176e+01 9.3083e+03 6.2762e-04 7.5246e-01 9.3083e+03 5.8421e+00 1.8830e+00
5.1569e+01 9.7130e+03 6.7227e-04 7.4669e-01 9.7130e+03 6.5298e+00 1.8689e+00
5.1961e+01 1.0368e+04 7.8605e-04 7.4957e-01 1.0368e+04 8.1499e+00 1.8771e+00
5.2353e+01 1.0824e+04 9.1206e-04 7.5566e-01 1.0824e+04 9.8720e+00 1.8936e+00
5.2745e+01 1.1191e+04 9.6085e-04 7.5473e-01 1.1191e+04 1.0753e+01 1.8920e+00
5.3137e+01 1.1336e+04 9.4964e-04 7.4827e-01 1.1336e+04 1.0765e+01 1.8758e+00
5.3529e+01 1.1515e+04 9.6467e-04 7.4528e-01 1.1515e+04 1.1108e+01 1.8685e+00
5.3922e+01 1.1691e+04 1.0353e-03 7.4899e-01 1.1691e+04 1.2103e+01 1.8787e+00
5.4314e+01 1.1900e+04 1.1248e-03 7.5529e-01 1.1900e+04 1.3384e+01 1.8957e+00
5.4706e+01 1.2035e+04 1.1830e-03 7.5850e-01 1.2035e+04 1.4237e+01 1.9047e+00
5.5098e+01 1.2114e+04 1.1950e-03 7.5675e-01 1.2114e+04 1.4476e+01 1.9005e+00
5.5490e+01 1.2138e+04 1.1782e-03 7.5188e-01 1.2138e+04 1.4302e+01 1.8881e+00
5.5882e+01 1.2181e+04 1.1713e-03 7.4752e-01 1.2181e+04 1.4267e+01 1.8772e+00
5.6275e+01 1.2274e+04 1.2126e-03 7.4912e-01 1.2274e+04 1.4884e+01 1.8818e+00
5.6667e+01 1.2426e+04 1.3022e-03 7.5664e-01 1.2426e+04 1.6182e+01 1.9021e+00
5.7059e+01 1.2598e+04 1.4109e-03 7.6678e-01 1.2598e+04 1.7775e+01 1.9295e+00
5.7451e+01 1.2754e+04 1.5088e-03 7.7604e-01 1.2754e+04 1.9243e+01 1.9546e+00
5.7843e+01 1.2869e+04 1.5789e-03 7.8231e-01 1.2869e+04 2.0319e+01 1.9718e+00
5.8235e+01 1.2940e+04 1.6193e-03 7.8522e-01 1.2940e+04 2.0954e+01 1.9800e+00
5.8627e+01 1.2977e+04 1.6369e-03 7.8554e-01 1.2977e+04 2.1242e+01 1.9812e+00
5.9020e+01 1.2995e+04 1.6414e-03 7.8438e-01 1.2995e+04 2.1330e+01 1.9784e+00
5.9412e+01 1.3003e+04 1.6403e-03 7.8261e-01 1.3003e+04 2.1329e+01 1.9740e+00
5.9804e+01 1.3008e+04 1.6374e-03 7.8066e-01 1.3008e+04 2.1300e+01 1.9691e+00
6.0196e+01 1.3012e+04 1.6339e-03 7.7861e-01 1.3012e+04 2.1261e+01 1.9639e+00
6.0588e+01 1.3016e+04 1.6300e-03 7.7649e-01 1.3016e+04 2.1215e+01 1.9585e+00
6.0980e+01 1.3019e+04 1.6257e-03 7.7429e-01 1.3019e+04 2.1164e+01 1.9529e+00
6.1373e+01 1.3022e+04 1.6210e-03 7.7201e-01 1.3022e+04 2.1108e+01 1.9471e+00
6.1765e+01 1.3024e+04 1.6159e-03 7.6966e-01 1.3024e+04 2.1046e+01 1.9412e+00
6.2157e+01 1.3026e+04 1.6105e-03 7.6723e-01 1.3026e+04 2.0978e+01 1.9350e+00
6.2549e+01 1.3027e+04 1.6048e-03 7.6471e-01 1.3027e+04 2.0906e+01 1.9285e+00
6.2941e+01 1.3028e+04 1.5987e-03 7.6211e-01 1.3028e+04 2.0829e+01 1.9219e+00
6.3333e+01 1.3029e+04 1.5923e-03 7.5943e-01 1.3029e+04 2.0747e+01 1.9151e+00
6.3725e+01 1.3030e+04 1.5855e-03 7.5665e-01 1.3030e+04 2.0659e+01 1.9080e+00
6.4118e+01 1.3030e+04 1.5784e-03 7.5379e-01 1.3030e+04 2.0567e+01 1.9007e+00
6.4510e+01 1.3030e+04 1.5710e-03 7.5083e-01 1.3030e+04 2.0470e+01 1.8931e+00
6.4902e+01 1.3030e+04 1.5632e-03 7.4777e-01 1.3030e+04 2.0368e+01 1.8853e+00
6.5294e+01 1.3029e+04 1.5551e-03 7.4462e-01 1.3029e+04 2.0261e+01 1.8773e+00
6.5686e+01 1.3028e+04 1.5466e-03 7.4136e-01 1.3028e+04 2.0149e+01 1.8690e+00
6.6078e+01 1.3027e+04 1.5378e-03 7.3799e-01 1.3027e+04 2.0032e+01 1.8604e+00
6.6471e+01 1.3025e+04 1.5286e-03 7.3452e-01 1.3025e+04 1.9910e+01 1.8515e+00
6.6863e+01 1.3024e+04 1.5190e-03 7.3094e-01 1.3024e+04 1.9783e+01 1.8424e+00
6.7255e+01 1.3022e+04 1.5091e-03 7.2724e-01 1.3022e+04 1.9652e+01 1.8329e+00
6.7647e+01 1.3020e+04 1.4989e-03 7.2342e-01 1.3020e+04 1.9515e+01 1.8232e+00
6.8039e+01 1.3017e+04 1.4883e-03 7.1948e-01 1.3017e+04 1.9373e+01 1.8131e+00
6.8431e+01 1.3014e+04 1.4773e-03 7.1542e-01 1.3014e+04 1.9226e+01 1.8027e+00
6.8824e+01 1.3012e+04 1.4660e-03 7.1123e-01 1.3012e+04 1.9074e+01 1.7920e+00
6.9216e+01 1.3008e+04 1.4542e-03 7.0690e-01 1.3008e+04 1.8917e+01 1.7810e+00
6.9608e+01 1.3005e+04 1.4422e-03 7.0245e-01 1.3005e+04 1.8755e+01 1.7696e+00
7.0000e+01 1.3001e+04 1.4297e-03 6.9786e-01 1.3001e+04 1.8588e+01 1.7579e+00
7.0392e+01 1.2998e+04 1.4168e-03 6.9312e-01 1.2998e+04 1.8416e+01 1.7459e+00
7.0784e+01 1.2994e+04 1.4036e-03 6.8824e-01 1.2994e+04 1.8238e+01 1.7334e+00
7.1176e+01 1.2989e+04 1.3900e-03 6.8322e-01 1.2989e+04 1.8056e+01 1.7206e+00
7.1569e+01 1.2985e+04 1.3760e-03 6.7805e-01 1.2985e+04 1.7868e+01 1.7074e+00
7.1961e+01 1.2980e+04 1.3617e-03 6.7272e-01 1.2980e+04 1.7675e+01 1.6938e+00
7.2353e+01 1.2976e+04 1.3469e-03 6.6723e-01 1.2976e+04 1.7476e+01 1.6798e+00
7.2745e+01 1.2971e+04 1.3317e-03 6.6159e-01 1.2971e+04 1.7273e+01 1.6655e+00
7.3137e+01 1.2965e+04 1.3161e-03 6.5578e-01 1.2965e+04 1.7064e+01 1.6507e+00
7.3529e+01 1.2960e+04 1.3002e-03 6.4980e-01 1.2960e+04 1.6850e+01 1.6355e+00
7.3922e+01 1.2954e+04 1.2838e-03 6.4366e-01 1.2954e+04 1.6631e+01 1.6198e+00
7.4314e+01 1.2948e+04 1.2670e-03 6.3734e-01 1.2948e+04 1.6406e+01 1.6037e+00
7.4706e+01 1.2942e+04 1.2498e-03 6.3085e-01 1.2942e+04 1.6176e+01 1.5872e+00
7.5098e+01 1.2936e+04 1.2322e-03 6.2417e-01 1.2936e+04 1.5940e+01 1.5702e+00
7.5490e+01 1.2930e+04 1.2142e-03 6.1731e-01 1.2930e+04 1.5699e+01 1.5528e+00
7.5882e+01 1.2923e+04 1.1957e-03 6.1027e-01 1.2923e+04 1.5453e+01 1.5349e+00
7.6275e+01 1.2916e+04 1.1769e-03 6.0304e-01 1.2916e+04 1.5201e+01 1.5165e+00
7.6667e+01 1.2909e+04 1.1576e-03 5.9561e-01 1.2909e+04 1.4944e+01 1.4977e+00
7.7059e+01 1.2902e+04 1.1379e-03 5.8799e-01 1.2902e+04 1.4681e+01 1.4783e+00
7.7451e+01 1.2895e+04 1.1177e-03 5.8017e-01 1.2895e+04 1.4413e+01 1.4585e+00
7.7843e+01 1.2888e+04 1.0971e-03 5.7214e-01 1.2888e+04 1.4140e+01 1.4381e+00
7.8235e+01 1.2880e+04 1.0761e-03 5.6391e-01 1.2880e+04 1.3860e+01 1.4172e+00
7.8627e+01 1.2872e+04 1.0546e-03 5.5547e-01 1.2872e+04 1.3576e+01 1.3958e+00
7.9020e+01 1.2864e+04 1.0327e-03 5.4681e-01 1.2864e+04 1.3285e+01 1.3739e+00
7.9412e+01 1.2856e+04 1.0104e-03 5.3793e-01 1.2856e+04 1.2989e+01 1.3514e+00
7.9804e+01 1.2848e+04 9.8754e-04 5.2883e-01 1.2848e+04 1.2687e+01 1.3283e+00
8.0196e+01 1.2839e+04 9.6425e-04 5.1951e-01 1.2839e+04 1.2380e+01 1.3047e+00
8.0588e+01 1.2830e+04 9.4050e-04 5.0995e-01 1.2830e+04 1.2067e+01 1.2806e+00
8.0980e+01 1.2822e+04 9.1627e-04 5.0016e-01 1.2822e+04 1.1748e+01 1.2558e+00
8.1373e+01 1.2813e+04 8.9157e-04 4.9012e-01 1.2813e+04 1.1423e+01 1.2304e+00
8.1765e+01 1.2803e+04 8.6639e-04 4.7984e-01 1.2803e+04 1.1093e+01 1.2044e+00
8.2157e+01 1.2794e+04 8.4072e-04 4.6931e-01 1.2794e+04 1.0756e+01 1.1778e+00
8.2549e+01 1.2784e+04 8.1455e-04 4.5853e-01 1.2784e+04 1.0414e+01 1.1506e+00
8.2941e+01 1.2775e+04 7.8788e-04 4.4748e-01 1.2775e+04 1.0065e+01 1.1227e+00
8.3333e+01 1.2765e+04 7.6070e-04 4.3617e-01 1.2765e+04 9.7103e+00 1.0941e+00
8.3725e+01 1.2755e+04 7.3300e-04 4.2458e-01 1.2755e+04 9.3494e+00 1.0649e+00
8.4118e+01 1.2745e+04 7.0478e-04 4.1271e-01 1.2745e+04 8.9822e+00 1.0349e+00
8.4510e+01 1.2734e+04 6.7603e-04 4.0056e-01 1.2734e+04 8.6088e+00 1.0043e+00
8.4902e+01 1.2724e+04 6.4673e-04 3.8811e-01 1.2724e+04 8.2289e+00 9.7294e-01
8.5294e+01 1.2713e+04 6.1689e-04 3.7537e-01 1.2713e+04 7.8426e+00 9.4083e-01
8.5686e+01 1.2702e+04 5.8649e-04 3.6231e-01 1.2702e+04 7.4497e+00 9.0797e-01
8.6078e+01 1.2691e+04 5.5552e-04 3.4895e-01 1.2691e+04 7.0502e+00 8.7433e-01
8.6471e+01 1.2680e+04 5.2398e-04 3.3526e-01 1.2680e+04 6.6440e+00 8.3990e-01
8.6863e+01 1.2669e+04 4.9185e-04 3.2125e-01 1.2669e+04 6.2310e+00 8.0465e-01
8.7255e+01 1.2657e+04 4.5912e-04 3.0689e-01 1.2657e+04 5.8111e+00 7.6857e-01
8.7647e+01 1.2645e+04 4.2579e-04 2.9220e-01 1.2645e+04 5.3842e+00 7.3164e-01
8.8039e+01 1.2634e+04 3.9184e-04 2.7715e-01 1.2634e+04 4.9503e+00 6.9383e-01
8.8431e+01 1.2621e+04 3.5726e-04 2.6173e-01 1.2621e+04 4.5091e+00 6.5513e-01
8.8824e+01 1.2609e+04 3.2204e-04 2.4595e-01 1.2609e+04 4.0607e+00 6.1552e-01
8.9216e+01 1.2597e+04 2.8620e-04 2.2979e-01 1.2597e+04 3.6052e+00 5.7499e-01
8.9608e+01 1.2584e+04 2.4974e-04 2.1326e-01 1.2584e+04 3.1428e+00 5.3355e-01
9.0000e+01 1.2572e+04 2.1278e-04 1.9641e-01 1.2572e+04 2.6750e+00 4.9132e-01
9.0392e+01 1.2559e+04 1.7560e-04 1.7937e-01 1.2559e+04 2.2054e+00 4.4862e-01
9.0784e+01 1.2547e+04 1.3886e-04 1.6244e-01 1.2547e+04 1.7422e+00 4.0622e-01
9.1176e+01 1.2535e+04 1.0379e-04 1.4625e-01 1.2535e+04 1.3010e+00 3.6569e-01
9.1569e+01 1.2524e+04 7.2280e-05 1.3175e-01 1.2524e+04 9.0527e-01 3.2940e-01
9.1961e+01 1.2516e+04 4.6335e-05 1.1995e-01 1.2516e+04 5.7991e-01 2.9989e-01
9.2353e+01 1.2509e+04 2.7213e-05 1.1145e-01 1.2509e+04 3.4042e-01 2.7864e-01
9.2745e+01 1.2505e+04 1.4728e-05 1.0607e-01 1.2505e+04 1.8418e-01 2.6517e-01
9.3137e+01 1.2503e+04 7.4582e-06 1.0302e-01 1.2503e+04 9.3247e-02 2.5755e-01
9.3529e+01 1.2501e+04 3.6036e-06 1.0144e-01 1.2501e+04 4.5050e-02 2.5361e-01
9.3922e+01 1.2501e+04 1.6911e-06 1.0067e-01 1.2501e+04 2.1140e-02 2.5169e-01
9.4314e+01 1.2500e+04 7.8053e-07 1.0031e-01 1.2500e+04 9.7569e-03 2.5078e-01
9.4706e+01 1.2500e+04 3.5698e-07 1.0014e-01 1.2500e+04 4.4623e-03 2.5036e-01
9.5098e+01 1.2500e+04 1.6242e-07 1.0006e-01 1.2500e+04 2.0302e-03 2.5016e-01
9.5490e+01 1.2500e+04 7.3658e-08 1.0003e-01 1.2500e+04 9.2072e-04 2.5007e-01
9.5882e+01 1.2500e+04 3.3326e-08 1.0001e-01 1.2500e+04 4.1657e-04 2.5003e-01
9.6275e+01 1.2500e+04 1.5049e-08 1.0001e-01 1.2500e+04 1.8811e-04 2.5002e-01
9.6667e+01 1.2500e+04 6.7837e-09 1.0000e-01 1.2500e+04 8.4796e-05 2.5001e-01
9.7059e+01 1.2500e+04 3.0529e-09 1.0000e-01 1.2500e+04 3.8161e-05 2.5000e-01
9.7451e+01 1.2500e+04 1.3716e-09 1.0000e-01 1.2500e+04 1.7146e-05 2.5000e-01
9.7843e+01 1.2500e+04 6.1530e-10 1.0000e-01 1.2500e+04 7.6913e-06 2.5000e-01
9.8235e+01 1.2500e+04 2.7561e-10 1.0000e-01 1.2500e+04 3.4451e-06 2.5000e-01
9.8627e+01 1.2500e+04 1.2335e-10 1.0000e-01 1.2500e+04 1.5418e-06 2.5000e-01
9.9020e+01 1.2500e+04 5.5313e-11 1.0000e-01 1.2500e+04 6.9141e-07 2.5000e-01
9.9412e+01 1.2500e+04 2.5164e-11 1.0000e-01 1.2500e+04 3.1455e-07 2.5000e-01
9.9804e+01 1.2500e+04 1.2742e-11 1.0000e-01 1.2500e+04 1.5927e-07 2.5000e-01
