# # x Density Velocity Pressure q0 q1 q2
1.9608e-01 1.0000e+05 6.4831e-20 1.0000e+00 1.0000e+05 6.4831e-15 2.5000e+00
5.8824e-01 1.0000e+05 8.9773e-19 1.0000e+00 1.0000e+05 8.9773e-14 2.5000e+00
9.8039e-01 1.0000e+05 3.6277e-18 1.0000e+00 1.0000e+05 3.6277e-13 2.5000e+00
1.3725e+00 1.0000e+05 8.4360e-18 1.0000e+00 1.0000e+05 8.4360e-13 2.5000e+00
1.7647e+00 1.0000e+05 1.5330e-17 1.0000e+00 1.0000e+05 1.5330e-12 2.5000e+00
2.1569e+00 1.0000e+05 2.4368e-17 1.0000e+00 1.0000e+05 2.4368e-12 2.5000e+00
2.5490e+00 1.0000e+05 3.6812e-17 1.0000e+00 1.0000e+05 3.6812e-12 2.5000e+00
2.9412e+00 1.0000e+05 5.5069e-17 1.0000e+00 1.0000e+05 5.5069e-12 2.5000e+00
3.3333e+00 1.0000e+05 8.1636e-17 1.0000e+00 1.0000e+05 8.1636e-12 2.5000e+00
3.7255e+00 1.0000e+05 1.2232e-16 1.0000e+00 1.0000e+05 1.2232e-11 2.5000e+00
4.1176e+00 1.0000e+05 1.8572e-16 1.0000e+00 1.0000e+05 1.8572e-11 2.5000e+00
4.5098e+00 1.0000e+05 2.8497e-16 1.0000e+00 1.0000e+05 2.8497e-11 2.5000e+00
4.9020e+00 1.0000e+05 4.4087e-16 1.0000e+00 1.0000e+05 4.4087e-11 2.5000e+00
5.2941e+00 1.0000e+05 6.8584e-16 1.0000e+00 1.0000e+05 6.8584e-11 2.5000e+00
5.6863e+00 1.0000e+05 1.0697e-15 1.0000e+00 1.0000e+05 1.0697e-10 2.5000e+00
6.0784e+00 1.0000e+05 1.6695e-15 1.0000e+00 1.0000e+05 1.6695e-10 2.5000e+00
6.4706e+00 1.0000e+05 2.6024e-15 1.0000e+00 1.0000e+05 2.6024e-10 2.5000e+00
6.8627e+00 1.0000e+05 4.0477e-15 1.0000e+00 1.0000e+05 4.0477e-10 2.5000e+00
7.2549e+00 1.0000e+05 6.2786e-15 1.0000e+00 1.0000e+05 6.2786e-10 2.5000e+00
7.6471e+00 1.0000e+05 9.7067e-15 1.0000e+00 1.0000e+05 9.7067e-10 2.5000e+00
8.0392e+00 1.0000e+05 1.4953e-14 1.0000e+00 1.0000e+05 1.4953e-09 2.5000e+00
8.4314e+00 1.0000e+05 2.2953e-14 1.0000e+00 1.0000e+05 2.2953e-09 2.5000e+00
8.8235e+00 1.0000e+05 3.5098e-14 1.0000e+00 1.0000e+05 3.5098e-09 2.5000e+00
9.2157e+00 1.0000e+05 5.3464e-14 1.0000e+00 1.0000e+05 5.3464e-09 2.5000e+00
9.6078e+00 1.0000e+05 8.1128e-14 1.0000e+00 1.0000e+05 8.1128e-09 2.5000e+00
1.0000e+01 1.0000e+05 1.2263e-13 1.0000e+00 1.0000e+05 1.2263e-08 2.5000e+00
1.0392e+01 1.0000e+05 1.8464e-13 1.0000e+00 1.0000e+05 1.8464e-08 2.5000e+00
1.0784e+01 1.0000e+05 2.7691e-13 1.0000e+00 1.0000e+05 2.7691e-08 2.5000e+00
1.1176e+01 1.0000e+05 4.1368e-13 1.0000e+00 1.0000e+05 4.1368e-08 2.5000e+00
1.1569e+01 1.0000e+05 6.1556e-13 1.0000e+00 1.0000e+05 6.1556e-08 2.5000e+00
1.1961e+01 1.0000e+05 9.1236e-13 1.0000e+00 1.0000e+05 9.1236e-08 2.5000e+00
1.2353e+01 1.0000e+05 1.3469e-12 1.0000e+00 1.0000e+05 1.3469e-07 2.5000e+00
1.2745e+01 1.0000e+05 1.9807e-12 1.0000e+00 1.0000e+05 1.9807e-07 2.5000e+00
1.3137e+01 1.0000e+05 2.9010e-12 1.0000e+00 1.0000e+05 2.9010e-07 2.5000e+00
1.3529e+01 1.0000e+05 4.2322e-12 1.0000e+00 1.0000e+05 4.2322e-07 2.5000e+00
1.3922e+01 1.0000e+05 6.1499e-12 1.0000e+00 1.0000e+05 6.1499e-07 2.5000e+00
1.4314e+01 1.0000e+05 8.9010e-12 1.0000e+00 1.0000e+05 8.9010e-07 2.5000e+00
1.4706e+01 1.0000e+05 1.2832e-11 1.0000e+00 1.0000e+05 1.2832e-06 2.5000e+00
1.5098e+01 1.0000e+05 1.8425e-11 1.0000e+00 1.0000e+05 1.8425e-06 2.5000e+00
1.5490e+01 1.0000e+05 2.6351e-11 1.0000e+00 1.0000e+05 2.6351e-06 2.5000e+00
1.5882e+01 1.0000e+05 3.7536e-11 1.0000e+00 1.0000e+05 3.7536e-06 2.5000e+00
1.6275e+01 1.0000e+05 5.3257e-11 1.0000e+00 1.0000e+05 5.3257e-06 2.5000e+00
1.6667e+01 1.0000e+05 7.5261e-11 1.0000e+00 1.0000e+05 7.5261e-06 2.5000e+00
1.7059e+01 1.0000e+05 1.0593e-10 1.0000e+00 1.0000e+05 1.0593e-05 2.5000e+00
1.7451e+01 1.0000e+05 1.4851e-10 1.0000e+00 1.0000e+05 1.4851e-05 2.5000e+00
1.7843e+01 1.0000e+05 2.0737e-10 1.0000e+00 1.0000e+05 2.0737e-05 2.5000e+00
1.8235e+01 1.0000e+05 2.8840e-10 1.0000e+00 1.0000e+05 2.8840e-05 2.5000e+00
1.8627e+01 1.0000e+05 3.9949e-10 1.0000e+00 1.0000e+05 3.9949e-05 2.5000e+00
1.9020e+01 1.0000e+05 5.5117e-10 1.0000e+00 1.0000e+05 5.5117e-05 2.5000e+00
1.9412e+01 1.0000e+05 7.5740e-10 1.0000e+00 1.0000e+05 7.5740e-05 2.5000e+00
1.9804e+01 1.0000e+05 1.0366e-09 1.0000e+00 1.0000e+05 1.0366e-04 2.5000e+00
2.0196e+01 1.0000e+05 1.4131e-09 1.0000e+00 1.0000e+05 1.4131e-04 2.5000e+00
2.0588e+01 1.0000e+05 1.9187e-09 1.0000e+00 1.0000e+05 1.9187e-04 2.5000e+00
2.0980e+01 1.0000e+05 2.5947e-09 9.9999e-01 1.0000e+05 2.5947e-04 2.5000e+00
2.1373e+01 1.0000e+05 3.4949e-09 9.9999e-01 1.0000e+05 3.4949e-04 2.5000e+00
2.1765e+01 1.0000e+05 4.6885e-09 9.9999e-01 1.0000e+05 4.6885e-04 2.5000e+00
2.2157e+01 1.0000e+05 6.2647e-09 9.9999e-01 1.0000e+05 6.2647e-04 2.5000e+00
2.2549e+01 1.0000e+05 8.3374e-09 9.9998e-01 1.0000e+05 8.3374e-04 2.5000e+00
2.2941e+01 1.0000e+05 1.1051e-08 9.9998e-01 1.0000e+05 1.1051e-03 2.4999e+00
2.3333e+01 1.0000e+05 1.4591e-08 9.9997e-01 1.0000e+05 1.4590e-03 2.4999e+00
2.3725e+01 1.0000e+05 1.9186e-08 9.9997e-01 1.0000e+05 1.9186e-03 2.4999e+00
2.4118e+01 1.0000e+05 2.5129e-08 9.9996e-01 1.0000e+05 2.5129e-03 2.4999e+00
2.4510e+01 1.0000e+05 3.2781e-08 9.9994e-01 1.0000e+05 3.2781e-03 2.4999e+00
2.4902e+01 1.0000e+05 4.2592e-08 9.9993e-01 1.0000e+05 4.2592e-03 2.4998e+00
2.5294e+01 1.0000e+05 5.5121e-08 9.9991e-01 1.0000e+05 5.5121e-03 2.4998e+00
2.5686e+01 1.0000e+05 7.1052e-08 9.9988e-01 1.0000e+05 7.1052e-03 2.4997e+00
2.6078e+01 9.9999e+04 9.1224e-08 9.9985e-01 9.9999e+04 9.1223e-03 2.4996e+00
2.6471e+01 9.9999e+04 1.1666e-07 9.9981e-01 9.9999e+04 1.1666e-02 2.4995e+00
2.6863e+01 9.9999e+04 1.4859e-07 9.9976e-01 9.9999e+04 1.4859e-02 2.4994e+00
2.7255e+01 9.9999e+04 1.8852e-07 9.9970e-01 9.9999e+04 1.8852e-02 2.4992e+00
2.7647e+01 9.9999e+04 2.3824e-07 9.9962e-01 9.9999e+04 2.3824e-02 2.4991e+00
2.8039e+01 9.9998e+04 2.9989e-07 9.9953e-01 9.9998e+04 2.9988e-02 2.4988e+00
2.8431e+01 9.9998e+04 3.7600e-07 9.9942e-01 9.9998e+04 3.7599e-02 2.4985e+00
2.8824e+01 9.9997e+04 4.6958e-07 9.9928e-01 9.9997e+04 4.6957e-02 2.4982e+00
2.9216e+01 9.9996e+04 5.8417e-07 9.9912e-01 9.9996e+04 5.8415e-02 2.4978e+00
2.9608e+01 9.9995e+04 7.2388e-07 9.9892e-01 9.9995e+04 7.2385e-02 2.4973e+00
3.0000e+01 9.9994e+04 8.9352e-07 9.9869e-01 9.9994e+04 8.9346e-02 2.4967e+00
3.0392e+01 9.9993e+04 1.0986e-06 9.9841e-01 9.9993e+04 1.0986e-01 2.4960e+00
3.0784e+01 9.9991e+04 1.3456e-06 9.9808e-01 9.9991e+04 1.3455e-01 2.4952e+00
3.1176e+01 9.9989e+04 1.6418e-06 9.9769e-01 9.9989e+04 1.6416e-01 2.4942e+00
3.1569e+01 9.9986e+04 1.9955e-06 9.9724e-01 9.9986e+04 1.9952e-01 2.4931e+00
3.1961e+01 9.9983e+04 2.4161e-06 9.9670e-01 9.9983e+04 2.4156e-01 2.4918e+00
3.2353e+01 9.9979e+04 2.9142e-06 9.9608e-01 9.9979e+04 2.9136e-01 2.4902e+00
3.2745e+01 9.9974e+04 3.5017e-06 9.9536e-01 9.9974e+04 3.5008e-01 2.4884e+00
3.3137e+01 9.9969e+04 4.1918e-06 9.9453e-01 9.9969e+04 4.1905e-01 2.4863e+00
3.3529e+01 9.9962e+04 4.9991e-06 9.9358e-01 9.9962e+04 4.9972e-01 2.4840e+00
3.3922e+01 9.9954e+04 5.9396e-06 9.9249e-01 9.9954e+04 5.9369e-01 2.4812e+00
3.4314e+01 9.9945e+04 7.0310e-06 9.9125e-01 9.9945e+04 7.0271e-01 2.4781e+00
3.4706e+01 9.9934e+04 8.2922e-06 9.8985e-01 9.9934e+04 8.2868e-01 2.4746e+00
3.5098e+01 9.9922e+04 9.7439e-06 9.8826e-01 9.9922e+04 9.7363e-01 2.4707e+00
3.5490e+01 9.9907e+04 1.1408e-05 9.8648e-01 9.9907e+04 1.1398e+00 2.4662e+00
3.5882e+01 9.9890e+04 1.3309e-05 9.8449e-01 9.9890e+04 1.3294e+00 2.4612e+00
3.6275e+01 9.9870e+04 1.5470e-05 9.8227e-01 9.9870e+04 1.5450e+00 2.4557e+00
3.6667e+01 9.9848e+04 1.7919e-05 9.7981e-01 9.9848e+04 1.7891e+00 2.4495e+00
3.7059e+01 9.9822e+04 2.0682e-05 9.7709e-01 9.9822e+04 2.0645e+00 2.4427e+00
3.7451e+01 9.9792e+04 2.3788e-05 9.7410e-01 9.9792e+04 2.3739e+00 2.4353e+00
3.7843e+01 9.9758e+04 2.7266e-05 9.7083e-01 9.9758e+04 2.7200e+00 2.4271e+00
3.8235e+01 9.9719e+04 3.1147e-05 9.6726e-01 9.9719e+04 3.1059e+00 2.4182e+00
3.8627e+01 9.9675e+04 3.5459e-05 9.6338e-01 9.9675e+04 3.5344e+00 2.4085e+00
3.9020e+01 9.9626e+04 4.0233e-05 9.5919e-01 9.9626e+04 4.0082e+00 2.3981e+00
3.9412e+01 9.9571e+04 4.5499e-05 9.5467e-01 9.9571e+04 4.5304e+00 2.3868e+00
3.9804e+01 9.9509e+04 5.1286e-05 9.4983e-01 9.9509e+04 5.1034e+00 2.3747e+00
4.0196e+01 9.9439e+04 5.7623e-05 9.4467e-01 9.9439e+04 5.7300e+00 2.3618e+00
4.0588e+01 9.9362e+04 6.4536e-05 9.3917e-01 9.9362e+04 6.4125e+00 2.3481e+00
4.0980e+01 9.9277e+04 7.2051e-05 9.3335e-01 9.9277e+04 7.1530e+00 2.3336e+00
4.1373e+01 9.9183e+04 8.0192e-05 9.2721e-01 9.9183e+04 7.9537e+00 2.3183e+00
4.1765e+01 9.9079e+04 8.8980e-05 9.2076e-01 9.9079e+04 8.8160e+00 2.3023e+00
4.2157e+01 9.8965e+04 9.8432e-05 9.1402e-01 9.8965e+04 9.7414e+00 2.2855e+00
4.2549e+01 9.8840e+04 1.0856e-04 9.0699e-01 9.8840e+04 1.0731e+01 2.2681e+00
4.2941e+01 9.8705e+04 1.1939e-04 8.9970e-01 9.8705e+04 1.1784e+01 2.2500e+00
4.3333e+01 9.8557e+04 1.3091e-04 8.9217e-01 9.8557e+04 1.2902e+01 2.2313e+00
4.3725e+01 9.8398e+04 1.4316e-04 8.8442e-01 9.8398e+04 1.4087e+01 2.2121e+00
4.4118e+01 9.8222e+04 1.5599e-04 8.7644e-01 9.8222e+04 1.5322e+01 2.1923e+00
4.4510e+01 9.8046e+04 1.6997e-04 8.6845e-01 9.8046e+04 1.6665e+01 2.1725e+00
4.4902e+01 9.7817e+04 1.8322e-04 8.5983e-01 9.7817e+04 1.7922e+01 2.1512e+00
4.5294e+01 9.7687e+04 2.0120e-04 8.5250e-01 9.7687e+04 1.9655e+01 2.1332e+00
4.5686e+01 9.7249e+04 2.0930e-04 8.4151e-01 9.7249e+04 2.0354e+01 2.1059e+00
4.6078e+01 9.7483e+04 2.4253e-04 8.3878e-01 9.7483e+04 2.3642e+01 2.0998e+00
4.6471e+01 9.6287e+04 2.2585e-04 8.1904e-01 9.6287e+04 2.1746e+01 2.0501e+00
4.6863e+01 9.7603e+04 2.9935e-04 8.2935e-01 9.7603e+04 2.9217e+01 2.0778e+00
4.7255e+01 9.5105e+04 2.3892e-04 7.9499e-01 9.5105e+04 2.2722e+01 1.9902e+00
4.7647e+01 9.7216e+04 3.4218e-04 8.1459e-01 9.7216e+04 3.3265e+01 2.0422e+00
4.8039e+01 9.5032e+04 2.9714e-04 7.8545e-01 9.5032e+04 2.8238e+01 1.9678e+00
4.8431e+01 9.5484e+04 3.4372e-04 7.8620e-01 9.5484e+04 3.2819e+01 1.9711e+00
4.8824e+01 9.5610e+04 3.5985e-04 7.7719e-01 9.5610e+04 3.4406e+01 1.9492e+00
4.9216e+01 8.9663e+04 3.9125e-04 7.7335e-01 8.9663e+04 3.5081e+01 1.9402e+00
4.9608e+01 1.2183e+05 3.9170e-04 7.5847e-01 1.2183e+05 4.7722e+01 1.9055e+00
5.0000e+01 4.0564e+04 4.0668e-04 7.5387e-01 4.0564e+04 1.6496e+01 1.8880e+00
5.0392e+01 1.4120e+04 4.2902e-04 7.5183e-01 1.4120e+04 6.0577e+00 1.8809e+00
5.0784e+01 9.3552e+03 5.2968e-04 7.5423e-01 9.3552e+03 4.9553e+00 1.8869e+00
5.1176e+01 9.3043e+03 6.2959e-04 7.5259e-01 9.3043e+03 5.8579e+00 1.8833e+00
5.1569e+01 9.7072e+03 6.7287e-04 7.4669e-01 9.7072e+03 6.5317e+00 1.8689e+00
5.1961e+01 1.0360e+04 7.8348e-04 7.4924e-01 1.0360e+04 8.1166e+00 1.8763e+00
5.2353e+01 1.0817e+04 9.1049e-04 7.5543e-01 1.0817e+04 9.8488e+00 1.8931e+00
5.2745e+01 1.1189e+04 9.6246e-04 7.5484e-01 1.1189e+04 1.0769e+01 1.8923e+00
5.3137e+01 1.1335e+04 9.5182e-04 7.4844e-01 1.1335e+04 1.0789e+01 1.8762e+00
5.3529e+01 1.1511e+04 9.6438e-04 7.4518e-01 1.1511e+04 1.1101e+01 1.8683e+00
5.3922e+01 1.1685e+04 1.0327e-03 7.4864e-01 1.1685e+04 1.2067e+01 1.8778e+00
5.4314e+01 1.1894e+04 1.1223e-03 7.5494e-01 1.1894e+04 1.3349e+01 1.8948e+00
5.4706e+01 1.2032e+04 1.1824e-03 7.5836e-01 1.2032e+04 1.4227e+01 1.9043e+00
5.5098e+01 1.2113e+04 1.1964e-03 7.5684e-01 1.2113e+04 1.4493e+01 1.9008e+00
5.5490e+01 1.2139e+04 1.1802e-03 7.5211e-01 1.2139e+04 1.4326e+01 1.8887e+00
5.5882e+01 1.2180e+04 1.1718e-03 7.4758e-01 1.2180e+04 1.4273e+01 1.8773e+00
5.6275e+01 1.2269e+04 1.2104e-03 7.4884e-01 1.2269e+04 1.4850e+01 1.8811e+00
5.6667e+01 1.2419e+04 1.2980e-03 7.5612e-01 1.2419e+04 1.6120e+01 1.9008e+00
5.7059e+01 1.2590e+04 1.4063e-03 7.6620e-01 1.2590e+04 1.7706e+01 1.9280e+00
5.7451e+01 1.2748e+04 1.5050e-03 7.7555e-01 1.2748e+04 1.9186e+01 1.9533e+00
5.7843e+01 1.2864e+04 1.5767e-03 7.8200e-01 1.2864e+04 2.0282e+01 1.9710e+00
5.8235e+01 1.2938e+04 1.6184e-03 7.8507e-01 1.2938e+04 2.0938e+01 1.9796e+00
5.8627e+01 1.2976e+04 1.6370e-03 7.8550e-01 1.2976e+04 2.1242e+01 1.9811e+00
5.9020e+01 1.2995e+04 1.6420e-03 7.8440e-01 1.2995e+04 2.1337e+01 1.9785e+00
5.9412e+01 1.3003e+04 1.6410e-03 7.8265e-01 1.3003e+04 2.1339e+01 1.9741e+00
5.9804e+01 1.3008e+04 1.6382e-03 7.8071e-01 1.3008e+04 2.1311e+01 1.9692e+00
6.0196e+01 1.3013e+04 1.6348e-03 7.7868e-01 1.3013e+04 2.1272e+01 1.9641e+00
6.0588e+01 1.3016e+04 1.6308e-03 7.7656e-01 1.3016e+04 2.1227e+01 1.9587e+00
6.0980e+01 1.3019e+04 1.6266e-03 7.7437e-01 1.3019e+04 2.1177e+01 1.9532e+00
6.1373e+01 1.3022e+04 1.6219e-03 7.7211e-01 1.3022e+04 2.1120e+01 1.9474e+00
6.1765e+01 1.3024e+04 1.6169e-03 7.6976e-01 1.3024e+04 2.1059e+01 1.9414e+00
6.2157e+01 1.3026e+04 1.6116e-03 7.6734e-01 1.3026e+04 2.0992e+01 1.9353e+00
6.2549e+01 1.3028e+04 1.6059e-03 7.6483e-01 1.3028e+04 2.0920e+01 1.9289e+00
6.2941e+01 1.3029e+04 1.5998e-03 7.6224e-01 1.3029e+04 2.0844e+01 1.9223e+00
6.3333e+01 1.3030e+04 1.5934e-03 7.5957e-01 1.3030e+04 2.0762e+01 1.9155e+00
6.3725e+01 1.3030e+04 1.5867e-03 7.5681e-01 1.3030e+04 2.0675e+01 1.9084e+00
6.4118e+01 1.3030e+04 1.5796e-03 7.5396e-01 1.3030e+04 2.0583e+01 1.9012e+00
6.4510e+01 1.3030e+04 1.5722e-03 7.5101e-01 1.3030e+04 2.0487e+01 1.8936e+00
6.4902e+01 1.3030e+04 1.5645e-03 7.4797e-01 1.3030e+04 2.0385e+01 1.8859e+00
6.5294e+01 1.3029e+04 1.5564e-03 7.4483e-01 1.3029e+04 2.0279e+01 1.8779e+00
6.5686e+01 1.3029e+04 1.5479e-03 7.4159e-01 1.3029e+04 2.0168e+01 1.8696e+00
6.6078e+01 1.3027e+04 1.5392e-03 7.3824e-01 1.3027e+04 2.0051e+01 1.8610e+00
6.6471e+01 1.3026e+04 1.5300e-03 7.3478e-01 1.3026e+04 1.9930e+01 1.8522e+00
6.6863e+01 1.3024e+04 1.5205e-03 7.3122e-01 1.3024e+04 1.9804e+01 1.8431e+00
6.7255e+01 1.3022e+04 1.5107e-03 7.2753e-01 1.3022e+04 1.9673e+01 1.8337e+00
6.7647e+01 1.3020e+04 1.5005e-03 7.2373e-01 1.3020e+04 1.9537e+01 1.8240e+00
6.8039e+01 1.3018e+04 1.4899e-03 7.1982e-01 1.3018e+04 1.9395e+01 1.8140e+00
6.8431e+01 1.3015e+04 1.4790e-03 7.1577e-01 1.3015e+04 1.9249e+01 1.8037e+00
6.8824e+01 1.3012e+04 1.4677e-03 7.1160e-01 1.3012e+04 1.9098e+01 1.7930e+00
6.9216e+01 1.3009e+04 1.4560e-03 7.0730e-01 1.3009e+04 1.8942e+01 1.7820e+00
6.9608e+01 1.3006e+04 1.4440e-03 7.0287e-01 1.3006e+04 1.8781e+01 1.7707e+00
7.0000e+01 1.3002e+04 1.4316e-03 6.9830e-01 1.3002e+04 1.8614e+01 1.7591e+00
7.0392e+01 1.2999e+04 1.4188e-03 6.9359e-01 1.2999e+04 1.8443e+01 1.7471e+00
7.0784e+01 1.2995e+04 1.4057e-03 6.8874e-01 1.2995e+04 1.8266e+01 1.7347e+00
7.1176e+01 1.2990e+04 1.3921e-03 6.8374e-01 1.2990e+04 1.8084e+01 1.7219e+00
7.1569e+01 1.2986e+04 1.3782e-03 6.7859e-01 1.2986e+04 1.7897e+01 1.7088e+00
7.1961e+01 1.2981e+04 1.3639e-03 6.7329e-01 1.2981e+04 1.7705e+01 1.6953e+00
7.2353e+01 1.2977e+04 1.3492e-03 6.6783e-01 1.2977e+04 1.7507e+01 1.6814e+00
7.2745e+01 1.2972e+04 1.3341e-03 6.6221e-01 1.2972e+04 1.7305e+01 1.6671e+00
7.3137e+01 1.2966e+04 1.3185e-03 6.5644e-01 1.2966e+04 1.7097e+01 1.6524e+00
7.3529e+01 1.2961e+04 1.3026e-03 6.5049e-01 1.2961e+04 1.6884e+01 1.6372e+00
7.3922e+01 1.2955e+04 1.2863e-03 6.4438e-01 1.2955e+04 1.6665e+01 1.6217e+00
7.4314e+01 1.2950e+04 1.2696e-03 6.3809e-01 1.2950e+04 1.6441e+01 1.6057e+00
7.4706e+01 1.2944e+04 1.2525e-03 6.3163e-01 1.2944e+04 1.6212e+01 1.5892e+00
7.5098e+01 1.2937e+04 1.2350e-03 6.2499e-01 1.2937e+04 1.5977e+01 1.5723e+00
7.5490e+01 1.2931e+04 1.2170e-03 6.1817e-01 1.2931e+04 1.5737e+01 1.5550e+00
7.5882e+01 1.2924e+04 1.1987e-03 6.1116e-01 1.2924e+04 1.5492e+01 1.5372e+00
7.6275e+01 1.2918e+04 1.1799e-03 6.0396e-01 1.2918e+04 1.5241e+01 1.5189e+00
7.6667e+01 1.2911e+04 1.1607e-03 5.9658e-01 1.2911e+04 1.4985e+01 1.5001e+00
7.7059e+01 1.2904e+04 1.1410e-03 5.8899e-01 1.2904e+04 1.4724e+01 1.4809e+00
7.7451e+01 1.2896e+04 1.1210e-03 5.8121e-01 1.2896e+04 1.4456e+01 1.4611e+00
7.7843e+01 1.2889e+04 1.1005e-03 5.7323e-01 1.2889e+04 1.4184e+01 1.4409e+00
7.8235e+01 1.2881e+04 1.0795e-03 5.6504e-01 1.2881e+04 1.3906e+01 1.4201e+00
7.8627e+01 1.2874e+04 1.0581e-03 5.5664e-01 1.2874e+04 1.3622e+01 1.3988e+00
7.9020e+01 1.2866e+04 1.0363e-03 5.4802e-01 1.2866e+04 1.3333e+01 1.3770e+00
7.9412e+01 1.2857e+04 1.0140e-03 5.3919e-01 1.2857e+04 1.3038e+01 1.3546e+00
7.9804e+01 1.2849e+04 9.9129e-04 5.3014e-01 1.2849e+04 1.2737e+01 1.3317e+00
8.0196e+01 1.2841e+04 9.6810e-04 5.2086e-01 1.2841e+04 1.2431e+01 1.3082e+00
8.0588e+01 1.2832e+04 9.4444e-04 5.1135e-01 1.2832e+04 1.2119e+01 1.2841e+00
8.0980e+01 1.2823e+04 9.2031e-04 5.0161e-01 1.2823e+04 1.1801e+01 1.2595e+00
8.1373e+01 1.2814e+04 8.9571e-04 4.9163e-01 1.2814e+04 1.1478e+01 1.2342e+00
8.1765e+01 1.2805e+04 8.7062e-04 4.8140e-01 1.2805e+04 1.1148e+01 1.2084e+00
8.2157e+01 1.2796e+04 8.4505e-04 4.7093e-01 1.2796e+04 1.0813e+01 1.1819e+00
8.2549e+01 1.2786e+04 8.1899e-04 4.6020e-01 1.2786e+04 1.0472e+01 1.1548e+00
8.2941e+01 1.2777e+04 7.9243e-04 4.4921e-01 1.2777e+04 1.0124e+01 1.1270e+00
8.3333e+01 1.2767e+04 7.6536e-04 4.3795e-01 1.2767e+04 9.7711e+00 1.0986e+00
8.3725e+01 1.2757e+04 7.3777e-04 4.2643e-01 1.2757e+04 9.4116e+00 1.0695e+00
8.4118e+01 1.2747e+04 7.0966e-04 4.1462e-01 1.2747e+04 9.0458e+00 1.0398e+00
8.4510e+01 1.2736e+04 6.8103e-04 4.0253e-01 1.2736e+04 8.6737e+00 1.0093e+00
8.4902e+01 1.2726e+04 6.5185e-04 3.9015e-01 1.2726e+04 8.2953e+00 9.7809e-01
8.5294e+01 1.2715e+04 6.2213e-04 3.7748e-01 1.2715e+04 7.9104e+00 9.4616e-01
8.5686e+01 1.2704e+04 5.9185e-04 3.6450e-01 1.2704e+04 7.5191e+00 9.1347e-01
8.6078e+01 1.2693e+04 5.6101e-04 3.5121e-01 1.2693e+04 7.1211e+00 8.8001e-01
8.6471e+01 1.2682e+04 5.2960e-04 3.3759e-01 1.2682e+04 6.7164e+00 8.4577e-01
8.6863e+01 1.2671e+04 4.9760e-04 3.2366e-01 1.2671e+04 6.3050e+00 8.1071e-01
8.7255e+01 1.2659e+04 4.6501e-04 3.0939e-01 1.2659e+04 5.8867e+00 7.7483e-01
8.7647e+01 1.2648e+04 4.3182e-04 2.9477e-01 1.2648e+04 5.4615e+00 7.3811e-01
8.8039e+01 1.2636e+04 3.9801e-04 2.7981e-01 1.2636e+04 5.0292e+00 7.0051e-01
8.8431e+01 1.2624e+04 3.6358e-04 2.6448e-01 1.2624e+04 4.5898e+00 6.6203e-01
8.8824e+01 1.2612e+04 3.2852e-04 2.4879e-01 1.2612e+04 4.1432e+00 6.2265e-01
8.9216e+01 1.2599e+04 2.9282e-04 2.3272e-01 1.2599e+04 3.6894e+00 5.8234e-01
8.9608e+01 1.2587e+04 2.5651e-04 2.1628e-01 1.2587e+04 3.2286e+00 5.4113e-01
9.0000e+01 1.2574e+04 2.1967e-04 1.9951e-01 1.2574e+04 2.7621e+00 4.9909e-01
9.0392e+01 1.2561e+04 1.8253e-04 1.8251e-01 1.2561e+04 2.2928e+00 4.5649e-01
9.0784e+01 1.2549e+04 1.4567e-04 1.6555e-01 1.2549e+04 1.8279e+00 4.1401e-01
9.1176e+01 1.2537e+04 1.1019e-04 1.4918e-01 1.2537e+04 1.3815e+00 3.7303e-01
9.1569e+01 1.2526e+04 7.7872e-05 1.3430e-01 1.2526e+04 9.7544e-01 3.3578e-01
9.1961e+01 1.2517e+04 5.0756e-05 1.2194e-01 1.2517e+04 6.3533e-01 3.0485e-01
9.2353e+01 1.2510e+04 3.0317e-05 1.1281e-01 1.2510e+04 3.7928e-01 2.8203e-01
9.2745e+01 1.2506e+04 1.6655e-05 1.0688e-01 1.2506e+04 2.0829e-01 2.6721e-01
9.3137e+01 1.2503e+04 8.5323e-06 1.0346e-01 1.2503e+04 1.0668e-01 2.5866e-01
9.3529e+01 1.2501e+04 4.1550e-06 1.0167e-01 1.2501e+04 5.1944e-02 2.5417e-01
9.3922e+01 1.2501e+04 1.9592e-06 1.0078e-01 1.2501e+04 2.4492e-02 2.5195e-01
9.4314e+01 1.2500e+04 9.0685e-07 1.0036e-01 1.2500e+04 1.1336e-02 2.5090e-01
9.4706e+01 1.2500e+04 4.1546e-07 1.0017e-01 1.2500e+04 5.1934e-03 2.5041e-01
9.5098e+01 1.2500e+04 1.8925e-07 1.0008e-01 1.2500e+04 2.3656e-03 2.5019e-01
9.5490e+01 1.2500e+04 8.5902e-08 1.0003e-01 1.2500e+04 1.0738e-03 2.5009e-01
9.5882e+01 1.2500e+04 3.8896e-08 1.0002e-01 1.2500e+04 4.8620e-04 2.5004e-01
9.6275e+01 1.2500e+04 1.7577e-08 1.0001e-01 1.2500e+04 2.1971e-04 2.5002e-01
9.6667e+01 1.2500e+04 7.9287e-09 1.0000e-01 1.2500e+04 9.9109e-05 2.5001e-01
9.7059e+01 1.2500e+04 3.5706e-09 1.0000e-01 1.2500e+04 4.4633e-05 2.5000e-01
9.7451e+01 1.2500e+04 1.6054e-09 1.0000e-01 1.2500e+04 2.0067e-05 2.5000e-01
9.7843e+01 1.2500e+04 7.2065e-10 1.0000e-01 1.2500e+04 9.0081e-06 2.5000e-01
9.8235e+01 1.2500e+04 3.2303e-10 1.0000e-01 1.2500e+04 4.0378e-06 2.5000e-01
9.8627e+01 1.2500e+04 1.4467e-10 1.0000e-01 1.2500e+04 1.8084e-06 2.5000e-01
9.9020e+01 1.2500e+04 6.4922e-11 1.0000e-01 1.2500e+04 8.1152e-07 2.5000e-01
9.9412e+01 1.2500e+04 2.9558e-11 1.0000e-01 1.2500e+04 3.6947e-07 2.5000e-01
9.9804e+01 1.2500e+04 1.4980e-11 1.0000e-01 1.2500e+04 1.8725e-07 2.5000e-01
