# # x Density Velocity Pressure q0 q1 q2
1.9608e-01 1.0000e+05 9.0311e-20 1.0000e+00 1.0000e+05 9.0311e-15 2.5000e+00
5.8824e-01 1.0000e+05 1.0220e-18 1.0000e+00 1.0000e+05 1.0220e-13 2.5000e+00
9.8039e-01 1.0000e+05 3.9029e-18 1.0000e+00 1.0000e+05 3.9029e-13 2.5000e+00
1.3725e+00 1.0000e+05 8.8629e-18 1.0000e+00 1.0000e+05 8.8629e-13 2.5000e+00
1.7647e+00 1.0000e+05 1.5910e-17 1.0000e+00 1.0000e+05 1.5910e-12 2.5000e+00
2.1569e+00 1.0000e+05 2.5132e-17 1.0000e+00 1.0000e+05 2.5132e-12 2.5000e+00
2.5490e+00 1.0000e+05 3.7901e-17 1.0000e+00 1.0000e+05 3.7901e-12 2.5000e+00
2.9412e+00 1.0000e+05 5.6654e-17 1.0000e+00 1.0000e+05 5.6654e-12 2.5000e+00
3.3333e+00 1.0000e+05 8.3975e-17 1.0000e+00 1.0000e+05 8.3975e-12 2.5000e+00
3.7255e+00 1.0000e+05 1.2595e-16 1.0000e+00 1.0000e+05 1.2595e-11 2.5000e+00
4.1176e+00 1.0000e+05 1.9136e-16 1.0000e+00 1.0000e+05 1.9136e-11 2.5000e+00
4.5098e+00 1.0000e+05 2.9372e-16 1.0000e+00 1.0000e+05 2.9372e-11 2.5000e+00
4.9020e+00 1.0000e+05 4.5448e-16 1.0000e+00 1.0000e+05 4.5448e-11 2.5000e+00
5.2941e+00 1.0000e+05 7.0700e-16 1.0000e+00 1.0000e+05 7.0700e-11 2.5000e+00
5.6863e+00 1.0000e+05 1.1025e-15 1.0000e+00 1.0000e+05 1.1025e-10 2.5000e+00
6.0784e+00 1.0000e+05 1.7202e-15 1.0000e+00 1.0000e+05 1.7202e-10 2.5000e+00
6.4706e+00 1.0000e+05 2.6805e-15 1.0000e+00 1.0000e+05 2.6805e-10 2.5000e+00
6.8627e+00 1.0000e+05 4.1676e-15 1.0000e+00 1.0000e+05 4.1676e-10 2.5000e+00
7.2549e+00 1.0000e+05 6.4615e-15 1.0000e+00 1.0000e+05 6.4615e-10 2.5000e+00
7.6471e+00 1.0000e+05 9.9848e-15 1.0000e+00 1.0000e+05 9.9848e-10 2.5000e+00
8.0392e+00 1.0000e+05 1.5375e-14 1.0000e+00 1.0000e+05 1.5375e-09 2.5000e+00
8.4314e+00 1.0000e+05 2.3588e-14 1.0000e+00 1.0000e+05 2.3588e-09 2.5000e+00
8.8235e+00 1.0000e+05 3.6053e-14 1.0000e+00 1.0000e+05 3.6053e-09 2.5000e+00
9.2157e+00 1.0000e+05 5.4894e-14 1.0000e+00 1.0000e+05 5.4894e-09 2.5000e+00
9.6078e+00 1.0000e+05 8.3258e-14 1.0000e+00 1.0000e+05 8.3258e-09 2.5000e+00
1.0000e+01 1.0000e+05 1.2579e-13 1.0000e+00 1.0000e+05 1.2579e-08 2.5000e+00
1.0392e+01 1.0000e+05 1.8931e-13 1.0000e+00 1.0000e+05 1.8931e-08 2.5000e+00
1.0784e+01 1.0000e+05 2.8379e-13 1.0000e+00 1.0000e+05 2.8379e-08 2.5000e+00
1.1176e+01 1.0000e+05 4.2376e-13 1.0000e+00 1.0000e+05 4.2376e-08 2.5000e+00
1.1569e+01 1.0000e+05 6.3027e-13 1.0000e+00 1.0000e+05 6.3027e-08 2.5000e+00
1.1961e+01 1.0000e+05 9.3375e-13 1.0000e+00 1.0000e+05 9.3375e-08 2.5000e+00
1.2353e+01 1.0000e+05 1.3779e-12 1.0000e+00 1.0000e+05 1.3779e-07 2.5000e+00
1.2745e+01 1.0000e+05 2.0253e-12 1.0000e+00 1.0000e+05 2.0253e-07 2.5000e+00
1.3137e+01 1.0000e+05 2.9651e-12 1.0000e+00 1.0000e+05 2.9651e-07 2.5000e+00
1.3529e+01 1.0000e+05 4.3238e-12 1.0000e+00 1.0000e+05 4.3238e-07 2.5000e+00
1.3922e+01 1.0000e+05 6.2803e-12 1.0000e+00 1.0000e+05 6.2803e-07 2.5000e+00
1.4314e+01 1.0000e+05 9.0859e-12 1.0000e+00 1.0000e+05 9.0859e-07 2.5000e+00
1.4706e+01 1.0000e+05 1.3093e-11 1.0000e+00 1.0000e+05 1.3093e-06 2.5000e+00
1.5098e+01 1.0000e+05 1.8792e-11 1.0000e+00 1.0000e+05 1.8792e-06 2.5000e+00
1.5490e+01 1.0000e+05 2.6864e-11 1.0000e+00 1.0000e+05 2.6864e-06 2.5000e+00
1.5882e+01 1.0000e+05 3.8252e-11 1.0000e+00 1.0000e+05 3.8252e-06 2.5000e+00
1.6275e+01 1.0000e+05 5.4251e-11 1.0000e+00 1.0000e+05 5.4251e-06 2.5000e+00
1.6667e+01 1.0000e+05 7.6635e-11 1.0000e+00 1.0000e+05 7.6635e-06 2.5000e+00
1.7059e+01 1.0000e+05 1.0782e-10 1.0000e+00 1.0000e+05 1.0782e-05 2.5000e+00
1.7451e+01 1.0000e+05 1.5110e-10 1.0000e+00 1.0000e+05 1.5110e-05 2.5000e+00
1.7843e+01 1.0000e+05 2.1091e-10 1.0000e+00 1.0000e+05 2.1091e-05 2.5000e+00
1.8235e+01 1.0000e+05 2.9321e-10 1.0000e+00 1.0000e+05 2.9321e-05 2.5000e+00
1.8627e+01 1.0000e+05 4.0600e-10 1.0000e+00 1.0000e+05 4.0600e-05 2.5000e+00
1.9020e+01 1.0000e+05 5.5994e-10 1.0000e+00 1.0000e+05 5.5994e-05 2.5000e+00
1.9412e+01 1.0000e+05 7.6916e-10 1.0000e+00 1.0000e+05 7.6916e-05 2.5000e+00
1.9804e+01 1.0000e+05 1.0523e-09 1.0000e+00 1.0000e+05 1.0523e-04 2.5000e+00
2.0196e+01 1.0000e+05 1.4340e-09 1.0000e+00 1.0000e+05 1.4340e-04 2.5000e+00
2.0588e+01 1.0000e+05 1.9464e-09 1.0000e+00 1.0000e+05 1.9464e-04 2.5000e+00
2.0980e+01 1.0000e+05 2.6312e-09 9.9999e-01 1.0000e+05 2.6312e-04 2.5000e+00
2.1373e+01 1.0000e+05 3.5428e-09 9.9999e-01 1.0000e+05 3.5428e-04 2.5000e+00
2.1765e+01 1.0000e+05 4.7512e-09 9.9999e-01 1.0000e+05 4.7512e-04 2.5000e+00
2.2157e+01 1.0000e+05 6.3463e-09 9.9999e-01 1.0000e+05 6.3463e-04 2.5000e+00
2.2549e+01 1.0000e+05 8.4431e-09 9.9998e-01 1.0000e+05 8.4431e-04 2.5000e+00
2.2941e+01 1.0000e+05 1.1188e-08 9.9998e-01 1.0000e+05 1.1188e-03 2.4999e+00
2.3333e+01 1.0000e+05 1.4766e-08 9.9997e-01 1.0000e+05 1.4766e-03 2.4999e+00
2.3725e+01 1.0000e+05 1.9410e-08 9.9996e-01 1.0000e+05 1.9410e-03 2.4999e+00
2.4118e+01 1.0000e+05 2.5414e-08 9.9995e-01 1.0000e+05 2.5414e-03 2.4999e+00
2.4510e+01 1.0000e+05 3.3143e-08 9.9994e-01 1.0000e+05 3.3143e-03 2.4999e+00
2.4902e+01 1.0000e+05 4.3050e-08 9.9992e-01 1.0000e+05 4.3050e-03 2.4998e+00
2.5294e+01 1.0000e+05 5.5696e-08 9.9990e-01 1.0000e+05 5.5696e-03 2.4998e+00
2.5686e+01 1.0000e+05 7.1772e-08 9.9988e-01 1.0000e+05 7.1771e-03 2.4997e+00
2.6078e+01 9.9999e+04 9.2120e-08 9.9985e-01 9.9999e+04 9.2120e-03 2.4996e+00
2.6471e+01 9.9999e+04 1.1777e-07 9.9980e-01 9.9999e+04 1.1777e-02 2.4995e+00
2.6863e+01 9.9999e+04 1.4997e-07 9.9975e-01 9.9999e+04 1.4997e-02 2.4994e+00
2.7255e+01 9.9999e+04 1.9021e-07 9.9969e-01 9.9999e+04 1.9021e-02 2.4992e+00
2.7647e+01 9.9998e+04 2.4031e-07 9.9962e-01 9.9998e+04 2.4031e-02 2.4990e+00
2.8039e+01 9.9998e+04 3.0241e-07 9.9952e-01 9.9998e+04 3.0240e-02 2.4988e+00
2.8431e+01 9.9998e+04 3.7906e-07 9.9941e-01 9.9998e+04 3.7905e-02 2.4985e+00
2.8824e+01 9.9997e+04 4.7328e-07 9.9928e-01 9.9997e+04 4.7327e-02 2.4982e+00
2.9216e+01 9.9996e+04 5.8862e-07 9.9911e-01 9.9996e+04 5.8860e-02 2.4978e+00
2.9608e+01 9.9995e+04 7.2921e-07 9.9892e-01 9.9995e+04 7.2918e-02 2.4973e+00
3.0000e+01 9.9994e+04 8.9988e-07 9.9868e-01 9.9994e+04 8.9982e-02 2.4967e+00
3.0392e+01 9.9992e+04 1.1062e-06 9.9840e-01 9.9992e+04 1.1061e-01 2.4960e+00
3.0784e+01 9.9991e+04 1.3545e-06 9.9807e-01 9.9991e+04 1.3544e-01 2.4952e+00
3.1176e+01 9.9988e+04 1.6523e-06 9.9768e-01 9.9988e+04 1.6521e-01 2.4942e+00
3.1569e+01 9.9986e+04 2.0078e-06 9.9722e-01 9.9986e+04 2.0075e-01 2.4931e+00
3.1961e+01 9.9983e+04 2.4304e-06 9.9669e-01 9.9983e+04 2.4300e-01 2.4917e+00
3.2353e+01 9.9979e+04 2.9308e-06 9.9606e-01 9.9979e+04 2.9302e-01 2.4902e+00
3.2745e+01 9.9974e+04 3.5210e-06 9.9534e-01 9.9974e+04 3.5200e-01 2.4884e+00
3.3137e+01 9.9968e+04 4.2140e-06 9.9451e-01 9.9968e+04 4.2126e-01 2.4863e+00
3.3529e+01 9.9962e+04 5.0245e-06 9.9355e-01 9.9962e+04 5.0226e-01 2.4839e+00
3.3922e+01 9.9954e+04 5.9687e-06 9.9246e-01 9.9954e+04 5.9659e-01 2.4812e+00
3.4314e+01 9.9945e+04 7.0640e-06 9.9122e-01 9.9945e+04 7.0601e-01 2.4781e+00
3.4706e+01 9.9934e+04 8.3296e-06 9.8981e-01 9.9934e+04 8.3241e-01 2.4745e+00
3.5098e+01 9.9921e+04 9.7860e-06 9.8822e-01 9.9921e+04 9.7783e-01 2.4706e+00
3.5490e+01 9.9907e+04 1.1455e-05 9.8644e-01 9.9907e+04 1.1445e+00 2.4661e+00
3.5882e+01 9.9890e+04 1.3361e-05 9.8444e-01 9.9890e+04 1.3347e+00 2.4611e+00
3.6275e+01 9.9870e+04 1.5529e-05 9.8222e-01 9.9870e+04 1.5508e+00 2.4556e+00
3.6667e+01 9.9847e+04 1.7984e-05 9.7975e-01 9.9847e+04 1.7956e+00 2.4494e+00
3.7059e+01 9.9821e+04 2.0753e-05 9.7703e-01 9.9821e+04 2.0716e+00 2.4426e+00
3.7451e+01 9.9791e+04 2.3867e-05 9.7404e-01 9.9791e+04 2.3817e+00 2.4351e+00
3.7843e+01 9.9757e+04 2.7352e-05 9.7076e-01 9.9757e+04 2.7286e+00 2.4269e+00
3.8235e+01 9.9718e+04 3.1240e-05 9.6718e-01 9.9718e+04 3.1152e+00 2.4180e+00
3.8627e+01 9.9674e+04 3.5560e-05 9.6330e-01 9.9674e+04 3.5444e+00 2.4083e+00
3.9020e+01 9.9625e+04 4.0342e-05 9.5911e-01 9.9625e+04 4.0191e+00 2.3978e+00
3.9412e+01 9.9569e+04 4.5616e-05 9.5459e-01 9.9569e+04 4.5420e+00 2.3866e+00
3.9804e+01 9.9507e+04 5.1412e-05 9.4975e-01 9.9507e+04 5.1158e+00 2.3745e+00
4.0196e+01 9.9438e+04 5.7757e-05 9.4458e-01 9.9438e+04 5.7432e+00 2.3616e+00
4.0588e+01 9.9361e+04 6.4678e-05 9.3908e-01 9.9361e+04 6.4265e+00 2.3479e+00
4.0980e+01 9.9275e+04 7.2202e-05 9.3326e-01 9.9275e+04 7.1678e+00 2.3334e+00
4.1373e+01 9.9181e+04 8.0351e-05 9.2712e-01 9.9181e+04 7.9692e+00 2.3181e+00
4.1765e+01 9.9077e+04 8.9146e-05 9.2067e-01 9.9077e+04 8.8323e+00 2.3021e+00
4.2157e+01 9.8963e+04 9.8606e-05 9.1392e-01 9.8963e+04 9.7583e+00 2.2853e+00
4.2549e+01 9.8838e+04 1.0874e-04 9.0690e-01 9.8838e+04 1.0748e+01 2.2678e+00
4.2941e+01 9.8702e+04 1.1958e-04 8.9961e-01 9.8702e+04 1.1802e+01 2.2497e+00
4.3333e+01 9.8554e+04 1.3110e-04 8.9207e-01 9.8554e+04 1.2920e+01 2.2310e+00
4.3725e+01 9.8395e+04 1.4336e-04 8.8433e-01 9.8395e+04 1.4106e+01 2.2118e+00
4.4118e+01 9.8219e+04 1.5619e-04 8.7635e-01 9.8219e+04 1.5341e+01 2.1921e+00
4.4510e+01 9.8043e+04 1.7018e-04 8.6836e-01 9.8043e+04 1.6685e+01 2.1723e+00
4.4902e+01 9.7813e+04 1.8342e-04 8.5975e-01 9.7813e+04 1.7941e+01 2.1510e+00
4.5294e+01 9.7684e+04 2.0144e-04 8.5243e-01 9.7684e+04 1.9677e+01 2.1331e+00
4.5686e+01 9.7243e+04 2.0946e-04 8.4142e-01 9.7243e+04 2.0369e+01 2.1057e+00
4.6078e+01 9.7481e+04 2.4282e-04 8.3874e-01 9.7481e+04 2.3670e+01 2.0997e+00
4.6471e+01 9.6280e+04 2.2595e-04 8.1894e-01 9.6280e+04 2.1754e+01 2.0498e+00
4.6863e+01 9.7602e+04 2.9966e-04 8.2933e-01 9.7602e+04 2.9247e+01 2.0777e+00
4.7255e+01 9.5100e+04 2.3909e-04 7.9493e-01 9.5100e+04 2.2738e+01 1.9900e+00
4.7647e+01 9.7209e+04 3.4229e-04 8.1451e-01 9.7209e+04 3.3274e+01 2.0420e+00
4.8039e+01 9.5033e+04 2.9752e-04 7.8547e-01 9.5033e+04 2.8275e+01 1.9679e+00
4.8431e+01 9.5476e+04 3.4380e-04 7.8613e-01 9.5476e+04 3.2825e+01 1.9710e+00
4.8824e+01 9.5607e+04 3.6000e-04 7.7715e-01 9.5607e+04 3.4419e+01 1.9491e+00
4.9216e+01 8.9646e+04 3.9150e-04 7.7334e-01 8.9646e+04 3.5096e+01 1.9402e+00
4.9608e+01 1.2186e+05 3.9192e-04 7.5845e-01 1.2186e+05 4.7758e+01 1.9055e+00
5.0000e+01 4.0617e+04 4.0689e-04 7.5385e-01 4.0617e+04 1.6526e+01 1.8880e+00
5.0392e+01 1.4135e+04 4.2884e-04 7.5176e-01 1.4135e+04 6.0616e+00 1.8807e+00
5.0784e+01 9.3555e+03 5.2931e-04 7.5415e-01 9.3555e+03 4.9520e+00 1.8867e+00
5.1176e+01 9.3023e+03 6.3056e-04 7.5265e-01 9.3023e+03 5.8657e+00 1.8835e+00
5.1569e+01 9.7043e+03 6.7323e-04 7.4670e-01 9.7043e+03 6.5332e+00 1.8689e+00
5.1961e+01 1.0355e+04 7.8222e-04 7.4907e-01 1.0355e+04 8.1002e+00 1.8759e+00
5.2353e+01 1.0814e+04 9.0966e-04 7.5531e-01 1.0814e+04 9.8368e+00 1.8927e+00
5.2745e+01 1.1188e+04 9.6322e-04 7.5489e-01 1.1188e+04 1.0776e+01 1.8924e+00
5.3137e+01 1.1335e+04 9.5292e-04 7.4853e-01 1.1335e+04 1.0801e+01 1.8765e+00
5.3529e+01 1.1510e+04 9.6428e-04 7.4514e-01 1.1510e+04 1.1099e+01 1.8682e+00
5.3922e+01 1.1682e+04 1.0315e-03 7.4846e-01 1.1682e+04 1.2050e+01 1.8774e+00
5.4314e+01 1.1891e+04 1.1211e-03 7.5476e-01 1.1891e+04 1.3331e+01 1.8944e+00
5.4706e+01 1.2031e+04 1.1821e-03 7.5829e-01 1.2031e+04 1.4222e+01 1.9041e+00
5.5098e+01 1.2113e+04 1.1971e-03 7.5688e-01 1.2113e+04 1.4500e+01 1.9009e+00
5.5490e+01 1.2139e+04 1.1812e-03 7.5223e-01 1.2139e+04 1.4339e+01 1.8890e+00
5.5882e+01 1.2179e+04 1.1721e-03 7.4761e-01 1.2179e+04 1.4276e+01 1.8774e+00
5.6275e+01 1.2267e+04 1.2093e-03 7.4871e-01 1.2267e+04 1.4835e+01 1.8808e+00
5.6667e+01 1.2415e+04 1.2959e-03 7.5586e-01 1.2415e+04 1.6089e+01 1.9001e+00
5.7059e+01 1.2586e+04 1.4040e-03 7.6591e-01 1.2586e+04 1.7671e+01 1.9272e+00
5.7451e+01 1.2744e+04 1.5031e-03 7.7531e-01 1.2744e+04 1.9156e+01 1.9527e+00
5.7843e+01 1.2862e+04 1.5755e-03 7.8184e-01 1.2862e+04 2.0264e+01 1.9706e+00
5.8235e+01 1.2936e+04 1.6179e-03 7.8499e-01 1.2936e+04 2.0930e+01 1.9794e+00
5.8627e+01 1.2976e+04 1.6370e-03 7.8548e-01 1.2976e+04 2.1241e+01 1.9811e+00
5.9020e+01 1.2994e+04 1.6422e-03 7.8441e-01 1.2994e+04 2.1340e+01 1.9785e+00
5.9412e+01 1.3003e+04 1.6414e-03 7.8267e-01 1.3003e+04 2.1344e+01 1.9742e+00
5.9804e+01 1.3009e+04 1.6386e-03 7.8074e-01 1.3009e+04 2.1316e+01 1.9693e+00
6.0196e+01 1.3013e+04 1.6352e-03 7.7871e-01 1.3013e+04 2.1278e+01 1.9642e+00
6.0588e+01 1.3016e+04 1.6313e-03 7.7660e-01 1.3016e+04 2.1233e+01 1.9588e+00
6.0980e+01 1.3019e+04 1.6270e-03 7.7441e-01 1.3019e+04 2.1183e+01 1.9533e+00
6.1373e+01 1.3022e+04 1.6224e-03 7.7215e-01 1.3022e+04 2.1127e+01 1.9475e+00
6.1765e+01 1.3024e+04 1.6174e-03 7.6981e-01 1.3024e+04 2.1065e+01 1.9416e+00
6.2157e+01 1.3026e+04 1.6121e-03 7.6739e-01 1.3026e+04 2.0999e+01 1.9354e+00
6.2549e+01 1.3028e+04 1.6064e-03 7.6489e-01 1.3028e+04 2.0927e+01 1.9290e+00
6.2941e+01 1.3029e+04 1.6003e-03 7.6231e-01 1.3029e+04 2.0851e+01 1.9225e+00
6.3333e+01 1.3030e+04 1.5940e-03 7.5964e-01 1.3030e+04 2.0769e+01 1.9157e+00
6.3725e+01 1.3030e+04 1.5873e-03 7.5689e-01 1.3030e+04 2.0683e+01 1.9086e+00
6.4118e+01 1.3031e+04 1.5802e-03 7.5404e-01 1.3031e+04 2.0592e+01 1.9014e+00
6.4510e+01 1.3031e+04 1.5728e-03 7.5110e-01 1.3031e+04 2.0495e+01 1.8939e+00
6.4902e+01 1.3030e+04 1.5651e-03 7.4807e-01 1.3030e+04 2.0394e+01 1.8861e+00
6.5294e+01 1.3030e+04 1.5570e-03 7.4494e-01 1.3030e+04 2.0288e+01 1.8781e+00
6.5686e+01 1.3029e+04 1.5486e-03 7.4170e-01 1.3029e+04 2.0177e+01 1.8699e+00
6.6078e+01 1.3028e+04 1.5399e-03 7.3836e-01 1.3028e+04 2.0061e+01 1.8613e+00
6.6471e+01 1.3026e+04 1.5307e-03 7.3491e-01 1.3026e+04 1.9940e+01 1.8525e+00
6.6863e+01 1.3025e+04 1.5213e-03 7.3135e-01 1.3025e+04 1.9814e+01 1.8435e+00
6.7255e+01 1.3023e+04 1.5114e-03 7.2768e-01 1.3023e+04 1.9683e+01 1.8341e+00
6.7647e+01 1.3021e+04 1.5013e-03 7.2389e-01 1.3021e+04 1.9547e+01 1.8244e+00
6.8039e+01 1.3018e+04 1.4907e-03 7.1998e-01 1.3018e+04 1.9407e+01 1.8144e+00
6.8431e+01 1.3016e+04 1.4798e-03 7.1595e-01 1.3016e+04 1.9261e+01 1.8041e+00
6.8824e+01 1.3013e+04 1.4686e-03 7.1179e-01 1.3013e+04 1.9110e+01 1.7935e+00
6.9216e+01 1.3010e+04 1.4569e-03 7.0750e-01 1.3010e+04 1.8954e+01 1.7826e+00
6.9608e+01 1.3006e+04 1.4449e-03 7.0308e-01 1.3006e+04 1.8793e+01 1.7713e+00
7.0000e+01 1.3003e+04 1.4326e-03 6.9852e-01 1.3003e+04 1.8627e+01 1.7596e+00
7.0392e+01 1.2999e+04 1.4198e-03 6.9382e-01 1.2999e+04 1.8456e+01 1.7477e+00
7.0784e+01 1.2995e+04 1.4067e-03 6.8898e-01 1.2995e+04 1.8280e+01 1.7353e+00
7.1176e+01 1.2991e+04 1.3932e-03 6.8399e-01 1.2991e+04 1.8098e+01 1.7226e+00
7.1569e+01 1.2986e+04 1.3793e-03 6.7886e-01 1.2986e+04 1.7912e+01 1.7095e+00
7.1961e+01 1.2982e+04 1.3650e-03 6.7357e-01 1.2982e+04 1.7720e+01 1.6960e+00
7.2353e+01 1.2977e+04 1.3503e-03 6.6813e-01 1.2977e+04 1.7523e+01 1.6821e+00
7.2745e+01 1.2972e+04 1.3352e-03 6.6253e-01 1.2972e+04 1.7321e+01 1.6679e+00
7.3137e+01 1.2967e+04 1.3197e-03 6.5676e-01 1.2967e+04 1.7113e+01 1.6532e+00
7.3529e+01 1.2961e+04 1.3039e-03 6.5083e-01 1.2961e+04 1.6900e+01 1.6381e+00
7.3922e+01 1.2956e+04 1.2876e-03 6.4473e-01 1.2956e+04 1.6682e+01 1.6226e+00
7.4314e+01 1.2950e+04 1.2709e-03 6.3846e-01 1.2950e+04 1.6459e+01 1.6066e+00
7.4706e+01 1.2944e+04 1.2539e-03 6.3202e-01 1.2944e+04 1.6230e+01 1.5902e+00
7.5098e+01 1.2938e+04 1.2364e-03 6.2540e-01 1.2938e+04 1.5996e+01 1.5734e+00
7.5490e+01 1.2932e+04 1.2184e-03 6.1859e-01 1.2932e+04 1.5756e+01 1.5561e+00
7.5882e+01 1.2925e+04 1.2001e-03 6.1160e-01 1.2925e+04 1.5512e+01 1.5383e+00
7.6275e+01 1.2918e+04 1.1814e-03 6.0443e-01 1.2918e+04 1.5261e+01 1.5201e+00
7.6667e+01 1.2911e+04 1.1622e-03 5.9706e-01 1.2911e+04 1.5006e+01 1.5014e+00
7.7059e+01 1.2904e+04 1.1426e-03 5.8949e-01 1.2904e+04 1.4745e+01 1.4822e+00
7.7451e+01 1.2897e+04 1.1226e-03 5.8173e-01 1.2897e+04 1.4478e+01 1.4625e+00
7.7843e+01 1.2890e+04 1.1021e-03 5.7377e-01 1.2890e+04 1.4206e+01 1.4422e+00
7.8235e+01 1.2882e+04 1.0812e-03 5.6560e-01 1.2882e+04 1.3928e+01 1.4215e+00
7.8627e+01 1.2874e+04 1.0599e-03 5.5722e-01 1.2874e+04 1.3645e+01 1.4003e+00
7.9020e+01 1.2866e+04 1.0381e-03 5.4863e-01 1.2866e+04 1.3356e+01 1.3785e+00
7.9412e+01 1.2858e+04 1.0158e-03 5.3982e-01 1.2858e+04 1.3062e+01 1.3562e+00
7.9804e+01 1.2850e+04 9.9316e-04 5.3079e-01 1.2850e+04 1.2762e+01 1.3333e+00
8.0196e+01 1.2841e+04 9.7001e-04 5.2153e-01 1.2841e+04 1.2456e+01 1.3099e+00
8.0588e+01 1.2833e+04 9.4640e-04 5.1205e-01 1.2833e+04 1.2145e+01 1.2859e+00
8.0980e+01 1.2824e+04 9.2232e-04 5.0233e-01 1.2824e+04 1.1828e+01 1.2613e+00
8.1373e+01 1.2815e+04 8.9777e-04 4.9238e-01 1.2815e+04 1.1505e+01 1.2361e+00
8.1765e+01 1.2806e+04 8.7273e-04 4.8218e-01 1.2806e+04 1.1176e+01 1.2103e+00
8.2157e+01 1.2797e+04 8.4721e-04 4.7173e-01 1.2797e+04 1.0841e+01 1.1839e+00
8.2549e+01 1.2787e+04 8.2120e-04 4.6103e-01 1.2787e+04 1.0501e+01 1.1569e+00
8.2941e+01 1.2777e+04 7.9469e-04 4.5007e-01 1.2777e+04 1.0154e+01 1.1292e+00
8.3333e+01 1.2768e+04 7.6767e-04 4.3884e-01 1.2768e+04 9.8014e+00 1.1009e+00
8.3725e+01 1.2758e+04 7.4014e-04 4.2735e-01 1.2758e+04 9.4425e+00 1.0719e+00
8.4118e+01 1.2748e+04 7.1209e-04 4.1557e-01 1.2748e+04 9.0774e+00 1.0422e+00
8.4510e+01 1.2737e+04 6.8351e-04 4.0352e-01 1.2737e+04 8.7061e+00 1.0118e+00
8.4902e+01 1.2727e+04 6.5440e-04 3.9117e-01 1.2727e+04 8.3284e+00 9.8065e-01
8.5294e+01 1.2716e+04 6.2474e-04 3.7853e-01 1.2716e+04 7.9442e+00 9.4880e-01
8.5686e+01 1.2705e+04 5.9452e-04 3.6558e-01 1.2705e+04 7.5536e+00 9.1620e-01
8.6078e+01 1.2694e+04 5.6375e-04 3.5233e-01 1.2694e+04 7.1564e+00 8.8284e-01
8.6471e+01 1.2683e+04 5.3240e-04 3.3875e-01 1.2683e+04 6.7525e+00 8.4868e-01
8.6863e+01 1.2672e+04 5.0047e-04 3.2486e-01 1.2672e+04 6.3419e+00 8.1373e-01
8.7255e+01 1.2660e+04 4.6795e-04 3.1062e-01 1.2660e+04 5.9244e+00 7.7795e-01
8.7647e+01 1.2649e+04 4.3483e-04 2.9605e-01 1.2649e+04 5.5000e+00 7.4132e-01
8.8039e+01 1.2637e+04 4.0109e-04 2.8113e-01 1.2637e+04 5.0685e+00 7.0384e-01
8.8431e+01 1.2625e+04 3.6673e-04 2.6585e-01 1.2625e+04 4.6300e+00 6.6546e-01
8.8824e+01 1.2613e+04 3.3175e-04 2.5020e-01 1.2613e+04 4.1842e+00 6.2619e-01
8.9216e+01 1.2600e+04 2.9612e-04 2.3418e-01 1.2600e+04 3.7313e+00 5.8600e-01
8.9608e+01 1.2588e+04 2.5989e-04 2.1779e-01 1.2588e+04 3.2714e+00 5.4489e-01
9.0000e+01 1.2575e+04 2.2310e-04 2.0106e-01 1.2575e+04 2.8056e+00 5.0296e-01
9.0392e+01 1.2563e+04 1.8599e-04 1.8408e-01 1.2563e+04 2.3366e+00 4.6042e-01
9.0784e+01 1.2550e+04 1.4908e-04 1.6711e-01 1.2550e+04 1.8710e+00 4.1792e-01
9.1176e+01 1.2538e+04 1.1343e-04 1.5066e-01 1.2538e+04 1.4222e+00 3.7674e-01
9.1569e+01 1.2527e+04 8.0735e-05 1.3560e-01 1.2527e+04 1.0114e+00 3.3905e-01
9.1961e+01 1.2518e+04 5.3056e-05 1.2297e-01 1.2518e+04 6.6416e-01 3.0744e-01
9.2353e+01 1.2511e+04 3.1960e-05 1.1353e-01 1.2511e+04 3.9985e-01 2.8383e-01
9.2745e+01 1.2506e+04 1.7693e-05 1.0733e-01 1.2506e+04 2.2128e-01 2.6831e-01
9.3137e+01 1.2503e+04 9.1191e-06 1.0371e-01 1.2503e+04 1.1402e-01 2.5927e-01
9.3529e+01 1.2502e+04 4.4593e-06 1.0179e-01 1.2502e+04 5.5749e-02 2.5448e-01
9.3922e+01 1.2501e+04 2.1082e-06 1.0084e-01 1.2501e+04 2.6354e-02 2.5210e-01
9.4314e+01 1.2500e+04 9.7727e-07 1.0039e-01 1.2500e+04 1.2216e-02 2.5097e-01
9.4706e+01 1.2500e+04 4.4814e-07 1.0018e-01 1.2500e+04 5.6018e-03 2.5045e-01
9.5098e+01 1.2500e+04 2.0426e-07 1.0008e-01 1.2500e+04 2.5532e-03 2.5020e-01
9.5490e+01 1.2500e+04 9.2757e-08 1.0004e-01 1.2500e+04 1.1595e-03 2.5009e-01
9.5882e+01 1.2500e+04 4.2016e-08 1.0002e-01 1.2500e+04 5.2520e-04 2.5004e-01
9.6275e+01 1.2500e+04 1.8994e-08 1.0001e-01 1.2500e+04 2.3742e-04 2.5002e-01
9.6667e+01 1.2500e+04 8.5709e-09 1.0000e-01 1.2500e+04 1.0714e-04 2.5001e-01
9.7059e+01 1.2500e+04 3.8611e-09 1.0000e-01 1.2500e+04 4.8264e-05 2.5000e-01
9.7451e+01 1.2500e+04 1.7366e-09 1.0000e-01 1.2500e+04 2.1708e-05 2.5000e-01
9.7843e+01 1.2500e+04 7.7982e-10 1.0000e-01 1.2500e+04 9.7478e-06 2.5000e-01
9.8235e+01 1.2500e+04 3.4967e-10 1.0000e-01 1.2500e+04 4.3709e-06 2.5000e-01
9.8627e+01 1.2500e+04 1.5666e-10 1.0000e-01 1.2500e+04 1.9582e-06 2.5000e-01
9.9020e+01 1.2500e+04 7.0327e-11 1.0000e-01 1.2500e+04 8.7909e-07 2.5000e-01
9.9412e+01 1.2500e+04 3.2031e-11 1.0000e-01 1.2500e+04 4.0038e-07 2.5000e-01
9.9804e+01 1.2500e+04 1.6240e-11 1.0000e-01 1.2500e+04 2.0300e-07 2.5000e-01
