# # x Density Velocity Pressure q0 q1 q2
1.9608e-01 1.0000e+05 1.5288e-19 1.0000e+00 1.0000e+05 1.5288e-14 2.5000e+00
5.8824e-01 1.0000e+05 1.3060e-18 1.0000e+00 1.0000e+05 1.3060e-13 2.5000e+00
9.8039e-01 1.0000e+05 4.4864e-18 1.0000e+00 1.0000e+05 4.4864e-13 2.5000e+00
1.3725e+00 1.0000e+05 9.7513e-18 1.0000e+00 1.0000e+05 9.7513e-13 2.5000e+00
1.7647e+00 1.0000e+05 1.7106e-17 1.0000e+00 1.0000e+05 1.7106e-12 2.5000e+00
2.1569e+00 1.0000e+05 2.6711e-17 1.0000e+00 1.0000e+05 2.6711e-12 2.5000e+00
2.5490e+00 1.0000e+05 4.0146e-17 1.0000e+00 1.0000e+05 4.0146e-12 2.5000e+00
2.9412e+00 1.0000e+05 5.9963e-17 1.0000e+00 1.0000e+05 5.9963e-12 2.5000e+00
3.3333e+00 1.0000e+05 8.8927e-17 1.0000e+00 1.0000e+05 8.8927e-12 2.5000e+00
3.7255e+00 1.0000e+05 1.3354e-16 1.0000e+00 1.0000e+05 1.3354e-11 2.5000e+00
4.1176e+00 1.0000e+05 2.0312e-16 1.0000e+00 1.0000e+05 2.0312e-11 2.5000e+00
4.5098e+00 1.0000e+05 3.1201e-16 1.0000e+00 1.0000e+05 3.1201e-11 2.5000e+00
4.9020e+00 1.0000e+05 4.8293e-16 1.0000e+00 1.0000e+05 4.8293e-11 2.5000e+00
5.2941e+00 1.0000e+05 7.5121e-16 1.0000e+00 1.0000e+05 7.5121e-11 2.5000e+00
5.6863e+00 1.0000e+05 1.1711e-15 1.0000e+00 1.0000e+05 1.1711e-10 2.5000e+00
6.0784e+00 1.0000e+05 1.8261e-15 1.0000e+00 1.0000e+05 1.8261e-10 2.5000e+00
6.4706e+00 1.0000e+05 2.8434e-15 1.0000e+00 1.0000e+05 2.8434e-10 2.5000e+00
6.8627e+00 1.0000e+05 4.4172e-15 1.0000e+00 1.0000e+05 4.4172e-10 2.5000e+00
7.2549e+00 1.0000e+05 6.8424e-15 1.0000e+00 1.0000e+05 6.8424e-10 2.5000e+00
7.6471e+00 1.0000e+05 1.0564e-14 1.0000e+00 1.0000e+05 1.0564e-09 2.5000e+00
8.0392e+00 1.0000e+05 1.6251e-14 1.0000e+00 1.0000e+05 1.6251e-09 2.5000e+00
8.4314e+00 1.0000e+05 2.4909e-14 1.0000e+00 1.0000e+05 2.4909e-09 2.5000e+00
8.8235e+00 1.0000e+05 3.8036e-14 1.0000e+00 1.0000e+05 3.8036e-09 2.5000e+00
9.2157e+00 1.0000e+05 5.7858e-14 1.0000e+00 1.0000e+05 5.7858e-09 2.5000e+00
9.6078e+00 1.0000e+05 8.7672e-14 1.0000e+00 1.0000e+05 8.7672e-09 2.5000e+00
1.0000e+01 1.0000e+05 1.3233e-13 1.0000e+00 1.0000e+05 1.3233e-08 2.5000e+00
1.0392e+01 1.0000e+05 1.9898e-13 1.0000e+00 1.0000e+05 1.9898e-08 2.5000e+00
1.0784e+01 1.0000e+05 2.9801e-13 1.0000e+00 1.0000e+05 2.9801e-08 2.5000e+00
1.1176e+01 1.0000e+05 4.4459e-13 1.0000e+00 1.0000e+05 4.4459e-08 2.5000e+00
1.1569e+01 1.0000e+05 6.6066e-13 1.0000e+00 1.0000e+05 6.6066e-08 2.5000e+00
1.1961e+01 1.0000e+05 9.7789e-13 1.0000e+00 1.0000e+05 9.7789e-08 2.5000e+00
1.2353e+01 1.0000e+05 1.4418e-12 1.0000e+00 1.0000e+05 1.4418e-07 2.5000e+00
1.2745e+01 1.0000e+05 2.1173e-12 1.0000e+00 1.0000e+05 2.1173e-07 2.5000e+00
1.3137e+01 1.0000e+05 3.0971e-12 1.0000e+00 1.0000e+05 3.0971e-07 2.5000e+00
1.3529e+01 1.0000e+05 4.5124e-12 1.0000e+00 1.0000e+05 4.5124e-07 2.5000e+00
1.3922e+01 1.0000e+05 6.5486e-12 1.0000e+00 1.0000e+05 6.5486e-07 2.5000e+00
1.4314e+01 1.0000e+05 9.4660e-12 1.0000e+00 1.0000e+05 9.4660e-07 2.5000e+00
1.4706e+01 1.0000e+05 1.3629e-11 1.0000e+00 1.0000e+05 1.3629e-06 2.5000e+00
1.5098e+01 1.0000e+05 1.9545e-11 1.0000e+00 1.0000e+05 1.9545e-06 2.5000e+00
1.5490e+01 1.0000e+05 2.7919e-11 1.0000e+00 1.0000e+05 2.7919e-06 2.5000e+00
1.5882e+01 1.0000e+05 3.9721e-11 1.0000e+00 1.0000e+05 3.9721e-06 2.5000e+00
1.6275e+01 1.0000e+05 5.6289e-11 1.0000e+00 1.0000e+05 5.6289e-06 2.5000e+00
1.6667e+01 1.0000e+05 7.9450e-11 1.0000e+00 1.0000e+05 7.9450e-06 2.5000e+00
1.7059e+01 1.0000e+05 1.1170e-10 1.0000e+00 1.0000e+05 1.1170e-05 2.5000e+00
1.7451e+01 1.0000e+05 1.5641e-10 1.0000e+00 1.0000e+05 1.5641e-05 2.5000e+00
1.7843e+01 1.0000e+05 2.1814e-10 1.0000e+00 1.0000e+05 2.1814e-05 2.5000e+00
1.8235e+01 1.0000e+05 3.0304e-10 1.0000e+00 1.0000e+05 3.0304e-05 2.5000e+00
1.8627e+01 1.0000e+05 4.1929e-10 1.0000e+00 1.0000e+05 4.1929e-05 2.5000e+00
1.9020e+01 1.0000e+05 5.7784e-10 1.0000e+00 1.0000e+05 5.7784e-05 2.5000e+00
1.9412e+01 1.0000e+05 7.9316e-10 1.0000e+00 1.0000e+05 7.9316e-05 2.5000e+00
1.9804e+01 1.0000e+05 1.0844e-09 1.0000e+00 1.0000e+05 1.0844e-04 2.5000e+00
2.0196e+01 1.0000e+05 1.4766e-09 1.0000e+00 1.0000e+05 1.4766e-04 2.5000e+00
2.0588e+01 1.0000e+05 2.0028e-09 1.0000e+00 1.0000e+05 2.0028e-04 2.5000e+00
2.0980e+01 1.0000e+05 2.7055e-09 9.9999e-01 1.0000e+05 2.7055e-04 2.5000e+00
2.1373e+01 1.0000e+05 3.6403e-09 9.9999e-01 1.0000e+05 3.6403e-04 2.5000e+00
2.1765e+01 1.0000e+05 4.8786e-09 9.9999e-01 1.0000e+05 4.8786e-04 2.5000e+00
2.2157e+01 1.0000e+05 6.5121e-09 9.9999e-01 1.0000e+05 6.5121e-04 2.5000e+00
2.2549e+01 1.0000e+05 8.6579e-09 9.9998e-01 1.0000e+05 8.6579e-04 2.5000e+00
2.2941e+01 1.0000e+05 1.1465e-08 9.9998e-01 1.0000e+05 1.1465e-03 2.4999e+00
2.3333e+01 1.0000e+05 1.5122e-08 9.9997e-01 1.0000e+05 1.5122e-03 2.4999e+00
2.3725e+01 1.0000e+05 1.9865e-08 9.9996e-01 1.0000e+05 1.9865e-03 2.4999e+00
2.4118e+01 1.0000e+05 2.5993e-08 9.9995e-01 1.0000e+05 2.5993e-03 2.4999e+00
2.4510e+01 1.0000e+05 3.3877e-08 9.9994e-01 1.0000e+05 3.3877e-03 2.4999e+00
2.4902e+01 1.0000e+05 4.3976e-08 9.9992e-01 1.0000e+05 4.3976e-03 2.4998e+00
2.5294e+01 1.0000e+05 5.6860e-08 9.9990e-01 1.0000e+05 5.6860e-03 2.4998e+00
2.5686e+01 1.0000e+05 7.3228e-08 9.9988e-01 1.0000e+05 7.3228e-03 2.4997e+00
2.6078e+01 9.9999e+04 9.3934e-08 9.9984e-01 9.9999e+04 9.3934e-03 2.4996e+00
2.6471e+01 9.9999e+04 1.2002e-07 9.9980e-01 9.9999e+04 1.2002e-02 2.4995e+00
2.6863e+01 9.9999e+04 1.5275e-07 9.9975e-01 9.9999e+04 1.5274e-02 2.4994e+00
2.7255e+01 9.9999e+04 1.9363e-07 9.9969e-01 9.9999e+04 1.9363e-02 2.4992e+00
2.7647e+01 9.9998e+04 2.4449e-07 9.9961e-01 9.9998e+04 2.4449e-02 2.4990e+00
2.8039e+01 9.9998e+04 3.0750e-07 9.9952e-01 9.9998e+04 3.0750e-02 2.4988e+00
2.8431e+01 9.9998e+04 3.8524e-07 9.9940e-01 9.9998e+04 3.8523e-02 2.4985e+00
2.8824e+01 9.9997e+04 4.8075e-07 9.9927e-01 9.9997e+04 4.8073e-02 2.4982e+00
2.9216e+01 9.9996e+04 5.9760e-07 9.9910e-01 9.9996e+04 5.9757e-02 2.4977e+00
2.9608e+01 9.9995e+04 7.3996e-07 9.9890e-01 9.9995e+04 7.3992e-02 2.4973e+00
3.0000e+01 9.9994e+04 9.1269e-07 9.9866e-01 9.9994e+04 9.1263e-02 2.4967e+00
3.0392e+01 9.9992e+04 1.1214e-06 9.9838e-01 9.9992e+04 1.1213e-01 2.4960e+00
3.0784e+01 9.9990e+04 1.3725e-06 9.9805e-01 9.9990e+04 1.3724e-01 2.4951e+00
3.1176e+01 9.9988e+04 1.6734e-06 9.9765e-01 9.9988e+04 1.6732e-01 2.4941e+00
3.1569e+01 9.9986e+04 2.0325e-06 9.9719e-01 9.9986e+04 2.0322e-01 2.4930e+00
3.1961e+01 9.9982e+04 2.4593e-06 9.9665e-01 9.9982e+04 2.4589e-01 2.4916e+00
3.2353e+01 9.9978e+04 2.9644e-06 9.9602e-01 9.9978e+04 2.9637e-01 2.4901e+00
3.2745e+01 9.9974e+04 3.5597e-06 9.9530e-01 9.9974e+04 3.5588e-01 2.4882e+00
3.3137e+01 9.9968e+04 4.2586e-06 9.9446e-01 9.9968e+04 4.2572e-01 2.4862e+00
3.3529e+01 9.9961e+04 5.0756e-06 9.9350e-01 9.9961e+04 5.0737e-01 2.4838e+00
3.3922e+01 9.9954e+04 6.0270e-06 9.9240e-01 9.9954e+04 6.0242e-01 2.4810e+00
3.4314e+01 9.9944e+04 7.1302e-06 9.9115e-01 9.9944e+04 7.1263e-01 2.4779e+00
3.4706e+01 9.9933e+04 8.4045e-06 9.8974e-01 9.9933e+04 8.3989e-01 2.4743e+00
3.5098e+01 9.9921e+04 9.8704e-06 9.8814e-01 9.9921e+04 9.8626e-01 2.4704e+00
3.5490e+01 9.9906e+04 1.1550e-05 9.8635e-01 9.9906e+04 1.1539e+00 2.4659e+00
3.5882e+01 9.9889e+04 1.3467e-05 9.8434e-01 9.9889e+04 1.3452e+00 2.4609e+00
3.6275e+01 9.9869e+04 1.5646e-05 9.8211e-01 9.9869e+04 1.5626e+00 2.4553e+00
3.6667e+01 9.9846e+04 1.8114e-05 9.7964e-01 9.9846e+04 1.8086e+00 2.4491e+00
3.7059e+01 9.9819e+04 2.0897e-05 9.7691e-01 9.9819e+04 2.0859e+00 2.4423e+00
3.7451e+01 9.9789e+04 2.4024e-05 9.7390e-01 9.9789e+04 2.3973e+00 2.4348e+00
3.7843e+01 9.9755e+04 2.7524e-05 9.7062e-01 9.9755e+04 2.7457e+00 2.4266e+00
3.8235e+01 9.9716e+04 3.1427e-05 9.6703e-01 9.9716e+04 3.1338e+00 2.4176e+00
3.8627e+01 9.9672e+04 3.5763e-05 9.6315e-01 9.9672e+04 3.5646e+00 2.4079e+00
3.9020e+01 9.9622e+04 4.0561e-05 9.5894e-01 9.9622e+04 4.0408e+00 2.3974e+00
3.9412e+01 9.9567e+04 4.5852e-05 9.5442e-01 9.9567e+04 4.5653e+00 2.3862e+00
3.9804e+01 9.9504e+04 5.1663e-05 9.4957e-01 9.9504e+04 5.1407e+00 2.3741e+00
4.0196e+01 9.9434e+04 5.8025e-05 9.4440e-01 9.9434e+04 5.7697e+00 2.3612e+00
4.0588e+01 9.9357e+04 6.4963e-05 9.3889e-01 9.9357e+04 6.4545e+00 2.3474e+00
4.0980e+01 9.9271e+04 7.2503e-05 9.3307e-01 9.9271e+04 7.1974e+00 2.3329e+00
4.1373e+01 9.9176e+04 8.0667e-05 9.2692e-01 9.9176e+04 8.0003e+00 2.3176e+00
4.1765e+01 9.9072e+04 8.9478e-05 9.2047e-01 9.9072e+04 8.8648e+00 2.3016e+00
4.2157e+01 9.8958e+04 9.8952e-05 9.1373e-01 9.8958e+04 9.7921e+00 2.2848e+00
4.2549e+01 9.8833e+04 1.0910e-04 9.0670e-01 9.8833e+04 1.0783e+01 2.2673e+00
4.2941e+01 9.8696e+04 1.1995e-04 8.9942e-01 9.8696e+04 1.1839e+01 2.2493e+00
4.3333e+01 9.8548e+04 1.3148e-04 8.9188e-01 9.8548e+04 1.2957e+01 2.2306e+00
4.3725e+01 9.8388e+04 1.4376e-04 8.8415e-01 9.8388e+04 1.4144e+01 2.2114e+00
4.4118e+01 9.8212e+04 1.5659e-04 8.7617e-01 9.8212e+04 1.5379e+01 2.1916e+00
4.4510e+01 9.8036e+04 1.7060e-04 8.6819e-01 9.8036e+04 1.6725e+01 2.1719e+00
4.4902e+01 9.7806e+04 1.8382e-04 8.5958e-01 9.7806e+04 1.7978e+01 2.1506e+00
4.5294e+01 9.7678e+04 2.0190e-04 8.5229e-01 9.7678e+04 1.9721e+01 2.1327e+00
4.5686e+01 9.7233e+04 2.0980e-04 8.4124e-01 9.7233e+04 2.0399e+01 2.1052e+00
4.6078e+01 9.7477e+04 2.4340e-04 8.3865e-01 9.7477e+04 2.3726e+01 2.0995e+00
4.6471e+01 9.6266e+04 2.2615e-04 8.1874e-01 9.6266e+04 2.1771e+01 2.0493e+00
4.6863e+01 9.7599e+04 3.0028e-04 8.2928e-01 9.7599e+04 2.9307e+01 2.0776e+00
4.7255e+01 9.5090e+04 2.3945e-04 7.9481e-01 9.5090e+04 2.2769e+01 1.9897e+00
4.7647e+01 9.7195e+04 3.4251e-04 8.1435e-01 9.7195e+04 3.3290e+01 2.0416e+00
4.8039e+01 9.5034e+04 2.9828e-04 7.8550e-01 9.5034e+04 2.8347e+01 1.9680e+00
4.8431e+01 9.5460e+04 3.4398e-04 7.8598e-01 9.5460e+04 3.2836e+01 1.9706e+00
4.8824e+01 9.5602e+04 3.6030e-04 7.7706e-01 9.5602e+04 3.4445e+01 1.9488e+00
4.9216e+01 8.9612e+04 3.9199e-04 7.7332e-01 8.9612e+04 3.5127e+01 1.9402e+00
4.9608e+01 1.2190e+05 3.9235e-04 7.5843e-01 1.2190e+05 4.7829e+01 1.9055e+00
5.0000e+01 4.0723e+04 4.0731e-04 7.5383e-01 4.0723e+04 1.6587e+01 1.8879e+00
5.0392e+01 1.4164e+04 4.2852e-04 7.5162e-01 1.4164e+04 6.0697e+00 1.8803e+00
5.0784e+01 9.3560e+03 5.2851e-04 7.5400e-01 9.3560e+03 4.9448e+00 1.8863e+00
5.1176e+01 9.2983e+03 6.3246e-04 7.5278e-01 9.2983e+03 5.8808e+00 1.8838e+00
5.1569e+01 9.6987e+03 6.7403e-04 7.4671e-01 9.6987e+03 6.5372e+00 1.8690e+00
5.1961e+01 1.0347e+04 7.7974e-04 7.4876e-01 1.0347e+04 8.0680e+00 1.8750e+00
5.2353e+01 1.0807e+04 9.0792e-04 7.5506e-01 1.0807e+04 9.8117e+00 1.8921e+00
5.2745e+01 1.1185e+04 9.6468e-04 7.5499e-01 1.1185e+04 1.0790e+01 1.8927e+00
5.3137e+01 1.1334e+04 9.5517e-04 7.4871e-01 1.1334e+04 1.0826e+01 1.8769e+00
5.3529e+01 1.1507e+04 9.6418e-04 7.4506e-01 1.1507e+04 1.1094e+01 1.8680e+00
5.3922e+01 1.1677e+04 1.0290e-03 7.4812e-01 1.1677e+04 1.2015e+01 1.8765e+00
5.4314e+01 1.1886e+04 1.1185e-03 7.5440e-01 1.1886e+04 1.3295e+01 1.8934e+00
5.4706e+01 1.2028e+04 1.1814e-03 7.5814e-01 1.2028e+04 1.4210e+01 1.9037e+00
5.5098e+01 1.2113e+04 1.1983e-03 7.5697e-01 1.2113e+04 1.4515e+01 1.9011e+00
5.5490e+01 1.2140e+04 1.1832e-03 7.5246e-01 1.2140e+04 1.4363e+01 1.8896e+00
5.5882e+01 1.2178e+04 1.1729e-03 7.4768e-01 1.2178e+04 1.4283e+01 1.8776e+00
5.6275e+01 1.2262e+04 1.2073e-03 7.4846e-01 1.2262e+04 1.4804e+01 1.8801e+00
5.6667e+01 1.2408e+04 1.2917e-03 7.5536e-01 1.2408e+04 1.6028e+01 1.8987e+00
5.7059e+01 1.2579e+04 1.3993e-03 7.6533e-01 1.2579e+04 1.7601e+01 1.9256e+00
5.7451e+01 1.2738e+04 1.4993e-03 7.7482e-01 1.2738e+04 1.9097e+01 1.9514e+00
5.7843e+01 1.2857e+04 1.5731e-03 7.8151e-01 1.2857e+04 2.0226e+01 1.9697e+00
5.8235e+01 1.2934e+04 1.6169e-03 7.8483e-01 1.2934e+04 2.0913e+01 1.9790e+00
5.8627e+01 1.2975e+04 1.6370e-03 7.8543e-01 1.2975e+04 2.1239e+01 1.9810e+00
5.9020e+01 1.2994e+04 1.6428e-03 7.8442e-01 1.2994e+04 2.1346e+01 1.9786e+00
5.9412e+01 1.3003e+04 1.6421e-03 7.8271e-01 1.3003e+04 2.1353e+01 1.9743e+00
5.9804e+01 1.3009e+04 1.6394e-03 7.8079e-01 1.3009e+04 2.1327e+01 1.9695e+00
6.0196e+01 1.3013e+04 1.6360e-03 7.7877e-01 1.3013e+04 2.1289e+01 1.9643e+00
6.0588e+01 1.3016e+04 1.6322e-03 7.7667e-01 1.3016e+04 2.1245e+01 1.9590e+00
6.0980e+01 1.3020e+04 1.6279e-03 7.7449e-01 1.3020e+04 2.1195e+01 1.9535e+00
6.1373e+01 1.3022e+04 1.6233e-03 7.7224e-01 1.3022e+04 2.1139e+01 1.9478e+00
6.1765e+01 1.3025e+04 1.6184e-03 7.6991e-01 1.3025e+04 2.1079e+01 1.9418e+00
6.2157e+01 1.3027e+04 1.6131e-03 7.6750e-01 1.3027e+04 2.1013e+01 1.9357e+00
6.2549e+01 1.3028e+04 1.6074e-03 7.6501e-01 1.3028e+04 2.0942e+01 1.9294e+00
6.2941e+01 1.3029e+04 1.6014e-03 7.6244e-01 1.3029e+04 2.0866e+01 1.9228e+00
6.3333e+01 1.3030e+04 1.5951e-03 7.5979e-01 1.3030e+04 2.0785e+01 1.9160e+00
6.3725e+01 1.3031e+04 1.5884e-03 7.5704e-01 1.3031e+04 2.0699e+01 1.9091e+00
6.4118e+01 1.3031e+04 1.5814e-03 7.5421e-01 1.3031e+04 2.0608e+01 1.9018e+00
6.4510e+01 1.3031e+04 1.5741e-03 7.5129e-01 1.3031e+04 2.0512e+01 1.8944e+00
6.4902e+01 1.3031e+04 1.5664e-03 7.4827e-01 1.3031e+04 2.0411e+01 1.8867e+00
6.5294e+01 1.3030e+04 1.5583e-03 7.4515e-01 1.3030e+04 2.0306e+01 1.8787e+00
6.5686e+01 1.3029e+04 1.5500e-03 7.4193e-01 1.3029e+04 2.0195e+01 1.8705e+00
6.6078e+01 1.3028e+04 1.5412e-03 7.3860e-01 1.3028e+04 2.0080e+01 1.8620e+00
6.6471e+01 1.3027e+04 1.5322e-03 7.3517e-01 1.3027e+04 1.9960e+01 1.8532e+00
6.6863e+01 1.3025e+04 1.5228e-03 7.3163e-01 1.3025e+04 1.9834e+01 1.8442e+00
6.7255e+01 1.3023e+04 1.5130e-03 7.2797e-01 1.3023e+04 1.9704e+01 1.8348e+00
6.7647e+01 1.3021e+04 1.5028e-03 7.2420e-01 1.3021e+04 1.9569e+01 1.8252e+00
6.8039e+01 1.3019e+04 1.4924e-03 7.2031e-01 1.3019e+04 1.9429e+01 1.8153e+00
6.8431e+01 1.3016e+04 1.4815e-03 7.1630e-01 1.3016e+04 1.9284e+01 1.8050e+00
6.8824e+01 1.3013e+04 1.4703e-03 7.1216e-01 1.3013e+04 1.9134e+01 1.7945e+00
6.9216e+01 1.3010e+04 1.4587e-03 7.0789e-01 1.3010e+04 1.8979e+01 1.7836e+00
6.9608e+01 1.3007e+04 1.4468e-03 7.0349e-01 1.3007e+04 1.8818e+01 1.7723e+00
7.0000e+01 1.3004e+04 1.4344e-03 6.9896e-01 1.3004e+04 1.8653e+01 1.7608e+00
7.0392e+01 1.3000e+04 1.4218e-03 6.9428e-01 1.3000e+04 1.8483e+01 1.7488e+00
7.0784e+01 1.2996e+04 1.4087e-03 6.8947e-01 1.2996e+04 1.8307e+01 1.7366e+00
7.1176e+01 1.2992e+04 1.3952e-03 6.8450e-01 1.2992e+04 1.8127e+01 1.7239e+00
7.1569e+01 1.2987e+04 1.3814e-03 6.7940e-01 1.2987e+04 1.7941e+01 1.7109e+00
7.1961e+01 1.2983e+04 1.3672e-03 6.7413e-01 1.2983e+04 1.7750e+01 1.6975e+00
7.2353e+01 1.2978e+04 1.3526e-03 6.6872e-01 1.2978e+04 1.7554e+01 1.6837e+00
7.2745e+01 1.2973e+04 1.3375e-03 6.6315e-01 1.2973e+04 1.7352e+01 1.6695e+00
7.3137e+01 1.2968e+04 1.3221e-03 6.5741e-01 1.2968e+04 1.7145e+01 1.6549e+00
7.3529e+01 1.2963e+04 1.3063e-03 6.5151e-01 1.2963e+04 1.6934e+01 1.6398e+00
7.3922e+01 1.2957e+04 1.2901e-03 6.4545e-01 1.2957e+04 1.6716e+01 1.6244e+00
7.4314e+01 1.2951e+04 1.2735e-03 6.3921e-01 1.2951e+04 1.6494e+01 1.6085e+00
7.4706e+01 1.2945e+04 1.2565e-03 6.3280e-01 1.2945e+04 1.6266e+01 1.5922e+00
7.5098e+01 1.2939e+04 1.2391e-03 6.2621e-01 1.2939e+04 1.6033e+01 1.5754e+00
7.5490e+01 1.2933e+04 1.2213e-03 6.1944e-01 1.2933e+04 1.5794e+01 1.5582e+00
7.5882e+01 1.2926e+04 1.2030e-03 6.1248e-01 1.2926e+04 1.5551e+01 1.5406e+00
7.6275e+01 1.2920e+04 1.1843e-03 6.0534e-01 1.2920e+04 1.5301e+01 1.5224e+00
7.6667e+01 1.2913e+04 1.1652e-03 5.9801e-01 1.2913e+04 1.5047e+01 1.5038e+00
7.7059e+01 1.2906e+04 1.1457e-03 5.9049e-01 1.2906e+04 1.4786e+01 1.4847e+00
7.7451e+01 1.2899e+04 1.1258e-03 5.8276e-01 1.2899e+04 1.4521e+01 1.4651e+00
7.7843e+01 1.2891e+04 1.1054e-03 5.7484e-01 1.2891e+04 1.4250e+01 1.4450e+00
7.8235e+01 1.2884e+04 1.0846e-03 5.6671e-01 1.2884e+04 1.3973e+01 1.4244e+00
7.8627e+01 1.2876e+04 1.0633e-03 5.5838e-01 1.2876e+04 1.3691e+01 1.4032e+00
7.9020e+01 1.2868e+04 1.0416e-03 5.4983e-01 1.2868e+04 1.3403e+01 1.3815e+00
7.9412e+01 1.2860e+04 1.0195e-03 5.4106e-01 1.2860e+04 1.3110e+01 1.3593e+00
7.9804e+01 1.2851e+04 9.9688e-04 5.3208e-01 1.2851e+04 1.2811e+01 1.3366e+00
8.0196e+01 1.2843e+04 9.7383e-04 5.2287e-01 1.2843e+04 1.2507e+01 1.3133e+00
8.0588e+01 1.2834e+04 9.5031e-04 5.1344e-01 1.2834e+04 1.2197e+01 1.2894e+00
8.0980e+01 1.2826e+04 9.2632e-04 5.0377e-01 1.2826e+04 1.1881e+01 1.2649e+00
8.1373e+01 1.2817e+04 9.0187e-04 4.9387e-01 1.2817e+04 1.1559e+01 1.2399e+00
8.1765e+01 1.2808e+04 8.7693e-04 4.8372e-01 1.2808e+04 1.1231e+01 1.2142e+00
8.2157e+01 1.2798e+04 8.5152e-04 4.7333e-01 1.2798e+04 1.0898e+01 1.1880e+00
8.2549e+01 1.2789e+04 8.2561e-04 4.6268e-01 1.2789e+04 1.0559e+01 1.1611e+00
8.2941e+01 1.2779e+04 7.9920e-04 4.5178e-01 1.2779e+04 1.0213e+01 1.1335e+00
8.3333e+01 1.2769e+04 7.7229e-04 4.4061e-01 1.2769e+04 9.8618e+00 1.1053e+00
8.3725e+01 1.2760e+04 7.4487e-04 4.2917e-01 1.2760e+04 9.5042e+00 1.0765e+00
8.4118e+01 1.2749e+04 7.1694e-04 4.1746e-01 1.2749e+04 9.1405e+00 1.0469e+00
8.4510e+01 1.2739e+04 6.8847e-04 4.0547e-01 1.2739e+04 8.7705e+00 1.0167e+00
8.4902e+01 1.2729e+04 6.5947e-04 3.9319e-01 1.2729e+04 8.3942e+00 9.8575e-01
8.5294e+01 1.2718e+04 6.2993e-04 3.8062e-01 1.2718e+04 8.0115e+00 9.5407e-01
8.5686e+01 1.2707e+04 5.9984e-04 3.6774e-01 1.2707e+04 7.6224e+00 9.2164e-01
8.6078e+01 1.2696e+04 5.6919e-04 3.5456e-01 1.2696e+04 7.2267e+00 8.8846e-01
8.6471e+01 1.2685e+04 5.3797e-04 3.4106e-01 1.2685e+04 6.8243e+00 8.5449e-01
8.6863e+01 1.2674e+04 5.0618e-04 3.2724e-01 1.2674e+04 6.4153e+00 8.1972e-01
8.7255e+01 1.2662e+04 4.7379e-04 3.1309e-01 1.2662e+04 5.9994e+00 7.8414e-01
8.7647e+01 1.2651e+04 4.4081e-04 2.9860e-01 1.2651e+04 5.5766e+00 7.4772e-01
8.8039e+01 1.2639e+04 4.0722e-04 2.8376e-01 1.2639e+04 5.1469e+00 7.1044e-01
8.8431e+01 1.2627e+04 3.7301e-04 2.6856e-01 1.2627e+04 4.7100e+00 6.7228e-01
8.8824e+01 1.2615e+04 3.3817e-04 2.5300e-01 1.2615e+04 4.2660e+00 6.3323e-01
8.9216e+01 1.2603e+04 3.0270e-04 2.3707e-01 1.2603e+04 3.8148e+00 5.9326e-01
8.9608e+01 1.2590e+04 2.6660e-04 2.2078e-01 1.2590e+04 3.3566e+00 5.5239e-01
9.0000e+01 1.2578e+04 2.2995e-04 2.0413e-01 1.2578e+04 2.8922e+00 5.1065e-01
9.0392e+01 1.2565e+04 1.9291e-04 1.8721e-01 1.2565e+04 2.4239e+00 4.6826e-01
9.0784e+01 1.2552e+04 1.5593e-04 1.7024e-01 1.2552e+04 1.9574e+00 4.2574e-01
9.1176e+01 1.2540e+04 1.1996e-04 1.5366e-01 1.2540e+04 1.5044e+00 3.8423e-01
9.1569e+01 1.2529e+04 8.6586e-05 1.3827e-01 1.2529e+04 1.0848e+00 3.4573e-01
9.1961e+01 1.2520e+04 5.7830e-05 1.2512e-01 1.2520e+04 7.2401e-01 3.1283e-01
9.2353e+01 1.2512e+04 3.5432e-05 1.1506e-01 1.2512e+04 4.4333e-01 2.8766e-01
9.2745e+01 1.2507e+04 1.9925e-05 1.0828e-01 1.2507e+04 2.4921e-01 2.7070e-01
9.3137e+01 1.2504e+04 1.0400e-05 1.0424e-01 1.2504e+04 1.3004e-01 2.6060e-01
9.3529e+01 1.2502e+04 5.1308e-06 1.0206e-01 1.2502e+04 6.4145e-02 2.5516e-01
9.3922e+01 1.2501e+04 2.4392e-06 1.0097e-01 1.2501e+04 3.0492e-02 2.5243e-01
9.4314e+01 1.2500e+04 1.1344e-06 1.0045e-01 1.2500e+04 1.4181e-02 2.5113e-01
9.4706e+01 1.2500e+04 5.2122e-07 1.0021e-01 1.2500e+04 6.5154e-03 2.5052e-01
9.5098e+01 1.2500e+04 2.3787e-07 1.0009e-01 1.2500e+04 2.9734e-03 2.5024e-01
9.5490e+01 1.2500e+04 1.0813e-07 1.0004e-01 1.2500e+04 1.3516e-03 2.5011e-01
9.5882e+01 1.2500e+04 4.9016e-08 1.0002e-01 1.2500e+04 6.1271e-04 2.5005e-01
9.6275e+01 1.2500e+04 2.2174e-08 1.0001e-01 1.2500e+04 2.7718e-04 2.5002e-01
9.6667e+01 1.2500e+04 1.0013e-08 1.0000e-01 1.2500e+04 1.2516e-04 2.5001e-01
9.7059e+01 1.2500e+04 4.5140e-09 1.0000e-01 1.2500e+04 5.6425e-05 2.5000e-01
9.7451e+01 1.2500e+04 2.0316e-09 1.0000e-01 1.2500e+04 2.5395e-05 2.5000e-01
9.7843e+01 1.2500e+04 9.1294e-10 1.0000e-01 1.2500e+04 1.1412e-05 2.5000e-01
9.8235e+01 1.2500e+04 4.0964e-10 1.0000e-01 1.2500e+04 5.1205e-06 2.5000e-01
9.8627e+01 1.2500e+04 1.8366e-10 1.0000e-01 1.2500e+04 2.2957e-06 2.5000e-01
9.9020e+01 1.2500e+04 8.2507e-11 1.0000e-01 1.2500e+04 1.0313e-06 2.5000e-01
9.9412e+01 1.2500e+04 3.7606e-11 1.0000e-01 1.2500e+04 4.7008e-07 2.5000e-01
9.9804e+01 1.2500e+04 1.9084e-11 1.0000e-01 1.2500e+04 2.3855e-07 2.5000e-01
