# # x Density Velocity Pressure q0 q1 q2
1.9608e-01 1.0000e+05 1.9138e-19 1.0000e+00 1.0000e+05 1.9138e-14 2.5000e+00
5.8824e-01 1.0000e+05 1.4662e-18 1.0000e+00 1.0000e+05 1.4662e-13 2.5000e+00
9.8039e-01 1.0000e+05 4.7953e-18 1.0000e+00 1.0000e+05 4.7953e-13 2.5000e+00
1.3725e+00 1.0000e+05 1.0209e-17 1.0000e+00 1.0000e+05 1.0209e-12 2.5000e+00
1.7647e+00 1.0000e+05 1.7716e-17 1.0000e+00 1.0000e+05 1.7716e-12 2.5000e+00
2.1569e+00 1.0000e+05 2.7524e-17 1.0000e+00 1.0000e+05 2.7524e-12 2.5000e+00
2.5490e+00 1.0000e+05 4.1309e-17 1.0000e+00 1.0000e+05 4.1309e-12 2.5000e+00
2.9412e+00 1.0000e+05 6.1689e-17 1.0000e+00 1.0000e+05 6.1689e-12 2.5000e+00
3.3333e+00 1.0000e+05 9.1539e-17 1.0000e+00 1.0000e+05 9.1539e-12 2.5000e+00
3.7255e+00 1.0000e+05 1.3750e-16 1.0000e+00 1.0000e+05 1.3750e-11 2.5000e+00
4.1176e+00 1.0000e+05 2.0925e-16 1.0000e+00 1.0000e+05 2.0925e-11 2.5000e+00
4.5098e+00 1.0000e+05 3.2158e-16 1.0000e+00 1.0000e+05 3.2158e-11 2.5000e+00
4.9020e+00 1.0000e+05 4.9781e-16 1.0000e+00 1.0000e+05 4.9781e-11 2.5000e+00
5.2941e+00 1.0000e+05 7.7429e-16 1.0000e+00 1.0000e+05 7.7429e-11 2.5000e+00
5.6863e+00 1.0000e+05 1.2069e-15 1.0000e+00 1.0000e+05 1.2069e-10 2.5000e+00
6.0784e+00 1.0000e+05 1.8813e-15 1.0000e+00 1.0000e+05 1.8813e-10 2.5000e+00
6.4706e+00 1.0000e+05 2.9283e-15 1.0000e+00 1.0000e+05 2.9283e-10 2.5000e+00
6.8627e+00 1.0000e+05 4.5471e-15 1.0000e+00 1.0000e+05 4.5471e-10 2.5000e+00
7.2549e+00 1.0000e+05 7.0405e-15 1.0000e+00 1.0000e+05 7.0405e-10 2.5000e+00
7.6471e+00 1.0000e+05 1.0864e-14 1.0000e+00 1.0000e+05 1.0864e-09 2.5000e+00
8.0392e+00 1.0000e+05 1.6706e-14 1.0000e+00 1.0000e+05 1.6706e-09 2.5000e+00
8.4314e+00 1.0000e+05 2.5594e-14 1.0000e+00 1.0000e+05 2.5594e-09 2.5000e+00
8.8235e+00 1.0000e+05 3.9064e-14 1.0000e+00 1.0000e+05 3.9064e-09 2.5000e+00
9.2157e+00 1.0000e+05 5.9395e-14 1.0000e+00 1.0000e+05 5.9395e-09 2.5000e+00
9.6078e+00 1.0000e+05 8.9958e-14 1.0000e+00 1.0000e+05 8.9958e-09 2.5000e+00
1.0000e+01 1.0000e+05 1.3572e-13 1.0000e+00 1.0000e+05 1.3572e-08 2.5000e+00
1.0392e+01 1.0000e+05 2.0398e-13 1.0000e+00 1.0000e+05 2.0398e-08 2.5000e+00
1.0784e+01 1.0000e+05 3.0536e-13 1.0000e+00 1.0000e+05 3.0536e-08 2.5000e+00
1.1176e+01 1.0000e+05 4.5535e-13 1.0000e+00 1.0000e+05 4.5535e-08 2.5000e+00
1.1569e+01 1.0000e+05 6.7634e-13 1.0000e+00 1.0000e+05 6.7634e-08 2.5000e+00
1.1961e+01 1.0000e+05 1.0007e-12 1.0000e+00 1.0000e+05 1.0007e-07 2.5000e+00
1.2353e+01 1.0000e+05 1.4747e-12 1.0000e+00 1.0000e+05 1.4747e-07 2.5000e+00
1.2745e+01 1.0000e+05 2.1647e-12 1.0000e+00 1.0000e+05 2.1647e-07 2.5000e+00
1.3137e+01 1.0000e+05 3.1650e-12 1.0000e+00 1.0000e+05 3.1650e-07 2.5000e+00
1.3529e+01 1.0000e+05 4.6094e-12 1.0000e+00 1.0000e+05 4.6094e-07 2.5000e+00
1.3922e+01 1.0000e+05 6.6866e-12 1.0000e+00 1.0000e+05 6.6866e-07 2.5000e+00
1.4314e+01 1.0000e+05 9.6614e-12 1.0000e+00 1.0000e+05 9.6614e-07 2.5000e+00
1.4706e+01 1.0000e+05 1.3905e-11 1.0000e+00 1.0000e+05 1.3905e-06 2.5000e+00
1.5098e+01 1.0000e+05 1.9932e-11 1.0000e+00 1.0000e+05 1.9932e-06 2.5000e+00
1.5490e+01 1.0000e+05 2.8459e-11 1.0000e+00 1.0000e+05 2.8459e-06 2.5000e+00
1.5882e+01 1.0000e+05 4.0474e-11 1.0000e+00 1.0000e+05 4.0474e-06 2.5000e+00
1.6275e+01 1.0000e+05 5.7333e-11 1.0000e+00 1.0000e+05 5.7333e-06 2.5000e+00
1.6667e+01 1.0000e+05 8.0892e-11 1.0000e+00 1.0000e+05 8.0892e-06 2.5000e+00
1.7059e+01 1.0000e+05 1.1368e-10 1.0000e+00 1.0000e+05 1.1368e-05 2.5000e+00
1.7451e+01 1.0000e+05 1.5912e-10 1.0000e+00 1.0000e+05 1.5912e-05 2.5000e+00
1.7843e+01 1.0000e+05 2.2184e-10 1.0000e+00 1.0000e+05 2.2184e-05 2.5000e+00
1.8235e+01 1.0000e+05 3.0806e-10 1.0000e+00 1.0000e+05 3.0806e-05 2.5000e+00
1.8627e+01 1.0000e+05 4.2608e-10 1.0000e+00 1.0000e+05 4.2608e-05 2.5000e+00
1.9020e+01 1.0000e+05 5.8697e-10 1.0000e+00 1.0000e+05 5.8697e-05 2.5000e+00
1.9412e+01 1.0000e+05 8.0540e-10 1.0000e+00 1.0000e+05 8.0540e-05 2.5000e+00
1.9804e+01 1.0000e+05 1.1007e-09 1.0000e+00 1.0000e+05 1.1007e-04 2.5000e+00
2.0196e+01 1.0000e+05 1.4983e-09 1.0000e+00 1.0000e+05 1.4983e-04 2.5000e+00
2.0588e+01 1.0000e+05 2.0315e-09 1.0000e+00 1.0000e+05 2.0315e-04 2.5000e+00
2.0980e+01 1.0000e+05 2.7434e-09 9.9999e-01 1.0000e+05 2.7434e-04 2.5000e+00
2.1373e+01 1.0000e+05 3.6899e-09 9.9999e-01 1.0000e+05 3.6899e-04 2.5000e+00
2.1765e+01 1.0000e+05 4.9434e-09 9.9999e-01 1.0000e+05 4.9434e-04 2.5000e+00
2.2157e+01 1.0000e+05 6.5963e-09 9.9999e-01 1.0000e+05 6.5963e-04 2.5000e+00
2.2549e+01 1.0000e+05 8.7669e-09 9.9998e-01 1.0000e+05 8.7669e-04 2.5000e+00
2.2941e+01 1.0000e+05 1.1605e-08 9.9998e-01 1.0000e+05 1.1605e-03 2.4999e+00
2.3333e+01 1.0000e+05 1.5302e-08 9.9997e-01 1.0000e+05 1.5302e-03 2.4999e+00
2.3725e+01 1.0000e+05 2.0096e-08 9.9996e-01 1.0000e+05 2.0096e-03 2.4999e+00
2.4118e+01 1.0000e+05 2.6287e-08 9.9995e-01 1.0000e+05 2.6287e-03 2.4999e+00
2.4510e+01 1.0000e+05 3.4249e-08 9.9994e-01 1.0000e+05 3.4249e-03 2.4998e+00
2.4902e+01 1.0000e+05 4.4445e-08 9.9992e-01 1.0000e+05 4.4445e-03 2.4998e+00
2.5294e+01 1.0000e+05 5.7449e-08 9.9990e-01 1.0000e+05 5.7449e-03 2.4998e+00
2.5686e+01 1.0000e+05 7.3965e-08 9.9987e-01 1.0000e+05 7.3964e-03 2.4997e+00
2.6078e+01 9.9999e+04 9.4852e-08 9.9984e-01 9.9999e+04 9.4851e-03 2.4996e+00
2.6471e+01 9.9999e+04 1.2116e-07 9.9980e-01 9.9999e+04 1.2116e-02 2.4995e+00
2.6863e+01 9.9999e+04 1.5415e-07 9.9975e-01 9.9999e+04 1.5415e-02 2.4994e+00
2.7255e+01 9.9999e+04 1.9535e-07 9.9969e-01 9.9999e+04 1.9535e-02 2.4992e+00
2.7647e+01 9.9998e+04 2.4660e-07 9.9961e-01 9.9998e+04 2.4660e-02 2.4990e+00
2.8039e+01 9.9998e+04 3.1007e-07 9.9951e-01 9.9998e+04 3.1007e-02 2.4988e+00
2.8431e+01 9.9998e+04 3.8836e-07 9.9940e-01 9.9998e+04 3.8835e-02 2.4985e+00
2.8824e+01 9.9997e+04 4.8451e-07 9.9926e-01 9.9997e+04 4.8450e-02 2.4982e+00
2.9216e+01 9.9996e+04 6.0212e-07 9.9909e-01 9.9996e+04 6.0210e-02 2.4977e+00
2.9608e+01 9.9995e+04 7.4538e-07 9.9889e-01 9.9995e+04 7.4534e-02 2.4972e+00
3.0000e+01 9.9994e+04 9.1914e-07 9.9866e-01 9.9994e+04 9.1909e-02 2.4966e+00
3.0392e+01 9.9992e+04 1.1290e-06 9.9837e-01 9.9992e+04 1.1290e-01 2.4959e+00
3.0784e+01 9.9990e+04 1.3816e-06 9.9804e-01 9.9990e+04 1.3814e-01 2.4951e+00
3.1176e+01 9.9988e+04 1.6841e-06 9.9764e-01 9.9988e+04 1.6839e-01 2.4941e+00
3.1569e+01 9.9985e+04 2.0450e-06 9.9718e-01 9.9985e+04 2.0447e-01 2.4929e+00
3.1961e+01 9.9982e+04 2.4738e-06 9.9663e-01 9.9982e+04 2.4734e-01 2.4916e+00
3.2353e+01 9.9978e+04 2.9812e-06 9.9601e-01 9.9978e+04 2.9806e-01 2.4900e+00
3.2745e+01 9.9973e+04 3.5792e-06 9.9528e-01 9.9973e+04 3.5783e-01 2.4882e+00
3.3137e+01 9.9968e+04 4.2810e-06 9.9444e-01 9.9968e+04 4.2796e-01 2.4861e+00
3.3529e+01 9.9961e+04 5.1013e-06 9.9347e-01 9.9961e+04 5.0993e-01 2.4837e+00
3.3922e+01 9.9953e+04 6.0563e-06 9.9237e-01 9.9953e+04 6.0534e-01 2.4809e+00
3.4314e+01 9.9944e+04 7.1635e-06 9.9112e-01 9.9944e+04 7.1595e-01 2.4778e+00
3.4706e+01 9.9933e+04 8.4421e-06 9.8970e-01 9.9933e+04 8.4365e-01 2.4743e+00
3.5098e+01 9.9920e+04 9.9127e-06 9.8810e-01 9.9920e+04 9.9048e-01 2.4703e+00
3.5490e+01 9.9905e+04 1.1598e-05 9.8630e-01 9.9905e+04 1.1587e+00 2.4658e+00
3.5882e+01 9.9888e+04 1.3520e-05 9.8429e-01 9.9888e+04 1.3505e+00 2.4607e+00
3.6275e+01 9.9868e+04 1.5705e-05 9.8206e-01 9.9868e+04 1.5684e+00 2.4552e+00
3.6667e+01 9.9845e+04 1.8179e-05 9.7958e-01 9.9845e+04 1.8151e+00 2.4490e+00
3.7059e+01 9.9819e+04 2.0969e-05 9.7684e-01 9.9819e+04 2.0931e+00 2.4421e+00
3.7451e+01 9.9788e+04 2.4103e-05 9.7384e-01 9.9788e+04 2.4052e+00 2.4346e+00
3.7843e+01 9.9754e+04 2.7610e-05 9.7055e-01 9.9754e+04 2.7543e+00 2.4264e+00
3.8235e+01 9.9715e+04 3.1521e-05 9.6696e-01 9.9715e+04 3.1431e+00 2.4175e+00
3.8627e+01 9.9671e+04 3.5864e-05 9.6307e-01 9.9671e+04 3.5746e+00 2.4077e+00
3.9020e+01 9.9621e+04 4.0671e-05 9.5886e-01 9.9621e+04 4.0516e+00 2.3972e+00
3.9412e+01 9.9565e+04 4.5969e-05 9.5434e-01 9.9565e+04 4.5769e+00 2.3859e+00
3.9804e+01 9.9503e+04 5.1789e-05 9.4948e-01 9.9503e+04 5.1532e+00 2.3738e+00
4.0196e+01 9.9433e+04 5.8159e-05 9.4431e-01 9.9433e+04 5.7829e+00 2.3609e+00
4.0588e+01 9.9355e+04 6.5105e-05 9.3880e-01 9.9355e+04 6.4686e+00 2.3472e+00
4.0980e+01 9.9269e+04 7.2653e-05 9.3297e-01 9.9269e+04 7.2122e+00 2.3327e+00
4.1373e+01 9.9174e+04 8.0826e-05 9.2683e-01 9.9174e+04 8.0158e+00 2.3174e+00
4.1765e+01 9.9070e+04 8.9644e-05 9.2038e-01 9.9070e+04 8.8810e+00 2.3013e+00
4.2157e+01 9.8955e+04 9.9125e-05 9.1363e-01 9.8955e+04 9.8090e+00 2.2846e+00
4.2549e+01 9.8830e+04 1.0928e-04 9.0661e-01 9.8830e+04 1.0801e+01 2.2671e+00
4.2941e+01 9.8694e+04 1.2014e-04 8.9932e-01 9.8694e+04 1.1857e+01 2.2490e+00
4.3333e+01 9.8545e+04 1.3168e-04 8.9179e-01 9.8545e+04 1.2976e+01 2.2303e+00
4.3725e+01 9.8385e+04 1.4395e-04 8.8406e-01 9.8385e+04 1.4163e+01 2.2112e+00
4.4118e+01 9.8209e+04 1.5679e-04 8.7608e-01 9.8209e+04 1.5398e+01 2.1914e+00
4.4510e+01 9.8033e+04 1.7080e-04 8.6811e-01 9.8033e+04 1.6745e+01 2.1717e+00
4.4902e+01 9.7802e+04 1.8402e-04 8.5949e-01 9.7802e+04 1.7997e+01 2.1504e+00
4.5294e+01 9.7675e+04 2.0213e-04 8.5222e-01 9.7675e+04 1.9743e+01 2.1325e+00
4.5686e+01 9.7228e+04 2.0996e-04 8.4115e-01 9.7228e+04 2.0414e+01 2.1050e+00
4.6078e+01 9.7476e+04 2.4369e-04 8.3861e-01 9.7476e+04 2.3753e+01 2.0994e+00
4.6471e+01 9.6259e+04 2.2625e-04 8.1864e-01 9.6259e+04 2.1779e+01 2.0491e+00
4.6863e+01 9.7598e+04 3.0059e-04 8.2925e-01 9.7598e+04 2.9337e+01 2.0775e+00
4.7255e+01 9.5085e+04 2.3962e-04 7.9474e-01 9.5085e+04 2.2785e+01 1.9896e+00
4.7647e+01 9.7188e+04 3.4262e-04 8.1427e-01 9.7188e+04 3.3298e+01 2.0414e+00
4.8039e+01 9.5035e+04 2.9866e-04 7.8551e-01 9.5035e+04 2.8383e+01 1.9680e+00
4.8431e+01 9.5453e+04 3.4407e-04 7.8591e-01 9.5453e+04 3.2842e+01 1.9704e+00
4.8824e+01 9.5599e+04 3.6045e-04 7.7701e-01 9.5599e+04 3.4459e+01 1.9487e+00
4.9216e+01 8.9594e+04 3.9223e-04 7.7331e-01 8.9594e+04 3.5142e+01 1.9402e+00
4.9608e+01 1.2193e+05 3.9257e-04 7.5842e-01 1.2193e+05 4.7865e+01 1.9054e+00
5.0000e+01 4.0777e+04 4.0752e-04 7.5381e-01 4.0777e+04 1.6617e+01 1.8879e+00
5.0392e+01 1.4179e+04 4.2837e-04 7.5155e-01 1.4179e+04 6.0739e+00 1.8802e+00
5.0784e+01 9.3562e+03 5.2809e-04 7.5392e-01 9.3562e+03 4.9409e+00 1.8861e+00
5.1176e+01 9.2962e+03 6.3339e-04 7.5284e-01 9.2962e+03 5.8882e+00 1.8840e+00
5.1569e+01 9.6959e+03 6.7447e-04 7.4673e-01 9.6959e+03 6.5396e+00 1.8690e+00
5.1961e+01 1.0343e+04 7.7853e-04 7.4860e-01 1.0343e+04 8.0523e+00 1.8746e+00
5.2353e+01 1.0803e+04 9.0701e-04 7.5493e-01 1.0803e+04 9.7987e+00 1.8918e+00
5.2745e+01 1.1184e+04 9.6537e-04 7.5503e-01 1.1184e+04 1.0797e+01 1.8928e+00
5.3137e+01 1.1333e+04 9.5631e-04 7.4880e-01 1.1333e+04 1.0838e+01 1.8772e+00
5.3529e+01 1.1505e+04 9.6418e-04 7.4503e-01 1.1505e+04 1.1093e+01 1.8679e+00
5.3922e+01 1.1674e+04 1.0278e-03 7.4795e-01 1.1674e+04 1.1998e+01 1.8760e+00
5.4314e+01 1.1883e+04 1.1173e-03 7.5422e-01 1.1883e+04 1.3276e+01 1.8930e+00
5.4706e+01 1.2026e+04 1.1810e-03 7.5806e-01 1.2026e+04 1.4203e+01 1.9035e+00
5.5098e+01 1.2113e+04 1.1989e-03 7.5701e-01 1.2113e+04 1.4522e+01 1.9012e+00
5.5490e+01 1.2140e+04 1.1841e-03 7.5257e-01 1.2140e+04 1.4376e+01 1.8899e+00
5.5882e+01 1.2177e+04 1.1733e-03 7.4772e-01 1.2177e+04 1.4288e+01 1.8777e+00
5.6275e+01 1.2260e+04 1.2063e-03 7.4834e-01 1.2260e+04 1.4790e+01 1.8798e+00
5.6667e+01 1.2405e+04 1.2897e-03 7.5511e-01 1.2405e+04 1.5998e+01 1.8981e+00
5.7059e+01 1.2575e+04 1.3970e-03 7.6504e-01 1.2575e+04 1.7566e+01 1.9249e+00
5.7451e+01 1.2734e+04 1.4973e-03 7.7457e-01 1.2734e+04 1.9068e+01 1.9507e+00
5.7843e+01 1.2855e+04 1.5719e-03 7.8134e-01 1.2855e+04 2.0206e+01 1.9692e+00
5.8235e+01 1.2933e+04 1.6164e-03 7.8474e-01 1.2933e+04 2.0904e+01 1.9788e+00
5.8627e+01 1.2974e+04 1.6370e-03 7.8541e-01 1.2974e+04 2.1238e+01 1.9809e+00
5.9020e+01 1.2994e+04 1.6430e-03 7.8443e-01 1.2994e+04 2.1349e+01 1.9786e+00
5.9412e+01 1.3003e+04 1.6425e-03 7.8273e-01 1.3003e+04 2.1358e+01 1.9744e+00
5.9804e+01 1.3009e+04 1.6398e-03 7.8082e-01 1.3009e+04 2.1332e+01 1.9695e+00
6.0196e+01 1.3013e+04 1.6364e-03 7.7880e-01 1.3013e+04 2.1295e+01 1.9644e+00
6.0588e+01 1.3017e+04 1.6326e-03 7.7670e-01 1.3017e+04 2.1251e+01 1.9591e+00
6.0980e+01 1.3020e+04 1.6284e-03 7.7453e-01 1.3020e+04 2.1201e+01 1.9536e+00
6.1373e+01 1.3022e+04 1.6238e-03 7.7228e-01 1.3022e+04 2.1146e+01 1.9479e+00
6.1765e+01 1.3025e+04 1.6188e-03 7.6996e-01 1.3025e+04 2.1085e+01 1.9420e+00
6.2157e+01 1.3027e+04 1.6136e-03 7.6756e-01 1.3027e+04 2.1019e+01 1.9359e+00
6.2549e+01 1.3028e+04 1.6079e-03 7.6507e-01 1.3028e+04 2.0949e+01 1.9295e+00
6.2941e+01 1.3030e+04 1.6020e-03 7.6251e-01 1.3030e+04 2.0873e+01 1.9230e+00
6.3333e+01 1.3030e+04 1.5956e-03 7.5986e-01 1.3030e+04 2.0792e+01 1.9162e+00
6.3725e+01 1.3031e+04 1.5890e-03 7.5712e-01 1.3031e+04 2.0706e+01 1.9093e+00
6.4118e+01 1.3031e+04 1.5820e-03 7.5430e-01 1.3031e+04 2.0616e+01 1.9020e+00
6.4510e+01 1.3031e+04 1.5747e-03 7.5138e-01 1.3031e+04 2.0520e+01 1.8946e+00
6.4902e+01 1.3031e+04 1.5670e-03 7.4836e-01 1.3031e+04 2.0420e+01 1.8869e+00
6.5294e+01 1.3031e+04 1.5590e-03 7.4525e-01 1.3031e+04 2.0315e+01 1.8790e+00
6.5686e+01 1.3030e+04 1.5506e-03 7.4204e-01 1.3030e+04 2.0204e+01 1.8708e+00
6.6078e+01 1.3029e+04 1.5419e-03 7.3872e-01 1.3029e+04 2.0089e+01 1.8623e+00
6.6471e+01 1.3027e+04 1.5329e-03 7.3530e-01 1.3027e+04 1.9969e+01 1.8536e+00
6.6863e+01 1.3026e+04 1.5235e-03 7.3177e-01 1.3026e+04 1.9844e+01 1.8445e+00
6.7255e+01 1.3024e+04 1.5137e-03 7.2812e-01 1.3024e+04 1.9715e+01 1.8352e+00
6.7647e+01 1.3022e+04 1.5036e-03 7.2436e-01 1.3022e+04 1.9580e+01 1.8256e+00
6.8039e+01 1.3019e+04 1.4932e-03 7.2048e-01 1.3019e+04 1.9440e+01 1.8157e+00
6.8431e+01 1.3017e+04 1.4823e-03 7.1647e-01 1.3017e+04 1.9295e+01 1.8055e+00
6.8824e+01 1.3014e+04 1.4712e-03 7.1234e-01 1.3014e+04 1.9146e+01 1.7949e+00
6.9216e+01 1.3011e+04 1.4596e-03 7.0809e-01 1.3011e+04 1.8991e+01 1.7841e+00
6.9608e+01 1.3008e+04 1.4477e-03 7.0370e-01 1.3008e+04 1.8831e+01 1.7729e+00
7.0000e+01 1.3004e+04 1.4354e-03 6.9917e-01 1.3004e+04 1.8666e+01 1.7613e+00
7.0392e+01 1.3000e+04 1.4227e-03 6.9451e-01 1.3000e+04 1.8496e+01 1.7494e+00
7.0784e+01 1.2996e+04 1.4097e-03 6.8971e-01 1.2996e+04 1.8321e+01 1.7372e+00
7.1176e+01 1.2992e+04 1.3963e-03 6.8476e-01 1.2992e+04 1.8141e+01 1.7246e+00
7.1569e+01 1.2988e+04 1.3825e-03 6.7966e-01 1.2988e+04 1.7955e+01 1.7116e+00
7.1961e+01 1.2983e+04 1.3683e-03 6.7441e-01 1.2983e+04 1.7765e+01 1.6982e+00
7.2353e+01 1.2979e+04 1.3537e-03 6.6901e-01 1.2979e+04 1.7569e+01 1.6844e+00
7.2745e+01 1.2974e+04 1.3387e-03 6.6345e-01 1.2974e+04 1.7368e+01 1.6703e+00
7.3137e+01 1.2968e+04 1.3233e-03 6.5773e-01 1.2968e+04 1.7162e+01 1.6557e+00
7.3529e+01 1.2963e+04 1.3076e-03 6.5185e-01 1.2963e+04 1.6950e+01 1.6407e+00
7.3922e+01 1.2958e+04 1.2914e-03 6.4580e-01 1.2958e+04 1.6733e+01 1.6253e+00
7.4314e+01 1.2952e+04 1.2748e-03 6.3958e-01 1.2952e+04 1.6511e+01 1.6095e+00
7.4706e+01 1.2946e+04 1.2579e-03 6.3318e-01 1.2946e+04 1.6284e+01 1.5932e+00
7.5098e+01 1.2940e+04 1.2405e-03 6.2661e-01 1.2940e+04 1.6051e+01 1.5765e+00
7.5490e+01 1.2933e+04 1.2227e-03 6.1986e-01 1.2933e+04 1.5813e+01 1.5593e+00
7.5882e+01 1.2927e+04 1.2044e-03 6.1292e-01 1.2927e+04 1.5570e+01 1.5417e+00
7.6275e+01 1.2920e+04 1.1858e-03 6.0580e-01 1.2920e+04 1.5321e+01 1.5236e+00
7.6667e+01 1.2913e+04 1.1668e-03 5.9849e-01 1.2913e+04 1.5067e+01 1.5050e+00
7.7059e+01 1.2906e+04 1.1473e-03 5.9098e-01 1.2906e+04 1.4807e+01 1.4859e+00
7.7451e+01 1.2899e+04 1.1274e-03 5.8328e-01 1.2899e+04 1.4542e+01 1.4664e+00
7.7843e+01 1.2892e+04 1.1070e-03 5.7537e-01 1.2892e+04 1.4272e+01 1.4463e+00
7.8235e+01 1.2884e+04 1.0863e-03 5.6727e-01 1.2884e+04 1.3996e+01 1.4258e+00
7.8627e+01 1.2876e+04 1.0650e-03 5.5895e-01 1.2876e+04 1.3714e+01 1.4047e+00
7.9020e+01 1.2869e+04 1.0434e-03 5.5042e-01 1.2869e+04 1.3427e+01 1.3831e+00
7.9412e+01 1.2860e+04 1.0213e-03 5.4168e-01 1.2860e+04 1.3134e+01 1.3609e+00
7.9804e+01 1.2852e+04 9.9874e-04 5.3272e-01 1.2852e+04 1.2836e+01 1.3382e+00
8.0196e+01 1.2844e+04 9.7573e-04 5.2354e-01 1.2844e+04 1.2532e+01 1.3150e+00
8.0588e+01 1.2835e+04 9.5226e-04 5.1413e-01 1.2835e+04 1.2222e+01 1.2911e+00
8.0980e+01 1.2826e+04 9.2832e-04 5.0449e-01 1.2826e+04 1.1907e+01 1.2667e+00
8.1373e+01 1.2818e+04 9.0391e-04 4.9461e-01 1.2818e+04 1.1586e+01 1.2418e+00
8.1765e+01 1.2808e+04 8.7903e-04 4.8449e-01 1.2808e+04 1.1259e+01 1.2162e+00
8.2157e+01 1.2799e+04 8.5366e-04 4.7412e-01 1.2799e+04 1.0926e+01 1.1900e+00
8.2549e+01 1.2790e+04 8.2780e-04 4.6350e-01 1.2790e+04 1.0587e+01 1.1631e+00
8.2941e+01 1.2780e+04 8.0145e-04 4.5263e-01 1.2780e+04 1.0243e+01 1.1357e+00
8.3333e+01 1.2770e+04 7.7459e-04 4.4149e-01 1.2770e+04 9.8918e+00 1.1076e+00
8.3725e+01 1.2760e+04 7.4723e-04 4.3008e-01 1.2760e+04 9.5350e+00 1.0788e+00
8.4118e+01 1.2750e+04 7.1935e-04 4.1840e-01 1.2750e+04 9.1719e+00 1.0493e+00
8.4510e+01 1.2740e+04 6.9094e-04 4.0644e-01 1.2740e+04 8.8026e+00 1.0191e+00
8.4902e+01 1.2730e+04 6.6200e-04 3.9420e-01 1.2730e+04 8.4271e+00 9.8828e-01
8.5294e+01 1.2719e+04 6.3252e-04 3.8166e-01 1.2719e+04 8.0451e+00 9.5668e-01
8.5686e+01 1.2708e+04 6.0249e-04 3.6882e-01 1.2708e+04 7.6567e+00 9.2435e-01
8.6078e+01 1.2697e+04 5.7191e-04 3.5567e-01 1.2697e+04 7.2617e+00 8.9125e-01
8.6471e+01 1.2686e+04 5.4075e-04 3.4221e-01 1.2686e+04 6.8601e+00 8.5737e-01
8.6863e+01 1.2675e+04 5.0902e-04 3.2842e-01 1.2675e+04 6.4518e+00 8.2270e-01
8.7255e+01 1.2664e+04 4.7670e-04 3.1431e-01 1.2664e+04 6.0368e+00 7.8722e-01
8.7647e+01 1.2652e+04 4.4379e-04 2.9986e-01 1.2652e+04 5.6148e+00 7.5090e-01
8.8039e+01 1.2640e+04 4.1027e-04 2.8506e-01 1.2640e+04 5.1859e+00 7.1372e-01
8.8431e+01 1.2628e+04 3.7613e-04 2.6991e-01 1.2628e+04 4.7499e+00 6.7567e-01
8.8824e+01 1.2616e+04 3.4137e-04 2.5440e-01 1.2616e+04 4.3067e+00 6.3673e-01
8.9216e+01 1.2604e+04 3.0597e-04 2.3851e-01 1.2604e+04 3.8564e+00 5.9688e-01
8.9608e+01 1.2591e+04 2.6995e-04 2.2226e-01 1.2591e+04 3.3991e+00 5.5611e-01
9.0000e+01 1.2579e+04 2.3336e-04 2.0566e-01 1.2579e+04 2.9354e+00 5.1448e-01
9.0392e+01 1.2566e+04 1.9636e-04 1.8877e-01 1.2566e+04 2.4675e+00 4.7217e-01
9.0784e+01 1.2554e+04 1.5937e-04 1.7180e-01 1.2554e+04 2.0006e+00 4.2966e-01
9.1176e+01 1.2541e+04 1.2326e-04 1.5517e-01 1.2541e+04 1.5459e+00 3.8801e-01
9.1569e+01 1.2530e+04 8.9570e-05 1.3964e-01 1.2530e+04 1.1223e+00 3.4914e-01
9.1961e+01 1.2520e+04 6.0301e-05 1.2624e-01 1.2520e+04 7.5500e-01 3.1562e-01
9.2353e+01 1.2513e+04 3.7261e-05 1.1587e-01 1.2513e+04 4.6623e-01 2.8968e-01
9.2745e+01 1.2507e+04 2.1122e-05 1.0879e-01 1.2507e+04 2.6418e-01 2.7199e-01
9.3137e+01 1.2504e+04 1.1097e-05 1.0453e-01 1.2504e+04 1.3875e-01 2.6132e-01
9.3529e+01 1.2502e+04 5.5005e-06 1.0221e-01 1.2502e+04 6.8767e-02 2.5553e-01
9.3922e+01 1.2501e+04 2.6227e-06 1.0105e-01 1.2501e+04 3.2786e-02 2.5262e-01
9.4314e+01 1.2500e+04 1.2219e-06 1.0049e-01 1.2500e+04 1.5275e-02 2.5122e-01
9.4706e+01 1.2500e+04 5.6203e-07 1.0022e-01 1.2500e+04 7.0254e-03 2.5056e-01
9.5098e+01 1.2500e+04 2.5667e-07 1.0010e-01 1.2500e+04 3.2084e-03 2.5026e-01
9.5490e+01 1.2500e+04 1.1673e-07 1.0005e-01 1.2500e+04 1.4591e-03 2.5012e-01
9.5882e+01 1.2500e+04 5.2937e-08 1.0002e-01 1.2500e+04 6.6171e-04 2.5005e-01
9.6275e+01 1.2500e+04 2.3957e-08 1.0001e-01 1.2500e+04 2.9946e-04 2.5002e-01
9.6667e+01 1.2500e+04 1.0822e-08 1.0000e-01 1.2500e+04 1.3527e-04 2.5001e-01
9.7059e+01 1.2500e+04 4.8802e-09 1.0000e-01 1.2500e+04 6.1003e-05 2.5000e-01
9.7451e+01 1.2500e+04 2.1972e-09 1.0000e-01 1.2500e+04 2.7465e-05 2.5000e-01
9.7843e+01 1.2500e+04 9.8768e-10 1.0000e-01 1.2500e+04 1.2346e-05 2.5000e-01
9.8235e+01 1.2500e+04 4.4333e-10 1.0000e-01 1.2500e+04 5.5417e-06 2.5000e-01
9.8627e+01 1.2500e+04 1.9883e-10 1.0000e-01 1.2500e+04 2.4854e-06 2.5000e-01
9.9020e+01 1.2500e+04 8.9356e-11 1.0000e-01 1.2500e+04 1.1169e-06 2.5000e-01
9.9412e+01 1.2500e+04 4.0743e-11 1.0000e-01 1.2500e+04 5.0929e-07 2.5000e-01
9.9804e+01 1.2500e+04 2.0685e-11 1.0000e-01 1.2500e+04 2.5856e-07 2.5000e-01
