# # x Density Velocity Pressure q0 q1 q2
1.9608e-01 1.0000e+05 2.3385e-19 1.0000e+00 1.0000e+05 2.3385e-14 2.5000e+00
5.8824e-01 1.0000e+05 1.6383e-18 1.0000e+00 1.0000e+05 1.6383e-13 2.5000e+00
9.8039e-01 1.0000e+05 5.1152e-18 1.0000e+00 1.0000e+05 5.1152e-13 2.5000e+00
1.3725e+00 1.0000e+05 1.0678e-17 1.0000e+00 1.0000e+05 1.0678e-12 2.5000e+00
1.7647e+00 1.0000e+05 1.8337e-17 1.0000e+00 1.0000e+05 1.8337e-12 2.5000e+00
2.1569e+00 1.0000e+05 2.8357e-17 1.0000e+00 1.0000e+05 2.8357e-12 2.5000e+00
2.5490e+00 1.0000e+05 4.2508e-17 1.0000e+00 1.0000e+05 4.2508e-12 2.5000e+00
2.9412e+00 1.0000e+05 6.3465e-17 1.0000e+00 1.0000e+05 6.3465e-12 2.5000e+00
3.3333e+00 1.0000e+05 9.4225e-17 1.0000e+00 1.0000e+05 9.4225e-12 2.5000e+00
3.7255e+00 1.0000e+05 1.4159e-16 1.0000e+00 1.0000e+05 1.4159e-11 2.5000e+00
4.1176e+00 1.0000e+05 2.1556e-16 1.0000e+00 1.0000e+05 2.1556e-11 2.5000e+00
4.5098e+00 1.0000e+05 3.3142e-16 1.0000e+00 1.0000e+05 3.3142e-11 2.5000e+00
4.9020e+00 1.0000e+05 5.1313e-16 1.0000e+00 1.0000e+05 5.1313e-11 2.5000e+00
5.2941e+00 1.0000e+05 7.9805e-16 1.0000e+00 1.0000e+05 7.9805e-11 2.5000e+00
5.6863e+00 1.0000e+05 1.2437e-15 1.0000e+00 1.0000e+05 1.2437e-10 2.5000e+00
6.0784e+00 1.0000e+05 1.9380e-15 1.0000e+00 1.0000e+05 1.9380e-10 2.5000e+00
6.4706e+00 1.0000e+05 3.0155e-15 1.0000e+00 1.0000e+05 3.0155e-10 2.5000e+00
6.8627e+00 1.0000e+05 4.6806e-15 1.0000e+00 1.0000e+05 4.6806e-10 2.5000e+00
7.2549e+00 1.0000e+05 7.2439e-15 1.0000e+00 1.0000e+05 7.2439e-10 2.5000e+00
7.6471e+00 1.0000e+05 1.1173e-14 1.0000e+00 1.0000e+05 1.1173e-09 2.5000e+00
8.0392e+00 1.0000e+05 1.7173e-14 1.0000e+00 1.0000e+05 1.7173e-09 2.5000e+00
8.4314e+00 1.0000e+05 2.6297e-14 1.0000e+00 1.0000e+05 2.6297e-09 2.5000e+00
8.8235e+00 1.0000e+05 4.0118e-14 1.0000e+00 1.0000e+05 4.0118e-09 2.5000e+00
9.2157e+00 1.0000e+05 6.0969e-14 1.0000e+00 1.0000e+05 6.0969e-09 2.5000e+00
9.6078e+00 1.0000e+05 9.2299e-14 1.0000e+00 1.0000e+05 9.2299e-09 2.5000e+00
1.0000e+01 1.0000e+05 1.3919e-13 1.0000e+00 1.0000e+05 1.3919e-08 2.5000e+00
1.0392e+01 1.0000e+05 2.0909e-13 1.0000e+00 1.0000e+05 2.0909e-08 2.5000e+00
1.0784e+01 1.0000e+05 3.1288e-13 1.0000e+00 1.0000e+05 3.1288e-08 2.5000e+00
1.1176e+01 1.0000e+05 4.6634e-13 1.0000e+00 1.0000e+05 4.6634e-08 2.5000e+00
1.1569e+01 1.0000e+05 6.9237e-13 1.0000e+00 1.0000e+05 6.9237e-08 2.5000e+00
1.1961e+01 1.0000e+05 1.0239e-12 1.0000e+00 1.0000e+05 1.0239e-07 2.5000e+00
1.2353e+01 1.0000e+05 1.5083e-12 1.0000e+00 1.0000e+05 1.5083e-07 2.5000e+00
1.2745e+01 1.0000e+05 2.2130e-12 1.0000e+00 1.0000e+05 2.2130e-07 2.5000e+00
1.3137e+01 1.0000e+05 3.2343e-12 1.0000e+00 1.0000e+05 3.2343e-07 2.5000e+00
1.3529e+01 1.0000e+05 4.7084e-12 1.0000e+00 1.0000e+05 4.7084e-07 2.5000e+00
1.3922e+01 1.0000e+05 6.8271e-12 1.0000e+00 1.0000e+05 6.8271e-07 2.5000e+00
1.4314e+01 1.0000e+05 9.8603e-12 1.0000e+00 1.0000e+05 9.8603e-07 2.5000e+00
1.4706e+01 1.0000e+05 1.4185e-11 1.0000e+00 1.0000e+05 1.4185e-06 2.5000e+00
1.5098e+01 1.0000e+05 2.0326e-11 1.0000e+00 1.0000e+05 2.0326e-06 2.5000e+00
1.5490e+01 1.0000e+05 2.9010e-11 1.0000e+00 1.0000e+05 2.9010e-06 2.5000e+00
1.5882e+01 1.0000e+05 4.1240e-11 1.0000e+00 1.0000e+05 4.1240e-06 2.5000e+00
1.6275e+01 1.0000e+05 5.8394e-11 1.0000e+00 1.0000e+05 5.8394e-06 2.5000e+00
1.6667e+01 1.0000e+05 8.2356e-11 1.0000e+00 1.0000e+05 8.2356e-06 2.5000e+00
1.7059e+01 1.0000e+05 1.1569e-10 1.0000e+00 1.0000e+05 1.1569e-05 2.5000e+00
1.7451e+01 1.0000e+05 1.6187e-10 1.0000e+00 1.0000e+05 1.6187e-05 2.5000e+00
1.7843e+01 1.0000e+05 2.2559e-10 1.0000e+00 1.0000e+05 2.2559e-05 2.5000e+00
1.8235e+01 1.0000e+05 3.1315e-10 1.0000e+00 1.0000e+05 3.1315e-05 2.5000e+00
1.8627e+01 1.0000e+05 4.3296e-10 1.0000e+00 1.0000e+05 4.3296e-05 2.5000e+00
1.9020e+01 1.0000e+05 5.9622e-10 1.0000e+00 1.0000e+05 5.9622e-05 2.5000e+00
1.9412e+01 1.0000e+05 8.1780e-10 1.0000e+00 1.0000e+05 8.1780e-05 2.5000e+00
1.9804e+01 1.0000e+05 1.1173e-09 1.0000e+00 1.0000e+05 1.1173e-04 2.5000e+00
2.0196e+01 1.0000e+05 1.5203e-09 1.0000e+00 1.0000e+05 1.5203e-04 2.5000e+00
2.0588e+01 1.0000e+05 2.0605e-09 1.0000e+00 1.0000e+05 2.0605e-04 2.5000e+00
2.0980e+01 1.0000e+05 2.7816e-09 9.9999e-01 1.0000e+05 2.7816e-04 2.5000e+00
2.1373e+01 1.0000e+05 3.7401e-09 9.9999e-01 1.0000e+05 3.7401e-04 2.5000e+00
2.1765e+01 1.0000e+05 5.0089e-09 9.9999e-01 1.0000e+05 5.0089e-04 2.5000e+00
2.2157e+01 1.0000e+05 6.6815e-09 9.9999e-01 1.0000e+05 6.6815e-04 2.5000e+00
2.2549e+01 1.0000e+05 8.8772e-09 9.9998e-01 1.0000e+05 8.8771e-04 2.5000e+00
2.2941e+01 1.0000e+05 1.1748e-08 9.9998e-01 1.0000e+05 1.1748e-03 2.4999e+00
2.3333e+01 1.0000e+05 1.5484e-08 9.9997e-01 1.0000e+05 1.5484e-03 2.4999e+00
2.3725e+01 1.0000e+05 2.0329e-08 9.9996e-01 1.0000e+05 2.0329e-03 2.4999e+00
2.4118e+01 1.0000e+05 2.6583e-08 9.9995e-01 1.0000e+05 2.6583e-03 2.4999e+00
2.4510e+01 1.0000e+05 3.4624e-08 9.9994e-01 1.0000e+05 3.4624e-03 2.4998e+00
2.4902e+01 1.0000e+05 4.4919e-08 9.9992e-01 1.0000e+05 4.4918e-03 2.4998e+00
2.5294e+01 1.0000e+05 5.8044e-08 9.9990e-01 1.0000e+05 5.8043e-03 2.4998e+00
2.5686e+01 1.0000e+05 7.4707e-08 9.9987e-01 1.0000e+05 7.4707e-03 2.4997e+00
2.6078e+01 9.9999e+04 9.5776e-08 9.9984e-01 9.9999e+04 9.5776e-03 2.4996e+00
2.6471e+01 9.9999e+04 1.2230e-07 9.9980e-01 9.9999e+04 1.2230e-02 2.4995e+00
2.6863e+01 9.9999e+04 1.5556e-07 9.9975e-01 9.9999e+04 1.5556e-02 2.4994e+00
2.7255e+01 9.9999e+04 1.9709e-07 9.9968e-01 9.9999e+04 1.9709e-02 2.4992e+00
2.7647e+01 9.9998e+04 2.4873e-07 9.9961e-01 9.9998e+04 2.4872e-02 2.4990e+00
2.8039e+01 9.9998e+04 3.1266e-07 9.9951e-01 9.9998e+04 3.1265e-02 2.4988e+00
2.8431e+01 9.9997e+04 3.9149e-07 9.9940e-01 9.9997e+04 3.9148e-02 2.4985e+00
2.8824e+01 9.9997e+04 4.8830e-07 9.9926e-01 9.9997e+04 4.8828e-02 2.4981e+00
2.9216e+01 9.9996e+04 6.0667e-07 9.9909e-01 9.9996e+04 6.0665e-02 2.4977e+00
2.9608e+01 9.9995e+04 7.5082e-07 9.9889e-01 9.9995e+04 7.5078e-02 2.4972e+00
3.0000e+01 9.9994e+04 9.2563e-07 9.9865e-01 9.9994e+04 9.2557e-02 2.4966e+00
3.0392e+01 9.9992e+04 1.1367e-06 9.9836e-01 9.9992e+04 1.1367e-01 2.4959e+00
3.0784e+01 9.9990e+04 1.3906e-06 9.9802e-01 9.9990e+04 1.3905e-01 2.4951e+00
3.1176e+01 9.9988e+04 1.6948e-06 9.9763e-01 9.9988e+04 1.6946e-01 2.4941e+00
3.1569e+01 9.9985e+04 2.0575e-06 9.9716e-01 9.9985e+04 2.0572e-01 2.4929e+00
3.1961e+01 9.9982e+04 2.4884e-06 9.9662e-01 9.9982e+04 2.4879e-01 2.4915e+00
3.2353e+01 9.9978e+04 2.9981e-06 9.9599e-01 9.9978e+04 2.9975e-01 2.4900e+00
3.2745e+01 9.9973e+04 3.5987e-06 9.9525e-01 9.9973e+04 3.5978e-01 2.4881e+00
3.3137e+01 9.9968e+04 4.3035e-06 9.9441e-01 9.9968e+04 4.3021e-01 2.4860e+00
3.3529e+01 9.9961e+04 5.1271e-06 9.9344e-01 9.9961e+04 5.1251e-01 2.4836e+00
3.3922e+01 9.9953e+04 6.0856e-06 9.9234e-01 9.9953e+04 6.0828e-01 2.4809e+00
3.4314e+01 9.9944e+04 7.1969e-06 9.9108e-01 9.9944e+04 7.1928e-01 2.4777e+00
3.4706e+01 9.9933e+04 8.4798e-06 9.8966e-01 9.9933e+04 8.4741e-01 2.4742e+00
3.5098e+01 9.9920e+04 9.9552e-06 9.8806e-01 9.9920e+04 9.9472e-01 2.4702e+00
3.5490e+01 9.9905e+04 1.1645e-05 9.8626e-01 9.9905e+04 1.1634e+00 2.4657e+00
3.5882e+01 9.9888e+04 1.3573e-05 9.8425e-01 9.9888e+04 1.3558e+00 2.4606e+00
3.6275e+01 9.9868e+04 1.5764e-05 9.8201e-01 9.9868e+04 1.5743e+00 2.4550e+00
3.6667e+01 9.9844e+04 1.8244e-05 9.7952e-01 9.9844e+04 1.8216e+00 2.4488e+00
3.7059e+01 9.9818e+04 2.1041e-05 9.7678e-01 9.9818e+04 2.1002e+00 2.4420e+00
3.7451e+01 9.9788e+04 2.4182e-05 9.7377e-01 9.9788e+04 2.4130e+00 2.4345e+00
3.7843e+01 9.9753e+04 2.7697e-05 9.7048e-01 9.9753e+04 2.7628e+00 2.4262e+00
3.8235e+01 9.9714e+04 3.1615e-05 9.6689e-01 9.9714e+04 3.1524e+00 2.4173e+00
3.8627e+01 9.9670e+04 3.5966e-05 9.6299e-01 9.9670e+04 3.5847e+00 2.4075e+00
3.9020e+01 9.9620e+04 4.0780e-05 9.5878e-01 9.9620e+04 4.0625e+00 2.3970e+00
3.9412e+01 9.9564e+04 4.6087e-05 9.5425e-01 9.9564e+04 4.5886e+00 2.3857e+00
3.9804e+01 9.9501e+04 5.1915e-05 9.4940e-01 9.9501e+04 5.1656e+00 2.3736e+00
4.0196e+01 9.9431e+04 5.8294e-05 9.4421e-01 9.9431e+04 5.7962e+00 2.3607e+00
4.0588e+01 9.9353e+04 6.5248e-05 9.3871e-01 9.9353e+04 6.4826e+00 2.3470e+00
4.0980e+01 9.9267e+04 7.2804e-05 9.3288e-01 9.9267e+04 7.2270e+00 2.3325e+00
4.1373e+01 9.9172e+04 8.0984e-05 9.2673e-01 9.9172e+04 8.0314e+00 2.3172e+00
4.1765e+01 9.9067e+04 8.9810e-05 9.2028e-01 9.9067e+04 8.8972e+00 2.3011e+00
4.2157e+01 9.8953e+04 9.9299e-05 9.1354e-01 9.8953e+04 9.8259e+00 2.2843e+00
4.2549e+01 9.8827e+04 1.0946e-04 9.0651e-01 9.8827e+04 1.0818e+01 2.2669e+00
4.2941e+01 9.8691e+04 1.2032e-04 8.9923e-01 9.8691e+04 1.1875e+01 2.2488e+00
4.3333e+01 9.8542e+04 1.3187e-04 8.9170e-01 9.8542e+04 1.2994e+01 2.2301e+00
4.3725e+01 9.8382e+04 1.4415e-04 8.8397e-01 9.8382e+04 1.4182e+01 2.2109e+00
4.4118e+01 9.8206e+04 1.5699e-04 8.7599e-01 9.8206e+04 1.5418e+01 2.1912e+00
4.4510e+01 9.8030e+04 1.7101e-04 8.6803e-01 9.8030e+04 1.6764e+01 2.1715e+00
4.4902e+01 9.7798e+04 1.8421e-04 8.5940e-01 9.7798e+04 1.8016e+01 2.1502e+00
4.5294e+01 9.7672e+04 2.0236e-04 8.5215e-01 9.7672e+04 1.9765e+01 2.1324e+00
4.5686e+01 9.7223e+04 2.1013e-04 8.4106e-01 9.7223e+04 2.0429e+01 2.1048e+00
4.6078e+01 9.7474e+04 2.4398e-04 8.3857e-01 9.7474e+04 2.3781e+01 2.0993e+00
4.6471e+01 9.6252e+04 2.2635e-04 8.1854e-01 9.6252e+04 2.1787e+01 2.0488e+00
4.6863e+01 9.7597e+04 3.0089e-04 8.2922e-01 9.7597e+04 2.9366e+01 2.0775e+00
4.7255e+01 9.5080e+04 2.3980e-04 7.9468e-01 9.5080e+04 2.2801e+01 1.9894e+00
4.7647e+01 9.7181e+04 3.4272e-04 8.1418e-01 9.7181e+04 3.3306e+01 2.0412e+00
4.8039e+01 9.5035e+04 2.9904e-04 7.8553e-01 9.5035e+04 2.8420e+01 1.9681e+00
4.8431e+01 9.5445e+04 3.4416e-04 7.8584e-01 9.5445e+04 3.2848e+01 1.9703e+00
4.8824e+01 9.5596e+04 3.6060e-04 7.7696e-01 9.5596e+04 3.4471e+01 1.9486e+00
4.9216e+01 8.9577e+04 3.9248e-04 7.7330e-01 8.9577e+04 3.5157e+01 1.9402e+00
4.9608e+01 1.2195e+05 3.9279e-04 7.5840e-01 1.2195e+05 4.7901e+01 1.9054e+00
5.0000e+01 4.0830e+04 4.0774e-04 7.5380e-01 4.0830e+04 1.6648e+01 1.8879e+00
5.0392e+01 1.4194e+04 4.2822e-04 7.5148e-01 1.4194e+04 6.0783e+00 1.8800e+00
5.0784e+01 9.3564e+03 5.2764e-04 7.5383e-01 9.3564e+03 4.9369e+00 1.8859e+00
5.1176e+01 9.2942e+03 6.3431e-04 7.5290e-01 9.2942e+03 5.8954e+00 1.8841e+00
5.1569e+01 9.6932e+03 6.7495e-04 7.4675e-01 9.6932e+03 6.5424e+00 1.8691e+00
5.1961e+01 1.0339e+04 7.7734e-04 7.4844e-01 1.0339e+04 8.0367e+00 1.8742e+00
5.2353e+01 1.0800e+04 9.0607e-04 7.5480e-01 1.0800e+04 9.7854e+00 1.8914e+00
5.2745e+01 1.1183e+04 9.6603e-04 7.5507e-01 1.1183e+04 1.0803e+01 1.8929e+00
5.3137e+01 1.1333e+04 9.5746e-04 7.4890e-01 1.1333e+04 1.0851e+01 1.8774e+00
5.3529e+01 1.1504e+04 9.6421e-04 7.4500e-01 1.1504e+04 1.1092e+01 1.8678e+00
5.3922e+01 1.1671e+04 1.0266e-03 7.4779e-01 1.1671e+04 1.1981e+01 1.8756e+00
5.4314e+01 1.1880e+04 1.1160e-03 7.5404e-01 1.1880e+04 1.3258e+01 1.8925e+00
5.4706e+01 1.2024e+04 1.1806e-03 7.5798e-01 1.2024e+04 1.4196e+01 1.9033e+00
5.5098e+01 1.2112e+04 1.1995e-03 7.5705e-01 1.2112e+04 1.4529e+01 1.9013e+00
5.5490e+01 1.2140e+04 1.1851e-03 7.5268e-01 1.2140e+04 1.4388e+01 1.8902e+00
5.5882e+01 1.2177e+04 1.1737e-03 7.4777e-01 1.2177e+04 1.4292e+01 1.8778e+00
5.6275e+01 1.2258e+04 1.2054e-03 7.4822e-01 1.2258e+04 1.4776e+01 1.8795e+00
5.6667e+01 1.2401e+04 1.2877e-03 7.5486e-01 1.2401e+04 1.5969e+01 1.8974e+00
5.7059e+01 1.2571e+04 1.3946e-03 7.6475e-01 1.2571e+04 1.7531e+01 1.9241e+00
5.7451e+01 1.2731e+04 1.4954e-03 7.7431e-01 1.2731e+04 1.9038e+01 1.9500e+00
5.7843e+01 1.2853e+04 1.5706e-03 7.8117e-01 1.2853e+04 2.0187e+01 1.9688e+00
5.8235e+01 1.2931e+04 1.6159e-03 7.8466e-01 1.2931e+04 2.0895e+01 1.9785e+00
5.8627e+01 1.2974e+04 1.6369e-03 7.8538e-01 1.2974e+04 2.1237e+01 1.9808e+00
5.9020e+01 1.2994e+04 1.6433e-03 7.8444e-01 1.2994e+04 2.1352e+01 1.9786e+00
5.9412e+01 1.3003e+04 1.6429e-03 7.8275e-01 1.3003e+04 2.1363e+01 1.9744e+00
5.9804e+01 1.3009e+04 1.6402e-03 7.8084e-01 1.3009e+04 2.1338e+01 1.9696e+00
6.0196e+01 1.3013e+04 1.6368e-03 7.7883e-01 1.3013e+04 2.1300e+01 1.9645e+00
6.0588e+01 1.3017e+04 1.6330e-03 7.7674e-01 1.3017e+04 2.1257e+01 1.9592e+00
6.0980e+01 1.3020e+04 1.6288e-03 7.7457e-01 1.3020e+04 2.1207e+01 1.9537e+00
6.1373e+01 1.3023e+04 1.6243e-03 7.7233e-01 1.3023e+04 2.1152e+01 1.9480e+00
6.1765e+01 1.3025e+04 1.6193e-03 7.7001e-01 1.3025e+04 2.1092e+01 1.9421e+00
6.2157e+01 1.3027e+04 1.6141e-03 7.6761e-01 1.3027e+04 2.1026e+01 1.9360e+00
6.2549e+01 1.3029e+04 1.6084e-03 7.6513e-01 1.3029e+04 2.0956e+01 1.9297e+00
6.2941e+01 1.3030e+04 1.6025e-03 7.6257e-01 1.3030e+04 2.0880e+01 1.9232e+00
6.3333e+01 1.3031e+04 1.5962e-03 7.5993e-01 1.3031e+04 2.0800e+01 1.9164e+00
6.3725e+01 1.3031e+04 1.5896e-03 7.5720e-01 1.3031e+04 2.0714e+01 1.9095e+00
6.4118e+01 1.3032e+04 1.5826e-03 7.5438e-01 1.3032e+04 2.0624e+01 1.9023e+00
6.4510e+01 1.3032e+04 1.5753e-03 7.5147e-01 1.3032e+04 2.0529e+01 1.8948e+00
6.4902e+01 1.3031e+04 1.5676e-03 7.4846e-01 1.3031e+04 2.0428e+01 1.8872e+00
6.5294e+01 1.3031e+04 1.5596e-03 7.4536e-01 1.3031e+04 2.0323e+01 1.8792e+00
6.5686e+01 1.3030e+04 1.5513e-03 7.4215e-01 1.3030e+04 2.0214e+01 1.8711e+00
6.6078e+01 1.3029e+04 1.5426e-03 7.3884e-01 1.3029e+04 2.0099e+01 1.8626e+00
6.6471e+01 1.3028e+04 1.5336e-03 7.3543e-01 1.3028e+04 1.9979e+01 1.8539e+00
6.6863e+01 1.3026e+04 1.5242e-03 7.3190e-01 1.3026e+04 1.9855e+01 1.8449e+00
6.7255e+01 1.3024e+04 1.5145e-03 7.2826e-01 1.3024e+04 1.9725e+01 1.8356e+00
6.7647e+01 1.3022e+04 1.5044e-03 7.2451e-01 1.3022e+04 1.9591e+01 1.8260e+00
6.8039e+01 1.3020e+04 1.4940e-03 7.2064e-01 1.3020e+04 1.9451e+01 1.8161e+00
6.8431e+01 1.3017e+04 1.4832e-03 7.1665e-01 1.3017e+04 1.9307e+01 1.8059e+00
6.8824e+01 1.3014e+04 1.4720e-03 7.1253e-01 1.3014e+04 1.9157e+01 1.7954e+00
6.9216e+01 1.3011e+04 1.4605e-03 7.0828e-01 1.3011e+04 1.9003e+01 1.7846e+00
6.9608e+01 1.3008e+04 1.4486e-03 7.0390e-01 1.3008e+04 1.8843e+01 1.7734e+00
7.0000e+01 1.3004e+04 1.4363e-03 6.9939e-01 1.3004e+04 1.8679e+01 1.7619e+00
7.0392e+01 1.3001e+04 1.4237e-03 6.9474e-01 1.3001e+04 1.8509e+01 1.7500e+00
7.0784e+01 1.2997e+04 1.4107e-03 6.8995e-01 1.2997e+04 1.8334e+01 1.7378e+00
7.1176e+01 1.2993e+04 1.3973e-03 6.8501e-01 1.2993e+04 1.8155e+01 1.7252e+00
7.1569e+01 1.2988e+04 1.3835e-03 6.7993e-01 1.2988e+04 1.7970e+01 1.7123e+00
7.1961e+01 1.2984e+04 1.3694e-03 6.7469e-01 1.2984e+04 1.7779e+01 1.6989e+00
7.2353e+01 1.2979e+04 1.3548e-03 6.6931e-01 1.2979e+04 1.7584e+01 1.6852e+00
7.2745e+01 1.2974e+04 1.3399e-03 6.6376e-01 1.2974e+04 1.7384e+01 1.6710e+00
7.3137e+01 1.2969e+04 1.3245e-03 6.5806e-01 1.2969e+04 1.7178e+01 1.6565e+00
7.3529e+01 1.2964e+04 1.3088e-03 6.5219e-01 1.2964e+04 1.6967e+01 1.6416e+00
7.3922e+01 1.2958e+04 1.2927e-03 6.4615e-01 1.2958e+04 1.6750e+01 1.6262e+00
7.4314e+01 1.2952e+04 1.2761e-03 6.3994e-01 1.2952e+04 1.6529e+01 1.6104e+00
7.4706e+01 1.2946e+04 1.2592e-03 6.3357e-01 1.2946e+04 1.6302e+01 1.5942e+00
7.5098e+01 1.2940e+04 1.2418e-03 6.2701e-01 1.2940e+04 1.6070e+01 1.5775e+00
7.5490e+01 1.2934e+04 1.2241e-03 6.2027e-01 1.2934e+04 1.5832e+01 1.5604e+00
7.5882e+01 1.2928e+04 1.2059e-03 6.1336e-01 1.2928e+04 1.5589e+01 1.5428e+00
7.6275e+01 1.2921e+04 1.1873e-03 6.0625e-01 1.2921e+04 1.5341e+01 1.5247e+00
7.6667e+01 1.2914e+04 1.1683e-03 5.9896e-01 1.2914e+04 1.5087e+01 1.5062e+00
7.7059e+01 1.2907e+04 1.1488e-03 5.9147e-01 1.2907e+04 1.4828e+01 1.4872e+00
7.7451e+01 1.2900e+04 1.1290e-03 5.8379e-01 1.2900e+04 1.4564e+01 1.4677e+00
7.7843e+01 1.2892e+04 1.1087e-03 5.7590e-01 1.2892e+04 1.4294e+01 1.4477e+00
7.8235e+01 1.2885e+04 1.0879e-03 5.6782e-01 1.2885e+04 1.4018e+01 1.4272e+00
7.8627e+01 1.2877e+04 1.0668e-03 5.5952e-01 1.2877e+04 1.3737e+01 1.4061e+00
7.9020e+01 1.2869e+04 1.0452e-03 5.5102e-01 1.2869e+04 1.3450e+01 1.3846e+00
7.9412e+01 1.2861e+04 1.0231e-03 5.4230e-01 1.2861e+04 1.3158e+01 1.3625e+00
7.9804e+01 1.2853e+04 1.0006e-03 5.3336e-01 1.2853e+04 1.2861e+01 1.3398e+00
8.0196e+01 1.2845e+04 9.7762e-04 5.2420e-01 1.2845e+04 1.2557e+01 1.3166e+00
8.0588e+01 1.2836e+04 9.5420e-04 5.1482e-01 1.2836e+04 1.2248e+01 1.2929e+00
8.0980e+01 1.2827e+04 9.3031e-04 5.0520e-01 1.2827e+04 1.1933e+01 1.2685e+00
8.1373e+01 1.2818e+04 9.0595e-04 4.9534e-01 1.2818e+04 1.1613e+01 1.2436e+00
8.1765e+01 1.2809e+04 8.8111e-04 4.8525e-01 1.2809e+04 1.1286e+01 1.2181e+00
8.2157e+01 1.2800e+04 8.5580e-04 4.7491e-01 1.2800e+04 1.0954e+01 1.1920e+00
8.2549e+01 1.2791e+04 8.2999e-04 4.6432e-01 1.2791e+04 1.0616e+01 1.1652e+00
8.2941e+01 1.2781e+04 8.0369e-04 4.5347e-01 1.2781e+04 1.0272e+01 1.1378e+00
8.3333e+01 1.2771e+04 7.7689e-04 4.4236e-01 1.2771e+04 9.9218e+00 1.1098e+00
8.3725e+01 1.2761e+04 7.4958e-04 4.3099e-01 1.2761e+04 9.5656e+00 1.0811e+00
8.4118e+01 1.2751e+04 7.2175e-04 4.1934e-01 1.2751e+04 9.2033e+00 1.0517e+00
8.4510e+01 1.2741e+04 6.9340e-04 4.0741e-01 1.2741e+04 8.8347e+00 1.0216e+00
8.4902e+01 1.2731e+04 6.6452e-04 3.9520e-01 1.2731e+04 8.4598e+00 9.9080e-01
8.5294e+01 1.2720e+04 6.3510e-04 3.8269e-01 1.2720e+04 8.0785e+00 9.5929e-01
8.5686e+01 1.2709e+04 6.0514e-04 3.6989e-01 1.2709e+04 7.6908e+00 9.2704e-01
8.6078e+01 1.2698e+04 5.7461e-04 3.5677e-01 1.2698e+04 7.2966e+00 8.9403e-01
8.6471e+01 1.2687e+04 5.4352e-04 3.4335e-01 1.2687e+04 6.8958e+00 8.6025e-01
8.6863e+01 1.2676e+04 5.1185e-04 3.2960e-01 1.2676e+04 6.4883e+00 8.2567e-01
8.7255e+01 1.2665e+04 4.7960e-04 3.1553e-01 1.2665e+04 6.0740e+00 7.9028e-01
8.7647e+01 1.2653e+04 4.4676e-04 3.0112e-01 1.2653e+04 5.6529e+00 7.5406e-01
8.8039e+01 1.2641e+04 4.1331e-04 2.8637e-01 1.2641e+04 5.2248e+00 7.1699e-01
8.8431e+01 1.2629e+04 3.7925e-04 2.7126e-01 1.2629e+04 4.7896e+00 6.7905e-01
8.8824e+01 1.2617e+04 3.4456e-04 2.5579e-01 1.2617e+04 4.3473e+00 6.4022e-01
8.9216e+01 1.2605e+04 3.0923e-04 2.3995e-01 1.2605e+04 3.8979e+00 6.0048e-01
8.9608e+01 1.2593e+04 2.7329e-04 2.2374e-01 1.2593e+04 3.4414e+00 5.5982e-01
9.0000e+01 1.2580e+04 2.3676e-04 2.0718e-01 1.2580e+04 2.9785e+00 5.1830e-01
9.0392e+01 1.2567e+04 1.9981e-04 1.9033e-01 1.2567e+04 2.5110e+00 4.7607e-01
9.0784e+01 1.2555e+04 1.6280e-04 1.7336e-01 1.2555e+04 2.0440e+00 4.3357e-01
9.1176e+01 1.2543e+04 1.2658e-04 1.5668e-01 1.2543e+04 1.5876e+00 3.9180e-01
9.1569e+01 1.2531e+04 9.2590e-05 1.4102e-01 1.2531e+04 1.1603e+00 3.5260e-01
9.1961e+01 1.2521e+04 6.2827e-05 1.2738e-01 1.2521e+04 7.8668e-01 3.1848e-01
9.2353e+01 1.2513e+04 3.9151e-05 1.1671e-01 1.2513e+04 4.8992e-01 2.9178e-01
9.2745e+01 1.2508e+04 2.2374e-05 1.0933e-01 1.2508e+04 2.7985e-01 2.7333e-01
9.3137e+01 1.2504e+04 1.1834e-05 1.0484e-01 1.2504e+04 1.4797e-01 2.6209e-01
9.3529e+01 1.2502e+04 5.8943e-06 1.0237e-01 1.2502e+04 7.3692e-02 2.5594e-01
9.3922e+01 1.2501e+04 2.8193e-06 1.0113e-01 1.2501e+04 3.5244e-02 2.5282e-01
9.4314e+01 1.2500e+04 1.3160e-06 1.0052e-01 1.2500e+04 1.6450e-02 2.5131e-01
9.4706e+01 1.2500e+04 6.0595e-07 1.0024e-01 1.2500e+04 7.5745e-03 2.5060e-01
9.5098e+01 1.2500e+04 2.7692e-07 1.0011e-01 1.2500e+04 3.4616e-03 2.5028e-01
9.5490e+01 1.2500e+04 1.2600e-07 1.0005e-01 1.2500e+04 1.5750e-03 2.5013e-01
9.5882e+01 1.2500e+04 5.7166e-08 1.0002e-01 1.2500e+04 7.1458e-04 2.5006e-01
9.6275e+01 1.2500e+04 2.5880e-08 1.0001e-01 1.2500e+04 3.2350e-04 2.5003e-01
9.6667e+01 1.2500e+04 1.1695e-08 1.0000e-01 1.2500e+04 1.4619e-04 2.5001e-01
9.7059e+01 1.2500e+04 5.2757e-09 1.0000e-01 1.2500e+04 6.5947e-05 2.5001e-01
9.7451e+01 1.2500e+04 2.3761e-09 1.0000e-01 1.2500e+04 2.9701e-05 2.5000e-01
9.7843e+01 1.2500e+04 1.0685e-09 1.0000e-01 1.2500e+04 1.3356e-05 2.5000e-01
9.8235e+01 1.2500e+04 4.7976e-10 1.0000e-01 1.2500e+04 5.9970e-06 2.5000e-01
9.8627e+01 1.2500e+04 2.1524e-10 1.0000e-01 1.2500e+04 2.6905e-06 2.5000e-01
9.9020e+01 1.2500e+04 9.6766e-11 1.0000e-01 1.2500e+04 1.2096e-06 2.5000e-01
9.9412e+01 1.2500e+04 4.4139e-11 1.0000e-01 1.2500e+04 5.5173e-07 2.5000e-01
9.9804e+01 1.2500e+04 2.2419e-11 1.0000e-01 1.2500e+04 2.8024e-07 2.5000e-01
