# # x Density Velocity Pressure q0 q1 q2
1.9608e-01 1.0000e+05 3.8559e-19 1.0000e+00 1.0000e+05 3.8559e-14 2.5000e+00
5.8824e-01 1.0000e+05 2.2198e-18 1.0000e+00 1.0000e+05 2.2198e-13 2.5000e+00
9.8039e-01 1.0000e+05 6.1423e-18 1.0000e+00 1.0000e+05 6.1423e-13 2.5000e+00
1.3725e+00 1.0000e+05 1.2159e-17 1.0000e+00 1.0000e+05 1.2159e-12 2.5000e+00
1.7647e+00 1.0000e+05 2.0268e-17 1.0000e+00 1.0000e+05 2.0268e-12 2.5000e+00
2.1569e+00 1.0000e+05 3.0992e-17 1.0000e+00 1.0000e+05 3.0992e-12 2.5000e+00
2.5490e+00 1.0000e+05 4.6375e-17 1.0000e+00 1.0000e+05 4.6375e-12 2.5000e+00
2.9412e+00 1.0000e+05 6.9045e-17 1.0000e+00 1.0000e+05 6.9045e-12 2.5000e+00
3.3333e+00 1.0000e+05 1.0268e-16 1.0000e+00 1.0000e+05 1.0268e-11 2.5000e+00
3.7255e+00 1.0000e+05 1.5460e-16 1.0000e+00 1.0000e+05 1.5460e-11 2.5000e+00
4.1176e+00 1.0000e+05 2.3569e-16 1.0000e+00 1.0000e+05 2.3569e-11 2.5000e+00
4.5098e+00 1.0000e+05 3.6278e-16 1.0000e+00 1.0000e+05 3.6278e-11 2.5000e+00
4.9020e+00 1.0000e+05 5.6186e-16 1.0000e+00 1.0000e+05 5.6186e-11 2.5000e+00
5.2941e+00 1.0000e+05 8.7359e-16 1.0000e+00 1.0000e+05 8.7359e-11 2.5000e+00
5.6863e+00 1.0000e+05 1.3605e-15 1.0000e+00 1.0000e+05 1.3605e-10 2.5000e+00
6.0784e+00 1.0000e+05 2.1181e-15 1.0000e+00 1.0000e+05 2.1181e-10 2.5000e+00
6.4706e+00 1.0000e+05 3.2920e-15 1.0000e+00 1.0000e+05 3.2920e-10 2.5000e+00
6.8627e+00 1.0000e+05 5.1033e-15 1.0000e+00 1.0000e+05 5.1033e-10 2.5000e+00
7.2549e+00 1.0000e+05 7.8875e-15 1.0000e+00 1.0000e+05 7.8875e-10 2.5000e+00
7.6471e+00 1.0000e+05 1.2149e-14 1.0000e+00 1.0000e+05 1.2149e-09 2.5000e+00
8.0392e+00 1.0000e+05 1.8647e-14 1.0000e+00 1.0000e+05 1.8647e-09 2.5000e+00
8.4314e+00 1.0000e+05 2.8514e-14 1.0000e+00 1.0000e+05 2.8514e-09 2.5000e+00
8.8235e+00 1.0000e+05 4.3439e-14 1.0000e+00 1.0000e+05 4.3439e-09 2.5000e+00
9.2157e+00 1.0000e+05 6.5924e-14 1.0000e+00 1.0000e+05 6.5924e-09 2.5000e+00
9.6078e+00 1.0000e+05 9.9662e-14 1.0000e+00 1.0000e+05 9.9662e-09 2.5000e+00
1.0000e+01 1.0000e+05 1.5009e-13 1.0000e+00 1.0000e+05 1.5009e-08 2.5000e+00
1.0392e+01 1.0000e+05 2.2515e-13 1.0000e+00 1.0000e+05 2.2515e-08 2.5000e+00
1.0784e+01 1.0000e+05 3.3645e-13 1.0000e+00 1.0000e+05 3.3645e-08 2.5000e+00
1.1176e+01 1.0000e+05 5.0080e-13 1.0000e+00 1.0000e+05 5.0080e-08 2.5000e+00
1.1569e+01 1.0000e+05 7.4253e-13 1.0000e+00 1.0000e+05 7.4253e-08 2.5000e+00
1.1961e+01 1.0000e+05 1.0966e-12 1.0000e+00 1.0000e+05 1.0966e-07 2.5000e+00
1.2353e+01 1.0000e+05 1.6133e-12 1.0000e+00 1.0000e+05 1.6133e-07 2.5000e+00
1.2745e+01 1.0000e+05 2.3640e-12 1.0000e+00 1.0000e+05 2.3640e-07 2.5000e+00
1.3137e+01 1.0000e+05 3.4505e-12 1.0000e+00 1.0000e+05 3.4505e-07 2.5000e+00
1.3529e+01 1.0000e+05 5.0166e-12 1.0000e+00 1.0000e+05 5.0166e-07 2.5000e+00
1.3922e+01 1.0000e+05 7.2649e-12 1.0000e+00 1.0000e+05 7.2649e-07 2.5000e+00
1.4314e+01 1.0000e+05 1.0479e-11 1.0000e+00 1.0000e+05 1.0479e-06 2.5000e+00
1.4706e+01 1.0000e+05 1.5057e-11 1.0000e+00 1.0000e+05 1.5057e-06 2.5000e+00
1.5098e+01 1.0000e+05 2.1548e-11 1.0000e+00 1.0000e+05 2.1548e-06 2.5000e+00
1.5490e+01 1.0000e+05 3.0717e-11 1.0000e+00 1.0000e+05 3.0717e-06 2.5000e+00
1.5882e+01 1.0000e+05 4.3614e-11 1.0000e+00 1.0000e+05 4.3614e-06 2.5000e+00
1.6275e+01 1.0000e+05 6.1682e-11 1.0000e+00 1.0000e+05 6.1682e-06 2.5000e+00
1.6667e+01 1.0000e+05 8.6890e-11 1.0000e+00 1.0000e+05 8.6890e-06 2.5000e+00
1.7059e+01 1.0000e+05 1.2192e-10 1.0000e+00 1.0000e+05 1.2192e-05 2.5000e+00
1.7451e+01 1.0000e+05 1.7039e-10 1.0000e+00 1.0000e+05 1.7039e-05 2.5000e+00
1.7843e+01 1.0000e+05 2.3718e-10 1.0000e+00 1.0000e+05 2.3718e-05 2.5000e+00
1.8235e+01 1.0000e+05 3.2886e-10 1.0000e+00 1.0000e+05 3.2886e-05 2.5000e+00
1.8627e+01 1.0000e+05 4.5418e-10 1.0000e+00 1.0000e+05 4.5418e-05 2.5000e+00
1.9020e+01 1.0000e+05 6.2475e-10 1.0000e+00 1.0000e+05 6.2475e-05 2.5000e+00
1.9412e+01 1.0000e+05 8.5599e-10 1.0000e+00 1.0000e+05 8.5599e-05 2.5000e+00
1.9804e+01 1.0000e+05 1.1682e-09 1.0000e+00 1.0000e+05 1.1682e-04 2.5000e+00
2.0196e+01 1.0000e+05 1.5879e-09 1.0000e+00 1.0000e+05 1.5879e-04 2.5000e+00
2.0588e+01 1.0000e+05 2.1498e-09 1.0000e+00 1.0000e+05 2.1498e-04 2.5000e+00
2.0980e+01 1.0000e+05 2.8991e-09 9.9999e-01 1.0000e+05 2.8991e-04 2.5000e+00
2.1373e+01 1.0000e+05 3.8941e-09 9.9999e-01 1.0000e+05 3.8941e-04 2.5000e+00
2.1765e+01 1.0000e+05 5.2098e-09 9.9999e-01 1.0000e+05 5.2098e-04 2.5000e+00
2.2157e+01 1.0000e+05 6.9424e-09 9.9999e-01 1.0000e+05 6.9424e-04 2.5000e+00
2.2549e+01 1.0000e+05 9.2147e-09 9.9998e-01 1.0000e+05 9.2147e-04 2.5000e+00
2.2941e+01 1.0000e+05 1.2182e-08 9.9998e-01 1.0000e+05 1.2182e-03 2.4999e+00
2.3333e+01 1.0000e+05 1.6042e-08 9.9997e-01 1.0000e+05 1.6042e-03 2.4999e+00
2.3725e+01 1.0000e+05 2.1041e-08 9.9996e-01 1.0000e+05 2.1041e-03 2.4999e+00
2.4118e+01 1.0000e+05 2.7488e-08 9.9995e-01 1.0000e+05 2.7488e-03 2.4999e+00
2.4510e+01 1.0000e+05 3.5769e-08 9.9994e-01 1.0000e+05 3.5769e-03 2.4998e+00
2.4902e+01 1.0000e+05 4.6362e-08 9.9992e-01 1.0000e+05 4.6362e-03 2.4998e+00
2.5294e+01 1.0000e+05 5.9855e-08 9.9990e-01 1.0000e+05 5.9855e-03 2.4997e+00
2.5686e+01 1.0000e+05 7.6971e-08 9.9987e-01 1.0000e+05 7.6970e-03 2.4997e+00
2.6078e+01 9.9999e+04 9.8591e-08 9.9984e-01 9.9999e+04 9.8591e-03 2.4996e+00
2.6471e+01 9.9999e+04 1.2579e-07 9.9979e-01 9.9999e+04 1.2579e-02 2.4995e+00
2.6863e+01 9.9999e+04 1.5986e-07 9.9974e-01 9.9999e+04 1.5986e-02 2.4994e+00
2.7255e+01 9.9999e+04 2.0237e-07 9.9968e-01 9.9999e+04 2.0237e-02 2.4992e+00
2.7647e+01 9.9998e+04 2.5518e-07 9.9960e-01 9.9998e+04 2.5518e-02 2.4990e+00
2.8039e+01 9.9998e+04 3.2052e-07 9.9950e-01 9.9998e+04 3.2051e-02 2.4987e+00
2.8431e+01 9.9997e+04 4.0101e-07 9.9938e-01 9.9997e+04 4.0100e-02 2.4985e+00
2.8824e+01 9.9997e+04 4.9978e-07 9.9924e-01 9.9997e+04 4.9977e-02 2.4981e+00
2.9216e+01 9.9996e+04 6.2047e-07 9.9907e-01 9.9996e+04 6.2044e-02 2.4977e+00
2.9608e+01 9.9995e+04 7.6732e-07 9.9887e-01 9.9995e+04 7.6728e-02 2.4972e+00
3.0000e+01 9.9994e+04 9.4528e-07 9.9862e-01 9.9994e+04 9.4522e-02 2.4966e+00
3.0392e+01 9.9992e+04 1.1600e-06 9.9833e-01 9.9992e+04 1.1599e-01 2.4958e+00
3.0784e+01 9.9990e+04 1.4181e-06 9.9799e-01 9.9990e+04 1.4180e-01 2.4950e+00
3.1176e+01 9.9988e+04 1.7271e-06 9.9759e-01 9.9988e+04 1.7269e-01 2.4940e+00
3.1569e+01 9.9985e+04 2.0953e-06 9.9712e-01 9.9985e+04 2.0950e-01 2.4928e+00
3.1961e+01 9.9982e+04 2.5324e-06 9.9657e-01 9.9982e+04 2.5320e-01 2.4914e+00
3.2353e+01 9.9978e+04 3.0493e-06 9.9593e-01 9.9978e+04 3.0486e-01 2.4898e+00
3.2745e+01 9.9973e+04 3.6578e-06 9.9519e-01 9.9973e+04 3.6568e-01 2.4880e+00
3.3137e+01 9.9967e+04 4.3714e-06 9.9434e-01 9.9967e+04 4.3699e-01 2.4858e+00
3.3529e+01 9.9960e+04 5.2048e-06 9.9336e-01 9.9960e+04 5.2027e-01 2.4834e+00
3.3922e+01 9.9952e+04 6.1743e-06 9.9225e-01 9.9952e+04 6.1713e-01 2.4806e+00
3.4314e+01 9.9943e+04 7.2974e-06 9.9098e-01 9.9943e+04 7.2933e-01 2.4775e+00
3.4706e+01 9.9932e+04 8.5935e-06 9.8955e-01 9.9932e+04 8.5876e-01 2.4739e+00
3.5098e+01 9.9919e+04 1.0083e-05 9.8793e-01 9.9919e+04 1.0075e+00 2.4698e+00
3.5490e+01 9.9904e+04 1.1788e-05 9.8612e-01 9.9904e+04 1.1777e+00 2.4653e+00
3.5882e+01 9.9886e+04 1.3733e-05 9.8410e-01 9.9886e+04 1.3717e+00 2.4603e+00
3.6275e+01 9.9866e+04 1.5942e-05 9.8185e-01 9.9866e+04 1.5920e+00 2.4546e+00
3.6667e+01 9.9842e+04 1.8441e-05 9.7935e-01 9.9842e+04 1.8412e+00 2.4484e+00
3.7059e+01 9.9816e+04 2.1257e-05 9.7660e-01 9.9816e+04 2.1218e+00 2.4415e+00
3.7451e+01 9.9785e+04 2.4419e-05 9.7357e-01 9.9785e+04 2.4367e+00 2.4340e+00
3.7843e+01 9.9750e+04 2.7956e-05 9.7027e-01 9.9750e+04 2.7886e+00 2.4257e+00
3.8235e+01 9.9711e+04 3.1897e-05 9.6667e-01 9.9711e+04 3.1805e+00 2.4167e+00
3.8627e+01 9.9666e+04 3.6272e-05 9.6276e-01 9.9666e+04 3.6150e+00 2.4070e+00
3.9020e+01 9.9616e+04 4.1110e-05 9.5854e-01 9.9616e+04 4.0952e+00 2.3964e+00
3.9412e+01 9.9559e+04 4.6441e-05 9.5400e-01 9.9559e+04 4.6236e+00 2.3851e+00
3.9804e+01 9.9496e+04 5.2294e-05 9.4913e-01 9.9496e+04 5.2031e+00 2.3730e+00
4.0196e+01 9.9426e+04 5.8697e-05 9.4394e-01 9.9426e+04 5.8360e+00 2.3600e+00
4.0588e+01 9.9348e+04 6.5676e-05 9.3843e-01 9.9348e+04 6.5247e+00 2.3463e+00
4.0980e+01 9.9261e+04 7.3256e-05 9.3260e-01 9.9261e+04 7.2715e+00 2.3318e+00
4.1373e+01 9.9166e+04 8.1460e-05 9.2645e-01 9.9166e+04 8.0780e+00 2.3164e+00
4.1765e+01 9.9061e+04 9.0308e-05 9.1999e-01 9.9061e+04 8.9460e+00 2.3004e+00
4.2157e+01 9.8945e+04 9.9818e-05 9.1325e-01 9.8945e+04 9.8766e+00 2.2836e+00
4.2549e+01 9.8819e+04 1.1000e-04 9.0622e-01 9.8819e+04 1.0871e+01 2.2662e+00
4.2941e+01 9.8682e+04 1.2088e-04 8.9894e-01 9.8682e+04 1.1929e+01 2.2481e+00
4.3333e+01 9.8533e+04 1.3244e-04 8.9142e-01 9.8533e+04 1.3050e+01 2.2294e+00
4.3725e+01 9.8373e+04 1.4474e-04 8.8369e-01 9.8373e+04 1.4239e+01 2.2103e+00
4.4118e+01 9.8196e+04 1.5759e-04 8.7573e-01 9.8196e+04 1.5475e+01 2.1905e+00
4.4510e+01 9.8020e+04 1.7164e-04 8.6777e-01 9.8020e+04 1.6824e+01 2.1709e+00
4.4902e+01 9.7786e+04 1.8481e-04 8.5915e-01 9.7786e+04 1.8072e+01 2.1495e+00
4.5294e+01 9.7662e+04 2.0306e-04 8.5194e-01 9.7662e+04 1.9831e+01 2.1319e+00
4.5686e+01 9.7208e+04 2.1062e-04 8.4079e-01 9.7208e+04 2.0474e+01 2.1041e+00
4.6078e+01 9.7469e+04 2.4485e-04 8.3844e-01 9.7469e+04 2.3865e+01 2.0990e+00
4.6471e+01 9.6230e+04 2.2665e-04 8.1824e-01 9.6230e+04 2.1811e+01 2.0481e+00
4.6863e+01 9.7593e+04 3.0182e-04 8.2915e-01 9.7593e+04 2.9455e+01 2.0773e+00
4.7255e+01 9.5065e+04 2.4035e-04 7.9450e-01 9.5065e+04 2.2848e+01 1.9890e+00
4.7647e+01 9.7159e+04 3.4303e-04 8.1394e-01 9.7159e+04 3.3329e+01 2.0406e+00
4.8039e+01 9.5037e+04 3.0018e-04 7.8558e-01 9.5037e+04 2.8529e+01 1.9682e+00
4.8431e+01 9.5422e+04 3.4443e-04 7.8563e-01 9.5422e+04 3.2866e+01 1.9697e+00
4.8824e+01 9.5587e+04 3.6103e-04 7.7682e-01 9.5587e+04 3.4510e+01 1.9483e+00
4.9216e+01 8.9526e+04 3.9321e-04 7.7328e-01 8.9526e+04 3.5202e+01 1.9401e+00
4.9608e+01 1.2202e+05 3.9344e-04 7.5836e-01 1.2202e+05 4.8008e+01 1.9054e+00
5.0000e+01 4.0990e+04 4.0839e-04 7.5376e-01 4.0990e+04 1.6740e+01 1.8878e+00
5.0392e+01 1.4239e+04 4.2783e-04 7.5128e-01 1.4239e+04 6.0920e+00 1.8795e+00
5.0784e+01 9.3571e+03 5.2620e-04 7.5357e-01 9.3571e+03 4.9237e+00 1.8852e+00
5.1176e+01 9.2880e+03 6.3697e-04 7.5307e-01 9.2880e+03 5.9162e+00 1.8846e+00
5.1569e+01 9.6851e+03 6.7656e-04 7.4681e-01 9.6851e+03 6.5526e+00 1.8693e+00
5.1961e+01 1.0326e+04 7.7388e-04 7.4799e-01 1.0326e+04 7.9914e+00 1.8731e+00
5.2353e+01 1.0789e+04 9.0311e-04 7.5439e-01 1.0789e+04 9.7438e+00 1.8904e+00
5.2745e+01 1.1178e+04 9.6783e-04 7.5517e-01 1.1178e+04 1.0819e+01 1.8932e+00
5.3137e+01 1.1332e+04 9.6095e-04 7.4918e-01 1.1332e+04 1.0889e+01 1.8782e+00
5.3529e+01 1.1500e+04 9.6449e-04 7.4493e-01 1.1500e+04 1.1091e+01 1.8677e+00
5.3922e+01 1.1663e+04 1.0231e-03 7.4730e-01 1.1663e+04 1.1932e+01 1.8744e+00
5.4314e+01 1.1872e+04 1.1120e-03 7.5350e-01 1.1872e+04 1.3202e+01 1.8911e+00
5.4706e+01 1.2019e+04 1.1792e-03 7.5773e-01 1.2019e+04 1.4174e+01 1.9027e+00
5.5098e+01 1.2112e+04 1.2011e-03 7.5717e-01 1.2112e+04 1.4547e+01 1.9017e+00
5.5490e+01 1.2141e+04 1.1881e-03 7.5300e-01 1.2141e+04 1.4425e+01 1.8911e+00
5.5882e+01 1.2176e+04 1.1752e-03 7.4792e-01 1.2176e+04 1.4309e+01 1.8782e+00
5.6275e+01 1.2252e+04 1.2028e-03 7.4790e-01 1.2252e+04 1.4736e+01 1.8786e+00
5.6667e+01 1.2391e+04 1.2817e-03 7.5414e-01 1.2391e+04 1.5882e+01 1.8955e+00
5.7059e+01 1.2559e+04 1.3876e-03 7.6389e-01 1.2559e+04 1.7427e+01 1.9218e+00
5.7451e+01 1.2721e+04 1.4894e-03 7.7355e-01 1.2721e+04 1.8946e+01 1.9480e+00
5.7843e+01 1.2845e+04 1.5668e-03 7.8064e-01 1.2845e+04 2.0126e+01 1.9674e+00
5.8235e+01 1.2927e+04 1.6141e-03 7.8438e-01 1.2927e+04 2.0866e+01 1.9778e+00
5.8627e+01 1.2972e+04 1.6368e-03 7.8530e-01 1.2972e+04 2.1232e+01 1.9806e+00
5.9020e+01 1.2993e+04 1.6440e-03 7.8445e-01 1.2993e+04 2.1361e+01 1.9787e+00
5.9412e+01 1.3003e+04 1.6439e-03 7.8281e-01 1.3003e+04 2.1377e+01 1.9746e+00
5.9804e+01 1.3009e+04 1.6414e-03 7.8092e-01 1.3009e+04 2.1353e+01 1.9698e+00
6.0196e+01 1.3013e+04 1.6381e-03 7.7892e-01 1.3013e+04 2.1317e+01 1.9648e+00
6.0588e+01 1.3017e+04 1.6343e-03 7.7684e-01 1.3017e+04 2.1274e+01 1.9595e+00
6.0980e+01 1.3020e+04 1.6302e-03 7.7469e-01 1.3020e+04 2.1225e+01 1.9540e+00
6.1373e+01 1.3023e+04 1.6256e-03 7.7246e-01 1.3023e+04 2.1171e+01 1.9484e+00
6.1765e+01 1.3025e+04 1.6208e-03 7.7016e-01 1.3025e+04 2.1111e+01 1.9425e+00
6.2157e+01 1.3027e+04 1.6155e-03 7.6777e-01 1.3027e+04 2.1046e+01 1.9364e+00
6.2549e+01 1.3029e+04 1.6100e-03 7.6531e-01 1.3029e+04 2.0977e+01 1.9302e+00
6.2941e+01 1.3030e+04 1.6041e-03 7.6277e-01 1.3030e+04 2.0902e+01 1.9237e+00
6.3333e+01 1.3031e+04 1.5978e-03 7.6014e-01 1.3031e+04 2.0822e+01 1.9170e+00
6.3725e+01 1.3032e+04 1.5913e-03 7.5743e-01 1.3032e+04 2.0737e+01 1.9101e+00
6.4118e+01 1.3032e+04 1.5844e-03 7.5463e-01 1.3032e+04 2.0648e+01 1.9029e+00
6.4510e+01 1.3032e+04 1.5771e-03 7.5174e-01 1.3032e+04 2.0553e+01 1.8955e+00
6.4902e+01 1.3032e+04 1.5695e-03 7.4875e-01 1.3032e+04 2.0454e+01 1.8879e+00
6.5294e+01 1.3032e+04 1.5616e-03 7.4567e-01 1.3032e+04 2.0350e+01 1.8801e+00
6.5686e+01 1.3031e+04 1.5533e-03 7.4248e-01 1.3031e+04 2.0241e+01 1.8719e+00
6.6078e+01 1.3030e+04 1.5447e-03 7.3920e-01 1.3030e+04 2.0127e+01 1.8635e+00
6.6471e+01 1.3028e+04 1.5357e-03 7.3581e-01 1.3028e+04 2.0008e+01 1.8549e+00
6.6863e+01 1.3027e+04 1.5264e-03 7.3231e-01 1.3027e+04 1.9885e+01 1.8459e+00
6.7255e+01 1.3025e+04 1.5168e-03 7.2870e-01 1.3025e+04 1.9756e+01 1.8367e+00
6.7647e+01 1.3023e+04 1.5068e-03 7.2497e-01 1.3023e+04 1.9623e+01 1.8272e+00
6.8039e+01 1.3021e+04 1.4964e-03 7.2113e-01 1.3021e+04 1.9484e+01 1.8174e+00
6.8431e+01 1.3018e+04 1.4857e-03 7.1716e-01 1.3018e+04 1.9341e+01 1.8073e+00
6.8824e+01 1.3015e+04 1.4746e-03 7.1307e-01 1.3015e+04 1.9192e+01 1.7968e+00
6.9216e+01 1.3012e+04 1.4631e-03 7.0886e-01 1.3012e+04 1.9039e+01 1.7861e+00
6.9608e+01 1.3009e+04 1.4513e-03 7.0451e-01 1.3009e+04 1.8881e+01 1.7750e+00
7.0000e+01 1.3006e+04 1.4392e-03 7.0003e-01 1.3006e+04 1.8717e+01 1.7636e+00
7.0392e+01 1.3002e+04 1.4266e-03 6.9542e-01 1.3002e+04 1.8549e+01 1.7518e+00
7.0784e+01 1.2998e+04 1.4137e-03 6.9066e-01 1.2998e+04 1.8375e+01 1.7396e+00
7.1176e+01 1.2994e+04 1.4004e-03 6.8576e-01 1.2994e+04 1.8197e+01 1.7272e+00
7.1569e+01 1.2990e+04 1.3867e-03 6.8072e-01 1.2990e+04 1.8013e+01 1.7143e+00
7.1961e+01 1.2985e+04 1.3726e-03 6.7552e-01 1.2985e+04 1.7824e+01 1.7010e+00
7.2353e+01 1.2981e+04 1.3582e-03 6.7018e-01 1.2981e+04 1.7630e+01 1.6874e+00
7.2745e+01 1.2976e+04 1.3433e-03 6.6467e-01 1.2976e+04 1.7430e+01 1.6734e+00
7.3137e+01 1.2971e+04 1.3281e-03 6.5901e-01 1.2971e+04 1.7226e+01 1.6590e+00
7.3529e+01 1.2965e+04 1.3124e-03 6.5319e-01 1.2965e+04 1.7016e+01 1.6441e+00
7.3922e+01 1.2960e+04 1.2964e-03 6.4720e-01 1.2960e+04 1.6801e+01 1.6289e+00
7.4314e+01 1.2954e+04 1.2800e-03 6.4104e-01 1.2954e+04 1.6581e+01 1.6132e+00
7.4706e+01 1.2948e+04 1.2631e-03 6.3471e-01 1.2948e+04 1.6355e+01 1.5971e+00
7.5098e+01 1.2942e+04 1.2459e-03 6.2820e-01 1.2942e+04 1.6125e+01 1.5806e+00
7.5490e+01 1.2936e+04 1.2282e-03 6.2152e-01 1.2936e+04 1.5888e+01 1.5636e+00
7.5882e+01 1.2929e+04 1.2102e-03 6.1465e-01 1.2929e+04 1.5647e+01 1.5461e+00
7.6275e+01 1.2923e+04 1.1917e-03 6.0760e-01 1.2923e+04 1.5400e+01 1.5282e+00
7.6667e+01 1.2916e+04 1.1728e-03 6.0037e-01 1.2916e+04 1.5148e+01 1.5098e+00
7.7059e+01 1.2909e+04 1.1535e-03 5.9294e-01 1.2909e+04 1.4890e+01 1.4909e+00
7.7451e+01 1.2902e+04 1.1337e-03 5.8531e-01 1.2902e+04 1.4627e+01 1.4716e+00
7.7843e+01 1.2895e+04 1.1136e-03 5.7749e-01 1.2895e+04 1.4359e+01 1.4517e+00
7.8235e+01 1.2887e+04 1.0929e-03 5.6946e-01 1.2887e+04 1.4085e+01 1.4314e+00
7.8627e+01 1.2879e+04 1.0719e-03 5.6123e-01 1.2879e+04 1.3805e+01 1.4105e+00
7.9020e+01 1.2872e+04 1.0504e-03 5.5279e-01 1.2872e+04 1.3520e+01 1.3891e+00
7.9412e+01 1.2863e+04 1.0285e-03 5.4414e-01 1.2863e+04 1.3230e+01 1.3672e+00
7.9804e+01 1.2855e+04 1.0061e-03 5.3527e-01 1.2855e+04 1.2934e+01 1.3447e+00
8.0196e+01 1.2847e+04 9.8328e-04 5.2618e-01 1.2847e+04 1.2632e+01 1.3217e+00
8.0588e+01 1.2838e+04 9.6000e-04 5.1686e-01 1.2838e+04 1.2325e+01 1.2981e+00
8.0980e+01 1.2830e+04 9.3625e-04 5.0732e-01 1.2830e+04 1.2012e+01 1.2739e+00
8.1373e+01 1.2821e+04 9.1203e-04 4.9754e-01 1.2821e+04 1.1693e+01 1.2492e+00
8.1765e+01 1.2812e+04 8.8734e-04 4.8752e-01 1.2812e+04 1.1368e+01 1.2239e+00
8.2157e+01 1.2803e+04 8.6217e-04 4.7726e-01 1.2803e+04 1.1038e+01 1.1979e+00
8.2549e+01 1.2793e+04 8.3652e-04 4.6676e-01 1.2793e+04 1.0702e+01 1.1714e+00
8.2941e+01 1.2784e+04 8.1038e-04 4.5599e-01 1.2784e+04 1.0360e+01 1.1442e+00
8.3333e+01 1.2774e+04 7.8374e-04 4.4497e-01 1.2774e+04 1.0011e+01 1.1164e+00
8.3725e+01 1.2764e+04 7.5659e-04 4.3369e-01 1.2764e+04 9.6572e+00 1.0879e+00
8.4118e+01 1.2754e+04 7.2893e-04 4.2213e-01 1.2754e+04 9.2968e+00 1.0587e+00
8.4510e+01 1.2744e+04 7.0075e-04 4.1029e-01 1.2744e+04 8.9303e+00 1.0289e+00
8.4902e+01 1.2733e+04 6.7205e-04 3.9818e-01 1.2733e+04 8.5575e+00 9.9832e-01
8.5294e+01 1.2723e+04 6.4280e-04 3.8577e-01 1.2723e+04 8.1784e+00 9.6706e-01
8.5686e+01 1.2712e+04 6.1302e-04 3.7307e-01 1.2712e+04 7.7929e+00 9.3507e-01
8.6078e+01 1.2701e+04 5.8268e-04 3.6007e-01 1.2701e+04 7.4009e+00 9.0232e-01
8.6471e+01 1.2690e+04 5.5178e-04 3.4675e-01 1.2690e+04 7.0023e+00 8.6881e-01
8.6863e+01 1.2679e+04 5.2031e-04 3.3312e-01 1.2679e+04 6.5971e+00 8.3452e-01
8.7255e+01 1.2668e+04 4.8826e-04 3.1916e-01 1.2668e+04 6.1852e+00 7.9942e-01
8.7647e+01 1.2656e+04 4.5562e-04 3.0487e-01 1.2656e+04 5.7665e+00 7.6350e-01
8.8039e+01 1.2645e+04 4.2239e-04 2.9024e-01 1.2645e+04 5.3409e+00 7.2673e-01
8.8431e+01 1.2633e+04 3.8854e-04 2.7526e-01 1.2633e+04 4.9083e+00 6.8911e-01
8.8824e+01 1.2621e+04 3.5407e-04 2.5992e-01 1.2621e+04 4.4686e+00 6.5060e-01
8.9216e+01 1.2608e+04 3.1897e-04 2.4422e-01 1.2608e+04 4.0217e+00 6.1119e-01
8.9608e+01 1.2596e+04 2.8324e-04 2.2815e-01 1.2596e+04 3.5678e+00 5.7088e-01
9.0000e+01 1.2584e+04 2.4692e-04 2.1172e-01 1.2584e+04 3.1072e+00 5.2968e-01
9.0392e+01 1.2571e+04 2.1012e-04 1.9497e-01 1.2571e+04 2.6414e+00 4.8771e-01
9.0784e+01 1.2558e+04 1.7312e-04 1.7805e-01 1.2558e+04 2.1741e+00 4.4530e-01
9.1176e+01 1.2546e+04 1.3661e-04 1.6126e-01 1.2546e+04 1.7139e+00 4.0328e-01
9.1569e+01 1.2534e+04 1.0185e-04 1.4525e-01 1.2534e+04 1.2766e+00 3.6319e-01
9.1961e+01 1.2524e+04 7.0715e-05 1.3096e-01 1.2524e+04 8.8564e-01 3.2743e-01
9.2353e+01 1.2515e+04 4.5193e-05 1.1940e-01 1.2515e+04 5.6561e-01 2.9850e-01
9.2745e+01 1.2509e+04 2.6471e-05 1.1111e-01 1.2509e+04 3.3113e-01 2.7777e-01
9.3137e+01 1.2505e+04 1.4299e-05 1.0587e-01 1.2505e+04 1.7881e-01 2.6468e-01
9.3529e+01 1.2503e+04 7.2348e-06 1.0292e-01 1.2503e+04 9.0454e-02 2.5731e-01
9.3922e+01 1.2501e+04 3.4962e-06 1.0140e-01 1.2501e+04 4.3706e-02 2.5350e-01
9.4314e+01 1.2501e+04 1.6421e-06 1.0065e-01 1.2501e+04 2.0527e-02 2.5163e-01
9.4706e+01 1.2500e+04 7.5886e-07 1.0030e-01 1.2500e+04 9.4860e-03 2.5075e-01
9.5098e+01 1.2500e+04 3.4759e-07 1.0014e-01 1.2500e+04 4.3449e-03 2.5035e-01
9.5490e+01 1.2500e+04 1.5841e-07 1.0006e-01 1.2500e+04 1.9801e-03 2.5016e-01
9.5882e+01 1.2500e+04 7.1960e-08 1.0003e-01 1.2500e+04 8.9950e-04 2.5007e-01
9.6275e+01 1.2500e+04 3.2614e-08 1.0001e-01 1.2500e+04 4.0768e-04 2.5003e-01
9.6667e+01 1.2500e+04 1.4753e-08 1.0001e-01 1.2500e+04 1.8442e-04 2.5001e-01
9.7059e+01 1.2500e+04 6.6624e-09 1.0000e-01 1.2500e+04 8.3280e-05 2.5001e-01
9.7451e+01 1.2500e+04 3.0037e-09 1.0000e-01 1.2500e+04 3.7546e-05 2.5000e-01
9.7843e+01 1.2500e+04 1.3521e-09 1.0000e-01 1.2500e+04 1.6901e-05 2.5000e-01
9.8235e+01 1.2500e+04 6.0773e-10 1.0000e-01 1.2500e+04 7.5966e-06 2.5000e-01
9.8627e+01 1.2500e+04 2.7294e-10 1.0000e-01 1.2500e+04 3.4117e-06 2.5000e-01
9.9020e+01 1.2500e+04 1.2284e-10 1.0000e-01 1.2500e+04 1.5355e-06 2.5000e-01
9.9412e+01 1.2500e+04 5.6093e-11 1.0000e-01 1.2500e+04 7.0117e-07 2.5000e-01
9.9804e+01 1.2500e+04 2.8528e-11 1.0000e-01 1.2500e+04 3.5660e-07 2.5000e-01
