# # x Density Velocity Pressure q0 q1 q2
1.9608e-01 1.0000e+05 6.8653e-19 1.0000e+00 1.0000e+05 6.8653e-14 2.5000e+00
5.8824e-01 1.0000e+05 3.1292e-18 1.0000e+00 1.0000e+05 3.1292e-13 2.5000e+00
9.8039e-01 1.0000e+05 7.6552e-18 1.0000e+00 1.0000e+05 7.6552e-13 2.5000e+00
1.3725e+00 1.0000e+05 1.4286e-17 1.0000e+00 1.0000e+05 1.4286e-12 2.5000e+00
1.7647e+00 1.0000e+05 2.3034e-17 1.0000e+00 1.0000e+05 2.3034e-12 2.5000e+00
2.1569e+00 1.0000e+05 3.4860e-17 1.0000e+00 1.0000e+05 3.4860e-12 2.5000e+00
2.5490e+00 1.0000e+05 5.2093e-17 1.0000e+00 1.0000e+05 5.2093e-12 2.5000e+00
2.9412e+00 1.0000e+05 7.7204e-17 1.0000e+00 1.0000e+05 7.7204e-12 2.5000e+00
3.3333e+00 1.0000e+05 1.1510e-16 1.0000e+00 1.0000e+05 1.1510e-11 2.5000e+00
3.7255e+00 1.0000e+05 1.7386e-16 1.0000e+00 1.0000e+05 1.7386e-11 2.5000e+00
4.1176e+00 1.0000e+05 2.6554e-16 1.0000e+00 1.0000e+05 2.6554e-11 2.5000e+00
4.5098e+00 1.0000e+05 4.0910e-16 1.0000e+00 1.0000e+05 4.0910e-11 2.5000e+00
4.9020e+00 1.0000e+05 6.3375e-16 1.0000e+00 1.0000e+05 6.3375e-11 2.5000e+00
5.2941e+00 1.0000e+05 9.8495e-16 1.0000e+00 1.0000e+05 9.8495e-11 2.5000e+00
5.6863e+00 1.0000e+05 1.5326e-15 1.0000e+00 1.0000e+05 1.5326e-10 2.5000e+00
6.0784e+00 1.0000e+05 2.3828e-15 1.0000e+00 1.0000e+05 2.3828e-10 2.5000e+00
6.4706e+00 1.0000e+05 3.6975e-15 1.0000e+00 1.0000e+05 3.6975e-10 2.5000e+00
6.8627e+00 1.0000e+05 5.7222e-15 1.0000e+00 1.0000e+05 5.7222e-10 2.5000e+00
7.2549e+00 1.0000e+05 8.8280e-15 1.0000e+00 1.0000e+05 8.8280e-10 2.5000e+00
7.6471e+00 1.0000e+05 1.3573e-14 1.0000e+00 1.0000e+05 1.3573e-09 2.5000e+00
8.0392e+00 1.0000e+05 2.0793e-14 1.0000e+00 1.0000e+05 2.0793e-09 2.5000e+00
8.4314e+00 1.0000e+05 3.1738e-14 1.0000e+00 1.0000e+05 3.1738e-09 2.5000e+00
8.8235e+00 1.0000e+05 4.8261e-14 1.0000e+00 1.0000e+05 4.8261e-09 2.5000e+00
9.2157e+00 1.0000e+05 7.3106e-14 1.0000e+00 1.0000e+05 7.3106e-09 2.5000e+00
9.6078e+00 1.0000e+05 1.1032e-13 1.0000e+00 1.0000e+05 1.1032e-08 2.5000e+00
1.0000e+01 1.0000e+05 1.6583e-13 1.0000e+00 1.0000e+05 1.6583e-08 2.5000e+00
1.0392e+01 1.0000e+05 2.4832e-13 1.0000e+00 1.0000e+05 2.4832e-08 2.5000e+00
1.0784e+01 1.0000e+05 3.7039e-13 1.0000e+00 1.0000e+05 3.7039e-08 2.5000e+00
1.1176e+01 1.0000e+05 5.5034e-13 1.0000e+00 1.0000e+05 5.5034e-08 2.5000e+00
1.1569e+01 1.0000e+05 8.1454e-13 1.0000e+00 1.0000e+05 8.1454e-08 2.5000e+00
1.1961e+01 1.0000e+05 1.2009e-12 1.0000e+00 1.0000e+05 1.2009e-07 2.5000e+00
1.2353e+01 1.0000e+05 1.7635e-12 1.0000e+00 1.0000e+05 1.7635e-07 2.5000e+00
1.2745e+01 1.0000e+05 2.5798e-12 1.0000e+00 1.0000e+05 2.5798e-07 2.5000e+00
1.3137e+01 1.0000e+05 3.7590e-12 1.0000e+00 1.0000e+05 3.7590e-07 2.5000e+00
1.3529e+01 1.0000e+05 5.4558e-12 1.0000e+00 1.0000e+05 5.4558e-07 2.5000e+00
1.3922e+01 1.0000e+05 7.8877e-12 1.0000e+00 1.0000e+05 7.8877e-07 2.5000e+00
1.4314e+01 1.0000e+05 1.1359e-11 1.0000e+00 1.0000e+05 1.1359e-06 2.5000e+00
1.4706e+01 1.0000e+05 1.6293e-11 1.0000e+00 1.0000e+05 1.6293e-06 2.5000e+00
1.5098e+01 1.0000e+05 2.3280e-11 1.0000e+00 1.0000e+05 2.3280e-06 2.5000e+00
1.5490e+01 1.0000e+05 3.3132e-11 1.0000e+00 1.0000e+05 3.3132e-06 2.5000e+00
1.5882e+01 1.0000e+05 4.6967e-11 1.0000e+00 1.0000e+05 4.6967e-06 2.5000e+00
1.6275e+01 1.0000e+05 6.6319e-11 1.0000e+00 1.0000e+05 6.6319e-06 2.5000e+00
1.6667e+01 1.0000e+05 9.3276e-11 1.0000e+00 1.0000e+05 9.3276e-06 2.5000e+00
1.7059e+01 1.0000e+05 1.3067e-10 1.0000e+00 1.0000e+05 1.3067e-05 2.5000e+00
1.7451e+01 1.0000e+05 1.8235e-10 1.0000e+00 1.0000e+05 1.8235e-05 2.5000e+00
1.7843e+01 1.0000e+05 2.5345e-10 1.0000e+00 1.0000e+05 2.5345e-05 2.5000e+00
1.8235e+01 1.0000e+05 3.5088e-10 1.0000e+00 1.0000e+05 3.5088e-05 2.5000e+00
1.8627e+01 1.0000e+05 4.8386e-10 1.0000e+00 1.0000e+05 4.8386e-05 2.5000e+00
1.9020e+01 1.0000e+05 6.6461e-10 1.0000e+00 1.0000e+05 6.6461e-05 2.5000e+00
1.9412e+01 1.0000e+05 9.0928e-10 1.0000e+00 1.0000e+05 9.0928e-05 2.5000e+00
1.9804e+01 1.0000e+05 1.2391e-09 1.0000e+00 1.0000e+05 1.2391e-04 2.5000e+00
2.0196e+01 1.0000e+05 1.6819e-09 1.0000e+00 1.0000e+05 1.6819e-04 2.5000e+00
2.0588e+01 1.0000e+05 2.2740e-09 1.0000e+00 1.0000e+05 2.2740e-04 2.5000e+00
2.0980e+01 1.0000e+05 3.0623e-09 9.9999e-01 1.0000e+05 3.0623e-04 2.5000e+00
2.1373e+01 1.0000e+05 4.1076e-09 9.9999e-01 1.0000e+05 4.1076e-04 2.5000e+00
2.1765e+01 1.0000e+05 5.4880e-09 9.9999e-01 1.0000e+05 5.4880e-04 2.5000e+00
2.2157e+01 1.0000e+05 7.3035e-09 9.9999e-01 1.0000e+05 7.3035e-04 2.5000e+00
2.2549e+01 1.0000e+05 9.6812e-09 9.9998e-01 1.0000e+05 9.6811e-04 2.5000e+00
2.2941e+01 1.0000e+05 1.2782e-08 9.9998e-01 1.0000e+05 1.2782e-03 2.4999e+00
2.3333e+01 1.0000e+05 1.6810e-08 9.9997e-01 1.0000e+05 1.6810e-03 2.4999e+00
2.3725e+01 1.0000e+05 2.2021e-08 9.9996e-01 1.0000e+05 2.2021e-03 2.4999e+00
2.4118e+01 1.0000e+05 2.8733e-08 9.9995e-01 1.0000e+05 2.8733e-03 2.4999e+00
2.4510e+01 1.0000e+05 3.7344e-08 9.9993e-01 1.0000e+05 3.7343e-03 2.4998e+00
2.4902e+01 1.0000e+05 4.8344e-08 9.9992e-01 1.0000e+05 4.8344e-03 2.4998e+00
2.5294e+01 1.0000e+05 6.2339e-08 9.9989e-01 1.0000e+05 6.2339e-03 2.4997e+00
2.5686e+01 1.0000e+05 8.0071e-08 9.9987e-01 1.0000e+05 8.0071e-03 2.4997e+00
2.6078e+01 9.9999e+04 1.0244e-07 9.9983e-01 9.9999e+04 1.0244e-02 2.4996e+00
2.6471e+01 9.9999e+04 1.3056e-07 9.9979e-01 9.9999e+04 1.3056e-02 2.4995e+00
2.6863e+01 9.9999e+04 1.6574e-07 9.9973e-01 9.9999e+04 1.6574e-02 2.4993e+00
2.7255e+01 9.9999e+04 2.0958e-07 9.9967e-01 9.9999e+04 2.0957e-02 2.4992e+00
2.7647e+01 9.9998e+04 2.6398e-07 9.9958e-01 9.9998e+04 2.6397e-02 2.4990e+00
2.8039e+01 9.9998e+04 3.3122e-07 9.9948e-01 9.9998e+04 3.3121e-02 2.4987e+00
2.8431e+01 9.9997e+04 4.1397e-07 9.9936e-01 9.9997e+04 4.1396e-02 2.4984e+00
2.8824e+01 9.9997e+04 5.1540e-07 9.9922e-01 9.9997e+04 5.1538e-02 2.4980e+00
2.9216e+01 9.9996e+04 6.3921e-07 9.9905e-01 9.9996e+04 6.3918e-02 2.4976e+00
2.9608e+01 9.9995e+04 7.8972e-07 9.9884e-01 9.9995e+04 7.8968e-02 2.4971e+00
3.0000e+01 9.9993e+04 9.7193e-07 9.9859e-01 9.9993e+04 9.7186e-02 2.4965e+00
3.0392e+01 9.9992e+04 1.1916e-06 9.9829e-01 9.9992e+04 1.1915e-01 2.4957e+00
3.0784e+01 9.9990e+04 1.4554e-06 9.9795e-01 9.9990e+04 1.4552e-01 2.4949e+00
3.1176e+01 9.9987e+04 1.7708e-06 9.9754e-01 9.9987e+04 1.7706e-01 2.4938e+00
3.1569e+01 9.9985e+04 2.1464e-06 9.9706e-01 9.9985e+04 2.1461e-01 2.4926e+00
3.1961e+01 9.9981e+04 2.5920e-06 9.9650e-01 9.9981e+04 2.5915e-01 2.4912e+00
3.2353e+01 9.9977e+04 3.1183e-06 9.9585e-01 9.9977e+04 3.1175e-01 2.4896e+00
3.2745e+01 9.9972e+04 3.7374e-06 9.9510e-01 9.9972e+04 3.7364e-01 2.4878e+00
3.3137e+01 9.9966e+04 4.4629e-06 9.9424e-01 9.9966e+04 4.4614e-01 2.4856e+00
3.3529e+01 9.9959e+04 5.3095e-06 9.9325e-01 9.9959e+04 5.3074e-01 2.4831e+00
3.3922e+01 9.9951e+04 6.2936e-06 9.9212e-01 9.9951e+04 6.2905e-01 2.4803e+00
3.4314e+01 9.9942e+04 7.4328e-06 9.9084e-01 9.9942e+04 7.4284e-01 2.4771e+00
3.4706e+01 9.9930e+04 8.7463e-06 9.8940e-01 9.9930e+04 8.7402e-01 2.4735e+00
3.5098e+01 9.9917e+04 1.0255e-05 9.8777e-01 9.9917e+04 1.0246e+00 2.4694e+00
3.5490e+01 9.9902e+04 1.1981e-05 9.8594e-01 9.9902e+04 1.1969e+00 2.4649e+00
3.5882e+01 9.9884e+04 1.3948e-05 9.8390e-01 9.9884e+04 1.3931e+00 2.4598e+00
3.6275e+01 9.9863e+04 1.6180e-05 9.8163e-01 9.9863e+04 1.6158e+00 2.4541e+00
3.6667e+01 9.9840e+04 1.8704e-05 9.7912e-01 9.9840e+04 1.8674e+00 2.4478e+00
3.7059e+01 9.9813e+04 2.1547e-05 9.7635e-01 9.9813e+04 2.1507e+00 2.4409e+00
3.7451e+01 9.9782e+04 2.4737e-05 9.7331e-01 9.9782e+04 2.4683e+00 2.4333e+00
3.7843e+01 9.9746e+04 2.8303e-05 9.6999e-01 9.9746e+04 2.8231e+00 2.4250e+00
3.8235e+01 9.9707e+04 3.2274e-05 9.6637e-01 9.9707e+04 3.2180e+00 2.4160e+00
3.8627e+01 9.9662e+04 3.6680e-05 9.6245e-01 9.9662e+04 3.6556e+00 2.4062e+00
3.9020e+01 9.9611e+04 4.1550e-05 9.5821e-01 9.9611e+04 4.1389e+00 2.3956e+00
3.9412e+01 9.9554e+04 4.6914e-05 9.5366e-01 9.9554e+04 4.6705e+00 2.3843e+00
3.9804e+01 9.9490e+04 5.2800e-05 9.4878e-01 9.9490e+04 5.2531e+00 2.3721e+00
4.0196e+01 9.9419e+04 5.9235e-05 9.4358e-01 9.9419e+04 5.8891e+00 2.3591e+00
4.0588e+01 9.9340e+04 6.6247e-05 9.3806e-01 9.9340e+04 6.5810e+00 2.3454e+00
4.0980e+01 9.9253e+04 7.3859e-05 9.3222e-01 9.9253e+04 7.3307e+00 2.3308e+00
4.1373e+01 9.9157e+04 8.2094e-05 9.2607e-01 9.9157e+04 8.1402e+00 2.3155e+00
4.1765e+01 9.9051e+04 9.0972e-05 9.1961e-01 9.9051e+04 9.0109e+00 2.2994e+00
4.2157e+01 9.8936e+04 1.0051e-04 9.1286e-01 9.8936e+04 9.9442e+00 2.2827e+00
4.2549e+01 9.8809e+04 1.1072e-04 9.0584e-01 9.8809e+04 1.0941e+01 2.2652e+00
4.2941e+01 9.8671e+04 1.2163e-04 8.9856e-01 9.8671e+04 1.2001e+01 2.2471e+00
4.3333e+01 9.8521e+04 1.3321e-04 8.9105e-01 9.8521e+04 1.3124e+01 2.2285e+00
4.3725e+01 9.8361e+04 1.4553e-04 8.8333e-01 9.8361e+04 1.4315e+01 2.2094e+00
4.4118e+01 9.8183e+04 1.5839e-04 8.7537e-01 9.8183e+04 1.5551e+01 2.1897e+00
4.4510e+01 9.8006e+04 1.7247e-04 8.6744e-01 9.8006e+04 1.6903e+01 2.1701e+00
4.4902e+01 9.7771e+04 1.8560e-04 8.5881e-01 9.7771e+04 1.8146e+01 2.1487e+00
4.5294e+01 9.7650e+04 2.0399e-04 8.5166e-01 9.7650e+04 1.9920e+01 2.1312e+00
4.5686e+01 9.7187e+04 2.1127e-04 8.4044e-01 9.7187e+04 2.0533e+01 2.1033e+00
4.6078e+01 9.7462e+04 2.4601e-04 8.3828e-01 9.7462e+04 2.3976e+01 2.0986e+00
4.6471e+01 9.6202e+04 2.2704e-04 8.1784e-01 9.6202e+04 2.1842e+01 2.0471e+00
4.6863e+01 9.7587e+04 3.0304e-04 8.2904e-01 9.7587e+04 2.9573e+01 2.0771e+00
4.7255e+01 9.5045e+04 2.4108e-04 7.9426e-01 9.5045e+04 2.2914e+01 1.9884e+00
4.7647e+01 9.7130e+04 3.4343e-04 8.1361e-01 9.7130e+04 3.3358e+01 2.0397e+00
4.8039e+01 9.5039e+04 3.0170e-04 7.8564e-01 9.5039e+04 2.8673e+01 1.9684e+00
4.8431e+01 9.5392e+04 3.4481e-04 7.8535e-01 9.5392e+04 3.2892e+01 1.9690e+00
4.8824e+01 9.5575e+04 3.6160e-04 7.7663e-01 9.5575e+04 3.4560e+01 1.9478e+00
4.9216e+01 8.9457e+04 3.9418e-04 7.7324e-01 8.9457e+04 3.5262e+01 1.9400e+00
4.9608e+01 1.2212e+05 3.9431e-04 7.5831e-01 1.2212e+05 4.8151e+01 1.9053e+00
5.0000e+01 4.1204e+04 4.0928e-04 7.5372e-01 4.1204e+04 1.6864e+01 1.8877e+00
5.0392e+01 1.4300e+04 4.2743e-04 7.5104e-01 1.4300e+04 6.1121e+00 1.8789e+00
5.0784e+01 9.3580e+03 5.2403e-04 7.5320e-01 9.3580e+03 4.9039e+00 1.8843e+00
5.1176e+01 9.2796e+03 6.4029e-04 7.5327e-01 9.2796e+03 5.9416e+00 1.8851e+00
5.1569e+01 9.6747e+03 6.7912e-04 7.4694e-01 9.6747e+03 6.5703e+00 1.8696e+00
5.1961e+01 1.0310e+04 7.6957e-04 7.4742e-01 1.0310e+04 7.9345e+00 1.8716e+00
5.2353e+01 1.0775e+04 8.9885e-04 7.5381e-01 1.0775e+04 9.6846e+00 1.8889e+00
5.2745e+01 1.1172e+04 9.6983e-04 7.5526e-01 1.1172e+04 1.0835e+01 1.8934e+00
5.3137e+01 1.1331e+04 9.6568e-04 7.4958e-01 1.1331e+04 1.0942e+01 1.8792e+00
5.3529e+01 1.1495e+04 9.6530e-04 7.4489e-01 1.1495e+04 1.1096e+01 1.8676e+00
5.3922e+01 1.1652e+04 1.0188e-03 7.4669e-01 1.1652e+04 1.1871e+01 1.8728e+00
5.4314e+01 1.1860e+04 1.1067e-03 7.5277e-01 1.1860e+04 1.3125e+01 1.8892e+00
5.4706e+01 1.2012e+04 1.1770e-03 7.5736e-01 1.2012e+04 1.4138e+01 1.9017e+00
5.5098e+01 1.2110e+04 1.2029e-03 7.5730e-01 1.2110e+04 1.4567e+01 1.9020e+00
5.5490e+01 1.2143e+04 1.1920e-03 7.5341e-01 1.2143e+04 1.4474e+01 1.8921e+00
5.5882e+01 1.2174e+04 1.1775e-03 7.4815e-01 1.2174e+04 1.4335e+01 1.8788e+00
5.6275e+01 1.2244e+04 1.1999e-03 7.4752e-01 1.2244e+04 1.4691e+01 1.8776e+00
5.6667e+01 1.2377e+04 1.2741e-03 7.5321e-01 1.2377e+04 1.5770e+01 1.8931e+00
5.7059e+01 1.2543e+04 1.3783e-03 7.6274e-01 1.2543e+04 1.7289e+01 1.9188e+00
5.7451e+01 1.2707e+04 1.4813e-03 7.7252e-01 1.2707e+04 1.8822e+01 1.9452e+00
5.7843e+01 1.2835e+04 1.5613e-03 7.7992e-01 1.2835e+04 2.0041e+01 1.9654e+00
5.8235e+01 1.2921e+04 1.6116e-03 7.8399e-01 1.2921e+04 2.0824e+01 1.9768e+00
5.8627e+01 1.2969e+04 1.6364e-03 7.8516e-01 1.2969e+04 2.1223e+01 1.9803e+00
5.9020e+01 1.2993e+04 1.6449e-03 7.8446e-01 1.2993e+04 2.1371e+01 1.9787e+00
5.9412e+01 1.3003e+04 1.6453e-03 7.8288e-01 1.3003e+04 2.1395e+01 1.9748e+00
5.9804e+01 1.3009e+04 1.6430e-03 7.8102e-01 1.3009e+04 2.1374e+01 1.9701e+00
6.0196e+01 1.3014e+04 1.6397e-03 7.7904e-01 1.3014e+04 2.1339e+01 1.9651e+00
6.0588e+01 1.3018e+04 1.6360e-03 7.7698e-01 1.3018e+04 2.1297e+01 1.9599e+00
6.0980e+01 1.3021e+04 1.6319e-03 7.7484e-01 1.3021e+04 2.1249e+01 1.9544e+00
6.1373e+01 1.3024e+04 1.6275e-03 7.7263e-01 1.3024e+04 2.1196e+01 1.9488e+00
6.1765e+01 1.3026e+04 1.6227e-03 7.7035e-01 1.3026e+04 2.1137e+01 1.9430e+00
6.2157e+01 1.3028e+04 1.6175e-03 7.6799e-01 1.3028e+04 2.1073e+01 1.9370e+00
6.2549e+01 1.3030e+04 1.6120e-03 7.6554e-01 1.3030e+04 2.1004e+01 1.9308e+00
6.2941e+01 1.3031e+04 1.6062e-03 7.6302e-01 1.3031e+04 2.0931e+01 1.9244e+00
6.3333e+01 1.3032e+04 1.6000e-03 7.6042e-01 1.3032e+04 2.0852e+01 1.9177e+00
6.3725e+01 1.3033e+04 1.5935e-03 7.5773e-01 1.3033e+04 2.0768e+01 1.9109e+00
6.4118e+01 1.3033e+04 1.5867e-03 7.5495e-01 1.3033e+04 2.0680e+01 1.9038e+00
6.4510e+01 1.3033e+04 1.5795e-03 7.5209e-01 1.3033e+04 2.0586e+01 1.8965e+00
6.4902e+01 1.3033e+04 1.5720e-03 7.4913e-01 1.3033e+04 2.0488e+01 1.8889e+00
6.5294e+01 1.3033e+04 1.5641e-03 7.4607e-01 1.3033e+04 2.0385e+01 1.8811e+00
6.5686e+01 1.3032e+04 1.5560e-03 7.4292e-01 1.3032e+04 2.0277e+01 1.8731e+00
6.6078e+01 1.3031e+04 1.5474e-03 7.3967e-01 1.3031e+04 2.0165e+01 1.8648e+00
6.6471e+01 1.3030e+04 1.5386e-03 7.3631e-01 1.3030e+04 2.0047e+01 1.8562e+00
6.6863e+01 1.3028e+04 1.5293e-03 7.3284e-01 1.3028e+04 1.9925e+01 1.8473e+00
6.7255e+01 1.3026e+04 1.5198e-03 7.2926e-01 1.3026e+04 1.9797e+01 1.8382e+00
6.7647e+01 1.3024e+04 1.5099e-03 7.2557e-01 1.3024e+04 1.9665e+01 1.8288e+00
6.8039e+01 1.3022e+04 1.4996e-03 7.2177e-01 1.3022e+04 1.9528e+01 1.8191e+00
6.8431e+01 1.3020e+04 1.4890e-03 7.1784e-01 1.3020e+04 1.9386e+01 1.8090e+00
6.8824e+01 1.3017e+04 1.4780e-03 7.1379e-01 1.3017e+04 1.9239e+01 1.7987e+00
6.9216e+01 1.3014e+04 1.4666e-03 7.0962e-01 1.3014e+04 1.9087e+01 1.7880e+00
6.9608e+01 1.3011e+04 1.4549e-03 7.0532e-01 1.3011e+04 1.8930e+01 1.7771e+00
7.0000e+01 1.3007e+04 1.4429e-03 7.0088e-01 1.3007e+04 1.8768e+01 1.7657e+00
7.0392e+01 1.3004e+04 1.4304e-03 6.9631e-01 1.3004e+04 1.8601e+01 1.7541e+00
7.0784e+01 1.3000e+04 1.4176e-03 6.9160e-01 1.3000e+04 1.8429e+01 1.7421e+00
7.1176e+01 1.2996e+04 1.4044e-03 6.8675e-01 1.2996e+04 1.8252e+01 1.7297e+00
7.1569e+01 1.2992e+04 1.3909e-03 6.8176e-01 1.2992e+04 1.8070e+01 1.7170e+00
7.1961e+01 1.2987e+04 1.3769e-03 6.7662e-01 1.2987e+04 1.7882e+01 1.7039e+00
7.2353e+01 1.2983e+04 1.3626e-03 6.7132e-01 1.2983e+04 1.7690e+01 1.6904e+00
7.2745e+01 1.2978e+04 1.3479e-03 6.6588e-01 1.2978e+04 1.7492e+01 1.6765e+00
7.3137e+01 1.2973e+04 1.3328e-03 6.6027e-01 1.2973e+04 1.7289e+01 1.6622e+00
7.3529e+01 1.2967e+04 1.3173e-03 6.5451e-01 1.2967e+04 1.7081e+01 1.6475e+00
7.3922e+01 1.2962e+04 1.3014e-03 6.4858e-01 1.2962e+04 1.6868e+01 1.6324e+00
7.4314e+01 1.2956e+04 1.2851e-03 6.4248e-01 1.2956e+04 1.6650e+01 1.6169e+00
7.4706e+01 1.2951e+04 1.2684e-03 6.3622e-01 1.2951e+04 1.6426e+01 1.6010e+00
7.5098e+01 1.2945e+04 1.2513e-03 6.2978e-01 1.2945e+04 1.6197e+01 1.5846e+00
7.5490e+01 1.2938e+04 1.2338e-03 6.2316e-01 1.2938e+04 1.5963e+01 1.5677e+00
7.5882e+01 1.2932e+04 1.2158e-03 6.1636e-01 1.2932e+04 1.5723e+01 1.5505e+00
7.6275e+01 1.2925e+04 1.1975e-03 6.0938e-01 1.2925e+04 1.5478e+01 1.5327e+00
7.6667e+01 1.2919e+04 1.1788e-03 6.0222e-01 1.2919e+04 1.5228e+01 1.5145e+00
7.7059e+01 1.2912e+04 1.1596e-03 5.9486e-01 1.2912e+04 1.4972e+01 1.4958e+00
7.7451e+01 1.2905e+04 1.1400e-03 5.8732e-01 1.2905e+04 1.4711e+01 1.4767e+00
7.7843e+01 1.2897e+04 1.1200e-03 5.7957e-01 1.2897e+04 1.4445e+01 1.4570e+00
7.8235e+01 1.2890e+04 1.0996e-03 5.7163e-01 1.2890e+04 1.4173e+01 1.4369e+00
7.8627e+01 1.2882e+04 1.0787e-03 5.6348e-01 1.2882e+04 1.3896e+01 1.4162e+00
7.9020e+01 1.2874e+04 1.0574e-03 5.5513e-01 1.2874e+04 1.3613e+01 1.3950e+00
7.9412e+01 1.2866e+04 1.0356e-03 5.4656e-01 1.2866e+04 1.3325e+01 1.3733e+00
7.9804e+01 1.2858e+04 1.0134e-03 5.3778e-01 1.2858e+04 1.3031e+01 1.3511e+00
8.0196e+01 1.2850e+04 9.9076e-04 5.2878e-01 1.2850e+04 1.2731e+01 1.3283e+00
8.0588e+01 1.2842e+04 9.6766e-04 5.1956e-01 1.2842e+04 1.2426e+01 1.3049e+00
8.0980e+01 1.2833e+04 9.4410e-04 5.1011e-01 1.2833e+04 1.2115e+01 1.2810e+00
8.1373e+01 1.2824e+04 9.2007e-04 5.0043e-01 1.2824e+04 1.1799e+01 1.2565e+00
8.1765e+01 1.2815e+04 8.9557e-04 4.9052e-01 1.2815e+04 1.1477e+01 1.2314e+00
8.2157e+01 1.2806e+04 8.7060e-04 4.8036e-01 1.2806e+04 1.1149e+01 1.2058e+00
8.2549e+01 1.2797e+04 8.4515e-04 4.6996e-01 1.2797e+04 1.0815e+01 1.1795e+00
8.2941e+01 1.2787e+04 8.1922e-04 4.5931e-01 1.2787e+04 1.0475e+01 1.1526e+00
8.3333e+01 1.2778e+04 7.9278e-04 4.4840e-01 1.2778e+04 1.0130e+01 1.1250e+00
8.3725e+01 1.2768e+04 7.6585e-04 4.3724e-01 1.2768e+04 9.7782e+00 1.0968e+00
8.4118e+01 1.2758e+04 7.3841e-04 4.2580e-01 1.2758e+04 9.4205e+00 1.0680e+00
8.4510e+01 1.2748e+04 7.1046e-04 4.1409e-01 1.2748e+04 9.0567e+00 1.0384e+00
8.4902e+01 1.2737e+04 6.8198e-04 4.0210e-01 1.2737e+04 8.6866e+00 1.0082e+00
8.5294e+01 1.2727e+04 6.5298e-04 3.8983e-01 1.2727e+04 8.3103e+00 9.7729e-01
8.5686e+01 1.2716e+04 6.2343e-04 3.7726e-01 1.2716e+04 7.9277e+00 9.4563e-01
8.6078e+01 1.2705e+04 5.9334e-04 3.6440e-01 1.2705e+04 7.5386e+00 9.1323e-01
8.6471e+01 1.2694e+04 5.6269e-04 3.5123e-01 1.2694e+04 7.1431e+00 8.8008e-01
8.6863e+01 1.2683e+04 5.3148e-04 3.3774e-01 1.2683e+04 6.7410e+00 8.4615e-01
8.7255e+01 1.2672e+04 4.9970e-04 3.2394e-01 1.2672e+04 6.3322e+00 8.1143e-01
8.7647e+01 1.2661e+04 4.6733e-04 3.0981e-01 1.2661e+04 5.9166e+00 7.7591e-01
8.8039e+01 1.2649e+04 4.3437e-04 2.9534e-01 1.2649e+04 5.4943e+00 7.3955e-01
8.8431e+01 1.2637e+04 4.0080e-04 2.8053e-01 1.2637e+04 5.0650e+00 7.0234e-01
8.8824e+01 1.2625e+04 3.6662e-04 2.6536e-01 1.2625e+04 4.6287e+00 6.6426e-01
8.9216e+01 1.2613e+04 3.3182e-04 2.4984e-01 1.2613e+04 4.1853e+00 6.2529e-01
8.9608e+01 1.2601e+04 2.9639e-04 2.3395e-01 1.2601e+04 3.7348e+00 5.8542e-01
9.0000e+01 1.2588e+04 2.6036e-04 2.1769e-01 1.2588e+04 3.2774e+00 5.4466e-01
9.0392e+01 1.2576e+04 2.2378e-04 2.0110e-01 1.2576e+04 2.8142e+00 5.0307e-01
9.0784e+01 1.2563e+04 1.8687e-04 1.8427e-01 1.2563e+04 2.3477e+00 4.6089e-01
9.1176e+01 1.2551e+04 1.5014e-04 1.6743e-01 1.2551e+04 1.8843e+00 4.1871e-01
9.1569e+01 1.2539e+04 1.1459e-04 1.5107e-01 1.2539e+04 1.4368e+00 3.7777e-01
9.1961e+01 1.2528e+04 8.1898e-05 1.3605e-01 1.2528e+04 1.0260e+00 3.4016e-01
9.2353e+01 1.2518e+04 5.4089e-05 1.2338e-01 1.2518e+04 6.7712e-01 3.0847e-01
9.2745e+01 1.2511e+04 3.2762e-05 1.1385e-01 1.2511e+04 4.0989e-01 2.8464e-01
9.3137e+01 1.2506e+04 1.8237e-05 1.0754e-01 1.2506e+04 2.2807e-01 2.6885e-01
9.3529e+01 1.2503e+04 9.4452e-06 1.0383e-01 1.2503e+04 1.1810e-01 2.5959e-01
9.3922e+01 1.2502e+04 4.6376e-06 1.0186e-01 1.2502e+04 5.7978e-02 2.5465e-01
9.4314e+01 1.2501e+04 2.1997e-06 1.0088e-01 1.2501e+04 2.7498e-02 2.5219e-01
9.4706e+01 1.2500e+04 1.0225e-06 1.0041e-01 1.2500e+04 1.2781e-02 2.5101e-01
9.5098e+01 1.2500e+04 4.6998e-07 1.0019e-01 1.2500e+04 5.8748e-03 2.5047e-01
9.5490e+01 1.2500e+04 2.1469e-07 1.0009e-01 1.2500e+04 2.6836e-03 2.5021e-01
9.5882e+01 1.2500e+04 9.7701e-08 1.0004e-01 1.2500e+04 1.2213e-03 2.5010e-01
9.6275e+01 1.2500e+04 4.4349e-08 1.0002e-01 1.2500e+04 5.5436e-04 2.5004e-01
9.6667e+01 1.2500e+04 2.0090e-08 1.0001e-01 1.2500e+04 2.5113e-04 2.5002e-01
9.7059e+01 1.2500e+04 9.0849e-09 1.0000e-01 1.2500e+04 1.1356e-04 2.5001e-01
9.7451e+01 1.2500e+04 4.1015e-09 1.0000e-01 1.2500e+04 5.1268e-05 2.5000e-01
9.7843e+01 1.2500e+04 1.8487e-09 1.0000e-01 1.2500e+04 2.3109e-05 2.5000e-01
9.8235e+01 1.2500e+04 8.3210e-10 1.0000e-01 1.2500e+04 1.0401e-05 2.5000e-01
9.8627e+01 1.2500e+04 3.7423e-10 1.0000e-01 1.2500e+04 4.6778e-06 2.5000e-01
9.9020e+01 1.2500e+04 1.6866e-10 1.0000e-01 1.2500e+04 2.1082e-06 2.5000e-01
9.9412e+01 1.2500e+04 7.7133e-11 1.0000e-01 1.2500e+04 9.6416e-07 2.5000e-01
9.9804e+01 1.2500e+04 3.9297e-11 1.0000e-01 1.2500e+04 4.9121e-07 2.5000e-01
