# # x Density Velocity Pressure q0 q1 q2
1.9608e-01 1.0000e+05 7.9157e-19 1.0000e+00 1.0000e+05 7.9157e-14 2.5000e+00
5.8824e-01 1.0000e+05 3.3834e-18 1.0000e+00 1.0000e+05 3.3834e-13 2.5000e+00
9.8039e-01 1.0000e+05 8.0620e-18 1.0000e+00 1.0000e+05 8.0620e-13 2.5000e+00
1.3725e+00 1.0000e+05 1.4845e-17 1.0000e+00 1.0000e+05 1.4845e-12 2.5000e+00
1.7647e+00 1.0000e+05 2.3763e-17 1.0000e+00 1.0000e+05 2.3763e-12 2.5000e+00
2.1569e+00 1.0000e+05 3.5891e-17 1.0000e+00 1.0000e+05 3.5891e-12 2.5000e+00
2.5490e+00 1.0000e+05 5.3598e-17 1.0000e+00 1.0000e+05 5.3598e-12 2.5000e+00
2.9412e+00 1.0000e+05 7.9378e-17 1.0000e+00 1.0000e+05 7.9378e-12 2.5000e+00
3.3333e+00 1.0000e+05 1.1845e-16 1.0000e+00 1.0000e+05 1.1845e-11 2.5000e+00
3.7255e+00 1.0000e+05 1.7905e-16 1.0000e+00 1.0000e+05 1.7905e-11 2.5000e+00
4.1176e+00 1.0000e+05 2.7357e-16 1.0000e+00 1.0000e+05 2.7357e-11 2.5000e+00
4.5098e+00 1.0000e+05 4.2154e-16 1.0000e+00 1.0000e+05 4.2154e-11 2.5000e+00
4.9020e+00 1.0000e+05 6.5306e-16 1.0000e+00 1.0000e+05 6.5306e-11 2.5000e+00
5.2941e+00 1.0000e+05 1.0148e-15 1.0000e+00 1.0000e+05 1.0148e-10 2.5000e+00
5.6863e+00 1.0000e+05 1.5787e-15 1.0000e+00 1.0000e+05 1.5787e-10 2.5000e+00
6.0784e+00 1.0000e+05 2.4537e-15 1.0000e+00 1.0000e+05 2.4537e-10 2.5000e+00
6.4706e+00 1.0000e+05 3.8059e-15 1.0000e+00 1.0000e+05 3.8059e-10 2.5000e+00
6.8627e+00 1.0000e+05 5.8874e-15 1.0000e+00 1.0000e+05 5.8874e-10 2.5000e+00
7.2549e+00 1.0000e+05 9.0789e-15 1.0000e+00 1.0000e+05 9.0789e-10 2.5000e+00
7.6471e+00 1.0000e+05 1.3952e-14 1.0000e+00 1.0000e+05 1.3952e-09 2.5000e+00
8.0392e+00 1.0000e+05 2.1365e-14 1.0000e+00 1.0000e+05 2.1365e-09 2.5000e+00
8.4314e+00 1.0000e+05 3.2595e-14 1.0000e+00 1.0000e+05 3.2595e-09 2.5000e+00
8.8235e+00 1.0000e+05 4.9541e-14 1.0000e+00 1.0000e+05 4.9541e-09 2.5000e+00
9.2157e+00 1.0000e+05 7.5010e-14 1.0000e+00 1.0000e+05 7.5010e-09 2.5000e+00
9.6078e+00 1.0000e+05 1.1314e-13 1.0000e+00 1.0000e+05 1.1314e-08 2.5000e+00
1.0000e+01 1.0000e+05 1.6999e-13 1.0000e+00 1.0000e+05 1.6999e-08 2.5000e+00
1.0392e+01 1.0000e+05 2.5444e-13 1.0000e+00 1.0000e+05 2.5444e-08 2.5000e+00
1.0784e+01 1.0000e+05 3.7936e-13 1.0000e+00 1.0000e+05 3.7936e-08 2.5000e+00
1.1176e+01 1.0000e+05 5.6341e-13 1.0000e+00 1.0000e+05 5.6341e-08 2.5000e+00
1.1569e+01 1.0000e+05 8.3351e-13 1.0000e+00 1.0000e+05 8.3351e-08 2.5000e+00
1.1961e+01 1.0000e+05 1.2283e-12 1.0000e+00 1.0000e+05 1.2283e-07 2.5000e+00
1.2353e+01 1.0000e+05 1.8030e-12 1.0000e+00 1.0000e+05 1.8030e-07 2.5000e+00
1.2745e+01 1.0000e+05 2.6364e-12 1.0000e+00 1.0000e+05 2.6364e-07 2.5000e+00
1.3137e+01 1.0000e+05 3.8399e-12 1.0000e+00 1.0000e+05 3.8399e-07 2.5000e+00
1.3529e+01 1.0000e+05 5.5709e-12 1.0000e+00 1.0000e+05 5.5709e-07 2.5000e+00
1.3922e+01 1.0000e+05 8.0506e-12 1.0000e+00 1.0000e+05 8.0506e-07 2.5000e+00
1.4314e+01 1.0000e+05 1.1589e-11 1.0000e+00 1.0000e+05 1.1589e-06 2.5000e+00
1.4706e+01 1.0000e+05 1.6616e-11 1.0000e+00 1.0000e+05 1.6616e-06 2.5000e+00
1.5098e+01 1.0000e+05 2.3732e-11 1.0000e+00 1.0000e+05 2.3732e-06 2.5000e+00
1.5490e+01 1.0000e+05 3.3761e-11 1.0000e+00 1.0000e+05 3.3761e-06 2.5000e+00
1.5882e+01 1.0000e+05 4.7840e-11 1.0000e+00 1.0000e+05 4.7840e-06 2.5000e+00
1.6275e+01 1.0000e+05 6.7525e-11 1.0000e+00 1.0000e+05 6.7525e-06 2.5000e+00
1.6667e+01 1.0000e+05 9.4936e-11 1.0000e+00 1.0000e+05 9.4936e-06 2.5000e+00
1.7059e+01 1.0000e+05 1.3295e-10 1.0000e+00 1.0000e+05 1.3295e-05 2.5000e+00
1.7451e+01 1.0000e+05 1.8545e-10 1.0000e+00 1.0000e+05 1.8545e-05 2.5000e+00
1.7843e+01 1.0000e+05 2.5766e-10 1.0000e+00 1.0000e+05 2.5766e-05 2.5000e+00
1.8235e+01 1.0000e+05 3.5658e-10 1.0000e+00 1.0000e+05 3.5658e-05 2.5000e+00
1.8627e+01 1.0000e+05 4.9154e-10 1.0000e+00 1.0000e+05 4.9154e-05 2.5000e+00
1.9020e+01 1.0000e+05 6.7491e-10 1.0000e+00 1.0000e+05 6.7491e-05 2.5000e+00
1.9412e+01 1.0000e+05 9.2304e-10 1.0000e+00 1.0000e+05 9.2304e-05 2.5000e+00
1.9804e+01 1.0000e+05 1.2574e-09 1.0000e+00 1.0000e+05 1.2574e-04 2.5000e+00
2.0196e+01 1.0000e+05 1.7062e-09 1.0000e+00 1.0000e+05 1.7062e-04 2.5000e+00
2.0588e+01 1.0000e+05 2.3059e-09 1.0000e+00 1.0000e+05 2.3059e-04 2.5000e+00
2.0980e+01 1.0000e+05 3.1043e-09 9.9999e-01 1.0000e+05 3.1043e-04 2.5000e+00
2.1373e+01 1.0000e+05 4.1625e-09 9.9999e-01 1.0000e+05 4.1625e-04 2.5000e+00
2.1765e+01 1.0000e+05 5.5595e-09 9.9999e-01 1.0000e+05 5.5595e-04 2.5000e+00
2.2157e+01 1.0000e+05 7.3961e-09 9.9999e-01 1.0000e+05 7.3961e-04 2.5000e+00
2.2549e+01 1.0000e+05 9.8008e-09 9.9998e-01 1.0000e+05 9.8008e-04 2.5000e+00
2.2941e+01 1.0000e+05 1.2936e-08 9.9998e-01 1.0000e+05 1.2936e-03 2.4999e+00
2.3333e+01 1.0000e+05 1.7007e-08 9.9997e-01 1.0000e+05 1.7007e-03 2.4999e+00
2.3725e+01 1.0000e+05 2.2272e-08 9.9996e-01 1.0000e+05 2.2272e-03 2.4999e+00
2.4118e+01 1.0000e+05 2.9051e-08 9.9995e-01 1.0000e+05 2.9051e-03 2.4999e+00
2.4510e+01 1.0000e+05 3.7746e-08 9.9993e-01 1.0000e+05 3.7746e-03 2.4998e+00
2.4902e+01 1.0000e+05 4.8850e-08 9.9992e-01 1.0000e+05 4.8850e-03 2.4998e+00
2.5294e+01 1.0000e+05 6.2973e-08 9.9989e-01 1.0000e+05 6.2973e-03 2.4997e+00
2.5686e+01 1.0000e+05 8.0862e-08 9.9986e-01 1.0000e+05 8.0861e-03 2.4997e+00
2.6078e+01 9.9999e+04 1.0343e-07 9.9983e-01 9.9999e+04 1.0343e-02 2.4996e+00
2.6471e+01 9.9999e+04 1.3177e-07 9.9978e-01 9.9999e+04 1.3177e-02 2.4995e+00
2.6863e+01 9.9999e+04 1.6723e-07 9.9973e-01 9.9999e+04 1.6723e-02 2.4993e+00
2.7255e+01 9.9999e+04 2.1141e-07 9.9966e-01 9.9999e+04 2.1140e-02 2.4992e+00
2.7647e+01 9.9998e+04 2.6621e-07 9.9958e-01 9.9998e+04 2.6621e-02 2.4990e+00
2.8039e+01 9.9998e+04 3.3393e-07 9.9948e-01 9.9998e+04 3.3392e-02 2.4987e+00
2.8431e+01 9.9997e+04 4.1726e-07 9.9936e-01 9.9997e+04 4.1724e-02 2.4984e+00
2.8824e+01 9.9997e+04 5.1936e-07 9.9921e-01 9.9997e+04 5.1934e-02 2.4980e+00
2.9216e+01 9.9996e+04 6.4396e-07 9.9904e-01 9.9996e+04 6.4393e-02 2.4976e+00
2.9608e+01 9.9995e+04 7.9539e-07 9.9883e-01 9.9995e+04 7.9535e-02 2.4971e+00
3.0000e+01 9.9993e+04 9.7867e-07 9.9858e-01 9.9993e+04 9.7861e-02 2.4964e+00
3.0392e+01 9.9992e+04 1.1996e-06 9.9828e-01 9.9992e+04 1.1995e-01 2.4957e+00
3.0784e+01 9.9990e+04 1.4648e-06 9.9793e-01 9.9990e+04 1.4646e-01 2.4948e+00
3.1176e+01 9.9987e+04 1.7819e-06 9.9752e-01 9.9987e+04 1.7816e-01 2.4938e+00
3.1569e+01 9.9985e+04 2.1594e-06 9.9704e-01 9.9985e+04 2.1590e-01 2.4926e+00
3.1961e+01 9.9981e+04 2.6070e-06 9.9648e-01 9.9981e+04 2.6065e-01 2.4912e+00
3.2353e+01 9.9977e+04 3.1357e-06 9.9583e-01 9.9977e+04 3.1349e-01 2.4896e+00
3.2745e+01 9.9972e+04 3.7575e-06 9.9508e-01 9.9972e+04 3.7564e-01 2.4877e+00
3.3137e+01 9.9966e+04 4.4859e-06 9.9421e-01 9.9966e+04 4.4844e-01 2.4855e+00
3.3529e+01 9.9959e+04 5.3359e-06 9.9322e-01 9.9959e+04 5.3337e-01 2.4831e+00
3.3922e+01 9.9951e+04 6.3236e-06 9.9209e-01 9.9951e+04 6.3205e-01 2.4802e+00
3.4314e+01 9.9941e+04 7.4668e-06 9.9081e-01 9.9941e+04 7.4624e-01 2.4770e+00
3.4706e+01 9.9930e+04 8.7848e-06 9.8936e-01 9.9930e+04 8.7786e-01 2.4734e+00
3.5098e+01 9.9917e+04 1.0298e-05 9.8773e-01 9.9917e+04 1.0290e+00 2.4693e+00
3.5490e+01 9.9901e+04 1.2029e-05 9.8589e-01 9.9901e+04 1.2017e+00 2.4647e+00
3.5882e+01 9.9883e+04 1.4002e-05 9.8385e-01 9.9883e+04 1.3985e+00 2.4596e+00
3.6275e+01 9.9863e+04 1.6240e-05 9.8158e-01 9.9863e+04 1.6217e+00 2.4540e+00
3.6667e+01 9.9839e+04 1.8770e-05 9.7906e-01 9.9839e+04 1.8740e+00 2.4477e+00
3.7059e+01 9.9812e+04 2.1620e-05 9.7629e-01 9.9812e+04 2.1579e+00 2.4407e+00
3.7451e+01 9.9781e+04 2.4817e-05 9.7324e-01 9.9781e+04 2.4763e+00 2.4331e+00
3.7843e+01 9.9746e+04 2.8390e-05 9.6992e-01 9.9746e+04 2.8318e+00 2.4248e+00
3.8235e+01 9.9706e+04 3.2369e-05 9.6630e-01 9.9706e+04 3.2274e+00 2.4158e+00
3.8627e+01 9.9660e+04 3.6783e-05 9.6237e-01 9.9660e+04 3.6658e+00 2.4060e+00
3.9020e+01 9.9609e+04 4.1661e-05 9.5813e-01 9.9609e+04 4.1498e+00 2.3954e+00
3.9412e+01 9.9552e+04 4.7032e-05 9.5358e-01 9.9552e+04 4.6822e+00 2.3840e+00
3.9804e+01 9.9489e+04 5.2926e-05 9.4870e-01 9.9489e+04 5.2656e+00 2.3719e+00
4.0196e+01 9.9418e+04 5.9370e-05 9.4349e-01 9.9418e+04 5.9024e+00 2.3589e+00
4.0588e+01 9.9339e+04 6.6390e-05 9.3797e-01 9.9339e+04 6.5951e+00 2.3451e+00
4.0980e+01 9.9251e+04 7.4010e-05 9.3213e-01 9.9251e+04 7.3456e+00 2.3306e+00
4.1373e+01 9.9155e+04 8.2253e-05 9.2597e-01 9.9155e+04 8.1558e+00 2.3153e+00
4.1765e+01 9.9049e+04 9.1138e-05 9.1952e-01 9.9049e+04 9.0272e+00 2.2992e+00
4.2157e+01 9.8933e+04 1.0068e-04 9.1277e-01 9.8933e+04 9.9611e+00 2.2824e+00
4.2549e+01 9.8806e+04 1.1090e-04 9.0575e-01 9.8806e+04 1.0958e+01 2.2650e+00
4.2941e+01 9.8668e+04 1.2181e-04 8.9847e-01 9.8668e+04 1.2019e+01 2.2469e+00
4.3333e+01 9.8519e+04 1.3340e-04 8.9095e-01 9.8519e+04 1.3143e+01 2.2283e+00
4.3725e+01 9.8358e+04 1.4573e-04 8.8324e-01 9.8358e+04 1.4334e+01 2.2091e+00
4.4118e+01 9.8179e+04 1.5859e-04 8.7528e-01 9.8179e+04 1.5571e+01 2.1894e+00
4.4510e+01 9.8003e+04 1.7268e-04 8.6735e-01 9.8003e+04 1.6923e+01 2.1698e+00
4.4902e+01 9.7767e+04 1.8580e-04 8.5873e-01 9.7767e+04 1.8165e+01 2.1485e+00
4.5294e+01 9.7647e+04 2.0422e-04 8.5159e-01 9.7647e+04 1.9942e+01 2.1310e+00
4.5686e+01 9.7182e+04 2.1143e-04 8.4035e-01 9.7182e+04 2.0547e+01 2.1030e+00
4.6078e+01 9.7460e+04 2.4630e-04 8.3823e-01 9.7460e+04 2.4004e+01 2.0985e+00
4.6471e+01 9.6194e+04 2.2714e-04 8.1774e-01 9.6194e+04 2.1850e+01 2.0468e+00
4.6863e+01 9.7586e+04 3.0334e-04 8.2901e-01 9.7586e+04 2.9602e+01 2.0770e+00
4.7255e+01 9.5040e+04 2.4127e-04 7.9420e-01 9.5040e+04 2.2930e+01 1.9883e+00
4.7647e+01 9.7123e+04 3.4353e-04 8.1352e-01 9.7123e+04 3.3365e+01 2.0395e+00
4.8039e+01 9.5040e+04 3.0208e-04 7.8566e-01 9.5040e+04 2.8710e+01 1.9685e+00
4.8431e+01 9.5384e+04 3.4490e-04 7.8528e-01 9.5384e+04 3.2898e+01 1.9689e+00
4.8824e+01 9.5572e+04 3.6174e-04 7.7658e-01 9.5572e+04 3.4572e+01 1.9477e+00
4.9216e+01 8.9439e+04 3.9442e-04 7.7323e-01 8.9439e+04 3.5276e+01 1.9400e+00
4.9608e+01 1.2214e+05 3.9452e-04 7.5830e-01 1.2214e+05 4.8187e+01 1.9053e+00
5.0000e+01 4.1258e+04 4.0950e-04 7.5370e-01 4.1258e+04 1.6895e+01 1.8877e+00
5.0392e+01 1.4315e+04 4.2735e-04 7.5098e-01 1.4315e+04 6.1175e+00 1.8788e+00
5.0784e+01 9.3582e+03 5.2345e-04 7.5310e-01 9.3582e+03 4.8986e+00 1.8840e+00
5.1176e+01 9.2775e+03 6.4107e-04 7.5331e-01 9.2775e+03 5.9475e+00 1.8852e+00
5.1569e+01 9.6722e+03 6.7982e-04 7.4698e-01 9.6722e+03 6.5754e+00 1.8697e+00
5.1961e+01 1.0306e+04 7.6855e-04 7.4728e-01 1.0306e+04 7.9210e+00 1.8712e+00
5.2353e+01 1.0771e+04 8.9773e-04 7.5366e-01 1.0771e+04 9.6692e+00 1.8885e+00
5.2745e+01 1.1171e+04 9.7025e-04 7.5528e-01 1.1171e+04 1.0838e+01 1.8935e+00
5.3137e+01 1.1330e+04 9.6687e-04 7.4968e-01 1.1330e+04 1.0955e+01 1.8795e+00
5.3529e+01 1.1493e+04 9.6558e-04 7.4489e-01 1.1493e+04 1.1098e+01 1.8676e+00
5.3922e+01 1.1650e+04 1.0177e-03 7.4654e-01 1.1650e+04 1.1856e+01 1.8724e+00
5.4314e+01 1.1857e+04 1.1053e-03 7.5258e-01 1.1857e+04 1.3106e+01 1.8887e+00
5.4706e+01 1.2011e+04 1.1764e-03 7.5726e-01 1.2011e+04 1.4129e+01 1.9015e+00
5.5098e+01 1.2110e+04 1.2032e-03 7.5733e-01 1.2110e+04 1.4571e+01 1.9021e+00
5.5490e+01 1.2143e+04 1.1930e-03 7.5350e-01 1.2143e+04 1.4486e+01 1.8924e+00
5.5882e+01 1.2174e+04 1.1781e-03 7.4821e-01 1.2174e+04 1.4342e+01 1.8790e+00
5.6275e+01 1.2242e+04 1.1992e-03 7.4744e-01 1.2242e+04 1.4681e+01 1.8774e+00
5.6667e+01 1.2374e+04 1.2723e-03 7.5298e-01 1.2374e+04 1.5743e+01 1.8925e+00
5.7059e+01 1.2540e+04 1.3760e-03 7.6245e-01 1.2540e+04 1.7254e+01 1.9180e+00
5.7451e+01 1.2703e+04 1.4792e-03 7.7225e-01 1.2703e+04 1.8791e+01 1.9445e+00
5.7843e+01 1.2833e+04 1.5599e-03 7.7973e-01 1.2833e+04 2.0019e+01 1.9649e+00
5.8235e+01 1.2920e+04 1.6109e-03 7.8389e-01 1.2920e+04 2.0813e+01 1.9765e+00
5.8627e+01 1.2968e+04 1.6363e-03 7.8512e-01 1.2968e+04 2.1220e+01 1.9802e+00
5.9020e+01 1.2992e+04 1.6451e-03 7.8446e-01 1.2992e+04 2.1373e+01 1.9787e+00
5.9412e+01 1.3003e+04 1.6457e-03 7.8290e-01 1.3003e+04 2.1399e+01 1.9749e+00
5.9804e+01 1.3009e+04 1.6434e-03 7.8104e-01 1.3009e+04 2.1379e+01 1.9702e+00
6.0196e+01 1.3014e+04 1.6401e-03 7.7906e-01 1.3014e+04 2.1345e+01 1.9652e+00
6.0588e+01 1.3018e+04 1.6365e-03 7.7701e-01 1.3018e+04 2.1303e+01 1.9600e+00
6.0980e+01 1.3021e+04 1.6324e-03 7.7488e-01 1.3021e+04 2.1255e+01 1.9545e+00
6.1373e+01 1.3024e+04 1.6279e-03 7.7268e-01 1.3024e+04 2.1202e+01 1.9489e+00
6.1765e+01 1.3026e+04 1.6232e-03 7.7039e-01 1.3026e+04 2.1143e+01 1.9431e+00
6.2157e+01 1.3028e+04 1.6180e-03 7.6804e-01 1.3028e+04 2.1080e+01 1.9371e+00
6.2549e+01 1.3030e+04 1.6125e-03 7.6560e-01 1.3030e+04 2.1011e+01 1.9309e+00
6.2941e+01 1.3031e+04 1.6067e-03 7.6309e-01 1.3031e+04 2.0938e+01 1.9245e+00
6.3333e+01 1.3032e+04 1.6006e-03 7.6049e-01 1.3032e+04 2.0859e+01 1.9179e+00
6.3725e+01 1.3033e+04 1.5941e-03 7.5781e-01 1.3033e+04 2.0776e+01 1.9111e+00
6.4118e+01 1.3034e+04 1.5873e-03 7.5504e-01 1.3034e+04 2.0688e+01 1.9040e+00
6.4510e+01 1.3034e+04 1.5801e-03 7.5218e-01 1.3034e+04 2.0594e+01 1.8967e+00
6.4902e+01 1.3033e+04 1.5726e-03 7.4922e-01 1.3033e+04 2.0497e+01 1.8892e+00
6.5294e+01 1.3033e+04 1.5648e-03 7.4617e-01 1.3033e+04 2.0394e+01 1.8814e+00
6.5686e+01 1.3032e+04 1.5566e-03 7.4303e-01 1.3032e+04 2.0286e+01 1.8734e+00
6.6078e+01 1.3031e+04 1.5481e-03 7.3978e-01 1.3031e+04 2.0174e+01 1.8651e+00
6.6471e+01 1.3030e+04 1.5393e-03 7.3643e-01 1.3030e+04 2.0057e+01 1.8565e+00
6.6863e+01 1.3029e+04 1.5301e-03 7.3297e-01 1.3029e+04 1.9934e+01 1.8477e+00
6.7255e+01 1.3027e+04 1.5205e-03 7.2940e-01 1.3027e+04 1.9807e+01 1.8386e+00
6.7647e+01 1.3025e+04 1.5106e-03 7.2572e-01 1.3025e+04 1.9676e+01 1.8292e+00
6.8039e+01 1.3023e+04 1.5004e-03 7.2193e-01 1.3023e+04 1.9539e+01 1.8195e+00
6.8431e+01 1.3020e+04 1.4898e-03 7.1801e-01 1.3020e+04 1.9397e+01 1.8095e+00
6.8824e+01 1.3017e+04 1.4788e-03 7.1397e-01 1.3017e+04 1.9250e+01 1.7992e+00
6.9216e+01 1.3014e+04 1.4675e-03 7.0981e-01 1.3014e+04 1.9099e+01 1.7885e+00
6.9608e+01 1.3011e+04 1.4558e-03 7.0552e-01 1.3011e+04 1.8942e+01 1.7776e+00
7.0000e+01 1.3008e+04 1.4438e-03 7.0109e-01 1.3008e+04 1.8781e+01 1.7663e+00
7.0392e+01 1.3004e+04 1.4314e-03 6.9653e-01 1.3004e+04 1.8614e+01 1.7547e+00
7.0784e+01 1.3000e+04 1.4186e-03 6.9184e-01 1.3000e+04 1.8442e+01 1.7427e+00
7.1176e+01 1.2996e+04 1.4054e-03 6.8700e-01 1.2996e+04 1.8266e+01 1.7303e+00
7.1569e+01 1.2992e+04 1.3919e-03 6.8202e-01 1.2992e+04 1.8084e+01 1.7176e+00
7.1961e+01 1.2988e+04 1.3780e-03 6.7689e-01 1.2988e+04 1.7897e+01 1.7046e+00
7.2353e+01 1.2983e+04 1.3637e-03 6.7161e-01 1.2983e+04 1.7705e+01 1.6911e+00
7.2745e+01 1.2978e+04 1.3490e-03 6.6617e-01 1.2978e+04 1.7508e+01 1.6772e+00
7.3137e+01 1.2973e+04 1.3339e-03 6.6058e-01 1.2973e+04 1.7305e+01 1.6630e+00
7.3529e+01 1.2968e+04 1.3185e-03 6.5483e-01 1.2968e+04 1.7098e+01 1.6484e+00
7.3922e+01 1.2963e+04 1.3026e-03 6.4892e-01 1.2963e+04 1.6885e+01 1.6333e+00
7.4314e+01 1.2957e+04 1.2863e-03 6.4284e-01 1.2957e+04 1.6667e+01 1.6178e+00
7.4706e+01 1.2951e+04 1.2697e-03 6.3659e-01 1.2951e+04 1.6444e+01 1.6019e+00
7.5098e+01 1.2945e+04 1.2526e-03 6.3017e-01 1.2945e+04 1.6215e+01 1.5856e+00
7.5490e+01 1.2939e+04 1.2351e-03 6.2357e-01 1.2939e+04 1.5981e+01 1.5688e+00
7.5882e+01 1.2933e+04 1.2173e-03 6.1679e-01 1.2933e+04 1.5742e+01 1.5515e+00
7.6275e+01 1.2926e+04 1.1990e-03 6.0983e-01 1.2926e+04 1.5498e+01 1.5339e+00
7.6667e+01 1.2919e+04 1.1803e-03 6.0268e-01 1.2919e+04 1.5248e+01 1.5157e+00
7.7059e+01 1.2912e+04 1.1611e-03 5.9534e-01 1.2912e+04 1.4993e+01 1.4971e+00
7.7451e+01 1.2905e+04 1.1416e-03 5.8781e-01 1.2905e+04 1.4732e+01 1.4779e+00
7.7843e+01 1.2898e+04 1.1216e-03 5.8009e-01 1.2898e+04 1.4466e+01 1.4583e+00
7.8235e+01 1.2891e+04 1.1012e-03 5.7216e-01 1.2891e+04 1.4195e+01 1.4382e+00
7.8627e+01 1.2883e+04 1.0804e-03 5.6404e-01 1.2883e+04 1.3918e+01 1.4176e+00
7.9020e+01 1.2875e+04 1.0591e-03 5.5570e-01 1.2875e+04 1.3636e+01 1.3965e+00
7.9412e+01 1.2867e+04 1.0374e-03 5.4716e-01 1.2867e+04 1.3348e+01 1.3748e+00
7.9804e+01 1.2859e+04 1.0152e-03 5.3840e-01 1.2859e+04 1.3055e+01 1.3526e+00
8.0196e+01 1.2851e+04 9.9262e-04 5.2943e-01 1.2851e+04 1.2756e+01 1.3299e+00
8.0588e+01 1.2842e+04 9.6956e-04 5.2023e-01 1.2842e+04 1.2451e+01 1.3066e+00
8.0980e+01 1.2834e+04 9.4604e-04 5.1081e-01 1.2834e+04 1.2141e+01 1.2828e+00
8.1373e+01 1.2825e+04 9.2207e-04 5.0115e-01 1.2825e+04 1.1825e+01 1.2583e+00
8.1765e+01 1.2816e+04 8.9762e-04 4.9126e-01 1.2816e+04 1.1504e+01 1.2333e+00
8.2157e+01 1.2807e+04 8.7270e-04 4.8113e-01 1.2807e+04 1.1176e+01 1.2077e+00
8.2549e+01 1.2798e+04 8.4730e-04 4.7076e-01 1.2798e+04 1.0843e+01 1.1815e+00
8.2941e+01 1.2788e+04 8.2141e-04 4.6013e-01 1.2788e+04 1.0504e+01 1.1547e+00
8.3333e+01 1.2778e+04 7.9503e-04 4.4926e-01 1.2778e+04 1.0159e+01 1.1272e+00
8.3725e+01 1.2769e+04 7.6815e-04 4.3812e-01 1.2769e+04 9.8083e+00 1.0991e+00
8.4118e+01 1.2759e+04 7.4077e-04 4.2671e-01 1.2759e+04 9.4512e+00 1.0703e+00
8.4510e+01 1.2749e+04 7.1287e-04 4.1503e-01 1.2749e+04 9.0881e+00 1.0408e+00
8.4902e+01 1.2738e+04 6.8445e-04 4.0307e-01 1.2738e+04 8.7187e+00 1.0107e+00
8.5294e+01 1.2728e+04 6.5550e-04 3.9083e-01 1.2728e+04 8.3431e+00 9.7982e-01
8.5686e+01 1.2717e+04 6.2602e-04 3.7830e-01 1.2717e+04 7.9612e+00 9.4825e-01
8.6078e+01 1.2706e+04 5.9599e-04 3.6547e-01 1.2706e+04 7.5729e+00 9.1594e-01
8.6471e+01 1.2695e+04 5.6540e-04 3.5234e-01 1.2695e+04 7.1781e+00 8.8287e-01
8.6863e+01 1.2684e+04 5.3426e-04 3.3889e-01 1.2684e+04 6.7767e+00 8.4904e-01
8.7255e+01 1.2673e+04 5.0254e-04 3.2512e-01 1.2673e+04 6.3687e+00 8.1441e-01
8.7647e+01 1.2662e+04 4.7023e-04 3.1103e-01 1.2662e+04 5.9539e+00 7.7898e-01
8.8039e+01 1.2650e+04 4.3734e-04 2.9660e-01 1.2650e+04 5.5324e+00 7.4272e-01
8.8431e+01 1.2638e+04 4.0385e-04 2.8183e-01 1.2638e+04 5.1039e+00 7.0561e-01
8.8824e+01 1.2626e+04 3.6974e-04 2.6671e-01 1.2626e+04 4.6684e+00 6.6764e-01
8.9216e+01 1.2614e+04 3.3501e-04 2.5123e-01 1.2614e+04 4.2259e+00 6.2878e-01
8.9608e+01 1.2602e+04 2.9966e-04 2.3538e-01 1.2602e+04 3.7762e+00 5.8903e-01
9.0000e+01 1.2589e+04 2.6369e-04 2.1917e-01 1.2589e+04 3.3197e+00 5.4837e-01
9.0392e+01 1.2577e+04 2.2718e-04 2.0262e-01 1.2577e+04 2.8572e+00 5.0689e-01
9.0784e+01 1.2564e+04 1.9030e-04 1.8582e-01 1.2564e+04 2.3910e+00 4.6477e-01
9.1176e+01 1.2552e+04 1.5353e-04 1.6897e-01 1.2552e+04 1.9271e+00 4.2258e-01
9.1569e+01 1.2540e+04 1.1783e-04 1.5255e-01 1.2540e+04 1.4776e+00 3.8147e-01
9.1961e+01 1.2529e+04 8.4801e-05 1.3737e-01 1.2529e+04 1.0624e+00 3.4347e-01
9.2353e+01 1.2519e+04 5.6459e-05 1.2445e-01 1.2519e+04 7.0682e-01 3.1114e-01
9.2745e+01 1.2512e+04 3.4486e-05 1.1461e-01 1.2512e+04 4.3149e-01 2.8654e-01
9.3137e+01 1.2507e+04 1.9347e-05 1.0801e-01 1.2507e+04 2.4196e-01 2.7004e-01
9.3529e+01 1.2504e+04 1.0083e-05 1.0410e-01 1.2504e+04 1.2608e-01 2.6025e-01
9.3922e+01 1.2502e+04 4.9727e-06 1.0199e-01 1.2502e+04 6.2168e-02 2.5499e-01
9.4314e+01 1.2501e+04 2.3652e-06 1.0094e-01 1.2501e+04 2.9566e-02 2.5236e-01
9.4706e+01 1.2500e+04 1.1012e-06 1.0044e-01 1.2500e+04 1.3765e-02 2.5109e-01
9.5098e+01 1.2500e+04 5.0666e-07 1.0020e-01 1.2500e+04 6.3333e-03 2.5050e-01
9.5490e+01 1.2500e+04 2.3159e-07 1.0009e-01 1.2500e+04 2.8949e-03 2.5023e-01
9.5882e+01 1.2500e+04 1.0544e-07 1.0004e-01 1.2500e+04 1.3180e-03 2.5010e-01
9.6275e+01 1.2500e+04 4.7882e-08 1.0002e-01 1.2500e+04 5.9852e-04 2.5005e-01
9.6667e+01 1.2500e+04 2.1699e-08 1.0001e-01 1.2500e+04 2.7123e-04 2.5002e-01
9.7059e+01 1.2500e+04 9.8156e-09 1.0000e-01 1.2500e+04 1.2269e-04 2.5001e-01
9.7451e+01 1.2500e+04 4.4328e-09 1.0000e-01 1.2500e+04 5.5410e-05 2.5000e-01
9.7843e+01 1.2500e+04 1.9987e-09 1.0000e-01 1.2500e+04 2.4984e-05 2.5000e-01
9.8235e+01 1.2500e+04 8.9994e-10 1.0000e-01 1.2500e+04 1.1249e-05 2.5000e-01
9.8627e+01 1.2500e+04 4.0487e-10 1.0000e-01 1.2500e+04 5.0609e-06 2.5000e-01
9.9020e+01 1.2500e+04 1.8254e-10 1.0000e-01 1.2500e+04 2.2817e-06 2.5000e-01
9.9412e+01 1.2500e+04 8.3511e-11 1.0000e-01 1.2500e+04 1.0439e-06 2.5000e-01
9.9804e+01 1.2500e+04 4.2564e-11 1.0000e-01 1.2500e+04 5.3205e-07 2.5000e-01
