# # x Density Velocity Pressure q0 q1 q2
1.9608e-01 1.0000e+05 1.0288e-18 1.0000e+00 1.0000e+05 1.0288e-13 2.5000e+00
5.8824e-01 1.0000e+05 3.9256e-18 1.0000e+00 1.0000e+05 3.9256e-13 2.5000e+00
9.8039e-01 1.0000e+05 8.9060e-18 1.0000e+00 1.0000e+05 8.9060e-13 2.5000e+00
1.3725e+00 1.0000e+05 1.5991e-17 1.0000e+00 1.0000e+05 1.5991e-12 2.5000e+00
1.7647e+00 1.0000e+05 2.5274e-17 1.0000e+00 1.0000e+05 2.5274e-12 2.5000e+00
2.1569e+00 1.0000e+05 3.8037e-17 1.0000e+00 1.0000e+05 3.8037e-12 2.5000e+00
2.5490e+00 1.0000e+05 5.6701e-17 1.0000e+00 1.0000e+05 5.6701e-12 2.5000e+00
2.9412e+00 1.0000e+05 8.3894e-17 1.0000e+00 1.0000e+05 8.3894e-12 2.5000e+00
3.3333e+00 1.0000e+05 1.2547e-16 1.0000e+00 1.0000e+05 1.2547e-11 2.5000e+00
3.7255e+00 1.0000e+05 1.8993e-16 1.0000e+00 1.0000e+05 1.8993e-11 2.5000e+00
4.1176e+00 1.0000e+05 2.9035e-16 1.0000e+00 1.0000e+05 2.9035e-11 2.5000e+00
4.5098e+00 1.0000e+05 4.4754e-16 1.0000e+00 1.0000e+05 4.4754e-11 2.5000e+00
4.9020e+00 1.0000e+05 6.9340e-16 1.0000e+00 1.0000e+05 6.9340e-11 2.5000e+00
5.2941e+00 1.0000e+05 1.0772e-15 1.0000e+00 1.0000e+05 1.0772e-10 2.5000e+00
5.6863e+00 1.0000e+05 1.6748e-15 1.0000e+00 1.0000e+05 1.6748e-10 2.5000e+00
6.0784e+00 1.0000e+05 2.6013e-15 1.0000e+00 1.0000e+05 2.6013e-10 2.5000e+00
6.4706e+00 1.0000e+05 4.0317e-15 1.0000e+00 1.0000e+05 4.0317e-10 2.5000e+00
6.8627e+00 1.0000e+05 6.2313e-15 1.0000e+00 1.0000e+05 6.2313e-10 2.5000e+00
7.2549e+00 1.0000e+05 9.6005e-15 1.0000e+00 1.0000e+05 9.6005e-10 2.5000e+00
7.6471e+00 1.0000e+05 1.4740e-14 1.0000e+00 1.0000e+05 1.4740e-09 2.5000e+00
8.0392e+00 1.0000e+05 2.2551e-14 1.0000e+00 1.0000e+05 2.2551e-09 2.5000e+00
8.4314e+00 1.0000e+05 3.4373e-14 1.0000e+00 1.0000e+05 3.4373e-09 2.5000e+00
8.8235e+00 1.0000e+05 5.2195e-14 1.0000e+00 1.0000e+05 5.2195e-09 2.5000e+00
9.2157e+00 1.0000e+05 7.8957e-14 1.0000e+00 1.0000e+05 7.8957e-09 2.5000e+00
9.6078e+00 1.0000e+05 1.1898e-13 1.0000e+00 1.0000e+05 1.1898e-08 2.5000e+00
1.0000e+01 1.0000e+05 1.7861e-13 1.0000e+00 1.0000e+05 1.7861e-08 2.5000e+00
1.0392e+01 1.0000e+05 2.6710e-13 1.0000e+00 1.0000e+05 2.6710e-08 2.5000e+00
1.0784e+01 1.0000e+05 3.9787e-13 1.0000e+00 1.0000e+05 3.9787e-08 2.5000e+00
1.1176e+01 1.0000e+05 5.9038e-13 1.0000e+00 1.0000e+05 5.9038e-08 2.5000e+00
1.1569e+01 1.0000e+05 8.7265e-13 1.0000e+00 1.0000e+05 8.7265e-08 2.5000e+00
1.1961e+01 1.0000e+05 1.2849e-12 1.0000e+00 1.0000e+05 1.2849e-07 2.5000e+00
1.2353e+01 1.0000e+05 1.8844e-12 1.0000e+00 1.0000e+05 1.8844e-07 2.5000e+00
1.2745e+01 1.0000e+05 2.7531e-12 1.0000e+00 1.0000e+05 2.7531e-07 2.5000e+00
1.3137e+01 1.0000e+05 4.0064e-12 1.0000e+00 1.0000e+05 4.0064e-07 2.5000e+00
1.3529e+01 1.0000e+05 5.8076e-12 1.0000e+00 1.0000e+05 5.8076e-07 2.5000e+00
1.3922e+01 1.0000e+05 8.3857e-12 1.0000e+00 1.0000e+05 8.3857e-07 2.5000e+00
1.4314e+01 1.0000e+05 1.2061e-11 1.0000e+00 1.0000e+05 1.2061e-06 2.5000e+00
1.4706e+01 1.0000e+05 1.7279e-11 1.0000e+00 1.0000e+05 1.7279e-06 2.5000e+00
1.5098e+01 1.0000e+05 2.4659e-11 1.0000e+00 1.0000e+05 2.4659e-06 2.5000e+00
1.5490e+01 1.0000e+05 3.5052e-11 1.0000e+00 1.0000e+05 3.5052e-06 2.5000e+00
1.5882e+01 1.0000e+05 4.9630e-11 1.0000e+00 1.0000e+05 4.9630e-06 2.5000e+00
1.6275e+01 1.0000e+05 6.9996e-11 1.0000e+00 1.0000e+05 6.9996e-06 2.5000e+00
1.6667e+01 1.0000e+05 9.8333e-11 1.0000e+00 1.0000e+05 9.8333e-06 2.5000e+00
1.7059e+01 1.0000e+05 1.3760e-10 1.0000e+00 1.0000e+05 1.3760e-05 2.5000e+00
1.7451e+01 1.0000e+05 1.9179e-10 1.0000e+00 1.0000e+05 1.9179e-05 2.5000e+00
1.7843e+01 1.0000e+05 2.6627e-10 1.0000e+00 1.0000e+05 2.6627e-05 2.5000e+00
1.8235e+01 1.0000e+05 3.6823e-10 1.0000e+00 1.0000e+05 3.6823e-05 2.5000e+00
1.8627e+01 1.0000e+05 5.0722e-10 1.0000e+00 1.0000e+05 5.0722e-05 2.5000e+00
1.9020e+01 1.0000e+05 6.9593e-10 1.0000e+00 1.0000e+05 6.9593e-05 2.5000e+00
1.9412e+01 1.0000e+05 9.5109e-10 1.0000e+00 1.0000e+05 9.5109e-05 2.5000e+00
1.9804e+01 1.0000e+05 1.2947e-09 1.0000e+00 1.0000e+05 1.2947e-04 2.5000e+00
2.0196e+01 1.0000e+05 1.7555e-09 1.0000e+00 1.0000e+05 1.7555e-04 2.5000e+00
2.0588e+01 1.0000e+05 2.3710e-09 1.0000e+00 1.0000e+05 2.3710e-04 2.5000e+00
2.0980e+01 1.0000e+05 3.1897e-09 9.9999e-01 1.0000e+05 3.1897e-04 2.5000e+00
2.1373e+01 1.0000e+05 4.2741e-09 9.9999e-01 1.0000e+05 4.2741e-04 2.5000e+00
2.1765e+01 1.0000e+05 5.7048e-09 9.9999e-01 1.0000e+05 5.7048e-04 2.5000e+00
2.2157e+01 1.0000e+05 7.5844e-09 9.9999e-01 1.0000e+05 7.5844e-04 2.5000e+00
2.2549e+01 1.0000e+05 1.0044e-08 9.9998e-01 1.0000e+05 1.0044e-03 2.5000e+00
2.2941e+01 1.0000e+05 1.3248e-08 9.9998e-01 1.0000e+05 1.3248e-03 2.4999e+00
2.3333e+01 1.0000e+05 1.7406e-08 9.9997e-01 1.0000e+05 1.7406e-03 2.4999e+00
2.3725e+01 1.0000e+05 2.2780e-08 9.9996e-01 1.0000e+05 2.2780e-03 2.4999e+00
2.4118e+01 1.0000e+05 2.9696e-08 9.9995e-01 1.0000e+05 2.9696e-03 2.4999e+00
2.4510e+01 1.0000e+05 3.8560e-08 9.9993e-01 1.0000e+05 3.8560e-03 2.4998e+00
2.4902e+01 1.0000e+05 4.9874e-08 9.9991e-01 1.0000e+05 4.9874e-03 2.4998e+00
2.5294e+01 1.0000e+05 6.4256e-08 9.9989e-01 1.0000e+05 6.4255e-03 2.4997e+00
2.5686e+01 1.0000e+05 8.2461e-08 9.9986e-01 1.0000e+05 8.2460e-03 2.4997e+00
2.6078e+01 9.9999e+04 1.0541e-07 9.9983e-01 9.9999e+04 1.0541e-02 2.4996e+00
2.6471e+01 9.9999e+04 1.3422e-07 9.9978e-01 9.9999e+04 1.3422e-02 2.4995e+00
2.6863e+01 9.9999e+04 1.7025e-07 9.9973e-01 9.9999e+04 1.7025e-02 2.4993e+00
2.7255e+01 9.9999e+04 2.1511e-07 9.9966e-01 9.9999e+04 2.1510e-02 2.4991e+00
2.7647e+01 9.9998e+04 2.7073e-07 9.9957e-01 9.9998e+04 2.7072e-02 2.4989e+00
2.8039e+01 9.9998e+04 3.3941e-07 9.9947e-01 9.9998e+04 3.3941e-02 2.4987e+00
2.8431e+01 9.9997e+04 4.2389e-07 9.9935e-01 9.9997e+04 4.2387e-02 2.4984e+00
2.8824e+01 9.9997e+04 5.2734e-07 9.9920e-01 9.9997e+04 5.2733e-02 2.4980e+00
2.9216e+01 9.9996e+04 6.5353e-07 9.9903e-01 9.9996e+04 6.5351e-02 2.4976e+00
2.9608e+01 9.9995e+04 8.0682e-07 9.9881e-01 9.9995e+04 8.0678e-02 2.4970e+00
3.0000e+01 9.9993e+04 9.9226e-07 9.9856e-01 9.9993e+04 9.9219e-02 2.4964e+00
3.0392e+01 9.9992e+04 1.2157e-06 9.9826e-01 9.9992e+04 1.2156e-01 2.4957e+00
3.0784e+01 9.9990e+04 1.4837e-06 9.9791e-01 9.9990e+04 1.4836e-01 2.4948e+00
3.1176e+01 9.9987e+04 1.8041e-06 9.9750e-01 9.9987e+04 1.8039e-01 2.4937e+00
3.1569e+01 9.9984e+04 2.1853e-06 9.9701e-01 9.9984e+04 2.1850e-01 2.4925e+00
3.1961e+01 9.9981e+04 2.6372e-06 9.9645e-01 9.9981e+04 2.6367e-01 2.4911e+00
3.2353e+01 9.9977e+04 3.1707e-06 9.9579e-01 9.9977e+04 3.1699e-01 2.4895e+00
3.2745e+01 9.9972e+04 3.7978e-06 9.9503e-01 9.9972e+04 3.7968e-01 2.4876e+00
3.3137e+01 9.9966e+04 4.5323e-06 9.9416e-01 9.9966e+04 4.5307e-01 2.4854e+00
3.3529e+01 9.9959e+04 5.3889e-06 9.9317e-01 9.9959e+04 5.3866e-01 2.4829e+00
3.3922e+01 9.9950e+04 6.3839e-06 9.9203e-01 9.9950e+04 6.3807e-01 2.4801e+00
3.4314e+01 9.9941e+04 7.5352e-06 9.9074e-01 9.9941e+04 7.5307e-01 2.4769e+00
3.4706e+01 9.9929e+04 8.8619e-06 9.8928e-01 9.9929e+04 8.8556e-01 2.4732e+00
3.5098e+01 9.9916e+04 1.0385e-05 9.8764e-01 9.9916e+04 1.0376e+00 2.4691e+00
3.5490e+01 9.9900e+04 1.2126e-05 9.8580e-01 9.9900e+04 1.2114e+00 2.4645e+00
3.5882e+01 9.9882e+04 1.4110e-05 9.8375e-01 9.9882e+04 1.4093e+00 2.4594e+00
3.6275e+01 9.9862e+04 1.6360e-05 9.8147e-01 9.9862e+04 1.6337e+00 2.4537e+00
3.6667e+01 9.9838e+04 1.8903e-05 9.7895e-01 9.9838e+04 1.8872e+00 2.4474e+00
3.7059e+01 9.9810e+04 2.1766e-05 9.7616e-01 9.9810e+04 2.1725e+00 2.4404e+00
3.7451e+01 9.9779e+04 2.4977e-05 9.7311e-01 9.9779e+04 2.4922e+00 2.4328e+00
3.7843e+01 9.9744e+04 2.8565e-05 9.6978e-01 9.9744e+04 2.8491e+00 2.4245e+00
3.8235e+01 9.9703e+04 3.2558e-05 9.6615e-01 9.9703e+04 3.2462e+00 2.4154e+00
3.8627e+01 9.9658e+04 3.6988e-05 9.6221e-01 9.9658e+04 3.6861e+00 2.4056e+00
3.9020e+01 9.9607e+04 4.1882e-05 9.5797e-01 9.9607e+04 4.1717e+00 2.3950e+00
3.9412e+01 9.9550e+04 4.7270e-05 9.5341e-01 9.9550e+04 4.7057e+00 2.3836e+00
3.9804e+01 9.9485e+04 5.3180e-05 9.4852e-01 9.9485e+04 5.2906e+00 2.3714e+00
4.0196e+01 9.9414e+04 5.9640e-05 9.4331e-01 9.9414e+04 5.9290e+00 2.3585e+00
4.0588e+01 9.9335e+04 6.6676e-05 9.3779e-01 9.9335e+04 6.6232e+00 2.3447e+00
4.0980e+01 9.9247e+04 7.4312e-05 9.3194e-01 9.9247e+04 7.3752e+00 2.3301e+00
4.1373e+01 9.9151e+04 8.2570e-05 9.2578e-01 9.9151e+04 8.1869e+00 2.3148e+00
4.1765e+01 9.9044e+04 9.1471e-05 9.1932e-01 9.9044e+04 9.0597e+00 2.2987e+00
4.2157e+01 9.8928e+04 1.0103e-04 9.1258e-01 9.8928e+04 9.9948e+00 2.2819e+00
4.2549e+01 9.8801e+04 1.1126e-04 9.0556e-01 9.8801e+04 1.0993e+01 2.2645e+00
4.2941e+01 9.8663e+04 1.2219e-04 8.9828e-01 9.8663e+04 1.2055e+01 2.2464e+00
4.3333e+01 9.8513e+04 1.3378e-04 8.9077e-01 9.8513e+04 1.3179e+01 2.2278e+00
4.3725e+01 9.8351e+04 1.4612e-04 8.8306e-01 9.8351e+04 1.4372e+01 2.2087e+00
4.4118e+01 9.8173e+04 1.5899e-04 8.7511e-01 9.8173e+04 1.5609e+01 2.1890e+00
4.4510e+01 9.7996e+04 1.7310e-04 8.6719e-01 9.7996e+04 1.6963e+01 2.1694e+00
4.4902e+01 9.7759e+04 1.8619e-04 8.5856e-01 9.7759e+04 1.8202e+01 2.1481e+00
4.5294e+01 9.7641e+04 2.0469e-04 8.5145e-01 9.7641e+04 1.9986e+01 2.1307e+00
4.5686e+01 9.7171e+04 2.1176e-04 8.4017e-01 9.7171e+04 2.0577e+01 2.1026e+00
4.6078e+01 9.7457e+04 2.4688e-04 8.3815e-01 9.7457e+04 2.4060e+01 2.0984e+00
4.6471e+01 9.6180e+04 2.2734e-04 8.1754e-01 9.6180e+04 2.1865e+01 2.0463e+00
4.6863e+01 9.7583e+04 3.0395e-04 8.2896e-01 9.7583e+04 2.9661e+01 2.0769e+00
4.7255e+01 9.5031e+04 2.4164e-04 7.9409e-01 9.5031e+04 2.2964e+01 1.9880e+00
4.7647e+01 9.7108e+04 3.4372e-04 8.1335e-01 9.7108e+04 3.3378e+01 2.0391e+00
4.8039e+01 9.5041e+04 3.0284e-04 7.8569e-01 9.5041e+04 2.8782e+01 1.9686e+00
4.8431e+01 9.5369e+04 3.4510e-04 7.8514e-01 9.5369e+04 3.2912e+01 1.9685e+00
4.8824e+01 9.5566e+04 3.6202e-04 7.7648e-01 9.5566e+04 3.4596e+01 1.9475e+00
4.9216e+01 8.9405e+04 3.9490e-04 7.7321e-01 8.9405e+04 3.5306e+01 1.9400e+00
4.9608e+01 1.2219e+05 3.9496e-04 7.5827e-01 1.2219e+05 4.8258e+01 1.9052e+00
5.0000e+01 4.1365e+04 4.0996e-04 7.5368e-01 4.1365e+04 1.6958e+01 1.8877e+00
5.0392e+01 1.4346e+04 4.2722e-04 7.5087e-01 1.4346e+04 6.1287e+00 1.8785e+00
5.0784e+01 9.3586e+03 5.2225e-04 7.5290e-01 9.3586e+03 4.8875e+00 1.8835e+00
5.1176e+01 9.2732e+03 6.4258e-04 7.5340e-01 9.2732e+03 5.9587e+00 1.8854e+00
5.1569e+01 9.6672e+03 6.8131e-04 7.4707e-01 9.6672e+03 6.5864e+00 1.8699e+00
5.1961e+01 1.0299e+04 7.6659e-04 7.4702e-01 1.0299e+04 7.8948e+00 1.8706e+00
5.2353e+01 1.0763e+04 8.9543e-04 7.5335e-01 1.0763e+04 9.6378e+00 1.8877e+00
5.2745e+01 1.1167e+04 9.7101e-04 7.5530e-01 1.1167e+04 1.0844e+01 1.8935e+00
5.3137e+01 1.1330e+04 9.6925e-04 7.4988e-01 1.1330e+04 1.0981e+01 1.8800e+00
5.3529e+01 1.1491e+04 9.6624e-04 7.4490e-01 1.1491e+04 1.1103e+01 1.8676e+00
5.3922e+01 1.1645e+04 1.0157e-03 7.4626e-01 1.1645e+04 1.1828e+01 1.8716e+00
5.4314e+01 1.1852e+04 1.1026e-03 7.5222e-01 1.1852e+04 1.3067e+01 1.8877e+00
5.4706e+01 1.2007e+04 1.1750e-03 7.5706e-01 1.2007e+04 1.4108e+01 1.9010e+00
5.5098e+01 1.2109e+04 1.2040e-03 7.5737e-01 1.2109e+04 1.4578e+01 1.9022e+00
5.5490e+01 1.2143e+04 1.1949e-03 7.5368e-01 1.2143e+04 1.4510e+01 1.8929e+00
5.5882e+01 1.2174e+04 1.1794e-03 7.4833e-01 1.2174e+04 1.4358e+01 1.8793e+00
5.6275e+01 1.2239e+04 1.1980e-03 7.4728e-01 1.2239e+04 1.4662e+01 1.8770e+00
5.6667e+01 1.2367e+04 1.2687e-03 7.5254e-01 1.2367e+04 1.5690e+01 1.8913e+00
5.7059e+01 1.2532e+04 1.3714e-03 7.6188e-01 1.2532e+04 1.7186e+01 1.9165e+00
5.7451e+01 1.2696e+04 1.4751e-03 7.7173e-01 1.2696e+04 1.8728e+01 1.9431e+00
5.7843e+01 1.2828e+04 1.5571e-03 7.7935e-01 1.2828e+04 1.9974e+01 1.9639e+00
5.8235e+01 1.2917e+04 1.6095e-03 7.8367e-01 1.2917e+04 2.0790e+01 1.9759e+00
5.8627e+01 1.2967e+04 1.6360e-03 7.8504e-01 1.2967e+04 2.1214e+01 1.9800e+00
5.9020e+01 1.2992e+04 1.6454e-03 7.8446e-01 1.2992e+04 2.1377e+01 1.9787e+00
5.9412e+01 1.3003e+04 1.6463e-03 7.8293e-01 1.3003e+04 2.1408e+01 1.9750e+00
5.9804e+01 1.3010e+04 1.6441e-03 7.8109e-01 1.3010e+04 2.1390e+01 1.9703e+00
6.0196e+01 1.3014e+04 1.6410e-03 7.7912e-01 1.3014e+04 2.1356e+01 1.9653e+00
6.0588e+01 1.3018e+04 1.6373e-03 7.7708e-01 1.3018e+04 2.1314e+01 1.9601e+00
6.0980e+01 1.3021e+04 1.6333e-03 7.7496e-01 1.3021e+04 2.1267e+01 1.9548e+00
6.1373e+01 1.3024e+04 1.6289e-03 7.7276e-01 1.3024e+04 2.1214e+01 1.9492e+00
6.1765e+01 1.3027e+04 1.6241e-03 7.7049e-01 1.3027e+04 2.1156e+01 1.9434e+00
6.2157e+01 1.3029e+04 1.6190e-03 7.6814e-01 1.3029e+04 2.1093e+01 1.9374e+00
6.2549e+01 1.3030e+04 1.6135e-03 7.6572e-01 1.3030e+04 2.1025e+01 1.9313e+00
6.2941e+01 1.3032e+04 1.6078e-03 7.6321e-01 1.3032e+04 2.0952e+01 1.9249e+00
6.3333e+01 1.3033e+04 1.6016e-03 7.6063e-01 1.3033e+04 2.0874e+01 1.9183e+00
6.3725e+01 1.3034e+04 1.5952e-03 7.5795e-01 1.3034e+04 2.0791e+01 1.9115e+00
6.4118e+01 1.3034e+04 1.5884e-03 7.5520e-01 1.3034e+04 2.0703e+01 1.9044e+00
6.4510e+01 1.3034e+04 1.5813e-03 7.5235e-01 1.3034e+04 2.0611e+01 1.8972e+00
6.4902e+01 1.3034e+04 1.5738e-03 7.4941e-01 1.3034e+04 2.0513e+01 1.8897e+00
6.5294e+01 1.3034e+04 1.5661e-03 7.4638e-01 1.3034e+04 2.0411e+01 1.8819e+00
6.5686e+01 1.3033e+04 1.5579e-03 7.4324e-01 1.3033e+04 2.0304e+01 1.8739e+00
6.6078e+01 1.3032e+04 1.5495e-03 7.4001e-01 1.3032e+04 2.0192e+01 1.8657e+00
6.6471e+01 1.3031e+04 1.5407e-03 7.3668e-01 1.3031e+04 2.0076e+01 1.8572e+00
6.6863e+01 1.3029e+04 1.5315e-03 7.3323e-01 1.3029e+04 1.9954e+01 1.8484e+00
6.7255e+01 1.3027e+04 1.5220e-03 7.2968e-01 1.3027e+04 1.9828e+01 1.8393e+00
6.7647e+01 1.3025e+04 1.5122e-03 7.2602e-01 1.3025e+04 1.9697e+01 1.8299e+00
6.8039e+01 1.3023e+04 1.5020e-03 7.2224e-01 1.3023e+04 1.9560e+01 1.8203e+00
6.8431e+01 1.3021e+04 1.4914e-03 7.1834e-01 1.3021e+04 1.9419e+01 1.8103e+00
6.8824e+01 1.3018e+04 1.4805e-03 7.1432e-01 1.3018e+04 1.9273e+01 1.8001e+00
6.9216e+01 1.3015e+04 1.4693e-03 7.1018e-01 1.3015e+04 1.9123e+01 1.7895e+00
6.9608e+01 1.3012e+04 1.4576e-03 7.0591e-01 1.3012e+04 1.8967e+01 1.7786e+00
7.0000e+01 1.3009e+04 1.4456e-03 7.0151e-01 1.3009e+04 1.8806e+01 1.7674e+00
7.0392e+01 1.3005e+04 1.4333e-03 6.9697e-01 1.3005e+04 1.8640e+01 1.7558e+00
7.0784e+01 1.3001e+04 1.4205e-03 6.9230e-01 1.3001e+04 1.8469e+01 1.7439e+00
7.1176e+01 1.2997e+04 1.4074e-03 6.8749e-01 1.2997e+04 1.8293e+01 1.7316e+00
7.1569e+01 1.2993e+04 1.3940e-03 6.8253e-01 1.2993e+04 1.8112e+01 1.7189e+00
7.1961e+01 1.2989e+04 1.3801e-03 6.7743e-01 1.2989e+04 1.7926e+01 1.7059e+00
7.2353e+01 1.2984e+04 1.3659e-03 6.7217e-01 1.2984e+04 1.7735e+01 1.6925e+00
7.2745e+01 1.2979e+04 1.3513e-03 6.6677e-01 1.2979e+04 1.7538e+01 1.6788e+00
7.3137e+01 1.2974e+04 1.3362e-03 6.6120e-01 1.2974e+04 1.7337e+01 1.6646e+00
7.3529e+01 1.2969e+04 1.3208e-03 6.5548e-01 1.2969e+04 1.7130e+01 1.6500e+00
7.3922e+01 1.2964e+04 1.3050e-03 6.4960e-01 1.2964e+04 1.6918e+01 1.6350e+00
7.4314e+01 1.2958e+04 1.2889e-03 6.4355e-01 1.2958e+04 1.6701e+01 1.6196e+00
7.4706e+01 1.2952e+04 1.2723e-03 6.3733e-01 1.2952e+04 1.6479e+01 1.6038e+00
7.5098e+01 1.2946e+04 1.2553e-03 6.3094e-01 1.2946e+04 1.6251e+01 1.5875e+00
7.5490e+01 1.2940e+04 1.2379e-03 6.2437e-01 1.2940e+04 1.6018e+01 1.5708e+00
7.5882e+01 1.2934e+04 1.2201e-03 6.1763e-01 1.2934e+04 1.5780e+01 1.5537e+00
7.6275e+01 1.2927e+04 1.2018e-03 6.1070e-01 1.2927e+04 1.5537e+01 1.5361e+00
7.6667e+01 1.2921e+04 1.1832e-03 6.0359e-01 1.2921e+04 1.5288e+01 1.5180e+00
7.7059e+01 1.2914e+04 1.1642e-03 5.9629e-01 1.2914e+04 1.5034e+01 1.4995e+00
7.7451e+01 1.2907e+04 1.1447e-03 5.8880e-01 1.2907e+04 1.4774e+01 1.4805e+00
7.7843e+01 1.2899e+04 1.1248e-03 5.8111e-01 1.2899e+04 1.4509e+01 1.4609e+00
7.8235e+01 1.2892e+04 1.1045e-03 5.7323e-01 1.2892e+04 1.4239e+01 1.4409e+00
7.8627e+01 1.2884e+04 1.0837e-03 5.6514e-01 1.2884e+04 1.3963e+01 1.4204e+00
7.9020e+01 1.2877e+04 1.0625e-03 5.5685e-01 1.2877e+04 1.3682e+01 1.3994e+00
7.9412e+01 1.2869e+04 1.0409e-03 5.4835e-01 1.2869e+04 1.3395e+01 1.3779e+00
7.9804e+01 1.2861e+04 1.0188e-03 5.3964e-01 1.2861e+04 1.3103e+01 1.3558e+00
8.0196e+01 1.2852e+04 9.9632e-04 5.3071e-01 1.2852e+04 1.2805e+01 1.3332e+00
8.0588e+01 1.2844e+04 9.7335e-04 5.2156e-01 1.2844e+04 1.2502e+01 1.3100e+00
8.0980e+01 1.2835e+04 9.4993e-04 5.1218e-01 1.2835e+04 1.2193e+01 1.2862e+00
8.1373e+01 1.2827e+04 9.2604e-04 5.0258e-01 1.2827e+04 1.1878e+01 1.2619e+00
8.1765e+01 1.2818e+04 9.0169e-04 4.9274e-01 1.2818e+04 1.1558e+01 1.2371e+00
8.2157e+01 1.2808e+04 8.7687e-04 4.8266e-01 1.2808e+04 1.1231e+01 1.2116e+00
8.2549e+01 1.2799e+04 8.5157e-04 4.7234e-01 1.2799e+04 1.0899e+01 1.1855e+00
8.2941e+01 1.2790e+04 8.2578e-04 4.6177e-01 1.2790e+04 1.0562e+01 1.1588e+00
8.3333e+01 1.2780e+04 7.9951e-04 4.5095e-01 1.2780e+04 1.0218e+01 1.1315e+00
8.3725e+01 1.2770e+04 7.7274e-04 4.3987e-01 1.2770e+04 9.8682e+00 1.1035e+00
8.4118e+01 1.2761e+04 7.4546e-04 4.2852e-01 1.2761e+04 9.5124e+00 1.0748e+00
8.4510e+01 1.2750e+04 7.1767e-04 4.1690e-01 1.2750e+04 9.1506e+00 1.0455e+00
8.4902e+01 1.2740e+04 6.8937e-04 4.0501e-01 1.2740e+04 8.7826e+00 1.0155e+00
8.5294e+01 1.2730e+04 6.6053e-04 3.9283e-01 1.2730e+04 8.4084e+00 9.8486e-01
8.5686e+01 1.2719e+04 6.3117e-04 3.8037e-01 1.2719e+04 8.0279e+00 9.5345e-01
8.6078e+01 1.2708e+04 6.0126e-04 3.6761e-01 1.2708e+04 7.6411e+00 9.2131e-01
8.6471e+01 1.2698e+04 5.7080e-04 3.5454e-01 1.2698e+04 7.2477e+00 8.8842e-01
8.6863e+01 1.2686e+04 5.3978e-04 3.4117e-01 1.2686e+04 6.8479e+00 8.5477e-01
8.7255e+01 1.2675e+04 5.0819e-04 3.2748e-01 1.2675e+04 6.4414e+00 8.2033e-01
8.7647e+01 1.2664e+04 4.7602e-04 3.1346e-01 1.2664e+04 6.0282e+00 7.8509e-01
8.8039e+01 1.2652e+04 4.4326e-04 2.9912e-01 1.2652e+04 5.6083e+00 7.4903e-01
8.8431e+01 1.2640e+04 4.0991e-04 2.8443e-01 1.2640e+04 5.1814e+00 7.1213e-01
8.8824e+01 1.2629e+04 3.7595e-04 2.6939e-01 1.2629e+04 4.7476e+00 6.7437e-01
8.9216e+01 1.2616e+04 3.4136e-04 2.5400e-01 1.2616e+04 4.3068e+00 6.3573e-01
8.9608e+01 1.2604e+04 3.0616e-04 2.3824e-01 1.2604e+04 3.8589e+00 5.9619e-01
9.0000e+01 1.2592e+04 2.7034e-04 2.2212e-01 1.2592e+04 3.4040e+00 5.5576e-01
9.0392e+01 1.2579e+04 2.3395e-04 2.0565e-01 1.2579e+04 2.9429e+00 5.1448e-01
9.0784e+01 1.2567e+04 1.9716e-04 1.8891e-01 1.2567e+04 2.4776e+00 4.7251e-01
9.1176e+01 1.2554e+04 1.6035e-04 1.7207e-01 1.2554e+04 2.0130e+00 4.3033e-01
9.1569e+01 1.2542e+04 1.2438e-04 1.5554e-01 1.2542e+04 1.5599e+00 3.8895e-01
9.1961e+01 1.2531e+04 9.0720e-05 1.4007e-01 1.2531e+04 1.1368e+00 3.5022e-01
9.2353e+01 1.2521e+04 6.1363e-05 1.2666e-01 1.2521e+04 7.6831e-01 3.1667e-01
9.2745e+01 1.2513e+04 3.8118e-05 1.1621e-01 1.2513e+04 4.7698e-01 2.9054e-01
9.3137e+01 1.2508e+04 2.1726e-05 1.0903e-01 1.2508e+04 2.7174e-01 2.7259e-01
9.3529e+01 1.2504e+04 1.1472e-05 1.0468e-01 1.2504e+04 1.4345e-01 2.6169e-01
9.3922e+01 1.2502e+04 5.7108e-06 1.0229e-01 1.2502e+04 7.1396e-02 2.5574e-01
9.4314e+01 1.2501e+04 2.7324e-06 1.0109e-01 1.2501e+04 3.4157e-02 2.5272e-01
9.4706e+01 1.2500e+04 1.2767e-06 1.0051e-01 1.2500e+04 1.5959e-02 2.5127e-01
9.5098e+01 1.2500e+04 5.8863e-07 1.0023e-01 1.2500e+04 7.3580e-03 2.5058e-01
9.5490e+01 1.2500e+04 2.6942e-07 1.0011e-01 1.2500e+04 3.3678e-03 2.5027e-01
9.5882e+01 1.2500e+04 1.2279e-07 1.0005e-01 1.2500e+04 1.5348e-03 2.5012e-01
9.6275e+01 1.2500e+04 5.5802e-08 1.0002e-01 1.2500e+04 6.9753e-04 2.5006e-01
9.6667e+01 1.2500e+04 2.5306e-08 1.0001e-01 1.2500e+04 3.1633e-04 2.5003e-01
9.7059e+01 1.2500e+04 1.1455e-08 1.0000e-01 1.2500e+04 1.4319e-04 2.5001e-01
9.7451e+01 1.2500e+04 5.1769e-09 1.0000e-01 1.2500e+04 6.4712e-05 2.5001e-01
9.7843e+01 1.2500e+04 2.3358e-09 1.0000e-01 1.2500e+04 2.9198e-05 2.5000e-01
9.8235e+01 1.2500e+04 1.0524e-09 1.0000e-01 1.2500e+04 1.3155e-05 2.5000e-01
9.8627e+01 1.2500e+04 4.7381e-10 1.0000e-01 1.2500e+04 5.9226e-06 2.5000e-01
9.9020e+01 1.2500e+04 2.1376e-10 1.0000e-01 1.2500e+04 2.6721e-06 2.5000e-01
9.9412e+01 1.2500e+04 9.7869e-11 1.0000e-01 1.2500e+04 1.2234e-06 2.5000e-01
9.9804e+01 1.2500e+04 4.9926e-11 1.0000e-01 1.2500e+04 6.2407e-07 2.5000e-01
