# # x Density Velocity Pressure q0 q1 q2
1.9608e-01 1.0000e+05 1.4707e-18 1.0000e+00 1.0000e+05 1.4707e-13 2.5000e+00
5.8824e-01 1.0000e+05 4.8205e-18 1.0000e+00 1.0000e+05 4.8205e-13 2.5000e+00
9.8039e-01 1.0000e+05 1.0254e-17 1.0000e+00 1.0000e+05 1.0254e-12 2.5000e+00
1.3725e+00 1.0000e+05 1.7797e-17 1.0000e+00 1.0000e+05 1.7797e-12 2.5000e+00
1.7647e+00 1.0000e+05 2.7660e-17 1.0000e+00 1.0000e+05 2.7660e-12 2.5000e+00
2.1569e+00 1.0000e+05 4.1426e-17 1.0000e+00 1.0000e+05 4.1426e-12 2.5000e+00
2.5490e+00 1.0000e+05 6.1662e-17 1.0000e+00 1.0000e+05 6.1662e-12 2.5000e+00
2.9412e+00 1.0000e+05 9.1284e-17 1.0000e+00 1.0000e+05 9.1284e-12 2.5000e+00
3.3333e+00 1.0000e+05 1.3680e-16 1.0000e+00 1.0000e+05 1.3680e-11 2.5000e+00
3.7255e+00 1.0000e+05 2.0742e-16 1.0000e+00 1.0000e+05 2.0742e-11 2.5000e+00
4.1176e+00 1.0000e+05 3.1743e-16 1.0000e+00 1.0000e+05 3.1743e-11 2.5000e+00
4.5098e+00 1.0000e+05 4.8951e-16 1.0000e+00 1.0000e+05 4.8951e-11 2.5000e+00
4.9020e+00 1.0000e+05 7.5840e-16 1.0000e+00 1.0000e+05 7.5840e-11 2.5000e+00
5.2941e+00 1.0000e+05 1.1776e-15 1.0000e+00 1.0000e+05 1.1776e-10 2.5000e+00
5.6863e+00 1.0000e+05 1.8294e-15 1.0000e+00 1.0000e+05 1.8294e-10 2.5000e+00
6.0784e+00 1.0000e+05 2.8384e-15 1.0000e+00 1.0000e+05 2.8384e-10 2.5000e+00
6.4706e+00 1.0000e+05 4.3939e-15 1.0000e+00 1.0000e+05 4.3939e-10 2.5000e+00
6.8627e+00 1.0000e+05 6.7823e-15 1.0000e+00 1.0000e+05 6.7823e-10 2.5000e+00
7.2549e+00 1.0000e+05 1.0435e-14 1.0000e+00 1.0000e+05 1.0435e-09 2.5000e+00
7.6471e+00 1.0000e+05 1.6000e-14 1.0000e+00 1.0000e+05 1.6000e-09 2.5000e+00
8.0392e+00 1.0000e+05 2.4445e-14 1.0000e+00 1.0000e+05 2.4445e-09 2.5000e+00
8.4314e+00 1.0000e+05 3.7208e-14 1.0000e+00 1.0000e+05 3.7208e-09 2.5000e+00
8.8235e+00 1.0000e+05 5.6422e-14 1.0000e+00 1.0000e+05 5.6422e-09 2.5000e+00
9.2157e+00 1.0000e+05 8.5234e-14 1.0000e+00 1.0000e+05 8.5234e-09 2.5000e+00
9.6078e+00 1.0000e+05 1.2827e-13 1.0000e+00 1.0000e+05 1.2827e-08 2.5000e+00
1.0000e+01 1.0000e+05 1.9229e-13 1.0000e+00 1.0000e+05 1.9229e-08 2.5000e+00
1.0392e+01 1.0000e+05 2.8716e-13 1.0000e+00 1.0000e+05 2.8716e-08 2.5000e+00
1.0784e+01 1.0000e+05 4.2719e-13 1.0000e+00 1.0000e+05 4.2719e-08 2.5000e+00
1.1176e+01 1.0000e+05 6.3306e-13 1.0000e+00 1.0000e+05 6.3306e-08 2.5000e+00
1.1569e+01 1.0000e+05 9.3450e-13 1.0000e+00 1.0000e+05 9.3450e-08 2.5000e+00
1.1961e+01 1.0000e+05 1.3741e-12 1.0000e+00 1.0000e+05 1.3741e-07 2.5000e+00
1.2353e+01 1.0000e+05 2.0128e-12 1.0000e+00 1.0000e+05 2.0128e-07 2.5000e+00
1.2745e+01 1.0000e+05 2.9368e-12 1.0000e+00 1.0000e+05 2.9368e-07 2.5000e+00
1.3137e+01 1.0000e+05 4.2683e-12 1.0000e+00 1.0000e+05 4.2683e-07 2.5000e+00
1.3529e+01 1.0000e+05 6.1795e-12 1.0000e+00 1.0000e+05 6.1795e-07 2.5000e+00
1.3922e+01 1.0000e+05 8.9117e-12 1.0000e+00 1.0000e+05 8.9117e-07 2.5000e+00
1.4314e+01 1.0000e+05 1.2802e-11 1.0000e+00 1.0000e+05 1.2802e-06 2.5000e+00
1.4706e+01 1.0000e+05 1.8318e-11 1.0000e+00 1.0000e+05 1.8318e-06 2.5000e+00
1.5098e+01 1.0000e+05 2.6110e-11 1.0000e+00 1.0000e+05 2.6110e-06 2.5000e+00
1.5490e+01 1.0000e+05 3.7070e-11 1.0000e+00 1.0000e+05 3.7070e-06 2.5000e+00
1.5882e+01 1.0000e+05 5.2425e-11 1.0000e+00 1.0000e+05 5.2425e-06 2.5000e+00
1.6275e+01 1.0000e+05 7.3852e-11 1.0000e+00 1.0000e+05 7.3852e-06 2.5000e+00
1.6667e+01 1.0000e+05 1.0363e-10 1.0000e+00 1.0000e+05 1.0363e-05 2.5000e+00
1.7059e+01 1.0000e+05 1.4484e-10 1.0000e+00 1.0000e+05 1.4484e-05 2.5000e+00
1.7451e+01 1.0000e+05 2.0166e-10 1.0000e+00 1.0000e+05 2.0166e-05 2.5000e+00
1.7843e+01 1.0000e+05 2.7966e-10 1.0000e+00 1.0000e+05 2.7966e-05 2.5000e+00
1.8235e+01 1.0000e+05 3.8631e-10 1.0000e+00 1.0000e+05 3.8631e-05 2.5000e+00
1.8627e+01 1.0000e+05 5.3154e-10 1.0000e+00 1.0000e+05 5.3154e-05 2.5000e+00
1.9020e+01 1.0000e+05 7.2850e-10 1.0000e+00 1.0000e+05 7.2850e-05 2.5000e+00
1.9412e+01 1.0000e+05 9.9454e-10 1.0000e+00 1.0000e+05 9.9454e-05 2.5000e+00
1.9804e+01 1.0000e+05 1.3524e-09 1.0000e+00 1.0000e+05 1.3524e-04 2.5000e+00
2.0196e+01 1.0000e+05 1.8319e-09 1.0000e+00 1.0000e+05 1.8318e-04 2.5000e+00
2.0588e+01 1.0000e+05 2.4715e-09 1.0000e+00 1.0000e+05 2.4715e-04 2.5000e+00
2.0980e+01 1.0000e+05 3.3215e-09 9.9999e-01 1.0000e+05 3.3215e-04 2.5000e+00
2.1373e+01 1.0000e+05 4.4463e-09 9.9999e-01 1.0000e+05 4.4463e-04 2.5000e+00
2.1765e+01 1.0000e+05 5.9286e-09 9.9999e-01 1.0000e+05 5.9286e-04 2.5000e+00
2.2157e+01 1.0000e+05 7.8742e-09 9.9999e-01 1.0000e+05 7.8742e-04 2.5000e+00
2.2549e+01 1.0000e+05 1.0417e-08 9.9998e-01 1.0000e+05 1.0417e-03 2.5000e+00
2.2941e+01 1.0000e+05 1.3728e-08 9.9998e-01 1.0000e+05 1.3728e-03 2.4999e+00
2.3333e+01 1.0000e+05 1.8020e-08 9.9997e-01 1.0000e+05 1.8020e-03 2.4999e+00
2.3725e+01 1.0000e+05 2.3561e-08 9.9996e-01 1.0000e+05 2.3561e-03 2.4999e+00
2.4118e+01 1.0000e+05 3.0685e-08 9.9995e-01 1.0000e+05 3.0685e-03 2.4999e+00
2.4510e+01 1.0000e+05 3.9809e-08 9.9993e-01 1.0000e+05 3.9808e-03 2.4998e+00
2.4902e+01 1.0000e+05 5.1443e-08 9.9991e-01 1.0000e+05 5.1443e-03 2.4998e+00
2.5294e+01 1.0000e+05 6.6218e-08 9.9989e-01 1.0000e+05 6.6218e-03 2.4997e+00
2.5686e+01 9.9999e+04 8.4905e-08 9.9986e-01 9.9999e+04 8.4905e-03 2.4996e+00
2.6078e+01 9.9999e+04 1.0844e-07 9.9982e-01 9.9999e+04 1.0844e-02 2.4996e+00
2.6471e+01 9.9999e+04 1.3797e-07 9.9977e-01 9.9999e+04 1.3797e-02 2.4994e+00
2.6863e+01 9.9999e+04 1.7486e-07 9.9972e-01 9.9999e+04 1.7485e-02 2.4993e+00
2.7255e+01 9.9999e+04 2.2075e-07 9.9965e-01 9.9999e+04 2.2074e-02 2.4991e+00
2.7647e+01 9.9998e+04 2.7760e-07 9.9956e-01 9.9998e+04 2.7760e-02 2.4989e+00
2.8039e+01 9.9998e+04 3.4776e-07 9.9946e-01 9.9998e+04 3.4775e-02 2.4987e+00
2.8431e+01 9.9997e+04 4.3398e-07 9.9934e-01 9.9997e+04 4.3396e-02 2.4983e+00
2.8824e+01 9.9996e+04 5.3949e-07 9.9919e-01 9.9996e+04 5.3947e-02 2.4980e+00
2.9216e+01 9.9996e+04 6.6809e-07 9.9901e-01 9.9996e+04 6.6806e-02 2.4975e+00
2.9608e+01 9.9994e+04 8.2418e-07 9.9879e-01 9.9994e+04 8.2414e-02 2.4970e+00
3.0000e+01 9.9993e+04 1.0129e-06 9.9854e-01 9.9993e+04 1.0128e-01 2.4963e+00
3.0392e+01 9.9991e+04 1.2401e-06 9.9823e-01 9.9991e+04 1.2400e-01 2.4956e+00
3.0784e+01 9.9989e+04 1.5125e-06 9.9788e-01 9.9989e+04 1.5123e-01 2.4947e+00
3.1176e+01 9.9987e+04 1.8378e-06 9.9746e-01 9.9987e+04 1.8375e-01 2.4936e+00
3.1569e+01 9.9984e+04 2.2247e-06 9.9697e-01 9.9984e+04 2.2243e-01 2.4924e+00
3.1961e+01 9.9980e+04 2.6830e-06 9.9639e-01 9.9980e+04 2.6824e-01 2.4910e+00
3.2353e+01 9.9976e+04 3.2236e-06 9.9573e-01 9.9976e+04 3.2228e-01 2.4893e+00
3.2745e+01 9.9971e+04 3.8589e-06 9.9497e-01 9.9971e+04 3.8578e-01 2.4874e+00
3.3137e+01 9.9965e+04 4.6023e-06 9.9409e-01 9.9965e+04 4.6007e-01 2.4852e+00
3.3529e+01 9.9958e+04 5.4689e-06 9.9308e-01 9.9958e+04 5.4666e-01 2.4827e+00
3.3922e+01 9.9950e+04 6.4750e-06 9.9194e-01 9.9950e+04 6.4717e-01 2.4798e+00
3.4314e+01 9.9940e+04 7.6384e-06 9.9064e-01 9.9940e+04 7.6337e-01 2.4766e+00
3.4706e+01 9.9928e+04 8.9783e-06 9.8917e-01 9.9928e+04 8.9719e-01 2.4729e+00
3.5098e+01 9.9915e+04 1.0516e-05 9.8752e-01 9.9915e+04 1.0507e+00 2.4688e+00
3.5490e+01 9.9899e+04 1.2273e-05 9.8567e-01 9.9899e+04 1.2260e+00 2.4642e+00
3.5882e+01 9.9881e+04 1.4273e-05 9.8360e-01 9.9881e+04 1.4256e+00 2.4590e+00
3.6275e+01 9.9860e+04 1.6541e-05 9.8131e-01 9.9860e+04 1.6517e+00 2.4533e+00
3.6667e+01 9.9836e+04 1.9102e-05 9.7877e-01 9.9836e+04 1.9071e+00 2.4469e+00
3.7059e+01 9.9808e+04 2.1985e-05 9.7598e-01 9.9808e+04 2.1943e+00 2.4400e+00
3.7451e+01 9.9777e+04 2.5217e-05 9.7291e-01 9.9777e+04 2.5161e+00 2.4323e+00
3.7843e+01 9.9741e+04 2.8827e-05 9.6957e-01 9.9741e+04 2.8752e+00 2.4240e+00
3.8235e+01 9.9700e+04 3.2843e-05 9.6593e-01 9.9700e+04 3.2745e+00 2.4149e+00
3.8627e+01 9.9654e+04 3.7296e-05 9.6198e-01 9.9654e+04 3.7167e+00 2.4050e+00
3.9020e+01 9.9603e+04 4.2214e-05 9.5773e-01 9.9603e+04 4.2046e+00 2.3944e+00
3.9412e+01 9.9545e+04 4.7626e-05 9.5315e-01 9.9545e+04 4.7409e+00 2.3830e+00
3.9804e+01 9.9481e+04 5.3561e-05 9.4826e-01 9.9481e+04 5.3282e+00 2.3708e+00
4.0196e+01 9.9409e+04 6.0045e-05 9.4305e-01 9.9409e+04 5.9690e+00 2.3578e+00
4.0588e+01 9.9329e+04 6.7105e-05 9.3751e-01 9.9329e+04 6.6655e+00 2.3440e+00
4.0980e+01 9.9241e+04 7.4765e-05 9.3166e-01 9.9241e+04 7.4197e+00 2.3294e+00
4.1373e+01 9.9144e+04 8.3046e-05 9.2550e-01 9.9144e+04 8.2335e+00 2.3141e+00
4.1765e+01 9.9038e+04 9.1969e-05 9.1904e-01 9.9038e+04 9.1084e+00 2.2980e+00
4.2157e+01 9.8921e+04 1.0155e-04 9.1229e-01 9.8921e+04 1.0045e+01 2.2812e+00
4.2549e+01 9.8793e+04 1.1180e-04 9.0527e-01 9.8793e+04 1.1045e+01 2.2638e+00
4.2941e+01 9.8655e+04 1.2274e-04 8.9800e-01 9.8655e+04 1.2109e+01 2.2457e+00
4.3333e+01 9.8504e+04 1.3436e-04 8.9049e-01 9.8504e+04 1.3235e+01 2.2271e+00
4.3725e+01 9.8342e+04 1.4672e-04 8.8279e-01 9.8342e+04 1.4428e+01 2.2080e+00
4.4118e+01 9.8163e+04 1.5959e-04 8.7484e-01 9.8163e+04 1.5666e+01 2.1884e+00
4.4510e+01 9.7987e+04 1.7372e-04 8.6694e-01 9.7987e+04 1.7022e+01 2.1688e+00
4.4902e+01 9.7748e+04 1.8678e-04 8.5830e-01 9.7748e+04 1.8257e+01 2.1475e+00
4.5294e+01 9.7632e+04 2.0539e-04 8.5125e-01 9.7632e+04 2.0052e+01 2.1302e+00
4.5686e+01 9.7156e+04 2.1224e-04 8.3990e-01 9.7156e+04 2.0620e+01 2.1019e+00
4.6078e+01 9.7452e+04 2.4776e-04 8.3803e-01 9.7452e+04 2.4145e+01 2.0981e+00
4.6471e+01 9.6159e+04 2.2763e-04 8.1724e-01 9.6159e+04 2.1889e+01 2.0456e+00
4.6863e+01 9.7579e+04 3.0486e-04 8.2888e-01 9.7579e+04 2.9748e+01 2.0767e+00
4.7255e+01 9.5017e+04 2.4221e-04 7.9392e-01 9.5017e+04 2.3014e+01 1.9876e+00
4.7647e+01 9.7085e+04 3.4400e-04 8.1310e-01 9.7085e+04 3.3398e+01 2.0385e+00
4.8039e+01 9.5043e+04 3.0397e-04 7.8574e-01 9.5043e+04 2.8890e+01 1.9687e+00
4.8431e+01 9.5347e+04 3.4540e-04 7.8494e-01 9.5347e+04 3.2933e+01 1.9680e+00
4.8824e+01 9.5557e+04 3.6243e-04 7.7633e-01 9.5557e+04 3.4632e+01 1.9471e+00
4.9216e+01 8.9352e+04 3.9561e-04 7.7318e-01 8.9352e+04 3.5349e+01 1.9399e+00
4.9608e+01 1.2226e+05 3.9560e-04 7.5823e-01 1.2226e+05 4.8365e+01 1.9051e+00
5.0000e+01 4.1526e+04 4.1064e-04 7.5365e-01 4.1526e+04 1.7053e+01 1.8876e+00
5.0392e+01 1.4392e+04 4.2708e-04 7.5072e-01 1.4392e+04 6.1466e+00 1.8781e+00
5.0784e+01 9.3593e+03 5.2034e-04 7.5260e-01 9.3593e+03 4.8700e+00 1.8828e+00
5.1176e+01 9.2666e+03 6.4468e-04 7.5351e-01 9.2666e+03 5.9740e+00 1.8857e+00
5.1569e+01 9.6599e+03 6.8372e-04 7.4722e-01 9.6599e+03 6.6047e+00 1.8703e+00
5.1961e+01 1.0287e+04 7.6385e-04 7.4664e-01 1.0287e+04 7.8577e+00 1.8696e+00
5.2353e+01 1.0752e+04 8.9185e-04 7.5288e-01 1.0752e+04 9.5891e+00 1.8865e+00
5.2745e+01 1.1162e+04 9.7190e-04 7.5530e-01 1.1162e+04 1.0848e+01 1.8935e+00
5.3137e+01 1.1329e+04 9.7283e-04 7.5018e-01 1.1329e+04 1.1021e+01 1.8808e+00
5.3529e+01 1.1488e+04 9.6743e-04 7.4493e-01 1.1488e+04 1.1114e+01 1.8677e+00
5.3922e+01 1.1637e+04 1.0129e-03 7.4585e-01 1.1637e+04 1.1788e+01 1.8706e+00
5.4314e+01 1.1843e+04 1.0984e-03 7.5167e-01 1.1843e+04 1.3009e+01 1.8863e+00
5.4706e+01 1.2001e+04 1.1729e-03 7.5674e-01 1.2001e+04 1.4076e+01 1.9001e+00
5.5098e+01 1.2107e+04 1.2049e-03 7.5740e-01 1.2107e+04 1.4587e+01 1.9023e+00
5.5490e+01 1.2144e+04 1.1978e-03 7.5392e-01 1.2144e+04 1.4546e+01 1.8935e+00
5.5882e+01 1.2173e+04 1.1815e-03 7.4853e-01 1.2173e+04 1.4383e+01 1.8798e+00
5.6275e+01 1.2234e+04 1.1964e-03 7.4706e-01 1.2234e+04 1.4637e+01 1.8764e+00
5.6667e+01 1.2358e+04 1.2634e-03 7.5190e-01 1.2358e+04 1.5613e+01 1.8896e+00
5.7059e+01 1.2520e+04 1.3645e-03 7.6103e-01 1.2520e+04 1.7083e+01 1.9142e+00
5.7451e+01 1.2685e+04 1.4687e-03 7.7092e-01 1.2685e+04 1.8632e+01 1.9410e+00
5.7843e+01 1.2820e+04 1.5527e-03 7.7876e-01 1.2820e+04 1.9905e+01 1.9624e+00
5.8235e+01 1.2912e+04 1.6073e-03 7.8334e-01 1.2912e+04 2.0753e+01 1.9750e+00
5.8627e+01 1.2965e+04 1.6355e-03 7.8491e-01 1.2965e+04 2.1204e+01 1.9796e+00
5.9020e+01 1.2991e+04 1.6460e-03 7.8446e-01 1.2991e+04 2.1383e+01 1.9787e+00
5.9412e+01 1.3003e+04 1.6473e-03 7.8298e-01 1.3003e+04 2.1421e+01 1.9751e+00
5.9804e+01 1.3010e+04 1.6453e-03 7.8116e-01 1.3010e+04 2.1405e+01 1.9705e+00
6.0196e+01 1.3014e+04 1.6422e-03 7.7921e-01 1.3014e+04 2.1372e+01 1.9656e+00
6.0588e+01 1.3018e+04 1.6386e-03 7.7717e-01 1.3018e+04 2.1331e+01 1.9604e+00
6.0980e+01 1.3022e+04 1.6346e-03 7.7507e-01 1.3022e+04 2.1285e+01 1.9551e+00
6.1373e+01 1.3024e+04 1.6302e-03 7.7288e-01 1.3024e+04 2.1233e+01 1.9495e+00
6.1765e+01 1.3027e+04 1.6255e-03 7.7063e-01 1.3027e+04 2.1175e+01 1.9438e+00
6.2157e+01 1.3029e+04 1.6204e-03 7.6830e-01 1.3029e+04 2.1113e+01 1.9378e+00
6.2549e+01 1.3031e+04 1.6151e-03 7.6589e-01 1.3031e+04 2.1046e+01 1.9317e+00
6.2941e+01 1.3032e+04 1.6093e-03 7.6340e-01 1.3032e+04 2.0973e+01 1.9254e+00
6.3333e+01 1.3033e+04 1.6033e-03 7.6083e-01 1.3033e+04 2.0896e+01 1.9188e+00
6.3725e+01 1.3034e+04 1.5969e-03 7.5817e-01 1.3034e+04 2.0814e+01 1.9121e+00
6.4118e+01 1.3035e+04 1.5901e-03 7.5543e-01 1.3035e+04 2.0727e+01 1.9051e+00
6.4510e+01 1.3035e+04 1.5831e-03 7.5261e-01 1.3035e+04 2.0635e+01 1.8978e+00
6.4902e+01 1.3035e+04 1.5757e-03 7.4969e-01 1.3035e+04 2.0538e+01 1.8904e+00
6.5294e+01 1.3034e+04 1.5679e-03 7.4667e-01 1.3034e+04 2.0437e+01 1.8827e+00
6.5686e+01 1.3034e+04 1.5599e-03 7.4356e-01 1.3034e+04 2.0331e+01 1.8748e+00
6.6078e+01 1.3033e+04 1.5515e-03 7.4035e-01 1.3033e+04 2.0220e+01 1.8666e+00
6.6471e+01 1.3032e+04 1.5427e-03 7.3704e-01 1.3032e+04 2.0104e+01 1.8581e+00
6.6863e+01 1.3030e+04 1.5337e-03 7.3362e-01 1.3030e+04 1.9984e+01 1.8494e+00
6.7255e+01 1.3028e+04 1.5242e-03 7.3010e-01 1.3028e+04 1.9858e+01 1.8404e+00
6.7647e+01 1.3026e+04 1.5145e-03 7.2646e-01 1.3026e+04 1.9728e+01 1.8311e+00
6.8039e+01 1.3024e+04 1.5043e-03 7.2271e-01 1.3024e+04 1.9593e+01 1.8215e+00
6.8431e+01 1.3022e+04 1.4939e-03 7.1884e-01 1.3022e+04 1.9453e+01 1.8116e+00
6.8824e+01 1.3019e+04 1.4830e-03 7.1485e-01 1.3019e+04 1.9308e+01 1.8014e+00
6.9216e+01 1.3016e+04 1.4718e-03 7.1074e-01 1.3016e+04 1.9158e+01 1.7909e+00
6.9608e+01 1.3013e+04 1.4603e-03 7.0650e-01 1.3013e+04 1.9003e+01 1.7801e+00
7.0000e+01 1.3010e+04 1.4484e-03 7.0213e-01 1.3010e+04 1.8843e+01 1.7690e+00
7.0392e+01 1.3006e+04 1.4361e-03 6.9763e-01 1.3006e+04 1.8679e+01 1.7575e+00
7.0784e+01 1.3003e+04 1.4235e-03 6.9299e-01 1.3003e+04 1.8509e+01 1.7456e+00
7.1176e+01 1.2999e+04 1.4104e-03 6.8821e-01 1.2999e+04 1.8334e+01 1.7335e+00
7.1569e+01 1.2995e+04 1.3971e-03 6.8329e-01 1.2995e+04 1.8154e+01 1.7209e+00
7.1961e+01 1.2990e+04 1.3833e-03 6.7823e-01 1.2990e+04 1.7969e+01 1.7080e+00
7.2353e+01 1.2986e+04 1.3691e-03 6.7301e-01 1.2986e+04 1.7779e+01 1.6947e+00
7.2745e+01 1.2981e+04 1.3546e-03 6.6765e-01 1.2981e+04 1.7584e+01 1.6810e+00
7.3137e+01 1.2976e+04 1.3397e-03 6.6213e-01 1.2976e+04 1.7384e+01 1.6670e+00
7.3529e+01 1.2971e+04 1.3244e-03 6.5645e-01 1.2971e+04 1.7178e+01 1.6525e+00
7.3922e+01 1.2965e+04 1.3087e-03 6.5061e-01 1.2965e+04 1.6968e+01 1.6376e+00
7.4314e+01 1.2960e+04 1.2926e-03 6.4460e-01 1.2960e+04 1.6752e+01 1.6223e+00
7.4706e+01 1.2954e+04 1.2761e-03 6.3843e-01 1.2954e+04 1.6531e+01 1.6066e+00
7.5098e+01 1.2948e+04 1.2592e-03 6.3209e-01 1.2948e+04 1.6305e+01 1.5905e+00
7.5490e+01 1.2942e+04 1.2419e-03 6.2557e-01 1.2942e+04 1.6073e+01 1.5739e+00
7.5882e+01 1.2936e+04 1.2242e-03 6.1888e-01 1.2936e+04 1.5836e+01 1.5569e+00
7.6275e+01 1.2929e+04 1.2061e-03 6.1201e-01 1.2929e+04 1.5594e+01 1.5394e+00
7.6667e+01 1.2922e+04 1.1876e-03 6.0495e-01 1.2922e+04 1.5347e+01 1.5215e+00
7.7059e+01 1.2916e+04 1.1687e-03 5.9770e-01 1.2916e+04 1.5094e+01 1.5031e+00
7.7451e+01 1.2909e+04 1.1493e-03 5.9027e-01 1.2909e+04 1.4836e+01 1.4842e+00
7.7843e+01 1.2901e+04 1.1296e-03 5.8264e-01 1.2901e+04 1.4573e+01 1.4648e+00
7.8235e+01 1.2894e+04 1.1094e-03 5.7482e-01 1.2894e+04 1.4304e+01 1.4450e+00
7.8627e+01 1.2887e+04 1.0887e-03 5.6679e-01 1.2887e+04 1.4030e+01 1.4246e+00
7.9020e+01 1.2879e+04 1.0677e-03 5.5856e-01 1.2879e+04 1.3750e+01 1.4037e+00
7.9412e+01 1.2871e+04 1.0462e-03 5.5013e-01 1.2871e+04 1.3465e+01 1.3824e+00
7.9804e+01 1.2863e+04 1.0242e-03 5.4148e-01 1.2863e+04 1.3174e+01 1.3604e+00
8.0196e+01 1.2855e+04 1.0018e-03 5.3262e-01 1.2855e+04 1.2878e+01 1.3380e+00
8.0588e+01 1.2846e+04 9.7901e-04 5.2353e-01 1.2846e+04 1.2577e+01 1.3150e+00
8.0980e+01 1.2838e+04 9.5572e-04 5.1423e-01 1.2838e+04 1.2269e+01 1.2914e+00
8.1373e+01 1.2829e+04 9.3197e-04 5.0470e-01 1.2829e+04 1.1956e+01 1.2673e+00
8.1765e+01 1.2820e+04 9.0777e-04 4.9493e-01 1.2820e+04 1.1638e+01 1.2426e+00
8.2157e+01 1.2811e+04 8.8309e-04 4.8493e-01 1.2811e+04 1.1313e+01 1.2173e+00
8.2549e+01 1.2802e+04 8.5794e-04 4.7469e-01 1.2802e+04 1.0983e+01 1.1914e+00
8.2941e+01 1.2792e+04 8.3230e-04 4.6420e-01 1.2792e+04 1.0647e+01 1.1649e+00
8.3333e+01 1.2783e+04 8.0618e-04 4.5346e-01 1.2783e+04 1.0305e+01 1.1378e+00
8.3725e+01 1.2773e+04 7.7957e-04 4.4247e-01 1.2773e+04 9.9575e+00 1.1100e+00
8.4118e+01 1.2763e+04 7.5245e-04 4.3121e-01 1.2763e+04 9.6037e+00 1.0816e+00
8.4510e+01 1.2753e+04 7.2483e-04 4.1968e-01 1.2753e+04 9.2439e+00 1.0526e+00
8.4902e+01 1.2743e+04 6.9669e-04 4.0788e-01 1.2743e+04 8.8780e+00 1.0228e+00
8.5294e+01 1.2733e+04 6.6803e-04 3.9580e-01 1.2733e+04 8.5058e+00 9.9235e-01
8.5686e+01 1.2722e+04 6.3884e-04 3.8344e-01 1.2722e+04 8.1274e+00 9.6119e-01
8.6078e+01 1.2711e+04 6.0912e-04 3.7078e-01 1.2711e+04 7.7427e+00 9.2930e-01
8.6471e+01 1.2701e+04 5.7884e-04 3.5782e-01 1.2701e+04 7.3516e+00 8.9668e-01
8.6863e+01 1.2690e+04 5.4801e-04 3.4455e-01 1.2690e+04 6.9540e+00 8.6329e-01
8.7255e+01 1.2678e+04 5.1661e-04 3.3098e-01 1.2678e+04 6.5498e+00 8.2913e-01
8.7647e+01 1.2667e+04 4.8464e-04 3.1708e-01 1.2667e+04 6.1390e+00 7.9418e-01
8.8039e+01 1.2655e+04 4.5209e-04 3.0285e-01 1.2655e+04 5.7214e+00 7.5841e-01
8.8431e+01 1.2644e+04 4.1894e-04 2.8828e-01 1.2644e+04 5.2970e+00 7.2181e-01
8.8824e+01 1.2632e+04 3.8519e-04 2.7337e-01 1.2632e+04 4.8657e+00 6.8436e-01
8.9216e+01 1.2620e+04 3.5083e-04 2.5811e-01 1.2620e+04 4.4274e+00 6.4604e-01
8.9608e+01 1.2608e+04 3.1584e-04 2.4248e-01 1.2608e+04 3.9820e+00 6.0684e-01
9.0000e+01 1.2595e+04 2.8024e-04 2.2650e-01 1.2595e+04 3.5297e+00 5.6673e-01
9.0392e+01 1.2583e+04 2.4405e-04 2.1016e-01 1.2583e+04 3.0709e+00 5.2577e-01
9.0784e+01 1.2570e+04 2.0740e-04 1.9351e-01 1.2570e+04 2.6070e+00 4.8405e-01
9.1176e+01 1.2558e+04 1.7058e-04 1.7671e-01 1.2558e+04 2.1421e+00 4.4195e-01
9.1569e+01 1.2545e+04 1.3431e-04 1.6007e-01 1.2545e+04 1.6849e+00 4.0028e-01
9.1961e+01 1.2534e+04 9.9858e-05 1.4424e-01 1.2534e+04 1.2516e+00 3.6065e-01
9.2353e+01 1.2523e+04 6.9113e-05 1.3016e-01 1.2523e+04 8.6553e-01 3.2544e-01
9.2745e+01 1.2515e+04 4.4024e-05 1.1883e-01 1.2515e+04 5.5097e-01 2.9709e-01
9.3137e+01 1.2509e+04 2.5712e-05 1.1075e-01 1.2509e+04 3.2163e-01 2.7689e-01
9.3529e+01 1.2505e+04 1.3861e-05 1.0568e-01 1.2505e+04 1.7333e-01 2.6419e-01
9.3922e+01 1.2503e+04 7.0065e-06 1.0282e-01 1.2503e+04 8.7599e-02 2.5706e-01
9.4314e+01 1.2501e+04 3.3860e-06 1.0135e-01 1.2501e+04 4.2330e-02 2.5338e-01
9.4706e+01 1.2501e+04 1.5916e-06 1.0063e-01 1.2501e+04 1.9896e-02 2.5158e-01
9.5098e+01 1.2500e+04 7.3645e-07 1.0029e-01 1.2500e+04 9.2059e-03 2.5073e-01
9.5490e+01 1.2500e+04 3.3783e-07 1.0013e-01 1.2500e+04 4.2229e-03 2.5033e-01
9.5882e+01 1.2500e+04 1.5420e-07 1.0006e-01 1.2500e+04 1.9276e-03 2.5015e-01
9.6275e+01 1.2500e+04 7.0168e-08 1.0003e-01 1.2500e+04 8.7710e-04 2.5007e-01
9.6667e+01 1.2500e+04 3.1856e-08 1.0001e-01 1.2500e+04 3.9820e-04 2.5003e-01
9.7059e+01 1.2500e+04 1.4435e-08 1.0001e-01 1.2500e+04 1.8044e-04 2.5001e-01
9.7451e+01 1.2500e+04 6.5303e-09 1.0000e-01 1.2500e+04 8.1628e-05 2.5001e-01
9.7843e+01 1.2500e+04 2.9495e-09 1.0000e-01 1.2500e+04 3.6868e-05 2.5000e-01
9.8235e+01 1.2500e+04 1.3302e-09 1.0000e-01 1.2500e+04 1.6628e-05 2.5000e-01
9.8627e+01 1.2500e+04 5.9949e-10 1.0000e-01 1.2500e+04 7.4936e-06 2.5000e-01
9.9020e+01 1.2500e+04 2.7075e-10 1.0000e-01 1.2500e+04 3.3844e-06 2.5000e-01
9.9412e+01 1.2500e+04 1.2410e-10 1.0000e-01 1.2500e+04 1.5512e-06 2.5000e-01
9.9804e+01 1.2500e+04 6.3387e-11 1.0000e-01 1.2500e+04 7.9233e-07 2.5000e-01
