# # x Density Velocity Pressure q0 q1 q2
1.9608e-01 1.0000e+05 1.6400e-18 1.0000e+00 1.0000e+05 1.6400e-13 2.5000e+00
5.8824e-01 1.0000e+05 5.1401e-18 1.0000e+00 1.0000e+05 5.1401e-13 2.5000e+00
9.8039e-01 1.0000e+05 1.0724e-17 1.0000e+00 1.0000e+05 1.0724e-12 2.5000e+00
1.3725e+00 1.0000e+05 1.8421e-17 1.0000e+00 1.0000e+05 1.8421e-12 2.5000e+00
1.7647e+00 1.0000e+05 2.8487e-17 1.0000e+00 1.0000e+05 2.8487e-12 2.5000e+00
2.1569e+00 1.0000e+05 4.2605e-17 1.0000e+00 1.0000e+05 4.2605e-12 2.5000e+00
2.5490e+00 1.0000e+05 6.3411e-17 1.0000e+00 1.0000e+05 6.3411e-12 2.5000e+00
2.9412e+00 1.0000e+05 9.3927e-17 1.0000e+00 1.0000e+05 9.3927e-12 2.5000e+00
3.3333e+00 1.0000e+05 1.4080e-16 1.0000e+00 1.0000e+05 1.4080e-11 2.5000e+00
3.7255e+00 1.0000e+05 2.1358e-16 1.0000e+00 1.0000e+05 2.1358e-11 2.5000e+00
4.1176e+00 1.0000e+05 3.2700e-16 1.0000e+00 1.0000e+05 3.2700e-11 2.5000e+00
4.5098e+00 1.0000e+05 5.0434e-16 1.0000e+00 1.0000e+05 5.0434e-11 2.5000e+00
4.9020e+00 1.0000e+05 7.8132e-16 1.0000e+00 1.0000e+05 7.8132e-11 2.5000e+00
5.2941e+00 1.0000e+05 1.2130e-15 1.0000e+00 1.0000e+05 1.2130e-10 2.5000e+00
5.6863e+00 1.0000e+05 1.8839e-15 1.0000e+00 1.0000e+05 1.8839e-10 2.5000e+00
6.0784e+00 1.0000e+05 2.9218e-15 1.0000e+00 1.0000e+05 2.9218e-10 2.5000e+00
6.4706e+00 1.0000e+05 4.5212e-15 1.0000e+00 1.0000e+05 4.5212e-10 2.5000e+00
6.8627e+00 1.0000e+05 6.9758e-15 1.0000e+00 1.0000e+05 6.9758e-10 2.5000e+00
7.2549e+00 1.0000e+05 1.0728e-14 1.0000e+00 1.0000e+05 1.0728e-09 2.5000e+00
7.6471e+00 1.0000e+05 1.6442e-14 1.0000e+00 1.0000e+05 1.6442e-09 2.5000e+00
8.0392e+00 1.0000e+05 2.5108e-14 1.0000e+00 1.0000e+05 2.5108e-09 2.5000e+00
8.4314e+00 1.0000e+05 3.8200e-14 1.0000e+00 1.0000e+05 3.8200e-09 2.5000e+00
8.8235e+00 1.0000e+05 5.7900e-14 1.0000e+00 1.0000e+05 5.7900e-09 2.5000e+00
9.2157e+00 1.0000e+05 8.7426e-14 1.0000e+00 1.0000e+05 8.7426e-09 2.5000e+00
9.6078e+00 1.0000e+05 1.3151e-13 1.0000e+00 1.0000e+05 1.3151e-08 2.5000e+00
1.0000e+01 1.0000e+05 1.9706e-13 1.0000e+00 1.0000e+05 1.9706e-08 2.5000e+00
1.0392e+01 1.0000e+05 2.9415e-13 1.0000e+00 1.0000e+05 2.9415e-08 2.5000e+00
1.0784e+01 1.0000e+05 4.3740e-13 1.0000e+00 1.0000e+05 4.3740e-08 2.5000e+00
1.1176e+01 1.0000e+05 6.4789e-13 1.0000e+00 1.0000e+05 6.4789e-08 2.5000e+00
1.1569e+01 1.0000e+05 9.5598e-13 1.0000e+00 1.0000e+05 9.5598e-08 2.5000e+00
1.1961e+01 1.0000e+05 1.4051e-12 1.0000e+00 1.0000e+05 1.4051e-07 2.5000e+00
1.2353e+01 1.0000e+05 2.0573e-12 1.0000e+00 1.0000e+05 2.0573e-07 2.5000e+00
1.2745e+01 1.0000e+05 3.0004e-12 1.0000e+00 1.0000e+05 3.0004e-07 2.5000e+00
1.3137e+01 1.0000e+05 4.3590e-12 1.0000e+00 1.0000e+05 4.3590e-07 2.5000e+00
1.3529e+01 1.0000e+05 6.3082e-12 1.0000e+00 1.0000e+05 6.3082e-07 2.5000e+00
1.3922e+01 1.0000e+05 9.0934e-12 1.0000e+00 1.0000e+05 9.0934e-07 2.5000e+00
1.4314e+01 1.0000e+05 1.3057e-11 1.0000e+00 1.0000e+05 1.3057e-06 2.5000e+00
1.4706e+01 1.0000e+05 1.8677e-11 1.0000e+00 1.0000e+05 1.8677e-06 2.5000e+00
1.5098e+01 1.0000e+05 2.6610e-11 1.0000e+00 1.0000e+05 2.6610e-06 2.5000e+00
1.5490e+01 1.0000e+05 3.7765e-11 1.0000e+00 1.0000e+05 3.7765e-06 2.5000e+00
1.5882e+01 1.0000e+05 5.3387e-11 1.0000e+00 1.0000e+05 5.3387e-06 2.5000e+00
1.6275e+01 1.0000e+05 7.5178e-11 1.0000e+00 1.0000e+05 7.5178e-06 2.5000e+00
1.6667e+01 1.0000e+05 1.0545e-10 1.0000e+00 1.0000e+05 1.0545e-05 2.5000e+00
1.7059e+01 1.0000e+05 1.4733e-10 1.0000e+00 1.0000e+05 1.4733e-05 2.5000e+00
1.7451e+01 1.0000e+05 2.0504e-10 1.0000e+00 1.0000e+05 2.0504e-05 2.5000e+00
1.7843e+01 1.0000e+05 2.8425e-10 1.0000e+00 1.0000e+05 2.8425e-05 2.5000e+00
1.8235e+01 1.0000e+05 3.9250e-10 1.0000e+00 1.0000e+05 3.9250e-05 2.5000e+00
1.8627e+01 1.0000e+05 5.3987e-10 1.0000e+00 1.0000e+05 5.3987e-05 2.5000e+00
1.9020e+01 1.0000e+05 7.3965e-10 1.0000e+00 1.0000e+05 7.3965e-05 2.5000e+00
1.9412e+01 1.0000e+05 1.0094e-09 1.0000e+00 1.0000e+05 1.0094e-04 2.5000e+00
1.9804e+01 1.0000e+05 1.3721e-09 1.0000e+00 1.0000e+05 1.3721e-04 2.5000e+00
2.0196e+01 1.0000e+05 1.8579e-09 1.0000e+00 1.0000e+05 1.8579e-04 2.5000e+00
2.0588e+01 1.0000e+05 2.5058e-09 1.0000e+00 1.0000e+05 2.5058e-04 2.5000e+00
2.0980e+01 1.0000e+05 3.3664e-09 9.9999e-01 1.0000e+05 3.3664e-04 2.5000e+00
2.1373e+01 1.0000e+05 4.5049e-09 9.9999e-01 1.0000e+05 4.5049e-04 2.5000e+00
2.1765e+01 1.0000e+05 6.0048e-09 9.9999e-01 1.0000e+05 6.0048e-04 2.5000e+00
2.2157e+01 1.0000e+05 7.9728e-09 9.9999e-01 1.0000e+05 7.9728e-04 2.5000e+00
2.2549e+01 1.0000e+05 1.0544e-08 9.9998e-01 1.0000e+05 1.0544e-03 2.5000e+00
2.2941e+01 1.0000e+05 1.3891e-08 9.9997e-01 1.0000e+05 1.3891e-03 2.4999e+00
2.3333e+01 1.0000e+05 1.8228e-08 9.9997e-01 1.0000e+05 1.8228e-03 2.4999e+00
2.3725e+01 1.0000e+05 2.3826e-08 9.9996e-01 1.0000e+05 2.3826e-03 2.4999e+00
2.4118e+01 1.0000e+05 3.1021e-08 9.9995e-01 1.0000e+05 3.1021e-03 2.4999e+00
2.4510e+01 1.0000e+05 4.0232e-08 9.9993e-01 1.0000e+05 4.0232e-03 2.4998e+00
2.4902e+01 1.0000e+05 5.1974e-08 9.9991e-01 1.0000e+05 5.1974e-03 2.4998e+00
2.5294e+01 1.0000e+05 6.6883e-08 9.9989e-01 1.0000e+05 6.6882e-03 2.4997e+00
2.5686e+01 9.9999e+04 8.5733e-08 9.9986e-01 9.9999e+04 8.5732e-03 2.4996e+00
2.6078e+01 9.9999e+04 1.0947e-07 9.9982e-01 9.9999e+04 1.0947e-02 2.4995e+00
2.6471e+01 9.9999e+04 1.3924e-07 9.9977e-01 9.9999e+04 1.3924e-02 2.4994e+00
2.6863e+01 9.9999e+04 1.7641e-07 9.9972e-01 9.9999e+04 1.7641e-02 2.4993e+00
2.7255e+01 9.9999e+04 2.2265e-07 9.9965e-01 9.9999e+04 2.2265e-02 2.4991e+00
2.7647e+01 9.9998e+04 2.7992e-07 9.9956e-01 9.9998e+04 2.7992e-02 2.4989e+00
2.8039e+01 9.9998e+04 3.5058e-07 9.9946e-01 9.9998e+04 3.5057e-02 2.4986e+00
2.8431e+01 9.9997e+04 4.3738e-07 9.9933e-01 9.9997e+04 4.3737e-02 2.4983e+00
2.8824e+01 9.9996e+04 5.4358e-07 9.9918e-01 9.9996e+04 5.4356e-02 2.4980e+00
2.9216e+01 9.9996e+04 6.7299e-07 9.9900e-01 9.9996e+04 6.7296e-02 2.4975e+00
2.9608e+01 9.9994e+04 8.3003e-07 9.9878e-01 9.9994e+04 8.2998e-02 2.4970e+00
3.0000e+01 9.9993e+04 1.0198e-06 9.9853e-01 9.9993e+04 1.0198e-01 2.4963e+00
3.0392e+01 9.9991e+04 1.2483e-06 9.9822e-01 9.9991e+04 1.2482e-01 2.4956e+00
3.0784e+01 9.9989e+04 1.5221e-06 9.9786e-01 9.9989e+04 1.5220e-01 2.4947e+00
3.1176e+01 9.9987e+04 1.8491e-06 9.9744e-01 9.9987e+04 1.8489e-01 2.4936e+00
3.1569e+01 9.9984e+04 2.2379e-06 9.9695e-01 9.9984e+04 2.2375e-01 2.4924e+00
3.1961e+01 9.9980e+04 2.6983e-06 9.9638e-01 9.9980e+04 2.6978e-01 2.4909e+00
3.2353e+01 9.9976e+04 3.2414e-06 9.9571e-01 9.9976e+04 3.2406e-01 2.4893e+00
3.2745e+01 9.9971e+04 3.8794e-06 9.9494e-01 9.9971e+04 3.8782e-01 2.4874e+00
3.3137e+01 9.9965e+04 4.6258e-06 9.9406e-01 9.9965e+04 4.6242e-01 2.4852e+00
3.3529e+01 9.9958e+04 5.4957e-06 9.9305e-01 9.9958e+04 5.4934e-01 2.4826e+00
3.3922e+01 9.9949e+04 6.5055e-06 9.9191e-01 9.9949e+04 6.5022e-01 2.4798e+00
3.4314e+01 9.9939e+04 7.6729e-06 9.9060e-01 9.9939e+04 7.6683e-01 2.4765e+00
3.4706e+01 9.9928e+04 9.0173e-06 9.8913e-01 9.9928e+04 9.0108e-01 2.4728e+00
3.5098e+01 9.9914e+04 1.0559e-05 9.8747e-01 9.9914e+04 1.0550e+00 2.4687e+00
3.5490e+01 9.9898e+04 1.2322e-05 9.8562e-01 9.9898e+04 1.2309e+00 2.4641e+00
3.5882e+01 9.9880e+04 1.4327e-05 9.8355e-01 9.9880e+04 1.4310e+00 2.4589e+00
3.6275e+01 9.9859e+04 1.6601e-05 9.8125e-01 9.9859e+04 1.6578e+00 2.4532e+00
3.6667e+01 9.9835e+04 1.9169e-05 9.7871e-01 9.9835e+04 1.9138e+00 2.4468e+00
3.7059e+01 9.9807e+04 2.2059e-05 9.7592e-01 9.9807e+04 2.2016e+00 2.4398e+00
3.7451e+01 9.9776e+04 2.5298e-05 9.7285e-01 9.9776e+04 2.5241e+00 2.4322e+00
3.7843e+01 9.9740e+04 2.8915e-05 9.6950e-01 9.9740e+04 2.8839e+00 2.4238e+00
3.8235e+01 9.9699e+04 3.2939e-05 9.6585e-01 9.9699e+04 3.2840e+00 2.4147e+00
3.8627e+01 9.9653e+04 3.7399e-05 9.6190e-01 9.9653e+04 3.7269e+00 2.4048e+00
3.9020e+01 9.9602e+04 4.2325e-05 9.5764e-01 9.9602e+04 4.2156e+00 2.3942e+00
3.9412e+01 9.9544e+04 4.7745e-05 9.5307e-01 9.9544e+04 4.7527e+00 2.3828e+00
3.9804e+01 9.9479e+04 5.3688e-05 9.4817e-01 9.9479e+04 5.3408e+00 2.3706e+00
4.0196e+01 9.9407e+04 6.0180e-05 9.4296e-01 9.9407e+04 5.9823e+00 2.3576e+00
4.0588e+01 9.9328e+04 6.7248e-05 9.3742e-01 9.9328e+04 6.6796e+00 2.3438e+00
4.0980e+01 9.9239e+04 7.4916e-05 9.3157e-01 9.9239e+04 7.4346e+00 2.3292e+00
4.1373e+01 9.9142e+04 8.3205e-05 9.2540e-01 9.9142e+04 8.2491e+00 2.3139e+00
4.1765e+01 9.9035e+04 9.2135e-05 9.1894e-01 9.9035e+04 9.1247e+00 2.2978e+00
4.2157e+01 9.8918e+04 1.0172e-04 9.1220e-01 9.8918e+04 1.0062e+01 2.2810e+00
4.2549e+01 9.8791e+04 1.1198e-04 9.0518e-01 9.8791e+04 1.1063e+01 2.2636e+00
4.2941e+01 9.8652e+04 1.2293e-04 8.9791e-01 9.8652e+04 1.2127e+01 2.2455e+00
4.3333e+01 9.8501e+04 1.3455e-04 8.9040e-01 9.8501e+04 1.3253e+01 2.2269e+00
4.3725e+01 9.8339e+04 1.4691e-04 8.8270e-01 9.8339e+04 1.4447e+01 2.2078e+00
4.4118e+01 9.8160e+04 1.5979e-04 8.7475e-01 9.8160e+04 1.5685e+01 2.1881e+00
4.4510e+01 9.7983e+04 1.7393e-04 8.6686e-01 9.7983e+04 1.7042e+01 2.1686e+00
4.4902e+01 9.7744e+04 1.8697e-04 8.5822e-01 9.7744e+04 1.8276e+01 2.1473e+00
4.5294e+01 9.7629e+04 2.0562e-04 8.5118e-01 9.7629e+04 2.0075e+01 2.1300e+00
4.5686e+01 9.7151e+04 2.1240e-04 8.3981e-01 9.7151e+04 2.0634e+01 2.1017e+00
4.6078e+01 9.7450e+04 2.4805e-04 8.3799e-01 9.7450e+04 2.4173e+01 2.0980e+00
4.6471e+01 9.6152e+04 2.2773e-04 8.1714e-01 9.6152e+04 2.1896e+01 2.0453e+00
4.6863e+01 9.7578e+04 3.0516e-04 8.2885e-01 9.7578e+04 2.9777e+01 2.0767e+00
4.7255e+01 9.5012e+04 2.4240e-04 7.9386e-01 9.5012e+04 2.3031e+01 1.9874e+00
4.7647e+01 9.7078e+04 3.4410e-04 8.1301e-01 9.7078e+04 3.3404e+01 2.0383e+00
4.8039e+01 9.5043e+04 3.0435e-04 7.8575e-01 9.5043e+04 2.8926e+01 1.9688e+00
4.8431e+01 9.5340e+04 3.4550e-04 7.8488e-01 9.5340e+04 3.2940e+01 1.9679e+00
4.8824e+01 9.5554e+04 3.6256e-04 7.7628e-01 9.5554e+04 3.4644e+01 1.9470e+00
4.9216e+01 8.9335e+04 3.9585e-04 7.7317e-01 8.9335e+04 3.5363e+01 1.9399e+00
4.9608e+01 1.2228e+05 3.9582e-04 7.5822e-01 1.2228e+05 4.8401e+01 1.9051e+00
5.0000e+01 4.1580e+04 4.1087e-04 7.5364e-01 4.1580e+04 1.7084e+01 1.8876e+00
5.0392e+01 1.4408e+04 4.2706e-04 7.5067e-01 1.4408e+04 6.1529e+00 1.8780e+00
5.0784e+01 9.3595e+03 5.1968e-04 7.5249e-01 9.3595e+03 4.8639e+00 1.8825e+00
5.1176e+01 9.2644e+03 6.4533e-04 7.5354e-01 9.2644e+03 5.9786e+00 1.8858e+00
5.1569e+01 9.6575e+03 6.8457e-04 7.4727e-01 9.6575e+03 6.6113e+00 1.8704e+00
5.1961e+01 1.0283e+04 7.6299e-04 7.4652e-01 1.0283e+04 7.8460e+00 1.8693e+00
5.2353e+01 1.0748e+04 8.9062e-04 7.5271e-01 1.0748e+04 9.5726e+00 1.8860e+00
5.2745e+01 1.1160e+04 9.7213e-04 7.5530e-01 1.1160e+04 1.0849e+01 1.8935e+00
5.3137e+01 1.1328e+04 9.7402e-04 7.5027e-01 1.1328e+04 1.1034e+01 1.8811e+00
5.3529e+01 1.1487e+04 9.6789e-04 7.4495e-01 1.1487e+04 1.1118e+01 1.8678e+00
5.3922e+01 1.1635e+04 1.0120e-03 7.4572e-01 1.1635e+04 1.1775e+01 1.8703e+00
5.4314e+01 1.1840e+04 1.0971e-03 7.5148e-01 1.1840e+04 1.2989e+01 1.8858e+00
5.4706e+01 1.1999e+04 1.1721e-03 7.5663e-01 1.1999e+04 1.4064e+01 1.8998e+00
5.5098e+01 1.2106e+04 1.2051e-03 7.5741e-01 1.2106e+04 1.4590e+01 1.9023e+00
5.5490e+01 1.2145e+04 1.1987e-03 7.5399e-01 1.2145e+04 1.4558e+01 1.8937e+00
5.5882e+01 1.2173e+04 1.1823e-03 7.4860e-01 1.2173e+04 1.4392e+01 1.8800e+00
5.6275e+01 1.2232e+04 1.1960e-03 7.4700e-01 1.2232e+04 1.4629e+01 1.8762e+00
5.6667e+01 1.2355e+04 1.2617e-03 7.5169e-01 1.2355e+04 1.5588e+01 1.8891e+00
5.7059e+01 1.2516e+04 1.3622e-03 7.6075e-01 1.2516e+04 1.7050e+01 1.9135e+00
5.7451e+01 1.2682e+04 1.4666e-03 7.7066e-01 1.2682e+04 1.8599e+01 1.9403e+00
5.7843e+01 1.2817e+04 1.5512e-03 7.7856e-01 1.2817e+04 1.9881e+01 1.9618e+00
5.8235e+01 1.2910e+04 1.6065e-03 7.8323e-01 1.2910e+04 2.0741e+01 1.9747e+00
5.8627e+01 1.2964e+04 1.6353e-03 7.8487e-01 1.2964e+04 2.1200e+01 1.9795e+00
5.9020e+01 1.2991e+04 1.6461e-03 7.8445e-01 1.2991e+04 2.1385e+01 1.9787e+00
5.9412e+01 1.3003e+04 1.6477e-03 7.8300e-01 1.3003e+04 2.1425e+01 1.9751e+00
5.9804e+01 1.3010e+04 1.6457e-03 7.8118e-01 1.3010e+04 2.1410e+01 1.9706e+00
6.0196e+01 1.3014e+04 1.6426e-03 7.7923e-01 1.3014e+04 2.1377e+01 1.9656e+00
6.0588e+01 1.3018e+04 1.6390e-03 7.7721e-01 1.3018e+04 2.1337e+01 1.9605e+00
6.0980e+01 1.3022e+04 1.6350e-03 7.7510e-01 1.3022e+04 2.1291e+01 1.9552e+00
6.1373e+01 1.3025e+04 1.6307e-03 7.7293e-01 1.3025e+04 2.1239e+01 1.9496e+00
6.1765e+01 1.3027e+04 1.6260e-03 7.7067e-01 1.3027e+04 2.1182e+01 1.9439e+00
6.2157e+01 1.3029e+04 1.6209e-03 7.6835e-01 1.3029e+04 2.1120e+01 1.9380e+00
6.2549e+01 1.3031e+04 1.6156e-03 7.6594e-01 1.3031e+04 2.1052e+01 1.9319e+00
6.2941e+01 1.3033e+04 1.6098e-03 7.6346e-01 1.3033e+04 2.0980e+01 1.9255e+00
6.3333e+01 1.3034e+04 1.6038e-03 7.6089e-01 1.3034e+04 2.0903e+01 1.9190e+00
6.3725e+01 1.3034e+04 1.5974e-03 7.5825e-01 1.3034e+04 2.0821e+01 1.9122e+00
6.4118e+01 1.3035e+04 1.5907e-03 7.5551e-01 1.3035e+04 2.0735e+01 1.9053e+00
6.4510e+01 1.3035e+04 1.5837e-03 7.5269e-01 1.3035e+04 2.0643e+01 1.8981e+00
6.4902e+01 1.3035e+04 1.5763e-03 7.4978e-01 1.3035e+04 2.0547e+01 1.8906e+00
6.5294e+01 1.3035e+04 1.5686e-03 7.4677e-01 1.3035e+04 2.0446e+01 1.8830e+00
6.5686e+01 1.3034e+04 1.5605e-03 7.4367e-01 1.3034e+04 2.0340e+01 1.8750e+00
6.6078e+01 1.3033e+04 1.5521e-03 7.4047e-01 1.3033e+04 2.0229e+01 1.8669e+00
6.6471e+01 1.3032e+04 1.5434e-03 7.3716e-01 1.3032e+04 2.0114e+01 1.8584e+00
6.6863e+01 1.3030e+04 1.5344e-03 7.3375e-01 1.3030e+04 1.9993e+01 1.8497e+00
6.7255e+01 1.3029e+04 1.5250e-03 7.3023e-01 1.3029e+04 1.9868e+01 1.8407e+00
6.7647e+01 1.3027e+04 1.5152e-03 7.2661e-01 1.3027e+04 1.9738e+01 1.8315e+00
6.8039e+01 1.3025e+04 1.5051e-03 7.2286e-01 1.3025e+04 1.9604e+01 1.8219e+00
6.8431e+01 1.3022e+04 1.4947e-03 7.1900e-01 1.3022e+04 1.9464e+01 1.8121e+00
6.8824e+01 1.3020e+04 1.4839e-03 7.1502e-01 1.3020e+04 1.9319e+01 1.8019e+00
6.9216e+01 1.3017e+04 1.4727e-03 7.1092e-01 1.3017e+04 1.9170e+01 1.7914e+00
6.9608e+01 1.3014e+04 1.4612e-03 7.0669e-01 1.3014e+04 1.9015e+01 1.7806e+00
7.0000e+01 1.3010e+04 1.4493e-03 7.0233e-01 1.3010e+04 1.8856e+01 1.7695e+00
7.0392e+01 1.3007e+04 1.4370e-03 6.9784e-01 1.3007e+04 1.8691e+01 1.7580e+00
7.0784e+01 1.3003e+04 1.4244e-03 6.9321e-01 1.3003e+04 1.8522e+01 1.7462e+00
7.1176e+01 1.2999e+04 1.4114e-03 6.8845e-01 1.2999e+04 1.8348e+01 1.7341e+00
7.1569e+01 1.2995e+04 1.3981e-03 6.8354e-01 1.2995e+04 1.8168e+01 1.7216e+00
7.1961e+01 1.2991e+04 1.3843e-03 6.7849e-01 1.2991e+04 1.7984e+01 1.7087e+00
7.2353e+01 1.2986e+04 1.3702e-03 6.7329e-01 1.2986e+04 1.7794e+01 1.6954e+00
7.2745e+01 1.2981e+04 1.3557e-03 6.6794e-01 1.2981e+04 1.7599e+01 1.6818e+00
7.3137e+01 1.2976e+04 1.3408e-03 6.6243e-01 1.2976e+04 1.7399e+01 1.6677e+00
7.3529e+01 1.2971e+04 1.3256e-03 6.5677e-01 1.2971e+04 1.7194e+01 1.6533e+00
7.3922e+01 1.2966e+04 1.3099e-03 6.5094e-01 1.2966e+04 1.6984e+01 1.6385e+00
7.4314e+01 1.2960e+04 1.2939e-03 6.4495e-01 1.2960e+04 1.6769e+01 1.6232e+00
7.4706e+01 1.2955e+04 1.2774e-03 6.3880e-01 1.2955e+04 1.6548e+01 1.6076e+00
7.5098e+01 1.2949e+04 1.2606e-03 6.3247e-01 1.2949e+04 1.6322e+01 1.5915e+00
7.5490e+01 1.2943e+04 1.2433e-03 6.2597e-01 1.2943e+04 1.6091e+01 1.5749e+00
7.5882e+01 1.2936e+04 1.2256e-03 6.1929e-01 1.2936e+04 1.5855e+01 1.5579e+00
7.6275e+01 1.2930e+04 1.2076e-03 6.1244e-01 1.2930e+04 1.5614e+01 1.5405e+00
7.6667e+01 1.2923e+04 1.1891e-03 6.0540e-01 1.2923e+04 1.5367e+01 1.5226e+00
7.7059e+01 1.2916e+04 1.1702e-03 5.9817e-01 1.2916e+04 1.5114e+01 1.5043e+00
7.7451e+01 1.2909e+04 1.1509e-03 5.9076e-01 1.2909e+04 1.4857e+01 1.4854e+00
7.7843e+01 1.2902e+04 1.1311e-03 5.8315e-01 1.2902e+04 1.4594e+01 1.4661e+00
7.8235e+01 1.2895e+04 1.1110e-03 5.7534e-01 1.2895e+04 1.4326e+01 1.4463e+00
7.8627e+01 1.2887e+04 1.0904e-03 5.6734e-01 1.2887e+04 1.4052e+01 1.4260e+00
7.9020e+01 1.2880e+04 1.0694e-03 5.5913e-01 1.2880e+04 1.3773e+01 1.4052e+00
7.9412e+01 1.2872e+04 1.0479e-03 5.5071e-01 1.2872e+04 1.3488e+01 1.3839e+00
7.9804e+01 1.2864e+04 1.0260e-03 5.4209e-01 1.2864e+04 1.3198e+01 1.3620e+00
8.0196e+01 1.2855e+04 1.0037e-03 5.3325e-01 1.2855e+04 1.2903e+01 1.3396e+00
8.0588e+01 1.2847e+04 9.8088e-04 5.2419e-01 1.2847e+04 1.2601e+01 1.3167e+00
8.0980e+01 1.2838e+04 9.5764e-04 5.1491e-01 1.2838e+04 1.2295e+01 1.2932e+00
8.1373e+01 1.2830e+04 9.3394e-04 5.0540e-01 1.2830e+04 1.1982e+01 1.2691e+00
8.1765e+01 1.2821e+04 9.0978e-04 4.9566e-01 1.2821e+04 1.1664e+01 1.2445e+00
8.2157e+01 1.2812e+04 8.8515e-04 4.8568e-01 1.2812e+04 1.1340e+01 1.2192e+00
8.2549e+01 1.2803e+04 8.6005e-04 4.7547e-01 1.2803e+04 1.1011e+01 1.1934e+00
8.2941e+01 1.2793e+04 8.3446e-04 4.6501e-01 1.2793e+04 1.0675e+01 1.1670e+00
8.3333e+01 1.2784e+04 8.0839e-04 4.5430e-01 1.2784e+04 1.0334e+01 1.1399e+00
8.3725e+01 1.2774e+04 7.8183e-04 4.4333e-01 1.2774e+04 9.9871e+00 1.1122e+00
8.4118e+01 1.2764e+04 7.5477e-04 4.3210e-01 1.2764e+04 9.6340e+00 1.0839e+00
8.4510e+01 1.2754e+04 7.2720e-04 4.2060e-01 1.2754e+04 9.2748e+00 1.0549e+00
8.4902e+01 1.2744e+04 6.9912e-04 4.0883e-01 1.2744e+04 8.9096e+00 1.0252e+00
8.5294e+01 1.2734e+04 6.7052e-04 3.9679e-01 1.2734e+04 8.5381e+00 9.9483e-01
8.5686e+01 1.2723e+04 6.4139e-04 3.8445e-01 1.2723e+04 8.1604e+00 9.6375e-01
8.6078e+01 1.2712e+04 6.1172e-04 3.7183e-01 1.2712e+04 7.7764e+00 9.3195e-01
8.6471e+01 1.2702e+04 5.8151e-04 3.5890e-01 1.2702e+04 7.3860e+00 8.9941e-01
8.6863e+01 1.2691e+04 5.5074e-04 3.4567e-01 1.2691e+04 6.9891e+00 8.6611e-01
8.7255e+01 1.2679e+04 5.1941e-04 3.3213e-01 1.2679e+04 6.5857e+00 8.3204e-01
8.7647e+01 1.2668e+04 4.8750e-04 3.1827e-01 1.2668e+04 6.1757e+00 7.9718e-01
8.8039e+01 1.2656e+04 4.5502e-04 3.0408e-01 1.2656e+04 5.7589e+00 7.6151e-01
8.8431e+01 1.2645e+04 4.2194e-04 2.8956e-01 1.2645e+04 5.3353e+00 7.2502e-01
8.8824e+01 1.2633e+04 3.8826e-04 2.7469e-01 1.2633e+04 4.9048e+00 6.8767e-01
8.9216e+01 1.2621e+04 3.5396e-04 2.5947e-01 1.2621e+04 4.4674e+00 6.4946e-01
8.9608e+01 1.2609e+04 3.1905e-04 2.4389e-01 1.2609e+04 4.0229e+00 6.1036e-01
9.0000e+01 1.2596e+04 2.8352e-04 2.2794e-01 1.2596e+04 3.5714e+00 5.7037e-01
9.0392e+01 1.2584e+04 2.4740e-04 2.1165e-01 1.2584e+04 3.1133e+00 5.2950e-01
9.0784e+01 1.2571e+04 2.1080e-04 1.9504e-01 1.2571e+04 2.6501e+00 4.8788e-01
9.1176e+01 1.2559e+04 1.7400e-04 1.7825e-01 1.2559e+04 2.1852e+00 4.4581e-01
9.1569e+01 1.2546e+04 1.3764e-04 1.6159e-01 1.2546e+04 1.7269e+00 4.0408e-01
9.1961e+01 1.2535e+04 1.0297e-04 1.4565e-01 1.2535e+04 1.2907e+00 3.6420e-01
9.2353e+01 1.2524e+04 7.1795e-05 1.3138e-01 1.2524e+04 8.9919e-01 3.2848e-01
9.2745e+01 1.2516e+04 4.6113e-05 1.1976e-01 1.2516e+04 5.7715e-01 2.9942e-01
9.3137e+01 1.2509e+04 2.7156e-05 1.1138e-01 1.2509e+04 3.3970e-01 2.7845e-01
9.3529e+01 1.2505e+04 1.4745e-05 1.0605e-01 1.2505e+04 1.8439e-01 2.6512e-01
9.3922e+01 1.2503e+04 7.4941e-06 1.0302e-01 1.2503e+04 9.3696e-02 2.5756e-01
9.4314e+01 1.2501e+04 3.6349e-06 1.0145e-01 1.2501e+04 4.5441e-02 2.5363e-01
9.4706e+01 1.2501e+04 1.7124e-06 1.0068e-01 1.2501e+04 2.1405e-02 2.5170e-01
9.5098e+01 1.2500e+04 7.9336e-07 1.0031e-01 1.2500e+04 9.9172e-03 2.5079e-01
9.5490e+01 1.2500e+04 3.6422e-07 1.0014e-01 1.2500e+04 4.5528e-03 2.5036e-01
9.5882e+01 1.2500e+04 1.6634e-07 1.0007e-01 1.2500e+04 2.0793e-03 2.5016e-01
9.6275e+01 1.2500e+04 7.5724e-08 1.0003e-01 1.2500e+04 9.4655e-04 2.5008e-01
9.6667e+01 1.2500e+04 3.4391e-08 1.0001e-01 1.2500e+04 4.2989e-04 2.5003e-01
9.7059e+01 1.2500e+04 1.5590e-08 1.0001e-01 1.2500e+04 1.9487e-04 2.5002e-01
9.7451e+01 1.2500e+04 7.0549e-09 1.0000e-01 1.2500e+04 8.8186e-05 2.5001e-01
9.7843e+01 1.2500e+04 3.1875e-09 1.0000e-01 1.2500e+04 3.9843e-05 2.5000e-01
9.8235e+01 1.2500e+04 1.4381e-09 1.0000e-01 1.2500e+04 1.7976e-05 2.5000e-01
9.8627e+01 1.2500e+04 6.4831e-10 1.0000e-01 1.2500e+04 8.1038e-06 2.5000e-01
9.9020e+01 1.2500e+04 2.9290e-10 1.0000e-01 1.2500e+04 3.6613e-06 2.5000e-01
9.9412e+01 1.2500e+04 1.3430e-10 1.0000e-01 1.2500e+04 1.6787e-06 2.5000e-01
9.9804e+01 1.2500e+04 6.8626e-11 1.0000e-01 1.2500e+04 8.5783e-07 2.5000e-01
