# # x Density Velocity Pressure q0 q1 q2
1.9608e-01 1.0000e+05 3.4236e-18 1.0000e+00 1.0000e+05 3.4236e-13 2.5000e+00
5.8824e-01 1.0000e+05 8.1294e-18 1.0000e+00 1.0000e+05 8.1294e-13 2.5000e+00
9.8039e-01 1.0000e+05 1.4921e-17 1.0000e+00 1.0000e+05 1.4921e-12 2.5000e+00
1.3725e+00 1.0000e+05 2.3842e-17 1.0000e+00 1.0000e+05 2.3842e-12 2.5000e+00
1.7647e+00 1.0000e+05 3.5929e-17 1.0000e+00 1.0000e+05 3.5929e-12 2.5000e+00
2.1569e+00 1.0000e+05 5.3553e-17 1.0000e+00 1.0000e+05 5.3553e-12 2.5000e+00
2.5490e+00 1.0000e+05 7.9110e-17 1.0000e+00 1.0000e+05 7.9110e-12 2.5000e+00
2.9412e+00 1.0000e+05 1.1769e-16 1.0000e+00 1.0000e+05 1.1769e-11 2.5000e+00
3.3333e+00 1.0000e+05 1.7737e-16 1.0000e+00 1.0000e+05 1.7737e-11 2.5000e+00
3.7255e+00 1.0000e+05 2.7002e-16 1.0000e+00 1.0000e+05 2.7002e-11 2.5000e+00
4.1176e+00 1.0000e+05 4.1445e-16 1.0000e+00 1.0000e+05 4.1445e-11 2.5000e+00
4.5098e+00 1.0000e+05 6.3959e-16 1.0000e+00 1.0000e+05 6.3959e-11 2.5000e+00
4.9020e+00 1.0000e+05 9.9013e-16 1.0000e+00 1.0000e+05 9.9013e-11 2.5000e+00
5.2941e+00 1.0000e+05 1.5347e-15 1.0000e+00 1.0000e+05 1.5347e-10 2.5000e+00
5.6863e+00 1.0000e+05 2.3776e-15 1.0000e+00 1.0000e+05 2.3776e-10 2.5000e+00
6.0784e+00 1.0000e+05 3.6766e-15 1.0000e+00 1.0000e+05 3.6766e-10 2.5000e+00
6.4706e+00 1.0000e+05 5.6704e-15 1.0000e+00 1.0000e+05 5.6704e-10 2.5000e+00
6.8627e+00 1.0000e+05 8.7183e-15 1.0000e+00 1.0000e+05 8.7183e-10 2.5000e+00
7.2549e+00 1.0000e+05 1.3360e-14 1.0000e+00 1.0000e+05 1.3360e-09 2.5000e+00
7.6471e+00 1.0000e+05 2.0401e-14 1.0000e+00 1.0000e+05 2.0401e-09 2.5000e+00
8.0392e+00 1.0000e+05 3.1041e-14 1.0000e+00 1.0000e+05 3.1041e-09 2.5000e+00
8.4314e+00 1.0000e+05 4.7055e-14 1.0000e+00 1.0000e+05 4.7055e-09 2.5000e+00
8.8235e+00 1.0000e+05 7.1064e-14 1.0000e+00 1.0000e+05 7.1064e-09 2.5000e+00
9.2157e+00 1.0000e+05 1.0692e-13 1.0000e+00 1.0000e+05 1.0692e-08 2.5000e+00
9.6078e+00 1.0000e+05 1.6025e-13 1.0000e+00 1.0000e+05 1.6025e-08 2.5000e+00
1.0000e+01 1.0000e+05 2.3927e-13 1.0000e+00 1.0000e+05 2.3927e-08 2.5000e+00
1.0392e+01 1.0000e+05 3.5590e-13 1.0000e+00 1.0000e+05 3.5590e-08 2.5000e+00
1.0784e+01 1.0000e+05 5.2736e-13 1.0000e+00 1.0000e+05 5.2736e-08 2.5000e+00
1.1176e+01 1.0000e+05 7.7844e-13 1.0000e+00 1.0000e+05 7.7844e-08 2.5000e+00
1.1569e+01 1.0000e+05 1.1446e-12 1.0000e+00 1.0000e+05 1.1446e-07 2.5000e+00
1.1961e+01 1.0000e+05 1.6767e-12 1.0000e+00 1.0000e+05 1.6767e-07 2.5000e+00
1.2353e+01 1.0000e+05 2.4465e-12 1.0000e+00 1.0000e+05 2.4465e-07 2.5000e+00
1.2745e+01 1.0000e+05 3.5562e-12 1.0000e+00 1.0000e+05 3.5562e-07 2.5000e+00
1.3137e+01 1.0000e+05 5.1492e-12 1.0000e+00 1.0000e+05 5.1492e-07 2.5000e+00
1.3529e+01 1.0000e+05 7.4271e-12 1.0000e+00 1.0000e+05 7.4271e-07 2.5000e+00
1.3922e+01 1.0000e+05 1.0671e-11 1.0000e+00 1.0000e+05 1.0671e-06 2.5000e+00
1.4314e+01 1.0000e+05 1.5274e-11 1.0000e+00 1.0000e+05 1.5274e-06 2.5000e+00
1.4706e+01 1.0000e+05 2.1777e-11 1.0000e+00 1.0000e+05 2.1777e-06 2.5000e+00
1.5098e+01 1.0000e+05 3.0928e-11 1.0000e+00 1.0000e+05 3.0928e-06 2.5000e+00
1.5490e+01 1.0000e+05 4.3755e-11 1.0000e+00 1.0000e+05 4.3755e-06 2.5000e+00
1.5882e+01 1.0000e+05 6.1663e-11 1.0000e+00 1.0000e+05 6.1663e-06 2.5000e+00
1.6275e+01 1.0000e+05 8.6564e-11 1.0000e+00 1.0000e+05 8.6564e-06 2.5000e+00
1.6667e+01 1.0000e+05 1.2105e-10 1.0000e+00 1.0000e+05 1.2105e-05 2.5000e+00
1.7059e+01 1.0000e+05 1.6862e-10 1.0000e+00 1.0000e+05 1.6862e-05 2.5000e+00
1.7451e+01 1.0000e+05 2.3397e-10 1.0000e+00 1.0000e+05 2.3397e-05 2.5000e+00
1.7843e+01 1.0000e+05 3.2339e-10 1.0000e+00 1.0000e+05 3.2339e-05 2.5000e+00
1.8235e+01 1.0000e+05 4.4524e-10 1.0000e+00 1.0000e+05 4.4524e-05 2.5000e+00
1.8627e+01 1.0000e+05 6.1064e-10 1.0000e+00 1.0000e+05 6.1064e-05 2.5000e+00
1.9020e+01 1.0000e+05 8.3422e-10 1.0000e+00 1.0000e+05 8.3422e-05 2.5000e+00
1.9412e+01 1.0000e+05 1.1352e-09 1.0000e+00 1.0000e+05 1.1352e-04 2.5000e+00
1.9804e+01 1.0000e+05 1.5389e-09 1.0000e+00 1.0000e+05 1.5389e-04 2.5000e+00
2.0196e+01 1.0000e+05 2.0780e-09 1.0000e+00 1.0000e+05 2.0780e-04 2.5000e+00
2.0588e+01 1.0000e+05 2.7950e-09 9.9999e-01 1.0000e+05 2.7950e-04 2.5000e+00
2.0980e+01 1.0000e+05 3.7448e-09 9.9999e-01 1.0000e+05 3.7448e-04 2.5000e+00
2.1373e+01 1.0000e+05 4.9980e-09 9.9999e-01 1.0000e+05 4.9980e-04 2.5000e+00
2.1765e+01 1.0000e+05 6.6446e-09 9.9999e-01 1.0000e+05 6.6446e-04 2.5000e+00
2.2157e+01 1.0000e+05 8.7994e-09 9.9998e-01 1.0000e+05 8.7993e-04 2.5000e+00
2.2549e+01 1.0000e+05 1.1608e-08 9.9998e-01 1.0000e+05 1.1608e-03 2.4999e+00
2.2941e+01 1.0000e+05 1.5253e-08 9.9997e-01 1.0000e+05 1.5253e-03 2.4999e+00
2.3333e+01 1.0000e+05 1.9966e-08 9.9996e-01 1.0000e+05 1.9966e-03 2.4999e+00
2.3725e+01 1.0000e+05 2.6033e-08 9.9995e-01 1.0000e+05 2.6033e-03 2.4999e+00
2.4118e+01 1.0000e+05 3.3813e-08 9.9994e-01 1.0000e+05 3.3813e-03 2.4999e+00
2.4510e+01 1.0000e+05 4.3748e-08 9.9992e-01 1.0000e+05 4.3748e-03 2.4998e+00
2.4902e+01 1.0000e+05 5.6385e-08 9.9990e-01 1.0000e+05 5.6384e-03 2.4998e+00
2.5294e+01 1.0000e+05 7.2390e-08 9.9988e-01 1.0000e+05 7.2390e-03 2.4997e+00
2.5686e+01 9.9999e+04 9.2582e-08 9.9985e-01 9.9999e+04 9.2581e-03 2.4996e+00
2.6078e+01 9.9999e+04 1.1795e-07 9.9981e-01 9.9999e+04 1.1795e-02 2.4995e+00
2.6471e+01 9.9999e+04 1.4969e-07 9.9976e-01 9.9999e+04 1.4969e-02 2.4994e+00
2.6863e+01 9.9999e+04 1.8925e-07 9.9970e-01 9.9999e+04 1.8924e-02 2.4992e+00
2.7255e+01 9.9998e+04 2.3834e-07 9.9962e-01 9.9998e+04 2.3833e-02 2.4991e+00
2.7647e+01 9.9998e+04 2.9902e-07 9.9953e-01 9.9998e+04 2.9901e-02 2.4988e+00
2.8039e+01 9.9998e+04 3.7372e-07 9.9943e-01 9.9998e+04 3.7371e-02 2.4986e+00
2.8431e+01 9.9997e+04 4.6530e-07 9.9930e-01 9.9997e+04 4.6529e-02 2.4982e+00
2.8824e+01 9.9996e+04 5.7713e-07 9.9914e-01 9.9996e+04 5.7711e-02 2.4978e+00
2.9216e+01 9.9995e+04 7.1313e-07 9.9895e-01 9.9995e+04 7.1310e-02 2.4974e+00
2.9608e+01 9.9994e+04 8.7785e-07 9.9872e-01 9.9994e+04 8.7780e-02 2.4968e+00
3.0000e+01 9.9993e+04 1.0766e-06 9.9846e-01 9.9993e+04 1.0765e-01 2.4961e+00
3.0392e+01 9.9991e+04 1.3153e-06 9.9814e-01 9.9991e+04 1.3152e-01 2.4954e+00
3.0784e+01 9.9989e+04 1.6009e-06 9.9777e-01 9.9989e+04 1.6008e-01 2.4944e+00
3.1176e+01 9.9986e+04 1.9414e-06 9.9733e-01 9.9986e+04 1.9411e-01 2.4933e+00
3.1569e+01 9.9983e+04 2.3455e-06 9.9682e-01 9.9983e+04 2.3451e-01 2.4921e+00
3.1961e+01 9.9979e+04 2.8232e-06 9.9623e-01 9.9979e+04 2.8226e-01 2.4906e+00
3.2353e+01 9.9975e+04 3.3858e-06 9.9555e-01 9.9975e+04 3.3849e-01 2.4889e+00
3.2745e+01 9.9969e+04 4.0456e-06 9.9476e-01 9.9969e+04 4.0444e-01 2.4869e+00
3.3137e+01 9.9963e+04 4.8164e-06 9.9386e-01 9.9963e+04 4.8146e-01 2.4846e+00
3.3529e+01 9.9956e+04 5.7132e-06 9.9283e-01 9.9956e+04 5.7107e-01 2.4821e+00
3.3922e+01 9.9947e+04 6.7527e-06 9.9165e-01 9.9947e+04 6.7491e-01 2.4791e+00
3.4314e+01 9.9937e+04 7.9526e-06 9.9032e-01 9.9937e+04 7.9476e-01 2.4758e+00
3.4706e+01 9.9925e+04 9.3326e-06 9.8882e-01 9.9925e+04 9.3255e-01 2.4721e+00
3.5098e+01 9.9911e+04 1.0913e-05 9.8714e-01 9.9911e+04 1.0903e+00 2.4678e+00
3.5490e+01 9.9894e+04 1.2717e-05 9.8525e-01 9.9894e+04 1.2703e+00 2.4631e+00
3.5882e+01 9.9876e+04 1.4767e-05 9.8315e-01 9.9876e+04 1.4749e+00 2.4579e+00
3.6275e+01 9.9854e+04 1.7088e-05 9.8082e-01 9.9854e+04 1.7063e+00 2.4521e+00
3.6667e+01 9.9829e+04 1.9707e-05 9.7825e-01 9.9829e+04 1.9673e+00 2.4456e+00
3.7059e+01 9.9801e+04 2.2650e-05 9.7542e-01 9.9801e+04 2.2605e+00 2.4386e+00
3.7451e+01 9.9769e+04 2.5945e-05 9.7232e-01 9.9769e+04 2.5884e+00 2.4308e+00
3.7843e+01 9.9732e+04 2.9620e-05 9.6893e-01 9.9732e+04 2.9540e+00 2.4224e+00
3.8235e+01 9.9690e+04 3.3704e-05 9.6526e-01 9.9690e+04 3.3599e+00 2.4132e+00
3.8627e+01 9.9644e+04 3.8226e-05 9.6128e-01 9.9644e+04 3.8090e+00 2.4033e+00
3.9020e+01 9.9591e+04 4.3215e-05 9.5700e-01 9.9591e+04 4.3038e+00 2.3926e+00
3.9412e+01 9.9532e+04 4.8699e-05 9.5239e-01 9.9532e+04 4.8471e+00 2.3811e+00
3.9804e+01 9.9467e+04 5.4706e-05 9.4748e-01 9.9467e+04 5.4415e+00 2.3688e+00
4.0196e+01 9.9394e+04 6.1263e-05 9.4224e-01 9.9394e+04 6.0892e+00 2.3558e+00
4.0588e+01 9.9313e+04 6.8395e-05 9.3669e-01 9.9313e+04 6.7925e+00 2.3419e+00
4.0980e+01 9.9223e+04 7.6126e-05 9.3082e-01 9.9223e+04 7.5534e+00 2.3273e+00
4.1373e+01 9.9125e+04 8.4476e-05 9.2465e-01 9.9125e+04 8.3737e+00 2.3120e+00
4.1765e+01 9.9017e+04 9.3465e-05 9.1819e-01 9.9017e+04 9.2546e+00 2.2959e+00
4.2157e+01 9.8898e+04 1.0311e-04 9.1144e-01 9.8898e+04 1.0197e+01 2.2791e+00
4.2549e+01 9.8769e+04 1.1342e-04 9.0442e-01 9.8769e+04 1.1203e+01 2.2617e+00
4.2941e+01 9.8629e+04 1.2442e-04 8.9716e-01 9.8629e+04 1.2271e+01 2.2437e+00
4.3333e+01 9.8477e+04 1.3608e-04 8.8966e-01 9.8477e+04 1.3401e+01 2.2251e+00
4.3725e+01 9.8314e+04 1.4848e-04 8.8198e-01 9.8314e+04 1.4598e+01 2.2060e+00
4.4118e+01 9.8133e+04 1.6138e-04 8.7405e-01 9.8133e+04 1.5836e+01 2.1864e+00
4.4510e+01 9.7957e+04 1.7559e-04 8.6620e-01 9.7957e+04 1.7201e+01 2.1670e+00
4.4902e+01 9.7713e+04 1.8853e-04 8.5755e-01 9.7713e+04 1.8422e+01 2.1456e+00
4.5294e+01 9.7605e+04 2.0749e-04 8.5064e-01 9.7605e+04 2.0252e+01 2.1287e+00
4.5686e+01 9.7109e+04 2.1366e-04 8.3910e-01 9.7109e+04 2.0748e+01 2.1000e+00
4.6078e+01 9.7438e+04 2.5039e-04 8.3768e-01 9.7438e+04 2.4398e+01 2.0972e+00
4.6471e+01 9.6094e+04 2.2849e-04 8.1635e-01 9.6094e+04 2.1957e+01 2.0434e+00
4.6863e+01 9.7566e+04 3.0755e-04 8.2863e-01 9.7566e+04 3.0006e+01 2.0762e+00
4.7255e+01 9.4976e+04 2.4397e-04 7.9342e-01 9.4976e+04 2.3171e+01 1.9864e+00
4.7647e+01 9.7017e+04 3.4479e-04 8.1232e-01 9.7017e+04 3.3451e+01 2.0366e+00
4.8039e+01 9.5048e+04 3.0736e-04 7.8588e-01 9.5048e+04 2.9214e+01 1.9692e+00
4.8431e+01 9.5282e+04 3.4636e-04 7.8436e-01 9.5282e+04 3.3002e+01 1.9666e+00
4.8824e+01 9.5529e+04 3.6361e-04 7.7588e-01 9.5529e+04 3.4735e+01 1.9460e+00
4.9216e+01 8.9193e+04 3.9773e-04 7.7307e-01 8.9193e+04 3.5475e+01 1.9397e+00
4.9608e+01 1.2247e+05 3.9755e-04 7.5811e-01 1.2247e+05 4.8686e+01 1.9049e+00
5.0000e+01 4.2012e+04 4.1275e-04 7.5357e-01 4.2012e+04 1.7341e+01 1.8875e+00
5.0392e+01 1.4534e+04 4.2720e-04 7.5032e-01 1.4534e+04 6.2088e+00 1.8771e+00
5.0784e+01 9.3614e+03 5.1400e-04 7.5162e-01 9.3614e+03 4.8117e+00 1.8803e+00
5.1176e+01 9.2460e+03 6.4971e-04 7.5371e-01 9.2460e+03 6.0072e+00 1.8862e+00
5.1569e+01 9.6391e+03 6.9210e-04 7.4777e-01 9.6391e+03 6.6712e+00 1.8717e+00
5.1961e+01 1.0254e+04 7.5720e-04 7.4566e-01 1.0254e+04 7.7643e+00 1.8671e+00
5.2353e+01 1.0717e+04 8.8035e-04 7.5137e-01 1.0717e+04 9.4348e+00 1.8826e+00
5.2745e+01 1.1144e+04 9.7282e-04 7.5511e-01 1.1144e+04 1.0841e+01 1.8931e+00
5.3137e+01 1.1325e+04 9.8333e-04 7.5102e-01 1.1325e+04 1.1137e+01 1.8830e+00
5.3529e+01 1.1480e+04 9.7249e-04 7.4520e-01 1.1480e+04 1.1165e+01 1.8684e+00
5.3922e+01 1.1617e+04 1.0058e-03 7.4479e-01 1.1617e+04 1.1684e+01 1.8679e+00
5.4314e+01 1.1817e+04 1.0860e-03 7.5002e-01 1.1817e+04 1.2832e+01 1.8820e+00
5.4706e+01 1.1982e+04 1.1652e-03 7.5563e-01 1.1982e+04 1.3962e+01 1.8972e+00
5.5098e+01 1.2100e+04 1.2064e-03 7.5730e-01 1.2100e+04 1.4598e+01 1.9021e+00
5.5490e+01 1.2146e+04 1.2059e-03 7.5447e-01 1.2146e+04 1.4647e+01 1.8950e+00
5.5882e+01 1.2173e+04 1.1887e-03 7.4923e-01 1.2173e+04 1.4470e+01 1.8817e+00
5.6275e+01 1.2221e+04 1.1935e-03 7.4660e-01 1.2221e+04 1.4586e+01 1.8752e+00
5.6667e+01 1.2331e+04 1.2490e-03 7.5012e-01 1.2331e+04 1.5402e+01 1.8849e+00
5.7059e+01 1.2486e+04 1.3442e-03 7.5853e-01 1.2486e+04 1.6783e+01 1.9076e+00
5.7451e+01 1.2653e+04 1.4493e-03 7.6847e-01 1.2653e+04 1.8337e+01 1.9345e+00
5.7843e+01 1.2794e+04 1.5385e-03 7.7689e-01 1.2794e+04 1.9684e+01 1.9574e+00
5.8235e+01 1.2896e+04 1.5997e-03 7.8223e-01 1.2896e+04 2.0629e+01 1.9721e+00
5.8627e+01 1.2957e+04 1.6333e-03 7.8444e-01 1.2957e+04 2.1162e+01 1.9784e+00
5.9020e+01 1.2988e+04 1.6472e-03 7.8439e-01 1.2988e+04 2.1394e+01 1.9786e+00
5.9412e+01 1.3003e+04 1.6501e-03 7.8311e-01 1.3003e+04 2.1457e+01 1.9755e+00
5.9804e+01 1.3010e+04 1.6487e-03 7.8135e-01 1.3010e+04 2.1450e+01 1.9711e+00
6.0196e+01 1.3015e+04 1.6458e-03 7.7945e-01 1.3015e+04 2.1420e+01 1.9662e+00
6.0588e+01 1.3019e+04 1.6423e-03 7.7746e-01 1.3019e+04 2.1382e+01 1.9612e+00
6.0980e+01 1.3023e+04 1.6385e-03 7.7539e-01 1.3023e+04 2.1337e+01 1.9560e+00
6.1373e+01 1.3026e+04 1.6342e-03 7.7325e-01 1.3026e+04 2.1287e+01 1.9505e+00
6.1765e+01 1.3028e+04 1.6297e-03 7.7103e-01 1.3028e+04 2.1232e+01 1.9449e+00
6.2157e+01 1.3031e+04 1.6248e-03 7.6875e-01 1.3031e+04 2.1172e+01 1.9391e+00
6.2549e+01 1.3032e+04 1.6195e-03 7.6638e-01 1.3032e+04 2.1106e+01 1.9330e+00
6.2941e+01 1.3034e+04 1.6139e-03 7.6394e-01 1.3034e+04 2.1036e+01 1.9268e+00
6.3333e+01 1.3035e+04 1.6080e-03 7.6142e-01 1.3035e+04 2.0961e+01 1.9204e+00
6.3725e+01 1.3036e+04 1.6018e-03 7.5882e-01 1.3036e+04 2.0881e+01 1.9138e+00
6.4118e+01 1.3037e+04 1.5952e-03 7.5613e-01 1.3037e+04 2.0796e+01 1.9069e+00
6.4510e+01 1.3037e+04 1.5883e-03 7.5336e-01 1.3037e+04 2.0707e+01 1.8998e+00
6.4902e+01 1.3037e+04 1.5811e-03 7.5050e-01 1.3037e+04 2.0613e+01 1.8925e+00
6.5294e+01 1.3037e+04 1.5735e-03 7.4754e-01 1.3037e+04 2.0514e+01 1.8850e+00
6.5686e+01 1.3036e+04 1.5657e-03 7.4450e-01 1.3036e+04 2.0410e+01 1.8772e+00
6.6078e+01 1.3035e+04 1.5574e-03 7.4135e-01 1.3035e+04 2.0302e+01 1.8692e+00
6.6471e+01 1.3034e+04 1.5489e-03 7.3811e-01 1.3034e+04 2.0189e+01 1.8609e+00
6.6863e+01 1.3033e+04 1.5400e-03 7.3476e-01 1.3033e+04 2.0071e+01 1.8524e+00
6.7255e+01 1.3031e+04 1.5308e-03 7.3131e-01 1.3031e+04 1.9948e+01 1.8435e+00
6.7647e+01 1.3029e+04 1.5212e-03 7.2775e-01 1.3029e+04 1.9821e+01 1.8344e+00
6.8039e+01 1.3027e+04 1.5113e-03 7.2408e-01 1.3027e+04 1.9688e+01 1.8251e+00
6.8431e+01 1.3025e+04 1.5010e-03 7.2029e-01 1.3025e+04 1.9551e+01 1.8154e+00
6.8824e+01 1.3023e+04 1.4904e-03 7.1639e-01 1.3023e+04 1.9409e+01 1.8054e+00
6.9216e+01 1.3020e+04 1.4795e-03 7.1236e-01 1.3020e+04 1.9263e+01 1.7952e+00
6.9608e+01 1.3017e+04 1.4682e-03 7.0822e-01 1.3017e+04 1.9111e+01 1.7846e+00
7.0000e+01 1.3014e+04 1.4565e-03 7.0394e-01 1.3014e+04 1.8954e+01 1.7737e+00
7.0392e+01 1.3010e+04 1.4445e-03 6.9954e-01 1.3010e+04 1.8793e+01 1.7624e+00
7.0784e+01 1.3007e+04 1.4321e-03 6.9500e-01 1.3007e+04 1.8626e+01 1.7508e+00
7.1176e+01 1.3003e+04 1.4193e-03 6.9033e-01 1.3003e+04 1.8455e+01 1.7389e+00
7.1569e+01 1.2999e+04 1.4062e-03 6.8552e-01 1.2999e+04 1.8279e+01 1.7267e+00
7.1961e+01 1.2994e+04 1.3927e-03 6.8057e-01 1.2994e+04 1.8097e+01 1.7140e+00
7.2353e+01 1.2990e+04 1.3788e-03 6.7547e-01 1.2990e+04 1.7911e+01 1.7010e+00
7.2745e+01 1.2985e+04 1.3646e-03 6.7022e-01 1.2985e+04 1.7719e+01 1.6877e+00
7.3137e+01 1.2980e+04 1.3499e-03 6.6483e-01 1.2980e+04 1.7523e+01 1.6739e+00
7.3529e+01 1.2975e+04 1.3349e-03 6.5928e-01 1.2975e+04 1.7321e+01 1.6598e+00
7.3922e+01 1.2970e+04 1.3195e-03 6.5357e-01 1.2970e+04 1.7114e+01 1.6452e+00
7.4314e+01 1.2965e+04 1.3037e-03 6.4770e-01 1.2965e+04 1.6902e+01 1.6303e+00
7.4706e+01 1.2959e+04 1.2875e-03 6.4166e-01 1.2959e+04 1.6685e+01 1.6149e+00
7.5098e+01 1.2953e+04 1.2710e-03 6.3546e-01 1.2953e+04 1.6463e+01 1.5991e+00
7.5490e+01 1.2947e+04 1.2540e-03 6.2909e-01 1.2947e+04 1.6236e+01 1.5829e+00
7.5882e+01 1.2941e+04 1.2366e-03 6.2255e-01 1.2941e+04 1.6003e+01 1.5663e+00
7.6275e+01 1.2935e+04 1.2188e-03 6.1583e-01 1.2935e+04 1.5765e+01 1.5492e+00
7.6667e+01 1.2928e+04 1.2006e-03 6.0893e-01 1.2928e+04 1.5522e+01 1.5316e+00
7.7059e+01 1.2921e+04 1.1820e-03 6.0185e-01 1.2921e+04 1.5274e+01 1.5136e+00
7.7451e+01 1.2915e+04 1.1630e-03 5.9458e-01 1.2915e+04 1.5020e+01 1.4952e+00
7.7843e+01 1.2907e+04 1.1436e-03 5.8712e-01 1.2907e+04 1.4761e+01 1.4762e+00
7.8235e+01 1.2900e+04 1.1238e-03 5.7947e-01 1.2900e+04 1.4497e+01 1.4568e+00
7.8627e+01 1.2893e+04 1.1035e-03 5.7163e-01 1.2893e+04 1.4227e+01 1.4369e+00
7.9020e+01 1.2885e+04 1.0828e-03 5.6358e-01 1.2885e+04 1.3952e+01 1.4165e+00
7.9412e+01 1.2877e+04 1.0617e-03 5.5533e-01 1.2877e+04 1.3672e+01 1.3956e+00
7.9804e+01 1.2870e+04 1.0401e-03 5.4688e-01 1.2870e+04 1.3386e+01 1.3742e+00
8.0196e+01 1.2861e+04 1.0181e-03 5.3822e-01 1.2861e+04 1.3095e+01 1.3522e+00
8.0588e+01 1.2853e+04 9.9571e-04 5.2934e-01 1.2853e+04 1.2798e+01 1.3297e+00
8.0980e+01 1.2845e+04 9.7283e-04 5.2024e-01 1.2845e+04 1.2496e+01 1.3067e+00
8.1373e+01 1.2836e+04 9.4950e-04 5.1092e-01 1.2836e+04 1.2188e+01 1.2831e+00
8.1765e+01 1.2827e+04 9.2571e-04 5.0138e-01 1.2827e+04 1.1874e+01 1.2589e+00
8.2157e+01 1.2818e+04 9.0146e-04 4.9160e-01 1.2818e+04 1.1555e+01 1.2342e+00
8.2549e+01 1.2809e+04 8.7675e-04 4.8159e-01 1.2809e+04 1.1231e+01 1.2089e+00
8.2941e+01 1.2800e+04 8.5156e-04 4.7135e-01 1.2800e+04 1.0900e+01 1.1830e+00
8.3333e+01 1.2791e+04 8.2590e-04 4.6085e-01 1.2791e+04 1.0564e+01 1.1565e+00
8.3725e+01 1.2781e+04 7.9975e-04 4.5011e-01 1.2781e+04 1.0222e+01 1.1294e+00
8.4118e+01 1.2771e+04 7.7311e-04 4.3911e-01 1.2771e+04 9.8736e+00 1.1016e+00
8.4510e+01 1.2761e+04 7.4597e-04 4.2785e-01 1.2761e+04 9.5197e+00 1.0732e+00
8.4902e+01 1.2751e+04 7.1833e-04 4.1632e-01 1.2751e+04 9.1597e+00 1.0441e+00
8.5294e+01 1.2741e+04 6.9018e-04 4.0452e-01 1.2741e+04 8.7937e+00 1.0143e+00
8.5686e+01 1.2731e+04 6.6151e-04 3.9245e-01 1.2731e+04 8.4215e+00 9.8390e-01
8.6078e+01 1.2720e+04 6.3231e-04 3.8009e-01 1.2720e+04 8.0431e+00 9.5276e-01
8.6471e+01 1.2710e+04 6.0258e-04 3.6744e-01 1.2710e+04 7.6585e+00 9.2090e-01
8.6863e+01 1.2699e+04 5.7230e-04 3.5449e-01 1.2699e+04 7.2675e+00 8.8830e-01
8.7255e+01 1.2688e+04 5.4148e-04 3.4124e-01 1.2688e+04 6.8700e+00 8.5495e-01
8.7647e+01 1.2676e+04 5.1009e-04 3.2767e-01 1.2676e+04 6.4661e+00 8.2083e-01
8.8039e+01 1.2665e+04 4.7813e-04 3.1379e-01 1.2665e+04 6.0555e+00 7.8593e-01
8.8431e+01 1.2653e+04 4.4560e-04 2.9958e-01 1.2653e+04 5.6383e+00 7.5021e-01
8.8824e+01 1.2642e+04 4.1247e-04 2.8504e-01 1.2642e+04 5.2143e+00 7.1368e-01
8.9216e+01 1.2630e+04 3.7875e-04 2.7016e-01 1.2630e+04 4.7835e+00 6.7630e-01
8.9608e+01 1.2618e+04 3.4441e-04 2.5492e-01 1.2618e+04 4.3458e+00 6.3806e-01
9.0000e+01 1.2606e+04 3.0947e-04 2.3933e-01 1.2606e+04 3.9010e+00 5.9894e-01
9.0392e+01 1.2593e+04 2.7391e-04 2.2339e-01 1.2593e+04 3.4494e+00 5.5894e-01
9.0784e+01 1.2581e+04 2.3779e-04 2.0709e-01 1.2581e+04 2.9916e+00 5.1809e-01
9.1176e+01 1.2568e+04 2.0124e-04 1.9052e-01 1.2568e+04 2.5292e+00 4.7655e-01
9.1569e+01 1.2556e+04 1.6461e-04 1.7382e-01 1.2556e+04 2.0667e+00 4.3471e-01
9.1961e+01 1.2544e+04 1.2866e-04 1.5736e-01 1.2544e+04 1.6139e+00 3.9349e-01
9.2353e+01 1.2532e+04 9.4784e-05 1.4182e-01 1.2532e+04 1.1878e+00 3.5462e-01
9.2745e+01 1.2522e+04 6.4888e-05 1.2819e-01 1.2522e+04 8.1254e-01 3.2050e-01
9.3137e+01 1.2514e+04 4.0850e-05 1.1738e-01 1.2514e+04 5.1120e-01 2.9347e-01
9.3529e+01 1.2508e+04 2.3593e-05 1.0982e-01 1.2508e+04 2.9511e-01 2.7454e-01
9.3922e+01 1.2504e+04 1.2604e-05 1.0514e-01 1.2504e+04 1.5760e-01 2.6284e-01
9.4314e+01 1.2502e+04 6.3315e-06 1.0254e-01 1.2502e+04 7.9158e-02 2.5636e-01
9.4706e+01 1.2501e+04 3.0494e-06 1.0121e-01 1.2501e+04 3.8121e-02 2.5303e-01
9.5098e+01 1.2501e+04 1.4315e-06 1.0057e-01 1.2501e+04 1.7895e-02 2.5142e-01
9.5490e+01 1.2500e+04 6.6239e-07 1.0026e-01 1.2500e+04 8.2800e-03 2.5066e-01
9.5882e+01 1.2500e+04 3.0406e-07 1.0012e-01 1.2500e+04 3.8008e-03 2.5030e-01
9.6275e+01 1.2500e+04 1.3894e-07 1.0006e-01 1.2500e+04 1.7367e-03 2.5014e-01
9.6667e+01 1.2500e+04 6.3299e-08 1.0003e-01 1.2500e+04 7.9124e-04 2.5006e-01
9.7059e+01 1.2500e+04 2.8775e-08 1.0001e-01 1.2500e+04 3.5969e-04 2.5003e-01
9.7451e+01 1.2500e+04 1.3057e-08 1.0001e-01 1.2500e+04 1.6322e-04 2.5001e-01
9.7843e+01 1.2500e+04 5.9153e-09 1.0000e-01 1.2500e+04 7.3941e-05 2.5001e-01
9.8235e+01 1.2500e+04 2.6759e-09 1.0000e-01 1.2500e+04 3.3449e-05 2.5000e-01
9.8627e+01 1.2500e+04 1.2096e-09 1.0000e-01 1.2500e+04 1.5120e-05 2.5000e-01
9.9020e+01 1.2500e+04 5.4801e-10 1.0000e-01 1.2500e+04 6.8501e-06 2.5000e-01
9.9412e+01 1.2500e+04 2.5199e-10 1.0000e-01 1.2500e+04 3.1499e-06 2.5000e-01
9.9804e+01 1.2500e+04 1.2920e-10 1.0000e-01 1.2500e+04 1.6151e-06 2.5000e-01
