# # x Density Velocity Pressure q0 q1 q2
1.9608e-01 1.0000e+05 3.7053e-18 1.0000e+00 1.0000e+05 3.7053e-13 2.5000e+00
5.8824e-01 1.0000e+05 8.5617e-18 1.0000e+00 1.0000e+05 8.5617e-13 2.5000e+00
9.8039e-01 1.0000e+05 1.5505e-17 1.0000e+00 1.0000e+05 1.5505e-12 2.5000e+00
1.3725e+00 1.0000e+05 2.4592e-17 1.0000e+00 1.0000e+05 2.4592e-12 2.5000e+00
1.7647e+00 1.0000e+05 3.6976e-17 1.0000e+00 1.0000e+05 3.6976e-12 2.5000e+00
2.1569e+00 1.0000e+05 5.5075e-17 1.0000e+00 1.0000e+05 5.5075e-12 2.5000e+00
2.5490e+00 1.0000e+05 8.1311e-17 1.0000e+00 1.0000e+05 8.1311e-12 2.5000e+00
2.9412e+00 1.0000e+05 1.2106e-16 1.0000e+00 1.0000e+05 1.2106e-11 2.5000e+00
3.3333e+00 1.0000e+05 1.8257e-16 1.0000e+00 1.0000e+05 1.8257e-11 2.5000e+00
3.7255e+00 1.0000e+05 2.7805e-16 1.0000e+00 1.0000e+05 2.7805e-11 2.5000e+00
4.1176e+00 1.0000e+05 4.2687e-16 1.0000e+00 1.0000e+05 4.2687e-11 2.5000e+00
4.5098e+00 1.0000e+05 6.5877e-16 1.0000e+00 1.0000e+05 6.5877e-11 2.5000e+00
4.9020e+00 1.0000e+05 1.0197e-15 1.0000e+00 1.0000e+05 1.0197e-10 2.5000e+00
5.2941e+00 1.0000e+05 1.5802e-15 1.0000e+00 1.0000e+05 1.5802e-10 2.5000e+00
5.6863e+00 1.0000e+05 2.4472e-15 1.0000e+00 1.0000e+05 2.4472e-10 2.5000e+00
6.0784e+00 1.0000e+05 3.7828e-15 1.0000e+00 1.0000e+05 3.7828e-10 2.5000e+00
6.4706e+00 1.0000e+05 5.8317e-15 1.0000e+00 1.0000e+05 5.8317e-10 2.5000e+00
6.8627e+00 1.0000e+05 8.9625e-15 1.0000e+00 1.0000e+05 8.9625e-10 2.5000e+00
7.2549e+00 1.0000e+05 1.3728e-14 1.0000e+00 1.0000e+05 1.3728e-09 2.5000e+00
7.6471e+00 1.0000e+05 2.0954e-14 1.0000e+00 1.0000e+05 2.0954e-09 2.5000e+00
8.0392e+00 1.0000e+05 3.1867e-14 1.0000e+00 1.0000e+05 3.1867e-09 2.5000e+00
8.4314e+00 1.0000e+05 4.8286e-14 1.0000e+00 1.0000e+05 4.8286e-09 2.5000e+00
8.8235e+00 1.0000e+05 7.2890e-14 1.0000e+00 1.0000e+05 7.2890e-09 2.5000e+00
9.2157e+00 1.0000e+05 1.0961e-13 1.0000e+00 1.0000e+05 1.0961e-08 2.5000e+00
9.6078e+00 1.0000e+05 1.6422e-13 1.0000e+00 1.0000e+05 1.6422e-08 2.5000e+00
1.0000e+01 1.0000e+05 2.4509e-13 1.0000e+00 1.0000e+05 2.4509e-08 2.5000e+00
1.0392e+01 1.0000e+05 3.6440e-13 1.0000e+00 1.0000e+05 3.6440e-08 2.5000e+00
1.0784e+01 1.0000e+05 5.3972e-13 1.0000e+00 1.0000e+05 5.3972e-08 2.5000e+00
1.1176e+01 1.0000e+05 7.9633e-13 1.0000e+00 1.0000e+05 7.9633e-08 2.5000e+00
1.1569e+01 1.0000e+05 1.1705e-12 1.0000e+00 1.0000e+05 1.1705e-07 2.5000e+00
1.1961e+01 1.0000e+05 1.7138e-12 1.0000e+00 1.0000e+05 1.7138e-07 2.5000e+00
1.2353e+01 1.0000e+05 2.4996e-12 1.0000e+00 1.0000e+05 2.4996e-07 2.5000e+00
1.2745e+01 1.0000e+05 3.6318e-12 1.0000e+00 1.0000e+05 3.6318e-07 2.5000e+00
1.3137e+01 1.0000e+05 5.2565e-12 1.0000e+00 1.0000e+05 5.2565e-07 2.5000e+00
1.3529e+01 1.0000e+05 7.5788e-12 1.0000e+00 1.0000e+05 7.5788e-07 2.5000e+00
1.3922e+01 1.0000e+05 1.0885e-11 1.0000e+00 1.0000e+05 1.0885e-06 2.5000e+00
1.4314e+01 1.0000e+05 1.5573e-11 1.0000e+00 1.0000e+05 1.5573e-06 2.5000e+00
1.4706e+01 1.0000e+05 2.2195e-11 1.0000e+00 1.0000e+05 2.2195e-06 2.5000e+00
1.5098e+01 1.0000e+05 3.1509e-11 1.0000e+00 1.0000e+05 3.1509e-06 2.5000e+00
1.5490e+01 1.0000e+05 4.4560e-11 1.0000e+00 1.0000e+05 4.4560e-06 2.5000e+00
1.5882e+01 1.0000e+05 6.2774e-11 1.0000e+00 1.0000e+05 6.2774e-06 2.5000e+00
1.6275e+01 1.0000e+05 8.8089e-11 1.0000e+00 1.0000e+05 8.8089e-06 2.5000e+00
1.6667e+01 1.0000e+05 1.2314e-10 1.0000e+00 1.0000e+05 1.2314e-05 2.5000e+00
1.7059e+01 1.0000e+05 1.7146e-10 1.0000e+00 1.0000e+05 1.7146e-05 2.5000e+00
1.7451e+01 1.0000e+05 2.3782e-10 1.0000e+00 1.0000e+05 2.3782e-05 2.5000e+00
1.7843e+01 1.0000e+05 3.2859e-10 1.0000e+00 1.0000e+05 3.2859e-05 2.5000e+00
1.8235e+01 1.0000e+05 4.5225e-10 1.0000e+00 1.0000e+05 4.5225e-05 2.5000e+00
1.8627e+01 1.0000e+05 6.2002e-10 1.0000e+00 1.0000e+05 6.2002e-05 2.5000e+00
1.9020e+01 1.0000e+05 8.4675e-10 1.0000e+00 1.0000e+05 8.4675e-05 2.5000e+00
1.9412e+01 1.0000e+05 1.1519e-09 1.0000e+00 1.0000e+05 1.1519e-04 2.5000e+00
1.9804e+01 1.0000e+05 1.5609e-09 1.0000e+00 1.0000e+05 1.5609e-04 2.5000e+00
2.0196e+01 1.0000e+05 2.1070e-09 1.0000e+00 1.0000e+05 2.1070e-04 2.5000e+00
2.0588e+01 1.0000e+05 2.8330e-09 9.9999e-01 1.0000e+05 2.8330e-04 2.5000e+00
2.0980e+01 1.0000e+05 3.7945e-09 9.9999e-01 1.0000e+05 3.7945e-04 2.5000e+00
2.1373e+01 1.0000e+05 5.0626e-09 9.9999e-01 1.0000e+05 5.0626e-04 2.5000e+00
2.1765e+01 1.0000e+05 6.7284e-09 9.9999e-01 1.0000e+05 6.7284e-04 2.5000e+00
2.2157e+01 1.0000e+05 8.9075e-09 9.9998e-01 1.0000e+05 8.9075e-04 2.5000e+00
2.2549e+01 1.0000e+05 1.1747e-08 9.9998e-01 1.0000e+05 1.1747e-03 2.4999e+00
2.2941e+01 1.0000e+05 1.5431e-08 9.9997e-01 1.0000e+05 1.5431e-03 2.4999e+00
2.3333e+01 1.0000e+05 2.0192e-08 9.9996e-01 1.0000e+05 2.0192e-03 2.4999e+00
2.3725e+01 1.0000e+05 2.6320e-08 9.9995e-01 1.0000e+05 2.6320e-03 2.4999e+00
2.4118e+01 1.0000e+05 3.4176e-08 9.9994e-01 1.0000e+05 3.4176e-03 2.4999e+00
2.4510e+01 1.0000e+05 4.4205e-08 9.9992e-01 1.0000e+05 4.4205e-03 2.4998e+00
2.4902e+01 1.0000e+05 5.6956e-08 9.9990e-01 1.0000e+05 5.6956e-03 2.4998e+00
2.5294e+01 1.0000e+05 7.3103e-08 9.9988e-01 1.0000e+05 7.3103e-03 2.4997e+00
2.5686e+01 9.9999e+04 9.3467e-08 9.9985e-01 9.9999e+04 9.3466e-03 2.4996e+00
2.6078e+01 9.9999e+04 1.1904e-07 9.9981e-01 9.9999e+04 1.1904e-02 2.4995e+00
2.6471e+01 9.9999e+04 1.5104e-07 9.9976e-01 9.9999e+04 1.5104e-02 2.4994e+00
2.6863e+01 9.9999e+04 1.9090e-07 9.9970e-01 9.9999e+04 1.9090e-02 2.4992e+00
2.7255e+01 9.9998e+04 2.4036e-07 9.9962e-01 9.9998e+04 2.4035e-02 2.4991e+00
2.7647e+01 9.9998e+04 3.0147e-07 9.9953e-01 9.9998e+04 3.0147e-02 2.4988e+00
2.8039e+01 9.9998e+04 3.7669e-07 9.9942e-01 9.9998e+04 3.7668e-02 2.4986e+00
2.8431e+01 9.9997e+04 4.6888e-07 9.9929e-01 9.9997e+04 4.6887e-02 2.4982e+00
2.8824e+01 9.9996e+04 5.8143e-07 9.9913e-01 9.9996e+04 5.8141e-02 2.4978e+00
2.9216e+01 9.9995e+04 7.1827e-07 9.9894e-01 9.9995e+04 7.1823e-02 2.4974e+00
2.9608e+01 9.9994e+04 8.8396e-07 9.9872e-01 9.9994e+04 8.8391e-02 2.4968e+00
3.0000e+01 9.9993e+04 1.0838e-06 9.9845e-01 9.9993e+04 1.0837e-01 2.4961e+00
3.0392e+01 9.9991e+04 1.3238e-06 9.9813e-01 9.9991e+04 1.3237e-01 2.4953e+00
3.0784e+01 9.9989e+04 1.6110e-06 9.9776e-01 9.9989e+04 1.6108e-01 2.4944e+00
3.1176e+01 9.9986e+04 1.9531e-06 9.9732e-01 9.9986e+04 1.9528e-01 2.4933e+00
3.1569e+01 9.9983e+04 2.3592e-06 9.9681e-01 9.9983e+04 2.3588e-01 2.4920e+00
3.1961e+01 9.9979e+04 2.8391e-06 9.9622e-01 9.9979e+04 2.8385e-01 2.4905e+00
3.2353e+01 9.9975e+04 3.4041e-06 9.9553e-01 9.9975e+04 3.4033e-01 2.4888e+00
3.2745e+01 9.9969e+04 4.0667e-06 9.9474e-01 9.9969e+04 4.0654e-01 2.4869e+00
3.3137e+01 9.9963e+04 4.8405e-06 9.9383e-01 9.9963e+04 4.8387e-01 2.4846e+00
3.3529e+01 9.9956e+04 5.7407e-06 9.9280e-01 9.9956e+04 5.7382e-01 2.4820e+00
3.3922e+01 9.9947e+04 6.7839e-06 9.9162e-01 9.9947e+04 6.7803e-01 2.4791e+00
3.4314e+01 9.9936e+04 7.9880e-06 9.9029e-01 9.9936e+04 7.9829e-01 2.4757e+00
3.4706e+01 9.9924e+04 9.3724e-06 9.8878e-01 9.9924e+04 9.3653e-01 2.4720e+00
3.5098e+01 9.9910e+04 1.0958e-05 9.8709e-01 9.9910e+04 1.0948e+00 2.4677e+00
3.5490e+01 9.9894e+04 1.2767e-05 9.8520e-01 9.9894e+04 1.2753e+00 2.4630e+00
3.5882e+01 9.9875e+04 1.4822e-05 9.8310e-01 9.9875e+04 1.4804e+00 2.4578e+00
3.6275e+01 9.9853e+04 1.7150e-05 9.8077e-01 9.9853e+04 1.7125e+00 2.4519e+00
3.6667e+01 9.9829e+04 1.9775e-05 9.7819e-01 9.9829e+04 1.9741e+00 2.4455e+00
3.7059e+01 9.9800e+04 2.2724e-05 9.7536e-01 9.9800e+04 2.2679e+00 2.4384e+00
3.7451e+01 9.9768e+04 2.6026e-05 9.7225e-01 9.9768e+04 2.5965e+00 2.4307e+00
3.7843e+01 9.9731e+04 2.9708e-05 9.6886e-01 9.9731e+04 2.9628e+00 2.4222e+00
3.8235e+01 9.9689e+04 3.3800e-05 9.6518e-01 9.9689e+04 3.3695e+00 2.4130e+00
3.8627e+01 9.9642e+04 3.8329e-05 9.6120e-01 9.9642e+04 3.8192e+00 2.4031e+00
3.9020e+01 9.9590e+04 4.3326e-05 9.5691e-01 9.9590e+04 4.3149e+00 2.3924e+00
3.9412e+01 9.9531e+04 4.8819e-05 9.5231e-01 9.9531e+04 4.8590e+00 2.3809e+00
3.9804e+01 9.9465e+04 5.4834e-05 9.4739e-01 9.9465e+04 5.4541e+00 2.3686e+00
4.0196e+01 9.9392e+04 6.1399e-05 9.4215e-01 9.9392e+04 6.1026e+00 2.3556e+00
4.0588e+01 9.9311e+04 6.8539e-05 9.3660e-01 9.9311e+04 6.8066e+00 2.3417e+00
4.0980e+01 9.9221e+04 7.6277e-05 9.3073e-01 9.9221e+04 7.5683e+00 2.3271e+00
4.1373e+01 9.9123e+04 8.4635e-05 9.2456e-01 9.9123e+04 8.3892e+00 2.3117e+00
4.1765e+01 9.9014e+04 9.3631e-05 9.1809e-01 9.9014e+04 9.2709e+00 2.2957e+00
4.2157e+01 9.8896e+04 1.0328e-04 9.1134e-01 9.8896e+04 1.0214e+01 2.2789e+00
4.2549e+01 9.8767e+04 1.1360e-04 9.0433e-01 9.8767e+04 1.1220e+01 2.2615e+00
4.2941e+01 9.8627e+04 1.2460e-04 8.9707e-01 9.8627e+04 1.2289e+01 2.2434e+00
4.3333e+01 9.8474e+04 1.3627e-04 8.8957e-01 9.8474e+04 1.3419e+01 2.2248e+00
4.3725e+01 9.8311e+04 1.4868e-04 8.8189e-01 9.8311e+04 1.4617e+01 2.2058e+00
4.4118e+01 9.8130e+04 1.6158e-04 8.7397e-01 9.8130e+04 1.5855e+01 2.1862e+00
4.4510e+01 9.7954e+04 1.7580e-04 8.6612e-01 9.7954e+04 1.7220e+01 2.1668e+00
4.4902e+01 9.7709e+04 1.8873e-04 8.5746e-01 9.7709e+04 1.8440e+01 2.1454e+00
4.5294e+01 9.7602e+04 2.0772e-04 8.5057e-01 9.7602e+04 2.0274e+01 2.1285e+00
4.5686e+01 9.7103e+04 2.1381e-04 8.3901e-01 9.7103e+04 2.0762e+01 2.0997e+00
4.6078e+01 9.7436e+04 2.5069e-04 8.3764e-01 9.7436e+04 2.4426e+01 2.0972e+00
4.6471e+01 9.6087e+04 2.2859e-04 8.1625e-01 9.6087e+04 2.1964e+01 2.0431e+00
4.6863e+01 9.7564e+04 3.0784e-04 8.2860e-01 9.7564e+04 3.0034e+01 2.0761e+00
4.7255e+01 9.4972e+04 2.4417e-04 7.9337e-01 9.4972e+04 2.3189e+01 1.9863e+00
4.7647e+01 9.7009e+04 3.4487e-04 8.1224e-01 9.7009e+04 3.3456e+01 2.0364e+00
4.8039e+01 9.5049e+04 3.0773e-04 7.8590e-01 9.5049e+04 2.9249e+01 1.9692e+00
4.8431e+01 9.5275e+04 3.4647e-04 7.8429e-01 9.5275e+04 3.3010e+01 1.9664e+00
4.8824e+01 9.5525e+04 3.6374e-04 7.7582e-01 9.5525e+04 3.4746e+01 1.9459e+00
4.9216e+01 8.9176e+04 3.9796e-04 7.7306e-01 8.9176e+04 3.5488e+01 1.9397e+00
4.9608e+01 1.2249e+05 3.9776e-04 7.5809e-01 1.2249e+05 4.8721e+01 1.9049e+00
5.0000e+01 4.2067e+04 4.1298e-04 7.5356e-01 4.2067e+04 1.7373e+01 1.8875e+00
5.0392e+01 1.4550e+04 4.2726e-04 7.5028e-01 1.4550e+04 6.2166e+00 1.8770e+00
5.0784e+01 9.3616e+03 5.1325e-04 7.5151e-01 9.3616e+03 4.8049e+00 1.8800e+00
5.1176e+01 9.2436e+03 6.5014e-04 7.5372e-01 9.2436e+03 6.0097e+00 1.8863e+00
5.1569e+01 9.6368e+03 6.9312e-04 7.4785e-01 9.6368e+03 6.6795e+00 1.8719e+00
5.1961e+01 1.0250e+04 7.5662e-04 7.4557e-01 1.0250e+04 7.7557e+00 1.8669e+00
5.2353e+01 1.0713e+04 8.7902e-04 7.5120e-01 1.0713e+04 9.4171e+00 1.8821e+00
5.2745e+01 1.1142e+04 9.7276e-04 7.5507e-01 1.1142e+04 1.0838e+01 1.8930e+00
5.3137e+01 1.1325e+04 9.8446e-04 7.5111e-01 1.1325e+04 1.1149e+01 1.8833e+00
5.3529e+01 1.1480e+04 9.7318e-04 7.4525e-01 1.1480e+04 1.1172e+01 1.8686e+00
5.3922e+01 1.1615e+04 1.0052e-03 7.4469e-01 1.1615e+04 1.1674e+01 1.8676e+00
5.4314e+01 1.1814e+04 1.0846e-03 7.4983e-01 1.1814e+04 1.2813e+01 1.8815e+00
5.4706e+01 1.1979e+04 1.1643e-03 7.5550e-01 1.1979e+04 1.3948e+01 1.8969e+00
5.5098e+01 1.2099e+04 1.2064e-03 7.5727e-01 1.2099e+04 1.4597e+01 1.9020e+00
5.5490e+01 1.2146e+04 1.2068e-03 7.5452e-01 1.2146e+04 1.4658e+01 1.8952e+00
5.5882e+01 1.2173e+04 1.1896e-03 7.4932e-01 1.2173e+04 1.4481e+01 1.8819e+00
5.6275e+01 1.2220e+04 1.1933e-03 7.4657e-01 1.2220e+04 1.4582e+01 1.8751e+00
5.6667e+01 1.2328e+04 1.2476e-03 7.4994e-01 1.2328e+04 1.5381e+01 1.8844e+00
5.7059e+01 1.2482e+04 1.3420e-03 7.5826e-01 1.2482e+04 1.6751e+01 1.9069e+00
5.7451e+01 1.2649e+04 1.4470e-03 7.6819e-01 1.2649e+04 1.8304e+01 1.9337e+00
5.7843e+01 1.2791e+04 1.5368e-03 7.7667e-01 1.2791e+04 1.9658e+01 1.9568e+00
5.8235e+01 1.2894e+04 1.5987e-03 7.8209e-01 1.2894e+04 2.0614e+01 1.9717e+00
5.8627e+01 1.2956e+04 1.6330e-03 7.8438e-01 1.2956e+04 2.1157e+01 1.9782e+00
5.9020e+01 1.2988e+04 1.6473e-03 7.8438e-01 1.2988e+04 2.1394e+01 1.9786e+00
5.9412e+01 1.3003e+04 1.6504e-03 7.8312e-01 1.3003e+04 2.1460e+01 1.9755e+00
5.9804e+01 1.3010e+04 1.6490e-03 7.8138e-01 1.3010e+04 2.1454e+01 1.9711e+00
6.0196e+01 1.3015e+04 1.6462e-03 7.7947e-01 1.3015e+04 2.1425e+01 1.9663e+00
6.0588e+01 1.3019e+04 1.6427e-03 7.7749e-01 1.3019e+04 2.1387e+01 1.9613e+00
6.0980e+01 1.3023e+04 1.6389e-03 7.7542e-01 1.3023e+04 2.1343e+01 1.9560e+00
6.1373e+01 1.3026e+04 1.6347e-03 7.7329e-01 1.3026e+04 2.1293e+01 1.9506e+00
6.1765e+01 1.3028e+04 1.6301e-03 7.7108e-01 1.3028e+04 2.1238e+01 1.9450e+00
6.2157e+01 1.3031e+04 1.6252e-03 7.6880e-01 1.3031e+04 2.1178e+01 1.9392e+00
6.2549e+01 1.3033e+04 1.6200e-03 7.6644e-01 1.3033e+04 2.1113e+01 1.9332e+00
6.2941e+01 1.3034e+04 1.6144e-03 7.6400e-01 1.3034e+04 2.1043e+01 1.9270e+00
6.3333e+01 1.3035e+04 1.6086e-03 7.6148e-01 1.3035e+04 2.0968e+01 1.9206e+00
6.3725e+01 1.3036e+04 1.6023e-03 7.5889e-01 1.3036e+04 2.0888e+01 1.9140e+00
6.4118e+01 1.3037e+04 1.5958e-03 7.5621e-01 1.3037e+04 2.0804e+01 1.9071e+00
6.4510e+01 1.3037e+04 1.5889e-03 7.5344e-01 1.3037e+04 2.0715e+01 1.9001e+00
6.4902e+01 1.3037e+04 1.5817e-03 7.5058e-01 1.3037e+04 2.0621e+01 1.8928e+00
6.5294e+01 1.3037e+04 1.5742e-03 7.4764e-01 1.3037e+04 2.0522e+01 1.8852e+00
6.5686e+01 1.3036e+04 1.5663e-03 7.4460e-01 1.3036e+04 2.0419e+01 1.8775e+00
6.6078e+01 1.3036e+04 1.5581e-03 7.4146e-01 1.3036e+04 2.0311e+01 1.8695e+00
6.6471e+01 1.3035e+04 1.5496e-03 7.3822e-01 1.3035e+04 2.0198e+01 1.8612e+00
6.6863e+01 1.3033e+04 1.5407e-03 7.3489e-01 1.3033e+04 2.0080e+01 1.8527e+00
6.7255e+01 1.3032e+04 1.5315e-03 7.3144e-01 1.3032e+04 1.9958e+01 1.8439e+00
6.7647e+01 1.3030e+04 1.5220e-03 7.2789e-01 1.3030e+04 1.9831e+01 1.8348e+00
6.8039e+01 1.3028e+04 1.5121e-03 7.2423e-01 1.3028e+04 1.9699e+01 1.8255e+00
6.8431e+01 1.3025e+04 1.5018e-03 7.2045e-01 1.3025e+04 1.9562e+01 1.8158e+00
6.8824e+01 1.3023e+04 1.4912e-03 7.1656e-01 1.3023e+04 1.9420e+01 1.8059e+00
6.9216e+01 1.3020e+04 1.4803e-03 7.1254e-01 1.3020e+04 1.9274e+01 1.7956e+00
6.9608e+01 1.3017e+04 1.4690e-03 7.0840e-01 1.3017e+04 1.9123e+01 1.7851e+00
7.0000e+01 1.3014e+04 1.4574e-03 7.0414e-01 1.3014e+04 1.8966e+01 1.7742e+00
7.0392e+01 1.3011e+04 1.4454e-03 6.9975e-01 1.3011e+04 1.8805e+01 1.7630e+00
7.0784e+01 1.3007e+04 1.4330e-03 6.9522e-01 1.3007e+04 1.8639e+01 1.7514e+00
7.1176e+01 1.3003e+04 1.4203e-03 6.9056e-01 1.3003e+04 1.8468e+01 1.7395e+00
7.1569e+01 1.2999e+04 1.4072e-03 6.8576e-01 1.2999e+04 1.8292e+01 1.7273e+00
7.1961e+01 1.2995e+04 1.3937e-03 6.8082e-01 1.2995e+04 1.8111e+01 1.7147e+00
7.2353e+01 1.2990e+04 1.3799e-03 6.7574e-01 1.2990e+04 1.7925e+01 1.7017e+00
7.2745e+01 1.2986e+04 1.3656e-03 6.7051e-01 1.2986e+04 1.7734e+01 1.6884e+00
7.3137e+01 1.2981e+04 1.3510e-03 6.6512e-01 1.2981e+04 1.7538e+01 1.6747e+00
7.3529e+01 1.2976e+04 1.3361e-03 6.5958e-01 1.2976e+04 1.7337e+01 1.6605e+00
7.3922e+01 1.2971e+04 1.3207e-03 6.5389e-01 1.2971e+04 1.7130e+01 1.6460e+00
7.4314e+01 1.2965e+04 1.3049e-03 6.4804e-01 1.2965e+04 1.6919e+01 1.6311e+00
7.4706e+01 1.2960e+04 1.2888e-03 6.4202e-01 1.2960e+04 1.6702e+01 1.6158e+00
7.5098e+01 1.2954e+04 1.2722e-03 6.3583e-01 1.2954e+04 1.6480e+01 1.6001e+00
7.5490e+01 1.2948e+04 1.2553e-03 6.2948e-01 1.2948e+04 1.6254e+01 1.5839e+00
7.5882e+01 1.2942e+04 1.2380e-03 6.2295e-01 1.2942e+04 1.6021e+01 1.5673e+00
7.6275e+01 1.2935e+04 1.2202e-03 6.1625e-01 1.2935e+04 1.5784e+01 1.5502e+00
7.6667e+01 1.2929e+04 1.2021e-03 6.0936e-01 1.2929e+04 1.5541e+01 1.5328e+00
7.7059e+01 1.2922e+04 1.1835e-03 6.0230e-01 1.2922e+04 1.5294e+01 1.5148e+00
7.7451e+01 1.2915e+04 1.1645e-03 5.9505e-01 1.2915e+04 1.5040e+01 1.4964e+00
7.7843e+01 1.2908e+04 1.1452e-03 5.8761e-01 1.2908e+04 1.4782e+01 1.4775e+00
7.8235e+01 1.2901e+04 1.1254e-03 5.7998e-01 1.2901e+04 1.4518e+01 1.4581e+00
7.8627e+01 1.2894e+04 1.1051e-03 5.7216e-01 1.2894e+04 1.4249e+01 1.4383e+00
7.9020e+01 1.2886e+04 1.0845e-03 5.6413e-01 1.2886e+04 1.3975e+01 1.4179e+00
7.9412e+01 1.2878e+04 1.0634e-03 5.5590e-01 1.2878e+04 1.3695e+01 1.3970e+00
7.9804e+01 1.2870e+04 1.0419e-03 5.4747e-01 1.2870e+04 1.3409e+01 1.3757e+00
8.0196e+01 1.2862e+04 1.0199e-03 5.3883e-01 1.2862e+04 1.3119e+01 1.3538e+00
8.0588e+01 1.2854e+04 9.9754e-04 5.2997e-01 1.2854e+04 1.2822e+01 1.3313e+00
8.0980e+01 1.2846e+04 9.7471e-04 5.2090e-01 1.2846e+04 1.2521e+01 1.3083e+00
8.1373e+01 1.2837e+04 9.5142e-04 5.1160e-01 1.2837e+04 1.2213e+01 1.2848e+00
8.1765e+01 1.2828e+04 9.2768e-04 5.0208e-01 1.2828e+04 1.1900e+01 1.2607e+00
8.2157e+01 1.2819e+04 9.0348e-04 4.9233e-01 1.2819e+04 1.1582e+01 1.2361e+00
8.2549e+01 1.2810e+04 8.7881e-04 4.8235e-01 1.2810e+04 1.1258e+01 1.2108e+00
8.2941e+01 1.2801e+04 8.5367e-04 4.7212e-01 1.2801e+04 1.0928e+01 1.1850e+00
8.3333e+01 1.2792e+04 8.2806e-04 4.6166e-01 1.2792e+04 1.0592e+01 1.1585e+00
8.3725e+01 1.2782e+04 8.0196e-04 4.5094e-01 1.2782e+04 1.0251e+01 1.1315e+00
8.4118e+01 1.2772e+04 7.7537e-04 4.3997e-01 1.2772e+04 9.9033e+00 1.1038e+00
8.4510e+01 1.2762e+04 7.4829e-04 4.2874e-01 1.2762e+04 9.5500e+00 1.0754e+00
8.4902e+01 1.2752e+04 7.2070e-04 4.1724e-01 1.2752e+04 9.1907e+00 1.0464e+00
8.5294e+01 1.2742e+04 6.9261e-04 4.0547e-01 1.2742e+04 8.8253e+00 1.0167e+00
8.5686e+01 1.2732e+04 6.6399e-04 3.9343e-01 1.2732e+04 8.4538e+00 9.8638e-01
8.6078e+01 1.2721e+04 6.3485e-04 3.8110e-01 1.2721e+04 8.0761e+00 9.5532e-01
8.6471e+01 1.2710e+04 6.0518e-04 3.6849e-01 1.2710e+04 7.6922e+00 9.2354e-01
8.6863e+01 1.2700e+04 5.7497e-04 3.5557e-01 1.2700e+04 7.3019e+00 8.9103e-01
8.7255e+01 1.2689e+04 5.4420e-04 3.4236e-01 1.2689e+04 6.9052e+00 8.5777e-01
8.7647e+01 1.2677e+04 5.1288e-04 3.2883e-01 1.2677e+04 6.5020e+00 8.2374e-01
8.8039e+01 1.2666e+04 4.8099e-04 3.1498e-01 1.2666e+04 6.0922e+00 7.8893e-01
8.8431e+01 1.2655e+04 4.4852e-04 3.0082e-01 1.2655e+04 5.6758e+00 7.5331e-01
8.8824e+01 1.2643e+04 4.1546e-04 2.8631e-01 1.2643e+04 5.2526e+00 7.1688e-01
8.9216e+01 1.2631e+04 3.8180e-04 2.7147e-01 1.2631e+04 4.8226e+00 6.7960e-01
8.9608e+01 1.2619e+04 3.4754e-04 2.5628e-01 1.2619e+04 4.3856e+00 6.4146e-01
9.0000e+01 1.2607e+04 3.1267e-04 2.4073e-01 1.2607e+04 3.9417e+00 6.0245e-01
9.0392e+01 1.2594e+04 2.7718e-04 2.2483e-01 1.2594e+04 3.4910e+00 5.6256e-01
9.0784e+01 1.2582e+04 2.4113e-04 2.0858e-01 1.2582e+04 3.0339e+00 5.2182e-01
9.1176e+01 1.2569e+04 2.0462e-04 1.9204e-01 1.2569e+04 2.5720e+00 4.8035e-01
9.1569e+01 1.2557e+04 1.6799e-04 1.7535e-01 1.2557e+04 2.1095e+00 4.3854e-01
9.1961e+01 1.2545e+04 1.3195e-04 1.5885e-01 1.2545e+04 1.6553e+00 3.9724e-01
9.2353e+01 1.2533e+04 9.7821e-05 1.4321e-01 1.2533e+04 1.2260e+00 3.5807e-01
9.2745e+01 1.2523e+04 6.7475e-05 1.2936e-01 1.2523e+04 8.4499e-01 3.2342e-01
9.3137e+01 1.2515e+04 4.2833e-05 1.1826e-01 1.2515e+04 5.3604e-01 2.9567e-01
9.3529e+01 1.2509e+04 2.4940e-05 1.1040e-01 1.2509e+04 3.1197e-01 2.7599e-01
9.3922e+01 1.2505e+04 1.3416e-05 1.0548e-01 1.2505e+04 1.6776e-01 2.6369e-01
9.4314e+01 1.2502e+04 6.7743e-06 1.0272e-01 1.2502e+04 8.4695e-02 2.5681e-01
9.4706e+01 1.2501e+04 3.2738e-06 1.0130e-01 1.2501e+04 4.0927e-02 2.5326e-01
9.5098e+01 1.2501e+04 1.5400e-06 1.0061e-01 1.2501e+04 1.9251e-02 2.5153e-01
9.5490e+01 1.2500e+04 7.1344e-07 1.0028e-01 1.2500e+04 8.9182e-03 2.5071e-01
9.5882e+01 1.2500e+04 3.2775e-07 1.0013e-01 1.2500e+04 4.0969e-03 2.5032e-01
9.6275e+01 1.2500e+04 1.4984e-07 1.0006e-01 1.2500e+04 1.8730e-03 2.5015e-01
9.6667e+01 1.2500e+04 6.8292e-08 1.0003e-01 1.2500e+04 8.5366e-04 2.5007e-01
9.7059e+01 1.2500e+04 3.1057e-08 1.0001e-01 1.2500e+04 3.8821e-04 2.5003e-01
9.7451e+01 1.2500e+04 1.4097e-08 1.0001e-01 1.2500e+04 1.7622e-04 2.5001e-01
9.7843e+01 1.2500e+04 6.3886e-09 1.0000e-01 1.2500e+04 7.9857e-05 2.5001e-01
9.8235e+01 1.2500e+04 2.8910e-09 1.0000e-01 1.2500e+04 3.6137e-05 2.5000e-01
9.8627e+01 1.2500e+04 1.3073e-09 1.0000e-01 1.2500e+04 1.6341e-05 2.5000e-01
9.9020e+01 1.2500e+04 5.9245e-10 1.0000e-01 1.2500e+04 7.4057e-06 2.5000e-01
9.9412e+01 1.2500e+04 2.7253e-10 1.0000e-01 1.2500e+04 3.4066e-06 2.5000e-01
9.9804e+01 1.2500e+04 1.3979e-10 1.0000e-01 1.2500e+04 1.7474e-06 2.5000e-01
