# # x Density Velocity Pressure q0 q1 q2
1.9608e-01 1.0000e+05 5.3071e-18 1.0000e+00 1.0000e+05 5.3071e-13 2.5000e+00
5.8824e-01 1.0000e+05 1.0940e-17 1.0000e+00 1.0000e+05 1.0940e-12 2.5000e+00
9.8039e-01 1.0000e+05 1.8637e-17 1.0000e+00 1.0000e+05 1.8637e-12 2.5000e+00
1.3725e+00 1.0000e+05 2.8610e-17 1.0000e+00 1.0000e+05 2.8610e-12 2.5000e+00
1.7647e+00 1.0000e+05 4.2547e-17 1.0000e+00 1.0000e+05 4.2547e-12 2.5000e+00
2.1569e+00 1.0000e+05 6.3228e-17 1.0000e+00 1.0000e+05 6.3228e-12 2.5000e+00
2.5490e+00 1.0000e+05 9.3359e-17 1.0000e+00 1.0000e+05 9.3359e-12 2.5000e+00
2.9412e+00 1.0000e+05 1.3950e-16 1.0000e+00 1.0000e+05 1.3950e-11 2.5000e+00
3.3333e+00 1.0000e+05 2.1100e-16 1.0000e+00 1.0000e+05 2.1100e-11 2.5000e+00
3.7255e+00 1.0000e+05 3.2190e-16 1.0000e+00 1.0000e+05 3.2190e-11 2.5000e+00
4.1176e+00 1.0000e+05 4.9458e-16 1.0000e+00 1.0000e+05 4.9458e-11 2.5000e+00
4.5098e+00 1.0000e+05 7.6324e-16 1.0000e+00 1.0000e+05 7.6324e-11 2.5000e+00
4.9020e+00 1.0000e+05 1.1806e-15 1.0000e+00 1.0000e+05 1.1806e-10 2.5000e+00
5.2941e+00 1.0000e+05 1.8271e-15 1.0000e+00 1.0000e+05 1.8271e-10 2.5000e+00
5.6863e+00 1.0000e+05 2.8248e-15 1.0000e+00 1.0000e+05 2.8248e-10 2.5000e+00
6.0784e+00 1.0000e+05 4.3580e-15 1.0000e+00 1.0000e+05 4.3580e-10 2.5000e+00
6.4706e+00 1.0000e+05 6.7044e-15 1.0000e+00 1.0000e+05 6.7044e-10 2.5000e+00
6.8627e+00 1.0000e+05 1.0281e-14 1.0000e+00 1.0000e+05 1.0281e-09 2.5000e+00
7.2549e+00 1.0000e+05 1.5713e-14 1.0000e+00 1.0000e+05 1.5713e-09 2.5000e+00
7.6471e+00 1.0000e+05 2.3929e-14 1.0000e+00 1.0000e+05 2.3929e-09 2.5000e+00
8.0392e+00 1.0000e+05 3.6311e-14 1.0000e+00 1.0000e+05 3.6311e-09 2.5000e+00
8.4314e+00 1.0000e+05 5.4896e-14 1.0000e+00 1.0000e+05 5.4896e-09 2.5000e+00
8.8235e+00 1.0000e+05 8.2682e-14 1.0000e+00 1.0000e+05 8.2682e-09 2.5000e+00
9.2157e+00 1.0000e+05 1.2406e-13 1.0000e+00 1.0000e+05 1.2406e-08 2.5000e+00
9.6078e+00 1.0000e+05 1.8546e-13 1.0000e+00 1.0000e+05 1.8546e-08 2.5000e+00
1.0000e+01 1.0000e+05 2.7618e-13 1.0000e+00 1.0000e+05 2.7618e-08 2.5000e+00
1.0392e+01 1.0000e+05 4.0973e-13 1.0000e+00 1.0000e+05 4.0973e-08 2.5000e+00
1.0784e+01 1.0000e+05 6.0555e-13 1.0000e+00 1.0000e+05 6.0555e-08 2.5000e+00
1.1176e+01 1.0000e+05 8.9155e-13 1.0000e+00 1.0000e+05 8.9155e-08 2.5000e+00
1.1569e+01 1.0000e+05 1.3076e-12 1.0000e+00 1.0000e+05 1.3076e-07 2.5000e+00
1.1961e+01 1.0000e+05 1.9106e-12 1.0000e+00 1.0000e+05 1.9106e-07 2.5000e+00
1.2353e+01 1.0000e+05 2.7808e-12 1.0000e+00 1.0000e+05 2.7808e-07 2.5000e+00
1.2745e+01 1.0000e+05 4.0320e-12 1.0000e+00 1.0000e+05 4.0320e-07 2.5000e+00
1.3137e+01 1.0000e+05 5.8239e-12 1.0000e+00 1.0000e+05 5.8239e-07 2.5000e+00
1.3529e+01 1.0000e+05 8.3797e-12 1.0000e+00 1.0000e+05 8.3797e-07 2.5000e+00
1.3922e+01 1.0000e+05 1.2011e-11 1.0000e+00 1.0000e+05 1.2011e-06 2.5000e+00
1.4314e+01 1.0000e+05 1.7150e-11 1.0000e+00 1.0000e+05 1.7150e-06 2.5000e+00
1.4706e+01 1.0000e+05 2.4394e-11 1.0000e+00 1.0000e+05 2.4394e-06 2.5000e+00
1.5098e+01 1.0000e+05 3.4564e-11 1.0000e+00 1.0000e+05 3.4564e-06 2.5000e+00
1.5490e+01 1.0000e+05 4.8785e-11 1.0000e+00 1.0000e+05 4.8785e-06 2.5000e+00
1.5882e+01 1.0000e+05 6.8593e-11 1.0000e+00 1.0000e+05 6.8593e-06 2.5000e+00
1.6275e+01 1.0000e+05 9.6073e-11 1.0000e+00 1.0000e+05 9.6073e-06 2.5000e+00
1.6667e+01 1.0000e+05 1.3404e-10 1.0000e+00 1.0000e+05 1.3404e-05 2.5000e+00
1.7059e+01 1.0000e+05 1.8630e-10 1.0000e+00 1.0000e+05 1.8630e-05 2.5000e+00
1.7451e+01 1.0000e+05 2.5793e-10 1.0000e+00 1.0000e+05 2.5793e-05 2.5000e+00
1.7843e+01 1.0000e+05 3.5573e-10 1.0000e+00 1.0000e+05 3.5573e-05 2.5000e+00
1.8235e+01 1.0000e+05 4.8872e-10 1.0000e+00 1.0000e+05 4.8872e-05 2.5000e+00
1.8627e+01 1.0000e+05 6.6884e-10 1.0000e+00 1.0000e+05 6.6884e-05 2.5000e+00
1.9020e+01 1.0000e+05 9.1180e-10 1.0000e+00 1.0000e+05 9.1180e-05 2.5000e+00
1.9412e+01 1.0000e+05 1.2382e-09 1.0000e+00 1.0000e+05 1.2382e-04 2.5000e+00
1.9804e+01 1.0000e+05 1.6750e-09 1.0000e+00 1.0000e+05 1.6750e-04 2.5000e+00
2.0196e+01 1.0000e+05 2.2572e-09 1.0000e+00 1.0000e+05 2.2572e-04 2.5000e+00
2.0588e+01 1.0000e+05 3.0299e-09 9.9999e-01 1.0000e+05 3.0299e-04 2.5000e+00
2.0980e+01 1.0000e+05 4.0515e-09 9.9999e-01 1.0000e+05 4.0515e-04 2.5000e+00
2.1373e+01 1.0000e+05 5.3967e-09 9.9999e-01 1.0000e+05 5.3967e-04 2.5000e+00
2.1765e+01 1.0000e+05 7.1607e-09 9.9999e-01 1.0000e+05 7.1607e-04 2.5000e+00
2.2157e+01 1.0000e+05 9.4648e-09 9.9998e-01 1.0000e+05 9.4648e-04 2.5000e+00
2.2549e+01 1.0000e+05 1.2462e-08 9.9998e-01 1.0000e+05 1.2462e-03 2.4999e+00
2.2941e+01 1.0000e+05 1.6345e-08 9.9997e-01 1.0000e+05 1.6345e-03 2.4999e+00
2.3333e+01 1.0000e+05 2.1356e-08 9.9996e-01 1.0000e+05 2.1356e-03 2.4999e+00
2.3725e+01 1.0000e+05 2.7795e-08 9.9995e-01 1.0000e+05 2.7795e-03 2.4999e+00
2.4118e+01 1.0000e+05 3.6037e-08 9.9994e-01 1.0000e+05 3.6037e-03 2.4998e+00
2.4510e+01 1.0000e+05 4.6544e-08 9.9992e-01 1.0000e+05 4.6544e-03 2.4998e+00
2.4902e+01 1.0000e+05 5.9883e-08 9.9990e-01 1.0000e+05 5.9883e-03 2.4997e+00
2.5294e+01 1.0000e+05 7.6751e-08 9.9987e-01 1.0000e+05 7.6750e-03 2.4997e+00
2.5686e+01 9.9999e+04 9.7993e-08 9.9984e-01 9.9999e+04 9.7992e-03 2.4996e+00
2.6078e+01 9.9999e+04 1.2464e-07 9.9980e-01 9.9999e+04 1.2464e-02 2.4995e+00
2.6471e+01 9.9999e+04 1.5792e-07 9.9975e-01 9.9999e+04 1.5792e-02 2.4994e+00
2.6863e+01 9.9999e+04 1.9933e-07 9.9968e-01 9.9999e+04 1.9933e-02 2.4992e+00
2.7255e+01 9.9998e+04 2.5064e-07 9.9961e-01 9.9998e+04 2.5064e-02 2.4990e+00
2.7647e+01 9.9998e+04 3.1397e-07 9.9951e-01 9.9998e+04 3.1396e-02 2.4988e+00
2.8039e+01 9.9997e+04 3.9180e-07 9.9940e-01 9.9997e+04 3.9179e-02 2.4985e+00
2.8431e+01 9.9997e+04 4.8708e-07 9.9927e-01 9.9997e+04 4.8707e-02 2.4982e+00
2.8824e+01 9.9996e+04 6.0326e-07 9.9910e-01 9.9996e+04 6.0324e-02 2.4978e+00
2.9216e+01 9.9995e+04 7.4434e-07 9.9891e-01 9.9995e+04 7.4430e-02 2.4973e+00
2.9608e+01 9.9994e+04 9.1497e-07 9.9868e-01 9.9994e+04 9.1491e-02 2.4967e+00
3.0000e+01 9.9992e+04 1.1205e-06 9.9840e-01 9.9992e+04 1.1204e-01 2.4960e+00
3.0392e+01 9.9990e+04 1.3671e-06 9.9808e-01 9.9990e+04 1.3670e-01 2.4952e+00
3.0784e+01 9.9988e+04 1.6618e-06 9.9770e-01 9.9988e+04 1.6616e-01 2.4942e+00
3.1176e+01 9.9986e+04 2.0125e-06 9.9725e-01 9.9986e+04 2.0123e-01 2.4931e+00
3.1569e+01 9.9982e+04 2.4283e-06 9.9673e-01 9.9982e+04 2.4279e-01 2.4918e+00
3.1961e+01 9.9978e+04 2.9193e-06 9.9613e-01 9.9978e+04 2.9187e-01 2.4903e+00
3.2353e+01 9.9974e+04 3.4967e-06 9.9543e-01 9.9974e+04 3.4958e-01 2.4886e+00
3.2745e+01 9.9968e+04 4.1731e-06 9.9462e-01 9.9968e+04 4.1718e-01 2.4866e+00
3.3137e+01 9.9962e+04 4.9623e-06 9.9370e-01 9.9962e+04 4.9604e-01 2.4843e+00
3.3529e+01 9.9954e+04 5.8796e-06 9.9265e-01 9.9954e+04 5.8769e-01 2.4816e+00
3.3922e+01 9.9945e+04 6.9415e-06 9.9146e-01 9.9945e+04 6.9377e-01 2.4787e+00
3.4314e+01 9.9935e+04 8.1661e-06 9.9011e-01 9.9935e+04 8.1608e-01 2.4753e+00
3.4706e+01 9.9922e+04 9.5728e-06 9.8859e-01 9.9922e+04 9.5654e-01 2.4715e+00
3.5098e+01 9.9908e+04 1.1183e-05 9.8688e-01 9.9908e+04 1.1172e+00 2.4672e+00
3.5490e+01 9.9891e+04 1.3017e-05 9.8497e-01 9.9891e+04 1.3003e+00 2.4624e+00
3.5882e+01 9.9872e+04 1.5101e-05 9.8285e-01 9.9872e+04 1.5082e+00 2.4571e+00
3.6275e+01 9.9850e+04 1.7458e-05 9.8050e-01 9.9850e+04 1.7432e+00 2.4513e+00
3.6667e+01 9.9825e+04 2.0115e-05 9.7790e-01 9.9825e+04 2.0080e+00 2.4448e+00
3.7059e+01 9.9796e+04 2.3097e-05 9.7504e-01 9.9796e+04 2.3050e+00 2.4376e+00
3.7451e+01 9.9763e+04 2.6434e-05 9.7192e-01 9.9763e+04 2.6371e+00 2.4298e+00
3.7843e+01 9.9726e+04 3.0152e-05 9.6851e-01 9.9726e+04 3.0070e+00 2.4213e+00
3.8235e+01 9.9684e+04 3.4281e-05 9.6481e-01 9.9684e+04 3.4173e+00 2.4121e+00
3.8627e+01 9.9636e+04 3.8850e-05 9.6082e-01 9.9636e+04 3.8708e+00 2.4021e+00
3.9020e+01 9.9583e+04 4.3886e-05 9.5651e-01 9.9583e+04 4.3703e+00 2.3914e+00
3.9412e+01 9.9524e+04 4.9418e-05 9.5189e-01 9.9524e+04 4.9182e+00 2.3798e+00
3.9804e+01 9.9457e+04 5.5473e-05 9.4695e-01 9.9457e+04 5.5172e+00 2.3675e+00
4.0196e+01 9.9383e+04 6.2078e-05 9.4170e-01 9.9383e+04 6.1695e+00 2.3545e+00
4.0588e+01 9.9301e+04 6.9258e-05 9.3614e-01 9.9301e+04 6.8774e+00 2.3406e+00
4.0980e+01 9.9211e+04 7.7035e-05 9.3026e-01 9.9211e+04 7.6427e+00 2.3260e+00
4.1373e+01 9.9112e+04 8.5430e-05 9.2409e-01 9.9112e+04 8.4671e+00 2.3106e+00
4.1765e+01 9.9003e+04 9.4463e-05 9.1762e-01 9.9003e+04 9.3521e+00 2.2945e+00
4.2157e+01 9.8884e+04 1.0415e-04 9.1087e-01 9.8884e+04 1.0299e+01 2.2777e+00
4.2549e+01 9.8754e+04 1.1450e-04 9.0386e-01 9.8754e+04 1.1307e+01 2.2603e+00
4.2941e+01 9.8613e+04 1.2553e-04 8.9660e-01 9.8613e+04 1.2379e+01 2.2423e+00
4.3333e+01 9.8459e+04 1.3722e-04 8.8912e-01 9.8459e+04 1.3511e+01 2.2237e+00
4.3725e+01 9.8296e+04 1.4966e-04 8.8145e-01 9.8296e+04 1.4711e+01 2.2047e+00
4.4118e+01 9.8113e+04 1.6257e-04 8.7353e-01 9.8113e+04 1.5950e+01 2.1851e+00
4.4510e+01 9.7937e+04 1.7684e-04 8.6571e-01 9.7937e+04 1.7319e+01 2.1658e+00
4.4902e+01 9.7690e+04 1.8969e-04 8.5704e-01 9.7690e+04 1.8531e+01 2.1444e+00
4.5294e+01 9.7587e+04 2.0889e-04 8.5024e-01 9.7587e+04 2.0386e+01 2.1277e+00
4.5686e+01 9.7077e+04 2.1459e-04 8.3856e-01 9.7077e+04 2.0831e+01 2.0986e+00
4.6078e+01 9.7429e+04 2.5216e-04 8.3745e-01 9.7429e+04 2.4567e+01 2.0967e+00
4.6471e+01 9.6052e+04 2.2906e-04 8.1575e-01 9.6052e+04 2.2002e+01 2.0419e+00
4.6863e+01 9.7556e+04 3.0931e-04 8.2846e-01 9.7556e+04 3.0175e+01 2.0758e+00
4.7255e+01 9.4950e+04 2.4518e-04 7.9311e-01 9.4950e+04 2.3280e+01 1.9856e+00
4.7647e+01 9.6970e+04 3.4527e-04 8.1180e-01 9.6970e+04 3.3481e+01 2.0353e+00
4.8039e+01 9.5051e+04 3.0960e-04 7.8597e-01 9.5051e+04 2.9428e+01 1.9695e+00
4.8431e+01 9.5241e+04 3.4704e-04 7.8398e-01 9.5241e+04 3.3053e+01 1.9657e+00
4.8824e+01 9.5510e+04 3.6437e-04 7.7556e-01 9.5510e+04 3.4801e+01 1.9452e+00
4.9216e+01 8.9086e+04 3.9911e-04 7.7299e-01 8.9086e+04 3.5556e+01 1.9396e+00
4.9608e+01 1.2260e+05 3.9884e-04 7.5802e-01 1.2260e+05 4.8899e+01 1.9048e+00
5.0000e+01 4.2338e+04 4.1417e-04 7.5351e-01 4.2338e+04 1.7535e+01 1.8874e+00
5.0392e+01 1.4631e+04 4.2772e-04 7.5012e-01 1.4631e+04 6.2577e+00 1.8766e+00
5.0784e+01 9.3630e+03 5.0942e-04 7.5094e-01 9.3630e+03 4.7697e+00 1.8786e+00
5.1176e+01 9.2314e+03 6.5189e-04 7.5374e-01 9.2314e+03 6.0179e+00 1.8863e+00
5.1569e+01 9.6259e+03 6.9842e-04 7.4822e-01 9.6259e+03 6.7229e+00 1.8729e+00
5.1961e+01 1.0233e+04 7.5420e-04 7.4516e-01 1.0233e+04 7.7181e+00 1.8658e+00
5.2353e+01 1.0693e+04 8.7228e-04 7.5032e-01 1.0693e+04 9.3277e+00 1.8799e+00
5.2745e+01 1.1130e+04 9.7196e-04 7.5482e-01 1.1130e+04 1.0818e+01 1.8923e+00
5.3137e+01 1.1323e+04 9.8994e-04 7.5154e-01 1.1323e+04 1.1209e+01 1.8844e+00
5.3529e+01 1.1477e+04 9.7697e-04 7.4550e-01 1.1477e+04 1.1212e+01 1.8692e+00
5.3922e+01 1.1605e+04 1.0023e-03 7.4422e-01 1.1605e+04 1.1631e+01 1.8664e+00
5.4314e+01 1.1799e+04 1.0778e-03 7.4892e-01 1.1799e+04 1.2717e+01 1.8792e+00
5.4706e+01 1.1968e+04 1.1593e-03 7.5477e-01 1.1968e+04 1.3874e+01 1.8950e+00
5.5098e+01 1.2095e+04 1.2064e-03 7.5707e-01 1.2095e+04 1.4591e+01 1.9015e+00
5.5490e+01 1.2147e+04 1.2108e-03 7.5475e-01 1.2147e+04 1.4708e+01 1.8958e+00
5.5882e+01 1.2174e+04 1.1939e-03 7.4980e-01 1.2174e+04 1.4535e+01 1.8832e+00
5.6275e+01 1.2215e+04 1.1930e-03 7.4648e-01 1.2215e+04 1.4572e+01 1.8749e+00
5.6667e+01 1.2315e+04 1.2407e-03 7.4908e-01 1.2315e+04 1.5279e+01 1.8822e+00
5.7059e+01 1.2464e+04 1.3311e-03 7.5692e-01 1.2464e+04 1.6590e+01 1.9033e+00
5.7451e+01 1.2630e+04 1.4359e-03 7.6680e-01 1.2630e+04 1.8136e+01 1.9300e+00
5.7843e+01 1.2776e+04 1.5283e-03 7.7555e-01 1.2776e+04 1.9526e+01 1.9538e+00
5.8235e+01 1.2884e+04 1.5937e-03 7.8139e-01 1.2884e+04 2.0534e+01 1.9698e+00
5.8627e+01 1.2950e+04 1.6312e-03 7.8405e-01 1.2950e+04 2.1125e+01 1.9774e+00
5.9020e+01 1.2986e+04 1.6476e-03 7.8430e-01 1.2986e+04 2.1395e+01 1.9784e+00
5.9412e+01 1.3002e+04 1.6519e-03 7.8317e-01 1.3002e+04 2.1478e+01 1.9757e+00
5.9804e+01 1.3011e+04 1.6508e-03 7.8148e-01 1.3011e+04 2.1478e+01 1.9714e+00
6.0196e+01 1.3016e+04 1.6481e-03 7.7960e-01 1.3016e+04 2.1451e+01 1.9667e+00
6.0588e+01 1.3020e+04 1.6448e-03 7.7764e-01 1.3020e+04 2.1415e+01 1.9617e+00
6.0980e+01 1.3023e+04 1.6410e-03 7.7560e-01 1.3023e+04 2.1372e+01 1.9565e+00
6.1373e+01 1.3027e+04 1.6369e-03 7.7348e-01 1.3027e+04 2.1323e+01 1.9512e+00
6.1765e+01 1.3029e+04 1.6324e-03 7.7130e-01 1.3029e+04 2.1269e+01 1.9456e+00
6.2157e+01 1.3032e+04 1.6276e-03 7.6904e-01 1.3032e+04 2.1210e+01 1.9399e+00
6.2549e+01 1.3033e+04 1.6224e-03 7.6670e-01 1.3033e+04 2.1146e+01 1.9339e+00
6.2941e+01 1.3035e+04 1.6170e-03 7.6429e-01 1.3035e+04 2.1077e+01 1.9278e+00
6.3333e+01 1.3036e+04 1.6112e-03 7.6180e-01 1.3036e+04 2.1004e+01 1.9214e+00
6.3725e+01 1.3037e+04 1.6050e-03 7.5923e-01 1.3037e+04 2.0925e+01 1.9149e+00
6.4118e+01 1.3038e+04 1.5986e-03 7.5658e-01 1.3038e+04 2.0842e+01 1.9081e+00
6.4510e+01 1.3038e+04 1.5918e-03 7.5384e-01 1.3038e+04 2.0754e+01 1.9011e+00
6.4902e+01 1.3038e+04 1.5847e-03 7.5102e-01 1.3038e+04 2.0661e+01 1.8939e+00
6.5294e+01 1.3038e+04 1.5772e-03 7.4811e-01 1.3038e+04 2.0564e+01 1.8865e+00
6.5686e+01 1.3038e+04 1.5695e-03 7.4510e-01 1.3038e+04 2.0462e+01 1.8788e+00
6.6078e+01 1.3037e+04 1.5614e-03 7.4200e-01 1.3037e+04 2.0355e+01 1.8709e+00
6.6471e+01 1.3036e+04 1.5529e-03 7.3880e-01 1.3036e+04 2.0244e+01 1.8627e+00
6.6863e+01 1.3035e+04 1.5442e-03 7.3550e-01 1.3035e+04 2.0128e+01 1.8543e+00
6.7255e+01 1.3033e+04 1.5351e-03 7.3209e-01 1.3033e+04 2.0007e+01 1.8456e+00
6.7647e+01 1.3031e+04 1.5256e-03 7.2858e-01 1.3031e+04 1.9881e+01 1.8366e+00
6.8039e+01 1.3029e+04 1.5159e-03 7.2496e-01 1.3029e+04 1.9751e+01 1.8274e+00
6.8431e+01 1.3027e+04 1.5058e-03 7.2123e-01 1.3027e+04 1.9616e+01 1.8178e+00
6.8824e+01 1.3025e+04 1.4953e-03 7.1738e-01 1.3025e+04 1.9476e+01 1.8080e+00
6.9216e+01 1.3022e+04 1.4845e-03 7.1342e-01 1.3022e+04 1.9331e+01 1.7979e+00
6.9608e+01 1.3019e+04 1.4733e-03 7.0933e-01 1.3019e+04 1.9181e+01 1.7875e+00
7.0000e+01 1.3016e+04 1.4618e-03 7.0512e-01 1.3016e+04 1.9027e+01 1.7767e+00
7.0392e+01 1.3013e+04 1.4499e-03 7.0078e-01 1.3013e+04 1.8868e+01 1.7656e+00
7.0784e+01 1.3009e+04 1.4377e-03 6.9631e-01 1.3009e+04 1.8703e+01 1.7542e+00
7.1176e+01 1.3005e+04 1.4251e-03 6.9171e-01 1.3005e+04 1.8534e+01 1.7425e+00
7.1569e+01 1.3001e+04 1.4122e-03 6.8697e-01 1.3001e+04 1.8360e+01 1.7304e+00
7.1961e+01 1.2997e+04 1.3988e-03 6.8209e-01 1.2997e+04 1.8181e+01 1.7179e+00
7.2353e+01 1.2993e+04 1.3851e-03 6.7706e-01 1.2993e+04 1.7997e+01 1.7051e+00
7.2745e+01 1.2988e+04 1.3711e-03 6.7190e-01 1.2988e+04 1.7808e+01 1.6919e+00
7.3137e+01 1.2983e+04 1.3566e-03 6.6658e-01 1.2983e+04 1.7614e+01 1.6784e+00
7.3529e+01 1.2979e+04 1.3418e-03 6.6111e-01 1.2979e+04 1.7414e+01 1.6645e+00
7.3922e+01 1.2973e+04 1.3266e-03 6.5549e-01 1.2973e+04 1.7210e+01 1.6501e+00
7.4314e+01 1.2968e+04 1.3110e-03 6.4970e-01 1.2968e+04 1.7001e+01 1.6354e+00
7.4706e+01 1.2962e+04 1.2950e-03 6.4376e-01 1.2962e+04 1.6786e+01 1.6203e+00
7.5098e+01 1.2957e+04 1.2786e-03 6.3765e-01 1.2957e+04 1.6567e+01 1.6047e+00
7.5490e+01 1.2951e+04 1.2619e-03 6.3138e-01 1.2951e+04 1.6342e+01 1.5888e+00
7.5882e+01 1.2945e+04 1.2447e-03 6.2493e-01 1.2945e+04 1.6112e+01 1.5724e+00
7.6275e+01 1.2938e+04 1.2271e-03 6.1831e-01 1.2938e+04 1.5877e+01 1.5555e+00
7.6667e+01 1.2932e+04 1.2092e-03 6.1151e-01 1.2932e+04 1.5637e+01 1.5382e+00
7.7059e+01 1.2925e+04 1.1908e-03 6.0454e-01 1.2925e+04 1.5391e+01 1.5205e+00
7.7451e+01 1.2918e+04 1.1720e-03 5.9738e-01 1.2918e+04 1.5141e+01 1.5023e+00
7.7843e+01 1.2911e+04 1.1528e-03 5.9003e-01 1.2911e+04 1.4885e+01 1.4837e+00
7.8235e+01 1.2904e+04 1.1332e-03 5.8249e-01 1.2904e+04 1.4623e+01 1.4645e+00
7.8627e+01 1.2897e+04 1.1132e-03 5.7477e-01 1.2897e+04 1.4357e+01 1.4449e+00
7.9020e+01 1.2889e+04 1.0927e-03 5.6684e-01 1.2889e+04 1.4085e+01 1.4248e+00
7.9412e+01 1.2882e+04 1.0719e-03 5.5872e-01 1.2882e+04 1.3807e+01 1.4042e+00
7.9804e+01 1.2874e+04 1.0506e-03 5.5039e-01 1.2874e+04 1.3525e+01 1.3831e+00
8.0196e+01 1.2866e+04 1.0288e-03 5.4185e-01 1.2866e+04 1.3237e+01 1.3614e+00
8.0588e+01 1.2858e+04 1.0066e-03 5.3311e-01 1.2858e+04 1.2943e+01 1.3393e+00
8.0980e+01 1.2849e+04 9.8402e-04 5.2415e-01 1.2849e+04 1.2644e+01 1.3166e+00
8.1373e+01 1.2841e+04 9.6096e-04 5.1497e-01 1.2841e+04 1.2340e+01 1.2933e+00
8.1765e+01 1.2832e+04 9.3745e-04 5.0556e-01 1.2832e+04 1.2030e+01 1.2696e+00
8.2157e+01 1.2823e+04 9.1348e-04 4.9594e-01 1.2823e+04 1.1714e+01 1.2452e+00
8.2549e+01 1.2814e+04 8.8905e-04 4.8608e-01 1.2814e+04 1.1393e+01 1.2203e+00
8.2941e+01 1.2805e+04 8.6416e-04 4.7598e-01 1.2805e+04 1.1066e+01 1.1947e+00
8.3333e+01 1.2796e+04 8.3879e-04 4.6565e-01 1.2796e+04 1.0733e+01 1.1686e+00
8.3725e+01 1.2786e+04 8.1295e-04 4.5506e-01 1.2786e+04 1.0395e+01 1.1419e+00
8.4118e+01 1.2777e+04 7.8662e-04 4.4423e-01 1.2777e+04 1.0050e+01 1.1145e+00
8.4510e+01 1.2767e+04 7.5980e-04 4.3315e-01 1.2767e+04 9.7002e+00 1.0865e+00
8.4902e+01 1.2757e+04 7.3248e-04 4.2180e-01 1.2757e+04 9.3442e+00 1.0579e+00
8.5294e+01 1.2747e+04 7.0466e-04 4.1018e-01 1.2747e+04 8.9821e+00 1.0286e+00
8.5686e+01 1.2736e+04 6.7632e-04 3.9829e-01 1.2736e+04 8.6140e+00 9.9865e-01
8.6078e+01 1.2726e+04 6.4747e-04 3.8613e-01 1.2726e+04 8.2397e+00 9.6798e-01
8.6471e+01 1.2715e+04 6.1809e-04 3.7367e-01 1.2715e+04 7.8593e+00 9.3662e-01
8.6863e+01 1.2705e+04 5.8818e-04 3.6093e-01 1.2705e+04 7.4726e+00 9.0453e-01
8.7255e+01 1.2694e+04 5.5772e-04 3.4789e-01 1.2694e+04 7.0795e+00 8.7170e-01
8.7647e+01 1.2683e+04 5.2671e-04 3.3454e-01 1.2683e+04 6.6801e+00 8.3812e-01
8.8039e+01 1.2671e+04 4.9514e-04 3.2089e-01 1.2671e+04 6.2741e+00 8.0377e-01
8.8431e+01 1.2660e+04 4.6300e-04 3.0691e-01 1.2660e+04 5.8615e+00 7.6863e-01
8.8824e+01 1.2648e+04 4.3028e-04 2.9261e-01 1.2648e+04 5.4423e+00 7.3268e-01
8.9216e+01 1.2637e+04 3.9697e-04 2.7797e-01 1.2637e+04 5.0164e+00 6.9591e-01
8.9608e+01 1.2625e+04 3.6307e-04 2.6298e-01 1.2625e+04 4.5835e+00 6.5829e-01
9.0000e+01 1.2612e+04 3.2855e-04 2.4765e-01 1.2612e+04 4.1438e+00 6.1981e-01
9.0392e+01 1.2600e+04 2.9342e-04 2.3197e-01 1.2600e+04 3.6972e+00 5.8046e-01
9.0784e+01 1.2588e+04 2.5771e-04 2.1593e-01 1.2588e+04 3.2440e+00 5.4024e-01
9.1176e+01 1.2575e+04 2.2147e-04 1.9957e-01 1.2575e+04 2.7851e+00 4.9923e-01
9.1569e+01 1.2563e+04 1.8493e-04 1.8298e-01 1.2563e+04 2.3232e+00 4.5766e-01
9.1961e+01 1.2550e+04 1.4857e-04 1.6639e-01 1.2550e+04 1.8646e+00 4.1612e-01
9.2353e+01 1.2538e+04 1.1342e-04 1.5030e-01 1.2538e+04 1.4221e+00 3.7583e-01
9.2745e+01 1.2528e+04 8.1108e-05 1.3552e-01 1.2528e+04 1.0161e+00 3.3885e-01
9.3137e+01 1.2518e+04 5.3627e-05 1.2307e-01 1.2518e+04 6.7132e-01 3.0770e-01
9.3529e+01 1.2511e+04 3.2540e-05 1.1370e-01 1.2511e+04 4.0711e-01 2.8425e-01
9.3922e+01 1.2506e+04 1.8158e-05 1.0748e-01 1.2506e+04 2.2709e-01 2.6869e-01
9.4314e+01 1.2503e+04 9.4331e-06 1.0381e-01 1.2503e+04 1.1795e-01 2.5953e-01
9.4706e+01 1.2502e+04 4.6476e-06 1.0186e-01 1.2502e+04 5.8102e-02 2.5464e-01
9.5098e+01 1.2501e+04 2.2123e-06 1.0088e-01 1.2501e+04 2.7656e-02 2.5219e-01
9.5490e+01 1.2500e+04 1.0321e-06 1.0041e-01 1.2500e+04 1.2902e-02 2.5102e-01
9.5882e+01 1.2500e+04 4.7616e-07 1.0019e-01 1.2500e+04 5.9521e-03 2.5047e-01
9.6275e+01 1.2500e+04 2.1831e-07 1.0009e-01 1.2500e+04 2.7289e-03 2.5022e-01
9.6667e+01 1.2500e+04 9.9718e-08 1.0004e-01 1.2500e+04 1.2465e-03 2.5010e-01
9.7059e+01 1.2500e+04 4.5433e-08 1.0002e-01 1.2500e+04 5.6791e-04 2.5005e-01
9.7451e+01 1.2500e+04 2.0659e-08 1.0001e-01 1.2500e+04 2.5823e-04 2.5002e-01
9.7843e+01 1.2500e+04 9.3777e-09 1.0000e-01 1.2500e+04 1.1722e-04 2.5001e-01
9.8235e+01 1.2500e+04 4.2507e-09 1.0000e-01 1.2500e+04 5.3134e-05 2.5000e-01
9.8627e+01 1.2500e+04 1.9253e-09 1.0000e-01 1.2500e+04 2.4066e-05 2.5000e-01
9.9020e+01 1.2500e+04 8.7404e-10 1.0000e-01 1.2500e+04 1.0926e-05 2.5000e-01
9.9412e+01 1.2500e+04 4.0278e-10 1.0000e-01 1.2500e+04 5.0347e-06 2.5000e-01
9.9804e+01 1.2500e+04 2.0703e-10 1.0000e-01 1.2500e+04 2.5879e-06 2.5000e-01
