# # x Density Velocity Pressure q0 q1 q2
1.9608e-01 1.0000e+05 9.0458e-18 1.0000e+00 1.0000e+05 9.0458e-13 2.5000e+00
5.8824e-01 1.0000e+05 1.6139e-17 1.0000e+00 1.0000e+05 1.6139e-12 2.5000e+00
9.8039e-01 1.0000e+05 2.5185e-17 1.0000e+00 1.0000e+05 2.5185e-12 2.5000e+00
1.3725e+00 1.0000e+05 3.7267e-17 1.0000e+00 1.0000e+05 3.7267e-12 2.5000e+00
1.7647e+00 1.0000e+05 5.4877e-17 1.0000e+00 1.0000e+05 5.4877e-12 2.5000e+00
2.1569e+00 1.0000e+05 8.0834e-17 1.0000e+00 1.0000e+05 8.0834e-12 2.5000e+00
2.5490e+00 1.0000e+05 1.1992e-16 1.0000e+00 1.0000e+05 1.1992e-11 2.5000e+00
2.9412e+00 1.0000e+05 1.8014e-16 1.0000e+00 1.0000e+05 1.8014e-11 2.5000e+00
3.3333e+00 1.0000e+05 2.7352e-16 1.0000e+00 1.0000e+05 2.7352e-11 2.5000e+00
3.7255e+00 1.0000e+05 4.1854e-16 1.0000e+00 1.0000e+05 4.1854e-11 2.5000e+00
4.1176e+00 1.0000e+05 6.4354e-16 1.0000e+00 1.0000e+05 6.4354e-11 2.5000e+00
4.5098e+00 1.0000e+05 9.9245e-16 1.0000e+00 1.0000e+05 9.9245e-11 2.5000e+00
4.9020e+00 1.0000e+05 1.5326e-15 1.0000e+00 1.0000e+05 1.5326e-10 2.5000e+00
5.2941e+00 1.0000e+05 2.3654e-15 1.0000e+00 1.0000e+05 2.3654e-10 2.5000e+00
5.6863e+00 1.0000e+05 3.6452e-15 1.0000e+00 1.0000e+05 3.6452e-10 2.5000e+00
6.0784e+00 1.0000e+05 5.6035e-15 1.0000e+00 1.0000e+05 5.6035e-10 2.5000e+00
6.4706e+00 1.0000e+05 8.5875e-15 1.0000e+00 1.0000e+05 8.5875e-10 2.5000e+00
6.8627e+00 1.0000e+05 1.3117e-14 1.0000e+00 1.0000e+05 1.3117e-09 2.5000e+00
7.2549e+00 1.0000e+05 1.9968e-14 1.0000e+00 1.0000e+05 1.9968e-09 2.5000e+00
7.6471e+00 1.0000e+05 3.0288e-14 1.0000e+00 1.0000e+05 3.0288e-09 2.5000e+00
8.0392e+00 1.0000e+05 4.5775e-14 1.0000e+00 1.0000e+05 4.5775e-09 2.5000e+00
8.4314e+00 1.0000e+05 6.8928e-14 1.0000e+00 1.0000e+05 6.8928e-09 2.5000e+00
8.8235e+00 1.0000e+05 1.0340e-13 1.0000e+00 1.0000e+05 1.0340e-08 2.5000e+00
9.2157e+00 1.0000e+05 1.5455e-13 1.0000e+00 1.0000e+05 1.5455e-08 2.5000e+00
9.6078e+00 1.0000e+05 2.3012e-13 1.0000e+00 1.0000e+05 2.3012e-08 2.5000e+00
1.0000e+01 1.0000e+05 3.4136e-13 1.0000e+00 1.0000e+05 3.4136e-08 2.5000e+00
1.0392e+01 1.0000e+05 5.0447e-13 1.0000e+00 1.0000e+05 5.0447e-08 2.5000e+00
1.0784e+01 1.0000e+05 7.4271e-13 1.0000e+00 1.0000e+05 7.4271e-08 2.5000e+00
1.1176e+01 1.0000e+05 1.0893e-12 1.0000e+00 1.0000e+05 1.0893e-07 2.5000e+00
1.1569e+01 1.0000e+05 1.5917e-12 1.0000e+00 1.0000e+05 1.5917e-07 2.5000e+00
1.1961e+01 1.0000e+05 2.3169e-12 1.0000e+00 1.0000e+05 2.3169e-07 2.5000e+00
1.2353e+01 1.0000e+05 3.3598e-12 1.0000e+00 1.0000e+05 3.3598e-07 2.5000e+00
1.2745e+01 1.0000e+05 4.8537e-12 1.0000e+00 1.0000e+05 4.8537e-07 2.5000e+00
1.3137e+01 1.0000e+05 6.9852e-12 1.0000e+00 1.0000e+05 6.9852e-07 2.5000e+00
1.3529e+01 1.0000e+05 1.0015e-11 1.0000e+00 1.0000e+05 1.0015e-06 2.5000e+00
1.3922e+01 1.0000e+05 1.4303e-11 1.0000e+00 1.0000e+05 1.4303e-06 2.5000e+00
1.4314e+01 1.0000e+05 2.0350e-11 1.0000e+00 1.0000e+05 2.0350e-06 2.5000e+00
1.4706e+01 1.0000e+05 2.8845e-11 1.0000e+00 1.0000e+05 2.8845e-06 2.5000e+00
1.5098e+01 1.0000e+05 4.0728e-11 1.0000e+00 1.0000e+05 4.0728e-06 2.5000e+00
1.5490e+01 1.0000e+05 5.7289e-11 1.0000e+00 1.0000e+05 5.7289e-06 2.5000e+00
1.5882e+01 1.0000e+05 8.0277e-11 1.0000e+00 1.0000e+05 8.0277e-06 2.5000e+00
1.6275e+01 1.0000e+05 1.1206e-10 1.0000e+00 1.0000e+05 1.1206e-05 2.5000e+00
1.6667e+01 1.0000e+05 1.5583e-10 1.0000e+00 1.0000e+05 1.5583e-05 2.5000e+00
1.7059e+01 1.0000e+05 2.1586e-10 1.0000e+00 1.0000e+05 2.1586e-05 2.5000e+00
1.7451e+01 1.0000e+05 2.9789e-10 1.0000e+00 1.0000e+05 2.9789e-05 2.5000e+00
1.7843e+01 1.0000e+05 4.0951e-10 1.0000e+00 1.0000e+05 4.0951e-05 2.5000e+00
1.8235e+01 1.0000e+05 5.6081e-10 1.0000e+00 1.0000e+05 5.6081e-05 2.5000e+00
1.8627e+01 1.0000e+05 7.6508e-10 1.0000e+00 1.0000e+05 7.6508e-05 2.5000e+00
1.9020e+01 1.0000e+05 1.0398e-09 1.0000e+00 1.0000e+05 1.0398e-04 2.5000e+00
1.9412e+01 1.0000e+05 1.4076e-09 1.0000e+00 1.0000e+05 1.4076e-04 2.5000e+00
1.9804e+01 1.0000e+05 1.8984e-09 1.0000e+00 1.0000e+05 1.8984e-04 2.5000e+00
2.0196e+01 1.0000e+05 2.5505e-09 1.0000e+00 1.0000e+05 2.5505e-04 2.5000e+00
2.0588e+01 1.0000e+05 3.4135e-09 9.9999e-01 1.0000e+05 3.4135e-04 2.5000e+00
2.0980e+01 1.0000e+05 4.5510e-09 9.9999e-01 1.0000e+05 4.5510e-04 2.5000e+00
2.1373e+01 1.0000e+05 6.0444e-09 9.9999e-01 1.0000e+05 6.0444e-04 2.5000e+00
2.1765e+01 1.0000e+05 7.9972e-09 9.9999e-01 1.0000e+05 7.9972e-04 2.5000e+00
2.2157e+01 1.0000e+05 1.0540e-08 9.9998e-01 1.0000e+05 1.0540e-03 2.5000e+00
2.2549e+01 1.0000e+05 1.3840e-08 9.9998e-01 1.0000e+05 1.3840e-03 2.4999e+00
2.2941e+01 1.0000e+05 1.8102e-08 9.9997e-01 1.0000e+05 1.8102e-03 2.4999e+00
2.3333e+01 1.0000e+05 2.3587e-08 9.9996e-01 1.0000e+05 2.3587e-03 2.4999e+00
2.3725e+01 1.0000e+05 3.0617e-08 9.9995e-01 1.0000e+05 3.0617e-03 2.4999e+00
2.4118e+01 1.0000e+05 3.9592e-08 9.9993e-01 1.0000e+05 3.9592e-03 2.4998e+00
2.4510e+01 1.0000e+05 5.1002e-08 9.9991e-01 1.0000e+05 5.1002e-03 2.4998e+00
2.4902e+01 1.0000e+05 6.5451e-08 9.9989e-01 1.0000e+05 6.5451e-03 2.4997e+00
2.5294e+01 9.9999e+04 8.3675e-08 9.9986e-01 9.9999e+04 8.3675e-03 2.4997e+00
2.5686e+01 9.9999e+04 1.0657e-07 9.9983e-01 9.9999e+04 1.0657e-02 2.4996e+00
2.6078e+01 9.9999e+04 1.3521e-07 9.9978e-01 9.9999e+04 1.3521e-02 2.4995e+00
2.6471e+01 9.9999e+04 1.7091e-07 9.9973e-01 9.9999e+04 1.7091e-02 2.4993e+00
2.6863e+01 9.9999e+04 2.1521e-07 9.9966e-01 9.9999e+04 2.1521e-02 2.4992e+00
2.7255e+01 9.9998e+04 2.6998e-07 9.9958e-01 9.9998e+04 2.6998e-02 2.4989e+00
2.7647e+01 9.9998e+04 3.3742e-07 9.9948e-01 9.9998e+04 3.3741e-02 2.4987e+00
2.8039e+01 9.9997e+04 4.2012e-07 9.9936e-01 9.9997e+04 4.2011e-02 2.4984e+00
2.8431e+01 9.9997e+04 5.2114e-07 9.9922e-01 9.9997e+04 5.2112e-02 2.4981e+00
2.8824e+01 9.9996e+04 6.4404e-07 9.9905e-01 9.9996e+04 6.4401e-02 2.4976e+00
2.9216e+01 9.9995e+04 7.9296e-07 9.9885e-01 9.9995e+04 7.9291e-02 2.4971e+00
2.9608e+01 9.9993e+04 9.7269e-07 9.9860e-01 9.9993e+04 9.7263e-02 2.4965e+00
3.0000e+01 9.9992e+04 1.1888e-06 9.9832e-01 9.9992e+04 1.1887e-01 2.4958e+00
3.0392e+01 9.9990e+04 1.4475e-06 9.9798e-01 9.9990e+04 1.4473e-01 2.4949e+00
3.0784e+01 9.9987e+04 1.7560e-06 9.9758e-01 9.9987e+04 1.7558e-01 2.4940e+00
3.1176e+01 9.9985e+04 2.1225e-06 9.9712e-01 9.9985e+04 2.1222e-01 2.4928e+00
3.1569e+01 9.9981e+04 2.5562e-06 9.9658e-01 9.9981e+04 2.5557e-01 2.4915e+00
3.1961e+01 9.9977e+04 3.0673e-06 9.9596e-01 9.9977e+04 3.0666e-01 2.4899e+00
3.2353e+01 9.9972e+04 3.6673e-06 9.9524e-01 9.9972e+04 3.6663e-01 2.4881e+00
3.2745e+01 9.9967e+04 4.3689e-06 9.9441e-01 9.9967e+04 4.3674e-01 2.4860e+00
3.3137e+01 9.9960e+04 5.1862e-06 9.9347e-01 9.9960e+04 5.1841e-01 2.4837e+00
3.3529e+01 9.9952e+04 6.1344e-06 9.9239e-01 9.9952e+04 6.1314e-01 2.4810e+00
3.3922e+01 9.9943e+04 7.2303e-06 9.9117e-01 9.9943e+04 7.2262e-01 2.4779e+00
3.4314e+01 9.9932e+04 8.4921e-06 9.8979e-01 9.9932e+04 8.4863e-01 2.4745e+00
3.4706e+01 9.9919e+04 9.9394e-06 9.8823e-01 9.9919e+04 9.9313e-01 2.4706e+00
3.5098e+01 9.9904e+04 1.1593e-05 9.8649e-01 9.9904e+04 1.1582e+00 2.4662e+00
3.5490e+01 9.9887e+04 1.3475e-05 9.8455e-01 9.9887e+04 1.3460e+00 2.4614e+00
3.5882e+01 9.9867e+04 1.5609e-05 9.8239e-01 9.9867e+04 1.5588e+00 2.4560e+00
3.6275e+01 9.9844e+04 1.8020e-05 9.8000e-01 9.9844e+04 1.7992e+00 2.4500e+00
3.6667e+01 9.9818e+04 2.0733e-05 9.7737e-01 9.9818e+04 2.0695e+00 2.4434e+00
3.7059e+01 9.9789e+04 2.3776e-05 9.7448e-01 9.9789e+04 2.3725e+00 2.4362e+00
3.7451e+01 9.9755e+04 2.7175e-05 9.7132e-01 9.9755e+04 2.7108e+00 2.4283e+00
3.7843e+01 9.9717e+04 3.0958e-05 9.6788e-01 9.9717e+04 3.0870e+00 2.4197e+00
3.8235e+01 9.9674e+04 3.5154e-05 9.6415e-01 9.9674e+04 3.5039e+00 2.4104e+00
3.8627e+01 9.9625e+04 3.9791e-05 9.6012e-01 9.9625e+04 3.9642e+00 2.4004e+00
3.9020e+01 9.9571e+04 4.4898e-05 9.5578e-01 9.9571e+04 4.4705e+00 2.3895e+00
3.9412e+01 9.9510e+04 5.0501e-05 9.5113e-01 9.9510e+04 5.0254e+00 2.3780e+00
3.9804e+01 9.9443e+04 5.6628e-05 9.4617e-01 9.9443e+04 5.6312e+00 2.3656e+00
4.0196e+01 9.9368e+04 6.3304e-05 9.4090e-01 9.9368e+04 6.2904e+00 2.3525e+00
4.0588e+01 9.9284e+04 7.0554e-05 9.3532e-01 9.9284e+04 7.0049e+00 2.3385e+00
4.0980e+01 9.9193e+04 7.8400e-05 9.2943e-01 9.9193e+04 7.7767e+00 2.3239e+00
4.1373e+01 9.9092e+04 8.6863e-05 9.2325e-01 9.9092e+04 8.6074e+00 2.3085e+00
4.1765e+01 9.8982e+04 9.5960e-05 9.1678e-01 9.8982e+04 9.4982e+00 2.2924e+00
4.2157e+01 9.8861e+04 1.0571e-04 9.1003e-01 9.8861e+04 1.0450e+01 2.2756e+00
4.2549e+01 9.8730e+04 1.1611e-04 9.0302e-01 9.8730e+04 1.1464e+01 2.2582e+00
4.2941e+01 9.8587e+04 1.2720e-04 8.9578e-01 9.8587e+04 1.2540e+01 2.2402e+00
4.3333e+01 9.8432e+04 1.3894e-04 8.8830e-01 9.8432e+04 1.3676e+01 2.2217e+00
4.3725e+01 9.8267e+04 1.5142e-04 8.8066e-01 9.8267e+04 1.4880e+01 2.2028e+00
4.4118e+01 9.8083e+04 1.6434e-04 8.7276e-01 9.8083e+04 1.6119e+01 2.1832e+00
4.4510e+01 9.7907e+04 1.7871e-04 8.6498e-01 9.7907e+04 1.7497e+01 2.1640e+00
4.4902e+01 9.7654e+04 1.9142e-04 8.5629e-01 9.7654e+04 1.8693e+01 2.1425e+00
4.5294e+01 9.7561e+04 2.1101e-04 8.4965e-01 9.7561e+04 2.0586e+01 2.1263e+00
4.5686e+01 9.7028e+04 2.1595e-04 8.3776e-01 9.7028e+04 2.0954e+01 2.0967e+00
4.6078e+01 9.7416e+04 2.5481e-04 8.3711e-01 9.7416e+04 2.4823e+01 2.0959e+00
4.6471e+01 9.5987e+04 2.2990e-04 8.1486e-01 9.5987e+04 2.2068e+01 2.0397e+00
4.6863e+01 9.7541e+04 3.1191e-04 8.2820e-01 9.7541e+04 3.0424e+01 2.0752e+00
4.7255e+01 9.4913e+04 2.4705e-04 7.9267e-01 9.4913e+04 2.3449e+01 1.9846e+00
4.7647e+01 9.6899e+04 3.4593e-04 8.1099e-01 9.6899e+04 3.3520e+01 2.0333e+00
4.8039e+01 9.5056e+04 3.1294e-04 7.8611e-01 9.5056e+04 2.9747e+01 1.9699e+00
4.8431e+01 9.5180e+04 3.4813e-04 7.8344e-01 9.5180e+04 3.3135e+01 1.9644e+00
4.8824e+01 9.5481e+04 3.6546e-04 7.7507e-01 9.5481e+04 3.4894e+01 1.9441e+00
4.9216e+01 8.8923e+04 4.0116e-04 7.7285e-01 8.8923e+04 3.5672e+01 1.9393e+00
4.9608e+01 1.2281e+05 4.0077e-04 7.5788e-01 1.2281e+05 4.9219e+01 1.9046e+00
5.0000e+01 4.2829e+04 4.1631e-04 7.5341e-01 4.2829e+04 1.7830e+01 1.8872e+00
5.0392e+01 1.4779e+04 4.2915e-04 7.4992e-01 1.4779e+04 6.3425e+00 1.8762e+00
5.0784e+01 9.3662e+03 5.0234e-04 7.4990e-01 9.3662e+03 4.7051e+00 1.8759e+00
5.1176e+01 9.2082e+03 6.5328e-04 7.5358e-01 9.2082e+03 6.0155e+00 1.8859e+00
5.1569e+01 9.6066e+03 7.0853e-04 7.4895e-01 9.6066e+03 6.8066e+00 1.8748e+00
5.1961e+01 1.0205e+04 7.5201e-04 7.4464e-01 1.0205e+04 7.6742e+00 1.8645e+00
5.2353e+01 1.0658e+04 8.6006e-04 7.4873e-01 1.0658e+04 9.1664e+00 1.8758e+00
5.2745e+01 1.1107e+04 9.6850e-04 7.5415e-01 1.1107e+04 1.0758e+01 1.8906e+00
5.3137e+01 1.1317e+04 9.9884e-04 7.5222e-01 1.1317e+04 1.1304e+01 1.8862e+00
5.3529e+01 1.1473e+04 9.8505e-04 7.4610e-01 1.1473e+04 1.1301e+01 1.8708e+00
5.3922e+01 1.1589e+04 9.9896e-04 7.4357e-01 1.1589e+04 1.1577e+01 1.8647e+00
5.4314e+01 1.1774e+04 1.0660e-03 7.4733e-01 1.1774e+04 1.2551e+01 1.8750e+00
5.4706e+01 1.1945e+04 1.1493e-03 7.5332e-01 1.1945e+04 1.3729e+01 1.8912e+00
5.5098e+01 1.2084e+04 1.2048e-03 7.5654e-01 1.2084e+04 1.4559e+01 1.9001e+00
5.5490e+01 1.2147e+04 1.2171e-03 7.5510e-01 1.2147e+04 1.4785e+01 1.8967e+00
5.5882e+01 1.2176e+04 1.2021e-03 7.5072e-01 1.2176e+04 1.4636e+01 1.8856e+00
5.6275e+01 1.2208e+04 1.1943e-03 7.4655e-01 1.2208e+04 1.4579e+01 1.8751e+00
5.6667e+01 1.2294e+04 1.2302e-03 7.4777e-01 1.2294e+04 1.5124e+01 1.8787e+00
5.7059e+01 1.2432e+04 1.3124e-03 7.5462e-01 1.2432e+04 1.6316e+01 1.8973e+00
5.7451e+01 1.2596e+04 1.4157e-03 7.6427e-01 1.2596e+04 1.7833e+01 1.9233e+00
5.7843e+01 1.2748e+04 1.5119e-03 7.7343e-01 1.2748e+04 1.9273e+01 1.9482e+00
5.8235e+01 1.2865e+04 1.5836e-03 7.7998e-01 1.2865e+04 2.0373e+01 1.9661e+00
5.8627e+01 1.2940e+04 1.6271e-03 7.8335e-01 1.2940e+04 2.1053e+01 1.9755e+00
5.9020e+01 1.2981e+04 1.6476e-03 7.8410e-01 1.2981e+04 2.1388e+01 1.9779e+00
5.9412e+01 1.3001e+04 1.6541e-03 7.8323e-01 1.3001e+04 2.1505e+01 1.9759e+00
5.9804e+01 1.3011e+04 1.6540e-03 7.8165e-01 1.3011e+04 2.1520e+01 1.9719e+00
6.0196e+01 1.3016e+04 1.6516e-03 7.7982e-01 1.3016e+04 2.1497e+01 1.9673e+00
6.0588e+01 1.3021e+04 1.6484e-03 7.7789e-01 1.3021e+04 2.1463e+01 1.9624e+00
6.0980e+01 1.3024e+04 1.6448e-03 7.7589e-01 1.3024e+04 2.1422e+01 1.9573e+00
6.1373e+01 1.3028e+04 1.6408e-03 7.7382e-01 1.3028e+04 2.1376e+01 1.9521e+00
6.1765e+01 1.3030e+04 1.6365e-03 7.7167e-01 1.3030e+04 2.1324e+01 1.9466e+00
6.2157e+01 1.3033e+04 1.6318e-03 7.6945e-01 1.3033e+04 2.1267e+01 1.9410e+00
6.2549e+01 1.3035e+04 1.6268e-03 7.6716e-01 1.3035e+04 2.1205e+01 1.9352e+00
6.2941e+01 1.3037e+04 1.6214e-03 7.6480e-01 1.3037e+04 2.1138e+01 1.9291e+00
6.3333e+01 1.3038e+04 1.6158e-03 7.6236e-01 1.3038e+04 2.1067e+01 1.9229e+00
6.3725e+01 1.3039e+04 1.6098e-03 7.5983e-01 1.3039e+04 2.0990e+01 1.9165e+00
6.4118e+01 1.3040e+04 1.6035e-03 7.5723e-01 1.3040e+04 2.0909e+01 1.9098e+00
6.4510e+01 1.3040e+04 1.5969e-03 7.5455e-01 1.3040e+04 2.0824e+01 1.9030e+00
6.4902e+01 1.3041e+04 1.5899e-03 7.5178e-01 1.3041e+04 2.0733e+01 1.8959e+00
6.5294e+01 1.3040e+04 1.5826e-03 7.4892e-01 1.3040e+04 2.0638e+01 1.8886e+00
6.5686e+01 1.3040e+04 1.5750e-03 7.4598e-01 1.3040e+04 2.0539e+01 1.8811e+00
6.6078e+01 1.3039e+04 1.5671e-03 7.4294e-01 1.3039e+04 2.0435e+01 1.8734e+00
6.6471e+01 1.3039e+04 1.5589e-03 7.3980e-01 1.3039e+04 2.0326e+01 1.8654e+00
6.6863e+01 1.3037e+04 1.5503e-03 7.3657e-01 1.3037e+04 2.0212e+01 1.8571e+00
6.7255e+01 1.3036e+04 1.5414e-03 7.3324e-01 1.3036e+04 2.0094e+01 1.8486e+00
6.7647e+01 1.3034e+04 1.5322e-03 7.2980e-01 1.3034e+04 1.9971e+01 1.8398e+00
6.8039e+01 1.3032e+04 1.5226e-03 7.2625e-01 1.3032e+04 1.9843e+01 1.8307e+00
6.8431e+01 1.3030e+04 1.5127e-03 7.2260e-01 1.3030e+04 1.9711e+01 1.8214e+00
6.8824e+01 1.3028e+04 1.5024e-03 7.1883e-01 1.3028e+04 1.9574e+01 1.8118e+00
6.9216e+01 1.3025e+04 1.4919e-03 7.1495e-01 1.3025e+04 1.9432e+01 1.8019e+00
6.9608e+01 1.3023e+04 1.4809e-03 7.1095e-01 1.3023e+04 1.9285e+01 1.7917e+00
7.0000e+01 1.3020e+04 1.4696e-03 7.0683e-01 1.3020e+04 1.9134e+01 1.7811e+00
7.0392e+01 1.3016e+04 1.4580e-03 7.0258e-01 1.3016e+04 1.8978e+01 1.7703e+00
7.0784e+01 1.3013e+04 1.4460e-03 6.9821e-01 1.3013e+04 1.8817e+01 1.7591e+00
7.1176e+01 1.3009e+04 1.4337e-03 6.9371e-01 1.3009e+04 1.8651e+01 1.7476e+00
7.1569e+01 1.3005e+04 1.4209e-03 6.8907e-01 1.3005e+04 1.8480e+01 1.7358e+00
7.1961e+01 1.3001e+04 1.4079e-03 6.8430e-01 1.3001e+04 1.8304e+01 1.7236e+00
7.2353e+01 1.2997e+04 1.3944e-03 6.7939e-01 1.2997e+04 1.8124e+01 1.7111e+00
7.2745e+01 1.2993e+04 1.3806e-03 6.7433e-01 1.2993e+04 1.7938e+01 1.6982e+00
7.3137e+01 1.2988e+04 1.3665e-03 6.6913e-01 1.2988e+04 1.7748e+01 1.6850e+00
7.3529e+01 1.2983e+04 1.3519e-03 6.6378e-01 1.2983e+04 1.7552e+01 1.6713e+00
7.3922e+01 1.2978e+04 1.3370e-03 6.5828e-01 1.2978e+04 1.7352e+01 1.6573e+00
7.4314e+01 1.2973e+04 1.3217e-03 6.5263e-01 1.2973e+04 1.7146e+01 1.6429e+00
7.4706e+01 1.2967e+04 1.3060e-03 6.4682e-01 1.2967e+04 1.6935e+01 1.6281e+00
7.5098e+01 1.2962e+04 1.2899e-03 6.4084e-01 1.2962e+04 1.6720e+01 1.6129e+00
7.5490e+01 1.2956e+04 1.2735e-03 6.3471e-01 1.2956e+04 1.6499e+01 1.5973e+00
7.5882e+01 1.2950e+04 1.2566e-03 6.2840e-01 1.2950e+04 1.6273e+01 1.5812e+00
7.6275e+01 1.2944e+04 1.2394e-03 6.2193e-01 1.2944e+04 1.6042e+01 1.5648e+00
7.6667e+01 1.2937e+04 1.2217e-03 6.1528e-01 1.2937e+04 1.5806e+01 1.5479e+00
7.7059e+01 1.2931e+04 1.2037e-03 6.0846e-01 1.2931e+04 1.5565e+01 1.5305e+00
7.7451e+01 1.2924e+04 1.1852e-03 6.0146e-01 1.2924e+04 1.5318e+01 1.5127e+00
7.7843e+01 1.2917e+04 1.1664e-03 5.9428e-01 1.2917e+04 1.5066e+01 1.4945e+00
7.8235e+01 1.2910e+04 1.1471e-03 5.8691e-01 1.2910e+04 1.4809e+01 1.4758e+00
7.8627e+01 1.2903e+04 1.1274e-03 5.7935e-01 1.2903e+04 1.4547e+01 1.4566e+00
7.9020e+01 1.2896e+04 1.1073e-03 5.7160e-01 1.2896e+04 1.4280e+01 1.4369e+00
7.9412e+01 1.2888e+04 1.0868e-03 5.6365e-01 1.2888e+04 1.4007e+01 1.4167e+00
7.9804e+01 1.2880e+04 1.0659e-03 5.5551e-01 1.2880e+04 1.3729e+01 1.3961e+00
8.0196e+01 1.2873e+04 1.0445e-03 5.4716e-01 1.2873e+04 1.3446e+01 1.3749e+00
8.0588e+01 1.2864e+04 1.0227e-03 5.3861e-01 1.2864e+04 1.3157e+01 1.3533e+00
8.0980e+01 1.2856e+04 1.0005e-03 5.2985e-01 1.2856e+04 1.2863e+01 1.3311e+00
8.1373e+01 1.2848e+04 9.7784e-04 5.2087e-01 1.2848e+04 1.2563e+01 1.3083e+00
8.1765e+01 1.2839e+04 9.5474e-04 5.1168e-01 1.2839e+04 1.2258e+01 1.2850e+00
8.2157e+01 1.2831e+04 9.3118e-04 5.0226e-01 1.2831e+04 1.1948e+01 1.2612e+00
8.2549e+01 1.2822e+04 9.0717e-04 4.9263e-01 1.2822e+04 1.1631e+01 1.2368e+00
8.2941e+01 1.2813e+04 8.8270e-04 4.8276e-01 1.2813e+04 1.1310e+01 1.2119e+00
8.3333e+01 1.2803e+04 8.5777e-04 4.7265e-01 1.2803e+04 1.0982e+01 1.1863e+00
8.3725e+01 1.2794e+04 8.3237e-04 4.6231e-01 1.2794e+04 1.0649e+01 1.1602e+00
8.4118e+01 1.2785e+04 8.0650e-04 4.5172e-01 1.2785e+04 1.0311e+01 1.1335e+00
8.4510e+01 1.2775e+04 7.8014e-04 4.4089e-01 1.2775e+04 9.9662e+00 1.1061e+00
8.4902e+01 1.2765e+04 7.5330e-04 4.2980e-01 1.2765e+04 9.6159e+00 1.0781e+00
8.5294e+01 1.2755e+04 7.2596e-04 4.1845e-01 1.2755e+04 9.2597e+00 1.0495e+00
8.5686e+01 1.2745e+04 6.9812e-04 4.0683e-01 1.2745e+04 8.8975e+00 1.0202e+00
8.6078e+01 1.2735e+04 6.6977e-04 3.9495e-01 1.2735e+04 8.5293e+00 9.9022e-01
8.6471e+01 1.2724e+04 6.4091e-04 3.8278e-01 1.2724e+04 8.1551e+00 9.5957e-01
8.6863e+01 1.2713e+04 6.1153e-04 3.7034e-01 1.2713e+04 7.7746e+00 9.2822e-01
8.7255e+01 1.2703e+04 5.8161e-04 3.5760e-01 1.2703e+04 7.3880e+00 8.9616e-01
8.7647e+01 1.2692e+04 5.5115e-04 3.4457e-01 1.2692e+04 6.9951e+00 8.6336e-01
8.8039e+01 1.2681e+04 5.2015e-04 3.3124e-01 1.2681e+04 6.5958e+00 8.2982e-01
8.8431e+01 1.2669e+04 4.8859e-04 3.1760e-01 1.2669e+04 6.1901e+00 7.9551e-01
8.8824e+01 1.2658e+04 4.5646e-04 3.0364e-01 1.2658e+04 5.7778e+00 7.6042e-01
8.9216e+01 1.2646e+04 4.2376e-04 2.8936e-01 1.2646e+04 5.3590e+00 7.2452e-01
8.9608e+01 1.2635e+04 3.9047e-04 2.7474e-01 1.2635e+04 4.9334e+00 6.8781e-01
9.0000e+01 1.2623e+04 3.5659e-04 2.5979e-01 1.2623e+04 4.5011e+00 6.5027e-01
9.0392e+01 1.2610e+04 3.2211e-04 2.4448e-01 1.2610e+04 4.0619e+00 6.1187e-01
9.0784e+01 1.2598e+04 2.8702e-04 2.2883e-01 1.2598e+04 3.6160e+00 5.7260e-01
9.1176e+01 1.2586e+04 2.5136e-04 2.1284e-01 1.2586e+04 3.1636e+00 5.3249e-01
9.1569e+01 1.2573e+04 2.1520e-04 1.9653e-01 1.2573e+04 2.7058e+00 4.9162e-01
9.1961e+01 1.2561e+04 1.7880e-04 1.8002e-01 1.2561e+04 2.2458e+00 4.5026e-01
9.2353e+01 1.2548e+04 1.4270e-04 1.6358e-01 1.2548e+04 1.7907e+00 4.0907e-01
9.2745e+01 1.2537e+04 1.0801e-04 1.4773e-01 1.2537e+04 1.3541e+00 3.6940e-01
9.3137e+01 1.2526e+04 7.6439e-05 1.3333e-01 1.2526e+04 9.5748e-01 3.3337e-01
9.3529e+01 1.2517e+04 4.9949e-05 1.2138e-01 1.2517e+04 6.2522e-01 3.0347e-01
9.3922e+01 1.2510e+04 2.9951e-05 1.1254e-01 1.2510e+04 3.7471e-01 2.8136e-01
9.4314e+01 1.2506e+04 1.6542e-05 1.0678e-01 1.2506e+04 2.0687e-01 2.6694e-01
9.4706e+01 1.2503e+04 8.5280e-06 1.0343e-01 1.2503e+04 1.0663e-01 2.5858e-01
9.5098e+01 1.2502e+04 4.1821e-06 1.0166e-01 1.2502e+04 5.2283e-02 2.5416e-01
9.5490e+01 1.2501e+04 1.9864e-06 1.0079e-01 1.2501e+04 2.4832e-02 2.5196e-01
9.5882e+01 1.2500e+04 9.2622e-07 1.0037e-01 1.2500e+04 1.1578e-02 2.5091e-01
9.6275e+01 1.2500e+04 4.2748e-07 1.0017e-01 1.2500e+04 5.3435e-03 2.5042e-01
9.6667e+01 1.2500e+04 1.9616e-07 1.0008e-01 1.2500e+04 2.4521e-03 2.5019e-01
9.7059e+01 1.2500e+04 8.9703e-08 1.0004e-01 1.2500e+04 1.1213e-03 2.5009e-01
9.7451e+01 1.2500e+04 4.0921e-08 1.0002e-01 1.2500e+04 5.1151e-04 2.5004e-01
9.7843e+01 1.2500e+04 1.8632e-08 1.0001e-01 1.2500e+04 2.3290e-04 2.5002e-01
9.8235e+01 1.2500e+04 8.4708e-09 1.0000e-01 1.2500e+04 1.0588e-04 2.5001e-01
9.8627e+01 1.2500e+04 3.8481e-09 1.0000e-01 1.2500e+04 4.8102e-05 2.5000e-01
9.9020e+01 1.2500e+04 1.7523e-09 1.0000e-01 1.2500e+04 2.1903e-05 2.5000e-01
9.9412e+01 1.2500e+04 8.1004e-10 1.0000e-01 1.2500e+04 1.0125e-05 2.5000e-01
9.9804e+01 1.2500e+04 4.1791e-10 1.0000e-01 1.2500e+04 5.2239e-06 2.5000e-01
