# # x Density Velocity Pressure q0 q1 q2
1.9608e-01 1.0000e+05 1.1680e-17 1.0000e+00 1.0000e+05 1.1680e-12 2.5000e+00
5.8824e-01 1.0000e+05 1.9629e-17 1.0000e+00 1.0000e+05 1.9629e-12 2.5000e+00
9.8039e-01 1.0000e+05 2.9483e-17 1.0000e+00 1.0000e+05 2.9483e-12 2.5000e+00
1.3725e+00 1.0000e+05 4.2956e-17 1.0000e+00 1.0000e+05 4.2956e-12 2.5000e+00
1.7647e+00 1.0000e+05 6.3016e-17 1.0000e+00 1.0000e+05 6.3016e-12 2.5000e+00
2.1569e+00 1.0000e+05 9.2598e-17 1.0000e+00 1.0000e+05 9.2598e-12 2.5000e+00
2.5490e+00 1.0000e+05 1.3791e-16 1.0000e+00 1.0000e+05 1.3791e-11 2.5000e+00
2.9412e+00 1.0000e+05 2.0777e-16 1.0000e+00 1.0000e+05 2.0777e-11 2.5000e+00
3.3333e+00 1.0000e+05 3.1595e-16 1.0000e+00 1.0000e+05 3.1595e-11 2.5000e+00
3.7255e+00 1.0000e+05 4.8383e-16 1.0000e+00 1.0000e+05 4.8383e-11 2.5000e+00
4.1176e+00 1.0000e+05 7.4400e-16 1.0000e+00 1.0000e+05 7.4400e-11 2.5000e+00
4.5098e+00 1.0000e+05 1.1468e-15 1.0000e+00 1.0000e+05 1.1468e-10 2.5000e+00
4.9020e+00 1.0000e+05 1.7687e-15 1.0000e+00 1.0000e+05 1.7687e-10 2.5000e+00
5.2941e+00 1.0000e+05 2.7255e-15 1.0000e+00 1.0000e+05 2.7255e-10 2.5000e+00
5.6863e+00 1.0000e+05 4.1921e-15 1.0000e+00 1.0000e+05 4.1921e-10 2.5000e+00
6.0784e+00 1.0000e+05 6.4310e-15 1.0000e+00 1.0000e+05 6.4310e-10 2.5000e+00
6.4706e+00 1.0000e+05 9.8349e-15 1.0000e+00 1.0000e+05 9.8349e-10 2.5000e+00
6.8627e+00 1.0000e+05 1.4990e-14 1.0000e+00 1.0000e+05 1.4990e-09 2.5000e+00
7.2549e+00 1.0000e+05 2.2769e-14 1.0000e+00 1.0000e+05 2.2769e-09 2.5000e+00
7.6471e+00 1.0000e+05 3.4460e-14 1.0000e+00 1.0000e+05 3.4460e-09 2.5000e+00
8.0392e+00 1.0000e+05 5.1966e-14 1.0000e+00 1.0000e+05 5.1966e-09 2.5000e+00
8.4314e+00 1.0000e+05 7.8079e-14 1.0000e+00 1.0000e+05 7.8079e-09 2.5000e+00
8.8235e+00 1.0000e+05 1.1688e-13 1.0000e+00 1.0000e+05 1.1688e-08 2.5000e+00
9.2157e+00 1.0000e+05 1.7431e-13 1.0000e+00 1.0000e+05 1.7431e-08 2.5000e+00
9.6078e+00 1.0000e+05 2.5898e-13 1.0000e+00 1.0000e+05 2.5898e-08 2.5000e+00
1.0000e+01 1.0000e+05 3.8335e-13 1.0000e+00 1.0000e+05 3.8335e-08 2.5000e+00
1.0392e+01 1.0000e+05 5.6533e-13 1.0000e+00 1.0000e+05 5.6533e-08 2.5000e+00
1.0784e+01 1.0000e+05 8.3057e-13 1.0000e+00 1.0000e+05 8.3057e-08 2.5000e+00
1.1176e+01 1.0000e+05 1.2157e-12 1.0000e+00 1.0000e+05 1.2157e-07 2.5000e+00
1.1569e+01 1.0000e+05 1.7726e-12 1.0000e+00 1.0000e+05 1.7726e-07 2.5000e+00
1.1961e+01 1.0000e+05 2.5750e-12 1.0000e+00 1.0000e+05 2.5750e-07 2.5000e+00
1.2353e+01 1.0000e+05 3.7265e-12 1.0000e+00 1.0000e+05 3.7265e-07 2.5000e+00
1.2745e+01 1.0000e+05 5.3725e-12 1.0000e+00 1.0000e+05 5.3725e-07 2.5000e+00
1.3137e+01 1.0000e+05 7.7164e-12 1.0000e+00 1.0000e+05 7.7164e-07 2.5000e+00
1.3529e+01 1.0000e+05 1.1041e-11 1.0000e+00 1.0000e+05 1.1041e-06 2.5000e+00
1.3922e+01 1.0000e+05 1.5738e-11 1.0000e+00 1.0000e+05 1.5738e-06 2.5000e+00
1.4314e+01 1.0000e+05 2.2349e-11 1.0000e+00 1.0000e+05 2.2349e-06 2.5000e+00
1.4706e+01 1.0000e+05 3.1617e-11 1.0000e+00 1.0000e+05 3.1617e-06 2.5000e+00
1.5098e+01 1.0000e+05 4.4558e-11 1.0000e+00 1.0000e+05 4.4558e-06 2.5000e+00
1.5490e+01 1.0000e+05 6.2558e-11 1.0000e+00 1.0000e+05 6.2558e-06 2.5000e+00
1.5882e+01 1.0000e+05 8.7496e-11 1.0000e+00 1.0000e+05 8.7496e-06 2.5000e+00
1.6275e+01 1.0000e+05 1.2191e-10 1.0000e+00 1.0000e+05 1.2191e-05 2.5000e+00
1.6667e+01 1.0000e+05 1.6922e-10 1.0000e+00 1.0000e+05 1.6922e-05 2.5000e+00
1.7059e+01 1.0000e+05 2.3399e-10 1.0000e+00 1.0000e+05 2.3399e-05 2.5000e+00
1.7451e+01 1.0000e+05 3.2233e-10 1.0000e+00 1.0000e+05 3.2233e-05 2.5000e+00
1.7843e+01 1.0000e+05 4.4233e-10 1.0000e+00 1.0000e+05 4.4233e-05 2.5000e+00
1.8235e+01 1.0000e+05 6.0469e-10 1.0000e+00 1.0000e+05 6.0469e-05 2.5000e+00
1.8627e+01 1.0000e+05 8.2352e-10 1.0000e+00 1.0000e+05 8.2352e-05 2.5000e+00
1.9020e+01 1.0000e+05 1.1173e-09 1.0000e+00 1.0000e+05 1.1173e-04 2.5000e+00
1.9412e+01 1.0000e+05 1.5100e-09 1.0000e+00 1.0000e+05 1.5100e-04 2.5000e+00
1.9804e+01 1.0000e+05 2.0331e-09 1.0000e+00 1.0000e+05 2.0331e-04 2.5000e+00
2.0196e+01 1.0000e+05 2.7269e-09 9.9999e-01 1.0000e+05 2.7269e-04 2.5000e+00
2.0588e+01 1.0000e+05 3.6437e-09 9.9999e-01 1.0000e+05 3.6437e-04 2.5000e+00
2.0980e+01 1.0000e+05 4.8501e-09 9.9999e-01 1.0000e+05 4.8501e-04 2.5000e+00
2.1373e+01 1.0000e+05 6.4314e-09 9.9999e-01 1.0000e+05 6.4314e-04 2.5000e+00
2.1765e+01 1.0000e+05 8.4959e-09 9.9998e-01 1.0000e+05 8.4959e-04 2.5000e+00
2.2157e+01 1.0000e+05 1.1180e-08 9.9998e-01 1.0000e+05 1.1180e-03 2.4999e+00
2.2549e+01 1.0000e+05 1.4658e-08 9.9997e-01 1.0000e+05 1.4658e-03 2.4999e+00
2.2941e+01 1.0000e+05 1.9143e-08 9.9997e-01 1.0000e+05 1.9143e-03 2.4999e+00
2.3333e+01 1.0000e+05 2.4907e-08 9.9996e-01 1.0000e+05 2.4907e-03 2.4999e+00
2.3725e+01 1.0000e+05 3.2283e-08 9.9994e-01 1.0000e+05 3.2282e-03 2.4999e+00
2.4118e+01 1.0000e+05 4.1685e-08 9.9993e-01 1.0000e+05 4.1685e-03 2.4998e+00
2.4510e+01 1.0000e+05 5.3622e-08 9.9991e-01 1.0000e+05 5.3621e-03 2.4998e+00
2.4902e+01 1.0000e+05 6.8716e-08 9.9989e-01 1.0000e+05 6.8716e-03 2.4997e+00
2.5294e+01 9.9999e+04 8.7728e-08 9.9986e-01 9.9999e+04 8.7728e-03 2.4996e+00
2.5686e+01 9.9999e+04 1.1158e-07 9.9982e-01 9.9999e+04 1.1158e-02 2.4995e+00
2.6078e+01 9.9999e+04 1.4138e-07 9.9977e-01 9.9999e+04 1.4138e-02 2.4994e+00
2.6471e+01 9.9999e+04 1.7847e-07 9.9972e-01 9.9999e+04 1.7847e-02 2.4993e+00
2.6863e+01 9.9999e+04 2.2444e-07 9.9965e-01 9.9999e+04 2.2444e-02 2.4991e+00
2.7255e+01 9.9998e+04 2.8120e-07 9.9956e-01 9.9998e+04 2.8120e-02 2.4989e+00
2.7647e+01 9.9998e+04 3.5100e-07 9.9946e-01 9.9998e+04 3.5099e-02 2.4987e+00
2.8039e+01 9.9997e+04 4.3649e-07 9.9934e-01 9.9997e+04 4.3648e-02 2.4984e+00
2.8431e+01 9.9996e+04 5.4079e-07 9.9919e-01 9.9996e+04 5.4077e-02 2.4980e+00
2.8824e+01 9.9995e+04 6.6753e-07 9.9902e-01 9.9995e+04 6.6750e-02 2.4975e+00
2.9216e+01 9.9994e+04 8.2092e-07 9.9881e-01 9.9994e+04 8.2087e-02 2.4970e+00
2.9608e+01 9.9993e+04 1.0058e-06 9.9856e-01 9.9993e+04 1.0058e-01 2.4964e+00
3.0000e+01 9.9991e+04 1.2279e-06 9.9827e-01 9.9991e+04 1.2278e-01 2.4957e+00
3.0392e+01 9.9989e+04 1.4935e-06 9.9792e-01 9.9989e+04 1.4933e-01 2.4948e+00
3.0784e+01 9.9987e+04 1.8098e-06 9.9752e-01 9.9987e+04 1.8096e-01 2.4938e+00
3.1176e+01 9.9984e+04 2.1853e-06 9.9705e-01 9.9984e+04 2.1849e-01 2.4926e+00
3.1569e+01 9.9981e+04 2.6290e-06 9.9650e-01 9.9981e+04 2.6285e-01 2.4912e+00
3.1961e+01 9.9976e+04 3.1515e-06 9.9586e-01 9.9976e+04 3.1508e-01 2.4897e+00
3.2353e+01 9.9972e+04 3.7643e-06 9.9513e-01 9.9972e+04 3.7632e-01 2.4878e+00
3.2745e+01 9.9966e+04 4.4801e-06 9.9429e-01 9.9966e+04 4.4785e-01 2.4857e+00
3.3137e+01 9.9959e+04 5.3131e-06 9.9333e-01 9.9959e+04 5.3109e-01 2.4833e+00
3.3529e+01 9.9951e+04 6.2787e-06 9.9224e-01 9.9951e+04 6.2756e-01 2.4806e+00
3.3922e+01 9.9941e+04 7.3937e-06 9.9100e-01 9.9941e+04 7.3893e-01 2.4775e+00
3.4314e+01 9.9930e+04 8.6763e-06 9.8961e-01 9.9930e+04 8.6702e-01 2.4740e+00
3.4706e+01 9.9917e+04 1.0146e-05 9.8803e-01 9.9917e+04 1.0138e+00 2.4701e+00
3.5098e+01 9.9902e+04 1.1824e-05 9.8628e-01 9.9902e+04 1.1813e+00 2.4657e+00
3.5490e+01 9.9884e+04 1.3732e-05 9.8431e-01 9.9884e+04 1.3717e+00 2.4608e+00
3.5882e+01 9.9864e+04 1.5895e-05 9.8214e-01 9.9864e+04 1.5873e+00 2.4554e+00
3.6275e+01 9.9841e+04 1.8335e-05 9.7973e-01 9.9841e+04 1.8306e+00 2.4493e+00
3.6667e+01 9.9815e+04 2.1080e-05 9.7707e-01 9.9815e+04 2.1041e+00 2.4427e+00
3.7059e+01 9.9785e+04 2.4156e-05 9.7416e-01 9.9785e+04 2.4104e+00 2.4354e+00
3.7451e+01 9.9751e+04 2.7589e-05 9.7098e-01 9.9751e+04 2.7521e+00 2.4275e+00
3.7843e+01 9.9712e+04 3.1409e-05 9.6753e-01 9.9712e+04 3.1318e+00 2.4189e+00
3.8235e+01 9.9668e+04 3.5642e-05 9.6378e-01 9.9668e+04 3.5524e+00 2.4095e+00
3.8627e+01 9.9619e+04 4.0318e-05 9.5973e-01 9.9619e+04 4.0164e+00 2.3994e+00
3.9020e+01 9.9564e+04 4.5463e-05 9.5538e-01 9.9564e+04 4.5265e+00 2.3885e+00
3.9412e+01 9.9503e+04 5.1105e-05 9.5071e-01 9.9503e+04 5.0851e+00 2.3769e+00
3.9804e+01 9.9435e+04 5.7271e-05 9.4574e-01 9.9435e+04 5.6948e+00 2.3645e+00
4.0196e+01 9.9359e+04 6.3987e-05 9.4046e-01 9.9359e+04 6.3577e+00 2.3514e+00
4.0588e+01 9.9275e+04 7.1276e-05 9.3487e-01 9.9275e+04 7.0759e+00 2.3374e+00
4.0980e+01 9.9183e+04 7.9160e-05 9.2897e-01 9.9183e+04 7.8513e+00 2.3227e+00
4.1373e+01 9.9081e+04 8.7659e-05 9.2278e-01 9.9081e+04 8.6854e+00 2.3073e+00
4.1765e+01 9.8970e+04 9.6791e-05 9.1631e-01 9.8970e+04 9.5794e+00 2.2912e+00
4.2157e+01 9.8848e+04 1.0657e-04 9.0956e-01 9.8848e+04 1.0534e+01 2.2745e+00
4.2549e+01 9.8716e+04 1.1701e-04 9.0256e-01 9.8716e+04 1.1551e+01 2.2571e+00
4.2941e+01 9.8573e+04 1.2812e-04 8.9532e-01 9.8573e+04 1.2629e+01 2.2391e+00
4.3333e+01 9.8418e+04 1.3989e-04 8.8785e-01 9.8418e+04 1.3767e+01 2.2206e+00
4.3725e+01 9.8252e+04 1.5240e-04 8.8022e-01 9.8252e+04 1.4974e+01 2.2017e+00
4.4118e+01 9.8066e+04 1.6532e-04 8.7233e-01 9.8066e+04 1.6213e+01 2.1822e+00
4.4510e+01 9.7891e+04 1.7974e-04 8.6458e-01 9.7891e+04 1.7595e+01 2.1630e+00
4.4902e+01 9.7635e+04 1.9237e-04 8.5588e-01 9.7635e+04 1.8782e+01 2.1415e+00
4.5294e+01 9.7547e+04 2.1219e-04 8.4933e-01 9.7547e+04 2.0698e+01 2.1255e+00
4.5686e+01 9.7001e+04 2.1670e-04 8.3731e-01 9.7001e+04 2.1020e+01 2.0955e+00
4.6078e+01 9.7409e+04 2.5629e-04 8.3693e-01 9.7409e+04 2.4965e+01 2.0955e+00
4.6471e+01 9.5952e+04 2.3037e-04 8.1437e-01 9.5952e+04 2.2104e+01 2.0385e+00
4.6863e+01 9.7532e+04 3.1333e-04 8.2804e-01 9.7532e+04 3.0560e+01 2.0749e+00
4.7255e+01 9.4894e+04 2.4813e-04 7.9244e-01 9.4894e+04 2.3546e+01 1.9840e+00
4.7647e+01 9.6859e+04 3.4626e-04 8.1053e-01 9.6859e+04 3.3538e+01 2.0321e+00
4.8039e+01 9.5058e+04 3.1477e-04 7.8618e-01 9.5058e+04 2.9922e+01 1.9702e+00
4.8431e+01 9.5148e+04 3.4878e-04 7.8316e-01 9.5148e+04 3.3185e+01 1.9637e+00
4.8824e+01 9.5464e+04 3.6604e-04 7.7479e-01 9.5464e+04 3.4944e+01 1.9434e+00
4.9216e+01 8.8831e+04 4.0227e-04 7.7277e-01 8.8831e+04 3.5734e+01 1.9391e+00
4.9608e+01 1.2292e+05 4.0184e-04 7.5779e-01 1.2292e+05 4.9395e+01 1.9044e+00
5.0000e+01 4.3102e+04 4.1748e-04 7.5336e-01 4.3102e+04 1.7995e+01 1.8871e+00
5.0392e+01 1.4863e+04 4.3028e-04 7.4985e-01 1.4863e+04 6.3954e+00 1.8760e+00
5.0784e+01 9.3685e+03 4.9845e-04 7.4934e-01 9.3685e+03 4.6697e+00 1.8745e+00
5.1176e+01 9.1945e+03 6.5303e-04 7.5340e-01 9.1945e+03 6.0043e+00 1.8855e+00
5.1569e+01 9.5961e+03 7.1427e-04 7.4936e-01 9.5961e+03 6.8542e+00 1.8759e+00
5.1961e+01 1.0190e+04 7.5201e-04 7.4448e-01 1.0190e+04 7.6632e+00 1.8641e+00
5.2353e+01 1.0638e+04 8.5341e-04 7.4787e-01 1.0638e+04 9.0789e+00 1.8735e+00
5.2745e+01 1.1093e+04 9.6550e-04 7.5366e-01 1.1093e+04 1.0711e+01 1.8893e+00
5.3137e+01 1.1314e+04 1.0031e-03 7.5252e-01 1.1314e+04 1.1349e+01 1.8870e+00
5.3529e+01 1.1471e+04 9.9010e-04 7.4650e-01 1.1471e+04 1.1358e+01 1.8719e+00
5.3922e+01 1.1581e+04 9.9816e-04 7.4333e-01 1.1581e+04 1.1560e+01 1.8641e+00
5.4314e+01 1.1760e+04 1.0599e-03 7.4648e-01 1.1760e+04 1.2465e+01 1.8728e+00
5.4706e+01 1.1932e+04 1.1433e-03 7.5247e-01 1.1932e+04 1.3642e+01 1.8890e+00
5.5098e+01 1.2077e+04 1.2031e-03 7.5617e-01 1.2077e+04 1.4530e+01 1.8992e+00
5.5490e+01 1.2146e+04 1.2200e-03 7.5529e-01 1.2146e+04 1.4818e+01 1.8973e+00
5.5882e+01 1.2177e+04 1.2066e-03 7.5122e-01 1.2177e+04 1.4693e+01 1.8869e+00
5.6275e+01 1.2205e+04 1.1960e-03 7.4671e-01 1.2205e+04 1.4597e+01 1.8755e+00
5.6667e+01 1.2283e+04 1.2255e-03 7.4717e-01 1.2283e+04 1.5053e+01 1.8772e+00
5.7059e+01 1.2415e+04 1.3026e-03 7.5342e-01 1.2415e+04 1.6172e+01 1.8941e+00
5.7451e+01 1.2578e+04 1.4044e-03 7.6286e-01 1.2578e+04 1.7664e+01 1.9196e+00
5.7843e+01 1.2732e+04 1.5023e-03 7.7220e-01 1.2732e+04 1.9126e+01 1.9449e+00
5.8235e+01 1.2853e+04 1.5774e-03 7.7913e-01 1.2853e+04 2.0274e+01 1.9638e+00
5.8627e+01 1.2933e+04 1.6242e-03 7.8289e-01 1.2933e+04 2.1005e+01 1.9743e+00
5.9020e+01 1.2978e+04 1.6473e-03 7.8394e-01 1.2978e+04 2.1379e+01 1.9775e+00
5.9412e+01 1.3000e+04 1.6552e-03 7.8325e-01 1.3000e+04 2.1518e+01 1.9759e+00
5.9804e+01 1.3011e+04 1.6557e-03 7.8173e-01 1.3011e+04 2.1541e+01 1.9722e+00
6.0196e+01 1.3017e+04 1.6535e-03 7.7993e-01 1.3017e+04 2.1523e+01 1.9676e+00
6.0588e+01 1.3021e+04 1.6504e-03 7.7803e-01 1.3021e+04 2.1490e+01 1.9628e+00
6.0980e+01 1.3025e+04 1.6468e-03 7.7605e-01 1.3025e+04 2.1450e+01 1.9578e+00
6.1373e+01 1.3028e+04 1.6429e-03 7.7400e-01 1.3028e+04 2.1405e+01 1.9526e+00
6.1765e+01 1.3031e+04 1.6387e-03 7.7188e-01 1.3031e+04 2.1354e+01 1.9472e+00
6.2157e+01 1.3034e+04 1.6341e-03 7.6968e-01 1.3034e+04 2.1298e+01 1.9416e+00
6.2549e+01 1.3036e+04 1.6291e-03 7.6741e-01 1.3036e+04 2.1237e+01 1.9358e+00
6.2941e+01 1.3038e+04 1.6239e-03 7.6507e-01 1.3038e+04 2.1172e+01 1.9299e+00
6.3333e+01 1.3039e+04 1.6183e-03 7.6265e-01 1.3039e+04 2.1101e+01 1.9237e+00
6.3725e+01 1.3040e+04 1.6124e-03 7.6016e-01 1.3040e+04 2.1026e+01 1.9173e+00
6.4118e+01 1.3041e+04 1.6062e-03 7.5759e-01 1.3041e+04 2.0946e+01 1.9108e+00
6.4510e+01 1.3042e+04 1.5996e-03 7.5493e-01 1.3042e+04 2.0862e+01 1.9040e+00
6.4902e+01 1.3042e+04 1.5928e-03 7.5219e-01 1.3042e+04 2.0773e+01 1.8970e+00
6.5294e+01 1.3042e+04 1.5856e-03 7.4937e-01 1.3042e+04 2.0679e+01 1.8898e+00
6.5686e+01 1.3041e+04 1.5781e-03 7.4645e-01 1.3041e+04 2.0581e+01 1.8824e+00
6.6078e+01 1.3041e+04 1.5703e-03 7.4345e-01 1.3041e+04 2.0478e+01 1.8747e+00
6.6471e+01 1.3040e+04 1.5621e-03 7.4035e-01 1.3040e+04 2.0370e+01 1.8668e+00
6.6863e+01 1.3039e+04 1.5537e-03 7.3715e-01 1.3039e+04 2.0258e+01 1.8586e+00
6.7255e+01 1.3038e+04 1.5449e-03 7.3385e-01 1.3038e+04 2.0141e+01 1.8502e+00
6.7647e+01 1.3036e+04 1.5357e-03 7.3045e-01 1.3036e+04 2.0020e+01 1.8415e+00
6.8039e+01 1.3034e+04 1.5263e-03 7.2695e-01 1.3034e+04 1.9894e+01 1.8326e+00
6.8431e+01 1.3032e+04 1.5165e-03 7.2334e-01 1.3032e+04 1.9763e+01 1.8233e+00
6.8824e+01 1.3030e+04 1.5064e-03 7.1962e-01 1.3030e+04 1.9627e+01 1.8138e+00
6.9216e+01 1.3027e+04 1.4959e-03 7.1578e-01 1.3027e+04 1.9487e+01 1.8040e+00
6.9608e+01 1.3025e+04 1.4851e-03 7.1183e-01 1.3025e+04 1.9342e+01 1.7939e+00
7.0000e+01 1.3022e+04 1.4739e-03 7.0775e-01 1.3022e+04 1.9193e+01 1.7835e+00
7.0392e+01 1.3018e+04 1.4624e-03 7.0356e-01 1.3018e+04 1.9038e+01 1.7728e+00
7.0784e+01 1.3015e+04 1.4505e-03 6.9924e-01 1.3015e+04 1.8879e+01 1.7618e+00
7.1176e+01 1.3011e+04 1.4383e-03 6.9479e-01 1.3011e+04 1.8715e+01 1.7504e+00
7.1569e+01 1.3008e+04 1.4258e-03 6.9021e-01 1.3008e+04 1.8546e+01 1.7387e+00
7.1961e+01 1.3004e+04 1.4128e-03 6.8549e-01 1.3004e+04 1.8372e+01 1.7267e+00
7.2353e+01 1.2999e+04 1.3995e-03 6.8064e-01 1.2999e+04 1.8193e+01 1.7143e+00
7.2745e+01 1.2995e+04 1.3859e-03 6.7565e-01 1.2995e+04 1.8009e+01 1.7016e+00
7.3137e+01 1.2990e+04 1.3718e-03 6.7051e-01 1.2990e+04 1.7821e+01 1.6885e+00
7.3529e+01 1.2986e+04 1.3574e-03 6.6523e-01 1.2986e+04 1.7627e+01 1.6750e+00
7.3922e+01 1.2981e+04 1.3427e-03 6.5980e-01 1.2981e+04 1.7429e+01 1.6612e+00
7.4314e+01 1.2975e+04 1.3275e-03 6.5421e-01 1.2975e+04 1.7225e+01 1.6470e+00
7.4706e+01 1.2970e+04 1.3120e-03 6.4847e-01 1.2970e+04 1.7017e+01 1.6323e+00
7.5098e+01 1.2965e+04 1.2961e-03 6.4257e-01 1.2965e+04 1.6803e+01 1.6173e+00
7.5490e+01 1.2959e+04 1.2798e-03 6.3651e-01 1.2959e+04 1.6585e+01 1.6019e+00
7.5882e+01 1.2953e+04 1.2631e-03 6.3028e-01 1.2953e+04 1.6361e+01 1.5860e+00
7.6275e+01 1.2947e+04 1.2460e-03 6.2389e-01 1.2947e+04 1.6132e+01 1.5698e+00
7.6667e+01 1.2940e+04 1.2286e-03 6.1733e-01 1.2940e+04 1.5898e+01 1.5531e+00
7.7059e+01 1.2934e+04 1.2107e-03 6.1059e-01 1.2934e+04 1.5659e+01 1.5359e+00
7.7451e+01 1.2927e+04 1.1924e-03 6.0367e-01 1.2927e+04 1.5415e+01 1.5184e+00
7.7843e+01 1.2921e+04 1.1738e-03 5.9658e-01 1.2921e+04 1.5166e+01 1.5003e+00
7.8235e+01 1.2914e+04 1.1547e-03 5.8930e-01 1.2914e+04 1.4911e+01 1.4819e+00
7.8627e+01 1.2906e+04 1.1352e-03 5.8183e-01 1.2906e+04 1.4652e+01 1.4629e+00
7.9020e+01 1.2899e+04 1.1153e-03 5.7418e-01 1.2899e+04 1.4387e+01 1.4435e+00
7.9412e+01 1.2892e+04 1.0950e-03 5.6633e-01 1.2892e+04 1.4116e+01 1.4236e+00
7.9804e+01 1.2884e+04 1.0743e-03 5.5828e-01 1.2884e+04 1.3841e+01 1.4031e+00
8.0196e+01 1.2876e+04 1.0531e-03 5.5004e-01 1.2876e+04 1.3560e+01 1.3822e+00
8.0588e+01 1.2868e+04 1.0315e-03 5.4159e-01 1.2868e+04 1.3274e+01 1.3608e+00
8.0980e+01 1.2860e+04 1.0095e-03 5.3294e-01 1.2860e+04 1.2982e+01 1.3389e+00
8.1373e+01 1.2852e+04 9.8706e-04 5.2407e-01 1.2852e+04 1.2685e+01 1.3164e+00
8.1765e+01 1.2843e+04 9.6417e-04 5.1499e-01 1.2843e+04 1.2383e+01 1.2935e+00
8.2157e+01 1.2835e+04 9.4084e-04 5.0570e-01 1.2835e+04 1.2075e+01 1.2699e+00
8.2549e+01 1.2826e+04 9.1706e-04 4.9618e-01 1.2826e+04 1.1762e+01 1.2458e+00
8.2941e+01 1.2817e+04 8.9283e-04 4.8643e-01 1.2817e+04 1.1443e+01 1.2212e+00
8.3333e+01 1.2808e+04 8.6813e-04 4.7645e-01 1.2808e+04 1.1119e+01 1.1959e+00
8.3725e+01 1.2798e+04 8.4298e-04 4.6624e-01 1.2798e+04 1.0789e+01 1.1701e+00
8.4118e+01 1.2789e+04 8.1735e-04 4.5578e-01 1.2789e+04 1.0453e+01 1.1437e+00
8.4510e+01 1.2779e+04 7.9124e-04 4.4508e-01 1.2779e+04 1.0112e+01 1.1167e+00
8.4902e+01 1.2770e+04 7.6466e-04 4.3413e-01 1.2770e+04 9.7644e+00 1.0891e+00
8.5294e+01 1.2760e+04 7.3758e-04 4.2292e-01 1.2760e+04 9.4113e+00 1.0608e+00
8.5686e+01 1.2750e+04 7.1002e-04 4.1146e-01 1.2750e+04 9.0524e+00 1.0319e+00
8.6078e+01 1.2739e+04 6.8194e-04 3.9972e-01 1.2739e+04 8.6875e+00 1.0023e+00
8.6471e+01 1.2729e+04 6.5336e-04 3.8772e-01 1.2729e+04 8.3166e+00 9.7201e-01
8.6863e+01 1.2718e+04 6.2426e-04 3.7543e-01 1.2718e+04 7.9396e+00 9.4106e-01
8.7255e+01 1.2708e+04 5.9464e-04 3.6286e-01 1.2708e+04 7.5565e+00 9.0941e-01
8.7647e+01 1.2697e+04 5.6448e-04 3.5000e-01 1.2697e+04 7.1671e+00 8.7703e-01
8.8039e+01 1.2686e+04 5.3379e-04 3.3685e-01 1.2686e+04 6.7715e+00 8.4393e-01
8.8431e+01 1.2675e+04 5.0254e-04 3.2339e-01 1.2675e+04 6.3694e+00 8.1006e-01
8.8824e+01 1.2663e+04 4.7073e-04 3.0961e-01 1.2663e+04 5.9610e+00 7.7543e-01
8.9216e+01 1.2652e+04 4.3836e-04 2.9552e-01 1.2652e+04 5.5460e+00 7.4002e-01
8.9608e+01 1.2640e+04 4.0541e-04 2.8110e-01 1.2640e+04 5.1243e+00 7.0380e-01
9.0000e+01 1.2628e+04 3.7187e-04 2.6635e-01 1.2628e+04 4.6960e+00 6.6675e-01
9.0392e+01 1.2616e+04 3.3774e-04 2.5126e-01 1.2616e+04 4.2609e+00 6.2887e-01
9.0784e+01 1.2604e+04 3.0301e-04 2.3582e-01 1.2604e+04 3.8191e+00 5.9013e-01
9.1176e+01 1.2592e+04 2.6768e-04 2.2003e-01 1.2592e+04 3.3706e+00 5.5054e-01
9.1569e+01 1.2579e+04 2.3182e-04 2.0392e-01 1.2579e+04 2.9161e+00 5.1014e-01
9.1961e+01 1.2567e+04 1.9557e-04 1.8754e-01 1.2567e+04 2.4577e+00 4.6910e-01
9.2353e+01 1.2554e+04 1.5932e-04 1.7108e-01 1.2554e+04 2.0001e+00 4.2785e-01
9.2745e+01 1.2542e+04 1.2387e-04 1.5492e-01 1.2542e+04 1.5537e+00 3.8739e-01
9.3137e+01 1.2531e+04 9.0670e-05 1.3977e-01 1.2531e+04 1.1362e+00 3.4947e-01
9.3529e+01 1.2521e+04 6.1619e-05 1.2660e-01 1.2521e+04 7.7153e-01 3.1651e-01
9.3922e+01 1.2513e+04 3.8505e-05 1.1628e-01 1.2513e+04 4.8183e-01 2.9070e-01
9.4314e+01 1.2508e+04 2.2097e-05 1.0913e-01 1.2508e+04 2.7639e-01 2.7284e-01
9.4706e+01 1.2504e+04 1.1752e-05 1.0476e-01 1.2504e+04 1.4695e-01 2.6191e-01
9.5098e+01 1.2502e+04 5.8916e-06 1.0235e-01 1.2502e+04 7.3657e-02 2.5588e-01
9.5490e+01 1.2501e+04 2.8377e-06 1.0112e-01 1.2501e+04 3.5474e-02 2.5281e-01
9.5882e+01 1.2500e+04 1.3341e-06 1.0053e-01 1.2500e+04 1.6677e-02 2.5132e-01
9.6275e+01 1.2500e+04 6.1879e-07 1.0024e-01 1.2500e+04 7.7351e-03 2.5061e-01
9.6667e+01 1.2500e+04 2.8486e-07 1.0011e-01 1.2500e+04 3.5608e-03 2.5028e-01
9.7059e+01 1.2500e+04 1.3057e-07 1.0005e-01 1.2500e+04 1.6321e-03 2.5013e-01
9.7451e+01 1.2500e+04 5.9677e-08 1.0002e-01 1.2500e+04 7.4596e-04 2.5006e-01
9.7843e+01 1.2500e+04 2.7219e-08 1.0001e-01 1.2500e+04 3.4024e-04 2.5003e-01
9.8235e+01 1.2500e+04 1.2395e-08 1.0000e-01 1.2500e+04 1.5494e-04 2.5001e-01
9.8627e+01 1.2500e+04 5.6402e-09 1.0000e-01 1.2500e+04 7.0503e-05 2.5001e-01
9.9020e+01 1.2500e+04 2.5726e-09 1.0000e-01 1.2500e+04 3.2157e-05 2.5000e-01
9.9412e+01 1.2500e+04 1.1913e-09 1.0000e-01 1.2500e+04 1.4891e-05 2.5000e-01
9.9804e+01 1.2500e+04 6.1587e-10 1.0000e-01 1.2500e+04 7.6984e-06 2.5000e-01
