# # x Density Velocity Pressure q0 q1 q2
1.9608e-01 1.0000e+05 1.4105e-17 1.0000e+00 1.0000e+05 1.4105e-12 2.5000e+00
5.8824e-01 1.0000e+05 2.2775e-17 1.0000e+00 1.0000e+05 2.2775e-12 2.5000e+00
9.8039e-01 1.0000e+05 3.3325e-17 1.0000e+00 1.0000e+05 3.3325e-12 2.5000e+00
1.3725e+00 1.0000e+05 4.8002e-17 1.0000e+00 1.0000e+05 4.8002e-12 2.5000e+00
1.7647e+00 1.0000e+05 7.0303e-17 1.0000e+00 1.0000e+05 7.0303e-12 2.5000e+00
2.1569e+00 1.0000e+05 1.0346e-16 1.0000e+00 1.0000e+05 1.0346e-11 2.5000e+00
2.5490e+00 1.0000e+05 1.5427e-16 1.0000e+00 1.0000e+05 1.5427e-11 2.5000e+00
2.9412e+00 1.0000e+05 2.3277e-16 1.0000e+00 1.0000e+05 2.3277e-11 2.5000e+00
3.3333e+00 1.0000e+05 3.5449e-16 1.0000e+00 1.0000e+05 3.5449e-11 2.5000e+00
3.7255e+00 1.0000e+05 5.4309e-16 1.0000e+00 1.0000e+05 5.4309e-11 2.5000e+00
4.1176e+00 1.0000e+05 8.3501e-16 1.0000e+00 1.0000e+05 8.3501e-11 2.5000e+00
4.5098e+00 1.0000e+05 1.2863e-15 1.0000e+00 1.0000e+05 1.2863e-10 2.5000e+00
4.9020e+00 1.0000e+05 1.9819e-15 1.0000e+00 1.0000e+05 1.9819e-10 2.5000e+00
5.2941e+00 1.0000e+05 3.0498e-15 1.0000e+00 1.0000e+05 3.0498e-10 2.5000e+00
5.6863e+00 1.0000e+05 4.6837e-15 1.0000e+00 1.0000e+05 4.6837e-10 2.5000e+00
6.0784e+00 1.0000e+05 7.1734e-15 1.0000e+00 1.0000e+05 7.1734e-10 2.5000e+00
6.4706e+00 1.0000e+05 1.0951e-14 1.0000e+00 1.0000e+05 1.0951e-09 2.5000e+00
6.8627e+00 1.0000e+05 1.6663e-14 1.0000e+00 1.0000e+05 1.6663e-09 2.5000e+00
7.2549e+00 1.0000e+05 2.5265e-14 1.0000e+00 1.0000e+05 2.5265e-09 2.5000e+00
7.6471e+00 1.0000e+05 3.8172e-14 1.0000e+00 1.0000e+05 3.8172e-09 2.5000e+00
8.0392e+00 1.0000e+05 5.7464e-14 1.0000e+00 1.0000e+05 5.7464e-09 2.5000e+00
8.4314e+00 1.0000e+05 8.6188e-14 1.0000e+00 1.0000e+05 8.6188e-09 2.5000e+00
8.8235e+00 1.0000e+05 1.2879e-13 1.0000e+00 1.0000e+05 1.2879e-08 2.5000e+00
9.2157e+00 1.0000e+05 1.9175e-13 1.0000e+00 1.0000e+05 1.9175e-08 2.5000e+00
9.6078e+00 1.0000e+05 2.8441e-13 1.0000e+00 1.0000e+05 2.8441e-08 2.5000e+00
1.0000e+01 1.0000e+05 4.2028e-13 1.0000e+00 1.0000e+05 4.2028e-08 2.5000e+00
1.0392e+01 1.0000e+05 6.1875e-13 1.0000e+00 1.0000e+05 6.1875e-08 2.5000e+00
1.0784e+01 1.0000e+05 9.0753e-13 1.0000e+00 1.0000e+05 9.0753e-08 2.5000e+00
1.1176e+01 1.0000e+05 1.3261e-12 1.0000e+00 1.0000e+05 1.3261e-07 2.5000e+00
1.1569e+01 1.0000e+05 1.9305e-12 1.0000e+00 1.0000e+05 1.9305e-07 2.5000e+00
1.1961e+01 1.0000e+05 2.7998e-12 1.0000e+00 1.0000e+05 2.7998e-07 2.5000e+00
1.2353e+01 1.0000e+05 4.0453e-12 1.0000e+00 1.0000e+05 4.0453e-07 2.5000e+00
1.2745e+01 1.0000e+05 5.8229e-12 1.0000e+00 1.0000e+05 5.8229e-07 2.5000e+00
1.3137e+01 1.0000e+05 8.3501e-12 1.0000e+00 1.0000e+05 8.3501e-07 2.5000e+00
1.3529e+01 1.0000e+05 1.1929e-11 1.0000e+00 1.0000e+05 1.1929e-06 2.5000e+00
1.3922e+01 1.0000e+05 1.6978e-11 1.0000e+00 1.0000e+05 1.6978e-06 2.5000e+00
1.4314e+01 1.0000e+05 2.4072e-11 1.0000e+00 1.0000e+05 2.4072e-06 2.5000e+00
1.4706e+01 1.0000e+05 3.4002e-11 1.0000e+00 1.0000e+05 3.4002e-06 2.5000e+00
1.5098e+01 1.0000e+05 4.7848e-11 1.0000e+00 1.0000e+05 4.7848e-06 2.5000e+00
1.5490e+01 1.0000e+05 6.7076e-11 1.0000e+00 1.0000e+05 6.7076e-06 2.5000e+00
1.5882e+01 1.0000e+05 9.3677e-11 1.0000e+00 1.0000e+05 9.3677e-06 2.5000e+00
1.6275e+01 1.0000e+05 1.3033e-10 1.0000e+00 1.0000e+05 1.3033e-05 2.5000e+00
1.6667e+01 1.0000e+05 1.8065e-10 1.0000e+00 1.0000e+05 1.8065e-05 2.5000e+00
1.7059e+01 1.0000e+05 2.4944e-10 1.0000e+00 1.0000e+05 2.4944e-05 2.5000e+00
1.7451e+01 1.0000e+05 3.4312e-10 1.0000e+00 1.0000e+05 3.4312e-05 2.5000e+00
1.7843e+01 1.0000e+05 4.7020e-10 1.0000e+00 1.0000e+05 4.7020e-05 2.5000e+00
1.8235e+01 1.0000e+05 6.4190e-10 1.0000e+00 1.0000e+05 6.4190e-05 2.5000e+00
1.8627e+01 1.0000e+05 8.7299e-10 1.0000e+00 1.0000e+05 8.7299e-05 2.5000e+00
1.9020e+01 1.0000e+05 1.1828e-09 1.0000e+00 1.0000e+05 1.1828e-04 2.5000e+00
1.9412e+01 1.0000e+05 1.5964e-09 1.0000e+00 1.0000e+05 1.5964e-04 2.5000e+00
1.9804e+01 1.0000e+05 2.1466e-09 1.0000e+00 1.0000e+05 2.1466e-04 2.5000e+00
2.0196e+01 1.0000e+05 2.8754e-09 9.9999e-01 1.0000e+05 2.8754e-04 2.5000e+00
2.0588e+01 1.0000e+05 3.8371e-09 9.9999e-01 1.0000e+05 3.8371e-04 2.5000e+00
2.0980e+01 1.0000e+05 5.1010e-09 9.9999e-01 1.0000e+05 5.1010e-04 2.5000e+00
2.1373e+01 1.0000e+05 6.7557e-09 9.9999e-01 1.0000e+05 6.7557e-04 2.5000e+00
2.1765e+01 1.0000e+05 8.9132e-09 9.9998e-01 1.0000e+05 8.9132e-04 2.5000e+00
2.2157e+01 1.0000e+05 1.1715e-08 9.9998e-01 1.0000e+05 1.1715e-03 2.4999e+00
2.2549e+01 1.0000e+05 1.5340e-08 9.9997e-01 1.0000e+05 1.5340e-03 2.4999e+00
2.2941e+01 1.0000e+05 2.0011e-08 9.9996e-01 1.0000e+05 2.0010e-03 2.4999e+00
2.3333e+01 1.0000e+05 2.6004e-08 9.9995e-01 1.0000e+05 2.6004e-03 2.4999e+00
2.3725e+01 1.0000e+05 3.3667e-08 9.9994e-01 1.0000e+05 3.3666e-03 2.4999e+00
2.4118e+01 1.0000e+05 4.3422e-08 9.9993e-01 1.0000e+05 4.3422e-03 2.4998e+00
2.4510e+01 1.0000e+05 5.5793e-08 9.9991e-01 1.0000e+05 5.5793e-03 2.4998e+00
2.4902e+01 1.0000e+05 7.1420e-08 9.9988e-01 1.0000e+05 7.1420e-03 2.4997e+00
2.5294e+01 9.9999e+04 9.1080e-08 9.9985e-01 9.9999e+04 9.1080e-03 2.4996e+00
2.5686e+01 9.9999e+04 1.1572e-07 9.9981e-01 9.9999e+04 1.1572e-02 2.4995e+00
2.6078e+01 9.9999e+04 1.4647e-07 9.9977e-01 9.9999e+04 1.4647e-02 2.4994e+00
2.6471e+01 9.9999e+04 1.8470e-07 9.9971e-01 9.9999e+04 1.8470e-02 2.4993e+00
2.6863e+01 9.9999e+04 2.3204e-07 9.9964e-01 9.9999e+04 2.3203e-02 2.4991e+00
2.7255e+01 9.9998e+04 2.9042e-07 9.9955e-01 9.9998e+04 2.9042e-02 2.4989e+00
2.7647e+01 9.9998e+04 3.6215e-07 9.9945e-01 9.9998e+04 3.6214e-02 2.4986e+00
2.8039e+01 9.9997e+04 4.4992e-07 9.9932e-01 9.9997e+04 4.4991e-02 2.4983e+00
2.8431e+01 9.9996e+04 5.5689e-07 9.9917e-01 9.9996e+04 5.5687e-02 2.4979e+00
2.8824e+01 9.9995e+04 6.8676e-07 9.9899e-01 9.9995e+04 6.8673e-02 2.4975e+00
2.9216e+01 9.9994e+04 8.4379e-07 9.9878e-01 9.9994e+04 8.4374e-02 2.4970e+00
2.9608e+01 9.9993e+04 1.0329e-06 9.9853e-01 9.9993e+04 1.0328e-01 2.4963e+00
3.0000e+01 9.9991e+04 1.2598e-06 9.9823e-01 9.9991e+04 1.2597e-01 2.4956e+00
3.0392e+01 9.9989e+04 1.5310e-06 9.9788e-01 9.9989e+04 1.5308e-01 2.4947e+00
3.0784e+01 9.9987e+04 1.8537e-06 9.9747e-01 9.9987e+04 1.8535e-01 2.4937e+00
3.1176e+01 9.9984e+04 2.2364e-06 9.9699e-01 9.9984e+04 2.2360e-01 2.4925e+00
3.1569e+01 9.9980e+04 2.6883e-06 9.9643e-01 9.9980e+04 2.6878e-01 2.4911e+00
3.1961e+01 9.9976e+04 3.2199e-06 9.9579e-01 9.9976e+04 3.2192e-01 2.4895e+00
3.2353e+01 9.9971e+04 3.8430e-06 9.9505e-01 9.9971e+04 3.8418e-01 2.4876e+00
3.2745e+01 9.9965e+04 4.5702e-06 9.9420e-01 9.9965e+04 4.5686e-01 2.4855e+00
3.3137e+01 9.9958e+04 5.4159e-06 9.9323e-01 9.9958e+04 5.4136e-01 2.4831e+00
3.3529e+01 9.9950e+04 6.3955e-06 9.9212e-01 9.9950e+04 6.3923e-01 2.4803e+00
3.3922e+01 9.9940e+04 7.5259e-06 9.9087e-01 9.9940e+04 7.5213e-01 2.4772e+00
3.4314e+01 9.9928e+04 8.8252e-06 9.8946e-01 9.9928e+04 8.8189e-01 2.4737e+00
3.4706e+01 9.9915e+04 1.0313e-05 9.8787e-01 9.9915e+04 1.0305e+00 2.4697e+00
3.5098e+01 9.9900e+04 1.2011e-05 9.8610e-01 9.9900e+04 1.1999e+00 2.4653e+00
3.5490e+01 9.9882e+04 1.3940e-05 9.8412e-01 9.9882e+04 1.3924e+00 2.4603e+00
3.5882e+01 9.9862e+04 1.6125e-05 9.8193e-01 9.9862e+04 1.6103e+00 2.4548e+00
3.6275e+01 9.9839e+04 1.8590e-05 9.7951e-01 9.9839e+04 1.8560e+00 2.4488e+00
3.6667e+01 9.9812e+04 2.1360e-05 9.7684e-01 9.9812e+04 2.1319e+00 2.4421e+00
3.7059e+01 9.9781e+04 2.4462e-05 9.7391e-01 9.9781e+04 2.4408e+00 2.4348e+00
3.7451e+01 9.9747e+04 2.7923e-05 9.7072e-01 9.9747e+04 2.7852e+00 2.4268e+00
3.7843e+01 9.9708e+04 3.1771e-05 9.6724e-01 9.9708e+04 3.1679e+00 2.4182e+00
3.8235e+01 9.9664e+04 3.6034e-05 9.6348e-01 9.9664e+04 3.5913e+00 2.4088e+00
3.8627e+01 9.9614e+04 4.0740e-05 9.5942e-01 9.9614e+04 4.0583e+00 2.3986e+00
3.9020e+01 9.9559e+04 4.5916e-05 9.5505e-01 9.9559e+04 4.5714e+00 2.3877e+00
3.9412e+01 9.9497e+04 5.1590e-05 9.5038e-01 9.9497e+04 5.1330e+00 2.3761e+00
3.9804e+01 9.9428e+04 5.7788e-05 9.4540e-01 9.9428e+04 5.7457e+00 2.3637e+00
4.0196e+01 9.9352e+04 6.4534e-05 9.4011e-01 9.9352e+04 6.4116e+00 2.3505e+00
4.0588e+01 9.9267e+04 7.1854e-05 9.3451e-01 9.9267e+04 7.1327e+00 2.3365e+00
4.0980e+01 9.9174e+04 7.9768e-05 9.2861e-01 9.9174e+04 7.9109e+00 2.3218e+00
4.1373e+01 9.9072e+04 8.8297e-05 9.2241e-01 9.9072e+04 8.7477e+00 2.3064e+00
4.1765e+01 9.8960e+04 9.7457e-05 9.1594e-01 9.8960e+04 9.6444e+00 2.2903e+00
4.2157e+01 9.8838e+04 1.0726e-04 9.0919e-01 9.8838e+04 1.0602e+01 2.2735e+00
4.2549e+01 9.8706e+04 1.1773e-04 9.0219e-01 9.8706e+04 1.1620e+01 2.2562e+00
4.2941e+01 9.8562e+04 1.2886e-04 8.9495e-01 9.8562e+04 1.2701e+01 2.2382e+00
4.3333e+01 9.8406e+04 1.4065e-04 8.8750e-01 9.8406e+04 1.3840e+01 2.2197e+00
4.3725e+01 9.8239e+04 1.5318e-04 8.7987e-01 9.8239e+04 1.5048e+01 2.2008e+00
4.4118e+01 9.8053e+04 1.6611e-04 8.7199e-01 9.8053e+04 1.6287e+01 2.1813e+00
4.4510e+01 9.7878e+04 1.8057e-04 8.6426e-01 9.7878e+04 1.7674e+01 2.1622e+00
4.4902e+01 9.7619e+04 1.9313e-04 8.5555e-01 9.7619e+04 1.8853e+01 2.1407e+00
4.5294e+01 9.7536e+04 2.1313e-04 8.4907e-01 9.7536e+04 2.0788e+01 2.1249e+00
4.5686e+01 9.6980e+04 2.1729e-04 8.3695e-01 9.6980e+04 2.1072e+01 2.0947e+00
4.6078e+01 9.7403e+04 2.5748e-04 8.3679e-01 9.7403e+04 2.5079e+01 2.0952e+00
4.6471e+01 9.5923e+04 2.3074e-04 8.1398e-01 9.5923e+04 2.2133e+01 2.0375e+00
4.6863e+01 9.7524e+04 3.1446e-04 8.2792e-01 9.7524e+04 3.0667e+01 2.0746e+00
4.7255e+01 9.4879e+04 2.4901e-04 7.9226e-01 9.4879e+04 2.3626e+01 1.9836e+00
4.7647e+01 9.6826e+04 3.4651e-04 8.1017e-01 9.6826e+04 3.3551e+01 2.0312e+00
4.8039e+01 9.5060e+04 3.1624e-04 7.8623e-01 9.5060e+04 3.0061e+01 1.9703e+00
4.8431e+01 9.5123e+04 3.4931e-04 7.8293e-01 9.5123e+04 3.3227e+01 1.9631e+00
4.8824e+01 9.5451e+04 3.6650e-04 7.7457e-01 9.5451e+04 3.4983e+01 1.9428e+00
4.9216e+01 8.8757e+04 4.0315e-04 7.7270e-01 8.8757e+04 3.5783e+01 1.9390e+00
4.9608e+01 1.2301e+05 4.0269e-04 7.5773e-01 1.2301e+05 4.9537e+01 1.9043e+00
5.0000e+01 4.3322e+04 4.1842e-04 7.5330e-01 4.3322e+04 1.8127e+01 1.8871e+00
5.0392e+01 1.4932e+04 4.3135e-04 7.4982e-01 1.4932e+04 6.4407e+00 1.8759e+00
5.0784e+01 9.3706e+03 4.9541e-04 7.4889e-01 9.3706e+03 4.6423e+00 1.8734e+00
5.1176e+01 9.1832e+03 6.5232e-04 7.5321e-01 9.1832e+03 5.9904e+00 1.8850e+00
5.1569e+01 9.5876e+03 7.1883e-04 7.4969e-01 9.5876e+03 6.8918e+00 1.8767e+00
5.1961e+01 1.0179e+04 7.5262e-04 7.4441e-01 1.0179e+04 7.6611e+00 1.8639e+00
5.2353e+01 1.0623e+04 8.4827e-04 7.4719e-01 1.0623e+04 9.0111e+00 1.8718e+00
5.2745e+01 1.1082e+04 9.6259e-04 7.5322e-01 1.1082e+04 1.0667e+01 1.8882e+00
5.3137e+01 1.1310e+04 1.0061e-03 7.5273e-01 1.1310e+04 1.1379e+01 1.8875e+00
5.3529e+01 1.1470e+04 9.9436e-04 7.4686e-01 1.1470e+04 1.1406e+01 1.8728e+00
5.3922e+01 1.1576e+04 9.9807e-04 7.4319e-01 1.1576e+04 1.1554e+01 1.8637e+00
5.4314e+01 1.1750e+04 1.0553e-03 7.4584e-01 1.1750e+04 1.2400e+01 1.8711e+00
5.4706e+01 1.1922e+04 1.1383e-03 7.5177e-01 1.1922e+04 1.3570e+01 1.8872e+00
5.5098e+01 1.2070e+04 1.2013e-03 7.5584e-01 1.2070e+04 1.4500e+01 1.8983e+00
5.5490e+01 1.2145e+04 1.2219e-03 7.5542e-01 1.2145e+04 1.4840e+01 1.8976e+00
5.5882e+01 1.2178e+04 1.2103e-03 7.5161e-01 1.2178e+04 1.4739e+01 1.8879e+00
5.6275e+01 1.2203e+04 1.1978e-03 7.4689e-01 1.2203e+04 1.4617e+01 1.8760e+00
5.6667e+01 1.2275e+04 1.2223e-03 7.4676e-01 1.2275e+04 1.5004e+01 1.8761e+00
5.7059e+01 1.2402e+04 1.2951e-03 7.5250e-01 1.2402e+04 1.6062e+01 1.8916e+00
5.7451e+01 1.2563e+04 1.3954e-03 7.6175e-01 1.2563e+04 1.7530e+01 1.9166e+00
5.7843e+01 1.2718e+04 1.4944e-03 7.7119e-01 1.2718e+04 1.9006e+01 1.9422e+00
5.8235e+01 1.2843e+04 1.5720e-03 7.7841e-01 1.2843e+04 2.0190e+01 1.9619e+00
5.8627e+01 1.2927e+04 1.6216e-03 7.8249e-01 1.2927e+04 2.0963e+01 1.9732e+00
5.9020e+01 1.2975e+04 1.6468e-03 7.8379e-01 1.2975e+04 2.1368e+01 1.9771e+00
5.9412e+01 1.2999e+04 1.6559e-03 7.8324e-01 1.2999e+04 2.1526e+01 1.9759e+00
5.9804e+01 1.3011e+04 1.6570e-03 7.8179e-01 1.3011e+04 2.1558e+01 1.9723e+00
6.0196e+01 1.3017e+04 1.6549e-03 7.8002e-01 1.3017e+04 2.1542e+01 1.9679e+00
6.0588e+01 1.3022e+04 1.6519e-03 7.7814e-01 1.3022e+04 2.1511e+01 1.9631e+00
6.0980e+01 1.3025e+04 1.6485e-03 7.7617e-01 1.3025e+04 2.1472e+01 1.9581e+00
6.1373e+01 1.3029e+04 1.6446e-03 7.7414e-01 1.3029e+04 2.1427e+01 1.9530e+00
6.1765e+01 1.3032e+04 1.6404e-03 7.7203e-01 1.3032e+04 2.1378e+01 1.9476e+00
6.2157e+01 1.3034e+04 1.6359e-03 7.6986e-01 1.3034e+04 2.1323e+01 1.9421e+00
6.2549e+01 1.3036e+04 1.6310e-03 7.6761e-01 1.3036e+04 2.1263e+01 1.9364e+00
6.2941e+01 1.3038e+04 1.6258e-03 7.6528e-01 1.3038e+04 2.1198e+01 1.9304e+00
6.3333e+01 1.3040e+04 1.6203e-03 7.6289e-01 1.3040e+04 2.1128e+01 1.9243e+00
6.3725e+01 1.3041e+04 1.6145e-03 7.6041e-01 1.3041e+04 2.1054e+01 1.9180e+00
6.4118e+01 1.3042e+04 1.6083e-03 7.5786e-01 1.3042e+04 2.0975e+01 1.9115e+00
6.4510e+01 1.3042e+04 1.6018e-03 7.5523e-01 1.3042e+04 2.0892e+01 1.9048e+00
6.4902e+01 1.3043e+04 1.5951e-03 7.5251e-01 1.3043e+04 2.0804e+01 1.8979e+00
6.5294e+01 1.3043e+04 1.5880e-03 7.4971e-01 1.3043e+04 2.0711e+01 1.8907e+00
6.5686e+01 1.3042e+04 1.5805e-03 7.4682e-01 1.3042e+04 2.0614e+01 1.8833e+00
6.6078e+01 1.3042e+04 1.5728e-03 7.4384e-01 1.3042e+04 2.0512e+01 1.8757e+00
6.6471e+01 1.3041e+04 1.5647e-03 7.4077e-01 1.3041e+04 2.0406e+01 1.8679e+00
6.6863e+01 1.3040e+04 1.5563e-03 7.3760e-01 1.3040e+04 2.0295e+01 1.8598e+00
6.7255e+01 1.3039e+04 1.5476e-03 7.3434e-01 1.3039e+04 2.0179e+01 1.8515e+00
6.7647e+01 1.3037e+04 1.5386e-03 7.3097e-01 1.3037e+04 2.0059e+01 1.8429e+00
6.8039e+01 1.3035e+04 1.5292e-03 7.2750e-01 1.3035e+04 1.9934e+01 1.8340e+00
6.8431e+01 1.3033e+04 1.5195e-03 7.2392e-01 1.3033e+04 1.9804e+01 1.8248e+00
6.8824e+01 1.3031e+04 1.5094e-03 7.2023e-01 1.3031e+04 1.9670e+01 1.8154e+00
6.9216e+01 1.3029e+04 1.4991e-03 7.1643e-01 1.3029e+04 1.9531e+01 1.8057e+00
6.9608e+01 1.3026e+04 1.4883e-03 7.1252e-01 1.3026e+04 1.9387e+01 1.7957e+00
7.0000e+01 1.3023e+04 1.4773e-03 7.0848e-01 1.3023e+04 1.9239e+01 1.7854e+00
7.0392e+01 1.3020e+04 1.4659e-03 7.0433e-01 1.3020e+04 1.9086e+01 1.7748e+00
7.0784e+01 1.3017e+04 1.4541e-03 7.0005e-01 1.3017e+04 1.8928e+01 1.7639e+00
7.1176e+01 1.3013e+04 1.4420e-03 6.9564e-01 1.3013e+04 1.8765e+01 1.7526e+00
7.1569e+01 1.3009e+04 1.4296e-03 6.9110e-01 1.3009e+04 1.8598e+01 1.7411e+00
7.1961e+01 1.3005e+04 1.4167e-03 6.8644e-01 1.3005e+04 1.8425e+01 1.7291e+00
7.2353e+01 1.3001e+04 1.4036e-03 6.8163e-01 1.3001e+04 1.8248e+01 1.7169e+00
7.2745e+01 1.2997e+04 1.3900e-03 6.7669e-01 1.2997e+04 1.8066e+01 1.7043e+00
7.3137e+01 1.2992e+04 1.3761e-03 6.7160e-01 1.2992e+04 1.7879e+01 1.6913e+00
7.3529e+01 1.2988e+04 1.3618e-03 6.6637e-01 1.2988e+04 1.7687e+01 1.6780e+00
7.3922e+01 1.2983e+04 1.3472e-03 6.6099e-01 1.2983e+04 1.7490e+01 1.6643e+00
7.4314e+01 1.2978e+04 1.3322e-03 6.5546e-01 1.2978e+04 1.7288e+01 1.6502e+00
7.4706e+01 1.2972e+04 1.3168e-03 6.4977e-01 1.2972e+04 1.7081e+01 1.6357e+00
7.5098e+01 1.2967e+04 1.3010e-03 6.4393e-01 1.2967e+04 1.6869e+01 1.6208e+00
7.5490e+01 1.2961e+04 1.2848e-03 6.3793e-01 1.2961e+04 1.6652e+01 1.6055e+00
7.5882e+01 1.2955e+04 1.2683e-03 6.3177e-01 1.2955e+04 1.6431e+01 1.5898e+00
7.6275e+01 1.2949e+04 1.2513e-03 6.2543e-01 1.2949e+04 1.6204e+01 1.5737e+00
7.6667e+01 1.2943e+04 1.2340e-03 6.1893e-01 1.2943e+04 1.5971e+01 1.5572e+00
7.7059e+01 1.2936e+04 1.2163e-03 6.1226e-01 1.2936e+04 1.5734e+01 1.5402e+00
7.7451e+01 1.2930e+04 1.1981e-03 6.0541e-01 1.2930e+04 1.5492e+01 1.5228e+00
7.7843e+01 1.2923e+04 1.1796e-03 5.9839e-01 1.2923e+04 1.5244e+01 1.5050e+00
7.8235e+01 1.2916e+04 1.1607e-03 5.9118e-01 1.2916e+04 1.4992e+01 1.4867e+00
7.8627e+01 1.2909e+04 1.1414e-03 5.8379e-01 1.2909e+04 1.4734e+01 1.4679e+00
7.9020e+01 1.2902e+04 1.1216e-03 5.7621e-01 1.2902e+04 1.4471e+01 1.4486e+00
7.9412e+01 1.2894e+04 1.1015e-03 5.6844e-01 1.2894e+04 1.4203e+01 1.4289e+00
7.9804e+01 1.2887e+04 1.0809e-03 5.6047e-01 1.2887e+04 1.3929e+01 1.4087e+00
8.0196e+01 1.2879e+04 1.0599e-03 5.5231e-01 1.2879e+04 1.3650e+01 1.3880e+00
8.0588e+01 1.2871e+04 1.0385e-03 5.4394e-01 1.2871e+04 1.3366e+01 1.3668e+00
8.0980e+01 1.2863e+04 1.0166e-03 5.3537e-01 1.2863e+04 1.3077e+01 1.3451e+00
8.1373e+01 1.2855e+04 9.9435e-04 5.2660e-01 1.2855e+04 1.2782e+01 1.3228e+00
8.1765e+01 1.2846e+04 9.7164e-04 5.1760e-01 1.2846e+04 1.2482e+01 1.3001e+00
8.2157e+01 1.2838e+04 9.4849e-04 5.0840e-01 1.2838e+04 1.2176e+01 1.2768e+00
8.2549e+01 1.2829e+04 9.2489e-04 4.9897e-01 1.2829e+04 1.1865e+01 1.2529e+00
8.2941e+01 1.2820e+04 9.0084e-04 4.8932e-01 1.2820e+04 1.1549e+01 1.2285e+00
8.3333e+01 1.2811e+04 8.7633e-04 4.7944e-01 1.2811e+04 1.1227e+01 1.2035e+00
8.3725e+01 1.2802e+04 8.5136e-04 4.6933e-01 1.2802e+04 1.0899e+01 1.1780e+00
8.4118e+01 1.2792e+04 8.2593e-04 4.5898e-01 1.2792e+04 1.0566e+01 1.1518e+00
8.4510e+01 1.2783e+04 8.0003e-04 4.4838e-01 1.2783e+04 1.0227e+01 1.1251e+00
8.4902e+01 1.2773e+04 7.7365e-04 4.3754e-01 1.2773e+04 9.8819e+00 1.0977e+00
8.5294e+01 1.2763e+04 7.4678e-04 4.2645e-01 1.2763e+04 9.5313e+00 1.0697e+00
8.5686e+01 1.2753e+04 7.1942e-04 4.1510e-01 1.2753e+04 9.1750e+00 1.0411e+00
8.6078e+01 1.2743e+04 6.9157e-04 4.0349e-01 1.2743e+04 8.8127e+00 1.0118e+00
8.6471e+01 1.2733e+04 6.6321e-04 3.9160e-01 1.2733e+04 8.4444e+00 9.8181e-01
8.6863e+01 1.2722e+04 6.3433e-04 3.7944e-01 1.2722e+04 8.0701e+00 9.5117e-01
8.7255e+01 1.2712e+04 6.0494e-04 3.6701e-01 1.2712e+04 7.6898e+00 9.1984e-01
8.7647e+01 1.2701e+04 5.7502e-04 3.5428e-01 1.2701e+04 7.3032e+00 8.8780e-01
8.8039e+01 1.2690e+04 5.4457e-04 3.4126e-01 1.2690e+04 6.9104e+00 8.5503e-01
8.8431e+01 1.2679e+04 5.1357e-04 3.2794e-01 1.2679e+04 6.5113e+00 8.2152e-01
8.8824e+01 1.2667e+04 4.8201e-04 3.1431e-01 1.2667e+04 6.1058e+00 7.8726e-01
8.9216e+01 1.2656e+04 4.4990e-04 3.0037e-01 1.2656e+04 5.6939e+00 7.5221e-01
8.9608e+01 1.2644e+04 4.1721e-04 2.8611e-01 1.2644e+04 5.2754e+00 7.1637e-01
9.0000e+01 1.2632e+04 3.8395e-04 2.7152e-01 1.2632e+04 4.8502e+00 6.7973e-01
9.0392e+01 1.2621e+04 3.5009e-04 2.5659e-01 1.2621e+04 4.4184e+00 6.4225e-01
9.0784e+01 1.2608e+04 3.1564e-04 2.4132e-01 1.2608e+04 3.9797e+00 6.0392e-01
9.1176e+01 1.2596e+04 2.8060e-04 2.2570e-01 1.2596e+04 3.5344e+00 5.6475e-01
9.1569e+01 1.2584e+04 2.4499e-04 2.0975e-01 1.2584e+04 3.0829e+00 5.2474e-01
9.1961e+01 1.2571e+04 2.0892e-04 1.9350e-01 1.2571e+04 2.6264e+00 4.8402e-01
9.2353e+01 1.2559e+04 1.7266e-04 1.7708e-01 1.2559e+04 2.1685e+00 4.4289e-01
9.2745e+01 1.2547e+04 1.3685e-04 1.6079e-01 1.2547e+04 1.7170e+00 4.0209e-01
9.3137e+01 1.2535e+04 1.0267e-04 1.4520e-01 1.2535e+04 1.2869e+00 3.6306e-01
9.3529e+01 1.2525e+04 7.1873e-05 1.3120e-01 1.2525e+04 9.0019e-01 3.2804e-01
9.3922e+01 1.2516e+04 4.6406e-05 1.1976e-01 1.2516e+04 5.8082e-01 2.9942e-01
9.4314e+01 1.2510e+04 2.7500e-05 1.1145e-01 1.2510e+04 3.4401e-01 2.7864e-01
9.4706e+01 1.2505e+04 1.5035e-05 1.0613e-01 1.2505e+04 1.8801e-01 2.6533e-01
9.5098e+01 1.2503e+04 7.6947e-06 1.0309e-01 1.2503e+04 9.6204e-02 2.5772e-01
9.5490e+01 1.2501e+04 3.7571e-06 1.0149e-01 1.2501e+04 4.6969e-02 2.5373e-01
9.5882e+01 1.2501e+04 1.7811e-06 1.0070e-01 1.2501e+04 2.2265e-02 2.5176e-01
9.6275e+01 1.2500e+04 8.3015e-07 1.0033e-01 1.2500e+04 1.0377e-02 2.5082e-01
9.6667e+01 1.2500e+04 3.8332e-07 1.0015e-01 1.2500e+04 4.7915e-03 2.5038e-01
9.7059e+01 1.2500e+04 1.7606e-07 1.0007e-01 1.2500e+04 2.2007e-03 2.5017e-01
9.7451e+01 1.2500e+04 8.0601e-08 1.0003e-01 1.2500e+04 1.0075e-03 2.5008e-01
9.7843e+01 1.2500e+04 3.6816e-08 1.0001e-01 1.2500e+04 4.6020e-04 2.5004e-01
9.8235e+01 1.2500e+04 1.6788e-08 1.0001e-01 1.2500e+04 2.0985e-04 2.5002e-01
9.8627e+01 1.2500e+04 7.6490e-09 1.0000e-01 1.2500e+04 9.5613e-05 2.5001e-01
9.9020e+01 1.2500e+04 3.4934e-09 1.0000e-01 1.2500e+04 4.3668e-05 2.5000e-01
9.9412e+01 1.2500e+04 1.6200e-09 1.0000e-01 1.2500e+04 2.0250e-05 2.5000e-01
9.9804e+01 1.2500e+04 8.3882e-10 1.0000e-01 1.2500e+04 1.0485e-05 2.5000e-01
