# # x Density Velocity Pressure q0 q1 q2
1.9608e-01 1.0000e+05 1.6819e-17 1.0000e+00 1.0000e+05 1.6819e-12 2.5000e+00
5.8824e-01 1.0000e+05 2.6232e-17 1.0000e+00 1.0000e+05 2.6232e-12 2.5000e+00
9.8039e-01 1.0000e+05 3.7624e-17 1.0000e+00 1.0000e+05 3.7624e-12 2.5000e+00
1.3725e+00 1.0000e+05 5.3748e-17 1.0000e+00 1.0000e+05 5.3748e-12 2.5000e+00
1.7647e+00 1.0000e+05 7.8328e-17 1.0000e+00 1.0000e+05 7.8328e-12 2.5000e+00
2.1569e+00 1.0000e+05 1.1546e-16 1.0000e+00 1.0000e+05 1.1546e-11 2.5000e+00
2.5490e+00 1.0000e+05 1.7260e-16 1.0000e+00 1.0000e+05 1.7260e-11 2.5000e+00
2.9412e+00 1.0000e+05 2.6080e-16 1.0000e+00 1.0000e+05 2.6080e-11 2.5000e+00
3.3333e+00 1.0000e+05 3.9764e-16 1.0000e+00 1.0000e+05 3.9764e-11 2.5000e+00
3.7255e+00 1.0000e+05 6.0936e-16 1.0000e+00 1.0000e+05 6.0936e-11 2.5000e+00
4.1176e+00 1.0000e+05 9.3662e-16 1.0000e+00 1.0000e+05 9.3662e-11 2.5000e+00
4.5098e+00 1.0000e+05 1.4418e-15 1.0000e+00 1.0000e+05 1.4418e-10 2.5000e+00
4.9020e+00 1.0000e+05 2.2190e-15 1.0000e+00 1.0000e+05 2.2190e-10 2.5000e+00
5.2941e+00 1.0000e+05 3.4099e-15 1.0000e+00 1.0000e+05 3.4099e-10 2.5000e+00
5.6863e+00 1.0000e+05 5.2286e-15 1.0000e+00 1.0000e+05 5.2286e-10 2.5000e+00
6.0784e+00 1.0000e+05 7.9946e-15 1.0000e+00 1.0000e+05 7.9946e-10 2.5000e+00
6.4706e+00 1.0000e+05 1.2184e-14 1.0000e+00 1.0000e+05 1.2184e-09 2.5000e+00
6.8627e+00 1.0000e+05 1.8507e-14 1.0000e+00 1.0000e+05 1.8507e-09 2.5000e+00
7.2549e+00 1.0000e+05 2.8013e-14 1.0000e+00 1.0000e+05 2.8013e-09 2.5000e+00
7.6471e+00 1.0000e+05 4.2249e-14 1.0000e+00 1.0000e+05 4.2249e-09 2.5000e+00
8.0392e+00 1.0000e+05 6.3491e-14 1.0000e+00 1.0000e+05 6.3491e-09 2.5000e+00
8.4314e+00 1.0000e+05 9.5064e-14 1.0000e+00 1.0000e+05 9.5064e-09 2.5000e+00
8.8235e+00 1.0000e+05 1.4181e-13 1.0000e+00 1.0000e+05 1.4181e-08 2.5000e+00
9.2157e+00 1.0000e+05 2.1077e-13 1.0000e+00 1.0000e+05 2.1077e-08 2.5000e+00
9.6078e+00 1.0000e+05 3.1210e-13 1.0000e+00 1.0000e+05 3.1210e-08 2.5000e+00
1.0000e+01 1.0000e+05 4.6042e-13 1.0000e+00 1.0000e+05 4.6042e-08 2.5000e+00
1.0392e+01 1.0000e+05 6.7672e-13 1.0000e+00 1.0000e+05 6.7672e-08 2.5000e+00
1.0784e+01 1.0000e+05 9.9092e-13 1.0000e+00 1.0000e+05 9.9092e-08 2.5000e+00
1.1176e+01 1.0000e+05 1.4456e-12 1.0000e+00 1.0000e+05 1.4456e-07 2.5000e+00
1.1569e+01 1.0000e+05 2.1010e-12 1.0000e+00 1.0000e+05 2.1010e-07 2.5000e+00
1.1961e+01 1.0000e+05 3.0422e-12 1.0000e+00 1.0000e+05 3.0422e-07 2.5000e+00
1.2353e+01 1.0000e+05 4.3885e-12 1.0000e+00 1.0000e+05 4.3885e-07 2.5000e+00
1.2745e+01 1.0000e+05 6.3069e-12 1.0000e+00 1.0000e+05 6.3069e-07 2.5000e+00
1.3137e+01 1.0000e+05 9.0299e-12 1.0000e+00 1.0000e+05 9.0299e-07 2.5000e+00
1.3529e+01 1.0000e+05 1.2880e-11 1.0000e+00 1.0000e+05 1.2880e-06 2.5000e+00
1.3922e+01 1.0000e+05 1.8303e-11 1.0000e+00 1.0000e+05 1.8303e-06 2.5000e+00
1.4314e+01 1.0000e+05 2.5912e-11 1.0000e+00 1.0000e+05 2.5912e-06 2.5000e+00
1.4706e+01 1.0000e+05 3.6546e-11 1.0000e+00 1.0000e+05 3.6546e-06 2.5000e+00
1.5098e+01 1.0000e+05 5.1350e-11 1.0000e+00 1.0000e+05 5.1350e-06 2.5000e+00
1.5490e+01 1.0000e+05 7.1880e-11 1.0000e+00 1.0000e+05 7.1880e-06 2.5000e+00
1.5882e+01 1.0000e+05 1.0024e-10 1.0000e+00 1.0000e+05 1.0024e-05 2.5000e+00
1.6275e+01 1.0000e+05 1.3926e-10 1.0000e+00 1.0000e+05 1.3926e-05 2.5000e+00
1.6667e+01 1.0000e+05 1.9274e-10 1.0000e+00 1.0000e+05 1.9274e-05 2.5000e+00
1.7059e+01 1.0000e+05 2.6576e-10 1.0000e+00 1.0000e+05 2.6576e-05 2.5000e+00
1.7451e+01 1.0000e+05 3.6506e-10 1.0000e+00 1.0000e+05 3.6506e-05 2.5000e+00
1.7843e+01 1.0000e+05 4.9957e-10 1.0000e+00 1.0000e+05 4.9957e-05 2.5000e+00
1.8235e+01 1.0000e+05 6.8107e-10 1.0000e+00 1.0000e+05 6.8107e-05 2.5000e+00
1.8627e+01 1.0000e+05 9.2500e-10 1.0000e+00 1.0000e+05 9.2500e-05 2.5000e+00
1.9020e+01 1.0000e+05 1.2516e-09 1.0000e+00 1.0000e+05 1.2516e-04 2.5000e+00
1.9412e+01 1.0000e+05 1.6870e-09 1.0000e+00 1.0000e+05 1.6870e-04 2.5000e+00
1.9804e+01 1.0000e+05 2.2654e-09 1.0000e+00 1.0000e+05 2.2654e-04 2.5000e+00
2.0196e+01 1.0000e+05 3.0306e-09 9.9999e-01 1.0000e+05 3.0306e-04 2.5000e+00
2.0588e+01 1.0000e+05 4.0391e-09 9.9999e-01 1.0000e+05 4.0391e-04 2.5000e+00
2.0980e+01 1.0000e+05 5.3628e-09 9.9999e-01 1.0000e+05 5.3628e-04 2.5000e+00
2.1373e+01 1.0000e+05 7.0934e-09 9.9999e-01 1.0000e+05 7.0934e-04 2.5000e+00
2.1765e+01 1.0000e+05 9.3473e-09 9.9998e-01 1.0000e+05 9.3473e-04 2.5000e+00
2.2157e+01 1.0000e+05 1.2271e-08 9.9998e-01 1.0000e+05 1.2271e-03 2.4999e+00
2.2549e+01 1.0000e+05 1.6048e-08 9.9997e-01 1.0000e+05 1.6048e-03 2.4999e+00
2.2941e+01 1.0000e+05 2.0910e-08 9.9996e-01 1.0000e+05 2.0910e-03 2.4999e+00
2.3333e+01 1.0000e+05 2.7141e-08 9.9995e-01 1.0000e+05 2.7141e-03 2.4999e+00
2.3725e+01 1.0000e+05 3.5098e-08 9.9994e-01 1.0000e+05 3.5098e-03 2.4998e+00
2.4118e+01 1.0000e+05 4.5217e-08 9.9992e-01 1.0000e+05 4.5216e-03 2.4998e+00
2.4510e+01 1.0000e+05 5.8034e-08 9.9990e-01 1.0000e+05 5.8034e-03 2.4998e+00
2.4902e+01 1.0000e+05 7.4207e-08 9.9988e-01 1.0000e+05 7.4207e-03 2.4997e+00
2.5294e+01 9.9999e+04 9.4532e-08 9.9985e-01 9.9999e+04 9.4531e-03 2.4996e+00
2.5686e+01 9.9999e+04 1.1997e-07 9.9981e-01 9.9999e+04 1.1997e-02 2.4995e+00
2.6078e+01 9.9999e+04 1.5170e-07 9.9976e-01 9.9999e+04 1.5169e-02 2.4994e+00
2.6471e+01 9.9999e+04 1.9109e-07 9.9970e-01 9.9999e+04 1.9109e-02 2.4992e+00
2.6863e+01 9.9998e+04 2.3983e-07 9.9963e-01 9.9998e+04 2.3982e-02 2.4991e+00
2.7255e+01 9.9998e+04 2.9987e-07 9.9954e-01 9.9998e+04 2.9987e-02 2.4988e+00
2.7647e+01 9.9998e+04 3.7357e-07 9.9943e-01 9.9998e+04 3.7356e-02 2.4986e+00
2.8039e+01 9.9997e+04 4.6365e-07 9.9931e-01 9.9997e+04 4.6364e-02 2.4983e+00
2.8431e+01 9.9996e+04 5.7334e-07 9.9915e-01 9.9996e+04 5.7332e-02 2.4979e+00
2.8824e+01 9.9995e+04 7.0638e-07 9.9897e-01 9.9995e+04 7.0635e-02 2.4974e+00
2.9216e+01 9.9994e+04 8.6710e-07 9.9875e-01 9.9994e+04 8.6705e-02 2.4969e+00
2.9608e+01 9.9993e+04 1.0605e-06 9.9849e-01 9.9993e+04 1.0604e-01 2.4962e+00
3.0000e+01 9.9991e+04 1.2923e-06 9.9819e-01 9.9991e+04 1.2922e-01 2.4955e+00
3.0392e+01 9.9989e+04 1.5691e-06 9.9783e-01 9.9989e+04 1.5689e-01 2.4946e+00
3.0784e+01 9.9986e+04 1.8983e-06 9.9742e-01 9.9986e+04 1.8980e-01 2.4935e+00
3.1176e+01 9.9983e+04 2.2882e-06 9.9693e-01 9.9983e+04 2.2878e-01 2.4923e+00
3.1569e+01 9.9980e+04 2.7484e-06 9.9636e-01 9.9980e+04 2.7478e-01 2.4909e+00
3.1961e+01 9.9975e+04 3.2893e-06 9.9571e-01 9.9975e+04 3.2885e-01 2.4893e+00
3.2353e+01 9.9970e+04 3.9227e-06 9.9496e-01 9.9970e+04 3.9215e-01 2.4874e+00
3.2745e+01 9.9964e+04 4.6615e-06 9.9410e-01 9.9964e+04 4.6598e-01 2.4853e+00
3.3137e+01 9.9957e+04 5.5199e-06 9.9312e-01 9.9957e+04 5.5175e-01 2.4828e+00
3.3529e+01 9.9948e+04 6.5136e-06 9.9200e-01 9.9948e+04 6.5102e-01 2.4800e+00
3.3922e+01 9.9939e+04 7.6594e-06 9.9074e-01 9.9939e+04 7.6546e-01 2.4768e+00
3.4314e+01 9.9927e+04 8.9755e-06 9.8931e-01 9.9927e+04 8.9690e-01 2.4733e+00
3.4706e+01 9.9914e+04 1.0482e-05 9.8771e-01 9.9914e+04 1.0473e+00 2.4693e+00
3.5098e+01 9.9898e+04 1.2199e-05 9.8593e-01 9.9898e+04 1.2187e+00 2.4648e+00
3.5490e+01 9.9880e+04 1.4150e-05 9.8393e-01 9.9880e+04 1.4133e+00 2.4598e+00
3.5882e+01 9.9860e+04 1.6357e-05 9.8173e-01 9.9860e+04 1.6334e+00 2.4543e+00
3.6275e+01 9.9836e+04 1.8845e-05 9.7929e-01 9.9836e+04 1.8814e+00 2.4482e+00
3.6667e+01 9.9809e+04 2.1641e-05 9.7660e-01 9.9809e+04 2.1599e+00 2.4415e+00
3.7059e+01 9.9778e+04 2.4769e-05 9.7366e-01 9.9778e+04 2.4714e+00 2.4342e+00
3.7451e+01 9.9743e+04 2.8258e-05 9.7045e-01 9.9743e+04 2.8186e+00 2.4262e+00
3.7843e+01 9.9704e+04 3.2135e-05 9.6696e-01 9.9704e+04 3.2040e+00 2.4175e+00
3.8235e+01 9.9659e+04 3.6428e-05 9.6318e-01 9.9659e+04 3.6304e+00 2.4080e+00
3.8627e+01 9.9609e+04 4.1164e-05 9.5911e-01 9.9609e+04 4.1003e+00 2.3978e+00
3.9020e+01 9.9553e+04 4.6371e-05 9.5473e-01 9.9553e+04 4.6164e+00 2.3869e+00
3.9412e+01 9.9491e+04 5.2076e-05 9.5004e-01 9.9491e+04 5.1811e+00 2.3752e+00
3.9804e+01 9.9422e+04 5.8305e-05 9.4505e-01 9.9422e+04 5.7967e+00 2.3628e+00
4.0196e+01 9.9345e+04 6.5082e-05 9.3975e-01 9.9345e+04 6.4656e+00 2.3496e+00
4.0588e+01 9.9260e+04 7.2433e-05 9.3415e-01 9.9260e+04 7.1896e+00 2.3356e+00
4.0980e+01 9.9166e+04 8.0377e-05 9.2824e-01 9.9166e+04 7.9707e+00 2.3209e+00
4.1373e+01 9.9063e+04 8.8934e-05 9.2204e-01 9.9063e+04 8.8101e+00 2.3055e+00
4.1765e+01 9.8951e+04 9.8123e-05 9.1557e-01 9.8951e+04 9.7093e+00 2.2894e+00
4.2157e+01 9.8828e+04 1.0796e-04 9.0882e-01 9.8828e+04 1.0669e+01 2.2726e+00
4.2549e+01 9.8695e+04 1.1844e-04 9.0182e-01 9.8695e+04 1.1690e+01 2.2552e+00
4.2941e+01 9.8550e+04 1.2960e-04 8.9459e-01 9.8550e+04 1.2772e+01 2.2373e+00
4.3333e+01 9.8394e+04 1.4140e-04 8.8714e-01 9.8394e+04 1.3913e+01 2.2188e+00
4.3725e+01 9.8227e+04 1.5396e-04 8.7953e-01 9.8227e+04 1.5123e+01 2.2000e+00
4.4118e+01 9.8040e+04 1.6689e-04 8.7165e-01 9.8040e+04 1.6362e+01 2.1805e+00
4.4510e+01 9.7865e+04 1.8140e-04 8.6394e-01 9.7865e+04 1.7752e+01 2.1615e+00
4.4902e+01 9.7603e+04 1.9389e-04 8.5521e-01 9.7603e+04 1.8924e+01 2.1399e+00
4.5294e+01 9.7524e+04 2.1408e-04 8.4882e-01 9.7524e+04 2.0878e+01 2.1243e+00
4.5686e+01 9.6958e+04 2.1787e-04 8.3659e-01 9.6958e+04 2.1124e+01 2.0938e+00
4.6078e+01 9.7398e+04 2.5866e-04 8.3665e-01 9.7398e+04 2.5193e+01 2.0949e+00
4.6471e+01 9.5895e+04 2.3111e-04 8.1359e-01 9.5895e+04 2.2162e+01 2.0365e+00
4.6863e+01 9.7517e+04 3.1557e-04 8.2779e-01 9.7517e+04 3.0773e+01 2.0743e+00
4.7255e+01 9.4865e+04 2.4990e-04 7.9209e-01 9.4865e+04 2.3707e+01 1.9832e+00
4.7647e+01 9.6793e+04 3.4675e-04 8.0979e-01 9.6793e+04 3.3563e+01 2.0303e+00
4.8039e+01 9.5062e+04 3.1769e-04 7.8628e-01 9.5062e+04 3.0200e+01 1.9705e+00
4.8431e+01 9.5098e+04 3.4986e-04 7.8272e-01 9.5098e+04 3.3270e+01 1.9626e+00
4.8824e+01 9.5438e+04 3.6694e-04 7.7434e-01 9.5438e+04 3.5021e+01 1.9423e+00
4.9216e+01 8.8683e+04 4.0402e-04 7.7262e-01 8.8683e+04 3.5830e+01 1.9388e+00
4.9608e+01 1.2310e+05 4.0354e-04 7.5766e-01 1.2310e+05 4.9678e+01 1.9042e+00
5.0000e+01 4.3542e+04 4.1934e-04 7.5325e-01 4.3542e+04 1.8259e+01 1.8869e+00
5.0392e+01 1.5001e+04 4.3254e-04 7.4981e-01 1.5001e+04 6.4885e+00 1.8759e+00
5.0784e+01 9.3731e+03 4.9249e-04 7.4846e-01 9.3731e+03 4.6161e+00 1.8723e+00
5.1176e+01 9.1716e+03 6.5115e-04 7.5297e-01 9.1716e+03 5.9721e+00 1.8844e+00
5.1569e+01 9.5790e+03 7.2330e-04 7.5002e-01 9.5790e+03 6.9285e+00 1.8775e+00
5.1961e+01 1.0169e+04 7.5378e-04 7.4440e-01 1.0169e+04 7.6650e+00 1.8639e+00
5.2353e+01 1.0608e+04 8.4334e-04 7.4654e-01 1.0608e+04 8.9459e+00 1.8701e+00
5.2745e+01 1.1069e+04 9.5925e-04 7.5273e-01 1.1069e+04 1.0618e+01 1.8869e+00
5.3137e+01 1.1306e+04 1.0087e-03 7.5290e-01 1.1306e+04 1.1404e+01 1.8880e+00
5.3529e+01 1.1469e+04 9.9876e-04 7.4726e-01 1.1469e+04 1.1455e+01 1.8739e+00
5.3922e+01 1.1571e+04 9.9848e-04 7.4312e-01 1.1571e+04 1.1554e+01 1.8636e+00
5.4314e+01 1.1740e+04 1.0510e-03 7.4523e-01 1.1740e+04 1.2339e+01 1.8696e+00
5.4706e+01 1.1911e+04 1.1331e-03 7.5107e-01 1.1911e+04 1.3497e+01 1.8853e+00
5.5098e+01 1.2064e+04 1.1991e-03 7.5549e-01 1.2064e+04 1.4466e+01 1.8974e+00
5.5490e+01 1.2144e+04 1.2235e-03 7.5552e-01 1.2144e+04 1.4858e+01 1.8979e+00
5.5882e+01 1.2179e+04 1.2139e-03 7.5196e-01 1.2179e+04 1.4784e+01 1.8889e+00
5.6275e+01 1.2202e+04 1.2000e-03 7.4709e-01 1.2202e+04 1.4642e+01 1.8765e+00
5.6667e+01 1.2268e+04 1.2197e-03 7.4641e-01 1.2268e+04 1.4963e+01 1.8752e+00
5.7059e+01 1.2389e+04 1.2880e-03 7.5162e-01 1.2389e+04 1.5957e+01 1.8893e+00
5.7451e+01 1.2548e+04 1.3865e-03 7.6064e-01 1.2548e+04 1.7397e+01 1.9136e+00
5.7843e+01 1.2705e+04 1.4863e-03 7.7016e-01 1.2705e+04 1.8883e+01 1.9394e+00
5.8235e+01 1.2833e+04 1.5664e-03 7.7766e-01 1.2833e+04 2.0102e+01 1.9599e+00
5.8627e+01 1.2921e+04 1.6188e-03 7.8206e-01 1.2921e+04 2.0916e+01 1.9721e+00
5.9020e+01 1.2972e+04 1.6461e-03 7.8362e-01 1.2972e+04 2.1354e+01 1.9766e+00
5.9412e+01 1.2998e+04 1.6566e-03 7.8323e-01 1.2998e+04 2.1533e+01 1.9759e+00
5.9804e+01 1.3011e+04 1.6582e-03 7.8185e-01 1.3011e+04 2.1574e+01 1.9725e+00
6.0196e+01 1.3017e+04 1.6564e-03 7.8011e-01 1.3017e+04 2.1562e+01 1.9681e+00
6.0588e+01 1.3022e+04 1.6535e-03 7.7824e-01 1.3022e+04 2.1532e+01 1.9634e+00
6.0980e+01 1.3026e+04 1.6501e-03 7.7630e-01 1.3026e+04 2.1494e+01 1.9585e+00
6.1373e+01 1.3029e+04 1.6463e-03 7.7428e-01 1.3029e+04 2.1450e+01 1.9533e+00
6.1765e+01 1.3032e+04 1.6422e-03 7.7219e-01 1.3032e+04 2.1401e+01 1.9480e+00
6.2157e+01 1.3035e+04 1.6377e-03 7.7003e-01 1.3035e+04 2.1347e+01 1.9426e+00
6.2549e+01 1.3037e+04 1.6329e-03 7.6780e-01 1.3037e+04 2.1288e+01 1.9369e+00
6.2941e+01 1.3039e+04 1.6277e-03 7.6550e-01 1.3039e+04 2.1224e+01 1.9310e+00
6.3333e+01 1.3041e+04 1.6223e-03 7.6312e-01 1.3041e+04 2.1156e+01 1.9250e+00
6.3725e+01 1.3042e+04 1.6165e-03 7.6066e-01 1.3042e+04 2.1082e+01 1.9187e+00
6.4118e+01 1.3043e+04 1.6104e-03 7.5813e-01 1.3043e+04 2.1004e+01 1.9122e+00
6.4510e+01 1.3043e+04 1.6040e-03 7.5552e-01 1.3043e+04 2.0922e+01 1.9056e+00
6.4902e+01 1.3044e+04 1.5973e-03 7.5283e-01 1.3044e+04 2.0835e+01 1.8987e+00
6.5294e+01 1.3044e+04 1.5903e-03 7.5005e-01 1.3044e+04 2.0743e+01 1.8916e+00
6.5686e+01 1.3043e+04 1.5829e-03 7.4719e-01 1.3043e+04 2.0647e+01 1.8843e+00
6.6078e+01 1.3043e+04 1.5753e-03 7.4424e-01 1.3043e+04 2.0546e+01 1.8768e+00
6.6471e+01 1.3042e+04 1.5673e-03 7.4119e-01 1.3042e+04 2.0441e+01 1.8690e+00
6.6863e+01 1.3041e+04 1.5590e-03 7.3805e-01 1.3041e+04 2.0331e+01 1.8610e+00
6.7255e+01 1.3040e+04 1.5503e-03 7.3481e-01 1.3040e+04 2.0216e+01 1.8527e+00
6.7647e+01 1.3038e+04 1.5414e-03 7.3148e-01 1.3038e+04 2.0097e+01 1.8442e+00
6.8039e+01 1.3037e+04 1.5321e-03 7.2804e-01 1.3037e+04 1.9973e+01 1.8354e+00
6.8431e+01 1.3035e+04 1.5225e-03 7.2449e-01 1.3035e+04 1.9845e+01 1.8263e+00
6.8824e+01 1.3033e+04 1.5125e-03 7.2084e-01 1.3033e+04 1.9712e+01 1.8170e+00
6.9216e+01 1.3030e+04 1.5022e-03 7.1707e-01 1.3030e+04 1.9574e+01 1.8074e+00
6.9608e+01 1.3028e+04 1.4916e-03 7.1319e-01 1.3028e+04 1.9432e+01 1.7975e+00
7.0000e+01 1.3025e+04 1.4806e-03 7.0920e-01 1.3025e+04 1.9285e+01 1.7873e+00
7.0392e+01 1.3022e+04 1.4693e-03 7.0508e-01 1.3022e+04 1.9133e+01 1.7768e+00
7.0784e+01 1.3018e+04 1.4577e-03 7.0084e-01 1.3018e+04 1.8976e+01 1.7659e+00
7.1176e+01 1.3015e+04 1.4457e-03 6.9648e-01 1.3015e+04 1.8815e+01 1.7548e+00
7.1569e+01 1.3011e+04 1.4333e-03 6.9199e-01 1.3011e+04 1.8649e+01 1.7433e+00
7.1961e+01 1.3007e+04 1.4206e-03 6.8736e-01 1.3007e+04 1.8478e+01 1.7315e+00
7.2353e+01 1.3003e+04 1.4075e-03 6.8260e-01 1.3003e+04 1.8302e+01 1.7194e+00
7.2745e+01 1.2999e+04 1.3941e-03 6.7771e-01 1.2999e+04 1.8122e+01 1.7069e+00
7.3137e+01 1.2994e+04 1.3803e-03 6.7267e-01 1.2994e+04 1.7936e+01 1.6941e+00
7.3529e+01 1.2990e+04 1.3662e-03 6.6749e-01 1.2990e+04 1.7746e+01 1.6808e+00
7.3922e+01 1.2985e+04 1.3516e-03 6.6216e-01 1.2985e+04 1.7551e+01 1.6673e+00
7.4314e+01 1.2980e+04 1.3367e-03 6.5669e-01 1.2980e+04 1.7350e+01 1.6533e+00
7.4706e+01 1.2974e+04 1.3215e-03 6.5106e-01 1.2974e+04 1.7145e+01 1.6390e+00
7.5098e+01 1.2969e+04 1.3058e-03 6.4527e-01 1.2969e+04 1.6935e+01 1.6242e+00
7.5490e+01 1.2963e+04 1.2898e-03 6.3933e-01 1.2963e+04 1.6720e+01 1.6091e+00
7.5882e+01 1.2957e+04 1.2734e-03 6.3322e-01 1.2957e+04 1.6499e+01 1.5936e+00
7.6275e+01 1.2951e+04 1.2566e-03 6.2696e-01 1.2951e+04 1.6274e+01 1.5776e+00
7.6667e+01 1.2945e+04 1.2394e-03 6.2052e-01 1.2945e+04 1.6044e+01 1.5612e+00
7.7059e+01 1.2939e+04 1.2218e-03 6.1391e-01 1.2939e+04 1.5808e+01 1.5444e+00
7.7451e+01 1.2932e+04 1.2038e-03 6.0713e-01 1.2932e+04 1.5568e+01 1.5272e+00
7.7843e+01 1.2926e+04 1.1854e-03 6.0017e-01 1.2926e+04 1.5322e+01 1.5095e+00
7.8235e+01 1.2919e+04 1.1666e-03 5.9304e-01 1.2919e+04 1.5072e+01 1.4914e+00
7.8627e+01 1.2912e+04 1.1475e-03 5.8572e-01 1.2912e+04 1.4816e+01 1.4728e+00
7.9020e+01 1.2905e+04 1.1279e-03 5.7821e-01 1.2905e+04 1.4555e+01 1.4537e+00
7.9412e+01 1.2897e+04 1.1079e-03 5.7051e-01 1.2897e+04 1.4288e+01 1.4342e+00
7.9804e+01 1.2890e+04 1.0875e-03 5.6263e-01 1.2890e+04 1.4017e+01 1.4142e+00
8.0196e+01 1.2882e+04 1.0666e-03 5.5454e-01 1.2882e+04 1.3740e+01 1.3937e+00
8.0588e+01 1.2874e+04 1.0454e-03 5.4626e-01 1.2874e+04 1.3458e+01 1.3727e+00
8.0980e+01 1.2866e+04 1.0237e-03 5.3777e-01 1.2866e+04 1.3171e+01 1.3512e+00
8.1373e+01 1.2858e+04 1.0016e-03 5.2908e-01 1.2858e+04 1.2878e+01 1.3292e+00
8.1765e+01 1.2849e+04 9.7904e-04 5.2018e-01 1.2849e+04 1.2580e+01 1.3066e+00
8.2157e+01 1.2841e+04 9.5606e-04 5.1106e-01 1.2841e+04 1.2277e+01 1.2835e+00
8.2549e+01 1.2832e+04 9.3264e-04 5.0173e-01 1.2832e+04 1.1968e+01 1.2599e+00
8.2941e+01 1.2823e+04 9.0877e-04 4.9217e-01 1.2823e+04 1.1653e+01 1.2357e+00
8.3333e+01 1.2814e+04 8.8445e-04 4.8239e-01 1.2814e+04 1.1334e+01 1.2110e+00
8.3725e+01 1.2805e+04 8.5967e-04 4.7238e-01 1.2805e+04 1.1008e+01 1.1857e+00
8.4118e+01 1.2796e+04 8.3443e-04 4.6213e-01 1.2796e+04 1.0677e+01 1.1598e+00
8.4510e+01 1.2786e+04 8.0872e-04 4.5164e-01 1.2786e+04 1.0341e+01 1.1333e+00
8.4902e+01 1.2777e+04 7.8254e-04 4.4091e-01 1.2777e+04 9.9983e+00 1.1062e+00
8.5294e+01 1.2767e+04 7.5588e-04 4.2993e-01 1.2767e+04 9.6502e+00 1.0785e+00
8.5686e+01 1.2757e+04 7.2873e-04 4.1869e-01 1.2757e+04 9.2964e+00 1.0501e+00
8.6078e+01 1.2747e+04 7.0109e-04 4.0720e-01 1.2747e+04 8.9367e+00 1.0211e+00
8.6471e+01 1.2736e+04 6.7295e-04 3.9543e-01 1.2736e+04 8.5710e+00 9.9147e-01
8.6863e+01 1.2726e+04 6.4430e-04 3.8340e-01 1.2726e+04 8.1994e+00 9.6114e-01
8.7255e+01 1.2715e+04 6.1514e-04 3.7109e-01 1.2715e+04 7.8218e+00 9.3013e-01
8.7647e+01 1.2705e+04 5.8545e-04 3.5849e-01 1.2705e+04 7.4380e+00 8.9841e-01
8.8039e+01 1.2694e+04 5.5523e-04 3.4561e-01 1.2694e+04 7.0480e+00 8.6598e-01
8.8431e+01 1.2683e+04 5.2448e-04 3.3243e-01 1.2683e+04 6.6518e+00 8.3282e-01
8.8824e+01 1.2672e+04 4.9318e-04 3.1895e-01 1.2672e+04 6.2493e+00 7.9891e-01
8.9216e+01 1.2660e+04 4.6132e-04 3.0515e-01 1.2660e+04 5.8403e+00 7.6423e-01
8.9608e+01 1.2649e+04 4.2889e-04 2.9104e-01 1.2649e+04 5.4249e+00 7.2877e-01
9.0000e+01 1.2637e+04 3.9589e-04 2.7661e-01 1.2637e+04 5.0029e+00 6.9251e-01
9.0392e+01 1.2625e+04 3.6231e-04 2.6184e-01 1.2625e+04 4.5742e+00 6.5543e-01
9.0784e+01 1.2613e+04 3.2814e-04 2.4674e-01 1.2613e+04 4.1388e+00 6.1752e-01
9.1176e+01 1.2601e+04 2.9337e-04 2.3129e-01 1.2601e+04 3.6967e+00 5.7876e-01
9.1569e+01 1.2588e+04 2.5803e-04 2.1550e-01 1.2588e+04 3.2482e+00 5.3916e-01
9.1961e+01 1.2576e+04 2.2217e-04 1.9939e-01 1.2576e+04 2.7941e+00 4.9879e-01
9.2353e+01 1.2563e+04 1.8601e-04 1.8306e-01 1.2563e+04 2.3369e+00 4.5786e-01
9.2745e+01 1.2551e+04 1.4999e-04 1.6671e-01 1.2551e+04 1.8826e+00 4.1692e-01
9.3137e+01 1.2539e+04 1.1508e-04 1.5082e-01 1.2539e+04 1.4430e+00 3.7712e-01
9.3529e+01 1.2528e+04 8.2841e-05 1.3615e-01 1.2528e+04 1.0379e+00 3.4041e-01
9.3922e+01 1.2519e+04 5.5217e-05 1.2368e-01 1.2519e+04 6.9126e-01 3.0921e-01
9.4314e+01 1.2512e+04 3.3809e-05 1.1419e-01 1.2512e+04 4.2301e-01 2.8548e-01
9.4706e+01 1.2507e+04 1.9040e-05 1.0782e-01 1.2507e+04 2.3813e-01 2.6954e-01
9.5098e+01 1.2504e+04 9.9751e-06 1.0402e-01 1.2504e+04 1.2472e-01 2.6005e-01
9.5490e+01 1.2502e+04 4.9500e-06 1.0197e-01 1.2502e+04 6.1884e-02 2.5492e-01
9.5882e+01 1.2501e+04 2.3703e-06 1.0094e-01 1.2501e+04 2.9631e-02 2.5234e-01
9.6275e+01 1.2500e+04 1.1114e-06 1.0044e-01 1.2500e+04 1.3892e-02 2.5109e-01
9.6667e+01 1.2500e+04 5.1500e-07 1.0020e-01 1.2500e+04 6.4376e-03 2.5051e-01
9.7059e+01 1.2500e+04 2.3710e-07 1.0009e-01 1.2500e+04 2.9638e-03 2.5023e-01
9.7451e+01 1.2500e+04 1.0874e-07 1.0004e-01 1.2500e+04 1.3592e-03 2.5011e-01
9.7843e+01 1.2500e+04 4.9741e-08 1.0002e-01 1.2500e+04 6.2176e-04 2.5005e-01
9.8235e+01 1.2500e+04 2.2713e-08 1.0001e-01 1.2500e+04 2.8391e-04 2.5002e-01
9.8627e+01 1.2500e+04 1.0362e-08 1.0000e-01 1.2500e+04 1.2953e-04 2.5001e-01
9.9020e+01 1.2500e+04 4.7388e-09 1.0000e-01 1.2500e+04 5.9235e-05 2.5000e-01
9.9412e+01 1.2500e+04 2.2005e-09 1.0000e-01 1.2500e+04 2.7506e-05 2.5000e-01
9.9804e+01 1.2500e+04 1.1412e-09 1.0000e-01 1.2500e+04 1.4266e-05 2.5000e-01
