# # x Density Velocity Pressure q0 q1 q2
1.9608e-01 1.0000e+05 1.9044e-17 1.0000e+00 1.0000e+05 1.9044e-12 2.5000e+00
5.8824e-01 1.0000e+05 2.9037e-17 1.0000e+00 1.0000e+05 2.9037e-12 2.5000e+00
9.8039e-01 1.0000e+05 4.1156e-17 1.0000e+00 1.0000e+05 4.1156e-12 2.5000e+00
1.3725e+00 1.0000e+05 5.8527e-17 1.0000e+00 1.0000e+05 5.8527e-12 2.5000e+00
1.7647e+00 1.0000e+05 8.4933e-17 1.0000e+00 1.0000e+05 8.4933e-12 2.5000e+00
2.1569e+00 1.0000e+05 1.2538e-16 1.0000e+00 1.0000e+05 1.2538e-11 2.5000e+00
2.5490e+00 1.0000e+05 1.8776e-16 1.0000e+00 1.0000e+05 1.8776e-11 2.5000e+00
2.9412e+00 1.0000e+05 2.8406e-16 1.0000e+00 1.0000e+05 2.8406e-11 2.5000e+00
3.3333e+00 1.0000e+05 4.3331e-16 1.0000e+00 1.0000e+05 4.3331e-11 2.5000e+00
3.7255e+00 1.0000e+05 6.6407e-16 1.0000e+00 1.0000e+05 6.6407e-11 2.5000e+00
4.1176e+00 1.0000e+05 1.0205e-15 1.0000e+00 1.0000e+05 1.0205e-10 2.5000e+00
4.5098e+00 1.0000e+05 1.5699e-15 1.0000e+00 1.0000e+05 1.5699e-10 2.5000e+00
4.9020e+00 1.0000e+05 2.4140e-15 1.0000e+00 1.0000e+05 2.4140e-10 2.5000e+00
5.2941e+00 1.0000e+05 3.7056e-15 1.0000e+00 1.0000e+05 3.7056e-10 2.5000e+00
5.6863e+00 1.0000e+05 5.6753e-15 1.0000e+00 1.0000e+05 5.6753e-10 2.5000e+00
6.0784e+00 1.0000e+05 8.6668e-15 1.0000e+00 1.0000e+05 8.6668e-10 2.5000e+00
6.4706e+00 1.0000e+05 1.3192e-14 1.0000e+00 1.0000e+05 1.3192e-09 2.5000e+00
6.8627e+00 1.0000e+05 2.0012e-14 1.0000e+00 1.0000e+05 2.0012e-09 2.5000e+00
7.2549e+00 1.0000e+05 3.0251e-14 1.0000e+00 1.0000e+05 3.0251e-09 2.5000e+00
7.6471e+00 1.0000e+05 4.5566e-14 1.0000e+00 1.0000e+05 4.5566e-09 2.5000e+00
8.0392e+00 1.0000e+05 6.8387e-14 1.0000e+00 1.0000e+05 6.8387e-09 2.5000e+00
8.4314e+00 1.0000e+05 1.0226e-13 1.0000e+00 1.0000e+05 1.0226e-08 2.5000e+00
8.8235e+00 1.0000e+05 1.5236e-13 1.0000e+00 1.0000e+05 1.5236e-08 2.5000e+00
9.2157e+00 1.0000e+05 2.2615e-13 1.0000e+00 1.0000e+05 2.2615e-08 2.5000e+00
9.6078e+00 1.0000e+05 3.3446e-13 1.0000e+00 1.0000e+05 3.3446e-08 2.5000e+00
1.0000e+01 1.0000e+05 4.9279e-13 1.0000e+00 1.0000e+05 4.9279e-08 2.5000e+00
1.0392e+01 1.0000e+05 7.2339e-13 1.0000e+00 1.0000e+05 7.2339e-08 2.5000e+00
1.0784e+01 1.0000e+05 1.0579e-12 1.0000e+00 1.0000e+05 1.0579e-07 2.5000e+00
1.1176e+01 1.0000e+05 1.5415e-12 1.0000e+00 1.0000e+05 1.5415e-07 2.5000e+00
1.1569e+01 1.0000e+05 2.2377e-12 1.0000e+00 1.0000e+05 2.2377e-07 2.5000e+00
1.1961e+01 1.0000e+05 3.2362e-12 1.0000e+00 1.0000e+05 3.2362e-07 2.5000e+00
1.2353e+01 1.0000e+05 4.6628e-12 1.0000e+00 1.0000e+05 4.6628e-07 2.5000e+00
1.2745e+01 1.0000e+05 6.6932e-12 1.0000e+00 1.0000e+05 6.6932e-07 2.5000e+00
1.3137e+01 1.0000e+05 9.5719e-12 1.0000e+00 1.0000e+05 9.5719e-07 2.5000e+00
1.3529e+01 1.0000e+05 1.3637e-11 1.0000e+00 1.0000e+05 1.3637e-06 2.5000e+00
1.3922e+01 1.0000e+05 1.9357e-11 1.0000e+00 1.0000e+05 1.9357e-06 2.5000e+00
1.4314e+01 1.0000e+05 2.7373e-11 1.0000e+00 1.0000e+05 2.7373e-06 2.5000e+00
1.4706e+01 1.0000e+05 3.8563e-11 1.0000e+00 1.0000e+05 3.8563e-06 2.5000e+00
1.5098e+01 1.0000e+05 5.4124e-11 1.0000e+00 1.0000e+05 5.4124e-06 2.5000e+00
1.5490e+01 1.0000e+05 7.5679e-11 1.0000e+00 1.0000e+05 7.5679e-06 2.5000e+00
1.5882e+01 1.0000e+05 1.0542e-10 1.0000e+00 1.0000e+05 1.0542e-05 2.5000e+00
1.6275e+01 1.0000e+05 1.4630e-10 1.0000e+00 1.0000e+05 1.4630e-05 2.5000e+00
1.6667e+01 1.0000e+05 2.0227e-10 1.0000e+00 1.0000e+05 2.0227e-05 2.5000e+00
1.7059e+01 1.0000e+05 2.7861e-10 1.0000e+00 1.0000e+05 2.7861e-05 2.5000e+00
1.7451e+01 1.0000e+05 3.8231e-10 1.0000e+00 1.0000e+05 3.8231e-05 2.5000e+00
1.7843e+01 1.0000e+05 5.2263e-10 1.0000e+00 1.0000e+05 5.2263e-05 2.5000e+00
1.8235e+01 1.0000e+05 7.1177e-10 1.0000e+00 1.0000e+05 7.1177e-05 2.5000e+00
1.8627e+01 1.0000e+05 9.6573e-10 1.0000e+00 1.0000e+05 9.6573e-05 2.5000e+00
1.9020e+01 1.0000e+05 1.3054e-09 1.0000e+00 1.0000e+05 1.3054e-04 2.5000e+00
1.9412e+01 1.0000e+05 1.7578e-09 1.0000e+00 1.0000e+05 1.7578e-04 2.5000e+00
1.9804e+01 1.0000e+05 2.3582e-09 1.0000e+00 1.0000e+05 2.3582e-04 2.5000e+00
2.0196e+01 1.0000e+05 3.1517e-09 9.9999e-01 1.0000e+05 3.1517e-04 2.5000e+00
2.0588e+01 1.0000e+05 4.1964e-09 9.9999e-01 1.0000e+05 4.1964e-04 2.5000e+00
2.0980e+01 1.0000e+05 5.5664e-09 9.9999e-01 1.0000e+05 5.5664e-04 2.5000e+00
2.1373e+01 1.0000e+05 7.3559e-09 9.9999e-01 1.0000e+05 7.3559e-04 2.5000e+00
2.1765e+01 1.0000e+05 9.6843e-09 9.9998e-01 1.0000e+05 9.6842e-04 2.5000e+00
2.2157e+01 1.0000e+05 1.2702e-08 9.9998e-01 1.0000e+05 1.2702e-03 2.4999e+00
2.2549e+01 1.0000e+05 1.6597e-08 9.9997e-01 1.0000e+05 1.6597e-03 2.4999e+00
2.2941e+01 1.0000e+05 2.1605e-08 9.9996e-01 1.0000e+05 2.1605e-03 2.4999e+00
2.3333e+01 1.0000e+05 2.8020e-08 9.9995e-01 1.0000e+05 2.8020e-03 2.4999e+00
2.3725e+01 1.0000e+05 3.6203e-08 9.9994e-01 1.0000e+05 3.6203e-03 2.4998e+00
2.4118e+01 1.0000e+05 4.6601e-08 9.9992e-01 1.0000e+05 4.6601e-03 2.4998e+00
2.4510e+01 1.0000e+05 5.9761e-08 9.9990e-01 1.0000e+05 5.9761e-03 2.4997e+00
2.4902e+01 1.0000e+05 7.6353e-08 9.9987e-01 1.0000e+05 7.6352e-03 2.4997e+00
2.5294e+01 9.9999e+04 9.7187e-08 9.9984e-01 9.9999e+04 9.7186e-03 2.4996e+00
2.5686e+01 9.9999e+04 1.2325e-07 9.9980e-01 9.9999e+04 1.2324e-02 2.4995e+00
2.6078e+01 9.9999e+04 1.5571e-07 9.9975e-01 9.9999e+04 1.5571e-02 2.4994e+00
2.6471e+01 9.9999e+04 1.9600e-07 9.9969e-01 9.9999e+04 1.9600e-02 2.4992e+00
2.6863e+01 9.9998e+04 2.4580e-07 9.9962e-01 9.9998e+04 2.4579e-02 2.4990e+00
2.7255e+01 9.9998e+04 3.0711e-07 9.9953e-01 9.9998e+04 3.0710e-02 2.4988e+00
2.7647e+01 9.9997e+04 3.8230e-07 9.9942e-01 9.9997e+04 3.8229e-02 2.4986e+00
2.8039e+01 9.9997e+04 4.7415e-07 9.9929e-01 9.9997e+04 4.7413e-02 2.4982e+00
2.8431e+01 9.9996e+04 5.8591e-07 9.9914e-01 9.9996e+04 5.8589e-02 2.4978e+00
2.8824e+01 9.9995e+04 7.2136e-07 9.9895e-01 9.9995e+04 7.2133e-02 2.4974e+00
2.9216e+01 9.9994e+04 8.8489e-07 9.9873e-01 9.9994e+04 8.8483e-02 2.4968e+00
2.9608e+01 9.9992e+04 1.0815e-06 9.9847e-01 9.9992e+04 1.0814e-01 2.4962e+00
3.0000e+01 9.9991e+04 1.3171e-06 9.9816e-01 9.9991e+04 1.3170e-01 2.4954e+00
3.0392e+01 9.9989e+04 1.5981e-06 9.9780e-01 9.9989e+04 1.5979e-01 2.4945e+00
3.0784e+01 9.9986e+04 1.9322e-06 9.9738e-01 9.9986e+04 1.9319e-01 2.4934e+00
3.1176e+01 9.9983e+04 2.3276e-06 9.9688e-01 9.9983e+04 2.3272e-01 2.4922e+00
3.1569e+01 9.9979e+04 2.7940e-06 9.9631e-01 9.9979e+04 2.7935e-01 2.4908e+00
3.1961e+01 9.9975e+04 3.3419e-06 9.9565e-01 9.9975e+04 3.3411e-01 2.4891e+00
3.2353e+01 9.9970e+04 3.9831e-06 9.9490e-01 9.9970e+04 3.9819e-01 2.4872e+00
3.2745e+01 9.9963e+04 4.7306e-06 9.9403e-01 9.9963e+04 4.7289e-01 2.4851e+00
3.3137e+01 9.9956e+04 5.5987e-06 9.9304e-01 9.9956e+04 5.5962e-01 2.4826e+00
3.3529e+01 9.9948e+04 6.6029e-06 9.9191e-01 9.9948e+04 6.5995e-01 2.4798e+00
3.3922e+01 9.9938e+04 7.7603e-06 9.9064e-01 9.9938e+04 7.7555e-01 2.4766e+00
3.4314e+01 9.9926e+04 9.0892e-06 9.8920e-01 9.9926e+04 9.0824e-01 2.4730e+00
3.4706e+01 9.9912e+04 1.0609e-05 9.8759e-01 9.9912e+04 1.0600e+00 2.4690e+00
3.5098e+01 9.9897e+04 1.2341e-05 9.8579e-01 9.9897e+04 1.2328e+00 2.4645e+00
3.5490e+01 9.9879e+04 1.4308e-05 9.8379e-01 9.9879e+04 1.4290e+00 2.4595e+00
3.5882e+01 9.9858e+04 1.6532e-05 9.8157e-01 9.9858e+04 1.6508e+00 2.4539e+00
3.6275e+01 9.9834e+04 1.9038e-05 9.7912e-01 9.9834e+04 1.9007e+00 2.4478e+00
3.6667e+01 9.9807e+04 2.1853e-05 9.7642e-01 9.9807e+04 2.1810e+00 2.4411e+00
3.7059e+01 9.9776e+04 2.5001e-05 9.7347e-01 9.9776e+04 2.4945e+00 2.4337e+00
3.7451e+01 9.9740e+04 2.8511e-05 9.7025e-01 9.9740e+04 2.8437e+00 2.4257e+00
3.7843e+01 9.9701e+04 3.2409e-05 9.6675e-01 9.9701e+04 3.2312e+00 2.4169e+00
3.8235e+01 9.9656e+04 3.6724e-05 9.6296e-01 9.9656e+04 3.6598e+00 2.4075e+00
3.8627e+01 9.9605e+04 4.1483e-05 9.5887e-01 9.9605e+04 4.1319e+00 2.3973e+00
3.9020e+01 9.9549e+04 4.6713e-05 9.5449e-01 9.9549e+04 4.6502e+00 2.3863e+00
3.9412e+01 9.9486e+04 5.2441e-05 9.4979e-01 9.9486e+04 5.2171e+00 2.3746e+00
3.9804e+01 9.9417e+04 5.8693e-05 9.4479e-01 9.9417e+04 5.8351e+00 2.3622e+00
4.0196e+01 9.9339e+04 6.5494e-05 9.3949e-01 9.9339e+04 6.5061e+00 2.3489e+00
4.0588e+01 9.9254e+04 7.2867e-05 9.3388e-01 9.9254e+04 7.2323e+00 2.3350e+00
4.0980e+01 9.9160e+04 8.0834e-05 9.2797e-01 9.9160e+04 8.0155e+00 2.3202e+00
4.1373e+01 9.9057e+04 8.9413e-05 9.2177e-01 9.9057e+04 8.8570e+00 2.3048e+00
4.1765e+01 9.8944e+04 9.8622e-05 9.1529e-01 9.8944e+04 9.7580e+00 2.2887e+00
4.2157e+01 9.8821e+04 1.0847e-04 9.0854e-01 9.8821e+04 1.0720e+01 2.2719e+00
4.2549e+01 9.8687e+04 1.1898e-04 9.0155e-01 9.8687e+04 1.1742e+01 2.2546e+00
4.2941e+01 9.8542e+04 1.3015e-04 8.9432e-01 9.8542e+04 1.2826e+01 2.2366e+00
4.3333e+01 9.8385e+04 1.4197e-04 8.8687e-01 9.8385e+04 1.3968e+01 2.2182e+00
4.3725e+01 9.8218e+04 1.5454e-04 8.7927e-01 9.8218e+04 1.5179e+01 2.1993e+00
4.4118e+01 9.8030e+04 1.6748e-04 8.7139e-01 9.8030e+04 1.6418e+01 2.1799e+00
4.4510e+01 9.7855e+04 1.8202e-04 8.6371e-01 9.7855e+04 1.7811e+01 2.1609e+00
4.4902e+01 9.7591e+04 1.9445e-04 8.5497e-01 9.7591e+04 1.8977e+01 2.1393e+00
4.5294e+01 9.7516e+04 2.1479e-04 8.4863e-01 9.7516e+04 2.0945e+01 2.1238e+00
4.5686e+01 9.6941e+04 2.1830e-04 8.3632e-01 9.6941e+04 2.1162e+01 2.0931e+00
4.6078e+01 9.7394e+04 2.5956e-04 8.3655e-01 9.7394e+04 2.5279e+01 2.0947e+00
4.6471e+01 9.5873e+04 2.3138e-04 8.1330e-01 9.5873e+04 2.2183e+01 2.0358e+00
4.6863e+01 9.7511e+04 3.1640e-04 8.2770e-01 9.7511e+04 3.0852e+01 2.0741e+00
4.7255e+01 9.4854e+04 2.5058e-04 7.9197e-01 9.4854e+04 2.3769e+01 1.9829e+00
4.7647e+01 9.6768e+04 3.4692e-04 8.0951e-01 9.6768e+04 3.3571e+01 2.0296e+00
4.8039e+01 9.5063e+04 3.1877e-04 7.8632e-01 9.5063e+04 3.0303e+01 1.9706e+00
4.8431e+01 9.5079e+04 3.5028e-04 7.8256e-01 9.5079e+04 3.3304e+01 1.9622e+00
4.8824e+01 9.5429e+04 3.6727e-04 7.7416e-01 9.5429e+04 3.5048e+01 1.9418e+00
4.9216e+01 8.8627e+04 4.0467e-04 7.7256e-01 8.8627e+04 3.5865e+01 1.9387e+00
4.9608e+01 1.2317e+05 4.0418e-04 7.5760e-01 1.2317e+05 4.9783e+01 1.9041e+00
5.0000e+01 4.3707e+04 4.2002e-04 7.5320e-01 4.3707e+04 1.8358e+01 1.8869e+00
5.0392e+01 1.5053e+04 4.3353e-04 7.4981e-01 1.5053e+04 6.5260e+00 1.8759e+00
5.0784e+01 9.3751e+03 4.9039e-04 7.4815e-01 9.3751e+03 4.5975e+00 1.8715e+00
5.1176e+01 9.1627e+03 6.4999e-04 7.5276e-01 9.1627e+03 5.9556e+00 1.8838e+00
5.1569e+01 9.5725e+03 7.2655e-04 7.5025e-01 9.5725e+03 6.9549e+00 1.8781e+00
5.1961e+01 1.0161e+04 7.5499e-04 7.4443e-01 1.0161e+04 7.6716e+00 1.8640e+00
5.2353e+01 1.0597e+04 8.3981e-04 7.4607e-01 1.0597e+04 8.8990e+00 1.8689e+00
5.2745e+01 1.1060e+04 9.5648e-04 7.5234e-01 1.1060e+04 1.0578e+01 1.8859e+00
5.3137e+01 1.1303e+04 1.0103e-03 7.5299e-01 1.1303e+04 1.1419e+01 1.8883e+00
5.3529e+01 1.1469e+04 1.0021e-03 7.4756e-01 1.1469e+04 1.1493e+01 1.8747e+00
5.3922e+01 1.1568e+04 9.9911e-04 7.4310e-01 1.1568e+04 1.1558e+01 1.8635e+00
5.4314e+01 1.1733e+04 1.0480e-03 7.4480e-01 1.1733e+04 1.2296e+01 1.8685e+00
5.4706e+01 1.1903e+04 1.1292e-03 7.5054e-01 1.1903e+04 1.3441e+01 1.8839e+00
5.5098e+01 1.2058e+04 1.1972e-03 7.5519e-01 1.2058e+04 1.4437e+01 1.8966e+00
5.5490e+01 1.2142e+04 1.2245e-03 7.5557e-01 1.2142e+04 1.4868e+01 1.8980e+00
5.5882e+01 1.2180e+04 1.2166e-03 7.5220e-01 1.2180e+04 1.4818e+01 1.8895e+00
5.6275e+01 1.2202e+04 1.2018e-03 7.4726e-01 1.2202e+04 1.4664e+01 1.8770e+00
5.6667e+01 1.2263e+04 1.2180e-03 7.4618e-01 1.2263e+04 1.4936e+01 1.8745e+00
5.7059e+01 1.2380e+04 1.2829e-03 7.5099e-01 1.2380e+04 1.5882e+01 1.8877e+00
5.7451e+01 1.2536e+04 1.3798e-03 7.5981e-01 1.2536e+04 1.7298e+01 1.9115e+00
5.7843e+01 1.2694e+04 1.4801e-03 7.6938e-01 1.2694e+04 1.8789e+01 1.9374e+00
5.8235e+01 1.2825e+04 1.5620e-03 7.7708e-01 1.2825e+04 2.0033e+01 1.9583e+00
5.8627e+01 1.2916e+04 1.6164e-03 7.8172e-01 1.2916e+04 2.0878e+01 1.9712e+00
5.9020e+01 1.2970e+04 1.6455e-03 7.8347e-01 1.2970e+04 2.1342e+01 1.9762e+00
5.9412e+01 1.2997e+04 1.6570e-03 7.8321e-01 1.2997e+04 2.1537e+01 1.9759e+00
5.9804e+01 1.3010e+04 1.6591e-03 7.8189e-01 1.3010e+04 2.1586e+01 1.9726e+00
6.0196e+01 1.3017e+04 1.6575e-03 7.8017e-01 1.3017e+04 2.1576e+01 1.9683e+00
6.0588e+01 1.3022e+04 1.6546e-03 7.7832e-01 1.3022e+04 2.1547e+01 1.9636e+00
6.0980e+01 1.3026e+04 1.6513e-03 7.7638e-01 1.3026e+04 2.1510e+01 1.9587e+00
6.1373e+01 1.3030e+04 1.6476e-03 7.7438e-01 1.3030e+04 2.1467e+01 1.9536e+00
6.1765e+01 1.3033e+04 1.6435e-03 7.7230e-01 1.3033e+04 2.1419e+01 1.9484e+00
6.2157e+01 1.3035e+04 1.6390e-03 7.7016e-01 1.3035e+04 2.1365e+01 1.9429e+00
6.2549e+01 1.3038e+04 1.6343e-03 7.6794e-01 1.3038e+04 2.1307e+01 1.9373e+00
6.2941e+01 1.3039e+04 1.6292e-03 7.6565e-01 1.3039e+04 2.1244e+01 1.9314e+00
6.3333e+01 1.3041e+04 1.6238e-03 7.6329e-01 1.3041e+04 2.1176e+01 1.9254e+00
6.3725e+01 1.3042e+04 1.6180e-03 7.6085e-01 1.3042e+04 2.1103e+01 1.9192e+00
6.4118e+01 1.3043e+04 1.6120e-03 7.5833e-01 1.3043e+04 2.1026e+01 1.9128e+00
6.4510e+01 1.3044e+04 1.6057e-03 7.5574e-01 1.3044e+04 2.0944e+01 1.9062e+00
6.4902e+01 1.3044e+04 1.5990e-03 7.5307e-01 1.3044e+04 2.0858e+01 1.8993e+00
6.5294e+01 1.3044e+04 1.5920e-03 7.5031e-01 1.3044e+04 2.0767e+01 1.8923e+00
6.5686e+01 1.3044e+04 1.5847e-03 7.4746e-01 1.3044e+04 2.0671e+01 1.8850e+00
6.6078e+01 1.3044e+04 1.5771e-03 7.4453e-01 1.3044e+04 2.0571e+01 1.8775e+00
6.6471e+01 1.3043e+04 1.5692e-03 7.4150e-01 1.3043e+04 2.0467e+01 1.8698e+00
6.6863e+01 1.3042e+04 1.5609e-03 7.3838e-01 1.3042e+04 2.0358e+01 1.8618e+00
6.7255e+01 1.3041e+04 1.5523e-03 7.3517e-01 1.3041e+04 2.0244e+01 1.8536e+00
6.7647e+01 1.3039e+04 1.5434e-03 7.3185e-01 1.3039e+04 2.0126e+01 1.8452e+00
6.8039e+01 1.3038e+04 1.5342e-03 7.2844e-01 1.3038e+04 2.0003e+01 1.8364e+00
6.8431e+01 1.3036e+04 1.5247e-03 7.2492e-01 1.3036e+04 1.9875e+01 1.8274e+00
6.8824e+01 1.3034e+04 1.5148e-03 7.2129e-01 1.3034e+04 1.9743e+01 1.8182e+00
6.9216e+01 1.3031e+04 1.5046e-03 7.1755e-01 1.3031e+04 1.9606e+01 1.8086e+00
6.9608e+01 1.3029e+04 1.4940e-03 7.1370e-01 1.3029e+04 1.9465e+01 1.7988e+00
7.0000e+01 1.3026e+04 1.4831e-03 7.0973e-01 1.3026e+04 1.9319e+01 1.7886e+00
7.0392e+01 1.3023e+04 1.4719e-03 7.0564e-01 1.3023e+04 1.9168e+01 1.7782e+00
7.0784e+01 1.3019e+04 1.4603e-03 7.0143e-01 1.3019e+04 1.9013e+01 1.7675e+00
7.1176e+01 1.3016e+04 1.4484e-03 6.9710e-01 1.3016e+04 1.8852e+01 1.7564e+00
7.1569e+01 1.3012e+04 1.4361e-03 6.9264e-01 1.3012e+04 1.8687e+01 1.7450e+00
7.1961e+01 1.3009e+04 1.4235e-03 6.8805e-01 1.3009e+04 1.8517e+01 1.7333e+00
7.2353e+01 1.3004e+04 1.4105e-03 6.8332e-01 1.3004e+04 1.8343e+01 1.7212e+00
7.2745e+01 1.3000e+04 1.3972e-03 6.7846e-01 1.3000e+04 1.8163e+01 1.7088e+00
7.3137e+01 1.2996e+04 1.3835e-03 6.7346e-01 1.2996e+04 1.7979e+01 1.6961e+00
7.3529e+01 1.2991e+04 1.3694e-03 6.6832e-01 1.2991e+04 1.7790e+01 1.6830e+00
7.3922e+01 1.2986e+04 1.3549e-03 6.6303e-01 1.2986e+04 1.7596e+01 1.6695e+00
7.4314e+01 1.2981e+04 1.3401e-03 6.5759e-01 1.2981e+04 1.7397e+01 1.6556e+00
7.4706e+01 1.2976e+04 1.3250e-03 6.5201e-01 1.2976e+04 1.7193e+01 1.6414e+00
7.5098e+01 1.2971e+04 1.3094e-03 6.4626e-01 1.2971e+04 1.6984e+01 1.6268e+00
7.5490e+01 1.2965e+04 1.2935e-03 6.4036e-01 1.2965e+04 1.6770e+01 1.6118e+00
7.5882e+01 1.2959e+04 1.2771e-03 6.3430e-01 1.2959e+04 1.6551e+01 1.5963e+00
7.6275e+01 1.2953e+04 1.2604e-03 6.2808e-01 1.2953e+04 1.6327e+01 1.5805e+00
7.6667e+01 1.2947e+04 1.2434e-03 6.2169e-01 1.2947e+04 1.6098e+01 1.5642e+00
7.7059e+01 1.2941e+04 1.2259e-03 6.1513e-01 1.2941e+04 1.5864e+01 1.5476e+00
7.7451e+01 1.2934e+04 1.2080e-03 6.0840e-01 1.2934e+04 1.5625e+01 1.5304e+00
7.7843e+01 1.2928e+04 1.1897e-03 6.0150e-01 1.2928e+04 1.5380e+01 1.5129e+00
7.8235e+01 1.2921e+04 1.1711e-03 5.9441e-01 1.2921e+04 1.5131e+01 1.4949e+00
7.8627e+01 1.2914e+04 1.1520e-03 5.8714e-01 1.2914e+04 1.4877e+01 1.4764e+00
7.9020e+01 1.2907e+04 1.1325e-03 5.7969e-01 1.2907e+04 1.4617e+01 1.4575e+00
7.9412e+01 1.2899e+04 1.1126e-03 5.7205e-01 1.2899e+04 1.4352e+01 1.4381e+00
7.9804e+01 1.2892e+04 1.0923e-03 5.6422e-01 1.2892e+04 1.4082e+01 1.4183e+00
8.0196e+01 1.2884e+04 1.0716e-03 5.5620e-01 1.2884e+04 1.3807e+01 1.3979e+00
8.0588e+01 1.2876e+04 1.0505e-03 5.4798e-01 1.2876e+04 1.3526e+01 1.3770e+00
8.0980e+01 1.2868e+04 1.0289e-03 5.3955e-01 1.2868e+04 1.3240e+01 1.3557e+00
8.1373e+01 1.2860e+04 1.0069e-03 5.3092e-01 1.2860e+04 1.2949e+01 1.3338e+00
8.1765e+01 1.2852e+04 9.8453e-04 5.2209e-01 1.2852e+04 1.2653e+01 1.3114e+00
8.2157e+01 1.2843e+04 9.6169e-04 5.1304e-01 1.2843e+04 1.2351e+01 1.2885e+00
8.2549e+01 1.2835e+04 9.3840e-04 5.0377e-01 1.2835e+04 1.2044e+01 1.2651e+00
8.2941e+01 1.2826e+04 9.1466e-04 4.9429e-01 1.2826e+04 1.1731e+01 1.2411e+00
8.3333e+01 1.2817e+04 8.9048e-04 4.8458e-01 1.2817e+04 1.1413e+01 1.2165e+00
8.3725e+01 1.2808e+04 8.6585e-04 4.7464e-01 1.2808e+04 1.1089e+01 1.1914e+00
8.4118e+01 1.2798e+04 8.4075e-04 4.6447e-01 1.2798e+04 1.0760e+01 1.1657e+00
8.4510e+01 1.2789e+04 8.1519e-04 4.5406e-01 1.2789e+04 1.0425e+01 1.1394e+00
8.4902e+01 1.2779e+04 7.8916e-04 4.4340e-01 1.2779e+04 1.0085e+01 1.1125e+00
8.5294e+01 1.2770e+04 7.6265e-04 4.3251e-01 1.2770e+04 9.7387e+00 1.0850e+00
8.5686e+01 1.2760e+04 7.3566e-04 4.2135e-01 1.2760e+04 9.3867e+00 1.0568e+00
8.6078e+01 1.2750e+04 7.0817e-04 4.0994e-01 1.2750e+04 9.0289e+00 1.0281e+00
8.6471e+01 1.2739e+04 6.8019e-04 3.9827e-01 1.2739e+04 8.6652e+00 9.9863e-01
8.6863e+01 1.2729e+04 6.5171e-04 3.8633e-01 1.2729e+04 8.2956e+00 9.6853e-01
8.7255e+01 1.2718e+04 6.2272e-04 3.7411e-01 1.2718e+04 7.9199e+00 9.3775e-01
8.7647e+01 1.2708e+04 5.9320e-04 3.6162e-01 1.2708e+04 7.5382e+00 9.0628e-01
8.8039e+01 1.2697e+04 5.6316e-04 3.4883e-01 1.2697e+04 7.1504e+00 8.7410e-01
8.8431e+01 1.2686e+04 5.3259e-04 3.3576e-01 1.2686e+04 6.7563e+00 8.4119e-01
8.8824e+01 1.2675e+04 5.0147e-04 3.2238e-01 1.2675e+04 6.3559e+00 8.0754e-01
8.9216e+01 1.2663e+04 4.6980e-04 3.0869e-01 1.2663e+04 5.9492e+00 7.7313e-01
8.9608e+01 1.2652e+04 4.3757e-04 2.9470e-01 1.2652e+04 5.5360e+00 7.3795e-01
9.0000e+01 1.2640e+04 4.0477e-04 2.8038e-01 1.2640e+04 5.1163e+00 7.0198e-01
9.0392e+01 1.2628e+04 3.7139e-04 2.6573e-01 1.2628e+04 4.6900e+00 6.6520e-01
9.0784e+01 1.2616e+04 3.3742e-04 2.5075e-01 1.2616e+04 4.2570e+00 6.2758e-01
9.1176e+01 1.2604e+04 3.0286e-04 2.3542e-01 1.2604e+04 3.8174e+00 5.8913e-01
9.1569e+01 1.2592e+04 2.6772e-04 2.1976e-01 1.2592e+04 3.3711e+00 5.4984e-01
9.1961e+01 1.2579e+04 2.3205e-04 2.0377e-01 1.2579e+04 2.9190e+00 5.0975e-01
9.2353e+01 1.2567e+04 1.9598e-04 1.8751e-01 1.2567e+04 2.4629e+00 4.6903e-01
9.2745e+01 1.2555e+04 1.5991e-04 1.7117e-01 1.2555e+04 2.0075e+00 4.2809e-01
9.3137e+01 1.2542e+04 1.2460e-04 1.5512e-01 1.2542e+04 1.5628e+00 3.8790e-01
9.3529e+01 1.2531e+04 9.1469e-05 1.4004e-01 1.2531e+04 1.1462e+00 3.5015e-01
9.3922e+01 1.2521e+04 6.2389e-05 1.2688e-01 1.2521e+04 7.8120e-01 3.1723e-01
9.4314e+01 1.2514e+04 3.9151e-05 1.1653e-01 1.2514e+04 4.8993e-01 2.9133e-01
9.4706e+01 1.2508e+04 2.2568e-05 1.0932e-01 1.2508e+04 2.8227e-01 2.7329e-01
9.5098e+01 1.2504e+04 1.2053e-05 1.0488e-01 1.2504e+04 1.5071e-01 2.6219e-01
9.5490e+01 1.2502e+04 6.0644e-06 1.0242e-01 1.2502e+04 7.5818e-02 2.5605e-01
9.5882e+01 1.2501e+04 2.9298e-06 1.0116e-01 1.2501e+04 3.6626e-02 2.5290e-01
9.6275e+01 1.2501e+04 1.3810e-06 1.0054e-01 1.2501e+04 1.7263e-02 2.5136e-01
9.6667e+01 1.2500e+04 6.4197e-07 1.0025e-01 1.2500e+04 8.0247e-03 2.5063e-01
9.7059e+01 1.2500e+04 2.9614e-07 1.0012e-01 1.2500e+04 3.7018e-03 2.5029e-01
9.7451e+01 1.2500e+04 1.3601e-07 1.0005e-01 1.2500e+04 1.7001e-03 2.5013e-01
9.7843e+01 1.2500e+04 6.2289e-08 1.0002e-01 1.2500e+04 7.7861e-04 2.5006e-01
9.8235e+01 1.2500e+04 2.8472e-08 1.0001e-01 1.2500e+04 3.5590e-04 2.5003e-01
9.8627e+01 1.2500e+04 1.3003e-08 1.0001e-01 1.2500e+04 1.6253e-04 2.5001e-01
9.9020e+01 1.2500e+04 5.9522e-09 1.0000e-01 1.2500e+04 7.4403e-05 2.5001e-01
9.9412e+01 1.2500e+04 2.7668e-09 1.0000e-01 1.2500e+04 3.4585e-05 2.5000e-01
9.9804e+01 1.2500e+04 1.4366e-09 1.0000e-01 1.2500e+04 1.7958e-05 2.5000e-01
