# # x Density Velocity Pressure q0 q1 q2
1.9608e-01 1.0000e+05 2.6918e-17 1.0000e+00 1.0000e+05 2.6918e-12 2.5000e+00
5.8824e-01 1.0000e+05 3.8822e-17 1.0000e+00 1.0000e+05 3.8822e-12 2.5000e+00
9.8039e-01 1.0000e+05 5.3277e-17 1.0000e+00 1.0000e+05 5.3277e-12 2.5000e+00
1.3725e+00 1.0000e+05 7.5176e-17 1.0000e+00 1.0000e+05 7.5176e-12 2.5000e+00
1.7647e+00 1.0000e+05 1.0857e-16 1.0000e+00 1.0000e+05 1.0857e-11 2.5000e+00
2.1569e+00 1.0000e+05 1.6085e-16 1.0000e+00 1.0000e+05 1.6085e-11 2.5000e+00
2.5490e+00 1.0000e+05 2.4175e-16 1.0000e+00 1.0000e+05 2.4175e-11 2.5000e+00
2.9412e+00 1.0000e+05 3.6672e-16 1.0000e+00 1.0000e+05 3.6672e-11 2.5000e+00
3.3333e+00 1.0000e+05 5.5995e-16 1.0000e+00 1.0000e+05 5.5995e-11 2.5000e+00
3.7255e+00 1.0000e+05 8.5804e-16 1.0000e+00 1.0000e+05 8.5804e-11 2.5000e+00
4.1176e+00 1.0000e+05 1.3170e-15 1.0000e+00 1.0000e+05 1.3170e-10 2.5000e+00
4.5098e+00 1.0000e+05 2.0217e-15 1.0000e+00 1.0000e+05 2.0217e-10 2.5000e+00
4.9020e+00 1.0000e+05 3.0999e-15 1.0000e+00 1.0000e+05 3.0999e-10 2.5000e+00
5.2941e+00 1.0000e+05 4.7427e-15 1.0000e+00 1.0000e+05 4.7427e-10 2.5000e+00
5.6863e+00 1.0000e+05 7.2374e-15 1.0000e+00 1.0000e+05 7.2374e-10 2.5000e+00
6.0784e+00 1.0000e+05 1.1011e-14 1.0000e+00 1.0000e+05 1.1011e-09 2.5000e+00
6.4706e+00 1.0000e+05 1.6697e-14 1.0000e+00 1.0000e+05 1.6697e-09 2.5000e+00
6.8627e+00 1.0000e+05 2.5231e-14 1.0000e+00 1.0000e+05 2.5231e-09 2.5000e+00
7.2549e+00 1.0000e+05 3.7993e-14 1.0000e+00 1.0000e+05 3.7993e-09 2.5000e+00
7.6471e+00 1.0000e+05 5.7008e-14 1.0000e+00 1.0000e+05 5.7008e-09 2.5000e+00
8.0392e+00 1.0000e+05 8.5231e-14 1.0000e+00 1.0000e+05 8.5231e-09 2.5000e+00
8.4314e+00 1.0000e+05 1.2696e-13 1.0000e+00 1.0000e+05 1.2696e-08 2.5000e+00
8.8235e+00 1.0000e+05 1.8844e-13 1.0000e+00 1.0000e+05 1.8844e-08 2.5000e+00
9.2157e+00 1.0000e+05 2.7867e-13 1.0000e+00 1.0000e+05 2.7867e-08 2.5000e+00
9.6078e+00 1.0000e+05 4.1057e-13 1.0000e+00 1.0000e+05 4.1057e-08 2.5000e+00
1.0000e+01 1.0000e+05 6.0270e-13 1.0000e+00 1.0000e+05 6.0270e-08 2.5000e+00
1.0392e+01 1.0000e+05 8.8148e-13 1.0000e+00 1.0000e+05 8.8148e-08 2.5000e+00
1.0784e+01 1.0000e+05 1.2845e-12 1.0000e+00 1.0000e+05 1.2845e-07 2.5000e+00
1.1176e+01 1.0000e+05 1.8648e-12 1.0000e+00 1.0000e+05 1.8648e-07 2.5000e+00
1.1569e+01 1.0000e+05 2.6973e-12 1.0000e+00 1.0000e+05 2.6973e-07 2.5000e+00
1.1961e+01 1.0000e+05 3.8870e-12 1.0000e+00 1.0000e+05 3.8870e-07 2.5000e+00
1.2353e+01 1.0000e+05 5.5807e-12 1.0000e+00 1.0000e+05 5.5807e-07 2.5000e+00
1.2745e+01 1.0000e+05 7.9829e-12 1.0000e+00 1.0000e+05 7.9829e-07 2.5000e+00
1.3137e+01 1.0000e+05 1.1377e-11 1.0000e+00 1.0000e+05 1.1377e-06 2.5000e+00
1.3529e+01 1.0000e+05 1.6154e-11 1.0000e+00 1.0000e+05 1.6154e-06 2.5000e+00
1.3922e+01 1.0000e+05 2.2851e-11 1.0000e+00 1.0000e+05 2.2851e-06 2.5000e+00
1.4314e+01 1.0000e+05 3.2204e-11 1.0000e+00 1.0000e+05 3.2204e-06 2.5000e+00
1.4706e+01 1.0000e+05 4.5219e-11 1.0000e+00 1.0000e+05 4.5219e-06 2.5000e+00
1.5098e+01 1.0000e+05 6.3256e-11 1.0000e+00 1.0000e+05 6.3256e-06 2.5000e+00
1.5490e+01 1.0000e+05 8.8160e-11 1.0000e+00 1.0000e+05 8.8160e-06 2.5000e+00
1.5882e+01 1.0000e+05 1.2241e-10 1.0000e+00 1.0000e+05 1.2241e-05 2.5000e+00
1.6275e+01 1.0000e+05 1.6934e-10 1.0000e+00 1.0000e+05 1.6934e-05 2.5000e+00
1.6667e+01 1.0000e+05 2.3338e-10 1.0000e+00 1.0000e+05 2.3338e-05 2.5000e+00
1.7059e+01 1.0000e+05 3.2045e-10 1.0000e+00 1.0000e+05 3.2045e-05 2.5000e+00
1.7451e+01 1.0000e+05 4.3835e-10 1.0000e+00 1.0000e+05 4.3835e-05 2.5000e+00
1.7843e+01 1.0000e+05 5.9742e-10 1.0000e+00 1.0000e+05 5.9742e-05 2.5000e+00
1.8235e+01 1.0000e+05 8.1116e-10 1.0000e+00 1.0000e+05 8.1116e-05 2.5000e+00
1.8627e+01 1.0000e+05 1.0973e-09 1.0000e+00 1.0000e+05 1.0973e-04 2.5000e+00
1.9020e+01 1.0000e+05 1.4788e-09 1.0000e+00 1.0000e+05 1.4788e-04 2.5000e+00
1.9412e+01 1.0000e+05 1.9855e-09 1.0000e+00 1.0000e+05 1.9855e-04 2.5000e+00
1.9804e+01 1.0000e+05 2.6559e-09 9.9999e-01 1.0000e+05 2.6559e-04 2.5000e+00
2.0196e+01 1.0000e+05 3.5395e-09 9.9999e-01 1.0000e+05 3.5395e-04 2.5000e+00
2.0588e+01 1.0000e+05 4.6995e-09 9.9999e-01 1.0000e+05 4.6995e-04 2.5000e+00
2.0980e+01 1.0000e+05 6.2163e-09 9.9999e-01 1.0000e+05 6.2163e-04 2.5000e+00
2.1373e+01 1.0000e+05 8.1922e-09 9.9999e-01 1.0000e+05 8.1922e-04 2.5000e+00
2.1765e+01 1.0000e+05 1.0756e-08 9.9998e-01 1.0000e+05 1.0756e-03 2.5000e+00
2.2157e+01 1.0000e+05 1.4070e-08 9.9997e-01 1.0000e+05 1.4070e-03 2.4999e+00
2.2549e+01 1.0000e+05 1.8336e-08 9.9997e-01 1.0000e+05 1.8336e-03 2.4999e+00
2.2941e+01 1.0000e+05 2.3806e-08 9.9996e-01 1.0000e+05 2.3806e-03 2.4999e+00
2.3333e+01 1.0000e+05 3.0795e-08 9.9995e-01 1.0000e+05 3.0795e-03 2.4999e+00
2.3725e+01 1.0000e+05 3.9688e-08 9.9993e-01 1.0000e+05 3.9687e-03 2.4998e+00
2.4118e+01 1.0000e+05 5.0959e-08 9.9991e-01 1.0000e+05 5.0958e-03 2.4998e+00
2.4510e+01 1.0000e+05 6.5189e-08 9.9989e-01 1.0000e+05 6.5188e-03 2.4997e+00
2.4902e+01 9.9999e+04 8.3084e-08 9.9986e-01 9.9999e+04 8.3084e-03 2.4997e+00
2.5294e+01 9.9999e+04 1.0550e-07 9.9983e-01 9.9999e+04 1.0550e-02 2.4996e+00
2.5686e+01 9.9999e+04 1.3347e-07 9.9979e-01 9.9999e+04 1.3347e-02 2.4995e+00
2.6078e+01 9.9999e+04 1.6824e-07 9.9973e-01 9.9999e+04 1.6824e-02 2.4993e+00
2.6471e+01 9.9999e+04 2.1129e-07 9.9967e-01 9.9999e+04 2.1129e-02 2.4992e+00
2.6863e+01 9.9998e+04 2.6438e-07 9.9959e-01 9.9998e+04 2.6438e-02 2.4990e+00
2.7255e+01 9.9998e+04 3.2960e-07 9.9950e-01 9.9998e+04 3.2959e-02 2.4987e+00
2.7647e+01 9.9997e+04 4.0940e-07 9.9938e-01 9.9997e+04 4.0939e-02 2.4985e+00
2.8039e+01 9.9997e+04 5.0668e-07 9.9925e-01 9.9997e+04 5.0667e-02 2.4981e+00
2.8431e+01 9.9996e+04 6.2480e-07 9.9909e-01 9.9996e+04 6.2477e-02 2.4977e+00
2.8824e+01 9.9995e+04 7.6766e-07 9.9889e-01 9.9995e+04 7.6762e-02 2.4972e+00
2.9216e+01 9.9993e+04 9.3978e-07 9.9866e-01 9.9993e+04 9.3972e-02 2.4967e+00
2.9608e+01 9.9992e+04 1.1463e-06 9.9839e-01 9.9992e+04 1.1463e-01 2.4960e+00
3.0000e+01 9.9990e+04 1.3933e-06 9.9807e-01 9.9990e+04 1.3932e-01 2.4952e+00
3.0392e+01 9.9988e+04 1.6874e-06 9.9769e-01 9.9988e+04 1.6872e-01 2.4942e+00
3.0784e+01 9.9985e+04 2.0362e-06 9.9725e-01 9.9985e+04 2.0359e-01 2.4931e+00
3.1176e+01 9.9982e+04 2.4485e-06 9.9675e-01 9.9982e+04 2.4481e-01 2.4919e+00
3.1569e+01 9.9978e+04 2.9339e-06 9.9616e-01 9.9978e+04 2.9332e-01 2.4904e+00
3.1961e+01 9.9973e+04 3.5030e-06 9.9548e-01 9.9973e+04 3.5021e-01 2.4887e+00
3.2353e+01 9.9968e+04 4.1680e-06 9.9470e-01 9.9968e+04 4.1666e-01 2.4867e+00
3.2745e+01 9.9962e+04 4.9418e-06 9.9380e-01 9.9962e+04 4.9399e-01 2.4845e+00
3.3137e+01 9.9954e+04 5.8390e-06 9.9279e-01 9.9954e+04 5.8363e-01 2.4820e+00
3.3529e+01 9.9945e+04 6.8753e-06 9.9164e-01 9.9945e+04 6.8715e-01 2.4791e+00
3.3922e+01 9.9935e+04 8.0677e-06 9.9033e-01 9.9935e+04 8.0625e-01 2.4758e+00
3.4314e+01 9.9923e+04 9.4347e-06 9.8887e-01 9.9923e+04 9.4275e-01 2.4722e+00
3.4706e+01 9.9909e+04 1.0996e-05 9.8723e-01 9.9909e+04 1.0986e+00 2.4681e+00
3.5098e+01 9.9892e+04 1.2773e-05 9.8540e-01 9.9892e+04 1.2759e+00 2.4635e+00
3.5490e+01 9.9874e+04 1.4787e-05 9.8336e-01 9.9874e+04 1.4768e+00 2.4584e+00
3.5882e+01 9.9852e+04 1.7062e-05 9.8110e-01 9.9852e+04 1.7037e+00 2.4528e+00
3.6275e+01 9.9828e+04 1.9622e-05 9.7862e-01 9.9828e+04 1.9588e+00 2.4466e+00
3.6667e+01 9.9800e+04 2.2493e-05 9.7589e-01 9.9800e+04 2.2448e+00 2.4397e+00
3.7059e+01 9.9768e+04 2.5702e-05 9.7290e-01 9.9768e+04 2.5642e+00 2.4323e+00
3.7451e+01 9.9732e+04 2.9273e-05 9.6964e-01 9.9732e+04 2.9195e+00 2.4242e+00
3.7843e+01 9.9691e+04 3.3236e-05 9.6611e-01 9.9691e+04 3.3133e+00 2.4153e+00
3.8235e+01 9.9645e+04 3.7617e-05 9.6229e-01 9.9645e+04 3.7484e+00 2.4058e+00
3.8627e+01 9.9594e+04 4.2443e-05 9.5817e-01 9.9594e+04 4.2271e+00 2.3955e+00
3.9020e+01 9.9537e+04 4.7742e-05 9.5376e-01 9.9537e+04 4.7521e+00 2.3845e+00
3.9412e+01 9.9473e+04 5.3540e-05 9.4904e-01 9.9473e+04 5.3257e+00 2.3727e+00
3.9804e+01 9.9402e+04 5.9861e-05 9.4402e-01 9.9402e+04 5.9503e+00 2.3602e+00
4.0196e+01 9.9323e+04 6.6732e-05 9.3869e-01 9.9323e+04 6.6280e+00 2.3470e+00
4.0588e+01 9.9237e+04 7.4173e-05 9.3307e-01 9.9237e+04 7.3606e+00 2.3329e+00
4.0980e+01 9.9141e+04 8.2206e-05 9.2715e-01 9.9141e+04 8.1500e+00 2.3182e+00
4.1373e+01 9.9037e+04 9.0849e-05 9.2094e-01 9.9037e+04 8.9974e+00 2.3028e+00
4.1765e+01 9.8922e+04 1.0012e-04 9.1446e-01 9.8922e+04 9.9041e+00 2.2866e+00
4.2157e+01 9.8798e+04 1.1003e-04 9.0772e-01 9.8798e+04 1.0871e+01 2.2699e+00
4.2549e+01 9.8663e+04 1.2059e-04 9.0073e-01 9.8663e+04 1.1898e+01 2.2525e+00
4.2941e+01 9.8516e+04 1.3181e-04 8.9351e-01 9.8516e+04 1.2986e+01 2.2346e+00
4.3333e+01 9.8358e+04 1.4367e-04 8.8608e-01 9.8358e+04 1.4131e+01 2.2162e+00
4.3725e+01 9.8189e+04 1.5629e-04 8.7850e-01 9.8189e+04 1.5346e+01 2.1974e+00
4.4118e+01 9.7999e+04 1.6923e-04 8.7063e-01 9.7999e+04 1.6585e+01 2.1780e+00
4.4510e+01 9.7826e+04 1.8388e-04 8.6300e-01 9.7826e+04 1.7988e+01 2.1592e+00
4.4902e+01 9.7555e+04 1.9613e-04 8.5423e-01 9.7555e+04 1.9133e+01 2.1374e+00
4.5294e+01 9.7491e+04 2.1692e-04 8.4807e-01 9.7491e+04 2.1148e+01 2.1225e+00
4.5686e+01 9.6891e+04 2.1958e-04 8.3551e-01 9.6891e+04 2.1275e+01 2.0911e+00
4.6078e+01 9.7382e+04 2.6224e-04 8.3625e-01 9.7382e+04 2.5537e+01 2.0940e+00
4.6471e+01 9.5809e+04 2.3221e-04 8.1243e-01 9.5809e+04 2.2248e+01 2.0337e+00
4.6863e+01 9.7492e+04 3.1884e-04 8.2740e-01 9.7492e+04 3.1084e+01 2.0735e+00
4.7255e+01 9.4824e+04 2.5267e-04 7.9161e-01 9.4824e+04 2.3960e+01 1.9821e+00
4.7647e+01 9.6692e+04 3.4739e-04 8.0866e-01 9.6692e+04 3.3590e+01 2.0275e+00
4.8039e+01 9.5065e+04 3.2199e-04 7.8642e-01 9.5065e+04 3.0610e+01 1.9710e+00
4.8431e+01 9.5026e+04 3.5160e-04 7.8210e-01 9.5026e+04 3.3411e+01 1.9611e+00
4.8824e+01 9.5399e+04 3.6824e-04 7.7363e-01 9.5399e+04 3.5130e+01 1.9406e+00
4.9216e+01 8.8456e+04 4.0658e-04 7.7237e-01 8.8456e+04 3.5965e+01 1.9382e+00
4.9608e+01 1.2337e+05 4.0609e-04 7.5743e-01 1.2337e+05 5.0099e+01 1.9038e+00
5.0000e+01 4.4205e+04 4.2202e-04 7.5304e-01 4.4205e+04 1.8655e+01 1.8865e+00
5.0392e+01 1.5213e+04 4.3684e-04 7.4987e-01 1.5213e+04 6.6457e+00 1.8761e+00
5.0784e+01 9.3827e+03 4.8475e-04 7.4730e-01 9.3827e+03 4.5482e+00 1.8693e+00
5.1176e+01 9.1349e+03 6.4510e-04 7.5201e-01 9.1349e+03 5.8929e+00 1.8819e+00
5.1569e+01 9.5523e+03 7.3560e-04 7.5088e-01 9.5523e+03 7.0267e+00 1.8798e+00
5.1961e+01 1.0140e+04 7.6026e-04 7.4468e-01 1.0140e+04 7.7090e+00 1.8646e+00
5.2353e+01 1.0564e+04 8.3031e-04 7.4479e-01 1.0564e+04 8.7715e+00 1.8656e+00
5.2745e+01 1.1030e+04 9.4699e-04 7.5106e-01 1.1030e+04 1.0445e+01 1.8826e+00
5.3137e+01 1.1291e+04 1.0137e-03 7.5312e-01 1.1291e+04 1.1445e+01 1.8886e+00
5.3529e+01 1.1467e+04 1.0123e-03 7.4846e-01 1.1467e+04 1.1608e+01 1.8770e+00
5.3922e+01 1.1560e+04 1.0025e-03 7.4324e-01 1.1560e+04 1.1589e+01 1.8639e+00
5.4314e+01 1.1712e+04 1.0401e-03 7.4368e-01 1.1712e+04 1.2182e+01 1.8655e+00
5.4706e+01 1.1878e+04 1.1172e-03 7.4895e-01 1.1878e+04 1.3271e+01 1.8798e+00
5.5098e+01 1.2041e+04 1.1904e-03 7.5418e-01 1.2041e+04 1.4334e+01 1.8940e+00
5.5490e+01 1.2137e+04 1.2263e-03 7.5552e-01 1.2137e+04 1.4883e+01 1.8979e+00
5.5882e+01 1.2182e+04 1.2242e-03 7.5275e-01 1.2182e+04 1.4914e+01 1.8910e+00
5.6275e+01 1.2201e+04 1.2081e-03 7.4784e-01 1.2201e+04 1.4741e+01 1.8785e+00
5.6667e+01 1.2251e+04 1.2146e-03 7.4567e-01 1.2251e+04 1.4880e+01 1.8732e+00
5.7059e+01 1.2354e+04 1.2688e-03 7.4924e-01 1.2354e+04 1.5675e+01 1.8831e+00
5.7451e+01 1.2503e+04 1.3602e-03 7.5738e-01 1.2503e+04 1.7007e+01 1.9050e+00
5.7843e+01 1.2662e+04 1.4612e-03 7.6699e-01 1.2662e+04 1.8502e+01 1.9310e+00
5.8235e+01 1.2800e+04 1.5480e-03 7.7522e-01 1.2800e+04 1.9814e+01 1.9534e+00
5.8627e+01 1.2900e+04 1.6086e-03 7.8058e-01 1.2900e+04 2.0751e+01 1.9681e+00
5.9020e+01 1.2962e+04 1.6429e-03 7.8296e-01 1.2962e+04 2.1295e+01 1.9749e+00
5.9412e+01 1.2994e+04 1.6579e-03 7.8311e-01 1.2994e+04 2.1542e+01 1.9756e+00
5.9804e+01 1.3010e+04 1.6617e-03 7.8199e-01 1.3010e+04 2.1618e+01 1.9729e+00
6.0196e+01 1.3018e+04 1.6607e-03 7.8035e-01 1.3018e+04 2.1618e+01 1.9688e+00
6.0588e+01 1.3023e+04 1.6581e-03 7.7854e-01 1.3023e+04 2.1593e+01 1.9642e+00
6.0980e+01 1.3027e+04 1.6549e-03 7.7664e-01 1.3027e+04 2.1558e+01 1.9594e+00
6.1373e+01 1.3031e+04 1.6513e-03 7.7467e-01 1.3031e+04 2.1517e+01 1.9544e+00
6.1765e+01 1.3034e+04 1.6473e-03 7.7264e-01 1.3034e+04 2.1470e+01 1.9493e+00
6.2157e+01 1.3037e+04 1.6430e-03 7.7053e-01 1.3037e+04 2.1419e+01 1.9439e+00
6.2549e+01 1.3039e+04 1.6384e-03 7.6835e-01 1.3039e+04 2.1363e+01 1.9384e+00
6.2941e+01 1.3041e+04 1.6334e-03 7.6610e-01 1.3041e+04 2.1301e+01 1.9327e+00
6.3333e+01 1.3043e+04 1.6282e-03 7.6378e-01 1.3043e+04 2.1235e+01 1.9267e+00
6.3725e+01 1.3044e+04 1.6226e-03 7.6139e-01 1.3044e+04 2.1165e+01 1.9206e+00
6.4118e+01 1.3045e+04 1.6167e-03 7.5892e-01 1.3045e+04 2.1090e+01 1.9144e+00
6.4510e+01 1.3046e+04 1.6105e-03 7.5638e-01 1.3046e+04 2.1010e+01 1.9079e+00
6.4902e+01 1.3046e+04 1.6040e-03 7.5375e-01 1.3046e+04 2.0926e+01 1.9012e+00
6.5294e+01 1.3046e+04 1.5971e-03 7.5104e-01 1.3046e+04 2.0837e+01 1.8943e+00
6.5686e+01 1.3046e+04 1.5900e-03 7.4825e-01 1.3046e+04 2.0744e+01 1.8871e+00
6.6078e+01 1.3046e+04 1.5826e-03 7.4538e-01 1.3046e+04 2.0646e+01 1.8798e+00
6.6471e+01 1.3045e+04 1.5748e-03 7.4241e-01 1.3045e+04 2.0544e+01 1.8722e+00
6.6863e+01 1.3045e+04 1.5667e-03 7.3935e-01 1.3045e+04 2.0437e+01 1.8644e+00
6.7255e+01 1.3043e+04 1.5583e-03 7.3620e-01 1.3043e+04 2.0326e+01 1.8563e+00
6.7647e+01 1.3042e+04 1.5496e-03 7.3295e-01 1.3042e+04 2.0210e+01 1.8480e+00
6.8039e+01 1.3041e+04 1.5406e-03 7.2961e-01 1.3041e+04 2.0090e+01 1.8395e+00
6.8431e+01 1.3039e+04 1.5312e-03 7.2616e-01 1.3039e+04 1.9965e+01 1.8307e+00
6.8824e+01 1.3037e+04 1.5215e-03 7.2260e-01 1.3037e+04 1.9836e+01 1.8216e+00
6.9216e+01 1.3034e+04 1.5115e-03 7.1894e-01 1.3034e+04 1.9702e+01 1.8122e+00
6.9608e+01 1.3032e+04 1.5012e-03 7.1517e-01 1.3032e+04 1.9563e+01 1.8026e+00
7.0000e+01 1.3029e+04 1.4905e-03 7.1128e-01 1.3029e+04 1.9420e+01 1.7927e+00
7.0392e+01 1.3026e+04 1.4795e-03 7.0728e-01 1.3026e+04 1.9272e+01 1.7825e+00
7.0784e+01 1.3023e+04 1.4681e-03 7.0316e-01 1.3023e+04 1.9120e+01 1.7719e+00
7.1176e+01 1.3020e+04 1.4564e-03 6.9892e-01 1.3020e+04 1.8962e+01 1.7611e+00
7.1569e+01 1.3016e+04 1.4444e-03 6.9455e-01 1.3016e+04 1.8801e+01 1.7500e+00
7.1961e+01 1.3012e+04 1.4320e-03 6.9006e-01 1.3012e+04 1.8634e+01 1.7385e+00
7.2353e+01 1.3008e+04 1.4193e-03 6.8544e-01 1.3008e+04 1.8462e+01 1.7267e+00
7.2745e+01 1.3004e+04 1.4062e-03 6.8068e-01 1.3004e+04 1.8286e+01 1.7146e+00
7.3137e+01 1.3000e+04 1.3927e-03 6.7579e-01 1.3000e+04 1.8105e+01 1.7021e+00
7.3529e+01 1.2995e+04 1.3789e-03 6.7076e-01 1.2995e+04 1.7920e+01 1.6892e+00
7.3922e+01 1.2991e+04 1.3647e-03 6.6558e-01 1.2991e+04 1.7729e+01 1.6761e+00
7.4314e+01 1.2986e+04 1.3502e-03 6.6026e-01 1.2986e+04 1.7533e+01 1.6625e+00
7.4706e+01 1.2981e+04 1.3353e-03 6.5479e-01 1.2981e+04 1.7333e+01 1.6486e+00
7.5098e+01 1.2975e+04 1.3200e-03 6.4918e-01 1.2975e+04 1.7128e+01 1.6342e+00
7.5490e+01 1.2970e+04 1.3044e-03 6.4341e-01 1.2970e+04 1.6918e+01 1.6195e+00
7.5882e+01 1.2964e+04 1.2884e-03 6.3748e-01 1.2964e+04 1.6702e+01 1.6045e+00
7.6275e+01 1.2958e+04 1.2720e-03 6.3139e-01 1.2958e+04 1.6482e+01 1.5890e+00
7.6667e+01 1.2952e+04 1.2552e-03 6.2514e-01 1.2952e+04 1.6257e+01 1.5730e+00
7.7059e+01 1.2946e+04 1.2380e-03 6.1872e-01 1.2946e+04 1.6027e+01 1.5567e+00
7.7451e+01 1.2940e+04 1.2204e-03 6.1214e-01 1.2940e+04 1.5792e+01 1.5400e+00
7.7843e+01 1.2933e+04 1.2025e-03 6.0538e-01 1.2933e+04 1.5552e+01 1.5228e+00
7.8235e+01 1.2926e+04 1.1841e-03 5.9845e-01 1.2926e+04 1.5307e+01 1.5052e+00
7.8627e+01 1.2920e+04 1.1654e-03 5.9134e-01 1.2920e+04 1.5056e+01 1.4871e+00
7.9020e+01 1.2913e+04 1.1463e-03 5.8405e-01 1.2913e+04 1.4801e+01 1.4686e+00
7.9412e+01 1.2905e+04 1.1267e-03 5.7658e-01 1.2905e+04 1.4541e+01 1.4496e+00
7.9804e+01 1.2898e+04 1.1068e-03 5.6892e-01 1.2898e+04 1.4275e+01 1.4302e+00
8.0196e+01 1.2890e+04 1.0864e-03 5.6107e-01 1.2890e+04 1.4004e+01 1.4103e+00
8.0588e+01 1.2883e+04 1.0656e-03 5.5302e-01 1.2883e+04 1.3728e+01 1.3899e+00
8.0980e+01 1.2875e+04 1.0444e-03 5.4478e-01 1.2875e+04 1.3447e+01 1.3690e+00
8.1373e+01 1.2867e+04 1.0228e-03 5.3634e-01 1.2867e+04 1.3160e+01 1.3476e+00
8.1765e+01 1.2858e+04 1.0008e-03 5.2769e-01 1.2858e+04 1.2869e+01 1.3257e+00
8.2157e+01 1.2850e+04 9.7833e-04 5.1884e-01 1.2850e+04 1.2572e+01 1.3033e+00
8.2549e+01 1.2842e+04 9.5543e-04 5.0978e-01 1.2842e+04 1.2269e+01 1.2803e+00
8.2941e+01 1.2833e+04 9.3210e-04 5.0050e-01 1.2833e+04 1.1962e+01 1.2568e+00
8.3333e+01 1.2824e+04 9.0833e-04 4.9100e-01 1.2824e+04 1.1648e+01 1.2328e+00
8.3725e+01 1.2815e+04 8.8411e-04 4.8128e-01 1.2815e+04 1.1330e+01 1.2082e+00
8.4118e+01 1.2806e+04 8.5943e-04 4.7133e-01 1.2806e+04 1.1006e+01 1.1831e+00
8.4510e+01 1.2797e+04 8.3430e-04 4.6115e-01 1.2797e+04 1.0676e+01 1.1573e+00
8.4902e+01 1.2787e+04 8.0871e-04 4.5073e-01 1.2787e+04 1.0341e+01 1.1310e+00
8.5294e+01 1.2777e+04 7.8265e-04 4.4008e-01 1.2777e+04 1.0000e+01 1.1041e+00
8.5686e+01 1.2768e+04 7.5612e-04 4.2917e-01 1.2768e+04 9.6539e+00 1.0766e+00
8.6078e+01 1.2758e+04 7.2910e-04 4.1802e-01 1.2758e+04 9.3017e+00 1.0484e+00
8.6471e+01 1.2748e+04 7.0160e-04 4.0661e-01 1.2748e+04 8.9437e+00 1.0197e+00
8.6863e+01 1.2737e+04 6.7360e-04 3.9494e-01 1.2737e+04 8.5800e+00 9.9023e-01
8.7255e+01 1.2727e+04 6.4511e-04 3.8300e-01 1.2727e+04 8.2103e+00 9.6015e-01
8.7647e+01 1.2716e+04 6.1610e-04 3.7079e-01 1.2716e+04 7.8346e+00 9.2938e-01
8.8039e+01 1.2706e+04 5.8658e-04 3.5830e-01 1.2706e+04 7.4529e+00 8.9793e-01
8.8431e+01 1.2695e+04 5.5654e-04 3.4552e-01 1.2695e+04 7.0652e+00 8.6577e-01
8.8824e+01 1.2684e+04 5.2597e-04 3.3245e-01 1.2684e+04 6.6712e+00 8.3289e-01
8.9216e+01 1.2673e+04 4.9485e-04 3.1909e-01 1.2673e+04 6.2711e+00 7.9928e-01
8.9608e+01 1.2661e+04 4.6319e-04 3.0542e-01 1.2661e+04 5.8646e+00 7.6491e-01
9.0000e+01 1.2650e+04 4.3097e-04 2.9144e-01 1.2650e+04 5.4517e+00 7.2978e-01
9.0392e+01 1.2638e+04 3.9819e-04 2.7714e-01 1.2638e+04 5.0324e+00 6.9386e-01
9.0784e+01 1.2626e+04 3.6483e-04 2.6252e-01 1.2626e+04 4.6065e+00 6.5713e-01
9.1176e+01 1.2614e+04 3.3089e-04 2.4756e-01 1.2614e+04 4.1740e+00 6.1959e-01
9.1569e+01 1.2602e+04 2.9637e-04 2.3227e-01 1.2602e+04 3.7348e+00 5.8122e-01
9.1961e+01 1.2590e+04 2.6127e-04 2.1663e-01 1.2590e+04 3.2893e+00 5.4202e-01
9.2353e+01 1.2577e+04 2.2566e-04 2.0069e-01 1.2577e+04 2.8382e+00 5.0205e-01
9.2745e+01 1.2565e+04 1.8970e-04 1.8451e-01 1.2565e+04 2.3836e+00 4.6150e-01
9.3137e+01 1.2553e+04 1.5383e-04 1.6828e-01 1.2553e+04 1.9310e+00 4.2085e-01
9.3529e+01 1.2541e+04 1.1891e-04 1.5243e-01 1.2541e+04 1.4912e+00 3.8115e-01
9.3922e+01 1.2530e+04 8.6415e-05 1.3767e-01 1.2530e+04 1.0827e+00 3.4423e-01
9.4314e+01 1.2520e+04 5.8255e-05 1.2498e-01 1.2520e+04 7.2936e-01 3.1247e-01
9.4706e+01 1.2513e+04 3.6110e-05 1.1516e-01 1.2513e+04 4.5182e-01 2.8791e-01
9.5098e+01 1.2507e+04 2.0579e-05 1.0845e-01 1.2507e+04 2.5738e-01 2.7113e-01
9.5490e+01 1.2504e+04 1.0892e-05 1.0439e-01 1.2504e+04 1.3619e-01 2.6097e-01
9.5882e+01 1.2502e+04 5.4476e-06 1.0217e-01 1.2502e+04 6.8106e-02 2.5541e-01
9.6275e+01 1.2501e+04 2.6235e-06 1.0103e-01 1.2501e+04 3.2796e-02 2.5259e-01
9.6667e+01 1.2500e+04 1.2352e-06 1.0049e-01 1.2500e+04 1.5440e-02 2.5121e-01
9.7059e+01 1.2500e+04 5.7419e-07 1.0023e-01 1.2500e+04 7.1775e-03 2.5056e-01
9.7451e+01 1.2500e+04 2.6506e-07 1.0010e-01 1.2500e+04 3.3132e-03 2.5026e-01
9.7843e+01 1.2500e+04 1.2186e-07 1.0005e-01 1.2500e+04 1.5232e-03 2.5012e-01
9.8235e+01 1.2500e+04 5.5883e-08 1.0002e-01 1.2500e+04 6.9854e-04 2.5005e-01
9.8627e+01 1.2500e+04 2.5598e-08 1.0001e-01 1.2500e+04 3.1998e-04 2.5003e-01
9.9020e+01 1.2500e+04 1.1753e-08 1.0000e-01 1.2500e+04 1.4691e-04 2.5001e-01
9.9412e+01 1.2500e+04 5.4799e-09 1.0000e-01 1.2500e+04 6.8499e-05 2.5001e-01
9.9804e+01 1.2500e+04 2.8555e-09 1.0000e-01 1.2500e+04 3.5694e-05 2.5000e-01
