# # x Density Velocity Pressure q0 q1 q2
1.9608e-01 1.0000e+05 3.4519e-17 1.0000e+00 1.0000e+05 3.4519e-12 2.5000e+00
5.8824e-01 1.0000e+05 4.8287e-17 1.0000e+00 1.0000e+05 4.8287e-12 2.5000e+00
9.8039e-01 1.0000e+05 6.4867e-17 1.0000e+00 1.0000e+05 6.4867e-12 2.5000e+00
1.3725e+00 1.0000e+05 9.0845e-17 1.0000e+00 1.0000e+05 9.0845e-12 2.5000e+00
1.7647e+00 1.0000e+05 1.3147e-16 1.0000e+00 1.0000e+05 1.3147e-11 2.5000e+00
2.1569e+00 1.0000e+05 1.9534e-16 1.0000e+00 1.0000e+05 1.9534e-11 2.5000e+00
2.5490e+00 1.0000e+05 2.9416e-16 1.0000e+00 1.0000e+05 2.9416e-11 2.5000e+00
2.9412e+00 1.0000e+05 4.4684e-16 1.0000e+00 1.0000e+05 4.4684e-11 2.5000e+00
3.3333e+00 1.0000e+05 6.8247e-16 1.0000e+00 1.0000e+05 6.8247e-11 2.5000e+00
3.7255e+00 1.0000e+05 1.0453e-15 1.0000e+00 1.0000e+05 1.0453e-10 2.5000e+00
4.1176e+00 1.0000e+05 1.6023e-15 1.0000e+00 1.0000e+05 1.6023e-10 2.5000e+00
4.5098e+00 1.0000e+05 2.4549e-15 1.0000e+00 1.0000e+05 2.4549e-10 2.5000e+00
4.9020e+00 1.0000e+05 3.7550e-15 1.0000e+00 1.0000e+05 3.7550e-10 2.5000e+00
5.2941e+00 1.0000e+05 5.7298e-15 1.0000e+00 1.0000e+05 5.7298e-10 2.5000e+00
5.6863e+00 1.0000e+05 8.7189e-15 1.0000e+00 1.0000e+05 8.7189e-10 2.5000e+00
6.0784e+00 1.0000e+05 1.3226e-14 1.0000e+00 1.0000e+05 1.3226e-09 2.5000e+00
6.4706e+00 1.0000e+05 1.9997e-14 1.0000e+00 1.0000e+05 1.9997e-09 2.5000e+00
6.8627e+00 1.0000e+05 3.0129e-14 1.0000e+00 1.0000e+05 3.0129e-09 2.5000e+00
7.2549e+00 1.0000e+05 4.5234e-14 1.0000e+00 1.0000e+05 4.5234e-09 2.5000e+00
7.6471e+00 1.0000e+05 6.7672e-14 1.0000e+00 1.0000e+05 6.7672e-09 2.5000e+00
8.0392e+00 1.0000e+05 1.0088e-13 1.0000e+00 1.0000e+05 1.0088e-08 2.5000e+00
8.4314e+00 1.0000e+05 1.4983e-13 1.0000e+00 1.0000e+05 1.4983e-08 2.5000e+00
8.8235e+00 1.0000e+05 2.2174e-13 1.0000e+00 1.0000e+05 2.2174e-08 2.5000e+00
9.2157e+00 1.0000e+05 3.2696e-13 1.0000e+00 1.0000e+05 3.2696e-08 2.5000e+00
9.6078e+00 1.0000e+05 4.8035e-13 1.0000e+00 1.0000e+05 4.8035e-08 2.5000e+00
1.0000e+01 1.0000e+05 7.0312e-13 1.0000e+00 1.0000e+05 7.0312e-08 2.5000e+00
1.0392e+01 1.0000e+05 1.0255e-12 1.0000e+00 1.0000e+05 1.0255e-07 2.5000e+00
1.0784e+01 1.0000e+05 1.4901e-12 1.0000e+00 1.0000e+05 1.4901e-07 2.5000e+00
1.1176e+01 1.0000e+05 2.1573e-12 1.0000e+00 1.0000e+05 2.1573e-07 2.5000e+00
1.1569e+01 1.0000e+05 3.1118e-12 1.0000e+00 1.0000e+05 3.1118e-07 2.5000e+00
1.1961e+01 1.0000e+05 4.4722e-12 1.0000e+00 1.0000e+05 4.4722e-07 2.5000e+00
1.2353e+01 1.0000e+05 6.4036e-12 1.0000e+00 1.0000e+05 6.4036e-07 2.5000e+00
1.2745e+01 1.0000e+05 9.1355e-12 1.0000e+00 1.0000e+05 9.1355e-07 2.5000e+00
1.3137e+01 1.0000e+05 1.2985e-11 1.0000e+00 1.0000e+05 1.2985e-06 2.5000e+00
1.3529e+01 1.0000e+05 1.8388e-11 1.0000e+00 1.0000e+05 1.8388e-06 2.5000e+00
1.3922e+01 1.0000e+05 2.5945e-11 1.0000e+00 1.0000e+05 2.5945e-06 2.5000e+00
1.4314e+01 1.0000e+05 3.6471e-11 1.0000e+00 1.0000e+05 3.6471e-06 2.5000e+00
1.4706e+01 1.0000e+05 5.1078e-11 1.0000e+00 1.0000e+05 5.1078e-06 2.5000e+00
1.5098e+01 1.0000e+05 7.1273e-11 1.0000e+00 1.0000e+05 7.1273e-06 2.5000e+00
1.5490e+01 1.0000e+05 9.9085e-11 1.0000e+00 1.0000e+05 9.9085e-06 2.5000e+00
1.5882e+01 1.0000e+05 1.3724e-10 1.0000e+00 1.0000e+05 1.3724e-05 2.5000e+00
1.6275e+01 1.0000e+05 1.8939e-10 1.0000e+00 1.0000e+05 1.8939e-05 2.5000e+00
1.6667e+01 1.0000e+05 2.6038e-10 1.0000e+00 1.0000e+05 2.6038e-05 2.5000e+00
1.7059e+01 1.0000e+05 3.5666e-10 1.0000e+00 1.0000e+05 3.5666e-05 2.5000e+00
1.7451e+01 1.0000e+05 4.8674e-10 1.0000e+00 1.0000e+05 4.8674e-05 2.5000e+00
1.7843e+01 1.0000e+05 6.6180e-10 1.0000e+00 1.0000e+05 6.6180e-05 2.5000e+00
1.8235e+01 1.0000e+05 8.9650e-10 1.0000e+00 1.0000e+05 8.9650e-05 2.5000e+00
1.8627e+01 1.0000e+05 1.2099e-09 1.0000e+00 1.0000e+05 1.2099e-04 2.5000e+00
1.9020e+01 1.0000e+05 1.6269e-09 1.0000e+00 1.0000e+05 1.6269e-04 2.5000e+00
1.9412e+01 1.0000e+05 2.1795e-09 1.0000e+00 1.0000e+05 2.1795e-04 2.5000e+00
1.9804e+01 1.0000e+05 2.9090e-09 9.9999e-01 1.0000e+05 2.9090e-04 2.5000e+00
2.0196e+01 1.0000e+05 3.8683e-09 9.9999e-01 1.0000e+05 3.8682e-04 2.5000e+00
2.0588e+01 1.0000e+05 5.1248e-09 9.9999e-01 1.0000e+05 5.1248e-04 2.5000e+00
2.0980e+01 1.0000e+05 6.7646e-09 9.9999e-01 1.0000e+05 6.7646e-04 2.5000e+00
2.1373e+01 1.0000e+05 8.8959e-09 9.9998e-01 1.0000e+05 8.8959e-04 2.5000e+00
2.1765e+01 1.0000e+05 1.1656e-08 9.9998e-01 1.0000e+05 1.1656e-03 2.4999e+00
2.2157e+01 1.0000e+05 1.5215e-08 9.9997e-01 1.0000e+05 1.5215e-03 2.4999e+00
2.2549e+01 1.0000e+05 1.9788e-08 9.9997e-01 1.0000e+05 1.9788e-03 2.4999e+00
2.2941e+01 1.0000e+05 2.5641e-08 9.9996e-01 1.0000e+05 2.5641e-03 2.4999e+00
2.3333e+01 1.0000e+05 3.3103e-08 9.9994e-01 1.0000e+05 3.3103e-03 2.4999e+00
2.3725e+01 1.0000e+05 4.2580e-08 9.9993e-01 1.0000e+05 4.2579e-03 2.4998e+00
2.4118e+01 1.0000e+05 5.4567e-08 9.9991e-01 1.0000e+05 5.4567e-03 2.4998e+00
2.4510e+01 1.0000e+05 6.9673e-08 9.9988e-01 1.0000e+05 6.9673e-03 2.4997e+00
2.4902e+01 9.9999e+04 8.8635e-08 9.9986e-01 9.9999e+04 8.8634e-03 2.4996e+00
2.5294e+01 9.9999e+04 1.1234e-07 9.9982e-01 9.9999e+04 1.1234e-02 2.4995e+00
2.5686e+01 9.9999e+04 1.4188e-07 9.9977e-01 9.9999e+04 1.4187e-02 2.4994e+00
2.6078e+01 9.9999e+04 1.7851e-07 9.9972e-01 9.9999e+04 1.7851e-02 2.4993e+00
2.6471e+01 9.9999e+04 2.2380e-07 9.9965e-01 9.9999e+04 2.2380e-02 2.4991e+00
2.6863e+01 9.9998e+04 2.7955e-07 9.9957e-01 9.9998e+04 2.7954e-02 2.4989e+00
2.7255e+01 9.9998e+04 3.4792e-07 9.9947e-01 9.9998e+04 3.4791e-02 2.4987e+00
2.7647e+01 9.9997e+04 4.3145e-07 9.9936e-01 9.9997e+04 4.3144e-02 2.4984e+00
2.8039e+01 9.9996e+04 5.3309e-07 9.9921e-01 9.9996e+04 5.3307e-02 2.4980e+00
2.8431e+01 9.9996e+04 6.5631e-07 9.9904e-01 9.9996e+04 6.5628e-02 2.4976e+00
2.8824e+01 9.9994e+04 8.0511e-07 9.9884e-01 9.9994e+04 8.0506e-02 2.4971e+00
2.9216e+01 9.9993e+04 9.8410e-07 9.9861e-01 9.9993e+04 9.8403e-02 2.4965e+00
2.9608e+01 9.9992e+04 1.1986e-06 9.9832e-01 9.9992e+04 1.1985e-01 2.4958e+00
3.0000e+01 9.9990e+04 1.4546e-06 9.9799e-01 9.9990e+04 1.4545e-01 2.4950e+00
3.0392e+01 9.9987e+04 1.7591e-06 9.9761e-01 9.9987e+04 1.7588e-01 2.4940e+00
3.0784e+01 9.9984e+04 2.1197e-06 9.9716e-01 9.9984e+04 2.1194e-01 2.4929e+00
3.1176e+01 9.9981e+04 2.5453e-06 9.9664e-01 9.9981e+04 2.5449e-01 2.4916e+00
3.1569e+01 9.9977e+04 3.0457e-06 9.9603e-01 9.9977e+04 3.0450e-01 2.4901e+00
3.1961e+01 9.9972e+04 3.6316e-06 9.9534e-01 9.9972e+04 3.6306e-01 2.4883e+00
3.2353e+01 9.9967e+04 4.3153e-06 9.9454e-01 9.9967e+04 4.3139e-01 2.4863e+00
3.2745e+01 9.9960e+04 5.1099e-06 9.9363e-01 9.9960e+04 5.1079e-01 2.4841e+00
3.3137e+01 9.9952e+04 6.0300e-06 9.9259e-01 9.9952e+04 6.0272e-01 2.4815e+00
3.3529e+01 9.9943e+04 7.0915e-06 9.9142e-01 9.9943e+04 7.0875e-01 2.4785e+00
3.3922e+01 9.9932e+04 8.3115e-06 9.9009e-01 9.9932e+04 8.3058e-01 2.4752e+00
3.4314e+01 9.9920e+04 9.7084e-06 9.8861e-01 9.9920e+04 9.7006e-01 2.4715e+00
3.4706e+01 9.9906e+04 1.1302e-05 9.8694e-01 9.9906e+04 1.1291e+00 2.4674e+00
3.5098e+01 9.9889e+04 1.3113e-05 9.8508e-01 9.9889e+04 1.3099e+00 2.4627e+00
3.5490e+01 9.9870e+04 1.5165e-05 9.8302e-01 9.9870e+04 1.5145e+00 2.4576e+00
3.5882e+01 9.9848e+04 1.7479e-05 9.8074e-01 9.9848e+04 1.7453e+00 2.4519e+00
3.6275e+01 9.9823e+04 2.0082e-05 9.7823e-01 9.9823e+04 2.0046e+00 2.4456e+00
3.6667e+01 9.9794e+04 2.2997e-05 9.7547e-01 9.9794e+04 2.2950e+00 2.4387e+00
3.7059e+01 9.9762e+04 2.6252e-05 9.7245e-01 9.9762e+04 2.6189e+00 2.4312e+00
3.7451e+01 9.9725e+04 2.9872e-05 9.6917e-01 9.9725e+04 2.9790e+00 2.4230e+00
3.7843e+01 9.9684e+04 3.3884e-05 9.6561e-01 9.9684e+04 3.3777e+00 2.4141e+00
3.8235e+01 9.9637e+04 3.8316e-05 9.6177e-01 9.9637e+04 3.8177e+00 2.4045e+00
3.8627e+01 9.9585e+04 4.3195e-05 9.5763e-01 9.9585e+04 4.3016e+00 2.3942e+00
3.9020e+01 9.9527e+04 4.8547e-05 9.5320e-01 9.9527e+04 4.8317e+00 2.3831e+00
3.9412e+01 9.9462e+04 5.4398e-05 9.4846e-01 9.9462e+04 5.4105e+00 2.3713e+00
3.9804e+01 9.9390e+04 6.0773e-05 9.4342e-01 9.9390e+04 6.0403e+00 2.3587e+00
4.0196e+01 9.9311e+04 6.7697e-05 9.3808e-01 9.9311e+04 6.7230e+00 2.3454e+00
4.0588e+01 9.9223e+04 7.5190e-05 9.3244e-01 9.9223e+04 7.4606e+00 2.3314e+00
4.0980e+01 9.9127e+04 8.3274e-05 9.2652e-01 9.9127e+04 8.2547e+00 2.3166e+00
4.1373e+01 9.9021e+04 9.1967e-05 9.2030e-01 9.9021e+04 9.1067e+00 2.3012e+00
4.1765e+01 9.8906e+04 1.0128e-04 9.1382e-01 9.8906e+04 1.0018e+01 2.2851e+00
4.2157e+01 9.8780e+04 1.1124e-04 9.0708e-01 9.8780e+04 1.0988e+01 2.2683e+00
4.2549e+01 9.8644e+04 1.2184e-04 9.0009e-01 9.8644e+04 1.2019e+01 2.2510e+00
4.2941e+01 9.8496e+04 1.3310e-04 8.9289e-01 9.8496e+04 1.3110e+01 2.2331e+00
4.3333e+01 9.8336e+04 1.4499e-04 8.8546e-01 9.8336e+04 1.4258e+01 2.2147e+00
4.3725e+01 9.8168e+04 1.5765e-04 8.7790e-01 9.8168e+04 1.5476e+01 2.1960e+00
4.4118e+01 9.7976e+04 1.7059e-04 8.7005e-01 9.7976e+04 1.6714e+01 2.1765e+00
4.4510e+01 9.7803e+04 1.8532e-04 8.6246e-01 9.7803e+04 1.8125e+01 2.1578e+00
4.4902e+01 9.7526e+04 1.9742e-04 8.5365e-01 9.7526e+04 1.9254e+01 2.1360e+00
4.5294e+01 9.7472e+04 2.1859e-04 8.4765e-01 9.7472e+04 2.1307e+01 2.1215e+00
4.5686e+01 9.6852e+04 2.2055e-04 8.3488e-01 9.6852e+04 2.1360e+01 2.0895e+00
4.6078e+01 9.7374e+04 2.6433e-04 8.3602e-01 9.7374e+04 2.5739e+01 2.0935e+00
4.6471e+01 9.5760e+04 2.3285e-04 8.1176e-01 9.5760e+04 2.2298e+01 2.0320e+00
4.6863e+01 9.7476e+04 3.2069e-04 8.2716e-01 9.7476e+04 3.1260e+01 2.0729e+00
4.7255e+01 9.4803e+04 2.5435e-04 7.9136e-01 9.4803e+04 2.4113e+01 1.9815e+00
4.7647e+01 9.6633e+04 3.4771e-04 8.0798e-01 9.6633e+04 3.3600e+01 2.0258e+00
4.8039e+01 9.5067e+04 3.2445e-04 7.8649e-01 9.5067e+04 3.0845e+01 1.9712e+00
4.8431e+01 9.4987e+04 3.5269e-04 7.8176e-01 9.4987e+04 3.3501e+01 1.9603e+00
4.8824e+01 9.5376e+04 3.6897e-04 7.7321e-01 9.5376e+04 3.5191e+01 1.9395e+00
4.9216e+01 8.8322e+04 4.0803e-04 7.7221e-01 8.8322e+04 3.6038e+01 1.9379e+00
4.9608e+01 1.2352e+05 4.0757e-04 7.5730e-01 1.2352e+05 5.0344e+01 1.9035e+00
5.0000e+01 4.4593e+04 4.2350e-04 7.5289e-01 4.4593e+04 1.8885e+01 1.8862e+00
5.0392e+01 1.5340e+04 4.3974e-04 7.4996e-01 1.5340e+04 6.7457e+00 1.8764e+00
5.0784e+01 9.3901e+03 4.8118e-04 7.4672e-01 9.3901e+03 4.5183e+00 1.8679e+00
5.1176e+01 9.1125e+03 6.3999e-04 7.5131e-01 9.1125e+03 5.8319e+00 1.8801e+00
5.1569e+01 9.5356e+03 7.4163e-04 7.5127e-01 9.5356e+03 7.0719e+00 1.8808e+00
5.1961e+01 1.0125e+04 7.6587e-04 7.4503e-01 1.0125e+04 7.7544e+00 1.8656e+00
5.2353e+01 1.0540e+04 8.2429e-04 7.4395e-01 1.0540e+04 8.6883e+00 1.8635e+00
5.2745e+01 1.1006e+04 9.3864e-04 7.4996e-01 1.1006e+04 1.0330e+01 1.8797e+00
5.3137e+01 1.1279e+04 1.0146e-03 7.5302e-01 1.1279e+04 1.1444e+01 1.8884e+00
5.3529e+01 1.1466e+04 1.0200e-03 7.4909e-01 1.1466e+04 1.1695e+01 1.8787e+00
5.3922e+01 1.1556e+04 1.0066e-03 7.4350e-01 1.1556e+04 1.1632e+01 1.8646e+00
5.4314e+01 1.1698e+04 1.0353e-03 7.4296e-01 1.1698e+04 1.2111e+01 1.8637e+00
5.4706e+01 1.1859e+04 1.1080e-03 7.4772e-01 1.1859e+04 1.3139e+01 1.8766e+00
5.5098e+01 1.2026e+04 1.1841e-03 7.5325e-01 1.2026e+04 1.4239e+01 1.8916e+00
5.5490e+01 1.2131e+04 1.2265e-03 7.5530e-01 1.2131e+04 1.4878e+01 1.8974e+00
5.5882e+01 1.2183e+04 1.2297e-03 7.5307e-01 1.2183e+04 1.4981e+01 1.8919e+00
5.6275e+01 1.2202e+04 1.2137e-03 7.4841e-01 1.2202e+04 1.4809e+01 1.8800e+00
5.6667e+01 1.2244e+04 1.2137e-03 7.4547e-01 1.2244e+04 1.4860e+01 1.8727e+00
5.7059e+01 1.2336e+04 1.2594e-03 7.4805e-01 1.2336e+04 1.5536e+01 1.8799e+00
5.7451e+01 1.2479e+04 1.3454e-03 7.5556e-01 1.2479e+04 1.6789e+01 1.9002e+00
5.7843e+01 1.2637e+04 1.4461e-03 7.6509e-01 1.2637e+04 1.8274e+01 1.9259e+00
5.8235e+01 1.2780e+04 1.5361e-03 7.7368e-01 1.2780e+04 1.9631e+01 1.9493e+00
5.8627e+01 1.2886e+04 1.6015e-03 7.7958e-01 1.2886e+04 2.0637e+01 1.9655e+00
5.9020e+01 1.2954e+04 1.6402e-03 7.8247e-01 1.2954e+04 2.1247e+01 1.9736e+00
5.9412e+01 1.2991e+04 1.6581e-03 7.8297e-01 1.2991e+04 2.1540e+01 1.9753e+00
5.9804e+01 1.3009e+04 1.6634e-03 7.8204e-01 1.3009e+04 2.1640e+01 1.9731e+00
6.0196e+01 1.3018e+04 1.6630e-03 7.8047e-01 1.3018e+04 2.1649e+01 1.9692e+00
6.0588e+01 1.3023e+04 1.6607e-03 7.7870e-01 1.3023e+04 2.1627e+01 1.9647e+00
6.0980e+01 1.3028e+04 1.6576e-03 7.7683e-01 1.3028e+04 2.1594e+01 1.9600e+00
6.1373e+01 1.3031e+04 1.6541e-03 7.7489e-01 1.3031e+04 2.1555e+01 1.9551e+00
6.1765e+01 1.3035e+04 1.6502e-03 7.7288e-01 1.3035e+04 2.1510e+01 1.9500e+00
6.2157e+01 1.3037e+04 1.6460e-03 7.7081e-01 1.3037e+04 2.1460e+01 1.9447e+00
6.2549e+01 1.3040e+04 1.6415e-03 7.6866e-01 1.3040e+04 2.1405e+01 1.9392e+00
6.2941e+01 1.3042e+04 1.6367e-03 7.6644e-01 1.3042e+04 2.1345e+01 1.9336e+00
6.3333e+01 1.3044e+04 1.6315e-03 7.6416e-01 1.3044e+04 2.1281e+01 1.9278e+00
6.3725e+01 1.3045e+04 1.6260e-03 7.6180e-01 1.3045e+04 2.1212e+01 1.9217e+00
6.4118e+01 1.3046e+04 1.6202e-03 7.5936e-01 1.3046e+04 2.1138e+01 1.9155e+00
6.4510e+01 1.3047e+04 1.6142e-03 7.5686e-01 1.3047e+04 2.1060e+01 1.9091e+00
6.4902e+01 1.3048e+04 1.6078e-03 7.5427e-01 1.3048e+04 2.0978e+01 1.9025e+00
6.5294e+01 1.3048e+04 1.6011e-03 7.5160e-01 1.3048e+04 2.0891e+01 1.8957e+00
6.5686e+01 1.3048e+04 1.5940e-03 7.4885e-01 1.3048e+04 2.0799e+01 1.8887e+00
6.6078e+01 1.3048e+04 1.5867e-03 7.4602e-01 1.3048e+04 2.0703e+01 1.8815e+00
6.6471e+01 1.3047e+04 1.5791e-03 7.4310e-01 1.3047e+04 2.0603e+01 1.8740e+00
6.6863e+01 1.3047e+04 1.5712e-03 7.4008e-01 1.3047e+04 2.0498e+01 1.8663e+00
6.7255e+01 1.3045e+04 1.5629e-03 7.3698e-01 1.3045e+04 2.0389e+01 1.8584e+00
6.7647e+01 1.3044e+04 1.5543e-03 7.3378e-01 1.3044e+04 2.0275e+01 1.8502e+00
6.8039e+01 1.3043e+04 1.5454e-03 7.3049e-01 1.3043e+04 2.0157e+01 1.8418e+00
6.8431e+01 1.3041e+04 1.5362e-03 7.2709e-01 1.3041e+04 2.0034e+01 1.8331e+00
6.8824e+01 1.3039e+04 1.5267e-03 7.2359e-01 1.3039e+04 1.9907e+01 1.8242e+00
6.9216e+01 1.3037e+04 1.5168e-03 7.1999e-01 1.3037e+04 1.9775e+01 1.8150e+00
6.9608e+01 1.3034e+04 1.5066e-03 7.1628e-01 1.3034e+04 1.9638e+01 1.8055e+00
7.0000e+01 1.3032e+04 1.4961e-03 7.1246e-01 1.3032e+04 1.9497e+01 1.7957e+00
7.0392e+01 1.3029e+04 1.4853e-03 7.0852e-01 1.3029e+04 1.9352e+01 1.7857e+00
7.0784e+01 1.3026e+04 1.4741e-03 7.0447e-01 1.3026e+04 1.9201e+01 1.7753e+00
7.1176e+01 1.3023e+04 1.4626e-03 7.0029e-01 1.3023e+04 1.9047e+01 1.7647e+00
7.1569e+01 1.3019e+04 1.4507e-03 6.9600e-01 1.3019e+04 1.8887e+01 1.7537e+00
7.1961e+01 1.3015e+04 1.4385e-03 6.9158e-01 1.3015e+04 1.8723e+01 1.7424e+00
7.2353e+01 1.3012e+04 1.4260e-03 6.8703e-01 1.3012e+04 1.8554e+01 1.7308e+00
7.2745e+01 1.3007e+04 1.4131e-03 6.8235e-01 1.3007e+04 1.8380e+01 1.7189e+00
7.3137e+01 1.3003e+04 1.3998e-03 6.7754e-01 1.3003e+04 1.8202e+01 1.7066e+00
7.3529e+01 1.2999e+04 1.3862e-03 6.7259e-01 1.2999e+04 1.8019e+01 1.6940e+00
7.3922e+01 1.2994e+04 1.3722e-03 6.6751e-01 1.2994e+04 1.7831e+01 1.6810e+00
7.4314e+01 1.2989e+04 1.3579e-03 6.6228e-01 1.2989e+04 1.7638e+01 1.6677e+00
7.4706e+01 1.2984e+04 1.3432e-03 6.5690e-01 1.2984e+04 1.7440e+01 1.6540e+00
7.5098e+01 1.2979e+04 1.3281e-03 6.5138e-01 1.2979e+04 1.7238e+01 1.6399e+00
7.5490e+01 1.2974e+04 1.3127e-03 6.4570e-01 1.2974e+04 1.7031e+01 1.6254e+00
7.5882e+01 1.2968e+04 1.2969e-03 6.3987e-01 1.2968e+04 1.6818e+01 1.6106e+00
7.6275e+01 1.2962e+04 1.2807e-03 6.3389e-01 1.2962e+04 1.6601e+01 1.5954e+00
7.6667e+01 1.2956e+04 1.2642e-03 6.2774e-01 1.2956e+04 1.6379e+01 1.5797e+00
7.7059e+01 1.2950e+04 1.2472e-03 6.2143e-01 1.2950e+04 1.6152e+01 1.5637e+00
7.7451e+01 1.2944e+04 1.2299e-03 6.1496e-01 1.2944e+04 1.5920e+01 1.5472e+00
7.7843e+01 1.2937e+04 1.2122e-03 6.0832e-01 1.2937e+04 1.5683e+01 1.5303e+00
7.8235e+01 1.2931e+04 1.1941e-03 6.0150e-01 1.2931e+04 1.5441e+01 1.5130e+00
7.8627e+01 1.2924e+04 1.1756e-03 5.9451e-01 1.2924e+04 1.5194e+01 1.4952e+00
7.9020e+01 1.2917e+04 1.1567e-03 5.8735e-01 1.2917e+04 1.4942e+01 1.4770e+00
7.9412e+01 1.2910e+04 1.1375e-03 5.8000e-01 1.2910e+04 1.4685e+01 1.4583e+00
7.9804e+01 1.2903e+04 1.1178e-03 5.7247e-01 1.2903e+04 1.4422e+01 1.4392e+00
8.0196e+01 1.2895e+04 1.0977e-03 5.6475e-01 1.2895e+04 1.4155e+01 1.4196e+00
8.0588e+01 1.2888e+04 1.0772e-03 5.5684e-01 1.2888e+04 1.3882e+01 1.3996e+00
8.0980e+01 1.2880e+04 1.0563e-03 5.4874e-01 1.2880e+04 1.3605e+01 1.3790e+00
8.1373e+01 1.2872e+04 1.0349e-03 5.4044e-01 1.2872e+04 1.3322e+01 1.3580e+00
8.1765e+01 1.2864e+04 1.0132e-03 5.3194e-01 1.2864e+04 1.3033e+01 1.3364e+00
8.2157e+01 1.2855e+04 9.9103e-04 5.2323e-01 1.2855e+04 1.2740e+01 1.3144e+00
8.2549e+01 1.2847e+04 9.6843e-04 5.1432e-01 1.2847e+04 1.2441e+01 1.2918e+00
8.2941e+01 1.2838e+04 9.4540e-04 5.0520e-01 1.2838e+04 1.2137e+01 1.2687e+00
8.3333e+01 1.2830e+04 9.2194e-04 4.9586e-01 1.2830e+04 1.1828e+01 1.2451e+00
8.3725e+01 1.2821e+04 8.9803e-04 4.8631e-01 1.2821e+04 1.1513e+01 1.2209e+00
8.4118e+01 1.2812e+04 8.7368e-04 4.7653e-01 1.2812e+04 1.1193e+01 1.1962e+00
8.4510e+01 1.2802e+04 8.4888e-04 4.6652e-01 1.2802e+04 1.0868e+01 1.1709e+00
8.4902e+01 1.2793e+04 8.2362e-04 4.5628e-01 1.2793e+04 1.0537e+01 1.1450e+00
8.5294e+01 1.2784e+04 7.9790e-04 4.4581e-01 1.2784e+04 1.0200e+01 1.1186e+00
8.5686e+01 1.2774e+04 7.7172e-04 4.3509e-01 1.2774e+04 9.8578e+00 1.0915e+00
8.6078e+01 1.2764e+04 7.4506e-04 4.2413e-01 1.2764e+04 9.5099e+00 1.0639e+00
8.6471e+01 1.2754e+04 7.1792e-04 4.1292e-01 1.2754e+04 9.1564e+00 1.0356e+00
8.6863e+01 1.2744e+04 6.9029e-04 4.0145e-01 1.2744e+04 8.7970e+00 1.0067e+00
8.7255e+01 1.2734e+04 6.6217e-04 3.8972e-01 1.2734e+04 8.4318e+00 9.7709e-01
8.7647e+01 1.2723e+04 6.3355e-04 3.7772e-01 1.2723e+04 8.0608e+00 9.4686e-01
8.8039e+01 1.2713e+04 6.0443e-04 3.6545e-01 1.2713e+04 7.6838e+00 9.1595e-01
8.8431e+01 1.2702e+04 5.7479e-04 3.5290e-01 1.2702e+04 7.3008e+00 8.8436e-01
8.8824e+01 1.2691e+04 5.4463e-04 3.4007e-01 1.2691e+04 6.9118e+00 8.5206e-01
8.9216e+01 1.2680e+04 5.1394e-04 3.2695e-01 1.2680e+04 6.5166e+00 8.1905e-01
8.9608e+01 1.2669e+04 4.8271e-04 3.1353e-01 1.2669e+04 6.1152e+00 7.8529e-01
9.0000e+01 1.2657e+04 4.5093e-04 2.9980e-01 1.2657e+04 5.7075e+00 7.5079e-01
9.0392e+01 1.2646e+04 4.1860e-04 2.8577e-01 1.2646e+04 5.2934e+00 7.1552e-01
9.0784e+01 1.2634e+04 3.8570e-04 2.7141e-01 1.2634e+04 4.8729e+00 6.7947e-01
9.1176e+01 1.2622e+04 3.5223e-04 2.5673e-01 1.2622e+04 4.4458e+00 6.4261e-01
9.1569e+01 1.2610e+04 3.1818e-04 2.4172e-01 1.2610e+04 4.0122e+00 6.0494e-01
9.1961e+01 1.2598e+04 2.8355e-04 2.2637e-01 1.2598e+04 3.5721e+00 5.6644e-01
9.2353e+01 1.2585e+04 2.4837e-04 2.1070e-01 1.2585e+04 3.1258e+00 5.2713e-01
9.2745e+01 1.2573e+04 2.1272e-04 1.9473e-01 1.2573e+04 2.6745e+00 4.8711e-01
9.3137e+01 1.2561e+04 1.7684e-04 1.7858e-01 1.2561e+04 2.2213e+00 4.4664e-01
9.3529e+01 1.2548e+04 1.4129e-04 1.6250e-01 1.2548e+04 1.7729e+00 4.0636e-01
9.3922e+01 1.2537e+04 1.0712e-04 1.4700e-01 1.2537e+04 1.3429e+00 3.6757e-01
9.4314e+01 1.2526e+04 7.5996e-05 1.3291e-01 1.2526e+04 9.5194e-01 3.3232e-01
9.4706e+01 1.2517e+04 4.9835e-05 1.2119e-01 1.2517e+04 6.2380e-01 3.0300e-01
9.5098e+01 1.2511e+04 3.0020e-05 1.1249e-01 1.2511e+04 3.7557e-01 2.8123e-01
9.5490e+01 1.2506e+04 1.6669e-05 1.0679e-01 1.2506e+04 2.0846e-01 2.6697e-01
9.5882e+01 1.2503e+04 8.6437e-06 1.0346e-01 1.2503e+04 1.0807e-01 2.5865e-01
9.6275e+01 1.2502e+04 4.2639e-06 1.0169e-01 1.2502e+04 5.3305e-02 2.5422e-01
9.6667e+01 1.2501e+04 2.0370e-06 1.0080e-01 1.2501e+04 2.5464e-02 2.5200e-01
9.7059e+01 1.2500e+04 9.5515e-07 1.0037e-01 1.2500e+04 1.1940e-02 2.5094e-01
9.7451e+01 1.2500e+04 4.4327e-07 1.0017e-01 1.2500e+04 5.5409e-03 2.5043e-01
9.7843e+01 1.2500e+04 2.0453e-07 1.0008e-01 1.2500e+04 2.5566e-03 2.5020e-01
9.8235e+01 1.2500e+04 9.4062e-08 1.0004e-01 1.2500e+04 1.1758e-03 2.5009e-01
9.8627e+01 1.2500e+04 4.3193e-08 1.0002e-01 1.2500e+04 5.3992e-04 2.5004e-01
9.9020e+01 1.2500e+04 1.9878e-08 1.0001e-01 1.2500e+04 2.4848e-04 2.5002e-01
9.9412e+01 1.2500e+04 9.2903e-09 1.0000e-01 1.2500e+04 1.1613e-04 2.5001e-01
9.9804e+01 1.2500e+04 4.8543e-09 1.0000e-01 1.2500e+04 6.0679e-05 2.5000e-01
