# # x Density Velocity Pressure q0 q1 q2
1.9608e-01 1.0000e+05 4.0776e-17 1.0000e+00 1.0000e+05 4.0776e-12 2.5000e+00
5.8824e-01 1.0000e+05 5.6157e-17 1.0000e+00 1.0000e+05 5.6157e-12 2.5000e+00
9.8039e-01 1.0000e+05 7.4562e-17 1.0000e+00 1.0000e+05 7.4562e-12 2.5000e+00
1.3725e+00 1.0000e+05 1.0390e-16 1.0000e+00 1.0000e+05 1.0390e-11 2.5000e+00
1.7647e+00 1.0000e+05 1.5081e-16 1.0000e+00 1.0000e+05 1.5081e-11 2.5000e+00
2.1569e+00 1.0000e+05 2.2446e-16 1.0000e+00 1.0000e+05 2.2446e-11 2.5000e+00
2.5490e+00 1.0000e+05 3.3836e-16 1.0000e+00 1.0000e+05 3.3836e-11 2.5000e+00
2.9412e+00 1.0000e+05 5.1427e-16 1.0000e+00 1.0000e+05 5.1427e-11 2.5000e+00
3.3333e+00 1.0000e+05 7.8537e-16 1.0000e+00 1.0000e+05 7.8537e-11 2.5000e+00
3.7255e+00 1.0000e+05 1.2022e-15 1.0000e+00 1.0000e+05 1.2022e-10 2.5000e+00
4.1176e+00 1.0000e+05 1.8407e-15 1.0000e+00 1.0000e+05 1.8407e-10 2.5000e+00
4.5098e+00 1.0000e+05 2.8160e-15 1.0000e+00 1.0000e+05 2.8160e-10 2.5000e+00
4.9020e+00 1.0000e+05 4.2997e-15 1.0000e+00 1.0000e+05 4.2997e-10 2.5000e+00
5.2941e+00 1.0000e+05 6.5482e-15 1.0000e+00 1.0000e+05 6.5482e-10 2.5000e+00
5.6863e+00 1.0000e+05 9.9443e-15 1.0000e+00 1.0000e+05 9.9443e-10 2.5000e+00
6.0784e+00 1.0000e+05 1.5054e-14 1.0000e+00 1.0000e+05 1.5054e-09 2.5000e+00
6.4706e+00 1.0000e+05 2.2712e-14 1.0000e+00 1.0000e+05 2.2712e-09 2.5000e+00
6.8627e+00 1.0000e+05 3.4148e-14 1.0000e+00 1.0000e+05 3.4148e-09 2.5000e+00
7.2549e+00 1.0000e+05 5.1161e-14 1.0000e+00 1.0000e+05 5.1161e-09 2.5000e+00
7.6471e+00 1.0000e+05 7.6379e-14 1.0000e+00 1.0000e+05 7.6379e-09 2.5000e+00
8.0392e+00 1.0000e+05 1.1362e-13 1.0000e+00 1.0000e+05 1.1362e-08 2.5000e+00
8.4314e+00 1.0000e+05 1.6841e-13 1.0000e+00 1.0000e+05 1.6841e-08 2.5000e+00
8.8235e+00 1.0000e+05 2.4872e-13 1.0000e+00 1.0000e+05 2.4872e-08 2.5000e+00
9.2157e+00 1.0000e+05 3.6600e-13 1.0000e+00 1.0000e+05 3.6600e-08 2.5000e+00
9.6078e+00 1.0000e+05 5.3661e-13 1.0000e+00 1.0000e+05 5.3661e-08 2.5000e+00
1.0000e+01 1.0000e+05 7.8391e-13 1.0000e+00 1.0000e+05 7.8391e-08 2.5000e+00
1.0392e+01 1.0000e+05 1.1410e-12 1.0000e+00 1.0000e+05 1.1410e-07 2.5000e+00
1.0784e+01 1.0000e+05 1.6547e-12 1.0000e+00 1.0000e+05 1.6547e-07 2.5000e+00
1.1176e+01 1.0000e+05 2.3910e-12 1.0000e+00 1.0000e+05 2.3910e-07 2.5000e+00
1.1569e+01 1.0000e+05 3.4422e-12 1.0000e+00 1.0000e+05 3.4422e-07 2.5000e+00
1.1961e+01 1.0000e+05 4.9374e-12 1.0000e+00 1.0000e+05 4.9374e-07 2.5000e+00
1.2353e+01 1.0000e+05 7.0564e-12 1.0000e+00 1.0000e+05 7.0564e-07 2.5000e+00
1.2745e+01 1.0000e+05 1.0048e-11 1.0000e+00 1.0000e+05 1.0048e-06 2.5000e+00
1.3137e+01 1.0000e+05 1.4255e-11 1.0000e+00 1.0000e+05 1.4255e-06 2.5000e+00
1.3529e+01 1.0000e+05 2.0149e-11 1.0000e+00 1.0000e+05 2.0149e-06 2.5000e+00
1.3922e+01 1.0000e+05 2.8377e-11 1.0000e+00 1.0000e+05 2.8377e-06 2.5000e+00
1.4314e+01 1.0000e+05 3.9818e-11 1.0000e+00 1.0000e+05 3.9818e-06 2.5000e+00
1.4706e+01 1.0000e+05 5.5666e-11 1.0000e+00 1.0000e+05 5.5666e-06 2.5000e+00
1.5098e+01 1.0000e+05 7.7535e-11 1.0000e+00 1.0000e+05 7.7535e-06 2.5000e+00
1.5490e+01 1.0000e+05 1.0760e-10 1.0000e+00 1.0000e+05 1.0760e-05 2.5000e+00
1.5882e+01 1.0000e+05 1.4877e-10 1.0000e+00 1.0000e+05 1.4877e-05 2.5000e+00
1.6275e+01 1.0000e+05 2.0495e-10 1.0000e+00 1.0000e+05 2.0495e-05 2.5000e+00
1.6667e+01 1.0000e+05 2.8129e-10 1.0000e+00 1.0000e+05 2.8129e-05 2.5000e+00
1.7059e+01 1.0000e+05 3.8466e-10 1.0000e+00 1.0000e+05 3.8466e-05 2.5000e+00
1.7451e+01 1.0000e+05 5.2406e-10 1.0000e+00 1.0000e+05 5.2406e-05 2.5000e+00
1.7843e+01 1.0000e+05 7.1137e-10 1.0000e+00 1.0000e+05 7.1137e-05 2.5000e+00
1.8235e+01 1.0000e+05 9.6207e-10 1.0000e+00 1.0000e+05 9.6207e-05 2.5000e+00
1.8627e+01 1.0000e+05 1.2963e-09 1.0000e+00 1.0000e+05 1.2963e-04 2.5000e+00
1.9020e+01 1.0000e+05 1.7403e-09 1.0000e+00 1.0000e+05 1.7403e-04 2.5000e+00
1.9412e+01 1.0000e+05 2.3277e-09 1.0000e+00 1.0000e+05 2.3277e-04 2.5000e+00
1.9804e+01 1.0000e+05 3.1019e-09 9.9999e-01 1.0000e+05 3.1019e-04 2.5000e+00
2.0196e+01 1.0000e+05 4.1185e-09 9.9999e-01 1.0000e+05 4.1185e-04 2.5000e+00
2.0588e+01 1.0000e+05 5.4480e-09 9.9999e-01 1.0000e+05 5.4480e-04 2.5000e+00
2.0980e+01 1.0000e+05 7.1803e-09 9.9999e-01 1.0000e+05 7.1803e-04 2.5000e+00
2.1373e+01 1.0000e+05 9.4287e-09 9.9998e-01 1.0000e+05 9.4287e-04 2.5000e+00
2.1765e+01 1.0000e+05 1.2336e-08 9.9998e-01 1.0000e+05 1.2336e-03 2.4999e+00
2.2157e+01 1.0000e+05 1.6079e-08 9.9997e-01 1.0000e+05 1.6079e-03 2.4999e+00
2.2549e+01 1.0000e+05 2.0882e-08 9.9996e-01 1.0000e+05 2.0882e-03 2.4999e+00
2.2941e+01 1.0000e+05 2.7021e-08 9.9995e-01 1.0000e+05 2.7021e-03 2.4999e+00
2.3333e+01 1.0000e+05 3.4836e-08 9.9994e-01 1.0000e+05 3.4836e-03 2.4999e+00
2.3725e+01 1.0000e+05 4.4747e-08 9.9992e-01 1.0000e+05 4.4746e-03 2.4998e+00
2.4118e+01 1.0000e+05 5.7267e-08 9.9990e-01 1.0000e+05 5.7267e-03 2.4998e+00
2.4510e+01 1.0000e+05 7.3023e-08 9.9988e-01 1.0000e+05 7.3023e-03 2.4997e+00
2.4902e+01 9.9999e+04 9.2774e-08 9.9985e-01 9.9999e+04 9.2774e-03 2.4996e+00
2.5294e+01 9.9999e+04 1.1744e-07 9.9981e-01 9.9999e+04 1.1744e-02 2.4995e+00
2.5686e+01 9.9999e+04 1.4812e-07 9.9977e-01 9.9999e+04 1.4812e-02 2.4994e+00
2.6078e+01 9.9999e+04 1.8614e-07 9.9971e-01 9.9999e+04 1.8614e-02 2.4993e+00
2.6471e+01 9.9998e+04 2.3307e-07 9.9964e-01 9.9998e+04 2.3307e-02 2.4991e+00
2.6863e+01 9.9998e+04 2.9078e-07 9.9956e-01 9.9998e+04 2.9077e-02 2.4989e+00
2.7255e+01 9.9998e+04 3.6147e-07 9.9946e-01 9.9998e+04 3.6146e-02 2.4986e+00
2.7647e+01 9.9997e+04 4.4772e-07 9.9933e-01 9.9997e+04 4.4770e-02 2.4983e+00
2.8039e+01 9.9996e+04 5.5256e-07 9.9919e-01 9.9996e+04 5.5254e-02 2.4980e+00
2.8431e+01 9.9995e+04 6.7951e-07 9.9902e-01 9.9995e+04 6.7948e-02 2.4975e+00
2.8824e+01 9.9994e+04 8.3264e-07 9.9881e-01 9.9994e+04 8.3259e-02 2.4970e+00
2.9216e+01 9.9993e+04 1.0166e-06 9.9857e-01 9.9993e+04 1.0166e-01 2.4964e+00
2.9608e+01 9.9991e+04 1.2369e-06 9.9828e-01 9.9991e+04 1.2368e-01 2.4957e+00
3.0000e+01 9.9989e+04 1.4995e-06 9.9794e-01 9.9989e+04 1.4994e-01 2.4949e+00
3.0392e+01 9.9987e+04 1.8115e-06 9.9755e-01 9.9987e+04 1.8113e-01 2.4939e+00
3.0784e+01 9.9984e+04 2.1807e-06 9.9709e-01 9.9984e+04 2.1804e-01 2.4927e+00
3.1176e+01 9.9981e+04 2.6160e-06 9.9656e-01 9.9981e+04 2.6155e-01 2.4914e+00
3.1569e+01 9.9976e+04 3.1272e-06 9.9594e-01 9.9976e+04 3.1264e-01 2.4899e+00
3.1961e+01 9.9972e+04 3.7253e-06 9.9523e-01 9.9972e+04 3.7242e-01 2.4881e+00
3.2353e+01 9.9966e+04 4.4225e-06 9.9443e-01 9.9966e+04 4.4209e-01 2.4861e+00
3.2745e+01 9.9959e+04 5.2321e-06 9.9350e-01 9.9959e+04 5.2299e-01 2.4838e+00
3.3137e+01 9.9951e+04 6.1687e-06 9.9245e-01 9.9951e+04 6.1657e-01 2.4811e+00
3.3529e+01 9.9942e+04 7.2483e-06 9.9126e-01 9.9942e+04 7.2440e-01 2.4782e+00
3.3922e+01 9.9931e+04 8.4880e-06 9.8992e-01 9.9931e+04 8.4821e-01 2.4748e+00
3.4314e+01 9.9918e+04 9.9064e-06 9.8842e-01 9.9918e+04 9.8983e-01 2.4710e+00
3.4706e+01 9.9903e+04 1.1523e-05 9.8673e-01 9.9903e+04 1.1512e+00 2.4668e+00
3.5098e+01 9.9887e+04 1.3360e-05 9.8486e-01 9.9887e+04 1.3344e+00 2.4622e+00
3.5490e+01 9.9867e+04 1.5438e-05 9.8278e-01 9.9867e+04 1.5417e+00 2.4570e+00
3.5882e+01 9.9845e+04 1.7781e-05 9.8048e-01 9.9845e+04 1.7753e+00 2.4512e+00
3.6275e+01 9.9819e+04 2.0413e-05 9.7795e-01 9.9819e+04 2.0376e+00 2.4449e+00
3.6667e+01 9.9790e+04 2.3360e-05 9.7517e-01 9.9790e+04 2.3311e+00 2.4380e+00
3.7059e+01 9.9757e+04 2.6647e-05 9.7214e-01 9.9757e+04 2.6583e+00 2.4304e+00
3.7451e+01 9.9720e+04 3.0302e-05 9.6884e-01 9.9720e+04 3.0217e+00 2.4221e+00
3.7843e+01 9.9678e+04 3.4350e-05 9.6526e-01 9.9678e+04 3.4239e+00 2.4132e+00
3.8235e+01 9.9631e+04 3.8818e-05 9.6140e-01 9.9631e+04 3.8675e+00 2.4036e+00
3.8627e+01 9.9579e+04 4.3734e-05 9.5724e-01 9.9579e+04 4.3550e+00 2.3932e+00
3.9020e+01 9.9520e+04 4.9124e-05 9.5279e-01 9.9520e+04 4.8888e+00 2.3821e+00
3.9412e+01 9.9454e+04 5.5013e-05 9.4804e-01 9.9454e+04 5.4713e+00 2.3703e+00
3.9804e+01 9.9382e+04 6.1427e-05 9.4299e-01 9.9382e+04 6.1047e+00 2.3577e+00
4.0196e+01 9.9301e+04 6.8388e-05 9.3764e-01 9.9301e+04 6.7910e+00 2.3443e+00
4.0588e+01 9.9213e+04 7.5918e-05 9.3200e-01 9.9213e+04 7.5321e+00 2.3303e+00
4.0980e+01 9.9116e+04 8.4038e-05 9.2606e-01 9.9116e+04 8.3295e+00 2.3155e+00
4.1373e+01 9.9010e+04 9.2766e-05 9.1985e-01 9.9010e+04 9.1847e+00 2.3000e+00
4.1765e+01 9.8894e+04 1.0212e-04 9.1336e-01 9.8894e+04 1.0099e+01 2.2839e+00
4.2157e+01 9.8767e+04 1.1210e-04 9.0662e-01 9.8767e+04 1.1072e+01 2.2672e+00
4.2549e+01 9.8630e+04 1.2273e-04 8.9964e-01 9.8630e+04 1.2105e+01 2.2498e+00
4.2941e+01 9.8482e+04 1.3402e-04 8.9244e-01 9.8482e+04 1.3199e+01 2.2320e+00
4.3333e+01 9.8321e+04 1.4593e-04 8.8503e-01 9.8321e+04 1.4349e+01 2.2136e+00
4.3725e+01 9.8152e+04 1.5862e-04 8.7748e-01 9.8152e+04 1.5569e+01 2.1949e+00
4.4118e+01 9.7959e+04 1.7156e-04 8.6963e-01 9.7959e+04 1.6806e+01 2.1755e+00
4.4510e+01 9.7787e+04 1.8636e-04 8.6208e-01 9.7787e+04 1.8223e+01 2.1569e+00
4.4902e+01 9.7506e+04 1.9834e-04 8.5324e-01 9.7506e+04 1.9339e+01 2.1350e+00
4.5294e+01 9.7459e+04 2.1979e-04 8.4735e-01 9.7459e+04 2.1420e+01 2.1207e+00
4.5686e+01 9.6823e+04 2.2123e-04 8.3442e-01 9.6823e+04 2.1420e+01 2.0884e+00
4.6078e+01 9.7368e+04 2.6583e-04 8.3586e-01 9.7368e+04 2.5883e+01 2.0931e+00
4.6471e+01 9.5725e+04 2.3331e-04 8.1129e-01 9.5725e+04 2.2334e+01 2.0308e+00
4.6863e+01 9.7464e+04 3.2199e-04 8.2698e-01 9.7464e+04 3.1383e+01 2.0725e+00
4.7255e+01 9.4788e+04 2.5558e-04 7.9119e-01 9.4788e+04 2.4226e+01 1.9811e+00
4.7647e+01 9.6590e+04 3.4793e-04 8.0750e-01 9.6590e+04 3.3606e+01 2.0246e+00
4.8039e+01 9.5067e+04 3.2619e-04 7.8654e-01 9.5067e+04 3.1010e+01 1.9714e+00
4.8431e+01 9.4959e+04 3.5350e-04 7.8153e-01 9.4959e+04 3.3568e+01 1.9598e+00
4.8824e+01 9.5360e+04 3.6948e-04 7.7291e-01 9.5360e+04 3.5234e+01 1.9388e+00
4.9216e+01 8.8225e+04 4.0905e-04 7.7209e-01 8.8225e+04 3.6089e+01 1.9376e+00
4.9608e+01 1.2363e+05 4.0862e-04 7.5720e-01 1.2363e+05 5.0519e+01 1.9033e+00
5.0000e+01 4.4872e+04 4.2453e-04 7.5278e-01 4.4872e+04 1.9049e+01 1.8860e+00
5.0392e+01 1.5432e+04 4.4194e-04 7.5004e-01 1.5432e+04 6.8201e+00 1.8766e+00
5.0784e+01 9.3963e+03 4.7916e-04 7.4637e-01 9.3963e+03 4.5023e+00 1.8670e+00
5.1176e+01 9.0960e+03 6.3576e-04 7.5075e-01 9.0960e+03 5.7829e+00 1.8787e+00
5.1569e+01 9.5231e+03 7.4524e-04 7.5148e-01 9.5231e+03 7.0970e+00 1.8814e+00
5.1961e+01 1.0115e+04 7.7055e-04 7.4536e-01 1.0115e+04 7.7941e+00 1.8664e+00
5.2353e+01 1.0524e+04 8.2084e-04 7.4344e-01 1.0524e+04 8.6388e+00 1.8621e+00
5.2745e+01 1.0988e+04 9.3233e-04 7.4913e-01 1.0988e+04 1.0244e+01 1.8776e+00
5.3137e+01 1.1270e+04 1.0143e-03 7.5283e-01 1.1270e+04 1.1432e+01 1.8879e+00
5.3529e+01 1.1465e+04 1.0253e-03 7.4947e-01 1.1465e+04 1.1755e+01 1.8797e+00
5.3922e+01 1.1553e+04 1.0102e-03 7.4374e-01 1.1553e+04 1.1671e+01 1.8652e+00
5.4314e+01 1.1689e+04 1.0327e-03 7.4253e-01 1.1689e+04 1.2071e+01 1.8625e+00
5.4706e+01 1.1846e+04 1.1015e-03 7.4685e-01 1.1846e+04 1.3048e+01 1.8743e+00
5.5098e+01 1.2015e+04 1.1790e-03 7.5252e-01 1.2015e+04 1.4166e+01 1.8897e+00
5.5490e+01 1.2126e+04 1.2260e-03 7.5506e-01 1.2126e+04 1.4866e+01 1.8968e+00
5.5882e+01 1.2183e+04 1.2332e-03 7.5325e-01 1.2183e+04 1.5024e+01 1.8924e+00
5.6275e+01 1.2203e+04 1.2178e-03 7.4887e-01 1.2203e+04 1.4861e+01 1.8812e+00
5.6667e+01 1.2239e+04 1.2139e-03 7.4544e-01 1.2239e+04 1.4858e+01 1.8726e+00
5.7059e+01 1.2324e+04 1.2534e-03 7.4730e-01 1.2324e+04 1.5448e+01 1.8779e+00
5.7451e+01 1.2461e+04 1.3353e-03 7.5431e-01 1.2461e+04 1.6640e+01 1.8969e+00
5.7843e+01 1.2619e+04 1.4352e-03 7.6372e-01 1.2619e+04 1.8111e+01 1.9223e+00
5.8235e+01 1.2765e+04 1.5273e-03 7.7253e-01 1.2765e+04 1.9495e+01 1.9462e+00
5.8627e+01 1.2876e+04 1.5959e-03 7.7881e-01 1.2876e+04 2.0548e+01 1.9634e+00
5.9020e+01 1.2948e+04 1.6377e-03 7.8207e-01 1.2948e+04 2.1205e+01 1.9725e+00
5.9412e+01 1.2988e+04 1.6579e-03 7.8284e-01 1.2988e+04 2.1533e+01 1.9749e+00
5.9804e+01 1.3008e+04 1.6645e-03 7.8206e-01 1.3008e+04 2.1653e+01 1.9732e+00
6.0196e+01 1.3018e+04 1.6647e-03 7.8055e-01 1.3018e+04 2.1671e+01 1.9694e+00
6.0588e+01 1.3024e+04 1.6625e-03 7.7881e-01 1.3024e+04 2.1652e+01 1.9650e+00
6.0980e+01 1.3028e+04 1.6595e-03 7.7696e-01 1.3028e+04 2.1620e+01 1.9603e+00
6.1373e+01 1.3032e+04 1.6561e-03 7.7504e-01 1.3032e+04 2.1582e+01 1.9555e+00
6.1765e+01 1.3035e+04 1.6523e-03 7.7306e-01 1.3035e+04 2.1538e+01 1.9504e+00
6.2157e+01 1.3038e+04 1.6482e-03 7.7100e-01 1.3038e+04 2.1489e+01 1.9452e+00
6.2549e+01 1.3041e+04 1.6437e-03 7.6888e-01 1.3041e+04 2.1435e+01 1.9398e+00
6.2941e+01 1.3043e+04 1.6390e-03 7.6668e-01 1.3043e+04 2.1377e+01 1.9342e+00
6.3333e+01 1.3045e+04 1.6339e-03 7.6442e-01 1.3045e+04 2.1313e+01 1.9285e+00
6.3725e+01 1.3046e+04 1.6285e-03 7.6208e-01 1.3046e+04 2.1245e+01 1.9225e+00
6.4118e+01 1.3047e+04 1.6228e-03 7.5967e-01 1.3047e+04 2.1173e+01 1.9164e+00
6.4510e+01 1.3048e+04 1.6168e-03 7.5719e-01 1.3048e+04 2.1096e+01 1.9100e+00
6.4902e+01 1.3049e+04 1.6104e-03 7.5463e-01 1.3049e+04 2.1015e+01 1.9035e+00
6.5294e+01 1.3049e+04 1.6038e-03 7.5199e-01 1.3049e+04 2.0929e+01 1.8968e+00
6.5686e+01 1.3049e+04 1.5969e-03 7.4927e-01 1.3049e+04 2.0838e+01 1.8898e+00
6.6078e+01 1.3049e+04 1.5897e-03 7.4646e-01 1.3049e+04 2.0744e+01 1.8826e+00
6.6471e+01 1.3049e+04 1.5821e-03 7.4357e-01 1.3049e+04 2.0645e+01 1.8753e+00
6.6863e+01 1.3048e+04 1.5743e-03 7.4059e-01 1.3048e+04 2.0541e+01 1.8677e+00
6.7255e+01 1.3047e+04 1.5661e-03 7.3752e-01 1.3047e+04 2.0433e+01 1.8598e+00
6.7647e+01 1.3046e+04 1.5576e-03 7.3436e-01 1.3046e+04 2.0321e+01 1.8517e+00
6.8039e+01 1.3044e+04 1.5489e-03 7.3110e-01 1.3044e+04 2.0204e+01 1.8434e+00
6.8431e+01 1.3043e+04 1.5397e-03 7.2775e-01 1.3043e+04 2.0082e+01 1.8348e+00
6.8824e+01 1.3041e+04 1.5303e-03 7.2429e-01 1.3041e+04 1.9956e+01 1.8260e+00
6.9216e+01 1.3038e+04 1.5206e-03 7.2072e-01 1.3038e+04 1.9826e+01 1.8169e+00
6.9608e+01 1.3036e+04 1.5105e-03 7.1705e-01 1.3036e+04 1.9691e+01 1.8075e+00
7.0000e+01 1.3034e+04 1.5001e-03 7.1327e-01 1.3034e+04 1.9552e+01 1.7979e+00
7.0392e+01 1.3031e+04 1.4894e-03 7.0938e-01 1.3031e+04 1.9408e+01 1.7879e+00
7.0784e+01 1.3028e+04 1.4783e-03 7.0538e-01 1.3028e+04 1.9259e+01 1.7777e+00
7.1176e+01 1.3025e+04 1.4669e-03 7.0125e-01 1.3025e+04 1.9106e+01 1.7671e+00
7.1569e+01 1.3021e+04 1.4552e-03 6.9701e-01 1.3021e+04 1.8948e+01 1.7563e+00
7.1961e+01 1.3018e+04 1.4431e-03 6.9264e-01 1.3018e+04 1.8785e+01 1.7452e+00
7.2353e+01 1.3014e+04 1.4307e-03 6.8815e-01 1.3014e+04 1.8618e+01 1.7337e+00
7.2745e+01 1.3010e+04 1.4179e-03 6.8352e-01 1.3010e+04 1.8446e+01 1.7219e+00
7.3137e+01 1.3005e+04 1.4048e-03 6.7877e-01 1.3005e+04 1.8270e+01 1.7098e+00
7.3529e+01 1.3001e+04 1.3913e-03 6.7388e-01 1.3001e+04 1.8089e+01 1.6973e+00
7.3922e+01 1.2996e+04 1.3775e-03 6.6885e-01 1.2996e+04 1.7902e+01 1.6845e+00
7.4314e+01 1.2992e+04 1.3633e-03 6.6368e-01 1.2992e+04 1.7712e+01 1.6713e+00
7.4706e+01 1.2987e+04 1.3488e-03 6.5837e-01 1.2987e+04 1.7516e+01 1.6577e+00
7.5098e+01 1.2982e+04 1.3338e-03 6.5292e-01 1.2982e+04 1.7315e+01 1.6438e+00
7.5490e+01 1.2976e+04 1.3186e-03 6.4731e-01 1.2976e+04 1.7110e+01 1.6296e+00
7.5882e+01 1.2971e+04 1.3029e-03 6.4155e-01 1.2971e+04 1.6900e+01 1.6149e+00
7.6275e+01 1.2965e+04 1.2869e-03 6.3564e-01 1.2965e+04 1.6685e+01 1.5998e+00
7.6667e+01 1.2959e+04 1.2705e-03 6.2956e-01 1.2959e+04 1.6465e+01 1.5844e+00
7.7059e+01 1.2953e+04 1.2537e-03 6.2333e-01 1.2953e+04 1.6240e+01 1.5685e+00
7.7451e+01 1.2947e+04 1.2366e-03 6.1693e-01 1.2947e+04 1.6010e+01 1.5522e+00
7.7843e+01 1.2941e+04 1.2191e-03 6.1037e-01 1.2941e+04 1.5775e+01 1.5355e+00
7.8235e+01 1.2934e+04 1.2011e-03 6.0364e-01 1.2934e+04 1.5535e+01 1.5184e+00
7.8627e+01 1.2927e+04 1.1828e-03 5.9673e-01 1.2927e+04 1.5291e+01 1.5009e+00
7.9020e+01 1.2920e+04 1.1641e-03 5.8965e-01 1.2920e+04 1.5041e+01 1.4829e+00
7.9412e+01 1.2913e+04 1.1450e-03 5.8239e-01 1.2913e+04 1.4786e+01 1.4644e+00
7.9804e+01 1.2906e+04 1.1255e-03 5.7495e-01 1.2906e+04 1.4526e+01 1.4455e+00
8.0196e+01 1.2899e+04 1.1056e-03 5.6732e-01 1.2899e+04 1.4261e+01 1.4262e+00
8.0588e+01 1.2891e+04 1.0853e-03 5.5951e-01 1.2891e+04 1.3991e+01 1.4064e+00
8.0980e+01 1.2883e+04 1.0646e-03 5.5150e-01 1.2883e+04 1.3716e+01 1.3861e+00
8.1373e+01 1.2875e+04 1.0435e-03 5.4330e-01 1.2875e+04 1.3435e+01 1.3653e+00
8.1765e+01 1.2867e+04 1.0219e-03 5.3491e-01 1.2867e+04 1.3150e+01 1.3440e+00
8.2157e+01 1.2859e+04 9.9997e-04 5.2631e-01 1.2859e+04 1.2859e+01 1.3222e+00
8.2549e+01 1.2851e+04 9.7758e-04 5.1750e-01 1.2851e+04 1.2563e+01 1.2999e+00
8.2941e+01 1.2842e+04 9.5477e-04 5.0849e-01 1.2842e+04 1.2261e+01 1.2771e+00
8.3333e+01 1.2834e+04 9.3152e-04 4.9927e-01 1.2834e+04 1.1955e+01 1.2537e+00
8.3725e+01 1.2825e+04 9.0784e-04 4.8982e-01 1.2825e+04 1.1643e+01 1.2298e+00
8.4118e+01 1.2816e+04 8.8371e-04 4.8016e-01 1.2816e+04 1.1325e+01 1.2054e+00
8.4510e+01 1.2807e+04 8.5914e-04 4.7028e-01 1.2807e+04 1.1003e+01 1.1804e+00
8.4902e+01 1.2797e+04 8.3412e-04 4.6016e-01 1.2797e+04 1.0675e+01 1.1549e+00
8.5294e+01 1.2788e+04 8.0864e-04 4.4982e-01 1.2788e+04 1.0341e+01 1.1287e+00
8.5686e+01 1.2778e+04 7.8270e-04 4.3923e-01 1.2778e+04 1.0002e+01 1.1020e+00
8.6078e+01 1.2769e+04 7.5629e-04 4.2841e-01 1.2769e+04 9.6566e+00 1.0747e+00
8.6471e+01 1.2759e+04 7.2940e-04 4.1733e-01 1.2759e+04 9.3061e+00 1.0467e+00
8.6863e+01 1.2749e+04 7.0203e-04 4.0600e-01 1.2749e+04 8.9499e+00 1.0182e+00
8.7255e+01 1.2738e+04 6.7418e-04 3.9442e-01 1.2738e+04 8.5879e+00 9.8895e-01
8.7647e+01 1.2728e+04 6.4583e-04 3.8257e-01 1.2728e+04 8.2201e+00 9.5909e-01
8.8039e+01 1.2717e+04 6.1699e-04 3.7046e-01 1.2717e+04 7.8464e+00 9.2857e-01
8.8431e+01 1.2707e+04 5.8763e-04 3.5807e-01 1.2707e+04 7.4668e+00 8.9737e-01
8.8824e+01 1.2696e+04 5.5776e-04 3.4540e-01 1.2696e+04 7.0812e+00 8.6547e-01
8.9216e+01 1.2685e+04 5.2736e-04 3.3244e-01 1.2685e+04 6.6894e+00 8.3287e-01
8.9608e+01 1.2674e+04 4.9643e-04 3.1920e-01 1.2674e+04 6.2916e+00 7.9955e-01
9.0000e+01 1.2662e+04 4.6496e-04 3.0565e-01 1.2662e+04 5.8875e+00 7.6549e-01
9.0392e+01 1.2651e+04 4.3295e-04 2.9179e-01 1.2651e+04 5.4771e+00 7.3067e-01
9.0784e+01 1.2639e+04 4.0037e-04 2.7763e-01 1.2639e+04 5.0604e+00 6.9508e-01
9.1176e+01 1.2627e+04 3.6723e-04 2.6314e-01 1.2627e+04 4.6372e+00 6.5870e-01
9.1569e+01 1.2615e+04 3.3352e-04 2.4833e-01 1.2615e+04 4.2075e+00 6.2152e-01
9.1961e+01 1.2603e+04 2.9923e-04 2.3318e-01 1.2603e+04 3.7713e+00 5.8352e-01
9.2353e+01 1.2591e+04 2.6437e-04 2.1771e-01 1.2591e+04 3.3287e+00 5.4471e-01
9.2745e+01 1.2579e+04 2.2899e-04 2.0192e-01 1.2579e+04 2.8805e+00 5.0513e-01
9.3137e+01 1.2566e+04 1.9326e-04 1.8589e-01 1.2566e+04 2.4285e+00 4.6495e-01
9.3529e+01 1.2554e+04 1.5754e-04 1.6978e-01 1.2554e+04 1.9777e+00 4.2460e-01
9.3922e+01 1.2542e+04 1.2263e-04 1.5398e-01 1.2542e+04 1.5380e+00 3.8504e-01
9.4314e+01 1.2531e+04 8.9922e-05 1.3916e-01 1.2531e+04 1.1268e+00 3.4796e-01
9.4706e+01 1.2521e+04 6.1278e-05 1.2627e-01 1.2521e+04 7.6728e-01 3.1570e-01
9.5098e+01 1.2513e+04 3.8438e-05 1.1614e-01 1.2513e+04 4.8099e-01 2.9037e-01
9.5490e+01 1.2508e+04 2.2163e-05 1.0911e-01 1.2508e+04 2.7721e-01 2.7277e-01
9.5882e+01 1.2504e+04 1.1850e-05 1.0477e-01 1.2504e+04 1.4818e-01 2.6194e-01
9.6275e+01 1.2502e+04 5.9747e-06 1.0237e-01 1.2502e+04 7.4697e-02 2.5593e-01
9.6667e+01 1.2501e+04 2.8942e-06 1.0114e-01 1.2501e+04 3.6180e-02 2.5285e-01
9.7059e+01 1.2501e+04 1.3683e-06 1.0054e-01 1.2501e+04 1.7105e-02 2.5134e-01
9.7451e+01 1.2500e+04 6.3814e-07 1.0025e-01 1.2500e+04 7.9769e-03 2.5062e-01
9.7843e+01 1.2500e+04 2.9538e-07 1.0012e-01 1.2500e+04 3.6922e-03 2.5029e-01
9.8235e+01 1.2500e+04 1.3615e-07 1.0005e-01 1.2500e+04 1.7019e-03 2.5013e-01
9.8627e+01 1.2500e+04 6.2638e-08 1.0002e-01 1.2500e+04 7.8298e-04 2.5006e-01
9.9020e+01 1.2500e+04 2.8877e-08 1.0001e-01 1.2500e+04 3.6096e-04 2.5003e-01
9.9412e+01 1.2500e+04 1.3519e-08 1.0000e-01 1.2500e+04 1.6899e-04 2.5001e-01
9.9804e+01 1.2500e+04 7.0775e-09 1.0000e-01 1.2500e+04 8.8468e-05 2.5000e-01
