# # x Density Velocity Pressure q0 q1 q2
1.9608e-01 1.0000e+05 4.6297e-17 1.0000e+00 1.0000e+05 4.6297e-12 2.5000e+00
5.8824e-01 1.0000e+05 6.3135e-17 1.0000e+00 1.0000e+05 6.3135e-12 2.5000e+00
9.8039e-01 1.0000e+05 8.3370e-17 1.0000e+00 1.0000e+05 8.3370e-12 2.5000e+00
1.3725e+00 1.0000e+05 1.1590e-16 1.0000e+00 1.0000e+05 1.1590e-11 2.5000e+00
1.7647e+00 1.0000e+05 1.6828e-16 1.0000e+00 1.0000e+05 1.6828e-11 2.5000e+00
2.1569e+00 1.0000e+05 2.5067e-16 1.0000e+00 1.0000e+05 2.5067e-11 2.5000e+00
2.5490e+00 1.0000e+05 3.7840e-16 1.0000e+00 1.0000e+05 3.7840e-11 2.5000e+00
2.9412e+00 1.0000e+05 5.7527e-16 1.0000e+00 1.0000e+05 5.7527e-11 2.5000e+00
3.3333e+00 1.0000e+05 8.7824e-16 1.0000e+00 1.0000e+05 8.7824e-11 2.5000e+00
3.7255e+00 1.0000e+05 1.3436e-15 1.0000e+00 1.0000e+05 1.3436e-10 2.5000e+00
4.1176e+00 1.0000e+05 2.0552e-15 1.0000e+00 1.0000e+05 2.0552e-10 2.5000e+00
4.5098e+00 1.0000e+05 3.1399e-15 1.0000e+00 1.0000e+05 3.1399e-10 2.5000e+00
4.9020e+00 1.0000e+05 4.7874e-15 1.0000e+00 1.0000e+05 4.7874e-10 2.5000e+00
5.2941e+00 1.0000e+05 7.2798e-15 1.0000e+00 1.0000e+05 7.2798e-10 2.5000e+00
5.6863e+00 1.0000e+05 1.1038e-14 1.0000e+00 1.0000e+05 1.1038e-09 2.5000e+00
6.0784e+00 1.0000e+05 1.6681e-14 1.0000e+00 1.0000e+05 1.6681e-09 2.5000e+00
6.4706e+00 1.0000e+05 2.5125e-14 1.0000e+00 1.0000e+05 2.5125e-09 2.5000e+00
6.8627e+00 1.0000e+05 3.7713e-14 1.0000e+00 1.0000e+05 3.7713e-09 2.5000e+00
7.2549e+00 1.0000e+05 5.6409e-14 1.0000e+00 1.0000e+05 5.6409e-09 2.5000e+00
7.6471e+00 1.0000e+05 8.4073e-14 1.0000e+00 1.0000e+05 8.4073e-09 2.5000e+00
8.0392e+00 1.0000e+05 1.2486e-13 1.0000e+00 1.0000e+05 1.2486e-08 2.5000e+00
8.4314e+00 1.0000e+05 1.8477e-13 1.0000e+00 1.0000e+05 1.8477e-08 2.5000e+00
8.8235e+00 1.0000e+05 2.7243e-13 1.0000e+00 1.0000e+05 2.7243e-08 2.5000e+00
9.2157e+00 1.0000e+05 4.0024e-13 1.0000e+00 1.0000e+05 4.0024e-08 2.5000e+00
9.6078e+00 1.0000e+05 5.8588e-13 1.0000e+00 1.0000e+05 5.8588e-08 2.5000e+00
1.0000e+01 1.0000e+05 8.5451e-13 1.0000e+00 1.0000e+05 8.5451e-08 2.5000e+00
1.0392e+01 1.0000e+05 1.2418e-12 1.0000e+00 1.0000e+05 1.2418e-07 2.5000e+00
1.0784e+01 1.0000e+05 1.7981e-12 1.0000e+00 1.0000e+05 1.7981e-07 2.5000e+00
1.1176e+01 1.0000e+05 2.5941e-12 1.0000e+00 1.0000e+05 2.5941e-07 2.5000e+00
1.1569e+01 1.0000e+05 3.7289e-12 1.0000e+00 1.0000e+05 3.7289e-07 2.5000e+00
1.1961e+01 1.0000e+05 5.3405e-12 1.0000e+00 1.0000e+05 5.3405e-07 2.5000e+00
1.2353e+01 1.0000e+05 7.6209e-12 1.0000e+00 1.0000e+05 7.6209e-07 2.5000e+00
1.2745e+01 1.0000e+05 1.0835e-11 1.0000e+00 1.0000e+05 1.0835e-06 2.5000e+00
1.3137e+01 1.0000e+05 1.5349e-11 1.0000e+00 1.0000e+05 1.5349e-06 2.5000e+00
1.3529e+01 1.0000e+05 2.1665e-11 1.0000e+00 1.0000e+05 2.1665e-06 2.5000e+00
1.3922e+01 1.0000e+05 3.0467e-11 1.0000e+00 1.0000e+05 3.0467e-06 2.5000e+00
1.4314e+01 1.0000e+05 4.2688e-11 1.0000e+00 1.0000e+05 4.2688e-06 2.5000e+00
1.4706e+01 1.0000e+05 5.9593e-11 1.0000e+00 1.0000e+05 5.9593e-06 2.5000e+00
1.5098e+01 1.0000e+05 8.2889e-11 1.0000e+00 1.0000e+05 8.2889e-06 2.5000e+00
1.5490e+01 1.0000e+05 1.1487e-10 1.0000e+00 1.0000e+05 1.1487e-05 2.5000e+00
1.5882e+01 1.0000e+05 1.5860e-10 1.0000e+00 1.0000e+05 1.5860e-05 2.5000e+00
1.6275e+01 1.0000e+05 2.1819e-10 1.0000e+00 1.0000e+05 2.1819e-05 2.5000e+00
1.6667e+01 1.0000e+05 2.9906e-10 1.0000e+00 1.0000e+05 2.9906e-05 2.5000e+00
1.7059e+01 1.0000e+05 4.0841e-10 1.0000e+00 1.0000e+05 4.0841e-05 2.5000e+00
1.7451e+01 1.0000e+05 5.5568e-10 1.0000e+00 1.0000e+05 5.5568e-05 2.5000e+00
1.7843e+01 1.0000e+05 7.5330e-10 1.0000e+00 1.0000e+05 7.5330e-05 2.5000e+00
1.8235e+01 1.0000e+05 1.0175e-09 1.0000e+00 1.0000e+05 1.0175e-04 2.5000e+00
1.8627e+01 1.0000e+05 1.3692e-09 1.0000e+00 1.0000e+05 1.3692e-04 2.5000e+00
1.9020e+01 1.0000e+05 1.8358e-09 1.0000e+00 1.0000e+05 1.8358e-04 2.5000e+00
1.9412e+01 1.0000e+05 2.4523e-09 1.0000e+00 1.0000e+05 2.4523e-04 2.5000e+00
1.9804e+01 1.0000e+05 3.2640e-09 9.9999e-01 1.0000e+05 3.2640e-04 2.5000e+00
2.0196e+01 1.0000e+05 4.3283e-09 9.9999e-01 1.0000e+05 4.3283e-04 2.5000e+00
2.0588e+01 1.0000e+05 5.7187e-09 9.9999e-01 1.0000e+05 5.7187e-04 2.5000e+00
2.0980e+01 1.0000e+05 7.5281e-09 9.9999e-01 1.0000e+05 7.5281e-04 2.5000e+00
2.1373e+01 1.0000e+05 9.8737e-09 9.9998e-01 1.0000e+05 9.8736e-04 2.5000e+00
2.1765e+01 1.0000e+05 1.2903e-08 9.9998e-01 1.0000e+05 1.2903e-03 2.4999e+00
2.2157e+01 1.0000e+05 1.6799e-08 9.9997e-01 1.0000e+05 1.6799e-03 2.4999e+00
2.2549e+01 1.0000e+05 2.1793e-08 9.9996e-01 1.0000e+05 2.1793e-03 2.4999e+00
2.2941e+01 1.0000e+05 2.8167e-08 9.9995e-01 1.0000e+05 2.8167e-03 2.4999e+00
2.3333e+01 1.0000e+05 3.6274e-08 9.9994e-01 1.0000e+05 3.6274e-03 2.4998e+00
2.3725e+01 1.0000e+05 4.6543e-08 9.9992e-01 1.0000e+05 4.6543e-03 2.4998e+00
2.4118e+01 1.0000e+05 5.9502e-08 9.9990e-01 1.0000e+05 5.9502e-03 2.4998e+00
2.4510e+01 1.0000e+05 7.5793e-08 9.9988e-01 1.0000e+05 7.5793e-03 2.4997e+00
2.4902e+01 9.9999e+04 9.6194e-08 9.9984e-01 9.9999e+04 9.6193e-03 2.4996e+00
2.5294e+01 9.9999e+04 1.2164e-07 9.9981e-01 9.9999e+04 1.2164e-02 2.4995e+00
2.5686e+01 9.9999e+04 1.5327e-07 9.9976e-01 9.9999e+04 1.5327e-02 2.4994e+00
2.6078e+01 9.9999e+04 1.9242e-07 9.9970e-01 9.9999e+04 1.9242e-02 2.4992e+00
2.6471e+01 9.9998e+04 2.4070e-07 9.9963e-01 9.9998e+04 2.4069e-02 2.4991e+00
2.6863e+01 9.9998e+04 3.0000e-07 9.9954e-01 9.9998e+04 3.0000e-02 2.4989e+00
2.7255e+01 9.9998e+04 3.7258e-07 9.9944e-01 9.9998e+04 3.7257e-02 2.4986e+00
2.7647e+01 9.9997e+04 4.6106e-07 9.9932e-01 9.9997e+04 4.6104e-02 2.4983e+00
2.8039e+01 9.9996e+04 5.6850e-07 9.9917e-01 9.9996e+04 5.6848e-02 2.4979e+00
2.8431e+01 9.9995e+04 6.9849e-07 9.9899e-01 9.9995e+04 6.9845e-02 2.4975e+00
2.8824e+01 9.9994e+04 8.5514e-07 9.9878e-01 9.9994e+04 8.5508e-02 2.4970e+00
2.9216e+01 9.9993e+04 1.0432e-06 9.9853e-01 9.9993e+04 1.0431e-01 2.4963e+00
2.9608e+01 9.9991e+04 1.2681e-06 9.9824e-01 9.9991e+04 1.2680e-01 2.4956e+00
3.0000e+01 9.9989e+04 1.5361e-06 9.9790e-01 9.9989e+04 1.5360e-01 2.4947e+00
3.0392e+01 9.9986e+04 1.8542e-06 9.9750e-01 9.9986e+04 1.8540e-01 2.4937e+00
3.0784e+01 9.9984e+04 2.2303e-06 9.9703e-01 9.9984e+04 2.2300e-01 2.4926e+00
3.1176e+01 9.9980e+04 2.6734e-06 9.9649e-01 9.9980e+04 2.6729e-01 2.4912e+00
3.1569e+01 9.9976e+04 3.1934e-06 9.9587e-01 9.9976e+04 3.1926e-01 2.4897e+00
3.1961e+01 9.9971e+04 3.8013e-06 9.9515e-01 9.9971e+04 3.8002e-01 2.4879e+00
3.2353e+01 9.9965e+04 4.5094e-06 9.9433e-01 9.9965e+04 4.5078e-01 2.4858e+00
3.2745e+01 9.9958e+04 5.3310e-06 9.9340e-01 9.9958e+04 5.3288e-01 2.4835e+00
3.3137e+01 9.9950e+04 6.2809e-06 9.9234e-01 9.9950e+04 6.2778e-01 2.4808e+00
3.3529e+01 9.9940e+04 7.3751e-06 9.9114e-01 9.9940e+04 7.3707e-01 2.4778e+00
3.3922e+01 9.9929e+04 8.6307e-06 9.8978e-01 9.9929e+04 8.6246e-01 2.4745e+00
3.4314e+01 9.9917e+04 1.0066e-05 9.8826e-01 9.9917e+04 1.0058e+00 2.4707e+00
3.4706e+01 9.9902e+04 1.1702e-05 9.8657e-01 9.9902e+04 1.1690e+00 2.4664e+00
3.5098e+01 9.9885e+04 1.3558e-05 9.8468e-01 9.9885e+04 1.3542e+00 2.4617e+00
3.5490e+01 9.9865e+04 1.5658e-05 9.8258e-01 9.9865e+04 1.5636e+00 2.4565e+00
3.5882e+01 9.9842e+04 1.8023e-05 9.8027e-01 9.9842e+04 1.7995e+00 2.4507e+00
3.6275e+01 9.9816e+04 2.0680e-05 9.7772e-01 9.9816e+04 2.0642e+00 2.4443e+00
3.6667e+01 9.9787e+04 2.3652e-05 9.7493e-01 9.9787e+04 2.3602e+00 2.4374e+00
3.7059e+01 9.9754e+04 2.6966e-05 9.7188e-01 9.9754e+04 2.6899e+00 2.4297e+00
3.7451e+01 9.9716e+04 3.0648e-05 9.6857e-01 9.9716e+04 3.0561e+00 2.4215e+00
3.7843e+01 9.9674e+04 3.4724e-05 9.6498e-01 9.9674e+04 3.4611e+00 2.4125e+00
3.8235e+01 9.9626e+04 3.9222e-05 9.6110e-01 9.9626e+04 3.9075e+00 2.4028e+00
3.8627e+01 9.9573e+04 4.4167e-05 9.5693e-01 9.9573e+04 4.3979e+00 2.3924e+00
3.9020e+01 9.9514e+04 4.9587e-05 9.5247e-01 9.9514e+04 4.9346e+00 2.3813e+00
3.9412e+01 9.9448e+04 5.5506e-05 9.4771e-01 9.9448e+04 5.5200e+00 2.3694e+00
3.9804e+01 9.9375e+04 6.1950e-05 9.4265e-01 9.9375e+04 6.1563e+00 2.3568e+00
4.0196e+01 9.9294e+04 6.8941e-05 9.3729e-01 9.9294e+04 6.8454e+00 2.3435e+00
4.0588e+01 9.9205e+04 7.6501e-05 9.3164e-01 9.9205e+04 7.5893e+00 2.3294e+00
4.0980e+01 9.9108e+04 8.4650e-05 9.2570e-01 9.9108e+04 8.3894e+00 2.3146e+00
4.1373e+01 9.9001e+04 9.3405e-05 9.1949e-01 9.9001e+04 9.2472e+00 2.2991e+00
4.1765e+01 9.8884e+04 1.0278e-04 9.1300e-01 9.8884e+04 1.0164e+01 2.2830e+00
4.2157e+01 9.8757e+04 1.1279e-04 9.0626e-01 9.8757e+04 1.1139e+01 2.2663e+00
4.2549e+01 9.8619e+04 1.2345e-04 8.9928e-01 9.8619e+04 1.2174e+01 2.2490e+00
4.2941e+01 9.8471e+04 1.3476e-04 8.9209e-01 9.8471e+04 1.3270e+01 2.2311e+00
4.3333e+01 9.8309e+04 1.4669e-04 8.8468e-01 9.8309e+04 1.4421e+01 2.2128e+00
4.3725e+01 9.8139e+04 1.5940e-04 8.7714e-01 9.8139e+04 1.5643e+01 2.1941e+00
4.4118e+01 9.7945e+04 1.7233e-04 8.6930e-01 9.7945e+04 1.6879e+01 2.1747e+00
4.4510e+01 9.7774e+04 1.8718e-04 8.6177e-01 9.7774e+04 1.8302e+01 2.1561e+00
4.4902e+01 9.7490e+04 1.9907e-04 8.5291e-01 9.7490e+04 1.9407e+01 2.1342e+00
4.5294e+01 9.7448e+04 2.2075e-04 8.4712e-01 9.7448e+04 2.1512e+01 2.1202e+00
4.5686e+01 9.6800e+04 2.2176e-04 8.3406e-01 9.6800e+04 2.1467e+01 2.0875e+00
4.6078e+01 9.7363e+04 2.6703e-04 8.3574e-01 9.7363e+04 2.5999e+01 2.0928e+00
4.6471e+01 9.5697e+04 2.3368e-04 8.1091e-01 9.5697e+04 2.2362e+01 2.0299e+00
4.6863e+01 9.7454e+04 3.2302e-04 8.2683e-01 9.7454e+04 3.1479e+01 2.0722e+00
4.7255e+01 9.4777e+04 2.5658e-04 7.9106e-01 9.4777e+04 2.4318e+01 1.9808e+00
4.7647e+01 9.6555e+04 3.4808e-04 8.0711e-01 9.6555e+04 3.3609e+01 2.0236e+00
4.8039e+01 9.5067e+04 3.2757e-04 7.8657e-01 9.5067e+04 3.1141e+01 1.9715e+00
4.8431e+01 9.4938e+04 3.5416e-04 7.8135e-01 9.4938e+04 3.3623e+01 1.9593e+00
4.8824e+01 9.5347e+04 3.6989e-04 7.7266e-01 9.5347e+04 3.5268e+01 1.9382e+00
4.9216e+01 8.8147e+04 4.0986e-04 7.7198e-01 8.8147e+04 3.6128e+01 1.9374e+00
4.9608e+01 1.2372e+05 4.0946e-04 7.5712e-01 1.2372e+05 5.0658e+01 1.9032e+00
5.0000e+01 4.5095e+04 4.2532e-04 7.5267e-01 4.5095e+04 1.9180e+01 1.8858e+00
5.0392e+01 1.5507e+04 4.4375e-04 7.5010e-01 1.5507e+04 6.8811e+00 1.8768e+00
5.0784e+01 9.4018e+03 4.7788e-04 7.4612e-01 9.4018e+03 4.4929e+00 1.8664e+00
5.1176e+01 9.0827e+03 6.3208e-04 7.5028e-01 9.0827e+03 5.7410e+00 1.8775e+00
5.1569e+01 9.5127e+03 7.4767e-04 7.5161e-01 9.5127e+03 7.1124e+00 1.8817e+00
5.1961e+01 1.0107e+04 7.7463e-04 7.4566e-01 1.0107e+04 7.8294e+00 1.8672e+00
5.2353e+01 1.0512e+04 8.1864e-04 7.4308e-01 1.0512e+04 8.6056e+00 1.8612e+00
5.2745e+01 1.0974e+04 9.2716e-04 7.4845e-01 1.0974e+04 1.0174e+01 1.8758e+00
5.3137e+01 1.1262e+04 1.0136e-03 7.5261e-01 1.1262e+04 1.1415e+01 1.8873e+00
5.3529e+01 1.1463e+04 1.0293e-03 7.4976e-01 1.1463e+04 1.1799e+01 1.8805e+00
5.3922e+01 1.1552e+04 1.0134e-03 7.4396e-01 1.1552e+04 1.1707e+01 1.8658e+00
5.4314e+01 1.1682e+04 1.0311e-03 7.4223e-01 1.1682e+04 1.2045e+01 1.8618e+00
5.4706e+01 1.1835e+04 1.0965e-03 7.4617e-01 1.1835e+04 1.2977e+01 1.8725e+00
5.5098e+01 1.2005e+04 1.1747e-03 7.5190e-01 1.2005e+04 1.4103e+01 1.8880e+00
5.5490e+01 1.2121e+04 1.2252e-03 7.5482e-01 1.2121e+04 1.4851e+01 1.8961e+00
5.5882e+01 1.2183e+04 1.2357e-03 7.5339e-01 1.2183e+04 1.5055e+01 1.8928e+00
5.6275e+01 1.2204e+04 1.2212e-03 7.4924e-01 1.2204e+04 1.4903e+01 1.8822e+00
5.6667e+01 1.2237e+04 1.2146e-03 7.4548e-01 1.2237e+04 1.4863e+01 1.8727e+00
5.7059e+01 1.2315e+04 1.2492e-03 7.4677e-01 1.2315e+04 1.5385e+01 1.8765e+00
5.7451e+01 1.2448e+04 1.3275e-03 7.5334e-01 1.2448e+04 1.6524e+01 1.8943e+00
5.7843e+01 1.2604e+04 1.4264e-03 7.6263e-01 1.2604e+04 1.7979e+01 1.9194e+00
5.8235e+01 1.2752e+04 1.5199e-03 7.7158e-01 1.2752e+04 1.9382e+01 1.9437e+00
5.8627e+01 1.2867e+04 1.5911e-03 7.7815e-01 1.2867e+04 2.0472e+01 1.9617e+00
5.9020e+01 1.2943e+04 1.6355e-03 7.8171e-01 1.2943e+04 2.1168e+01 1.9716e+00
5.9412e+01 1.2986e+04 1.6576e-03 7.8271e-01 1.2986e+04 2.1526e+01 1.9746e+00
5.9804e+01 1.3007e+04 1.6653e-03 7.8206e-01 1.3007e+04 2.1662e+01 1.9732e+00
6.0196e+01 1.3018e+04 1.6660e-03 7.8062e-01 1.3018e+04 2.1687e+01 1.9696e+00
6.0588e+01 1.3024e+04 1.6639e-03 7.7889e-01 1.3024e+04 2.1671e+01 1.9653e+00
6.0980e+01 1.3028e+04 1.6610e-03 7.7707e-01 1.3028e+04 2.1640e+01 1.9606e+00
6.1373e+01 1.3032e+04 1.6577e-03 7.7516e-01 1.3032e+04 2.1603e+01 1.9558e+00
6.1765e+01 1.3036e+04 1.6539e-03 7.7319e-01 1.3036e+04 2.1560e+01 1.9508e+00
6.2157e+01 1.3039e+04 1.6499e-03 7.7115e-01 1.3039e+04 2.1512e+01 1.9456e+00
6.2549e+01 1.3041e+04 1.6455e-03 7.6904e-01 1.3041e+04 2.1459e+01 1.9403e+00
6.2941e+01 1.3043e+04 1.6408e-03 7.6687e-01 1.3043e+04 2.1401e+01 1.9347e+00
6.3333e+01 1.3045e+04 1.6357e-03 7.6462e-01 1.3045e+04 2.1339e+01 1.9290e+00
6.3725e+01 1.3047e+04 1.6304e-03 7.6230e-01 1.3047e+04 2.1272e+01 1.9231e+00
6.4118e+01 1.3048e+04 1.6248e-03 7.5991e-01 1.3048e+04 2.1200e+01 1.9170e+00
6.4510e+01 1.3049e+04 1.6188e-03 7.5745e-01 1.3049e+04 2.1124e+01 1.9107e+00
6.4902e+01 1.3050e+04 1.6126e-03 7.5491e-01 1.3050e+04 2.1044e+01 1.9042e+00
6.5294e+01 1.3050e+04 1.6060e-03 7.5229e-01 1.3050e+04 2.0959e+01 1.8976e+00
6.5686e+01 1.3050e+04 1.5992e-03 7.4960e-01 1.3050e+04 2.0869e+01 1.8907e+00
6.6078e+01 1.3050e+04 1.5920e-03 7.4681e-01 1.3050e+04 2.0776e+01 1.8836e+00
6.6471e+01 1.3050e+04 1.5845e-03 7.4395e-01 1.3050e+04 2.0678e+01 1.8763e+00
6.6863e+01 1.3049e+04 1.5768e-03 7.4100e-01 1.3049e+04 2.0575e+01 1.8687e+00
6.7255e+01 1.3048e+04 1.5687e-03 7.3795e-01 1.3048e+04 2.0468e+01 1.8609e+00
6.7647e+01 1.3047e+04 1.5603e-03 7.3482e-01 1.3047e+04 2.0357e+01 1.8529e+00
6.8039e+01 1.3045e+04 1.5516e-03 7.3159e-01 1.3045e+04 2.0241e+01 1.8447e+00
6.8431e+01 1.3044e+04 1.5425e-03 7.2826e-01 1.3044e+04 2.0121e+01 1.8362e+00
6.8824e+01 1.3042e+04 1.5332e-03 7.2483e-01 1.3042e+04 1.9996e+01 1.8274e+00
6.9216e+01 1.3040e+04 1.5235e-03 7.2130e-01 1.3040e+04 1.9867e+01 1.8184e+00
6.9608e+01 1.3038e+04 1.5136e-03 7.1766e-01 1.3038e+04 1.9733e+01 1.8091e+00
7.0000e+01 1.3035e+04 1.5032e-03 7.1392e-01 1.3035e+04 1.9595e+01 1.7995e+00
7.0392e+01 1.3032e+04 1.4926e-03 7.1006e-01 1.3032e+04 1.9452e+01 1.7897e+00
7.0784e+01 1.3029e+04 1.4816e-03 7.0609e-01 1.3029e+04 1.9305e+01 1.7795e+00
7.1176e+01 1.3026e+04 1.4703e-03 7.0201e-01 1.3026e+04 1.9153e+01 1.7691e+00
7.1569e+01 1.3023e+04 1.4587e-03 6.9780e-01 1.3023e+04 1.8996e+01 1.7584e+00
7.1961e+01 1.3019e+04 1.4467e-03 6.9348e-01 1.3019e+04 1.8835e+01 1.7473e+00
7.2353e+01 1.3015e+04 1.4344e-03 6.8902e-01 1.3015e+04 1.8669e+01 1.7360e+00
7.2745e+01 1.3011e+04 1.4217e-03 6.8445e-01 1.3011e+04 1.8499e+01 1.7243e+00
7.3137e+01 1.3007e+04 1.4087e-03 6.7974e-01 1.3007e+04 1.8324e+01 1.7122e+00
7.3529e+01 1.3003e+04 1.3954e-03 6.7489e-01 1.3003e+04 1.8144e+01 1.6999e+00
7.3922e+01 1.2998e+04 1.3816e-03 6.6991e-01 1.2998e+04 1.7959e+01 1.6872e+00
7.4314e+01 1.2994e+04 1.3676e-03 6.6479e-01 1.2994e+04 1.7770e+01 1.6741e+00
7.4706e+01 1.2989e+04 1.3532e-03 6.5953e-01 1.2989e+04 1.7576e+01 1.6607e+00
7.5098e+01 1.2984e+04 1.3384e-03 6.5413e-01 1.2984e+04 1.7377e+01 1.6469e+00
7.5490e+01 1.2978e+04 1.3232e-03 6.4857e-01 1.2978e+04 1.7173e+01 1.6328e+00
7.5882e+01 1.2973e+04 1.3077e-03 6.4287e-01 1.2973e+04 1.6965e+01 1.6183e+00
7.6275e+01 1.2967e+04 1.2918e-03 6.3701e-01 1.2967e+04 1.6751e+01 1.6033e+00
7.6667e+01 1.2961e+04 1.2755e-03 6.3100e-01 1.2961e+04 1.6533e+01 1.5880e+00
7.7059e+01 1.2955e+04 1.2589e-03 6.2482e-01 1.2955e+04 1.6310e+01 1.5723e+00
7.7451e+01 1.2949e+04 1.2419e-03 6.1849e-01 1.2949e+04 1.6081e+01 1.5562e+00
7.7843e+01 1.2943e+04 1.2245e-03 6.1199e-01 1.2943e+04 1.5848e+01 1.5397e+00
7.8235e+01 1.2936e+04 1.2067e-03 6.0532e-01 1.2936e+04 1.5610e+01 1.5227e+00
7.8627e+01 1.2930e+04 1.1885e-03 5.9848e-01 1.2930e+04 1.5367e+01 1.5053e+00
7.9020e+01 1.2923e+04 1.1700e-03 5.9147e-01 1.2923e+04 1.5119e+01 1.4875e+00
7.9412e+01 1.2916e+04 1.1510e-03 5.8428e-01 1.2916e+04 1.4866e+01 1.4692e+00
7.9804e+01 1.2909e+04 1.1317e-03 5.7691e-01 1.2909e+04 1.4608e+01 1.4505e+00
8.0196e+01 1.2901e+04 1.1119e-03 5.6935e-01 1.2901e+04 1.4345e+01 1.4314e+00
8.0588e+01 1.2894e+04 1.0918e-03 5.6161e-01 1.2894e+04 1.4077e+01 1.4117e+00
8.0980e+01 1.2886e+04 1.0712e-03 5.5368e-01 1.2886e+04 1.3804e+01 1.3916e+00
8.1373e+01 1.2878e+04 1.0502e-03 5.4556e-01 1.2878e+04 1.3525e+01 1.3710e+00
8.1765e+01 1.2870e+04 1.0288e-03 5.3725e-01 1.2870e+04 1.3242e+01 1.3499e+00
8.2157e+01 1.2862e+04 1.0070e-03 5.2873e-01 1.2862e+04 1.2953e+01 1.3283e+00
8.2549e+01 1.2854e+04 9.8482e-04 5.2001e-01 1.2854e+04 1.2659e+01 1.3063e+00
8.2941e+01 1.2845e+04 9.6218e-04 5.1108e-01 1.2845e+04 1.2360e+01 1.2837e+00
8.3333e+01 1.2837e+04 9.3910e-04 5.0195e-01 1.2837e+04 1.2055e+01 1.2605e+00
8.3725e+01 1.2828e+04 9.1560e-04 4.9260e-01 1.2828e+04 1.1745e+01 1.2369e+00
8.4118e+01 1.2819e+04 8.9165e-04 4.8303e-01 1.2819e+04 1.1430e+01 1.2127e+00
8.4510e+01 1.2810e+04 8.6726e-04 4.7324e-01 1.2810e+04 1.1110e+01 1.1879e+00
8.4902e+01 1.2801e+04 8.4242e-04 4.6322e-01 1.2801e+04 1.0784e+01 1.1626e+00
8.5294e+01 1.2791e+04 8.1713e-04 4.5298e-01 1.2791e+04 1.0452e+01 1.1367e+00
8.5686e+01 1.2782e+04 7.9138e-04 4.4249e-01 1.2782e+04 1.0115e+01 1.1102e+00
8.6078e+01 1.2772e+04 7.6517e-04 4.3177e-01 1.2772e+04 9.7728e+00 1.0832e+00
8.6471e+01 1.2762e+04 7.3849e-04 4.2081e-01 1.2762e+04 9.4247e+00 1.0555e+00
8.6863e+01 1.2752e+04 7.1132e-04 4.0959e-01 1.2752e+04 9.0709e+00 1.0272e+00
8.7255e+01 1.2742e+04 6.8368e-04 3.9812e-01 1.2742e+04 8.7114e+00 9.9829e-01
8.7647e+01 1.2732e+04 6.5555e-04 3.8640e-01 1.2732e+04 8.3462e+00 9.6872e-01
8.8039e+01 1.2721e+04 6.2692e-04 3.7440e-01 1.2721e+04 7.9751e+00 9.3850e-01
8.8431e+01 1.2711e+04 5.9778e-04 3.6214e-01 1.2711e+04 7.5981e+00 9.0761e-01
8.8824e+01 1.2700e+04 5.6814e-04 3.4960e-01 1.2700e+04 7.2152e+00 8.7604e-01
8.9216e+01 1.2689e+04 5.3797e-04 3.3677e-01 1.2689e+04 6.8262e+00 8.4376e-01
8.9608e+01 1.2678e+04 5.0728e-04 3.2366e-01 1.2678e+04 6.4312e+00 8.1078e-01
9.0000e+01 1.2666e+04 4.7606e-04 3.1025e-01 1.2666e+04 6.0300e+00 7.7706e-01
9.0392e+01 1.2655e+04 4.4429e-04 2.9654e-01 1.2655e+04 5.6225e+00 7.4260e-01
9.0784e+01 1.2643e+04 4.1197e-04 2.8252e-01 1.2643e+04 5.2087e+00 7.0737e-01
9.1176e+01 1.2632e+04 3.7909e-04 2.6819e-01 1.2632e+04 4.7886e+00 6.7137e-01
9.1569e+01 1.2620e+04 3.4564e-04 2.5353e-01 1.2620e+04 4.3619e+00 6.3458e-01
9.1961e+01 1.2608e+04 3.1162e-04 2.3854e-01 1.2608e+04 3.9288e+00 5.9697e-01
9.2353e+01 1.2596e+04 2.7702e-04 2.2323e-01 1.2596e+04 3.4893e+00 5.5855e-01
9.2745e+01 1.2583e+04 2.4189e-04 2.0759e-01 1.2583e+04 3.0438e+00 5.1935e-01
9.3137e+01 1.2571e+04 2.0632e-04 1.9168e-01 1.2571e+04 2.5937e+00 4.7946e-01
9.3529e+01 1.2559e+04 1.7059e-04 1.7561e-01 1.2559e+04 2.1424e+00 4.3921e-01
9.3922e+01 1.2546e+04 1.3532e-04 1.5968e-01 1.2546e+04 1.6978e+00 3.9930e-01
9.4314e+01 1.2535e+04 1.0165e-04 1.4444e-01 1.2535e+04 1.2742e+00 3.6116e-01
9.4706e+01 1.2525e+04 7.1318e-05 1.3075e-01 1.2525e+04 8.9323e-01 3.2690e-01
9.5098e+01 1.2516e+04 4.6192e-05 1.1954e-01 1.2516e+04 5.7814e-01 2.9887e-01
9.5490e+01 1.2510e+04 2.7486e-05 1.1138e-01 1.2510e+04 3.4384e-01 2.7845e-01
9.5882e+01 1.2505e+04 1.5102e-05 1.0612e-01 1.2505e+04 1.8885e-01 2.6530e-01
9.6275e+01 1.2503e+04 7.7709e-06 1.0310e-01 1.2503e+04 9.7158e-02 2.5775e-01
9.6667e+01 1.2501e+04 3.8156e-06 1.0151e-01 1.2501e+04 4.7700e-02 2.5376e-01
9.7059e+01 1.2501e+04 1.8189e-06 1.0071e-01 1.2501e+04 2.2737e-02 2.5178e-01
9.7451e+01 1.2500e+04 8.5239e-07 1.0033e-01 1.2500e+04 1.0655e-02 2.5083e-01
9.7843e+01 1.2500e+04 3.9573e-07 1.0015e-01 1.2500e+04 4.9467e-03 2.5039e-01
9.8235e+01 1.2500e+04 1.8278e-07 1.0007e-01 1.2500e+04 2.2848e-03 2.5018e-01
9.8627e+01 1.2500e+04 8.4227e-08 1.0003e-01 1.2500e+04 1.0528e-03 2.5008e-01
9.9020e+01 1.2500e+04 3.8885e-08 1.0002e-01 1.2500e+04 4.8606e-04 2.5004e-01
9.9412e+01 1.2500e+04 1.8229e-08 1.0001e-01 1.2500e+04 2.2786e-04 2.5002e-01
9.9804e+01 1.2500e+04 9.5582e-09 1.0000e-01 1.2500e+04 1.1948e-04 2.5001e-01
