# # x Density Velocity Pressure q0 q1 q2
1.9608e-01 1.0000e+05 4.9225e-17 1.0000e+00 1.0000e+05 4.9225e-12 2.5000e+00
5.8824e-01 1.0000e+05 6.6862e-17 1.0000e+00 1.0000e+05 6.6862e-12 2.5000e+00
9.8039e-01 1.0000e+05 8.8152e-17 1.0000e+00 1.0000e+05 8.8152e-12 2.5000e+00
1.3725e+00 1.0000e+05 1.2245e-16 1.0000e+00 1.0000e+05 1.2245e-11 2.5000e+00
1.7647e+00 1.0000e+05 1.7777e-16 1.0000e+00 1.0000e+05 1.7777e-11 2.5000e+00
2.1569e+00 1.0000e+05 2.6491e-16 1.0000e+00 1.0000e+05 2.6491e-11 2.5000e+00
2.5490e+00 1.0000e+05 4.0012e-16 1.0000e+00 1.0000e+05 4.0012e-11 2.5000e+00
2.9412e+00 1.0000e+05 6.0834e-16 1.0000e+00 1.0000e+05 6.0834e-11 2.5000e+00
3.3333e+00 1.0000e+05 9.2853e-16 1.0000e+00 1.0000e+05 9.2853e-11 2.5000e+00
3.7255e+00 1.0000e+05 1.4200e-15 1.0000e+00 1.0000e+05 1.4200e-10 2.5000e+00
4.1176e+00 1.0000e+05 2.1710e-15 1.0000e+00 1.0000e+05 2.1710e-10 2.5000e+00
4.5098e+00 1.0000e+05 3.3147e-15 1.0000e+00 1.0000e+05 3.3147e-10 2.5000e+00
4.9020e+00 1.0000e+05 5.0501e-15 1.0000e+00 1.0000e+05 5.0501e-10 2.5000e+00
5.2941e+00 1.0000e+05 7.6734e-15 1.0000e+00 1.0000e+05 7.6734e-10 2.5000e+00
5.6863e+00 1.0000e+05 1.1625e-14 1.0000e+00 1.0000e+05 1.1625e-09 2.5000e+00
6.0784e+00 1.0000e+05 1.7554e-14 1.0000e+00 1.0000e+05 1.7554e-09 2.5000e+00
6.4706e+00 1.0000e+05 2.6418e-14 1.0000e+00 1.0000e+05 2.6418e-09 2.5000e+00
6.8627e+00 1.0000e+05 3.9622e-14 1.0000e+00 1.0000e+05 3.9622e-09 2.5000e+00
7.2549e+00 1.0000e+05 5.9214e-14 1.0000e+00 1.0000e+05 5.9214e-09 2.5000e+00
7.6471e+00 1.0000e+05 8.8181e-14 1.0000e+00 1.0000e+05 8.8181e-09 2.5000e+00
8.0392e+00 1.0000e+05 1.3085e-13 1.0000e+00 1.0000e+05 1.3085e-08 2.5000e+00
8.4314e+00 1.0000e+05 1.9348e-13 1.0000e+00 1.0000e+05 1.9348e-08 2.5000e+00
8.8235e+00 1.0000e+05 2.8504e-13 1.0000e+00 1.0000e+05 2.8504e-08 2.5000e+00
9.2157e+00 1.0000e+05 4.1843e-13 1.0000e+00 1.0000e+05 4.1843e-08 2.5000e+00
9.6078e+00 1.0000e+05 6.1202e-13 1.0000e+00 1.0000e+05 6.1202e-08 2.5000e+00
1.0000e+01 1.0000e+05 8.9194e-13 1.0000e+00 1.0000e+05 8.9194e-08 2.5000e+00
1.0392e+01 1.0000e+05 1.2952e-12 1.0000e+00 1.0000e+05 1.2952e-07 2.5000e+00
1.0784e+01 1.0000e+05 1.8739e-12 1.0000e+00 1.0000e+05 1.8739e-07 2.5000e+00
1.1176e+01 1.0000e+05 2.7014e-12 1.0000e+00 1.0000e+05 2.7014e-07 2.5000e+00
1.1569e+01 1.0000e+05 3.8801e-12 1.0000e+00 1.0000e+05 3.8801e-07 2.5000e+00
1.1961e+01 1.0000e+05 5.5530e-12 1.0000e+00 1.0000e+05 5.5530e-07 2.5000e+00
1.2353e+01 1.0000e+05 7.9181e-12 1.0000e+00 1.0000e+05 7.9181e-07 2.5000e+00
1.2745e+01 1.0000e+05 1.1250e-11 1.0000e+00 1.0000e+05 1.1250e-06 2.5000e+00
1.3137e+01 1.0000e+05 1.5924e-11 1.0000e+00 1.0000e+05 1.5924e-06 2.5000e+00
1.3529e+01 1.0000e+05 2.2460e-11 1.0000e+00 1.0000e+05 2.2460e-06 2.5000e+00
1.3922e+01 1.0000e+05 3.1562e-11 1.0000e+00 1.0000e+05 3.1562e-06 2.5000e+00
1.4314e+01 1.0000e+05 4.4191e-11 1.0000e+00 1.0000e+05 4.4191e-06 2.5000e+00
1.4706e+01 1.0000e+05 6.1648e-11 1.0000e+00 1.0000e+05 6.1648e-06 2.5000e+00
1.5098e+01 1.0000e+05 8.5686e-11 1.0000e+00 1.0000e+05 8.5686e-06 2.5000e+00
1.5490e+01 1.0000e+05 1.1866e-10 1.0000e+00 1.0000e+05 1.1866e-05 2.5000e+00
1.5882e+01 1.0000e+05 1.6373e-10 1.0000e+00 1.0000e+05 1.6373e-05 2.5000e+00
1.6275e+01 1.0000e+05 2.2509e-10 1.0000e+00 1.0000e+05 2.2509e-05 2.5000e+00
1.6667e+01 1.0000e+05 3.0831e-10 1.0000e+00 1.0000e+05 3.0831e-05 2.5000e+00
1.7059e+01 1.0000e+05 4.2075e-10 1.0000e+00 1.0000e+05 4.2075e-05 2.5000e+00
1.7451e+01 1.0000e+05 5.7210e-10 1.0000e+00 1.0000e+05 5.7210e-05 2.5000e+00
1.7843e+01 1.0000e+05 7.7505e-10 1.0000e+00 1.0000e+05 7.7505e-05 2.5000e+00
1.8235e+01 1.0000e+05 1.0462e-09 1.0000e+00 1.0000e+05 1.0462e-04 2.5000e+00
1.8627e+01 1.0000e+05 1.4069e-09 1.0000e+00 1.0000e+05 1.4069e-04 2.5000e+00
1.9020e+01 1.0000e+05 1.8852e-09 1.0000e+00 1.0000e+05 1.8852e-04 2.5000e+00
1.9412e+01 1.0000e+05 2.5168e-09 1.0000e+00 1.0000e+05 2.5168e-04 2.5000e+00
1.9804e+01 1.0000e+05 3.3477e-09 9.9999e-01 1.0000e+05 3.3477e-04 2.5000e+00
2.0196e+01 1.0000e+05 4.4366e-09 9.9999e-01 1.0000e+05 4.4366e-04 2.5000e+00
2.0588e+01 1.0000e+05 5.8582e-09 9.9999e-01 1.0000e+05 5.8582e-04 2.5000e+00
2.0980e+01 1.0000e+05 7.7071e-09 9.9999e-01 1.0000e+05 7.7071e-04 2.5000e+00
2.1373e+01 1.0000e+05 1.0103e-08 9.9998e-01 1.0000e+05 1.0103e-03 2.5000e+00
2.1765e+01 1.0000e+05 1.3194e-08 9.9998e-01 1.0000e+05 1.3194e-03 2.4999e+00
2.2157e+01 1.0000e+05 1.7169e-08 9.9997e-01 1.0000e+05 1.7169e-03 2.4999e+00
2.2549e+01 1.0000e+05 2.2260e-08 9.9996e-01 1.0000e+05 2.2260e-03 2.4999e+00
2.2941e+01 1.0000e+05 2.8755e-08 9.9995e-01 1.0000e+05 2.8755e-03 2.4999e+00
2.3333e+01 1.0000e+05 3.7010e-08 9.9994e-01 1.0000e+05 3.7010e-03 2.4998e+00
2.3725e+01 1.0000e+05 4.7463e-08 9.9992e-01 1.0000e+05 4.7462e-03 2.4998e+00
2.4118e+01 1.0000e+05 6.0645e-08 9.9990e-01 1.0000e+05 6.0645e-03 2.4997e+00
2.4510e+01 1.0000e+05 7.7209e-08 9.9987e-01 1.0000e+05 7.7208e-03 2.4997e+00
2.4902e+01 9.9999e+04 9.7940e-08 9.9984e-01 9.9999e+04 9.7939e-03 2.4996e+00
2.5294e+01 9.9999e+04 1.2379e-07 9.9980e-01 9.9999e+04 1.2379e-02 2.4995e+00
2.5686e+01 9.9999e+04 1.5589e-07 9.9975e-01 9.9999e+04 1.5589e-02 2.4994e+00
2.6078e+01 9.9999e+04 1.9562e-07 9.9970e-01 9.9999e+04 1.9561e-02 2.4992e+00
2.6471e+01 9.9998e+04 2.4458e-07 9.9962e-01 9.9998e+04 2.4457e-02 2.4991e+00
2.6863e+01 9.9998e+04 3.0470e-07 9.9954e-01 9.9998e+04 3.0469e-02 2.4988e+00
2.7255e+01 9.9997e+04 3.7823e-07 9.9943e-01 9.9997e+04 3.7822e-02 2.4986e+00
2.7647e+01 9.9997e+04 4.6783e-07 9.9931e-01 9.9997e+04 4.6782e-02 2.4983e+00
2.8039e+01 9.9996e+04 5.7660e-07 9.9916e-01 9.9996e+04 5.7657e-02 2.4979e+00
2.8431e+01 9.9995e+04 7.0811e-07 9.9898e-01 9.9995e+04 7.0808e-02 2.4974e+00
2.8824e+01 9.9994e+04 8.6655e-07 9.9877e-01 9.9994e+04 8.6649e-02 2.4969e+00
2.9216e+01 9.9993e+04 1.0567e-06 9.9852e-01 9.9993e+04 1.0566e-01 2.4963e+00
2.9608e+01 9.9991e+04 1.2840e-06 9.9822e-01 9.9991e+04 1.2838e-01 2.4956e+00
3.0000e+01 9.9989e+04 1.5547e-06 9.9788e-01 9.9989e+04 1.5545e-01 2.4947e+00
3.0392e+01 9.9986e+04 1.8758e-06 9.9747e-01 9.9986e+04 1.8756e-01 2.4937e+00
3.0784e+01 9.9983e+04 2.2554e-06 9.9700e-01 9.9983e+04 2.2550e-01 2.4925e+00
3.1176e+01 9.9980e+04 2.7024e-06 9.9646e-01 9.9980e+04 2.7019e-01 2.4911e+00
3.1569e+01 9.9976e+04 3.2268e-06 9.9583e-01 9.9976e+04 3.2260e-01 2.4896e+00
3.1961e+01 9.9971e+04 3.8396e-06 9.9511e-01 9.9971e+04 3.8385e-01 2.4878e+00
3.2353e+01 9.9965e+04 4.5532e-06 9.9429e-01 9.9965e+04 4.5516e-01 2.4857e+00
3.2745e+01 9.9958e+04 5.3809e-06 9.9335e-01 9.9958e+04 5.3786e-01 2.4834e+00
3.3137e+01 9.9949e+04 6.3375e-06 9.9228e-01 9.9949e+04 6.3343e-01 2.4807e+00
3.3529e+01 9.9940e+04 7.4390e-06 9.9107e-01 9.9940e+04 7.4345e-01 2.4777e+00
3.3922e+01 9.9929e+04 8.7026e-06 9.8971e-01 9.9929e+04 8.6964e-01 2.4743e+00
3.4314e+01 9.9916e+04 1.0147e-05 9.8819e-01 9.9916e+04 1.0138e+00 2.4705e+00
3.4706e+01 9.9901e+04 1.1792e-05 9.8648e-01 9.9901e+04 1.1780e+00 2.4662e+00
3.5098e+01 9.9884e+04 1.3658e-05 9.8459e-01 9.9884e+04 1.3642e+00 2.4615e+00
3.5490e+01 9.9864e+04 1.5768e-05 9.8248e-01 9.9864e+04 1.5747e+00 2.4562e+00
3.5882e+01 9.9841e+04 1.8145e-05 9.8016e-01 9.9841e+04 1.8116e+00 2.4504e+00
3.6275e+01 9.9815e+04 2.0814e-05 9.7761e-01 9.9815e+04 2.0775e+00 2.4440e+00
3.6667e+01 9.9786e+04 2.3799e-05 9.7481e-01 9.9786e+04 2.3747e+00 2.4370e+00
3.7059e+01 9.9752e+04 2.7126e-05 9.7175e-01 9.9752e+04 2.7058e+00 2.4294e+00
3.7451e+01 9.9714e+04 3.0821e-05 9.6843e-01 9.9714e+04 3.0733e+00 2.4211e+00
3.7843e+01 9.9672e+04 3.4911e-05 9.6483e-01 9.9672e+04 3.4797e+00 2.4121e+00
3.8235e+01 9.9624e+04 3.9424e-05 9.6095e-01 9.9624e+04 3.9275e+00 2.4025e+00
3.8627e+01 9.9571e+04 4.4384e-05 9.5678e-01 9.9571e+04 4.4194e+00 2.3920e+00
3.9020e+01 9.9511e+04 4.9819e-05 9.5231e-01 9.9511e+04 4.9575e+00 2.3809e+00
3.9412e+01 9.9445e+04 5.5753e-05 9.4755e-01 9.9445e+04 5.5444e+00 2.3690e+00
3.9804e+01 9.9372e+04 6.2212e-05 9.4248e-01 9.9372e+04 6.1821e+00 2.3564e+00
4.0196e+01 9.9291e+04 6.9218e-05 9.3712e-01 9.9291e+04 6.8727e+00 2.3430e+00
4.0588e+01 9.9201e+04 7.6793e-05 9.3147e-01 9.9201e+04 7.6179e+00 2.3290e+00
4.0980e+01 9.9103e+04 8.4956e-05 9.2552e-01 9.9103e+04 8.4194e+00 2.3142e+00
4.1373e+01 9.8996e+04 9.3725e-05 9.1931e-01 9.8996e+04 9.2784e+00 2.2987e+00
4.1765e+01 9.8879e+04 1.0312e-04 9.1282e-01 9.8879e+04 1.0196e+01 2.2826e+00
4.2157e+01 9.8752e+04 1.1314e-04 9.0608e-01 9.8752e+04 1.1173e+01 2.2658e+00
4.2549e+01 9.8614e+04 1.2380e-04 8.9910e-01 9.8614e+04 1.2209e+01 2.2485e+00
4.2941e+01 9.8465e+04 1.3513e-04 8.9191e-01 9.8465e+04 1.3305e+01 2.2307e+00
4.3333e+01 9.8303e+04 1.4706e-04 8.8451e-01 9.8303e+04 1.4457e+01 2.2123e+00
4.3725e+01 9.8133e+04 1.5978e-04 8.7697e-01 9.8133e+04 1.5680e+01 2.1937e+00
4.4118e+01 9.7939e+04 1.7271e-04 8.6913e-01 9.7939e+04 1.6915e+01 2.1743e+00
4.4510e+01 9.7768e+04 1.8760e-04 8.6162e-01 9.7768e+04 1.8341e+01 2.1558e+00
4.4902e+01 9.7482e+04 1.9943e-04 8.5275e-01 9.7482e+04 1.9441e+01 2.1338e+00
4.5294e+01 9.7443e+04 2.2123e-04 8.4700e-01 9.7443e+04 2.1557e+01 2.1199e+00
4.5686e+01 9.6789e+04 2.2203e-04 8.3388e-01 9.6789e+04 2.1490e+01 2.0871e+00
4.6078e+01 9.7361e+04 2.6763e-04 8.3568e-01 9.7361e+04 2.6056e+01 2.0927e+00
4.6471e+01 9.5683e+04 2.3386e-04 8.1072e-01 9.5683e+04 2.2377e+01 2.0294e+00
4.6863e+01 9.7449e+04 3.2352e-04 8.2676e-01 9.7449e+04 3.1527e+01 2.0720e+00
4.7255e+01 9.4771e+04 2.5709e-04 7.9099e-01 9.4771e+04 2.4365e+01 1.9806e+00
4.7647e+01 9.6538e+04 3.4816e-04 8.0691e-01 9.6538e+04 3.3610e+01 2.0231e+00
4.8039e+01 9.5067e+04 3.2825e-04 7.8658e-01 9.5067e+04 3.1206e+01 1.9716e+00
4.8431e+01 9.4928e+04 3.5450e-04 7.8126e-01 9.4928e+04 3.3652e+01 1.9591e+00
4.8824e+01 9.5341e+04 3.7009e-04 7.7254e-01 9.5341e+04 3.5284e+01 1.9379e+00
4.9216e+01 8.8107e+04 4.1026e-04 7.7193e-01 8.8107e+04 3.6147e+01 1.9372e+00
4.9608e+01 1.2376e+05 4.0988e-04 7.5707e-01 1.2376e+05 5.0728e+01 1.9031e+00
5.0000e+01 4.5206e+04 4.2571e-04 7.5262e-01 4.5206e+04 1.9245e+01 1.8856e+00
5.0392e+01 1.5544e+04 4.4467e-04 7.5014e-01 1.5544e+04 6.9121e+00 1.8769e+00
5.0784e+01 9.4048e+03 4.7736e-04 7.4601e-01 9.4048e+03 4.4894e+00 1.8661e+00
5.1176e+01 9.0760e+03 6.3015e-04 7.5004e-01 9.0760e+03 5.7193e+00 1.8769e+00
5.1569e+01 9.5073e+03 7.4872e-04 7.5166e-01 9.5073e+03 7.1183e+00 1.8818e+00
5.1961e+01 1.0103e+04 7.7677e-04 7.4581e-01 1.0103e+04 7.8480e+00 1.8676e+00
5.2353e+01 1.0506e+04 8.1774e-04 7.4293e-01 1.0506e+04 8.5913e+00 1.8608e+00
5.2745e+01 1.0966e+04 9.2455e-04 7.4810e-01 1.0966e+04 1.0139e+01 1.8749e+00
5.3137e+01 1.1258e+04 1.0130e-03 7.5248e-01 1.1258e+04 1.1404e+01 1.8870e+00
5.3529e+01 1.1462e+04 1.0312e-03 7.4989e-01 1.1462e+04 1.1821e+01 1.8808e+00
5.3922e+01 1.1551e+04 1.0151e-03 7.4408e-01 1.1551e+04 1.1726e+01 1.8661e+00
5.4314e+01 1.1679e+04 1.0304e-03 7.4209e-01 1.1679e+04 1.2034e+01 1.8614e+00
5.4706e+01 1.1830e+04 1.0940e-03 7.4583e-01 1.1830e+04 1.2942e+01 1.8717e+00
5.5098e+01 1.2000e+04 1.1725e-03 7.5159e-01 1.2000e+04 1.4071e+01 1.8872e+00
5.5490e+01 1.2119e+04 1.2247e-03 7.5469e-01 1.2119e+04 1.4841e+01 1.8958e+00
5.5882e+01 1.2183e+04 1.2368e-03 7.5346e-01 1.2183e+04 1.5068e+01 1.8930e+00
5.6275e+01 1.2204e+04 1.2229e-03 7.4943e-01 1.2204e+04 1.4924e+01 1.8827e+00
5.6667e+01 1.2235e+04 1.2151e-03 7.4552e-01 1.2235e+04 1.4867e+01 1.8728e+00
5.7059e+01 1.2311e+04 1.2473e-03 7.4652e-01 1.2311e+04 1.5356e+01 1.8759e+00
5.7451e+01 1.2441e+04 1.3237e-03 7.5287e-01 1.2441e+04 1.6468e+01 1.8931e+00
5.7843e+01 1.2597e+04 1.4221e-03 7.6208e-01 1.2597e+04 1.7914e+01 1.9179e+00
5.8235e+01 1.2746e+04 1.5162e-03 7.7110e-01 1.2746e+04 1.9324e+01 1.9424e+00
5.8627e+01 1.2862e+04 1.5886e-03 7.7781e-01 1.2862e+04 2.0433e+01 1.9608e+00
5.9020e+01 1.2940e+04 1.6343e-03 7.8153e-01 1.2940e+04 2.1148e+01 1.9711e+00
5.9412e+01 1.2985e+04 1.6574e-03 7.8264e-01 1.2985e+04 2.1521e+01 1.9744e+00
5.9804e+01 1.3007e+04 1.6657e-03 7.8206e-01 1.3007e+04 2.1666e+01 1.9732e+00
6.0196e+01 1.3018e+04 1.6666e-03 7.8064e-01 1.3018e+04 2.1695e+01 1.9697e+00
6.0588e+01 1.3024e+04 1.6646e-03 7.7894e-01 1.3024e+04 2.1680e+01 1.9654e+00
6.0980e+01 1.3029e+04 1.6618e-03 7.7712e-01 1.3029e+04 2.1651e+01 1.9608e+00
6.1373e+01 1.3033e+04 1.6584e-03 7.7522e-01 1.3033e+04 2.1614e+01 1.9560e+00
6.1765e+01 1.3036e+04 1.6547e-03 7.7326e-01 1.3036e+04 2.1571e+01 1.9510e+00
6.2157e+01 1.3039e+04 1.6507e-03 7.7123e-01 1.3039e+04 2.1524e+01 1.9458e+00
6.2549e+01 1.3042e+04 1.6464e-03 7.6913e-01 1.3042e+04 2.1471e+01 1.9405e+00
6.2941e+01 1.3044e+04 1.6417e-03 7.6696e-01 1.3044e+04 2.1414e+01 1.9350e+00
6.3333e+01 1.3046e+04 1.6367e-03 7.6472e-01 1.3046e+04 2.1352e+01 1.9293e+00
6.3725e+01 1.3047e+04 1.6314e-03 7.6241e-01 1.3047e+04 2.1285e+01 1.9234e+00
6.4118e+01 1.3049e+04 1.6258e-03 7.6003e-01 1.3049e+04 2.1214e+01 1.9173e+00
6.4510e+01 1.3049e+04 1.6198e-03 7.5758e-01 1.3049e+04 2.1138e+01 1.9111e+00
6.4902e+01 1.3050e+04 1.6136e-03 7.5505e-01 1.3050e+04 2.1058e+01 1.9046e+00
6.5294e+01 1.3051e+04 1.6071e-03 7.5244e-01 1.3051e+04 2.0974e+01 1.8980e+00
6.5686e+01 1.3051e+04 1.6003e-03 7.4976e-01 1.3051e+04 2.0885e+01 1.8911e+00
6.6078e+01 1.3051e+04 1.5932e-03 7.4699e-01 1.3051e+04 2.0792e+01 1.8840e+00
6.6471e+01 1.3050e+04 1.5857e-03 7.4413e-01 1.3050e+04 2.0694e+01 1.8767e+00
6.6863e+01 1.3049e+04 1.5780e-03 7.4119e-01 1.3049e+04 2.0592e+01 1.8692e+00
6.7255e+01 1.3049e+04 1.5699e-03 7.3816e-01 1.3049e+04 2.0485e+01 1.8615e+00
6.7647e+01 1.3047e+04 1.5616e-03 7.3504e-01 1.3047e+04 2.0375e+01 1.8535e+00
6.8039e+01 1.3046e+04 1.5529e-03 7.3183e-01 1.3046e+04 2.0259e+01 1.8453e+00
6.8431e+01 1.3044e+04 1.5439e-03 7.2851e-01 1.3044e+04 2.0140e+01 1.8368e+00
6.8824e+01 1.3043e+04 1.5346e-03 7.2510e-01 1.3043e+04 2.0015e+01 1.8281e+00
6.9216e+01 1.3041e+04 1.5250e-03 7.2158e-01 1.3041e+04 1.9887e+01 1.8191e+00
6.9608e+01 1.3038e+04 1.5151e-03 7.1796e-01 1.3038e+04 1.9754e+01 1.8099e+00
7.0000e+01 1.3036e+04 1.5048e-03 7.1424e-01 1.3036e+04 1.9616e+01 1.8004e+00
7.0392e+01 1.3033e+04 1.4942e-03 7.1040e-01 1.3033e+04 1.9474e+01 1.7905e+00
7.0784e+01 1.3030e+04 1.4833e-03 7.0645e-01 1.3030e+04 1.9327e+01 1.7805e+00
7.1176e+01 1.3027e+04 1.4720e-03 7.0238e-01 1.3027e+04 1.9176e+01 1.7701e+00
7.1569e+01 1.3024e+04 1.4604e-03 6.9820e-01 1.3024e+04 1.9020e+01 1.7594e+00
7.1961e+01 1.3020e+04 1.4485e-03 6.9389e-01 1.3020e+04 1.8860e+01 1.7484e+00
7.2353e+01 1.3016e+04 1.4362e-03 6.8946e-01 1.3016e+04 1.8695e+01 1.7371e+00
7.2745e+01 1.3012e+04 1.4236e-03 6.8490e-01 1.3012e+04 1.8525e+01 1.7254e+00
7.3137e+01 1.3008e+04 1.4107e-03 6.8021e-01 1.3008e+04 1.8350e+01 1.7135e+00
7.3529e+01 1.3004e+04 1.3974e-03 6.7539e-01 1.3004e+04 1.8171e+01 1.7012e+00
7.3922e+01 1.2999e+04 1.3837e-03 6.7044e-01 1.2999e+04 1.7987e+01 1.6885e+00
7.4314e+01 1.2995e+04 1.3697e-03 6.6534e-01 1.2995e+04 1.7799e+01 1.6755e+00
7.4706e+01 1.2990e+04 1.3553e-03 6.6011e-01 1.2990e+04 1.7605e+01 1.6622e+00
7.5098e+01 1.2985e+04 1.3406e-03 6.5473e-01 1.2985e+04 1.7407e+01 1.6485e+00
7.5490e+01 1.2979e+04 1.3255e-03 6.4920e-01 1.2979e+04 1.7204e+01 1.6344e+00
7.5882e+01 1.2974e+04 1.3101e-03 6.4352e-01 1.2974e+04 1.6997e+01 1.6199e+00
7.6275e+01 1.2968e+04 1.2942e-03 6.3769e-01 1.2968e+04 1.6784e+01 1.6051e+00
7.6667e+01 1.2963e+04 1.2780e-03 6.3171e-01 1.2963e+04 1.6567e+01 1.5899e+00
7.7059e+01 1.2957e+04 1.2615e-03 6.2556e-01 1.2957e+04 1.6344e+01 1.5742e+00
7.7451e+01 1.2950e+04 1.2445e-03 6.1926e-01 1.2950e+04 1.6117e+01 1.5582e+00
7.7843e+01 1.2944e+04 1.2272e-03 6.1279e-01 1.2944e+04 1.5885e+01 1.5417e+00
7.8235e+01 1.2938e+04 1.2095e-03 6.0615e-01 1.2938e+04 1.5647e+01 1.5248e+00
7.8627e+01 1.2931e+04 1.1914e-03 5.9935e-01 1.2931e+04 1.5405e+01 1.5075e+00
7.9020e+01 1.2924e+04 1.1729e-03 5.9237e-01 1.2924e+04 1.5158e+01 1.4898e+00
7.9412e+01 1.2917e+04 1.1540e-03 5.8521e-01 1.2917e+04 1.4906e+01 1.4716e+00
7.9804e+01 1.2910e+04 1.1347e-03 5.7787e-01 1.2910e+04 1.4649e+01 1.4530e+00
8.0196e+01 1.2903e+04 1.1150e-03 5.7036e-01 1.2903e+04 1.4387e+01 1.4339e+00
8.0588e+01 1.2895e+04 1.0949e-03 5.6265e-01 1.2895e+04 1.4120e+01 1.4144e+00
8.0980e+01 1.2888e+04 1.0745e-03 5.5476e-01 1.2888e+04 1.3847e+01 1.3943e+00
8.1373e+01 1.2880e+04 1.0536e-03 5.4668e-01 1.2880e+04 1.3570e+01 1.3738e+00
8.1765e+01 1.2872e+04 1.0323e-03 5.3840e-01 1.2872e+04 1.3287e+01 1.3529e+00
8.2157e+01 1.2864e+04 1.0106e-03 5.2993e-01 1.2864e+04 1.2999e+01 1.3314e+00
8.2549e+01 1.2855e+04 9.8842e-04 5.2125e-01 1.2855e+04 1.2706e+01 1.3094e+00
8.2941e+01 1.2847e+04 9.6586e-04 5.1237e-01 1.2847e+04 1.2408e+01 1.2869e+00
8.3333e+01 1.2838e+04 9.4287e-04 5.0327e-01 1.2838e+04 1.2105e+01 1.2639e+00
8.3725e+01 1.2830e+04 9.1945e-04 4.9397e-01 1.2830e+04 1.1796e+01 1.2403e+00
8.4118e+01 1.2821e+04 8.9559e-04 4.8445e-01 1.2821e+04 1.1482e+01 1.2163e+00
8.4510e+01 1.2812e+04 8.7129e-04 4.7470e-01 1.2812e+04 1.1163e+01 1.1916e+00
8.4902e+01 1.2802e+04 8.4655e-04 4.6474e-01 1.2802e+04 1.0838e+01 1.1664e+00
8.5294e+01 1.2793e+04 8.2135e-04 4.5454e-01 1.2793e+04 1.0508e+01 1.1407e+00
8.5686e+01 1.2783e+04 7.9570e-04 4.4411e-01 1.2783e+04 1.0172e+01 1.1143e+00
8.6078e+01 1.2774e+04 7.6958e-04 4.3344e-01 1.2774e+04 9.8305e+00 1.0874e+00
8.6471e+01 1.2764e+04 7.4300e-04 4.2253e-01 1.2764e+04 9.4836e+00 1.0598e+00
8.6863e+01 1.2754e+04 7.1594e-04 4.1137e-01 1.2754e+04 9.1310e+00 1.0317e+00
8.7255e+01 1.2744e+04 6.8840e-04 3.9996e-01 1.2744e+04 8.7728e+00 1.0029e+00
8.7647e+01 1.2734e+04 6.6037e-04 3.8829e-01 1.2734e+04 8.4088e+00 9.7349e-01
8.8039e+01 1.2723e+04 6.3184e-04 3.7635e-01 1.2723e+04 8.0390e+00 9.4342e-01
8.8431e+01 1.2712e+04 6.0282e-04 3.6415e-01 1.2712e+04 7.6633e+00 9.1268e-01
8.8824e+01 1.2702e+04 5.7329e-04 3.5167e-01 1.2702e+04 7.2818e+00 8.8127e-01
8.9216e+01 1.2691e+04 5.4324e-04 3.3891e-01 1.2691e+04 6.8942e+00 8.4915e-01
8.9608e+01 1.2680e+04 5.1267e-04 3.2587e-01 1.2680e+04 6.5005e+00 8.1633e-01
9.0000e+01 1.2669e+04 4.8156e-04 3.1253e-01 1.2669e+04 6.1007e+00 7.8279e-01
9.0392e+01 1.2657e+04 4.4992e-04 2.9889e-01 1.2657e+04 5.6947e+00 7.4850e-01
9.0784e+01 1.2646e+04 4.1772e-04 2.8494e-01 1.2646e+04 5.2824e+00 7.1346e-01
9.1176e+01 1.2634e+04 3.8497e-04 2.7068e-01 1.2634e+04 4.8637e+00 6.7764e-01
9.1569e+01 1.2622e+04 3.5166e-04 2.5610e-01 1.2622e+04 4.4386e+00 6.4104e-01
9.1961e+01 1.2610e+04 3.1776e-04 2.4120e-01 1.2610e+04 4.0070e+00 6.0363e-01
9.2353e+01 1.2598e+04 2.8330e-04 2.2596e-01 1.2598e+04 3.5690e+00 5.6540e-01
9.2745e+01 1.2586e+04 2.4830e-04 2.1040e-01 1.2586e+04 3.1249e+00 5.2639e-01
9.3137e+01 1.2573e+04 2.1282e-04 1.9455e-01 1.2573e+04 2.6759e+00 4.8667e-01
9.3529e+01 1.2561e+04 1.7712e-04 1.7852e-01 1.2561e+04 2.2248e+00 4.4649e-01
9.3922e+01 1.2549e+04 1.4173e-04 1.6255e-01 1.2549e+04 1.7785e+00 4.0650e-01
9.4314e+01 1.2537e+04 1.0768e-04 1.4714e-01 1.2537e+04 1.3500e+00 3.6793e-01
9.4706e+01 1.2526e+04 7.6602e-05 1.3311e-01 1.2526e+04 9.5955e-01 3.3282e-01
9.5098e+01 1.2518e+04 5.0401e-05 1.2140e-01 1.2518e+04 6.3089e-01 3.0351e-01
9.5490e+01 1.2511e+04 3.0475e-05 1.1266e-01 1.2511e+04 3.8126e-01 2.8166e-01
9.5882e+01 1.2506e+04 1.6985e-05 1.0691e-01 1.2506e+04 2.1242e-01 2.6727e-01
9.6275e+01 1.2503e+04 8.8387e-06 1.0353e-01 1.2503e+04 1.1051e-01 2.5883e-01
9.6667e+01 1.2502e+04 4.3733e-06 1.0173e-01 1.2502e+04 5.4674e-02 2.5432e-01
9.7059e+01 1.2501e+04 2.0947e-06 1.0082e-01 1.2501e+04 2.6185e-02 2.5206e-01
9.7451e+01 1.2500e+04 9.8441e-07 1.0039e-01 1.2500e+04 1.2305e-02 2.5096e-01
9.7843e+01 1.2500e+04 4.5780e-07 1.0018e-01 1.2500e+04 5.7226e-03 2.5045e-01
9.8235e+01 1.2500e+04 2.1169e-07 1.0008e-01 1.2500e+04 2.6461e-03 2.5021e-01
9.8627e+01 1.2500e+04 9.7630e-08 1.0004e-01 1.2500e+04 1.2204e-03 2.5010e-01
9.9020e+01 1.2500e+04 4.5105e-08 1.0002e-01 1.2500e+04 5.6381e-04 2.5004e-01
9.9412e+01 1.2500e+04 2.1160e-08 1.0001e-01 1.2500e+04 2.6450e-04 2.5002e-01
9.9804e+01 1.2500e+04 1.1104e-08 1.0000e-01 1.2500e+04 1.3879e-04 2.5001e-01
