# # x Density Velocity Pressure q0 q1 q2
1.9608e-01 1.0000e+05 6.4459e-17 1.0000e+00 1.0000e+05 6.4459e-12 2.5000e+00
5.8824e-01 1.0000e+05 8.6073e-17 1.0000e+00 1.0000e+05 8.6073e-12 2.5000e+00
9.8039e-01 1.0000e+05 1.1274e-16 1.0000e+00 1.0000e+05 1.1274e-11 2.5000e+00
1.3725e+00 1.0000e+05 1.5664e-16 1.0000e+00 1.0000e+05 1.5664e-11 2.5000e+00
1.7647e+00 1.0000e+05 2.2787e-16 1.0000e+00 1.0000e+05 2.2787e-11 2.5000e+00
2.1569e+00 1.0000e+05 3.3986e-16 1.0000e+00 1.0000e+05 3.3986e-11 2.5000e+00
2.5490e+00 1.0000e+05 5.1367e-16 1.0000e+00 1.0000e+05 5.1367e-11 2.5000e+00
2.9412e+00 1.0000e+05 7.8106e-16 1.0000e+00 1.0000e+05 7.8106e-11 2.5000e+00
3.3333e+00 1.0000e+05 1.1909e-15 1.0000e+00 1.0000e+05 1.1909e-10 2.5000e+00
3.7255e+00 1.0000e+05 1.8179e-15 1.0000e+00 1.0000e+05 1.8179e-10 2.5000e+00
4.1176e+00 1.0000e+05 2.7721e-15 1.0000e+00 1.0000e+05 2.7721e-10 2.5000e+00
4.5098e+00 1.0000e+05 4.2196e-15 1.0000e+00 1.0000e+05 4.2196e-10 2.5000e+00
4.9020e+00 1.0000e+05 6.4072e-15 1.0000e+00 1.0000e+05 6.4072e-10 2.5000e+00
5.2941e+00 1.0000e+05 9.7013e-15 1.0000e+00 1.0000e+05 9.7013e-10 2.5000e+00
5.6863e+00 1.0000e+05 1.4644e-14 1.0000e+00 1.0000e+05 1.4644e-09 2.5000e+00
6.0784e+00 1.0000e+05 2.2031e-14 1.0000e+00 1.0000e+05 2.2031e-09 2.5000e+00
6.4706e+00 1.0000e+05 3.3034e-14 1.0000e+00 1.0000e+05 3.3034e-09 2.5000e+00
6.8627e+00 1.0000e+05 4.9360e-14 1.0000e+00 1.0000e+05 4.9360e-09 2.5000e+00
7.2549e+00 1.0000e+05 7.3495e-14 1.0000e+00 1.0000e+05 7.3495e-09 2.5000e+00
7.6471e+00 1.0000e+05 1.0905e-13 1.0000e+00 1.0000e+05 1.0905e-08 2.5000e+00
8.0392e+00 1.0000e+05 1.6122e-13 1.0000e+00 1.0000e+05 1.6122e-08 2.5000e+00
8.4314e+00 1.0000e+05 2.3752e-13 1.0000e+00 1.0000e+05 2.3752e-08 2.5000e+00
8.8235e+00 1.0000e+05 3.4867e-13 1.0000e+00 1.0000e+05 3.4867e-08 2.5000e+00
9.2157e+00 1.0000e+05 5.1000e-13 1.0000e+00 1.0000e+05 5.1000e-08 2.5000e+00
9.6078e+00 1.0000e+05 7.4331e-13 1.0000e+00 1.0000e+05 7.4331e-08 2.5000e+00
1.0000e+01 1.0000e+05 1.0795e-12 1.0000e+00 1.0000e+05 1.0795e-07 2.5000e+00
1.0392e+01 1.0000e+05 1.5620e-12 1.0000e+00 1.0000e+05 1.5620e-07 2.5000e+00
1.0784e+01 1.0000e+05 2.2521e-12 1.0000e+00 1.0000e+05 2.2521e-07 2.5000e+00
1.1176e+01 1.0000e+05 3.2355e-12 1.0000e+00 1.0000e+05 3.2355e-07 2.5000e+00
1.1569e+01 1.0000e+05 4.6315e-12 1.0000e+00 1.0000e+05 4.6315e-07 2.5000e+00
1.1961e+01 1.0000e+05 6.6059e-12 1.0000e+00 1.0000e+05 6.6059e-07 2.5000e+00
1.2353e+01 1.0000e+05 9.3881e-12 1.0000e+00 1.0000e+05 9.3881e-07 2.5000e+00
1.2745e+01 1.0000e+05 1.3294e-11 1.0000e+00 1.0000e+05 1.3294e-06 2.5000e+00
1.3137e+01 1.0000e+05 1.8757e-11 1.0000e+00 1.0000e+05 1.8757e-06 2.5000e+00
1.3529e+01 1.0000e+05 2.6368e-11 1.0000e+00 1.0000e+05 2.6368e-06 2.5000e+00
1.3922e+01 1.0000e+05 3.6935e-11 1.0000e+00 1.0000e+05 3.6935e-06 2.5000e+00
1.4314e+01 1.0000e+05 5.1549e-11 1.0000e+00 1.0000e+05 5.1549e-06 2.5000e+00
1.4706e+01 1.0000e+05 7.1686e-11 1.0000e+00 1.0000e+05 7.1686e-06 2.5000e+00
1.5098e+01 1.0000e+05 9.9327e-11 1.0000e+00 1.0000e+05 9.9327e-06 2.5000e+00
1.5490e+01 1.0000e+05 1.3713e-10 1.0000e+00 1.0000e+05 1.3713e-05 2.5000e+00
1.5882e+01 1.0000e+05 1.8863e-10 1.0000e+00 1.0000e+05 1.8863e-05 2.5000e+00
1.6275e+01 1.0000e+05 2.5853e-10 1.0000e+00 1.0000e+05 2.5853e-05 2.5000e+00
1.6667e+01 1.0000e+05 3.5305e-10 1.0000e+00 1.0000e+05 3.5305e-05 2.5000e+00
1.7059e+01 1.0000e+05 4.8039e-10 1.0000e+00 1.0000e+05 4.8039e-05 2.5000e+00
1.7451e+01 1.0000e+05 6.5127e-10 1.0000e+00 1.0000e+05 6.5127e-05 2.5000e+00
1.7843e+01 1.0000e+05 8.7975e-10 1.0000e+00 1.0000e+05 8.7975e-05 2.5000e+00
1.8235e+01 1.0000e+05 1.1841e-09 1.0000e+00 1.0000e+05 1.1841e-04 2.5000e+00
1.8627e+01 1.0000e+05 1.5879e-09 1.0000e+00 1.0000e+05 1.5879e-04 2.5000e+00
1.9020e+01 1.0000e+05 2.1217e-09 1.0000e+00 1.0000e+05 2.1217e-04 2.5000e+00
1.9412e+01 1.0000e+05 2.8246e-09 9.9999e-01 1.0000e+05 2.8246e-04 2.5000e+00
1.9804e+01 1.0000e+05 3.7469e-09 9.9999e-01 1.0000e+05 3.7469e-04 2.5000e+00
2.0196e+01 1.0000e+05 4.9523e-09 9.9999e-01 1.0000e+05 4.9523e-04 2.5000e+00
2.0588e+01 1.0000e+05 6.5217e-09 9.9999e-01 1.0000e+05 6.5217e-04 2.5000e+00
2.0980e+01 1.0000e+05 8.5573e-09 9.9998e-01 1.0000e+05 8.5573e-04 2.5000e+00
2.1373e+01 1.0000e+05 1.1188e-08 9.9998e-01 1.0000e+05 1.1188e-03 2.5000e+00
2.1765e+01 1.0000e+05 1.4574e-08 9.9997e-01 1.0000e+05 1.4574e-03 2.4999e+00
2.2157e+01 1.0000e+05 1.8916e-08 9.9997e-01 1.0000e+05 1.8916e-03 2.4999e+00
2.2549e+01 1.0000e+05 2.4464e-08 9.9996e-01 1.0000e+05 2.4464e-03 2.4999e+00
2.2941e+01 1.0000e+05 3.1524e-08 9.9995e-01 1.0000e+05 3.1524e-03 2.4999e+00
2.3333e+01 1.0000e+05 4.0476e-08 9.9993e-01 1.0000e+05 4.0475e-03 2.4998e+00
2.3725e+01 1.0000e+05 5.1782e-08 9.9991e-01 1.0000e+05 5.1782e-03 2.4998e+00
2.4118e+01 1.0000e+05 6.6008e-08 9.9989e-01 1.0000e+05 6.6007e-03 2.4997e+00
2.4510e+01 9.9999e+04 8.3840e-08 9.9986e-01 9.9999e+04 8.3839e-03 2.4997e+00
2.4902e+01 9.9999e+04 1.0611e-07 9.9983e-01 9.9999e+04 1.0611e-02 2.4996e+00
2.5294e+01 9.9999e+04 1.3381e-07 9.9979e-01 9.9999e+04 1.3381e-02 2.4995e+00
2.5686e+01 9.9999e+04 1.6813e-07 9.9974e-01 9.9999e+04 1.6813e-02 2.4993e+00
2.6078e+01 9.9999e+04 2.1051e-07 9.9967e-01 9.9999e+04 2.1051e-02 2.4992e+00
2.6471e+01 9.9998e+04 2.6264e-07 9.9960e-01 9.9998e+04 2.6263e-02 2.4990e+00
2.6863e+01 9.9998e+04 3.2650e-07 9.9951e-01 9.9998e+04 3.2649e-02 2.4988e+00
2.7255e+01 9.9997e+04 4.0445e-07 9.9940e-01 9.9997e+04 4.0444e-02 2.4985e+00
2.7647e+01 9.9997e+04 4.9924e-07 9.9927e-01 9.9997e+04 4.9922e-02 2.4982e+00
2.8039e+01 9.9996e+04 6.1406e-07 9.9911e-01 9.9996e+04 6.1403e-02 2.4978e+00
2.8431e+01 9.9995e+04 7.5263e-07 9.9892e-01 9.9995e+04 7.5259e-02 2.4973e+00
2.8824e+01 9.9994e+04 9.1923e-07 9.9870e-01 9.9994e+04 9.1917e-02 2.4968e+00
2.9216e+01 9.9992e+04 1.1188e-06 9.9844e-01 9.9992e+04 1.1187e-01 2.4961e+00
2.9608e+01 9.9990e+04 1.3569e-06 9.9813e-01 9.9990e+04 1.3567e-01 2.4953e+00
3.0000e+01 9.9988e+04 1.6399e-06 9.9778e-01 9.9988e+04 1.6397e-01 2.4944e+00
3.0392e+01 9.9985e+04 1.9751e-06 9.9736e-01 9.9985e+04 1.9748e-01 2.4934e+00
3.0784e+01 9.9982e+04 2.3706e-06 9.9687e-01 9.9982e+04 2.3702e-01 2.4922e+00
3.1176e+01 9.9979e+04 2.8355e-06 9.9631e-01 9.9979e+04 2.8349e-01 2.4908e+00
3.1569e+01 9.9974e+04 3.3800e-06 9.9566e-01 9.9974e+04 3.3791e-01 2.4892e+00
3.1961e+01 9.9969e+04 4.0152e-06 9.9492e-01 9.9969e+04 4.0140e-01 2.4873e+00
3.2353e+01 9.9963e+04 4.7537e-06 9.9408e-01 9.9963e+04 4.7519e-01 2.4852e+00
3.2745e+01 9.9956e+04 5.6089e-06 9.9311e-01 9.9956e+04 5.6064e-01 2.4828e+00
3.3137e+01 9.9947e+04 6.5957e-06 9.9202e-01 9.9947e+04 6.5923e-01 2.4800e+00
3.3529e+01 9.9937e+04 7.7303e-06 9.9079e-01 9.9937e+04 7.7255e-01 2.4770e+00
3.3922e+01 9.9926e+04 9.0300e-06 9.8940e-01 9.9926e+04 9.0233e-01 2.4735e+00
3.4314e+01 9.9912e+04 1.0513e-05 9.8784e-01 9.9912e+04 1.0504e+00 2.4696e+00
3.4706e+01 9.9897e+04 1.2200e-05 9.8611e-01 9.9897e+04 1.2188e+00 2.4653e+00
3.5098e+01 9.9879e+04 1.4112e-05 9.8418e-01 9.9879e+04 1.4095e+00 2.4605e+00
3.5490e+01 9.9859e+04 1.6270e-05 9.8204e-01 9.9859e+04 1.6247e+00 2.4551e+00
3.5882e+01 9.9835e+04 1.8699e-05 9.7969e-01 9.9835e+04 1.8668e+00 2.4492e+00
3.6275e+01 9.9809e+04 2.1421e-05 9.7710e-01 9.9809e+04 2.1380e+00 2.4428e+00
3.6667e+01 9.9778e+04 2.4463e-05 9.7427e-01 9.9778e+04 2.4408e+00 2.4357e+00
3.7059e+01 9.9744e+04 2.7849e-05 9.7118e-01 9.9744e+04 2.7778e+00 2.4280e+00
3.7451e+01 9.9705e+04 3.1606e-05 9.6782e-01 9.9705e+04 3.1513e+00 2.4196e+00
3.7843e+01 9.9662e+04 3.5760e-05 9.6419e-01 9.9662e+04 3.5639e+00 2.4105e+00
3.8235e+01 9.9613e+04 4.0337e-05 9.6028e-01 9.9613e+04 4.0181e+00 2.4008e+00
3.8627e+01 9.9559e+04 4.5364e-05 9.5608e-01 9.9559e+04 4.5164e+00 2.3903e+00
3.9020e+01 9.9498e+04 5.0866e-05 9.5159e-01 9.9498e+04 5.0611e+00 2.3791e+00
3.9412e+01 9.9431e+04 5.6868e-05 9.4680e-01 9.9431e+04 5.6544e+00 2.3672e+00
3.9804e+01 9.9356e+04 6.3394e-05 9.4172e-01 9.9356e+04 6.2986e+00 2.3545e+00
4.0196e+01 9.9274e+04 7.0467e-05 9.3634e-01 9.9274e+04 6.9955e+00 2.3411e+00
4.0588e+01 9.9183e+04 7.8107e-05 9.3067e-01 9.9183e+04 7.7469e+00 2.3270e+00
4.0980e+01 9.9084e+04 8.6334e-05 9.2472e-01 9.9084e+04 8.5543e+00 2.3122e+00
4.1373e+01 9.8976e+04 9.5164e-05 9.1850e-01 9.8976e+04 9.4190e+00 2.2967e+00
4.1765e+01 9.8857e+04 1.0461e-04 9.1201e-01 9.8857e+04 1.0342e+01 2.2806e+00
4.2157e+01 9.8729e+04 1.1469e-04 9.0527e-01 9.8729e+04 1.1323e+01 2.2638e+00
4.2549e+01 9.8589e+04 1.2541e-04 8.9830e-01 9.8589e+04 1.2364e+01 2.2465e+00
4.2941e+01 9.8439e+04 1.3678e-04 8.9112e-01 9.8439e+04 1.3464e+01 2.2287e+00
4.3333e+01 9.8276e+04 1.4875e-04 8.8373e-01 9.8276e+04 1.4619e+01 2.2104e+00
4.3725e+01 9.8105e+04 1.6152e-04 8.7622e-01 9.8105e+04 1.5846e+01 2.1918e+00
4.4118e+01 9.7908e+04 1.7444e-04 8.6839e-01 9.7908e+04 1.7079e+01 2.1725e+00
4.4510e+01 9.7739e+04 1.8945e-04 8.6094e-01 9.7739e+04 1.8517e+01 2.1541e+00
4.4902e+01 9.7444e+04 2.0106e-04 8.5202e-01 9.7444e+04 1.9592e+01 2.1320e+00
4.5294e+01 9.7420e+04 2.2340e-04 8.4648e-01 9.7420e+04 2.1763e+01 2.1186e+00
4.5686e+01 9.6737e+04 2.2321e-04 8.3306e-01 9.6737e+04 2.1592e+01 2.0851e+00
4.6078e+01 9.7351e+04 2.7033e-04 8.3541e-01 9.7351e+04 2.6317e+01 2.0921e+00
4.6471e+01 9.5620e+04 2.3470e-04 8.0988e-01 9.5620e+04 2.2442e+01 2.0273e+00
4.6863e+01 9.7426e+04 3.2576e-04 8.2641e-01 9.7426e+04 3.1738e+01 2.0712e+00
4.7255e+01 9.4749e+04 2.5941e-04 7.9073e-01 9.4749e+04 2.4579e+01 1.9800e+00
4.7647e+01 9.6459e+04 3.4847e-04 8.0602e-01 9.6459e+04 3.3613e+01 2.0209e+00
4.8039e+01 9.5066e+04 3.3129e-04 7.8663e-01 9.5066e+04 3.1495e+01 1.9718e+00
4.8431e+01 9.4882e+04 3.5607e-04 7.8088e-01 9.4882e+04 3.3785e+01 1.9582e+00
4.8824e+01 9.5313e+04 3.7097e-04 7.7198e-01 9.5313e+04 3.5359e+01 1.9365e+00
4.9216e+01 8.7929e+04 4.1202e-04 7.7168e-01 8.7929e+04 3.6228e+01 1.9367e+00
4.9608e+01 1.2396e+05 4.1177e-04 7.5688e-01 1.2396e+05 5.1041e+01 1.9027e+00
5.0000e+01 4.5710e+04 4.2739e-04 7.5235e-01 4.5710e+04 1.9536e+01 1.8851e+00
5.0392e+01 1.5715e+04 4.4884e-04 7.5030e-01 1.5715e+04 7.0537e+00 1.8773e+00
5.0784e+01 9.4198e+03 4.7604e-04 7.4562e-01 9.4198e+03 4.4842e+00 1.8651e+00
5.1176e+01 9.0457e+03 6.2099e-04 7.4891e-01 9.0457e+03 5.6173e+00 1.8740e+00
5.1569e+01 9.4818e+03 7.5199e-04 7.5173e-01 9.4818e+03 7.1302e+00 1.8820e+00
5.1961e+01 1.0087e+04 7.8695e-04 7.4658e-01 1.0087e+04 7.9378e+00 1.8696e+00
5.2353e+01 1.0481e+04 8.1533e-04 7.4238e-01 1.0481e+04 8.5458e+00 1.8594e+00
5.2745e+01 1.0934e+04 9.1283e-04 7.4655e-01 1.0934e+04 9.9811e+00 1.8709e+00
5.3137e+01 1.1237e+04 1.0090e-03 7.5173e-01 1.1237e+04 1.1339e+01 1.8850e+00
5.3529e+01 1.1458e+04 1.0390e-03 7.5044e-01 1.1458e+04 1.1905e+01 1.8823e+00
5.3922e+01 1.1549e+04 1.0236e-03 7.4475e-01 1.1549e+04 1.1822e+01 1.8679e+00
5.4314e+01 1.1666e+04 1.0290e-03 7.4165e-01 1.1666e+04 1.2004e+01 1.8603e+00
5.4706e+01 1.1807e+04 1.0836e-03 7.4438e-01 1.1807e+04 1.2794e+01 1.8679e+00
5.5098e+01 1.1978e+04 1.1619e-03 7.5010e-01 1.1978e+04 1.3918e+01 1.8833e+00
5.5490e+01 1.2106e+04 1.2211e-03 7.5401e-01 1.2106e+04 1.4783e+01 1.8940e+00
5.5882e+01 1.2181e+04 1.2411e-03 7.5373e-01 1.2181e+04 1.5118e+01 1.8937e+00
5.6275e+01 1.2207e+04 1.2305e-03 7.5022e-01 1.2207e+04 1.5020e+01 1.8848e+00
5.6667e+01 1.2232e+04 1.2185e-03 7.4582e-01 1.2232e+04 1.4904e+01 1.8736e+00
5.7059e+01 1.2294e+04 1.2401e-03 7.4558e-01 1.2294e+04 1.5246e+01 1.8734e+00
5.7451e+01 1.2413e+04 1.3074e-03 7.5086e-01 1.2413e+04 1.6229e+01 1.8878e+00
5.7843e+01 1.2564e+04 1.4024e-03 7.5963e-01 1.2564e+04 1.7621e+01 1.9114e+00
5.8235e+01 1.2716e+04 1.4987e-03 7.6887e-01 1.2716e+04 1.9058e+01 1.9364e+00
5.8627e+01 1.2840e+04 1.5765e-03 7.7619e-01 1.2840e+04 2.0243e+01 1.9564e+00
5.9020e+01 1.2927e+04 1.6282e-03 7.8059e-01 1.2927e+04 2.1047e+01 1.9686e+00
5.9412e+01 1.2978e+04 1.6559e-03 7.8226e-01 1.2978e+04 2.1490e+01 1.9734e+00
5.9804e+01 1.3005e+04 1.6671e-03 7.8201e-01 1.3005e+04 2.1680e+01 1.9731e+00
6.0196e+01 1.3018e+04 1.6693e-03 7.8076e-01 1.3018e+04 2.1730e+01 1.9700e+00
6.0588e+01 1.3025e+04 1.6678e-03 7.7911e-01 1.3025e+04 2.1722e+01 1.9659e+00
6.0980e+01 1.3029e+04 1.6651e-03 7.7733e-01 1.3029e+04 2.1695e+01 1.9614e+00
6.1373e+01 1.3033e+04 1.6619e-03 7.7547e-01 1.3033e+04 2.1661e+01 1.9567e+00
6.1765e+01 1.3037e+04 1.6584e-03 7.7355e-01 1.3037e+04 2.1620e+01 1.9518e+00
6.2157e+01 1.3040e+04 1.6545e-03 7.7155e-01 1.3040e+04 2.1574e+01 1.9467e+00
6.2549e+01 1.3043e+04 1.6502e-03 7.6949e-01 1.3043e+04 2.1524e+01 1.9415e+00
6.2941e+01 1.3045e+04 1.6457e-03 7.6736e-01 1.3045e+04 2.1468e+01 1.9361e+00
6.3333e+01 1.3047e+04 1.6408e-03 7.6516e-01 1.3047e+04 2.1408e+01 1.9305e+00
6.3725e+01 1.3049e+04 1.6356e-03 7.6290e-01 1.3049e+04 2.1343e+01 1.9247e+00
6.4118e+01 1.3050e+04 1.6302e-03 7.6056e-01 1.3050e+04 2.1274e+01 1.9187e+00
6.4510e+01 1.3051e+04 1.6244e-03 7.5815e-01 1.3051e+04 2.1200e+01 1.9126e+00
6.4902e+01 1.3052e+04 1.6183e-03 7.5567e-01 1.3052e+04 2.1122e+01 1.9063e+00
6.5294e+01 1.3053e+04 1.6120e-03 7.5311e-01 1.3053e+04 2.1040e+01 1.8997e+00
6.5686e+01 1.3053e+04 1.6053e-03 7.5047e-01 1.3053e+04 2.0953e+01 1.8930e+00
6.6078e+01 1.3053e+04 1.5983e-03 7.4775e-01 1.3053e+04 2.0862e+01 1.8861e+00
6.6471e+01 1.3052e+04 1.5910e-03 7.4495e-01 1.3052e+04 2.0767e+01 1.8789e+00
6.6863e+01 1.3052e+04 1.5835e-03 7.4207e-01 1.3052e+04 2.0667e+01 1.8715e+00
6.7255e+01 1.3051e+04 1.5756e-03 7.3909e-01 1.3051e+04 2.0563e+01 1.8639e+00
6.7647e+01 1.3050e+04 1.5674e-03 7.3603e-01 1.3050e+04 2.0454e+01 1.8561e+00
6.8039e+01 1.3049e+04 1.5589e-03 7.3288e-01 1.3049e+04 2.0342e+01 1.8481e+00
6.8431e+01 1.3047e+04 1.5501e-03 7.2963e-01 1.3047e+04 2.0224e+01 1.8398e+00
6.8824e+01 1.3045e+04 1.5410e-03 7.2629e-01 1.3045e+04 2.0103e+01 1.8312e+00
6.9216e+01 1.3043e+04 1.5315e-03 7.2284e-01 1.3043e+04 1.9977e+01 1.8224e+00
6.9608e+01 1.3041e+04 1.5218e-03 7.1929e-01 1.3041e+04 1.9846e+01 1.8133e+00
7.0000e+01 1.3039e+04 1.5117e-03 7.1564e-01 1.3039e+04 1.9711e+01 1.8040e+00
7.0392e+01 1.3036e+04 1.5013e-03 7.1188e-01 1.3036e+04 1.9572e+01 1.7944e+00
7.0784e+01 1.3033e+04 1.4906e-03 7.0801e-01 1.3033e+04 1.9428e+01 1.7845e+00
7.1176e+01 1.3030e+04 1.4796e-03 7.0403e-01 1.3030e+04 1.9280e+01 1.7743e+00
7.1569e+01 1.3027e+04 1.4682e-03 6.9993e-01 1.3027e+04 1.9127e+01 1.7639e+00
7.1961e+01 1.3024e+04 1.4565e-03 6.9571e-01 1.3024e+04 1.8969e+01 1.7531e+00
7.2353e+01 1.3020e+04 1.4445e-03 6.9137e-01 1.3020e+04 1.8807e+01 1.7420e+00
7.2745e+01 1.3016e+04 1.4321e-03 6.8691e-01 1.3016e+04 1.8641e+01 1.7306e+00
7.3137e+01 1.3012e+04 1.4194e-03 6.8232e-01 1.3012e+04 1.8469e+01 1.7189e+00
7.3529e+01 1.3008e+04 1.4063e-03 6.7760e-01 1.3008e+04 1.8293e+01 1.7069e+00
7.3922e+01 1.3004e+04 1.3929e-03 6.7275e-01 1.3004e+04 1.8113e+01 1.6945e+00
7.4314e+01 1.2999e+04 1.3791e-03 6.6776e-01 1.2999e+04 1.7928e+01 1.6818e+00
7.4706e+01 1.2994e+04 1.3650e-03 6.6263e-01 1.2994e+04 1.7738e+01 1.6687e+00
7.5098e+01 1.2989e+04 1.3506e-03 6.5737e-01 1.2989e+04 1.7543e+01 1.6553e+00
7.5490e+01 1.2984e+04 1.3357e-03 6.5196e-01 1.2984e+04 1.7343e+01 1.6415e+00
7.5882e+01 1.2979e+04 1.3206e-03 6.4640e-01 1.2979e+04 1.7139e+01 1.6273e+00
7.6275e+01 1.2973e+04 1.3050e-03 6.4070e-01 1.2973e+04 1.6930e+01 1.6128e+00
7.6667e+01 1.2968e+04 1.2891e-03 6.3484e-01 1.2968e+04 1.6716e+01 1.5979e+00
7.7059e+01 1.2962e+04 1.2728e-03 6.2882e-01 1.2962e+04 1.6498e+01 1.5826e+00
7.7451e+01 1.2956e+04 1.2562e-03 6.2265e-01 1.2956e+04 1.6274e+01 1.5669e+00
7.7843e+01 1.2949e+04 1.2391e-03 6.1632e-01 1.2949e+04 1.6046e+01 1.5507e+00
7.8235e+01 1.2943e+04 1.2217e-03 6.0983e-01 1.2943e+04 1.5813e+01 1.5342e+00
7.8627e+01 1.2937e+04 1.2039e-03 6.0316e-01 1.2937e+04 1.5575e+01 1.5173e+00
7.9020e+01 1.2930e+04 1.1857e-03 5.9633e-01 1.2930e+04 1.5331e+01 1.4999e+00
7.9412e+01 1.2923e+04 1.1672e-03 5.8933e-01 1.2923e+04 1.5083e+01 1.4821e+00
7.9804e+01 1.2916e+04 1.1482e-03 5.8215e-01 1.2916e+04 1.4830e+01 1.4639e+00
8.0196e+01 1.2909e+04 1.1289e-03 5.7479e-01 1.2909e+04 1.4572e+01 1.4452e+00
8.0588e+01 1.2901e+04 1.1091e-03 5.6725e-01 1.2901e+04 1.4309e+01 1.4261e+00
8.0980e+01 1.2894e+04 1.0890e-03 5.5953e-01 1.2894e+04 1.4041e+01 1.4065e+00
8.1373e+01 1.2886e+04 1.0685e-03 5.5162e-01 1.2886e+04 1.3768e+01 1.3864e+00
8.1765e+01 1.2878e+04 1.0475e-03 5.4352e-01 1.2878e+04 1.3490e+01 1.3659e+00
8.2157e+01 1.2870e+04 1.0262e-03 5.3522e-01 1.2870e+04 1.3207e+01 1.3448e+00
8.2549e+01 1.2862e+04 1.0044e-03 5.2673e-01 1.2862e+04 1.2919e+01 1.3233e+00
8.2941e+01 1.2854e+04 9.8220e-04 5.1803e-01 1.2854e+04 1.2625e+01 1.3013e+00
8.3333e+01 1.2845e+04 9.5959e-04 5.0914e-01 1.2845e+04 1.2326e+01 1.2788e+00
8.3725e+01 1.2837e+04 9.3655e-04 5.0003e-01 1.2837e+04 1.2022e+01 1.2557e+00
8.4118e+01 1.2828e+04 9.1309e-04 4.9071e-01 1.2828e+04 1.1713e+01 1.2321e+00
8.4510e+01 1.2819e+04 8.8919e-04 4.8118e-01 1.2819e+04 1.1399e+01 1.2080e+00
8.4902e+01 1.2810e+04 8.6486e-04 4.7142e-01 1.2810e+04 1.1079e+01 1.1833e+00
8.5294e+01 1.2801e+04 8.4007e-04 4.6145e-01 1.2801e+04 1.0753e+01 1.1581e+00
8.5686e+01 1.2791e+04 8.1485e-04 4.5124e-01 1.2791e+04 1.0423e+01 1.1324e+00
8.6078e+01 1.2782e+04 7.8916e-04 4.4080e-01 1.2782e+04 1.0087e+01 1.1060e+00
8.6471e+01 1.2772e+04 7.6302e-04 4.3013e-01 1.2772e+04 9.7452e+00 1.0790e+00
8.6863e+01 1.2762e+04 7.3641e-04 4.1921e-01 1.2762e+04 9.3981e+00 1.0515e+00
8.7255e+01 1.2752e+04 7.0933e-04 4.0805e-01 1.2752e+04 9.0454e+00 1.0233e+00
8.7647e+01 1.2742e+04 6.8177e-04 3.9664e-01 1.2742e+04 8.6870e+00 9.9456e-01
8.8039e+01 1.2732e+04 6.5372e-04 3.8497e-01 1.2732e+04 8.3229e+00 9.6514e-01
8.8431e+01 1.2721e+04 6.2519e-04 3.7304e-01 1.2721e+04 7.9531e+00 9.3508e-01
8.8824e+01 1.2710e+04 5.9615e-04 3.6084e-01 1.2710e+04 7.5774e+00 9.0435e-01
8.9216e+01 1.2700e+04 5.6661e-04 3.4837e-01 1.2700e+04 7.1958e+00 8.7295e-01
8.9608e+01 1.2689e+04 5.3656e-04 3.3562e-01 1.2689e+04 6.8083e+00 8.4086e-01
9.0000e+01 1.2678e+04 5.0599e-04 3.2258e-01 1.2678e+04 6.4148e+00 8.0807e-01
9.0392e+01 1.2666e+04 4.7489e-04 3.0925e-01 1.2666e+04 6.0152e+00 7.7456e-01
9.0784e+01 1.2655e+04 4.4325e-04 2.9563e-01 1.2655e+04 5.6094e+00 7.4031e-01
9.1176e+01 1.2644e+04 4.1107e-04 2.8170e-01 1.2644e+04 5.1974e+00 7.0531e-01
9.1569e+01 1.2632e+04 3.7833e-04 2.6746e-01 1.2632e+04 4.7790e+00 6.6955e-01
9.1961e+01 1.2620e+04 3.4503e-04 2.5290e-01 1.2620e+04 4.3543e+00 6.3300e-01
9.2353e+01 1.2608e+04 3.1117e-04 2.3802e-01 1.2608e+04 3.9232e+00 5.9565e-01
9.2745e+01 1.2596e+04 2.7674e-04 2.2281e-01 1.2596e+04 3.4858e+00 5.5750e-01
9.3137e+01 1.2584e+04 2.4178e-04 2.0729e-01 1.2584e+04 3.0424e+00 5.1858e-01
9.3529e+01 1.2571e+04 2.0639e-04 1.9149e-01 1.2571e+04 2.5945e+00 4.7899e-01
9.3922e+01 1.2559e+04 1.7083e-04 1.7554e-01 1.2559e+04 2.1454e+00 4.3903e-01
9.4314e+01 1.2547e+04 1.3571e-04 1.5971e-01 1.2547e+04 1.7027e+00 3.9940e-01
9.4706e+01 1.2535e+04 1.0216e-04 1.4456e-01 1.2535e+04 1.2806e+00 3.6148e-01
9.5098e+01 1.2525e+04 7.1863e-05 1.3093e-01 1.2525e+04 9.0008e-01 3.2735e-01
9.5490e+01 1.2516e+04 4.6695e-05 1.1972e-01 1.2516e+04 5.8445e-01 2.9932e-01
9.5882e+01 1.2510e+04 2.7885e-05 1.1152e-01 1.2510e+04 3.4884e-01 2.7882e-01
9.6275e+01 1.2506e+04 1.5376e-05 1.0622e-01 1.2506e+04 1.9228e-01 2.6556e-01
9.6667e+01 1.2503e+04 7.9381e-06 1.0316e-01 1.2503e+04 9.9249e-02 2.5790e-01
9.7059e+01 1.2501e+04 3.9088e-06 1.0154e-01 1.2501e+04 4.8866e-02 2.5385e-01
9.7451e+01 1.2501e+04 1.8679e-06 1.0073e-01 1.2501e+04 2.3350e-02 2.5183e-01
9.7843e+01 1.2500e+04 8.7730e-07 1.0034e-01 1.2500e+04 1.0967e-02 2.5086e-01
9.8235e+01 1.2500e+04 4.0819e-07 1.0016e-01 1.2500e+04 5.1025e-03 2.5040e-01
9.8627e+01 1.2500e+04 1.8908e-07 1.0007e-01 1.2500e+04 2.3635e-03 2.5018e-01
9.9020e+01 1.2500e+04 8.7662e-08 1.0003e-01 1.2500e+04 1.0958e-03 2.5008e-01
9.9412e+01 1.2500e+04 4.1257e-08 1.0002e-01 1.2500e+04 5.1571e-04 2.5004e-01
9.9804e+01 1.2500e+04 2.1726e-08 1.0001e-01 1.2500e+04 2.7157e-04 2.5001e-01
