# # x Density Velocity Pressure q0 q1 q2
1.9608e-01 1.0000e+05 7.2510e-17 1.0000e+00 1.0000e+05 7.2510e-12 2.5000e+00
5.8824e-01 1.0000e+05 9.6100e-17 1.0000e+00 1.0000e+05 9.6100e-12 2.5000e+00
9.8039e-01 1.0000e+05 1.2561e-16 1.0000e+00 1.0000e+05 1.2561e-11 2.5000e+00
1.3725e+00 1.0000e+05 1.7473e-16 1.0000e+00 1.0000e+05 1.7473e-11 2.5000e+00
1.7647e+00 1.0000e+05 2.5429e-16 1.0000e+00 1.0000e+05 2.5429e-11 2.5000e+00
2.1569e+00 1.0000e+05 3.7954e-16 1.0000e+00 1.0000e+05 3.7954e-11 2.5000e+00
2.5490e+00 1.0000e+05 5.7370e-16 1.0000e+00 1.0000e+05 5.7370e-11 2.5000e+00
2.9412e+00 1.0000e+05 8.7208e-16 1.0000e+00 1.0000e+05 8.7208e-11 2.5000e+00
3.3333e+00 1.0000e+05 1.3290e-15 1.0000e+00 1.0000e+05 1.3290e-10 2.5000e+00
3.7255e+00 1.0000e+05 2.0266e-15 1.0000e+00 1.0000e+05 2.0266e-10 2.5000e+00
4.1176e+00 1.0000e+05 3.0866e-15 1.0000e+00 1.0000e+05 3.0866e-10 2.5000e+00
4.5098e+00 1.0000e+05 4.6916e-15 1.0000e+00 1.0000e+05 4.6916e-10 2.5000e+00
4.9020e+00 1.0000e+05 7.1132e-15 1.0000e+00 1.0000e+05 7.1132e-10 2.5000e+00
5.2941e+00 1.0000e+05 1.0753e-14 1.0000e+00 1.0000e+05 1.0753e-09 2.5000e+00
5.6863e+00 1.0000e+05 1.6206e-14 1.0000e+00 1.0000e+05 1.6206e-09 2.5000e+00
6.0784e+00 1.0000e+05 2.4341e-14 1.0000e+00 1.0000e+05 2.4341e-09 2.5000e+00
6.4706e+00 1.0000e+05 3.6438e-14 1.0000e+00 1.0000e+05 3.6438e-09 2.5000e+00
6.8627e+00 1.0000e+05 5.4357e-14 1.0000e+00 1.0000e+05 5.4357e-09 2.5000e+00
7.2549e+00 1.0000e+05 8.0805e-14 1.0000e+00 1.0000e+05 8.0805e-09 2.5000e+00
7.6471e+00 1.0000e+05 1.1970e-13 1.0000e+00 1.0000e+05 1.1970e-08 2.5000e+00
8.0392e+00 1.0000e+05 1.7669e-13 1.0000e+00 1.0000e+05 1.7669e-08 2.5000e+00
8.4314e+00 1.0000e+05 2.5989e-13 1.0000e+00 1.0000e+05 2.5989e-08 2.5000e+00
8.8235e+00 1.0000e+05 3.8090e-13 1.0000e+00 1.0000e+05 3.8090e-08 2.5000e+00
9.2157e+00 1.0000e+05 5.5627e-13 1.0000e+00 1.0000e+05 5.5627e-08 2.5000e+00
9.6078e+00 1.0000e+05 8.0948e-13 1.0000e+00 1.0000e+05 8.0948e-08 2.5000e+00
1.0000e+01 1.0000e+05 1.1737e-12 1.0000e+00 1.0000e+05 1.1737e-07 2.5000e+00
1.0392e+01 1.0000e+05 1.6958e-12 1.0000e+00 1.0000e+05 1.6958e-07 2.5000e+00
1.0784e+01 1.0000e+05 2.4414e-12 1.0000e+00 1.0000e+05 2.4414e-07 2.5000e+00
1.1176e+01 1.0000e+05 3.5021e-12 1.0000e+00 1.0000e+05 3.5021e-07 2.5000e+00
1.1569e+01 1.0000e+05 5.0056e-12 1.0000e+00 1.0000e+05 5.0056e-07 2.5000e+00
1.1961e+01 1.0000e+05 7.1289e-12 1.0000e+00 1.0000e+05 7.1289e-07 2.5000e+00
1.2353e+01 1.0000e+05 1.0116e-11 1.0000e+00 1.0000e+05 1.0116e-06 2.5000e+00
1.2745e+01 1.0000e+05 1.4304e-11 1.0000e+00 1.0000e+05 1.4304e-06 2.5000e+00
1.3137e+01 1.0000e+05 2.0153e-11 1.0000e+00 1.0000e+05 2.0153e-06 2.5000e+00
1.3529e+01 1.0000e+05 2.8291e-11 1.0000e+00 1.0000e+05 2.8291e-06 2.5000e+00
1.3922e+01 1.0000e+05 3.9573e-11 1.0000e+00 1.0000e+05 3.9573e-06 2.5000e+00
1.4314e+01 1.0000e+05 5.5154e-11 1.0000e+00 1.0000e+05 5.5154e-06 2.5000e+00
1.4706e+01 1.0000e+05 7.6591e-11 1.0000e+00 1.0000e+05 7.6591e-06 2.5000e+00
1.5098e+01 1.0000e+05 1.0598e-10 1.0000e+00 1.0000e+05 1.0598e-05 2.5000e+00
1.5490e+01 1.0000e+05 1.4611e-10 1.0000e+00 1.0000e+05 1.4611e-05 2.5000e+00
1.5882e+01 1.0000e+05 2.0072e-10 1.0000e+00 1.0000e+05 2.0072e-05 2.5000e+00
1.6275e+01 1.0000e+05 2.7473e-10 1.0000e+00 1.0000e+05 2.7473e-05 2.5000e+00
1.6667e+01 1.0000e+05 3.7468e-10 1.0000e+00 1.0000e+05 3.7468e-05 2.5000e+00
1.7059e+01 1.0000e+05 5.0916e-10 1.0000e+00 1.0000e+05 5.0916e-05 2.5000e+00
1.7451e+01 1.0000e+05 6.8939e-10 1.0000e+00 1.0000e+05 6.8939e-05 2.5000e+00
1.7843e+01 1.0000e+05 9.3005e-10 1.0000e+00 1.0000e+05 9.3005e-05 2.5000e+00
1.8235e+01 1.0000e+05 1.2502e-09 1.0000e+00 1.0000e+05 1.2502e-04 2.5000e+00
1.8627e+01 1.0000e+05 1.6745e-09 1.0000e+00 1.0000e+05 1.6745e-04 2.5000e+00
1.9020e+01 1.0000e+05 2.2346e-09 1.0000e+00 1.0000e+05 2.2346e-04 2.5000e+00
1.9412e+01 1.0000e+05 2.9714e-09 9.9999e-01 1.0000e+05 2.9714e-04 2.5000e+00
1.9804e+01 1.0000e+05 3.9368e-09 9.9999e-01 1.0000e+05 3.9368e-04 2.5000e+00
2.0196e+01 1.0000e+05 5.1971e-09 9.9999e-01 1.0000e+05 5.1971e-04 2.5000e+00
2.0588e+01 1.0000e+05 6.8360e-09 9.9999e-01 1.0000e+05 6.8360e-04 2.5000e+00
2.0980e+01 1.0000e+05 8.9594e-09 9.9998e-01 1.0000e+05 8.9594e-04 2.5000e+00
2.1373e+01 1.0000e+05 1.1700e-08 9.9998e-01 1.0000e+05 1.1700e-03 2.4999e+00
2.1765e+01 1.0000e+05 1.5224e-08 9.9997e-01 1.0000e+05 1.5224e-03 2.4999e+00
2.2157e+01 1.0000e+05 1.9738e-08 9.9997e-01 1.0000e+05 1.9738e-03 2.4999e+00
2.2549e+01 1.0000e+05 2.5499e-08 9.9996e-01 1.0000e+05 2.5499e-03 2.4999e+00
2.2941e+01 1.0000e+05 3.2822e-08 9.9994e-01 1.0000e+05 3.2822e-03 2.4999e+00
2.3333e+01 1.0000e+05 4.2097e-08 9.9993e-01 1.0000e+05 4.2097e-03 2.4998e+00
2.3725e+01 1.0000e+05 5.3799e-08 9.9991e-01 1.0000e+05 5.3799e-03 2.4998e+00
2.4118e+01 1.0000e+05 6.8508e-08 9.9989e-01 1.0000e+05 6.8508e-03 2.4997e+00
2.4510e+01 9.9999e+04 8.6926e-08 9.9986e-01 9.9999e+04 8.6926e-03 2.4996e+00
2.4902e+01 9.9999e+04 1.0990e-07 9.9982e-01 9.9999e+04 1.0990e-02 2.4996e+00
2.5294e+01 9.9999e+04 1.3846e-07 9.9978e-01 9.9999e+04 1.3845e-02 2.4995e+00
2.5686e+01 9.9999e+04 1.7381e-07 9.9973e-01 9.9999e+04 1.7380e-02 2.4993e+00
2.6078e+01 9.9999e+04 2.1741e-07 9.9967e-01 9.9999e+04 2.1740e-02 2.4992e+00
2.6471e+01 9.9998e+04 2.7098e-07 9.9959e-01 9.9998e+04 2.7097e-02 2.4990e+00
2.6863e+01 9.9998e+04 3.3656e-07 9.9949e-01 9.9998e+04 3.3655e-02 2.4987e+00
2.7255e+01 9.9997e+04 4.1652e-07 9.9938e-01 9.9997e+04 4.1651e-02 2.4985e+00
2.7647e+01 9.9997e+04 5.1368e-07 9.9925e-01 9.9997e+04 5.1366e-02 2.4981e+00
2.8039e+01 9.9996e+04 6.3126e-07 9.9909e-01 9.9996e+04 6.3123e-02 2.4977e+00
2.8431e+01 9.9995e+04 7.7304e-07 9.9890e-01 9.9995e+04 7.7300e-02 2.4972e+00
2.8824e+01 9.9993e+04 9.4335e-07 9.9867e-01 9.9993e+04 9.4329e-02 2.4967e+00
2.9216e+01 9.9992e+04 1.1472e-06 9.9841e-01 9.9992e+04 1.1471e-01 2.4960e+00
2.9608e+01 9.9990e+04 1.3902e-06 9.9809e-01 9.9990e+04 1.3900e-01 2.4952e+00
3.0000e+01 9.9988e+04 1.6788e-06 9.9773e-01 9.9988e+04 1.6786e-01 2.4943e+00
3.0392e+01 9.9985e+04 2.0203e-06 9.9731e-01 9.9985e+04 2.0200e-01 2.4933e+00
3.0784e+01 9.9982e+04 2.4230e-06 9.9681e-01 9.9982e+04 2.4226e-01 2.4920e+00
3.1176e+01 9.9978e+04 2.8960e-06 9.9624e-01 9.9978e+04 2.8954e-01 2.4906e+00
3.1569e+01 9.9974e+04 3.4495e-06 9.9559e-01 9.9974e+04 3.4486e-01 2.4890e+00
3.1961e+01 9.9968e+04 4.0948e-06 9.9484e-01 9.9968e+04 4.0935e-01 2.4871e+00
3.2353e+01 9.9962e+04 4.8444e-06 9.9398e-01 9.9962e+04 4.8426e-01 2.4850e+00
3.2745e+01 9.9955e+04 5.7120e-06 9.9301e-01 9.9955e+04 5.7094e-01 2.4825e+00
3.3137e+01 9.9946e+04 6.7124e-06 9.9190e-01 9.9946e+04 6.7088e-01 2.4798e+00
3.3529e+01 9.9936e+04 7.8618e-06 9.9066e-01 9.9936e+04 7.8568e-01 2.4766e+00
3.3922e+01 9.9924e+04 9.1776e-06 9.8926e-01 9.9924e+04 9.1707e-01 2.4731e+00
3.4314e+01 9.9911e+04 1.0678e-05 9.8769e-01 9.9911e+04 1.0669e+00 2.4692e+00
3.4706e+01 9.9895e+04 1.2384e-05 9.8594e-01 9.9895e+04 1.2371e+00 2.4649e+00
3.5098e+01 9.9877e+04 1.4316e-05 9.8400e-01 9.9877e+04 1.4298e+00 2.4600e+00
3.5490e+01 9.9856e+04 1.6496e-05 9.8184e-01 9.9856e+04 1.6472e+00 2.4546e+00
3.5882e+01 9.9833e+04 1.8947e-05 9.7947e-01 9.9833e+04 1.8915e+00 2.4487e+00
3.6275e+01 9.9806e+04 2.1693e-05 9.7687e-01 9.9806e+04 2.1651e+00 2.4422e+00
3.6667e+01 9.9775e+04 2.4760e-05 9.7402e-01 9.9775e+04 2.4705e+00 2.4351e+00
3.7059e+01 9.9740e+04 2.8173e-05 9.7092e-01 9.9740e+04 2.8100e+00 2.4273e+00
3.7451e+01 9.9701e+04 3.1957e-05 9.6755e-01 9.9701e+04 3.1862e+00 2.4189e+00
3.7843e+01 9.9658e+04 3.6139e-05 9.6391e-01 9.9658e+04 3.6015e+00 2.4098e+00
3.8235e+01 9.9608e+04 4.0745e-05 9.5998e-01 9.9608e+04 4.0586e+00 2.4000e+00
3.8627e+01 9.9553e+04 4.5801e-05 9.5577e-01 9.9553e+04 4.5597e+00 2.3895e+00
3.9020e+01 9.9492e+04 5.1333e-05 9.5127e-01 9.9492e+04 5.1072e+00 2.3783e+00
3.9412e+01 9.9424e+04 5.7365e-05 9.4647e-01 9.9424e+04 5.7035e+00 2.3663e+00
3.9804e+01 9.9349e+04 6.3921e-05 9.4138e-01 9.9349e+04 6.3505e+00 2.3536e+00
4.0196e+01 9.9267e+04 7.1023e-05 9.3599e-01 9.9267e+04 7.0502e+00 2.3402e+00
4.0588e+01 9.9176e+04 7.8692e-05 9.3032e-01 9.9176e+04 7.8043e+00 2.3261e+00
4.0980e+01 9.9076e+04 8.6947e-05 9.2436e-01 9.9076e+04 8.6143e+00 2.3113e+00
4.1373e+01 9.8967e+04 9.5804e-05 9.1814e-01 9.8967e+04 9.4814e+00 2.2958e+00
4.1765e+01 9.8848e+04 1.0528e-04 9.1165e-01 9.8848e+04 1.0407e+01 2.2797e+00
4.2157e+01 9.8718e+04 1.1538e-04 9.0491e-01 9.8718e+04 1.1390e+01 2.2629e+00
4.2549e+01 9.8578e+04 1.2612e-04 8.9795e-01 9.8578e+04 1.2433e+01 2.2457e+00
4.2941e+01 9.8428e+04 1.3751e-04 8.9077e-01 9.8428e+04 1.3535e+01 2.2279e+00
4.3333e+01 9.8264e+04 1.4950e-04 8.8339e-01 9.8264e+04 1.4690e+01 2.2096e+00
4.3725e+01 9.8092e+04 1.6229e-04 8.7589e-01 9.8092e+04 1.5919e+01 2.1910e+00
4.4118e+01 9.7894e+04 1.7521e-04 8.6807e-01 9.7894e+04 1.7152e+01 2.1717e+00
4.4510e+01 9.7726e+04 1.9028e-04 8.6065e-01 9.7726e+04 1.8595e+01 2.1534e+00
4.4902e+01 9.7428e+04 2.0177e-04 8.5169e-01 9.7428e+04 1.9658e+01 2.1312e+00
4.5294e+01 9.7410e+04 2.2437e-04 8.4625e-01 9.7410e+04 2.1855e+01 2.1181e+00
4.5686e+01 9.6714e+04 2.2372e-04 8.3270e-01 9.6714e+04 2.1637e+01 2.0842e+00
4.6078e+01 9.7347e+04 2.7153e-04 8.3529e-01 9.7347e+04 2.6432e+01 2.0918e+00
4.6471e+01 9.5593e+04 2.3508e-04 8.0950e-01 9.5593e+04 2.2472e+01 2.0264e+00
4.6863e+01 9.7415e+04 3.2674e-04 8.2625e-01 9.7415e+04 3.1829e+01 2.0708e+00
4.7255e+01 9.4739e+04 2.6047e-04 7.9062e-01 9.4739e+04 2.4677e+01 1.9798e+00
4.7647e+01 9.6423e+04 3.4860e-04 8.0562e-01 9.6423e+04 3.3613e+01 2.0199e+00
4.8039e+01 9.5065e+04 3.3262e-04 7.8664e-01 9.5065e+04 3.1621e+01 1.9719e+00
4.8431e+01 9.4863e+04 3.5680e-04 7.8072e-01 9.4863e+04 3.3847e+01 1.9578e+00
4.8824e+01 9.5300e+04 3.7137e-04 7.7173e-01 9.5300e+04 3.5391e+01 1.9359e+00
4.9216e+01 8.7849e+04 4.1278e-04 7.7156e-01 8.7849e+04 3.6262e+01 1.9364e+00
4.9608e+01 1.2404e+05 4.1261e-04 7.5680e-01 1.2404e+05 5.1180e+01 1.9026e+00
5.0000e+01 4.5935e+04 4.2811e-04 7.5222e-01 4.5935e+04 1.9665e+01 1.8848e+00
5.0392e+01 1.5792e+04 4.5070e-04 7.5037e-01 1.5792e+04 7.1176e+00 1.8775e+00
5.0784e+01 9.4274e+03 4.7600e-04 7.4551e-01 9.4274e+03 4.4874e+00 1.8648e+00
5.1176e+01 9.0323e+03 6.1675e-04 7.4839e-01 9.0323e+03 5.5707e+00 1.8727e+00
5.1569e+01 9.4697e+03 7.5265e-04 7.5169e-01 9.4697e+03 7.1274e+00 1.8819e+00
5.1961e+01 1.0080e+04 7.9166e-04 7.4694e-01 1.0080e+04 7.9797e+00 1.8705e+00
5.2353e+01 1.0471e+04 8.1516e-04 7.4224e-01 1.0471e+04 8.5356e+00 1.8591e+00
5.2745e+01 1.0920e+04 9.0773e-04 7.4587e-01 1.0920e+04 9.9125e+00 1.8692e+00
5.3137e+01 1.1227e+04 1.0065e-03 7.5133e-01 1.1227e+04 1.1300e+01 1.8840e+00
5.3529e+01 1.1455e+04 1.0420e-03 7.5065e-01 1.1455e+04 1.1936e+01 1.8828e+00
5.3922e+01 1.1549e+04 1.0276e-03 7.4513e-01 1.1549e+04 1.1868e+01 1.8689e+00
5.4314e+01 1.1661e+04 1.0291e-03 7.4155e-01 1.1661e+04 1.2001e+01 1.8601e+00
5.4706e+01 1.1797e+04 1.0793e-03 7.4379e-01 1.1797e+04 1.2733e+01 1.8663e+00
5.5098e+01 1.1968e+04 1.1570e-03 7.4943e-01 1.1968e+04 1.3847e+01 1.8816e+00
5.5490e+01 1.2100e+04 1.2190e-03 7.5366e-01 1.2100e+04 1.4750e+01 1.8931e+00
5.5882e+01 1.2180e+04 1.2425e-03 7.5381e-01 1.2180e+04 1.5133e+01 1.8939e+00
5.6275e+01 1.2208e+04 1.2338e-03 7.5053e-01 1.2208e+04 1.5062e+01 1.8856e+00
5.6667e+01 1.2231e+04 1.2206e-03 7.4601e-01 1.2231e+04 1.4929e+01 1.8741e+00
5.7059e+01 1.2288e+04 1.2377e-03 7.4526e-01 1.2288e+04 1.5209e+01 1.8726e+00
5.7451e+01 1.2401e+04 1.3007e-03 7.5003e-01 1.2401e+04 1.6131e+01 1.8856e+00
5.7843e+01 1.2550e+04 1.3938e-03 7.5856e-01 1.2550e+04 1.7492e+01 1.9086e+00
5.8235e+01 1.2703e+04 1.4907e-03 7.6785e-01 1.2703e+04 1.8936e+01 1.9337e+00
5.8627e+01 1.2830e+04 1.5707e-03 7.7542e-01 1.2830e+04 2.0152e+01 1.9544e+00
5.9020e+01 1.2920e+04 1.6250e-03 7.8012e-01 1.2920e+04 2.0995e+01 1.9674e+00
5.9412e+01 1.2975e+04 1.6549e-03 7.8205e-01 1.2975e+04 2.1472e+01 1.9729e+00
5.9804e+01 1.3003e+04 1.6675e-03 7.8197e-01 1.3003e+04 2.1683e+01 1.9730e+00
6.0196e+01 1.3017e+04 1.6704e-03 7.8080e-01 1.3017e+04 2.1744e+01 1.9702e+00
6.0588e+01 1.3025e+04 1.6692e-03 7.7919e-01 1.3025e+04 2.1740e+01 1.9661e+00
6.0980e+01 1.3030e+04 1.6666e-03 7.7743e-01 1.3030e+04 2.1715e+01 1.9617e+00
6.1373e+01 1.3034e+04 1.6635e-03 7.7558e-01 1.3034e+04 2.1681e+01 1.9570e+00
6.1765e+01 1.3037e+04 1.6600e-03 7.7367e-01 1.3037e+04 2.1642e+01 1.9521e+00
6.2157e+01 1.3041e+04 1.6561e-03 7.7169e-01 1.3041e+04 2.1597e+01 1.9471e+00
6.2549e+01 1.3043e+04 1.6519e-03 7.6965e-01 1.3043e+04 2.1547e+01 1.9419e+00
6.2941e+01 1.3046e+04 1.6474e-03 7.6753e-01 1.3046e+04 2.1492e+01 1.9365e+00
6.3333e+01 1.3048e+04 1.6426e-03 7.6535e-01 1.3048e+04 2.1433e+01 1.9310e+00
6.3725e+01 1.3049e+04 1.6375e-03 7.6310e-01 1.3049e+04 2.1369e+01 1.9253e+00
6.4118e+01 1.3051e+04 1.6321e-03 7.6079e-01 1.3051e+04 2.1301e+01 1.9193e+00
6.4510e+01 1.3052e+04 1.6264e-03 7.5840e-01 1.3052e+04 2.1228e+01 1.9133e+00
6.4902e+01 1.3053e+04 1.6204e-03 7.5593e-01 1.3053e+04 2.1151e+01 1.9070e+00
6.5294e+01 1.3053e+04 1.6141e-03 7.5339e-01 1.3053e+04 2.1069e+01 1.9005e+00
6.5686e+01 1.3054e+04 1.6075e-03 7.5078e-01 1.3054e+04 2.0983e+01 1.8938e+00
6.6078e+01 1.3054e+04 1.6006e-03 7.4808e-01 1.3054e+04 2.0893e+01 1.8869e+00
6.6471e+01 1.3053e+04 1.5934e-03 7.4531e-01 1.3053e+04 2.0799e+01 1.8798e+00
6.6863e+01 1.3053e+04 1.5859e-03 7.4245e-01 1.3053e+04 2.0700e+01 1.8725e+00
6.7255e+01 1.3052e+04 1.5780e-03 7.3950e-01 1.3052e+04 2.0597e+01 1.8650e+00
6.7647e+01 1.3051e+04 1.5699e-03 7.3646e-01 1.3051e+04 2.0489e+01 1.8572e+00
6.8039e+01 1.3050e+04 1.5615e-03 7.3334e-01 1.3050e+04 2.0378e+01 1.8493e+00
6.8431e+01 1.3048e+04 1.5528e-03 7.3012e-01 1.3048e+04 2.0261e+01 1.8410e+00
6.8824e+01 1.3047e+04 1.5438e-03 7.2680e-01 1.3047e+04 2.0141e+01 1.8325e+00
6.9216e+01 1.3045e+04 1.5344e-03 7.2339e-01 1.3045e+04 2.0016e+01 1.8238e+00
6.9608e+01 1.3043e+04 1.5247e-03 7.1987e-01 1.3043e+04 1.9887e+01 1.8148e+00
7.0000e+01 1.3040e+04 1.5148e-03 7.1625e-01 1.3040e+04 1.9753e+01 1.8056e+00
7.0392e+01 1.3038e+04 1.5045e-03 7.1252e-01 1.3038e+04 1.9615e+01 1.7961e+00
7.0784e+01 1.3035e+04 1.4938e-03 7.0869e-01 1.3035e+04 1.9472e+01 1.7863e+00
7.1176e+01 1.3032e+04 1.4829e-03 7.0474e-01 1.3032e+04 1.9325e+01 1.7762e+00
7.1569e+01 1.3029e+04 1.4716e-03 7.0068e-01 1.3029e+04 1.9173e+01 1.7658e+00
7.1961e+01 1.3025e+04 1.4600e-03 6.9650e-01 1.3025e+04 1.9017e+01 1.7551e+00
7.2353e+01 1.3022e+04 1.4481e-03 6.9220e-01 1.3022e+04 1.8856e+01 1.7442e+00
7.2745e+01 1.3018e+04 1.4358e-03 6.8778e-01 1.3018e+04 1.8691e+01 1.7329e+00
7.3137e+01 1.3014e+04 1.4232e-03 6.8323e-01 1.3014e+04 1.8521e+01 1.7213e+00
7.3529e+01 1.3010e+04 1.4102e-03 6.7856e-01 1.3010e+04 1.8347e+01 1.7093e+00
7.3922e+01 1.3005e+04 1.3969e-03 6.7375e-01 1.3005e+04 1.8168e+01 1.6971e+00
7.4314e+01 1.3001e+04 1.3833e-03 6.6881e-01 1.3001e+04 1.7984e+01 1.6845e+00
7.4706e+01 1.2996e+04 1.3693e-03 6.6373e-01 1.2996e+04 1.7795e+01 1.6715e+00
7.5098e+01 1.2991e+04 1.3549e-03 6.5852e-01 1.2991e+04 1.7602e+01 1.6582e+00
7.5490e+01 1.2986e+04 1.3402e-03 6.5316e-01 1.2986e+04 1.7404e+01 1.6446e+00
7.5882e+01 1.2981e+04 1.3252e-03 6.4765e-01 1.2981e+04 1.7202e+01 1.6305e+00
7.6275e+01 1.2975e+04 1.3097e-03 6.4200e-01 1.2975e+04 1.6994e+01 1.6161e+00
7.6667e+01 1.2970e+04 1.2939e-03 6.3620e-01 1.2970e+04 1.6782e+01 1.6014e+00
7.7059e+01 1.2964e+04 1.2778e-03 6.3024e-01 1.2964e+04 1.6565e+01 1.5862e+00
7.7451e+01 1.2958e+04 1.2613e-03 6.2413e-01 1.2958e+04 1.6343e+01 1.5706e+00
7.7843e+01 1.2952e+04 1.2443e-03 6.1786e-01 1.2952e+04 1.6117e+01 1.5547e+00
7.8235e+01 1.2946e+04 1.2271e-03 6.1142e-01 1.2946e+04 1.5885e+01 1.5383e+00
7.8627e+01 1.2939e+04 1.2094e-03 6.0482e-01 1.2939e+04 1.5649e+01 1.5215e+00
7.9020e+01 1.2932e+04 1.1914e-03 5.9806e-01 1.2932e+04 1.5407e+01 1.5043e+00
7.9412e+01 1.2926e+04 1.1730e-03 5.9112e-01 1.2926e+04 1.5161e+01 1.4867e+00
7.9804e+01 1.2919e+04 1.1541e-03 5.8401e-01 1.2919e+04 1.4910e+01 1.4686e+00
8.0196e+01 1.2911e+04 1.1349e-03 5.7672e-01 1.2911e+04 1.4654e+01 1.4501e+00
8.0588e+01 1.2904e+04 1.1154e-03 5.6925e-01 1.2904e+04 1.4393e+01 1.4312e+00
8.0980e+01 1.2897e+04 1.0954e-03 5.6160e-01 1.2897e+04 1.4126e+01 1.4117e+00
8.1373e+01 1.2889e+04 1.0750e-03 5.5377e-01 1.2889e+04 1.3855e+01 1.3919e+00
8.1765e+01 1.2881e+04 1.0542e-03 5.4574e-01 1.2881e+04 1.3579e+01 1.3715e+00
8.2157e+01 1.2873e+04 1.0330e-03 5.3752e-01 1.2873e+04 1.3298e+01 1.3507e+00
8.2549e+01 1.2865e+04 1.0114e-03 5.2911e-01 1.2865e+04 1.3011e+01 1.3294e+00
8.2941e+01 1.2857e+04 9.8935e-04 5.2050e-01 1.2857e+04 1.2720e+01 1.3075e+00
8.3333e+01 1.2848e+04 9.6690e-04 5.1168e-01 1.2848e+04 1.2423e+01 1.2852e+00
8.3725e+01 1.2840e+04 9.4404e-04 5.0266e-01 1.2840e+04 1.2121e+01 1.2624e+00
8.4118e+01 1.2831e+04 9.2075e-04 4.9343e-01 1.2831e+04 1.1814e+01 1.2390e+00
8.4510e+01 1.2822e+04 8.9703e-04 4.8399e-01 1.2822e+04 1.1502e+01 1.2151e+00
8.4902e+01 1.2813e+04 8.7287e-04 4.7433e-01 1.2813e+04 1.1184e+01 1.1907e+00
8.5294e+01 1.2804e+04 8.4827e-04 4.6445e-01 1.2804e+04 1.0861e+01 1.1657e+00
8.5686e+01 1.2795e+04 8.2322e-04 4.5434e-01 1.2795e+04 1.0533e+01 1.1402e+00
8.6078e+01 1.2785e+04 7.9773e-04 4.4401e-01 1.2785e+04 1.0199e+01 1.1141e+00
8.6471e+01 1.2775e+04 7.7178e-04 4.3344e-01 1.2775e+04 9.8598e+00 1.0874e+00
8.6863e+01 1.2766e+04 7.4536e-04 4.2263e-01 1.2766e+04 9.5150e+00 1.0601e+00
8.7255e+01 1.2756e+04 7.1848e-04 4.1157e-01 1.2756e+04 9.1647e+00 1.0322e+00
8.7647e+01 1.2746e+04 6.9113e-04 4.0027e-01 1.2746e+04 8.8088e+00 1.0037e+00
8.8039e+01 1.2735e+04 6.6329e-04 3.8872e-01 1.2735e+04 8.4472e+00 9.7459e-01
8.8431e+01 1.2725e+04 6.3497e-04 3.7690e-01 1.2725e+04 8.0799e+00 9.4482e-01
8.8824e+01 1.2714e+04 6.0615e-04 3.6482e-01 1.2714e+04 7.7068e+00 9.1439e-01
8.9216e+01 1.2704e+04 5.7683e-04 3.5247e-01 1.2704e+04 7.3279e+00 8.8330e-01
8.9608e+01 1.2693e+04 5.4701e-04 3.3985e-01 1.2693e+04 6.9431e+00 8.5153e-01
9.0000e+01 1.2682e+04 5.1667e-04 3.2695e-01 1.2682e+04 6.5523e+00 8.1906e-01
9.0392e+01 1.2671e+04 4.8581e-04 3.1375e-01 1.2671e+04 6.1554e+00 7.8588e-01
9.0784e+01 1.2659e+04 4.5441e-04 3.0027e-01 1.2659e+04 5.7525e+00 7.5198e-01
9.1176e+01 1.2648e+04 4.2247e-04 2.8648e-01 1.2648e+04 5.3433e+00 7.1733e-01
9.1569e+01 1.2636e+04 3.8999e-04 2.7239e-01 1.2636e+04 4.9280e+00 6.8193e-01
9.1961e+01 1.2624e+04 3.5695e-04 2.5798e-01 1.2624e+04 4.5063e+00 6.4576e-01
9.2353e+01 1.2612e+04 3.2335e-04 2.4325e-01 1.2612e+04 4.0782e+00 6.0879e-01
9.2745e+01 1.2600e+04 2.8918e-04 2.2820e-01 1.2600e+04 3.6437e+00 5.7103e-01
9.3137e+01 1.2588e+04 2.5447e-04 2.1283e-01 1.2588e+04 3.2032e+00 5.3249e-01
9.3529e+01 1.2576e+04 2.1927e-04 1.9717e-01 1.2576e+04 2.7575e+00 4.9322e-01
9.3922e+01 1.2563e+04 1.8379e-04 1.8129e-01 1.2563e+04 2.3090e+00 4.5345e-01
9.4314e+01 1.2551e+04 1.4847e-04 1.6542e-01 1.2551e+04 1.8635e+00 4.1368e-01
9.4706e+01 1.2539e+04 1.1423e-04 1.4997e-01 1.2539e+04 1.4324e+00 3.7502e-01
9.5098e+01 1.2528e+04 8.2557e-05 1.3570e-01 1.2528e+04 1.0343e+00 3.3929e-01
9.5490e+01 1.2519e+04 5.5329e-05 1.2353e-01 1.2519e+04 6.9268e-01 3.0883e-01
9.5882e+01 1.2512e+04 3.4112e-05 1.1420e-01 1.2512e+04 4.2681e-01 2.8552e-01
9.6275e+01 1.2507e+04 1.9364e-05 1.0789e-01 1.2507e+04 2.4219e-01 2.6973e-01
9.6667e+01 1.2504e+04 1.0231e-05 1.0409e-01 1.2504e+04 1.2792e-01 2.6023e-01
9.7059e+01 1.2502e+04 5.1196e-06 1.0202e-01 1.2502e+04 6.4004e-02 2.5505e-01
9.7451e+01 1.2501e+04 2.4713e-06 1.0097e-01 1.2501e+04 3.0893e-02 2.5242e-01
9.7843e+01 1.2500e+04 1.1676e-06 1.0046e-01 1.2500e+04 1.4596e-02 2.5114e-01
9.8235e+01 1.2500e+04 5.4524e-07 1.0021e-01 1.2500e+04 6.8156e-03 2.5053e-01
9.8627e+01 1.2500e+04 2.5315e-07 1.0010e-01 1.2500e+04 3.1644e-03 2.5025e-01
9.9020e+01 1.2500e+04 1.1757e-07 1.0005e-01 1.2500e+04 1.4697e-03 2.5011e-01
9.9412e+01 1.2500e+04 5.5419e-08 1.0002e-01 1.2500e+04 6.9273e-04 2.5005e-01
9.9804e+01 1.2500e+04 2.9230e-08 1.0001e-01 1.2500e+04 3.6537e-04 2.5002e-01
