# # x Density Velocity Pressure q0 q1 q2
1.9608e-01 1.0000e+05 8.3728e-17 1.0000e+00 1.0000e+05 8.3728e-12 2.5000e+00
5.8824e-01 1.0000e+05 1.1018e-16 1.0000e+00 1.0000e+05 1.1018e-11 2.5000e+00
9.8039e-01 1.0000e+05 1.4381e-16 1.0000e+00 1.0000e+05 1.4381e-11 2.5000e+00
1.3725e+00 1.0000e+05 2.0018e-16 1.0000e+00 1.0000e+05 2.0018e-11 2.5000e+00
1.7647e+00 1.0000e+05 2.9158e-16 1.0000e+00 1.0000e+05 2.9158e-11 2.5000e+00
2.1569e+00 1.0000e+05 4.3555e-16 1.0000e+00 1.0000e+05 4.3555e-11 2.5000e+00
2.5490e+00 1.0000e+05 6.5830e-16 1.0000e+00 1.0000e+05 6.5830e-11 2.5000e+00
2.9412e+00 1.0000e+05 1.0002e-15 1.0000e+00 1.0000e+05 1.0002e-10 2.5000e+00
3.3333e+00 1.0000e+05 1.5229e-15 1.0000e+00 1.0000e+05 1.5229e-10 2.5000e+00
3.7255e+00 1.0000e+05 2.3192e-15 1.0000e+00 1.0000e+05 2.3192e-10 2.5000e+00
4.1176e+00 1.0000e+05 3.5265e-15 1.0000e+00 1.0000e+05 3.5265e-10 2.5000e+00
4.5098e+00 1.0000e+05 5.3508e-15 1.0000e+00 1.0000e+05 5.3508e-10 2.5000e+00
4.9020e+00 1.0000e+05 8.0972e-15 1.0000e+00 1.0000e+05 8.0972e-10 2.5000e+00
5.2941e+00 1.0000e+05 1.2217e-14 1.0000e+00 1.0000e+05 1.2217e-09 2.5000e+00
5.6863e+00 1.0000e+05 1.8374e-14 1.0000e+00 1.0000e+05 1.8374e-09 2.5000e+00
6.0784e+00 1.0000e+05 2.7543e-14 1.0000e+00 1.0000e+05 2.7543e-09 2.5000e+00
6.4706e+00 1.0000e+05 4.1147e-14 1.0000e+00 1.0000e+05 4.1147e-09 2.5000e+00
6.8627e+00 1.0000e+05 6.1258e-14 1.0000e+00 1.0000e+05 6.1258e-09 2.5000e+00
7.2549e+00 1.0000e+05 9.0880e-14 1.0000e+00 1.0000e+05 9.0880e-09 2.5000e+00
7.6471e+00 1.0000e+05 1.3435e-13 1.0000e+00 1.0000e+05 1.3435e-08 2.5000e+00
8.0392e+00 1.0000e+05 1.9793e-13 1.0000e+00 1.0000e+05 1.9793e-08 2.5000e+00
8.4314e+00 1.0000e+05 2.9055e-13 1.0000e+00 1.0000e+05 2.9055e-08 2.5000e+00
8.8235e+00 1.0000e+05 4.2500e-13 1.0000e+00 1.0000e+05 4.2500e-08 2.5000e+00
9.2157e+00 1.0000e+05 6.1946e-13 1.0000e+00 1.0000e+05 6.1946e-08 2.5000e+00
9.6078e+00 1.0000e+05 8.9970e-13 1.0000e+00 1.0000e+05 8.9970e-08 2.5000e+00
1.0000e+01 1.0000e+05 1.3021e-12 1.0000e+00 1.0000e+05 1.3021e-07 2.5000e+00
1.0392e+01 1.0000e+05 1.8776e-12 1.0000e+00 1.0000e+05 1.8776e-07 2.5000e+00
1.0784e+01 1.0000e+05 2.6980e-12 1.0000e+00 1.0000e+05 2.6980e-07 2.5000e+00
1.1176e+01 1.0000e+05 3.8630e-12 1.0000e+00 1.0000e+05 3.8630e-07 2.5000e+00
1.1569e+01 1.0000e+05 5.5113e-12 1.0000e+00 1.0000e+05 5.5113e-07 2.5000e+00
1.1961e+01 1.0000e+05 7.8347e-12 1.0000e+00 1.0000e+05 7.8347e-07 2.5000e+00
1.2353e+01 1.0000e+05 1.1098e-11 1.0000e+00 1.0000e+05 1.1098e-06 2.5000e+00
1.2745e+01 1.0000e+05 1.5664e-11 1.0000e+00 1.0000e+05 1.5664e-06 2.5000e+00
1.3137e+01 1.0000e+05 2.2029e-11 1.0000e+00 1.0000e+05 2.2029e-06 2.5000e+00
1.3529e+01 1.0000e+05 3.0870e-11 1.0000e+00 1.0000e+05 3.0870e-06 2.5000e+00
1.3922e+01 1.0000e+05 4.3104e-11 1.0000e+00 1.0000e+05 4.3104e-06 2.5000e+00
1.4314e+01 1.0000e+05 5.9971e-11 1.0000e+00 1.0000e+05 5.9971e-06 2.5000e+00
1.4706e+01 1.0000e+05 8.3138e-11 1.0000e+00 1.0000e+05 8.3138e-06 2.5000e+00
1.5098e+01 1.0000e+05 1.1484e-10 1.0000e+00 1.0000e+05 1.1484e-05 2.5000e+00
1.5490e+01 1.0000e+05 1.5806e-10 1.0000e+00 1.0000e+05 1.5806e-05 2.5000e+00
1.5882e+01 1.0000e+05 2.1677e-10 1.0000e+00 1.0000e+05 2.1677e-05 2.5000e+00
1.6275e+01 1.0000e+05 2.9622e-10 1.0000e+00 1.0000e+05 2.9622e-05 2.5000e+00
1.6667e+01 1.0000e+05 4.0333e-10 1.0000e+00 1.0000e+05 4.0333e-05 2.5000e+00
1.7059e+01 1.0000e+05 5.4720e-10 1.0000e+00 1.0000e+05 5.4720e-05 2.5000e+00
1.7451e+01 1.0000e+05 7.3972e-10 1.0000e+00 1.0000e+05 7.3972e-05 2.5000e+00
1.7843e+01 1.0000e+05 9.9638e-10 1.0000e+00 1.0000e+05 9.9638e-05 2.5000e+00
1.8235e+01 1.0000e+05 1.3373e-09 1.0000e+00 1.0000e+05 1.3373e-04 2.5000e+00
1.8627e+01 1.0000e+05 1.7883e-09 1.0000e+00 1.0000e+05 1.7883e-04 2.5000e+00
1.9020e+01 1.0000e+05 2.3829e-09 1.0000e+00 1.0000e+05 2.3829e-04 2.5000e+00
1.9412e+01 1.0000e+05 3.1638e-09 9.9999e-01 1.0000e+05 3.1638e-04 2.5000e+00
1.9804e+01 1.0000e+05 4.1855e-09 9.9999e-01 1.0000e+05 4.1855e-04 2.5000e+00
2.0196e+01 1.0000e+05 5.5172e-09 9.9999e-01 1.0000e+05 5.5172e-04 2.5000e+00
2.0588e+01 1.0000e+05 7.2466e-09 9.9999e-01 1.0000e+05 7.2466e-04 2.5000e+00
2.0980e+01 1.0000e+05 9.4839e-09 9.9998e-01 1.0000e+05 9.4839e-04 2.5000e+00
2.1373e+01 1.0000e+05 1.2368e-08 9.9998e-01 1.0000e+05 1.2367e-03 2.4999e+00
2.1765e+01 1.0000e+05 1.6070e-08 9.9997e-01 1.0000e+05 1.6070e-03 2.4999e+00
2.2157e+01 1.0000e+05 2.0806e-08 9.9996e-01 1.0000e+05 2.0806e-03 2.4999e+00
2.2549e+01 1.0000e+05 2.6842e-08 9.9995e-01 1.0000e+05 2.6842e-03 2.4999e+00
2.2941e+01 1.0000e+05 3.4504e-08 9.9994e-01 1.0000e+05 3.4504e-03 2.4999e+00
2.3333e+01 1.0000e+05 4.4196e-08 9.9993e-01 1.0000e+05 4.4196e-03 2.4998e+00
2.3725e+01 1.0000e+05 5.6408e-08 9.9991e-01 1.0000e+05 5.6408e-03 2.4998e+00
2.4118e+01 1.0000e+05 7.1738e-08 9.9988e-01 1.0000e+05 7.1738e-03 2.4997e+00
2.4510e+01 9.9999e+04 9.0910e-08 9.9985e-01 9.9999e+04 9.0909e-03 2.4996e+00
2.4902e+01 9.9999e+04 1.1480e-07 9.9982e-01 9.9999e+04 1.1479e-02 2.4995e+00
2.5294e+01 9.9999e+04 1.4444e-07 9.9977e-01 9.9999e+04 1.4444e-02 2.4994e+00
2.5686e+01 9.9999e+04 1.8110e-07 9.9972e-01 9.9999e+04 1.8110e-02 2.4993e+00
2.6078e+01 9.9999e+04 2.2626e-07 9.9965e-01 9.9999e+04 2.2626e-02 2.4991e+00
2.6471e+01 9.9998e+04 2.8168e-07 9.9957e-01 9.9998e+04 2.8168e-02 2.4989e+00
2.6863e+01 9.9998e+04 3.4945e-07 9.9948e-01 9.9998e+04 3.4944e-02 2.4987e+00
2.7255e+01 9.9997e+04 4.3199e-07 9.9936e-01 9.9997e+04 4.3198e-02 2.4984e+00
2.7647e+01 9.9996e+04 5.3215e-07 9.9922e-01 9.9996e+04 5.3214e-02 2.4981e+00
2.8039e+01 9.9996e+04 6.5325e-07 9.9906e-01 9.9996e+04 6.5322e-02 2.4976e+00
2.8431e+01 9.9994e+04 7.9911e-07 9.9886e-01 9.9994e+04 7.9906e-02 2.4972e+00
2.8824e+01 9.9993e+04 9.7413e-07 9.9863e-01 9.9993e+04 9.7406e-02 2.4966e+00
2.9216e+01 9.9992e+04 1.1834e-06 9.9836e-01 9.9992e+04 1.1833e-01 2.4959e+00
2.9608e+01 9.9990e+04 1.4326e-06 9.9804e-01 9.9990e+04 1.4324e-01 2.4951e+00
3.0000e+01 9.9987e+04 1.7283e-06 9.9767e-01 9.9987e+04 1.7280e-01 2.4942e+00
3.0392e+01 9.9985e+04 2.0778e-06 9.9724e-01 9.9985e+04 2.0775e-01 2.4931e+00
3.0784e+01 9.9981e+04 2.4896e-06 9.9674e-01 9.9981e+04 2.4891e-01 2.4918e+00
3.1176e+01 9.9977e+04 2.9728e-06 9.9616e-01 9.9977e+04 2.9721e-01 2.4904e+00
3.1569e+01 9.9973e+04 3.5377e-06 9.9549e-01 9.9973e+04 3.5367e-01 2.4887e+00
3.1961e+01 9.9967e+04 4.1957e-06 9.9473e-01 9.9967e+04 4.1943e-01 2.4868e+00
3.2353e+01 9.9961e+04 4.9594e-06 9.9386e-01 9.9961e+04 4.9574e-01 2.4847e+00
3.2745e+01 9.9953e+04 5.8425e-06 9.9287e-01 9.9953e+04 5.8398e-01 2.4822e+00
3.3137e+01 9.9945e+04 6.8600e-06 9.9175e-01 9.9945e+04 6.8562e-01 2.4794e+00
3.3529e+01 9.9934e+04 8.0280e-06 9.9049e-01 9.9934e+04 8.0227e-01 2.4762e+00
3.3922e+01 9.9922e+04 9.3641e-06 9.8908e-01 9.9922e+04 9.3568e-01 2.4727e+00
3.4314e+01 9.9909e+04 1.0887e-05 9.8749e-01 9.9909e+04 1.0877e+00 2.4687e+00
3.4706e+01 9.9893e+04 1.2616e-05 9.8573e-01 9.9893e+04 1.2603e+00 2.4643e+00
3.5098e+01 9.9874e+04 1.4573e-05 9.8377e-01 9.9874e+04 1.4555e+00 2.4594e+00
3.5490e+01 9.9853e+04 1.6780e-05 9.8160e-01 9.9853e+04 1.6755e+00 2.4540e+00
3.5882e+01 9.9829e+04 1.9259e-05 9.7921e-01 9.9829e+04 1.9227e+00 2.4480e+00
3.6275e+01 9.9802e+04 2.2036e-05 9.7659e-01 9.9802e+04 2.1992e+00 2.4415e+00
3.6667e+01 9.9771e+04 2.5134e-05 9.7372e-01 9.9771e+04 2.5077e+00 2.4343e+00
3.7059e+01 9.9736e+04 2.8580e-05 9.7060e-01 9.9736e+04 2.8504e+00 2.4265e+00
3.7451e+01 9.9696e+04 3.2398e-05 9.6721e-01 9.9696e+04 3.2300e+00 2.4181e+00
3.7843e+01 9.9652e+04 3.6615e-05 9.6355e-01 9.9652e+04 3.6488e+00 2.4090e+00
3.8235e+01 9.9602e+04 4.1257e-05 9.5961e-01 9.9602e+04 4.1093e+00 2.3991e+00
3.8627e+01 9.9547e+04 4.6350e-05 9.5538e-01 9.9547e+04 4.6140e+00 2.3886e+00
3.9020e+01 9.9485e+04 5.1918e-05 9.5087e-01 9.9485e+04 5.1651e+00 2.3773e+00
3.9412e+01 9.9417e+04 5.7987e-05 9.4606e-01 9.9417e+04 5.7649e+00 2.3653e+00
3.9804e+01 9.9341e+04 6.4580e-05 9.4095e-01 9.9341e+04 6.4154e+00 2.3526e+00
4.0196e+01 9.9257e+04 7.1719e-05 9.3556e-01 9.9257e+04 7.1186e+00 2.3392e+00
4.0588e+01 9.9166e+04 7.9424e-05 9.2988e-01 9.9166e+04 7.8761e+00 2.3250e+00
4.0980e+01 9.9065e+04 8.7713e-05 9.2392e-01 9.9065e+04 8.6893e+00 2.3102e+00
4.1373e+01 9.8955e+04 9.6604e-05 9.1769e-01 9.8955e+04 9.5595e+00 2.2947e+00
4.1765e+01 9.8835e+04 1.0611e-04 9.1120e-01 9.8835e+04 1.0487e+01 2.2786e+00
4.2157e+01 9.8706e+04 1.1624e-04 9.0447e-01 9.8706e+04 1.1474e+01 2.2618e+00
4.2549e+01 9.8565e+04 1.2701e-04 8.9751e-01 9.8565e+04 1.2519e+01 2.2446e+00
4.2941e+01 9.8413e+04 1.3843e-04 8.9034e-01 9.8413e+04 1.3623e+01 2.2268e+00
4.3333e+01 9.8249e+04 1.5044e-04 8.8296e-01 9.8249e+04 1.4780e+01 2.2085e+00
4.3725e+01 9.8077e+04 1.6325e-04 8.7548e-01 9.8077e+04 1.6011e+01 2.1900e+00
4.4118e+01 9.7877e+04 1.7616e-04 8.6766e-01 9.7877e+04 1.7242e+01 2.1707e+00
4.4510e+01 9.7710e+04 1.9131e-04 8.6027e-01 9.7710e+04 1.8693e+01 2.1525e+00
4.4902e+01 9.7407e+04 2.0266e-04 8.5129e-01 9.7407e+04 1.9741e+01 2.1302e+00
4.5294e+01 9.7397e+04 2.2558e-04 8.4597e-01 9.7397e+04 2.1971e+01 2.1174e+00
4.5686e+01 9.6684e+04 2.2435e-04 8.3224e-01 9.6684e+04 2.1691e+01 2.0830e+00
4.6078e+01 9.7342e+04 2.7303e-04 8.3514e-01 9.7342e+04 2.6577e+01 2.0915e+00
4.6471e+01 9.5559e+04 2.3555e-04 8.0904e-01 9.5559e+04 2.2509e+01 2.0253e+00
4.6863e+01 9.7400e+04 3.2793e-04 8.2604e-01 9.7400e+04 3.1941e+01 2.0703e+00
4.7255e+01 9.4728e+04 2.6181e-04 7.9049e-01 9.4728e+04 2.4801e+01 1.9795e+00
4.7647e+01 9.6379e+04 3.4875e-04 8.0511e-01 9.6379e+04 3.3612e+01 2.0186e+00
4.8039e+01 9.5063e+04 3.3426e-04 7.8666e-01 9.5063e+04 3.1776e+01 1.9719e+00
4.8431e+01 9.4839e+04 3.5773e-04 7.8053e-01 9.4839e+04 3.3926e+01 1.9574e+00
4.8824e+01 9.5285e+04 3.7185e-04 7.7141e-01 9.5285e+04 3.5432e+01 1.9351e+00
4.9216e+01 8.7747e+04 4.1373e-04 7.7141e-01 8.7747e+04 3.6303e+01 1.9360e+00
4.9608e+01 1.2415e+05 4.1366e-04 7.5669e-01 1.2415e+05 5.1354e+01 1.9023e+00
5.0000e+01 4.6216e+04 4.2897e-04 7.5205e-01 4.6216e+04 1.9825e+01 1.8844e+00
5.0392e+01 1.5890e+04 4.5298e-04 7.5044e-01 1.5890e+04 7.1976e+00 1.8777e+00
5.0784e+01 9.4377e+03 4.7641e-04 7.4541e-01 9.4377e+03 4.4962e+00 1.8646e+00
5.1176e+01 9.0155e+03 6.1141e-04 7.4775e-01 9.0155e+03 5.5122e+00 1.8711e+00
5.1569e+01 9.4540e+03 7.5277e-04 7.5156e-01 9.4540e+03 7.1167e+00 1.8816e+00
5.1961e+01 1.0071e+04 7.9759e-04 7.4739e-01 1.0071e+04 8.0323e+00 1.8717e+00
5.2353e+01 1.0459e+04 8.1570e-04 7.4213e-01 1.0459e+04 8.5317e+00 1.8588e+00
5.2745e+01 1.0903e+04 9.0158e-04 7.4506e-01 1.0903e+04 9.8296e+00 1.8671e+00
5.3137e+01 1.1214e+04 1.0028e-03 7.5077e-01 1.1214e+04 1.1245e+01 1.8826e+00
5.3529e+01 1.1451e+04 1.0451e-03 7.5087e-01 1.1451e+04 1.1967e+01 1.8834e+00
5.3922e+01 1.1549e+04 1.0328e-03 7.4563e-01 1.1549e+04 1.1928e+01 1.8702e+00
5.4314e+01 1.1656e+04 1.0299e-03 7.4152e-01 1.1656e+04 1.2005e+01 1.8600e+00
5.4706e+01 1.1786e+04 1.0744e-03 7.4310e-01 1.1786e+04 1.2663e+01 1.8646e+00
5.5098e+01 1.1955e+04 1.1507e-03 7.4858e-01 1.1955e+04 1.3757e+01 1.8794e+00
5.5490e+01 1.2091e+04 1.2158e-03 7.5317e-01 1.2091e+04 1.4701e+01 1.8919e+00
5.5882e+01 1.2178e+04 1.2438e-03 7.5384e-01 1.2178e+04 1.5147e+01 1.8940e+00
5.6275e+01 1.2209e+04 1.2379e-03 7.5087e-01 1.2209e+04 1.5114e+01 1.8865e+00
5.6667e+01 1.2230e+04 1.2235e-03 7.4626e-01 1.2230e+04 1.4964e+01 1.8748e+00
5.7059e+01 1.2281e+04 1.2354e-03 7.4492e-01 1.2281e+04 1.5171e+01 1.8717e+00
5.7451e+01 1.2387e+04 1.2929e-03 7.4905e-01 1.2387e+04 1.6015e+01 1.8830e+00
5.7843e+01 1.2532e+04 1.3832e-03 7.5724e-01 1.2532e+04 1.7334e+01 1.9051e+00
5.8235e+01 1.2685e+04 1.4805e-03 7.6655e-01 1.2685e+04 1.8781e+01 1.9303e+00
5.8627e+01 1.2816e+04 1.5631e-03 7.7441e-01 1.2816e+04 2.0034e+01 1.9517e+00
5.9020e+01 1.2911e+04 1.6207e-03 7.7950e-01 1.2911e+04 2.0926e+01 1.9657e+00
5.9412e+01 1.2970e+04 1.6534e-03 7.8176e-01 1.2970e+04 2.1445e+01 1.9721e+00
5.9804e+01 1.3002e+04 1.6678e-03 7.8190e-01 1.3002e+04 2.1685e+01 1.9728e+00
6.0196e+01 1.3017e+04 1.6717e-03 7.8085e-01 1.3017e+04 2.1760e+01 1.9703e+00
6.0588e+01 1.3025e+04 1.6708e-03 7.7928e-01 1.3025e+04 2.1762e+01 1.9664e+00
6.0980e+01 1.3030e+04 1.6684e-03 7.7754e-01 1.3030e+04 2.1739e+01 1.9620e+00
6.1373e+01 1.3034e+04 1.6654e-03 7.7571e-01 1.3034e+04 2.1707e+01 1.9574e+00
6.1765e+01 1.3038e+04 1.6619e-03 7.7382e-01 1.3038e+04 2.1668e+01 1.9526e+00
6.2157e+01 1.3041e+04 1.6581e-03 7.7186e-01 1.3041e+04 2.1624e+01 1.9476e+00
6.2549e+01 1.3044e+04 1.6540e-03 7.6984e-01 1.3044e+04 2.1575e+01 1.9424e+00
6.2941e+01 1.3046e+04 1.6496e-03 7.6775e-01 1.3046e+04 2.1522e+01 1.9371e+00
6.3333e+01 1.3049e+04 1.6449e-03 7.6559e-01 1.3049e+04 2.1463e+01 1.9316e+00
6.3725e+01 1.3050e+04 1.6398e-03 7.6336e-01 1.3050e+04 2.1401e+01 1.9259e+00
6.4118e+01 1.3052e+04 1.6345e-03 7.6106e-01 1.3052e+04 2.1333e+01 1.9201e+00
6.4510e+01 1.3053e+04 1.6289e-03 7.5870e-01 1.3053e+04 2.1262e+01 1.9141e+00
6.4902e+01 1.3054e+04 1.6229e-03 7.5626e-01 1.3054e+04 2.1186e+01 1.9078e+00
6.5294e+01 1.3054e+04 1.6167e-03 7.5375e-01 1.3054e+04 2.1105e+01 1.9014e+00
6.5686e+01 1.3055e+04 1.6102e-03 7.5116e-01 1.3055e+04 2.1021e+01 1.8948e+00
6.6078e+01 1.3055e+04 1.6034e-03 7.4849e-01 1.3055e+04 2.0932e+01 1.8880e+00
6.6471e+01 1.3055e+04 1.5962e-03 7.4574e-01 1.3055e+04 2.0838e+01 1.8810e+00
6.6863e+01 1.3054e+04 1.5888e-03 7.4291e-01 1.3054e+04 2.0741e+01 1.8738e+00
6.7255e+01 1.3053e+04 1.5811e-03 7.3999e-01 1.3053e+04 2.0639e+01 1.8663e+00
6.7647e+01 1.3052e+04 1.5731e-03 7.3699e-01 1.3052e+04 2.0533e+01 1.8586e+00
6.8039e+01 1.3051e+04 1.5648e-03 7.3390e-01 1.3051e+04 2.0422e+01 1.8507e+00
6.8431e+01 1.3050e+04 1.5561e-03 7.3071e-01 1.3050e+04 2.0307e+01 1.8426e+00
6.8824e+01 1.3048e+04 1.5472e-03 7.2743e-01 1.3048e+04 2.0188e+01 1.8342e+00
6.9216e+01 1.3046e+04 1.5380e-03 7.2406e-01 1.3046e+04 2.0065e+01 1.8256e+00
6.9608e+01 1.3044e+04 1.5284e-03 7.2058e-01 1.3044e+04 1.9937e+01 1.8167e+00
7.0000e+01 1.3042e+04 1.5185e-03 7.1700e-01 1.3042e+04 1.9805e+01 1.8075e+00
7.0392e+01 1.3039e+04 1.5083e-03 7.1331e-01 1.3039e+04 1.9668e+01 1.7981e+00
7.0784e+01 1.3037e+04 1.4978e-03 7.0952e-01 1.3037e+04 1.9527e+01 1.7884e+00
7.1176e+01 1.3034e+04 1.4870e-03 7.0562e-01 1.3034e+04 1.9381e+01 1.7785e+00
7.1569e+01 1.3031e+04 1.4758e-03 7.0160e-01 1.3031e+04 1.9231e+01 1.7682e+00
7.1961e+01 1.3027e+04 1.4643e-03 6.9747e-01 1.3027e+04 1.9077e+01 1.7576e+00
7.2353e+01 1.3024e+04 1.4525e-03 6.9322e-01 1.3024e+04 1.8918e+01 1.7468e+00
7.2745e+01 1.3020e+04 1.4404e-03 6.8885e-01 1.3020e+04 1.8754e+01 1.7356e+00
7.3137e+01 1.3016e+04 1.4279e-03 6.8436e-01 1.3016e+04 1.8586e+01 1.7242e+00
7.3529e+01 1.3012e+04 1.4151e-03 6.7973e-01 1.3012e+04 1.8413e+01 1.7124e+00
7.3922e+01 1.3008e+04 1.4019e-03 6.7498e-01 1.3008e+04 1.8236e+01 1.7002e+00
7.4314e+01 1.3003e+04 1.3884e-03 6.7010e-01 1.3003e+04 1.8054e+01 1.6878e+00
7.4706e+01 1.2999e+04 1.3745e-03 6.6508e-01 1.2999e+04 1.7867e+01 1.6750e+00
7.5098e+01 1.2994e+04 1.3603e-03 6.5993e-01 1.2994e+04 1.7676e+01 1.6618e+00
7.5490e+01 1.2989e+04 1.3458e-03 6.5463e-01 1.2989e+04 1.7480e+01 1.6483e+00
7.5882e+01 1.2983e+04 1.3308e-03 6.4919e-01 1.2983e+04 1.7279e+01 1.6345e+00
7.6275e+01 1.2978e+04 1.3156e-03 6.4361e-01 1.2978e+04 1.7074e+01 1.6202e+00
7.6667e+01 1.2973e+04 1.2999e-03 6.3787e-01 1.2973e+04 1.6863e+01 1.6056e+00
7.7059e+01 1.2967e+04 1.2839e-03 6.3198e-01 1.2967e+04 1.6648e+01 1.5907e+00
7.7451e+01 1.2961e+04 1.2676e-03 6.2594e-01 1.2961e+04 1.6429e+01 1.5753e+00
7.7843e+01 1.2955e+04 1.2508e-03 6.1975e-01 1.2955e+04 1.6204e+01 1.5595e+00
7.8235e+01 1.2948e+04 1.2337e-03 6.1339e-01 1.2948e+04 1.5975e+01 1.5433e+00
7.8627e+01 1.2942e+04 1.2162e-03 6.0687e-01 1.2942e+04 1.5740e+01 1.5267e+00
7.9020e+01 1.2935e+04 1.1984e-03 6.0018e-01 1.2935e+04 1.5501e+01 1.5097e+00
7.9412e+01 1.2929e+04 1.1801e-03 5.9332e-01 1.2929e+04 1.5257e+01 1.4923e+00
7.9804e+01 1.2922e+04 1.1615e-03 5.8630e-01 1.2922e+04 1.5008e+01 1.4745e+00
8.0196e+01 1.2915e+04 1.1424e-03 5.7909e-01 1.2915e+04 1.4754e+01 1.4562e+00
8.0588e+01 1.2907e+04 1.1230e-03 5.7171e-01 1.2907e+04 1.4496e+01 1.4374e+00
8.0980e+01 1.2900e+04 1.1032e-03 5.6415e-01 1.2900e+04 1.4232e+01 1.4182e+00
8.1373e+01 1.2892e+04 1.0830e-03 5.5641e-01 1.2892e+04 1.3963e+01 1.3986e+00
8.1765e+01 1.2885e+04 1.0624e-03 5.4848e-01 1.2885e+04 1.3689e+01 1.3785e+00
8.2157e+01 1.2877e+04 1.0414e-03 5.4036e-01 1.2877e+04 1.3410e+01 1.3579e+00
8.2549e+01 1.2869e+04 1.0200e-03 5.3204e-01 1.2869e+04 1.3126e+01 1.3368e+00
8.2941e+01 1.2861e+04 9.9819e-04 5.2353e-01 1.2861e+04 1.2837e+01 1.3152e+00
8.3333e+01 1.2852e+04 9.7595e-04 5.1482e-01 1.2852e+04 1.2543e+01 1.2932e+00
8.3725e+01 1.2844e+04 9.5330e-04 5.0591e-01 1.2844e+04 1.2244e+01 1.2706e+00
8.4118e+01 1.2835e+04 9.3022e-04 4.9679e-01 1.2835e+04 1.1939e+01 1.2475e+00
8.4510e+01 1.2826e+04 9.0671e-04 4.8746e-01 1.2826e+04 1.1630e+01 1.2239e+00
8.4902e+01 1.2817e+04 8.8277e-04 4.7791e-01 1.2817e+04 1.1315e+01 1.1998e+00
8.5294e+01 1.2808e+04 8.5840e-04 4.6815e-01 1.2808e+04 1.0994e+01 1.1751e+00
8.5686e+01 1.2799e+04 8.3358e-04 4.5816e-01 1.2799e+04 1.0669e+01 1.1499e+00
8.6078e+01 1.2789e+04 8.0832e-04 4.4795e-01 1.2789e+04 1.0338e+01 1.1241e+00
8.6471e+01 1.2780e+04 7.8261e-04 4.3751e-01 1.2780e+04 1.0002e+01 1.0977e+00
8.6863e+01 1.2770e+04 7.5644e-04 4.2683e-01 1.2770e+04 9.6597e+00 1.0707e+00
8.7255e+01 1.2760e+04 7.2980e-04 4.1591e-01 1.2760e+04 9.3124e+00 1.0432e+00
8.7647e+01 1.2750e+04 7.0270e-04 4.0474e-01 1.2750e+04 8.9595e+00 1.0150e+00
8.8039e+01 1.2740e+04 6.7512e-04 3.9333e-01 1.2740e+04 8.6010e+00 9.8622e-01
8.8431e+01 1.2730e+04 6.4706e-04 3.8166e-01 1.2730e+04 8.2368e+00 9.5681e-01
8.8824e+01 1.2719e+04 6.1851e-04 3.6973e-01 1.2719e+04 7.8669e+00 9.2675e-01
8.9216e+01 1.2708e+04 5.8947e-04 3.5753e-01 1.2708e+04 7.4912e+00 8.9604e-01
8.9608e+01 1.2698e+04 5.5992e-04 3.4507e-01 1.2698e+04 7.1097e+00 8.6466e-01
9.0000e+01 1.2687e+04 5.2987e-04 3.3232e-01 1.2687e+04 6.7223e+00 8.3259e-01
9.0392e+01 1.2676e+04 4.9929e-04 3.1930e-01 1.2676e+04 6.3289e+00 7.9982e-01
9.0784e+01 1.2664e+04 4.6820e-04 3.0598e-01 1.2664e+04 5.9294e+00 7.6634e-01
9.1176e+01 1.2653e+04 4.3657e-04 2.9237e-01 1.2653e+04 5.5239e+00 7.3213e-01
9.1569e+01 1.2641e+04 4.0440e-04 2.7846e-01 1.2641e+04 5.1121e+00 6.9717e-01
9.1961e+01 1.2630e+04 3.7167e-04 2.6423e-01 1.2630e+04 4.6941e+00 6.6146e-01
9.2353e+01 1.2618e+04 3.3839e-04 2.4970e-01 1.2618e+04 4.2698e+00 6.2496e-01
9.2745e+01 1.2606e+04 3.0455e-04 2.3484e-01 1.2606e+04 3.8391e+00 5.8768e-01
9.3137e+01 1.2594e+04 2.7016e-04 2.1966e-01 1.2594e+04 3.4023e+00 5.4961e-01
9.3529e+01 1.2581e+04 2.3524e-04 2.0418e-01 1.2581e+04 2.9597e+00 5.1079e-01
9.3922e+01 1.2569e+04 1.9994e-04 1.8843e-01 1.2569e+04 2.5130e+00 4.7133e-01
9.4314e+01 1.2557e+04 1.6454e-04 1.7257e-01 1.2557e+04 2.0661e+00 4.3160e-01
9.4706e+01 1.2545e+04 1.2973e-04 1.5691e-01 1.2545e+04 1.6274e+00 3.9237e-01
9.5098e+01 1.2533e+04 9.6713e-05 1.4203e-01 1.2533e+04 1.2121e+00 3.5513e-01
9.5490e+01 1.2523e+04 6.7249e-05 1.2881e-01 1.2523e+04 8.4218e-01 3.2205e-01
9.5882e+01 1.2515e+04 4.3145e-05 1.1813e-01 1.2515e+04 5.3997e-01 2.9533e-01
9.6275e+01 1.2509e+04 2.5448e-05 1.1046e-01 1.2509e+04 3.1833e-01 2.7616e-01
9.6667e+01 1.2505e+04 1.3886e-05 1.0559e-01 1.2505e+04 1.7364e-01 2.6398e-01
9.7059e+01 1.2503e+04 7.1153e-06 1.0282e-01 1.2503e+04 8.8959e-02 2.5705e-01
9.7451e+01 1.2501e+04 3.4882e-06 1.0137e-01 1.2501e+04 4.3607e-02 2.5342e-01
9.7843e+01 1.2501e+04 1.6636e-06 1.0065e-01 1.2501e+04 2.0796e-02 2.5162e-01
9.8235e+01 1.2500e+04 7.8112e-07 1.0030e-01 1.2500e+04 9.7642e-03 2.5076e-01
9.8627e+01 1.2500e+04 3.6392e-07 1.0014e-01 1.2500e+04 4.5491e-03 2.5035e-01
9.9020e+01 1.2500e+04 1.6944e-07 1.0007e-01 1.2500e+04 2.1180e-03 2.5016e-01
9.9412e+01 1.2500e+04 8.0024e-08 1.0003e-01 1.2500e+04 1.0003e-03 2.5007e-01
9.9804e+01 1.2500e+04 4.2293e-08 1.0001e-01 1.2500e+04 5.2866e-04 2.5003e-01
