# # x Density Velocity Pressure q0 q1 q2
1.9608e-01 1.0000e+05 8.6130e-17 1.0000e+00 1.0000e+05 8.6130e-12 2.5000e+00
5.8824e-01 1.0000e+05 1.1321e-16 1.0000e+00 1.0000e+05 1.1321e-11 2.5000e+00
9.8039e-01 1.0000e+05 1.4774e-16 1.0000e+00 1.0000e+05 1.4774e-11 2.5000e+00
1.3725e+00 1.0000e+05 2.0571e-16 1.0000e+00 1.0000e+05 2.0571e-11 2.5000e+00
1.7647e+00 1.0000e+05 2.9967e-16 1.0000e+00 1.0000e+05 2.9967e-11 2.5000e+00
2.1569e+00 1.0000e+05 4.4766e-16 1.0000e+00 1.0000e+05 4.4766e-11 2.5000e+00
2.5490e+00 1.0000e+05 6.7660e-16 1.0000e+00 1.0000e+05 6.7660e-11 2.5000e+00
2.9412e+00 1.0000e+05 1.0279e-15 1.0000e+00 1.0000e+05 1.0279e-10 2.5000e+00
3.3333e+00 1.0000e+05 1.5647e-15 1.0000e+00 1.0000e+05 1.5647e-10 2.5000e+00
3.7255e+00 1.0000e+05 2.3823e-15 1.0000e+00 1.0000e+05 2.3823e-10 2.5000e+00
4.1176e+00 1.0000e+05 3.6213e-15 1.0000e+00 1.0000e+05 3.6213e-10 2.5000e+00
4.5098e+00 1.0000e+05 5.4926e-15 1.0000e+00 1.0000e+05 5.4926e-10 2.5000e+00
4.9020e+00 1.0000e+05 8.3086e-15 1.0000e+00 1.0000e+05 8.3086e-10 2.5000e+00
5.2941e+00 1.0000e+05 1.2531e-14 1.0000e+00 1.0000e+05 1.2531e-09 2.5000e+00
5.6863e+00 1.0000e+05 1.8839e-14 1.0000e+00 1.0000e+05 1.8839e-09 2.5000e+00
6.0784e+00 1.0000e+05 2.8228e-14 1.0000e+00 1.0000e+05 2.8228e-09 2.5000e+00
6.4706e+00 1.0000e+05 4.2154e-14 1.0000e+00 1.0000e+05 4.2154e-09 2.5000e+00
6.8627e+00 1.0000e+05 6.2731e-14 1.0000e+00 1.0000e+05 6.2731e-09 2.5000e+00
7.2549e+00 1.0000e+05 9.3028e-14 1.0000e+00 1.0000e+05 9.3028e-09 2.5000e+00
7.6471e+00 1.0000e+05 1.3747e-13 1.0000e+00 1.0000e+05 1.3747e-08 2.5000e+00
8.0392e+00 1.0000e+05 2.0244e-13 1.0000e+00 1.0000e+05 2.0244e-08 2.5000e+00
8.4314e+00 1.0000e+05 2.9706e-13 1.0000e+00 1.0000e+05 2.9706e-08 2.5000e+00
8.8235e+00 1.0000e+05 4.3436e-13 1.0000e+00 1.0000e+05 4.3436e-08 2.5000e+00
9.2157e+00 1.0000e+05 6.3286e-13 1.0000e+00 1.0000e+05 6.3286e-08 2.5000e+00
9.6078e+00 1.0000e+05 9.1881e-13 1.0000e+00 1.0000e+05 9.1881e-08 2.5000e+00
1.0000e+01 1.0000e+05 1.3292e-12 1.0000e+00 1.0000e+05 1.3292e-07 2.5000e+00
1.0392e+01 1.0000e+05 1.9161e-12 1.0000e+00 1.0000e+05 1.9161e-07 2.5000e+00
1.0784e+01 1.0000e+05 2.7522e-12 1.0000e+00 1.0000e+05 2.7522e-07 2.5000e+00
1.1176e+01 1.0000e+05 3.9391e-12 1.0000e+00 1.0000e+05 3.9391e-07 2.5000e+00
1.1569e+01 1.0000e+05 5.6178e-12 1.0000e+00 1.0000e+05 5.6178e-07 2.5000e+00
1.1961e+01 1.0000e+05 7.9832e-12 1.0000e+00 1.0000e+05 7.9832e-07 2.5000e+00
1.2353e+01 1.0000e+05 1.1304e-11 1.0000e+00 1.0000e+05 1.1304e-06 2.5000e+00
1.2745e+01 1.0000e+05 1.5949e-11 1.0000e+00 1.0000e+05 1.5949e-06 2.5000e+00
1.3137e+01 1.0000e+05 2.2422e-11 1.0000e+00 1.0000e+05 2.2422e-06 2.5000e+00
1.3529e+01 1.0000e+05 3.1410e-11 1.0000e+00 1.0000e+05 3.1410e-06 2.5000e+00
1.3922e+01 1.0000e+05 4.3843e-11 1.0000e+00 1.0000e+05 4.3843e-06 2.5000e+00
1.4314e+01 1.0000e+05 6.0978e-11 1.0000e+00 1.0000e+05 6.0978e-06 2.5000e+00
1.4706e+01 1.0000e+05 8.4505e-11 1.0000e+00 1.0000e+05 8.4505e-06 2.5000e+00
1.5098e+01 1.0000e+05 1.1669e-10 1.0000e+00 1.0000e+05 1.1669e-05 2.5000e+00
1.5490e+01 1.0000e+05 1.6056e-10 1.0000e+00 1.0000e+05 1.6056e-05 2.5000e+00
1.5882e+01 1.0000e+05 2.2012e-10 1.0000e+00 1.0000e+05 2.2012e-05 2.5000e+00
1.6275e+01 1.0000e+05 3.0069e-10 1.0000e+00 1.0000e+05 3.0069e-05 2.5000e+00
1.6667e+01 1.0000e+05 4.0929e-10 1.0000e+00 1.0000e+05 4.0929e-05 2.5000e+00
1.7059e+01 1.0000e+05 5.5510e-10 1.0000e+00 1.0000e+05 5.5510e-05 2.5000e+00
1.7451e+01 1.0000e+05 7.5016e-10 1.0000e+00 1.0000e+05 7.5016e-05 2.5000e+00
1.7843e+01 1.0000e+05 1.0101e-09 1.0000e+00 1.0000e+05 1.0101e-04 2.5000e+00
1.8235e+01 1.0000e+05 1.3553e-09 1.0000e+00 1.0000e+05 1.3553e-04 2.5000e+00
1.8627e+01 1.0000e+05 1.8119e-09 1.0000e+00 1.0000e+05 1.8119e-04 2.5000e+00
1.9020e+01 1.0000e+05 2.4135e-09 1.0000e+00 1.0000e+05 2.4135e-04 2.5000e+00
1.9412e+01 1.0000e+05 3.2035e-09 9.9999e-01 1.0000e+05 3.2035e-04 2.5000e+00
1.9804e+01 1.0000e+05 4.2368e-09 9.9999e-01 1.0000e+05 4.2368e-04 2.5000e+00
2.0196e+01 1.0000e+05 5.5832e-09 9.9999e-01 1.0000e+05 5.5832e-04 2.5000e+00
2.0588e+01 1.0000e+05 7.3312e-09 9.9999e-01 1.0000e+05 7.3312e-04 2.5000e+00
2.0980e+01 1.0000e+05 9.5918e-09 9.9998e-01 1.0000e+05 9.5918e-04 2.5000e+00
2.1373e+01 1.0000e+05 1.2505e-08 9.9998e-01 1.0000e+05 1.2505e-03 2.4999e+00
2.1765e+01 1.0000e+05 1.6244e-08 9.9997e-01 1.0000e+05 1.6244e-03 2.4999e+00
2.2157e+01 1.0000e+05 2.1025e-08 9.9996e-01 1.0000e+05 2.1025e-03 2.4999e+00
2.2549e+01 1.0000e+05 2.7117e-08 9.9995e-01 1.0000e+05 2.7117e-03 2.4999e+00
2.2941e+01 1.0000e+05 3.4849e-08 9.9994e-01 1.0000e+05 3.4849e-03 2.4999e+00
2.3333e+01 1.0000e+05 4.4626e-08 9.9993e-01 1.0000e+05 4.4626e-03 2.4998e+00
2.3725e+01 1.0000e+05 5.6942e-08 9.9991e-01 1.0000e+05 5.6942e-03 2.4998e+00
2.4118e+01 1.0000e+05 7.2398e-08 9.9988e-01 1.0000e+05 7.2398e-03 2.4997e+00
2.4510e+01 9.9999e+04 9.1723e-08 9.9985e-01 9.9999e+04 9.1723e-03 2.4996e+00
2.4902e+01 9.9999e+04 1.1579e-07 9.9982e-01 9.9999e+04 1.1579e-02 2.4995e+00
2.5294e+01 9.9999e+04 1.4566e-07 9.9977e-01 9.9999e+04 1.4566e-02 2.4994e+00
2.5686e+01 9.9999e+04 1.8259e-07 9.9972e-01 9.9999e+04 1.8258e-02 2.4993e+00
2.6078e+01 9.9999e+04 2.2806e-07 9.9965e-01 9.9999e+04 2.2806e-02 2.4991e+00
2.6471e+01 9.9998e+04 2.8386e-07 9.9957e-01 9.9998e+04 2.8386e-02 2.4989e+00
2.6863e+01 9.9998e+04 3.5207e-07 9.9947e-01 9.9998e+04 3.5206e-02 2.4987e+00
2.7255e+01 9.9997e+04 4.3513e-07 9.9936e-01 9.9997e+04 4.3512e-02 2.4984e+00
2.7647e+01 9.9996e+04 5.3591e-07 9.9922e-01 9.9996e+04 5.3589e-02 2.4980e+00
2.8039e+01 9.9995e+04 6.5772e-07 9.9905e-01 9.9995e+04 6.5769e-02 2.4976e+00
2.8431e+01 9.9994e+04 8.0440e-07 9.9886e-01 9.9994e+04 8.0435e-02 2.4971e+00
2.8824e+01 9.9993e+04 9.8037e-07 9.9863e-01 9.9993e+04 9.8030e-02 2.4966e+00
2.9216e+01 9.9992e+04 1.1907e-06 9.9835e-01 9.9992e+04 1.1906e-01 2.4959e+00
2.9608e+01 9.9990e+04 1.4411e-06 9.9803e-01 9.9990e+04 1.4410e-01 2.4951e+00
3.0000e+01 9.9987e+04 1.7383e-06 9.9766e-01 9.9987e+04 1.7381e-01 2.4942e+00
3.0392e+01 9.9985e+04 2.0895e-06 9.9723e-01 9.9985e+04 2.0892e-01 2.4931e+00
3.0784e+01 9.9981e+04 2.5030e-06 9.9672e-01 9.9981e+04 2.5026e-01 2.4918e+00
3.1176e+01 9.9977e+04 2.9883e-06 9.9614e-01 9.9977e+04 2.9876e-01 2.4904e+00
3.1569e+01 9.9973e+04 3.5555e-06 9.9547e-01 9.9973e+04 3.5545e-01 2.4887e+00
3.1961e+01 9.9967e+04 4.2160e-06 9.9471e-01 9.9967e+04 4.2147e-01 2.4868e+00
3.2353e+01 9.9961e+04 4.9826e-06 9.9384e-01 9.9961e+04 4.9806e-01 2.4846e+00
3.2745e+01 9.9953e+04 5.8688e-06 9.9285e-01 9.9953e+04 5.8660e-01 2.4821e+00
3.3137e+01 9.9944e+04 6.8897e-06 9.9173e-01 9.9944e+04 6.8859e-01 2.4793e+00
3.3529e+01 9.9934e+04 8.0615e-06 9.9046e-01 9.9934e+04 8.0561e-01 2.4762e+00
3.3922e+01 9.9922e+04 9.4016e-06 9.8904e-01 9.9922e+04 9.3942e-01 2.4726e+00
3.4314e+01 9.9908e+04 1.0929e-05 9.8745e-01 9.9908e+04 1.0919e+00 2.4686e+00
3.4706e+01 9.9892e+04 1.2663e-05 9.8568e-01 9.9892e+04 1.2649e+00 2.4642e+00
3.5098e+01 9.9874e+04 1.4625e-05 9.8372e-01 9.9874e+04 1.4606e+00 2.4593e+00
3.5490e+01 9.9853e+04 1.6837e-05 9.8155e-01 9.9853e+04 1.6812e+00 2.4539e+00
3.5882e+01 9.9829e+04 1.9322e-05 9.7915e-01 9.9829e+04 1.9289e+00 2.4479e+00
3.6275e+01 9.9801e+04 2.2105e-05 9.7653e-01 9.9801e+04 2.2061e+00 2.4413e+00
3.6667e+01 9.9770e+04 2.5209e-05 9.7366e-01 9.9770e+04 2.5151e+00 2.4342e+00
3.7059e+01 9.9735e+04 2.8661e-05 9.7054e-01 9.9735e+04 2.8585e+00 2.4264e+00
3.7451e+01 9.9695e+04 3.2486e-05 9.6715e-01 9.9695e+04 3.2387e+00 2.4179e+00
3.7843e+01 9.9651e+04 3.6711e-05 9.6348e-01 9.9651e+04 3.6582e+00 2.4088e+00
3.8235e+01 9.9601e+04 4.1360e-05 9.5954e-01 9.9601e+04 4.1195e+00 2.3989e+00
3.8627e+01 9.9545e+04 4.6460e-05 9.5531e-01 9.9545e+04 4.6249e+00 2.3884e+00
3.9020e+01 9.9484e+04 5.2036e-05 9.5079e-01 9.9484e+04 5.1767e+00 2.3771e+00
3.9412e+01 9.9415e+04 5.8112e-05 9.4597e-01 9.9415e+04 5.7772e+00 2.3651e+00
3.9804e+01 9.9339e+04 6.4712e-05 9.4087e-01 9.9339e+04 6.4284e+00 2.3524e+00
4.0196e+01 9.9255e+04 7.1858e-05 9.3547e-01 9.9255e+04 7.1323e+00 2.3389e+00
4.0588e+01 9.9164e+04 7.9570e-05 9.2979e-01 9.9164e+04 7.8904e+00 2.3248e+00
4.0980e+01 9.9063e+04 8.7867e-05 9.2383e-01 9.9063e+04 8.7043e+00 2.3100e+00
4.1373e+01 9.8953e+04 9.6764e-05 9.1760e-01 9.8953e+04 9.5751e+00 2.2945e+00
4.1765e+01 9.8833e+04 1.0628e-04 9.1111e-01 9.8833e+04 1.0504e+01 2.2783e+00
4.2157e+01 9.8703e+04 1.1642e-04 9.0438e-01 9.8703e+04 1.1491e+01 2.2616e+00
4.2549e+01 9.8562e+04 1.2719e-04 8.9742e-01 9.8562e+04 1.2536e+01 2.2443e+00
4.2941e+01 9.8410e+04 1.3861e-04 8.9025e-01 9.8410e+04 1.3641e+01 2.2266e+00
4.3333e+01 9.8246e+04 1.5062e-04 8.8288e-01 9.8246e+04 1.4798e+01 2.2083e+00
4.3725e+01 9.8073e+04 1.6345e-04 8.7539e-01 9.8073e+04 1.6030e+01 2.1898e+00
4.4118e+01 9.7874e+04 1.7635e-04 8.6758e-01 9.7874e+04 1.7260e+01 2.1705e+00
4.4510e+01 9.7707e+04 1.9152e-04 8.6020e-01 9.7707e+04 1.8712e+01 2.1523e+00
4.4902e+01 9.7403e+04 2.0284e-04 8.5120e-01 9.7403e+04 1.9757e+01 2.1300e+00
4.5294e+01 9.7395e+04 2.2582e-04 8.4592e-01 9.7395e+04 2.1994e+01 2.1173e+00
4.5686e+01 9.6679e+04 2.2448e-04 8.3215e-01 9.6679e+04 2.1702e+01 2.0828e+00
4.6078e+01 9.7341e+04 2.7333e-04 8.3511e-01 9.7341e+04 2.6606e+01 2.0914e+00
4.6471e+01 9.5552e+04 2.3565e-04 8.0895e-01 9.5552e+04 2.2516e+01 2.0250e+00
4.6863e+01 9.7397e+04 3.2817e-04 8.2600e-01 9.7397e+04 3.1963e+01 2.0702e+00
4.7255e+01 9.4726e+04 2.6208e-04 7.9047e-01 9.4726e+04 2.4826e+01 1.9794e+00
4.7647e+01 9.6370e+04 3.4877e-04 8.0501e-01 9.6370e+04 3.3611e+01 2.0184e+00
4.8039e+01 9.5063e+04 3.3459e-04 7.8666e-01 9.5063e+04 3.1807e+01 1.9720e+00
4.8431e+01 9.4834e+04 3.5792e-04 7.8049e-01 9.4834e+04 3.3943e+01 1.9573e+00
4.8824e+01 9.5282e+04 3.7195e-04 7.7135e-01 9.5282e+04 3.5440e+01 1.9350e+00
4.9216e+01 8.7727e+04 4.1391e-04 7.7138e-01 8.7727e+04 3.6311e+01 1.9360e+00
4.9608e+01 1.2417e+05 4.1387e-04 7.5667e-01 1.2417e+05 5.1388e+01 1.9023e+00
5.0000e+01 4.6272e+04 4.2914e-04 7.5202e-01 4.6272e+04 1.9857e+01 1.8843e+00
5.0392e+01 1.5909e+04 4.5343e-04 7.5045e-01 1.5909e+04 7.2136e+00 1.8778e+00
5.0784e+01 9.4398e+03 4.7656e-04 7.4540e-01 9.4398e+03 4.4986e+00 1.8646e+00
5.1176e+01 9.0121e+03 6.1035e-04 7.4762e-01 9.0121e+03 5.5005e+00 1.8707e+00
5.1569e+01 9.4508e+03 7.5270e-04 7.5152e-01 9.4508e+03 7.1136e+00 1.8815e+00
5.1961e+01 1.0069e+04 7.9877e-04 7.4748e-01 1.0069e+04 8.0427e+00 1.8719e+00
5.2353e+01 1.0457e+04 8.1591e-04 7.4212e-01 1.0457e+04 8.5320e+00 1.8588e+00
5.2745e+01 1.0899e+04 9.0038e-04 7.4490e-01 1.0899e+04 9.8134e+00 1.8667e+00
5.3137e+01 1.1211e+04 1.0019e-03 7.5065e-01 1.1211e+04 1.1233e+01 1.8823e+00
5.3529e+01 1.1450e+04 1.0456e-03 7.5090e-01 1.1450e+04 1.1973e+01 1.8835e+00
5.3922e+01 1.1549e+04 1.0339e-03 7.4574e-01 1.1549e+04 1.1940e+01 1.8705e+00
5.4314e+01 1.1655e+04 1.0301e-03 7.4153e-01 1.1655e+04 1.2006e+01 1.8600e+00
5.4706e+01 1.1784e+04 1.0735e-03 7.4298e-01 1.1784e+04 1.2650e+01 1.8642e+00
5.5098e+01 1.1952e+04 1.1494e-03 7.4841e-01 1.1952e+04 1.3738e+01 1.8789e+00
5.5490e+01 1.2089e+04 1.2151e-03 7.5307e-01 1.2089e+04 1.4690e+01 1.8916e+00
5.5882e+01 1.2177e+04 1.2440e-03 7.5384e-01 1.2177e+04 1.5148e+01 1.8940e+00
5.6275e+01 1.2209e+04 1.2387e-03 7.5093e-01 1.2209e+04 1.5124e+01 1.8867e+00
5.6667e+01 1.2230e+04 1.2242e-03 7.4632e-01 1.2230e+04 1.4972e+01 1.8750e+00
5.7059e+01 1.2279e+04 1.2350e-03 7.4486e-01 1.2279e+04 1.5165e+01 1.8715e+00
5.7451e+01 1.2384e+04 1.2914e-03 7.4886e-01 1.2384e+04 1.5993e+01 1.8825e+00
5.7843e+01 1.2529e+04 1.3811e-03 7.5698e-01 1.2529e+04 1.7303e+01 1.9044e+00
5.8235e+01 1.2682e+04 1.4785e-03 7.6629e-01 1.2682e+04 1.8750e+01 1.9296e+00
5.8627e+01 1.2814e+04 1.5616e-03 7.7421e-01 1.2814e+04 2.0010e+01 1.9511e+00
5.9020e+01 1.2910e+04 1.6198e-03 7.7937e-01 1.2910e+04 2.0911e+01 1.9654e+00
5.9412e+01 1.2969e+04 1.6531e-03 7.8169e-01 1.2969e+04 2.1439e+01 1.9720e+00
5.9804e+01 1.3001e+04 1.6679e-03 7.8189e-01 1.3001e+04 2.1685e+01 1.9728e+00
6.0196e+01 1.3017e+04 1.6719e-03 7.8085e-01 1.3017e+04 2.1763e+01 1.9703e+00
6.0588e+01 1.3025e+04 1.6712e-03 7.7929e-01 1.3025e+04 2.1767e+01 1.9664e+00
6.0980e+01 1.3030e+04 1.6688e-03 7.7756e-01 1.3030e+04 2.1744e+01 1.9620e+00
6.1373e+01 1.3034e+04 1.6657e-03 7.7574e-01 1.3034e+04 2.1712e+01 1.9574e+00
6.1765e+01 1.3038e+04 1.6623e-03 7.7385e-01 1.3038e+04 2.1673e+01 1.9526e+00
6.2157e+01 1.3041e+04 1.6586e-03 7.7190e-01 1.3041e+04 2.1630e+01 1.9477e+00
6.2549e+01 1.3044e+04 1.6545e-03 7.6987e-01 1.3044e+04 2.1581e+01 1.9425e+00
6.2941e+01 1.3047e+04 1.6501e-03 7.6779e-01 1.3047e+04 2.1528e+01 1.9372e+00
6.3333e+01 1.3049e+04 1.6453e-03 7.6563e-01 1.3049e+04 2.1469e+01 1.9317e+00
6.3725e+01 1.3050e+04 1.6403e-03 7.6341e-01 1.3050e+04 2.1407e+01 1.9261e+00
6.4118e+01 1.3052e+04 1.6350e-03 7.6112e-01 1.3052e+04 2.1340e+01 1.9202e+00
6.4510e+01 1.3053e+04 1.6294e-03 7.5876e-01 1.3053e+04 2.1268e+01 1.9142e+00
6.4902e+01 1.3054e+04 1.6234e-03 7.5632e-01 1.3054e+04 2.1193e+01 1.9080e+00
6.5294e+01 1.3055e+04 1.6172e-03 7.5382e-01 1.3055e+04 2.1112e+01 1.9016e+00
6.5686e+01 1.3055e+04 1.6107e-03 7.5123e-01 1.3055e+04 2.1028e+01 1.8950e+00
6.6078e+01 1.3055e+04 1.6039e-03 7.4857e-01 1.3055e+04 2.0939e+01 1.8882e+00
6.6471e+01 1.3055e+04 1.5968e-03 7.4583e-01 1.3055e+04 2.0846e+01 1.8812e+00
6.6863e+01 1.3054e+04 1.5894e-03 7.4300e-01 1.3054e+04 2.0749e+01 1.8740e+00
6.7255e+01 1.3054e+04 1.5817e-03 7.4009e-01 1.3054e+04 2.0647e+01 1.8666e+00
6.7647e+01 1.3053e+04 1.5737e-03 7.3710e-01 1.3053e+04 2.0541e+01 1.8589e+00
6.8039e+01 1.3052e+04 1.5654e-03 7.3401e-01 1.3052e+04 2.0431e+01 1.8510e+00
6.8431e+01 1.3050e+04 1.5568e-03 7.3083e-01 1.3050e+04 2.0317e+01 1.8429e+00
6.8824e+01 1.3049e+04 1.5479e-03 7.2756e-01 1.3049e+04 2.0198e+01 1.8345e+00
6.9216e+01 1.3047e+04 1.5387e-03 7.2419e-01 1.3047e+04 2.0074e+01 1.8259e+00
6.9608e+01 1.3045e+04 1.5291e-03 7.2072e-01 1.3045e+04 1.9947e+01 1.8170e+00
7.0000e+01 1.3042e+04 1.5193e-03 7.1715e-01 1.3042e+04 1.9815e+01 1.8079e+00
7.0392e+01 1.3040e+04 1.5091e-03 7.1347e-01 1.3040e+04 1.9678e+01 1.7985e+00
7.0784e+01 1.3037e+04 1.4986e-03 7.0969e-01 1.3037e+04 1.9538e+01 1.7889e+00
7.1176e+01 1.3034e+04 1.4878e-03 7.0579e-01 1.3034e+04 1.9392e+01 1.7789e+00
7.1569e+01 1.3031e+04 1.4767e-03 7.0179e-01 1.3031e+04 1.9243e+01 1.7687e+00
7.1961e+01 1.3028e+04 1.4652e-03 6.9766e-01 1.3028e+04 1.9088e+01 1.7581e+00
7.2353e+01 1.3024e+04 1.4534e-03 6.9342e-01 1.3024e+04 1.8930e+01 1.7473e+00
7.2745e+01 1.3021e+04 1.4413e-03 6.8906e-01 1.3021e+04 1.8766e+01 1.7362e+00
7.3137e+01 1.3017e+04 1.4288e-03 6.8458e-01 1.3017e+04 1.8599e+01 1.7247e+00
7.3529e+01 1.3013e+04 1.4160e-03 6.7997e-01 1.3013e+04 1.8426e+01 1.7130e+00
7.3922e+01 1.3008e+04 1.4029e-03 6.7523e-01 1.3008e+04 1.8249e+01 1.7009e+00
7.4314e+01 1.3004e+04 1.3894e-03 6.7036e-01 1.3004e+04 1.8068e+01 1.6884e+00
7.4706e+01 1.2999e+04 1.3756e-03 6.6535e-01 1.2999e+04 1.7881e+01 1.6757e+00
7.5098e+01 1.2994e+04 1.3614e-03 6.6021e-01 1.2994e+04 1.7690e+01 1.6626e+00
7.5490e+01 1.2989e+04 1.3469e-03 6.5492e-01 1.2989e+04 1.7495e+01 1.6491e+00
7.5882e+01 1.2984e+04 1.3320e-03 6.4950e-01 1.2984e+04 1.7294e+01 1.6353e+00
7.6275e+01 1.2979e+04 1.3167e-03 6.4392e-01 1.2979e+04 1.7089e+01 1.6211e+00
7.6667e+01 1.2973e+04 1.3011e-03 6.3820e-01 1.2973e+04 1.6879e+01 1.6065e+00
7.7059e+01 1.2967e+04 1.2851e-03 6.3233e-01 1.2967e+04 1.6665e+01 1.5915e+00
7.7451e+01 1.2961e+04 1.2688e-03 6.2630e-01 1.2961e+04 1.6446e+01 1.5762e+00
7.7843e+01 1.2955e+04 1.2521e-03 6.2012e-01 1.2955e+04 1.6221e+01 1.5605e+00
7.8235e+01 1.2949e+04 1.2350e-03 6.1378e-01 1.2949e+04 1.5992e+01 1.5443e+00
7.8627e+01 1.2943e+04 1.2176e-03 6.0727e-01 1.2943e+04 1.5759e+01 1.5278e+00
7.9020e+01 1.2936e+04 1.1997e-03 6.0060e-01 1.2936e+04 1.5520e+01 1.5108e+00
7.9412e+01 1.2929e+04 1.1815e-03 5.9376e-01 1.2929e+04 1.5276e+01 1.4934e+00
7.9804e+01 1.2922e+04 1.1629e-03 5.8675e-01 1.2922e+04 1.5028e+01 1.4756e+00
8.0196e+01 1.2915e+04 1.1439e-03 5.7956e-01 1.2915e+04 1.4774e+01 1.4574e+00
8.0588e+01 1.2908e+04 1.1246e-03 5.7220e-01 1.2908e+04 1.4516e+01 1.4387e+00
8.0980e+01 1.2901e+04 1.1048e-03 5.6466e-01 1.2901e+04 1.4253e+01 1.4195e+00
8.1373e+01 1.2893e+04 1.0846e-03 5.5693e-01 1.2893e+04 1.3984e+01 1.3999e+00
8.1765e+01 1.2885e+04 1.0641e-03 5.4902e-01 1.2885e+04 1.3711e+01 1.3798e+00
8.2157e+01 1.2878e+04 1.0431e-03 5.4092e-01 1.2878e+04 1.3433e+01 1.3593e+00
8.2549e+01 1.2869e+04 1.0217e-03 5.3262e-01 1.2869e+04 1.3149e+01 1.3383e+00
8.2941e+01 1.2861e+04 9.9995e-04 5.2413e-01 1.2861e+04 1.2861e+01 1.3168e+00
8.3333e+01 1.2853e+04 9.7775e-04 5.1545e-01 1.2853e+04 1.2567e+01 1.2948e+00
8.3725e+01 1.2844e+04 9.5514e-04 5.0655e-01 1.2844e+04 1.2268e+01 1.2722e+00
8.4118e+01 1.2836e+04 9.3210e-04 4.9745e-01 1.2836e+04 1.1964e+01 1.2492e+00
8.4510e+01 1.2827e+04 9.0864e-04 4.8814e-01 1.2827e+04 1.1655e+01 1.2257e+00
8.4902e+01 1.2818e+04 8.8474e-04 4.7862e-01 1.2818e+04 1.1341e+01 1.2016e+00
8.5294e+01 1.2809e+04 8.6041e-04 4.6888e-01 1.2809e+04 1.1021e+01 1.1769e+00
8.5686e+01 1.2800e+04 8.3564e-04 4.5892e-01 1.2800e+04 1.0696e+01 1.1518e+00
8.6078e+01 1.2790e+04 8.1043e-04 4.4873e-01 1.2790e+04 1.0366e+01 1.1260e+00
8.6471e+01 1.2781e+04 7.8476e-04 4.3831e-01 1.2781e+04 1.0030e+01 1.0997e+00
8.6863e+01 1.2771e+04 7.5864e-04 4.2766e-01 1.2771e+04 9.6885e+00 1.0728e+00
8.7255e+01 1.2761e+04 7.3205e-04 4.1676e-01 1.2761e+04 9.3417e+00 1.0453e+00
8.7647e+01 1.2751e+04 7.0500e-04 4.0563e-01 1.2751e+04 8.9894e+00 1.0172e+00
8.8039e+01 1.2741e+04 6.7747e-04 3.9424e-01 1.2741e+04 8.6315e+00 9.8852e-01
8.8431e+01 1.2731e+04 6.4946e-04 3.8260e-01 1.2731e+04 8.2680e+00 9.5918e-01
8.8824e+01 1.2720e+04 6.2097e-04 3.7070e-01 1.2720e+04 7.8987e+00 9.2920e-01
8.9216e+01 1.2709e+04 5.9198e-04 3.5853e-01 1.2709e+04 7.5237e+00 8.9856e-01
8.9608e+01 1.2699e+04 5.6249e-04 3.4610e-01 1.2699e+04 7.1428e+00 8.6725e-01
9.0000e+01 1.2688e+04 5.3249e-04 3.3339e-01 1.2688e+04 6.7560e+00 8.3526e-01
9.0392e+01 1.2677e+04 5.0197e-04 3.2039e-01 1.2677e+04 6.3633e+00 8.0258e-01
9.0784e+01 1.2665e+04 4.7093e-04 3.0711e-01 1.2665e+04 5.9646e+00 7.6918e-01
9.1176e+01 1.2654e+04 4.3936e-04 2.9353e-01 1.2654e+04 5.5597e+00 7.3506e-01
9.1569e+01 1.2642e+04 4.0725e-04 2.7966e-01 1.2642e+04 5.1487e+00 7.0019e-01
9.1961e+01 1.2631e+04 3.7459e-04 2.6547e-01 1.2631e+04 4.7314e+00 6.6456e-01
9.2353e+01 1.2619e+04 3.4138e-04 2.5097e-01 1.2619e+04 4.3079e+00 6.2817e-01
9.2745e+01 1.2607e+04 3.0760e-04 2.3615e-01 1.2607e+04 3.8779e+00 5.9098e-01
9.3137e+01 1.2595e+04 2.7327e-04 2.2101e-01 1.2595e+04 3.4418e+00 5.5300e-01
9.3529e+01 1.2583e+04 2.3842e-04 2.0556e-01 1.2583e+04 2.9999e+00 5.1427e-01
9.3922e+01 1.2570e+04 2.0315e-04 1.8985e-01 1.2570e+04 2.5537e+00 4.7489e-01
9.4314e+01 1.2558e+04 1.6776e-04 1.7400e-01 1.2558e+04 2.1067e+00 4.3518e-01
9.4706e+01 1.2546e+04 1.3287e-04 1.5831e-01 1.2546e+04 1.6669e+00 3.9588e-01
9.5098e+01 1.2534e+04 9.9633e-05 1.4334e-01 1.2534e+04 1.2488e+00 3.5840e-01
9.5490e+01 1.2524e+04 6.9771e-05 1.2993e-01 1.2524e+04 8.7383e-01 3.2485e-01
9.5882e+01 1.2516e+04 4.5117e-05 1.1899e-01 1.2516e+04 5.6467e-01 2.9749e-01
9.6275e+01 1.2509e+04 2.6820e-05 1.1105e-01 1.2509e+04 3.3551e-01 2.7762e-01
9.6667e+01 1.2505e+04 1.4735e-05 1.0594e-01 1.2505e+04 1.8427e-01 2.6486e-01
9.7059e+01 1.2503e+04 7.5902e-06 1.0301e-01 1.2503e+04 9.4898e-02 2.5753e-01
9.7451e+01 1.2501e+04 3.7341e-06 1.0147e-01 1.2501e+04 4.6682e-02 2.5367e-01
9.7843e+01 1.2501e+04 1.7847e-06 1.0070e-01 1.2501e+04 2.2310e-02 2.5174e-01
9.8235e+01 1.2500e+04 8.3906e-07 1.0033e-01 1.2500e+04 1.0488e-02 2.5082e-01
9.8627e+01 1.2500e+04 3.9122e-07 1.0015e-01 1.2500e+04 4.8903e-03 2.5038e-01
9.9020e+01 1.2500e+04 1.8224e-07 1.0007e-01 1.2500e+04 2.2780e-03 2.5017e-01
9.9412e+01 1.2500e+04 8.6109e-08 1.0003e-01 1.2500e+04 1.0764e-03 2.5008e-01
9.9804e+01 1.2500e+04 4.5528e-08 1.0001e-01 1.2500e+04 5.6910e-04 2.5003e-01
