# # x Density Velocity Pressure q0 q1 q2
1.9608e-01 1.0000e+05 1.0186e-16 1.0000e+00 1.0000e+05 1.0186e-11 2.5000e+00
5.8824e-01 1.0000e+05 1.3310e-16 1.0000e+00 1.0000e+05 1.3310e-11 2.5000e+00
9.8039e-01 1.0000e+05 1.7365e-16 1.0000e+00 1.0000e+05 1.7365e-11 2.5000e+00
1.3725e+00 1.0000e+05 2.4222e-16 1.0000e+00 1.0000e+05 2.4222e-11 2.5000e+00
1.7647e+00 1.0000e+05 3.5311e-16 1.0000e+00 1.0000e+05 3.5311e-11 2.5000e+00
2.1569e+00 1.0000e+05 5.2753e-16 1.0000e+00 1.0000e+05 5.2753e-11 2.5000e+00
2.5490e+00 1.0000e+05 7.9712e-16 1.0000e+00 1.0000e+05 7.9712e-11 2.5000e+00
2.9412e+00 1.0000e+05 1.2100e-15 1.0000e+00 1.0000e+05 1.2100e-10 2.5000e+00
3.3333e+00 1.0000e+05 1.8396e-15 1.0000e+00 1.0000e+05 1.8396e-10 2.5000e+00
3.7255e+00 1.0000e+05 2.7960e-15 1.0000e+00 1.0000e+05 2.7960e-10 2.5000e+00
4.1176e+00 1.0000e+05 4.2416e-15 1.0000e+00 1.0000e+05 4.2416e-10 2.5000e+00
4.5098e+00 1.0000e+05 6.4193e-15 1.0000e+00 1.0000e+05 6.4193e-10 2.5000e+00
4.9020e+00 1.0000e+05 9.6882e-15 1.0000e+00 1.0000e+05 9.6882e-10 2.5000e+00
5.2941e+00 1.0000e+05 1.4577e-14 1.0000e+00 1.0000e+05 1.4577e-09 2.5000e+00
5.6863e+00 1.0000e+05 2.1863e-14 1.0000e+00 1.0000e+05 2.1863e-09 2.5000e+00
6.0784e+00 1.0000e+05 3.2681e-14 1.0000e+00 1.0000e+05 3.2681e-09 2.5000e+00
6.4706e+00 1.0000e+05 4.8685e-14 1.0000e+00 1.0000e+05 4.8685e-09 2.5000e+00
6.8627e+00 1.0000e+05 7.2277e-14 1.0000e+00 1.0000e+05 7.2277e-09 2.5000e+00
7.2549e+00 1.0000e+05 1.0693e-13 1.0000e+00 1.0000e+05 1.0693e-08 2.5000e+00
7.6471e+00 1.0000e+05 1.5764e-13 1.0000e+00 1.0000e+05 1.5764e-08 2.5000e+00
8.0392e+00 1.0000e+05 2.3159e-13 1.0000e+00 1.0000e+05 2.3159e-08 2.5000e+00
8.4314e+00 1.0000e+05 3.3903e-13 1.0000e+00 1.0000e+05 3.3903e-08 2.5000e+00
8.8235e+00 1.0000e+05 4.9458e-13 1.0000e+00 1.0000e+05 4.9458e-08 2.5000e+00
9.2157e+00 1.0000e+05 7.1893e-13 1.0000e+00 1.0000e+05 7.1893e-08 2.5000e+00
9.6078e+00 1.0000e+05 1.0414e-12 1.0000e+00 1.0000e+05 1.0414e-07 2.5000e+00
1.0000e+01 1.0000e+05 1.5031e-12 1.0000e+00 1.0000e+05 1.5031e-07 2.5000e+00
1.0392e+01 1.0000e+05 2.1619e-12 1.0000e+00 1.0000e+05 2.1619e-07 2.5000e+00
1.0784e+01 1.0000e+05 3.0983e-12 1.0000e+00 1.0000e+05 3.0983e-07 2.5000e+00
1.1176e+01 1.0000e+05 4.4247e-12 1.0000e+00 1.0000e+05 4.4247e-07 2.5000e+00
1.1569e+01 1.0000e+05 6.2964e-12 1.0000e+00 1.0000e+05 6.2964e-07 2.5000e+00
1.1961e+01 1.0000e+05 8.9282e-12 1.0000e+00 1.0000e+05 8.9282e-07 2.5000e+00
1.2353e+01 1.0000e+05 1.2615e-11 1.0000e+00 1.0000e+05 1.2615e-06 2.5000e+00
1.2745e+01 1.0000e+05 1.7761e-11 1.0000e+00 1.0000e+05 1.7761e-06 2.5000e+00
1.3137e+01 1.0000e+05 2.4916e-11 1.0000e+00 1.0000e+05 2.4916e-06 2.5000e+00
1.3529e+01 1.0000e+05 3.4831e-11 1.0000e+00 1.0000e+05 3.4831e-06 2.5000e+00
1.3922e+01 1.0000e+05 4.8516e-11 1.0000e+00 1.0000e+05 4.8516e-06 2.5000e+00
1.4314e+01 1.0000e+05 6.7339e-11 1.0000e+00 1.0000e+05 6.7339e-06 2.5000e+00
1.4706e+01 1.0000e+05 9.3130e-11 1.0000e+00 1.0000e+05 9.3130e-06 2.5000e+00
1.5098e+01 1.0000e+05 1.2834e-10 1.0000e+00 1.0000e+05 1.2834e-05 2.5000e+00
1.5490e+01 1.0000e+05 1.7623e-10 1.0000e+00 1.0000e+05 1.7623e-05 2.5000e+00
1.5882e+01 1.0000e+05 2.4114e-10 1.0000e+00 1.0000e+05 2.4114e-05 2.5000e+00
1.6275e+01 1.0000e+05 3.2876e-10 1.0000e+00 1.0000e+05 3.2876e-05 2.5000e+00
1.6667e+01 1.0000e+05 4.4663e-10 1.0000e+00 1.0000e+05 4.4663e-05 2.5000e+00
1.7059e+01 1.0000e+05 6.0459e-10 1.0000e+00 1.0000e+05 6.0459e-05 2.5000e+00
1.7451e+01 1.0000e+05 8.1549e-10 1.0000e+00 1.0000e+05 8.1549e-05 2.5000e+00
1.7843e+01 1.0000e+05 1.0960e-09 1.0000e+00 1.0000e+05 1.0960e-04 2.5000e+00
1.8235e+01 1.0000e+05 1.4678e-09 1.0000e+00 1.0000e+05 1.4678e-04 2.5000e+00
1.8627e+01 1.0000e+05 1.9587e-09 1.0000e+00 1.0000e+05 1.9587e-04 2.5000e+00
1.9020e+01 1.0000e+05 2.6045e-09 1.0000e+00 1.0000e+05 2.6045e-04 2.5000e+00
1.9412e+01 1.0000e+05 3.4508e-09 9.9999e-01 1.0000e+05 3.4508e-04 2.5000e+00
1.9804e+01 1.0000e+05 4.5557e-09 9.9999e-01 1.0000e+05 4.5557e-04 2.5000e+00
2.0196e+01 1.0000e+05 5.9931e-09 9.9999e-01 1.0000e+05 5.9931e-04 2.5000e+00
2.0588e+01 1.0000e+05 7.8558e-09 9.9999e-01 1.0000e+05 7.8558e-04 2.5000e+00
2.0980e+01 1.0000e+05 1.0261e-08 9.9998e-01 1.0000e+05 1.0261e-03 2.5000e+00
2.1373e+01 1.0000e+05 1.3354e-08 9.9998e-01 1.0000e+05 1.3354e-03 2.4999e+00
2.1765e+01 1.0000e+05 1.7319e-08 9.9997e-01 1.0000e+05 1.7319e-03 2.4999e+00
2.2157e+01 1.0000e+05 2.2380e-08 9.9996e-01 1.0000e+05 2.2380e-03 2.4999e+00
2.2549e+01 1.0000e+05 2.8818e-08 9.9995e-01 1.0000e+05 2.8818e-03 2.4999e+00
2.2941e+01 1.0000e+05 3.6976e-08 9.9994e-01 1.0000e+05 3.6976e-03 2.4998e+00
2.3333e+01 1.0000e+05 4.7275e-08 9.9992e-01 1.0000e+05 4.7275e-03 2.4998e+00
2.3725e+01 1.0000e+05 6.0229e-08 9.9990e-01 1.0000e+05 6.0229e-03 2.4998e+00
2.4118e+01 1.0000e+05 7.6461e-08 9.9988e-01 1.0000e+05 7.6461e-03 2.4997e+00
2.4510e+01 9.9999e+04 9.6725e-08 9.9985e-01 9.9999e+04 9.6724e-03 2.4996e+00
2.4902e+01 9.9999e+04 1.2193e-07 9.9981e-01 9.9999e+04 1.2193e-02 2.4995e+00
2.5294e+01 9.9999e+04 1.5315e-07 9.9976e-01 9.9999e+04 1.5315e-02 2.4994e+00
2.5686e+01 9.9999e+04 1.9170e-07 9.9970e-01 9.9999e+04 1.9170e-02 2.4993e+00
2.6078e+01 9.9998e+04 2.3911e-07 9.9964e-01 9.9998e+04 2.3911e-02 2.4991e+00
2.6471e+01 9.9998e+04 2.9720e-07 9.9955e-01 9.9998e+04 2.9720e-02 2.4989e+00
2.6863e+01 9.9998e+04 3.6811e-07 9.9945e-01 9.9998e+04 3.6810e-02 2.4986e+00
2.7255e+01 9.9997e+04 4.5435e-07 9.9933e-01 9.9997e+04 4.5433e-02 2.4983e+00
2.7647e+01 9.9996e+04 5.5883e-07 9.9919e-01 9.9996e+04 5.5881e-02 2.4980e+00
2.8039e+01 9.9995e+04 6.8496e-07 9.9902e-01 9.9995e+04 6.8493e-02 2.4975e+00
2.8431e+01 9.9994e+04 8.3665e-07 9.9882e-01 9.9994e+04 8.3660e-02 2.4970e+00
2.8824e+01 9.9993e+04 1.0184e-06 9.9858e-01 9.9993e+04 1.0183e-01 2.4964e+00
2.9216e+01 9.9991e+04 1.2354e-06 9.9830e-01 9.9991e+04 1.2352e-01 2.4957e+00
2.9608e+01 9.9989e+04 1.4934e-06 9.9797e-01 9.9989e+04 1.4932e-01 2.4949e+00
3.0000e+01 9.9987e+04 1.7992e-06 9.9759e-01 9.9987e+04 1.7989e-01 2.4940e+00
3.0392e+01 9.9984e+04 2.1602e-06 9.9715e-01 9.9984e+04 2.1598e-01 2.4929e+00
3.0784e+01 9.9981e+04 2.5848e-06 9.9663e-01 9.9981e+04 2.5843e-01 2.4916e+00
3.1176e+01 9.9977e+04 3.0824e-06 9.9604e-01 9.9977e+04 3.0817e-01 2.4901e+00
3.1569e+01 9.9972e+04 3.6635e-06 9.9536e-01 9.9972e+04 3.6624e-01 2.4884e+00
3.1961e+01 9.9966e+04 4.3395e-06 9.9458e-01 9.9966e+04 4.3380e-01 2.4864e+00
3.2353e+01 9.9959e+04 5.1231e-06 9.9369e-01 9.9959e+04 5.1210e-01 2.4842e+00
3.2745e+01 9.9952e+04 6.0281e-06 9.9268e-01 9.9952e+04 6.0252e-01 2.4817e+00
3.3137e+01 9.9943e+04 7.0696e-06 9.9155e-01 9.9943e+04 7.0656e-01 2.4789e+00
3.3529e+01 9.9932e+04 8.2639e-06 9.9026e-01 9.9932e+04 8.2583e-01 2.4757e+00
3.3922e+01 9.9920e+04 9.6285e-06 9.8883e-01 9.9920e+04 9.6207e-01 2.4721e+00
3.4314e+01 9.9906e+04 1.1182e-05 9.8722e-01 9.9906e+04 1.1171e+00 2.4680e+00
3.4706e+01 9.9889e+04 1.2944e-05 9.8543e-01 9.9889e+04 1.2930e+00 2.4636e+00
3.5098e+01 9.9870e+04 1.4937e-05 9.8344e-01 9.9870e+04 1.4918e+00 2.4586e+00
3.5490e+01 9.9849e+04 1.7181e-05 9.8125e-01 9.9849e+04 1.7155e+00 2.4531e+00
3.5882e+01 9.9824e+04 1.9701e-05 9.7883e-01 9.9824e+04 1.9666e+00 2.4471e+00
3.6275e+01 9.9797e+04 2.2520e-05 9.7619e-01 9.9797e+04 2.2474e+00 2.4405e+00
3.6667e+01 9.9765e+04 2.5662e-05 9.7330e-01 9.9765e+04 2.5602e+00 2.4333e+00
3.7059e+01 9.9729e+04 2.9153e-05 9.7015e-01 9.9729e+04 2.9074e+00 2.4254e+00
3.7451e+01 9.9689e+04 3.3019e-05 9.6674e-01 9.9689e+04 3.2916e+00 2.4169e+00
3.7843e+01 9.9644e+04 3.7285e-05 9.6306e-01 9.9644e+04 3.7152e+00 2.4077e+00
3.8235e+01 9.9594e+04 4.1977e-05 9.5909e-01 9.9594e+04 4.1807e+00 2.3978e+00
3.8627e+01 9.9537e+04 4.7121e-05 9.5484e-01 9.9537e+04 4.6903e+00 2.3872e+00
3.9020e+01 9.9475e+04 5.2741e-05 9.5031e-01 9.9475e+04 5.2464e+00 2.3759e+00
3.9412e+01 9.9405e+04 5.8861e-05 9.4548e-01 9.9405e+04 5.8511e+00 2.3639e+00
3.9804e+01 9.9329e+04 6.5505e-05 9.4036e-01 9.9329e+04 6.5066e+00 2.3511e+00
4.0196e+01 9.9244e+04 7.2695e-05 9.3495e-01 9.9244e+04 7.2145e+00 2.3376e+00
4.0588e+01 9.9151e+04 8.0449e-05 9.2926e-01 9.9151e+04 7.9767e+00 2.3235e+00
4.0980e+01 9.9050e+04 8.8787e-05 9.2330e-01 9.9050e+04 8.7944e+00 2.3086e+00
4.1373e+01 9.8939e+04 9.7725e-05 9.1707e-01 9.8939e+04 9.6688e+00 2.2931e+00
4.1765e+01 9.8818e+04 1.0728e-04 9.1058e-01 9.8818e+04 1.0601e+01 2.2770e+00
4.2157e+01 9.8687e+04 1.1745e-04 9.0385e-01 9.8687e+04 1.1591e+01 2.2603e+00
4.2549e+01 9.8546e+04 1.2825e-04 8.9689e-01 9.8546e+04 1.2639e+01 2.2430e+00
4.2941e+01 9.8393e+04 1.3971e-04 8.8973e-01 9.8393e+04 1.3746e+01 2.2253e+00
4.3333e+01 9.8227e+04 1.5174e-04 8.8237e-01 9.8227e+04 1.4905e+01 2.2071e+00
4.3725e+01 9.8055e+04 1.6460e-04 8.7490e-01 9.8055e+04 1.6140e+01 2.1886e+00
4.4118e+01 9.7853e+04 1.7749e-04 8.6709e-01 9.7853e+04 1.7368e+01 2.1693e+00
4.4510e+01 9.7688e+04 1.9275e-04 8.5976e-01 9.7688e+04 1.8830e+01 2.1512e+00
4.4902e+01 9.7378e+04 2.0389e-04 8.5072e-01 9.7378e+04 1.9855e+01 2.1288e+00
4.5294e+01 9.7380e+04 2.2728e-04 8.4559e-01 9.7380e+04 2.2133e+01 2.1165e+00
4.5686e+01 9.6643e+04 2.2522e-04 8.3160e-01 9.6643e+04 2.1766e+01 2.0815e+00
4.6078e+01 9.7334e+04 2.7514e-04 8.3494e-01 9.7334e+04 2.6780e+01 2.0910e+00
4.6471e+01 9.5511e+04 2.3622e-04 8.0840e-01 9.5511e+04 2.2562e+01 2.0237e+00
4.6863e+01 9.7379e+04 3.2957e-04 8.2574e-01 9.7379e+04 3.2093e+01 2.0696e+00
4.7255e+01 9.4714e+04 2.6373e-04 7.9033e-01 9.4714e+04 2.4979e+01 1.9791e+00
4.7647e+01 9.6316e+04 3.4893e-04 8.0441e-01 9.6316e+04 3.3608e+01 2.0169e+00
4.8039e+01 9.5060e+04 3.3652e-04 7.8666e-01 9.5060e+04 3.1989e+01 1.9720e+00
4.8431e+01 9.4807e+04 3.5907e-04 7.8027e-01 9.4807e+04 3.4042e+01 1.9568e+00
4.8824e+01 9.5264e+04 3.7253e-04 7.7097e-01 9.5264e+04 3.5488e+01 1.9340e+00
4.9216e+01 8.7605e+04 4.1502e-04 7.7118e-01 8.7605e+04 3.6358e+01 1.9355e+00
4.9608e+01 1.2429e+05 4.1512e-04 7.5654e-01 1.2429e+05 5.1597e+01 1.9021e+00
5.0000e+01 4.6611e+04 4.3013e-04 7.5180e-01 4.6611e+04 2.0049e+01 1.8838e+00
5.0392e+01 1.6027e+04 4.5606e-04 7.5052e-01 1.6027e+04 7.3094e+00 1.8780e+00
5.0784e+01 9.4535e+03 4.7785e-04 7.4537e-01 9.4535e+03 4.5174e+00 1.8645e+00
5.1176e+01 8.9923e+03 6.0404e-04 7.4686e-01 8.9923e+03 5.4317e+00 1.8688e+00
5.1569e+01 9.4309e+03 7.5162e-04 7.5125e-01 9.4309e+03 7.0884e+00 1.8808e+00
5.1961e+01 1.0058e+04 8.0576e-04 7.4802e-01 1.0058e+04 8.1043e+00 1.8733e+00
5.2353e+01 1.0444e+04 8.1786e-04 7.4213e-01 1.0444e+04 8.5417e+00 1.8588e+00
5.2745e+01 1.0879e+04 8.9352e-04 7.4399e-01 1.0879e+04 9.7205e+00 1.8643e+00
5.3137e+01 1.1194e+04 9.9652e-04 7.4990e-01 1.1194e+04 1.1155e+01 1.8803e+00
5.3529e+01 1.1444e+04 1.0483e-03 7.5107e-01 1.1444e+04 1.1997e+01 1.8840e+00
5.3922e+01 1.1548e+04 1.0403e-03 7.4635e-01 1.1548e+04 1.2013e+01 1.8721e+00
5.4314e+01 1.1651e+04 1.0322e-03 7.4163e-01 1.1651e+04 1.2025e+01 1.8603e+00
5.4706e+01 1.1771e+04 1.0685e-03 7.4227e-01 1.1771e+04 1.2577e+01 1.8624e+00
5.5098e+01 1.1937e+04 1.1418e-03 7.4740e-01 1.1937e+04 1.3629e+01 1.8763e+00
5.5490e+01 1.2078e+04 1.2105e-03 7.5239e-01 1.2078e+04 1.4621e+01 1.8898e+00
5.5882e+01 1.2173e+04 1.2448e-03 7.5376e-01 1.2173e+04 1.5153e+01 1.8938e+00
5.6275e+01 1.2211e+04 1.2434e-03 7.5123e-01 1.2211e+04 1.5182e+01 1.8875e+00
5.6667e+01 1.2230e+04 1.2283e-03 7.4670e-01 1.2230e+04 1.5022e+01 1.8760e+00
5.7059e+01 1.2272e+04 1.2333e-03 7.4457e-01 1.2272e+04 1.5135e+01 1.8708e+00
5.7451e+01 1.2368e+04 1.2829e-03 7.4779e-01 1.2368e+04 1.5867e+01 1.8797e+00
5.7843e+01 1.2508e+04 1.3686e-03 7.5544e-01 1.2508e+04 1.7119e+01 1.9003e+00
5.8235e+01 1.2661e+04 1.4660e-03 7.6472e-01 1.2661e+04 1.8561e+01 1.9254e+00
5.8627e+01 1.2797e+04 1.5519e-03 7.7293e-01 1.2797e+04 1.9859e+01 1.9477e+00
5.9020e+01 1.2898e+04 1.6139e-03 7.7854e-01 1.2898e+04 2.0817e+01 1.9632e+00
5.9412e+01 1.2963e+04 1.6508e-03 7.8128e-01 1.2963e+04 2.1399e+01 1.9709e+00
5.9804e+01 1.2998e+04 1.6680e-03 7.8177e-01 1.2998e+04 2.1682e+01 1.9725e+00
6.0196e+01 1.3016e+04 1.6733e-03 7.8089e-01 1.3016e+04 2.1780e+01 1.9704e+00
6.0588e+01 1.3025e+04 1.6731e-03 7.7939e-01 1.3025e+04 2.1792e+01 1.9667e+00
6.0980e+01 1.3031e+04 1.6709e-03 7.7769e-01 1.3031e+04 2.1773e+01 1.9624e+00
6.1373e+01 1.3035e+04 1.6680e-03 7.7589e-01 1.3035e+04 2.1742e+01 1.9579e+00
6.1765e+01 1.3039e+04 1.6646e-03 7.7403e-01 1.3039e+04 2.1705e+01 1.9531e+00
6.2157e+01 1.3042e+04 1.6610e-03 7.7210e-01 1.3042e+04 2.1662e+01 1.9482e+00
6.2549e+01 1.3045e+04 1.6570e-03 7.7010e-01 1.3045e+04 2.1615e+01 1.9432e+00
6.2941e+01 1.3047e+04 1.6526e-03 7.6803e-01 1.3047e+04 2.1563e+01 1.9379e+00
6.3333e+01 1.3050e+04 1.6480e-03 7.6591e-01 1.3050e+04 2.1506e+01 1.9325e+00
6.3725e+01 1.3051e+04 1.6431e-03 7.6371e-01 1.3051e+04 2.1444e+01 1.9269e+00
6.4118e+01 1.3053e+04 1.6378e-03 7.6145e-01 1.3053e+04 2.1379e+01 1.9211e+00
6.4510e+01 1.3054e+04 1.6323e-03 7.5911e-01 1.3054e+04 2.1308e+01 1.9152e+00
6.4902e+01 1.3055e+04 1.6265e-03 7.5671e-01 1.3055e+04 2.1234e+01 1.9090e+00
6.5294e+01 1.3056e+04 1.6203e-03 7.5423e-01 1.3056e+04 2.1155e+01 1.9027e+00
6.5686e+01 1.3056e+04 1.6139e-03 7.5167e-01 1.3056e+04 2.1072e+01 1.8962e+00
6.6078e+01 1.3056e+04 1.6072e-03 7.4905e-01 1.3056e+04 2.0985e+01 1.8895e+00
6.6471e+01 1.3056e+04 1.6002e-03 7.4634e-01 1.3056e+04 2.0893e+01 1.8826e+00
6.6863e+01 1.3056e+04 1.5929e-03 7.4355e-01 1.3056e+04 2.0797e+01 1.8754e+00
6.7255e+01 1.3055e+04 1.5853e-03 7.4067e-01 1.3055e+04 2.0697e+01 1.8681e+00
6.7647e+01 1.3054e+04 1.5774e-03 7.3771e-01 1.3054e+04 2.0593e+01 1.8605e+00
6.8039e+01 1.3053e+04 1.5692e-03 7.3467e-01 1.3053e+04 2.0484e+01 1.8527e+00
6.8431e+01 1.3052e+04 1.5608e-03 7.3153e-01 1.3052e+04 2.0371e+01 1.8447e+00
6.8824e+01 1.3050e+04 1.5520e-03 7.2830e-01 1.3050e+04 2.0254e+01 1.8365e+00
6.9216e+01 1.3049e+04 1.5428e-03 7.2497e-01 1.3049e+04 2.0132e+01 1.8280e+00
6.9608e+01 1.3047e+04 1.5334e-03 7.2155e-01 1.3047e+04 2.0006e+01 1.8192e+00
7.0000e+01 1.3044e+04 1.5237e-03 7.1802e-01 1.3044e+04 1.9876e+01 1.8102e+00
7.0392e+01 1.3042e+04 1.5137e-03 7.1440e-01 1.3042e+04 1.9741e+01 1.8009e+00
7.0784e+01 1.3039e+04 1.5033e-03 7.1066e-01 1.3039e+04 1.9602e+01 1.7914e+00
7.1176e+01 1.3036e+04 1.4926e-03 7.0682e-01 1.3036e+04 1.9459e+01 1.7816e+00
7.1569e+01 1.3033e+04 1.4816e-03 7.0287e-01 1.3033e+04 1.9311e+01 1.7715e+00
7.1961e+01 1.3030e+04 1.4703e-03 6.9880e-01 1.3030e+04 1.9159e+01 1.7611e+00
7.2353e+01 1.3027e+04 1.4587e-03 6.9462e-01 1.3027e+04 1.9002e+01 1.7504e+00
7.2745e+01 1.3023e+04 1.4467e-03 6.9032e-01 1.3023e+04 1.8841e+01 1.7394e+00
7.3137e+01 1.3019e+04 1.4344e-03 6.8590e-01 1.3019e+04 1.8675e+01 1.7281e+00
7.3529e+01 1.3015e+04 1.4218e-03 6.8135e-01 1.3015e+04 1.8504e+01 1.7165e+00
7.3922e+01 1.3011e+04 1.4088e-03 6.7668e-01 1.3011e+04 1.8329e+01 1.7046e+00
7.4314e+01 1.3007e+04 1.3955e-03 6.7187e-01 1.3007e+04 1.8150e+01 1.6923e+00
7.4706e+01 1.3002e+04 1.3818e-03 6.6693e-01 1.3002e+04 1.7966e+01 1.6797e+00
7.5098e+01 1.2997e+04 1.3678e-03 6.6186e-01 1.2997e+04 1.7777e+01 1.6668e+00
7.5490e+01 1.2992e+04 1.3534e-03 6.5665e-01 1.2992e+04 1.7584e+01 1.6535e+00
7.5882e+01 1.2987e+04 1.3387e-03 6.5130e-01 1.2987e+04 1.7386e+01 1.6399e+00
7.6275e+01 1.2982e+04 1.3236e-03 6.4581e-01 1.2982e+04 1.7183e+01 1.6259e+00
7.6667e+01 1.2976e+04 1.3082e-03 6.4017e-01 1.2976e+04 1.6976e+01 1.6115e+00
7.7059e+01 1.2971e+04 1.2924e-03 6.3438e-01 1.2971e+04 1.6763e+01 1.5968e+00
7.7451e+01 1.2965e+04 1.2763e-03 6.2843e-01 1.2965e+04 1.6546e+01 1.5816e+00
7.7843e+01 1.2959e+04 1.2597e-03 6.2234e-01 1.2959e+04 1.6325e+01 1.5661e+00
7.8235e+01 1.2953e+04 1.2429e-03 6.1608e-01 1.2953e+04 1.6098e+01 1.5502e+00
7.8627e+01 1.2946e+04 1.2256e-03 6.0967e-01 1.2946e+04 1.5867e+01 1.5339e+00
7.9020e+01 1.2940e+04 1.2080e-03 6.0309e-01 1.2940e+04 1.5631e+01 1.5172e+00
7.9412e+01 1.2933e+04 1.1900e-03 5.9635e-01 1.2933e+04 1.5390e+01 1.5000e+00
7.9804e+01 1.2926e+04 1.1716e-03 5.8943e-01 1.2926e+04 1.5144e+01 1.4825e+00
8.0196e+01 1.2919e+04 1.1528e-03 5.8235e-01 1.2919e+04 1.4893e+01 1.4645e+00
8.0588e+01 1.2912e+04 1.1336e-03 5.7509e-01 1.2912e+04 1.4638e+01 1.4460e+00
8.0980e+01 1.2905e+04 1.1141e-03 5.6765e-01 1.2905e+04 1.4377e+01 1.4271e+00
8.1373e+01 1.2897e+04 1.0942e-03 5.6004e-01 1.2897e+04 1.4112e+01 1.4078e+00
8.1765e+01 1.2890e+04 1.0738e-03 5.5224e-01 1.2890e+04 1.3841e+01 1.3880e+00
8.2157e+01 1.2882e+04 1.0531e-03 5.4425e-01 1.2882e+04 1.3566e+01 1.3678e+00
8.2549e+01 1.2874e+04 1.0319e-03 5.3607e-01 1.2874e+04 1.3285e+01 1.3470e+00
8.2941e+01 1.2866e+04 1.0104e-03 5.2770e-01 1.2866e+04 1.3000e+01 1.3258e+00
8.3333e+01 1.2857e+04 9.8845e-04 5.1913e-01 1.2857e+04 1.2709e+01 1.3041e+00
8.3725e+01 1.2849e+04 9.6608e-04 5.1036e-01 1.2849e+04 1.2413e+01 1.2819e+00
8.4118e+01 1.2840e+04 9.4329e-04 5.0139e-01 1.2840e+04 1.2112e+01 1.2592e+00
8.4510e+01 1.2832e+04 9.2008e-04 4.9222e-01 1.2832e+04 1.1806e+01 1.2360e+00
8.4902e+01 1.2823e+04 8.9645e-04 4.8283e-01 1.2823e+04 1.1495e+01 1.2122e+00
8.5294e+01 1.2814e+04 8.7238e-04 4.7323e-01 1.2814e+04 1.1179e+01 1.1879e+00
8.5686e+01 1.2805e+04 8.4788e-04 4.6340e-01 1.2805e+04 1.0857e+01 1.1631e+00
8.6078e+01 1.2795e+04 8.2294e-04 4.5336e-01 1.2795e+04 1.0530e+01 1.1377e+00
8.6471e+01 1.2786e+04 7.9756e-04 4.4309e-01 1.2786e+04 1.0197e+01 1.1118e+00
8.6863e+01 1.2776e+04 7.7172e-04 4.3259e-01 1.2776e+04 9.8596e+00 1.0853e+00
8.7255e+01 1.2766e+04 7.4542e-04 4.2185e-01 1.2766e+04 9.5163e+00 1.0582e+00
8.7647e+01 1.2756e+04 7.1867e-04 4.1088e-01 1.2756e+04 9.1676e+00 1.0305e+00
8.8039e+01 1.2746e+04 6.9144e-04 3.9965e-01 1.2746e+04 8.8133e+00 1.0022e+00
8.8431e+01 1.2736e+04 6.6374e-04 3.8818e-01 1.2736e+04 8.4535e+00 9.7326e-01
8.8824e+01 1.2726e+04 6.3556e-04 3.7646e-01 1.2726e+04 8.0880e+00 9.4371e-01
8.9216e+01 1.2715e+04 6.0689e-04 3.6447e-01 1.2715e+04 7.7168e+00 9.1352e-01
8.9608e+01 1.2704e+04 5.7773e-04 3.5222e-01 1.2704e+04 7.3398e+00 8.8267e-01
9.0000e+01 1.2694e+04 5.4807e-04 3.3970e-01 1.2694e+04 6.9570e+00 8.5115e-01
9.0392e+01 1.2683e+04 5.1790e-04 3.2690e-01 1.2683e+04 6.5683e+00 8.1894e-01
9.0784e+01 1.2672e+04 4.8721e-04 3.1381e-01 1.2672e+04 6.1737e+00 7.8604e-01
9.1176e+01 1.2660e+04 4.5600e-04 3.0044e-01 1.2660e+04 5.7730e+00 7.5242e-01
9.1569e+01 1.2649e+04 4.2425e-04 2.8678e-01 1.2649e+04 5.3663e+00 7.1808e-01
9.1961e+01 1.2637e+04 3.9197e-04 2.7281e-01 1.2637e+04 4.9534e+00 6.8299e-01
9.2353e+01 1.2625e+04 3.5914e-04 2.5853e-01 1.2625e+04 4.5342e+00 6.4714e-01
9.2745e+01 1.2614e+04 3.2575e-04 2.4394e-01 1.2614e+04 4.1088e+00 6.1052e-01
9.3137e+01 1.2601e+04 2.9180e-04 2.2903e-01 1.2601e+04 3.6771e+00 5.7311e-01
9.3529e+01 1.2589e+04 2.5731e-04 2.1380e-01 1.2589e+04 3.2394e+00 5.3493e-01
9.3922e+01 1.2577e+04 2.2234e-04 1.9829e-01 1.2577e+04 2.7964e+00 4.9603e-01
9.4314e+01 1.2565e+04 1.8706e-04 1.8255e-01 1.2565e+04 2.3504e+00 4.5660e-01
9.4706e+01 1.2552e+04 1.5188e-04 1.6678e-01 1.2552e+04 1.9064e+00 4.1710e-01
9.5098e+01 1.2541e+04 1.1763e-04 1.5138e-01 1.2541e+04 1.4752e+00 3.7855e-01
9.5490e+01 1.2530e+04 8.5747e-05 1.3705e-01 1.2530e+04 1.0744e+00 3.4266e-01
9.5882e+01 1.2520e+04 5.8056e-05 1.2468e-01 1.2520e+04 7.2687e-01 3.1172e-01
9.6275e+01 1.2513e+04 3.6192e-05 1.1507e-01 1.2513e+04 4.5287e-01 2.8769e-01
9.6667e+01 1.2507e+04 2.0768e-05 1.0846e-01 1.2507e+04 2.5975e-01 2.7116e-01
9.7059e+01 1.2504e+04 1.1076e-05 1.0443e-01 1.2504e+04 1.3849e-01 2.6107e-01
9.7451e+01 1.2502e+04 5.5828e-06 1.0220e-01 1.2502e+04 6.9797e-02 2.5551e-01
9.7843e+01 1.2501e+04 2.7094e-06 1.0106e-01 1.2501e+04 3.3870e-02 2.5265e-01
9.8235e+01 1.2500e+04 1.2854e-06 1.0050e-01 1.2500e+04 1.6068e-02 2.5125e-01
9.8627e+01 1.2500e+04 6.0262e-07 1.0023e-01 1.2500e+04 7.5329e-03 2.5058e-01
9.9020e+01 1.2500e+04 2.8173e-07 1.0011e-01 1.2500e+04 3.5216e-03 2.5027e-01
9.9412e+01 1.2500e+04 1.3348e-07 1.0005e-01 1.2500e+04 1.6685e-03 2.5012e-01
9.9804e+01 1.2500e+04 7.0753e-08 1.0002e-01 1.2500e+04 8.8441e-04 2.5005e-01
